# C+CO2(ji) -> C+CO2(jf) molscat cross sections, CS8_JMAX90 approx. (written on 08/06/2020); 
# E=14240.000000 (1/cm) = 1.76553497088 eV
# ji  jf sigma(ji,jf) (1e-16 cm^2)
  0    0 1.84685e+02
  0    2 2.54920e+01
  0    4 9.22145e+00
  0    6 3.48939e+00
  0    8 2.25992e+00
  0   10 1.57531e+00
  0   12 1.15720e+00
  0   14 1.34176e+00
  0   16 1.11172e+00
  0   18 9.00976e-01
  0   20 1.03550e+00
  0   22 1.08449e+00
  0   24 7.81382e-01
  0   26 7.52095e-01
  0   28 7.14080e-01
  0   30 6.59672e-01
  0   32 6.58297e-01
  0   34 6.24470e-01
  0   36 5.89156e-01
  0   38 5.41103e-01
  0   40 5.78162e-01
  0   42 6.50332e-01
  0   44 5.30441e-01
  0   46 6.58260e-01
  0   48 5.64557e-01
  0   50 5.86697e-01
  0   52 5.86507e-01
  0   54 6.28197e-01
  0   56 6.38518e-01
  0   58 7.27531e-01
  0   60 6.37369e-01
  0   62 7.12733e-01
  0   64 5.68962e-01
  0   66 6.71310e-01
  0   68 3.71818e-01
  0   70 6.02050e-01
  0   72 3.93058e-01
  0   74 6.02592e-01
  0   76 4.74284e-01
  0   78 5.76353e-01
  0   80 3.21749e-01
  0   82 5.48148e-01
  0   84 4.16828e-01
  0   86 6.08633e-01
  0   88 2.27034e-01
  0   90 4.39211e-01
  1    1 1.94871e+02
  1    3 1.94032e+01
  1    5 6.72839e+00
  1    7 2.93543e+00
  1    9 2.00085e+00
  1   11 1.37910e+00
  1   13 1.23882e+00
  1   15 1.25255e+00
  1   17 1.03650e+00
  1   19 9.71375e-01
  1   21 1.04990e+00
  1   23 9.80569e-01
  1   25 7.66869e-01
  1   27 7.53483e-01
  1   29 6.97531e-01
  1   31 6.38192e-01
  1   33 6.28633e-01
  1   35 6.01123e-01
  1   37 6.05840e-01
  1   39 5.63744e-01
  1   41 5.48312e-01
  1   43 6.02879e-01
  1   45 6.20187e-01
  1   47 6.76704e-01
  1   49 5.47083e-01
  1   51 5.79635e-01
  1   53 5.88248e-01
  1   55 6.11369e-01
  1   57 6.72263e-01
  1   59 6.54427e-01
  1   61 6.96960e-01
  1   63 5.73367e-01
  1   65 8.20805e-01
  1   67 4.19433e-01
  1   69 6.49609e-01
  1   71 3.76658e-01
  1   73 5.99068e-01
  1   75 4.21639e-01
  1   77 5.71072e-01
  1   79 3.75801e-01
  1   81 5.60899e-01
  1   83 4.13737e-01
  1   85 6.05489e-01
  1   87 2.73819e-01
  1   89 4.93541e-01
  2    0 5.09924e+00
  2    2 1.94549e+02
  2    4 1.65792e+01
  2    6 5.81133e+00
  2    8 2.65772e+00
  2   10 1.76114e+00
  2   12 1.40710e+00
  2   14 1.23115e+00
  2   16 1.11105e+00
  2   18 1.05928e+00
  2   20 9.37260e-01
  2   22 1.00033e+00
  2   24 8.76641e-01
  2   26 7.48787e-01
  2   28 7.39412e-01
  2   30 6.94201e-01
  2   32 6.47680e-01
  2   34 6.04668e-01
  2   36 5.97170e-01
  2   38 6.05719e-01
  2   40 5.56648e-01
  2   42 6.07823e-01
  2   44 5.73638e-01
  2   46 6.17174e-01
  2   48 6.00560e-01
  2   50 5.99819e-01
  2   52 5.99582e-01
  2   54 6.23679e-01
  2   56 6.31361e-01
  2   58 6.85214e-01
  2   60 6.42842e-01
  2   62 7.35405e-01
  2   64 5.62139e-01
  2   66 6.96774e-01
  2   68 3.99000e-01
  2   70 6.06659e-01
  2   72 3.62943e-01
  2   74 5.97658e-01
  2   76 4.20295e-01
  2   78 5.52512e-01
  2   80 3.45329e-01
  2   82 5.53212e-01
  2   84 4.07959e-01
  2   86 5.85378e-01
  2   88 2.57915e-01
  2   90 4.35944e-01
  3    1 8.31792e+00
  3    3 1.93986e+02
  3    5 1.53488e+01
  3    7 5.30603e+00
  3    9 2.41546e+00
  3   11 1.73689e+00
  3   13 1.34734e+00
  3   15 1.13121e+00
  3   17 1.12427e+00
  3   19 1.05666e+00
  3   21 9.41274e-01
  3   23 9.27632e-01
  3   25 8.41695e-01
  3   27 7.63100e-01
  3   29 7.47495e-01
  3   31 6.74031e-01
  3   33 6.32051e-01
  3   35 6.15056e-01
  3   37 6.08192e-01
  3   39 5.82288e-01
  3   41 5.78116e-01
  3   43 5.81731e-01
  3   45 5.94093e-01
  3   47 6.02646e-01
  3   49 5.88325e-01
  3   51 6.01741e-01
  3   53 6.13211e-01
  3   55 6.15435e-01
  3   57 6.60885e-01
  3   59 6.60483e-01
  3   61 7.17312e-01
  3   63 5.75362e-01
  3   65 7.68340e-01
  3   67 4.74478e-01
  3   69 6.32178e-01
  3   71 4.00942e-01
  3   73 5.87166e-01
  3   75 4.44687e-01
  3   77 5.43607e-01
  3   79 3.91481e-01
  3   81 5.49616e-01
  3   83 4.18373e-01
  3   85 5.90461e-01
  3   87 2.88577e-01
  3   89 4.99015e-01
  4    0 1.02517e+00
  4    2 9.21420e+00
  4    4 1.93694e+02
  4    6 1.46174e+01
  4    8 4.96688e+00
  4   10 2.33278e+00
  4   12 1.67987e+00
  4   14 1.31489e+00
  4   16 1.14057e+00
  4   18 1.10844e+00
  4   20 9.87917e-01
  4   22 9.07080e-01
  4   24 8.87737e-01
  4   26 8.25795e-01
  4   28 7.49891e-01
  4   30 6.86257e-01
  4   32 6.65712e-01
  4   34 6.04198e-01
  4   36 6.15580e-01
  4   38 6.13179e-01
  4   40 5.85573e-01
  4   42 5.85697e-01
  4   44 5.95936e-01
  4   46 6.00018e-01
  4   48 6.03339e-01
  4   50 6.05221e-01
  4   52 5.81727e-01
  4   54 6.35262e-01
  4   56 6.26398e-01
  4   58 6.55641e-01
  4   60 6.47102e-01
  4   62 6.96070e-01
  4   64 5.78020e-01
  4   66 7.22167e-01
  4   68 4.53759e-01
  4   70 5.90026e-01
  4   72 3.88553e-01
  4   74 5.77289e-01
  4   76 4.23757e-01
  4   78 5.24277e-01
  4   80 3.74099e-01
  4   82 5.48519e-01
  4   84 4.16518e-01
  4   86 6.03924e-01
  4   88 2.88593e-01
  4   90 4.46036e-01
  5    1 1.83643e+00
  5    3 9.77223e+00
  5    5 1.93713e+02
  5    7 1.41159e+01
  5    9 4.80371e+00
  5   11 2.23991e+00
  5   13 1.61581e+00
  5   15 1.30242e+00
  5   17 1.13932e+00
  5   19 1.08386e+00
  5   21 9.66707e-01
  5   23 9.03683e-01
  5   25 8.59682e-01
  5   27 7.96387e-01
  5   29 7.65570e-01
  5   31 6.81821e-01
  5   33 6.32341e-01
  5   35 6.27107e-01
  5   37 5.91221e-01
  5   39 6.03263e-01
  5   41 5.94630e-01
  5   43 5.90115e-01
  5   45 5.79909e-01
  5   47 5.99046e-01
  5   49 5.96548e-01
  5   51 6.10580e-01
  5   53 6.16902e-01
  5   55 6.26985e-01
  5   57 6.72112e-01
  5   59 6.40007e-01
  5   61 7.17715e-01
  5   63 6.08002e-01
  5   65 6.91802e-01
  5   67 5.42164e-01
  5   69 6.17595e-01
  5   71 4.50960e-01
  5   73 5.57001e-01
  5   75 4.67957e-01
  5   77 5.24264e-01
  5   79 3.75985e-01
  5   81 5.60243e-01
  5   83 4.30261e-01
  5   85 6.03012e-01
  5   87 3.02017e-01
  5   89 4.80709e-01
  6    0 2.68724e-01
  6    2 2.23733e+00
  6    4 1.01258e+01
  6    6 1.93549e+02
  6    8 1.38507e+01
  6   10 4.66848e+00
  6   12 2.15079e+00
  6   14 1.59197e+00
  6   16 1.30997e+00
  6   18 1.07664e+00
  6   20 1.04611e+00
  6   22 9.52260e-01
  6   24 8.79242e-01
  6   26 8.33831e-01
  6   28 7.85385e-01
  6   30 7.16942e-01
  6   32 6.86567e-01
  6   34 6.35075e-01
  6   36 6.35860e-01
  6   38 6.14751e-01
  6   40 6.08811e-01
  6   42 5.70419e-01
  6   44 5.90065e-01
  6   46 6.07375e-01
  6   48 6.04823e-01
  6   50 6.12065e-01
  6   52 5.99364e-01
  6   54 6.33721e-01
  6   56 6.33446e-01
  6   58 6.28282e-01
  6   60 6.52087e-01
  6   62 6.70576e-01
  6   64 6.11512e-01
  6   66 6.50536e-01
  6   68 5.11363e-01
  6   70 5.84258e-01
  6   72 4.62129e-01
  6   74 5.33291e-01
  6   76 4.43235e-01
  6   78 5.07448e-01
  6   80 3.74783e-01
  6   82 5.23070e-01
  6   84 4.35205e-01
  6   86 5.96911e-01
  6   88 2.88713e-01
  6   90 4.83538e-01
  7    1 5.87956e-01
  7    3 2.47914e+00
  7    5 1.03590e+01
  7    7 1.93678e+02
  7    9 1.36031e+01
  7   11 4.53668e+00
  7   13 2.14191e+00
  7   15 1.58759e+00
  7   17 1.25947e+00
  7   19 1.07348e+00
  7   21 1.06328e+00
  7   23 9.35702e-01
  7   25 8.63503e-01
  7   27 8.08612e-01
  7   29 7.89257e-01
  7   31 7.08664e-01
  7   33 6.51436e-01
  7   35 6.53957e-01
  7   37 6.17969e-01
  7   39 6.17500e-01
  7   41 6.06133e-01
  7   43 5.90683e-01
  7   45 5.79944e-01
  7   47 5.96221e-01
  7   49 6.16884e-01
  7   51 6.46936e-01
  7   53 6.28159e-01
  7   55 6.18411e-01
  7   57 6.34541e-01
  7   59 6.60511e-01
  7   61 6.34641e-01
  7   63 6.45300e-01
  7   65 6.33369e-01
  7   67 6.00259e-01
  7   69 5.62029e-01
  7   71 5.70450e-01
  7   73 5.28173e-01
  7   75 4.89861e-01
  7   77 5.15783e-01
  7   79 3.73797e-01
  7   81 5.54415e-01
  7   83 4.43787e-01
  7   85 6.29260e-01
  7   87 2.87275e-01
  7   89 4.75525e-01
  8    0 1.33199e-01
  8    2 7.83099e-01
  8    4 2.63328e+00
  8    6 1.06005e+01
  8    8 1.93678e+02
  8   10 1.33943e+01
  8   12 4.47000e+00
  8   14 2.10766e+00
  8   16 1.53523e+00
  8   18 1.21861e+00
  8   20 1.04463e+00
  8   22 1.02182e+00
  8   24 9.11098e-01
  8   26 8.32264e-01
  8   28 8.04482e-01
  8   30 7.76570e-01
  8   32 6.99605e-01
  8   34 6.68392e-01
  8   36 6.30175e-01
  8   38 6.23040e-01
  8   40 6.33021e-01
  8   42 5.95930e-01
  8   44 5.80608e-01
  8   46 6.14320e-01
  8   48 6.15828e-01
  8   50 6.18228e-01
  8   52 6.23750e-01
  8   54 6.39196e-01
  8   56 6.15513e-01
  8   58 6.13695e-01
  8   60 6.52876e-01
  8   62 6.19131e-01
  8   64 6.33939e-01
  8   66 5.85614e-01
  8   68 5.78778e-01
  8   70 5.53028e-01
  8   72 5.60292e-01
  8   74 5.04544e-01
  8   76 4.79600e-01
  8   78 4.97108e-01
  8   80 3.82748e-01
  8   82 5.35440e-01
  8   84 4.30500e-01
  8   86 5.98204e-01
  8   88 2.91073e-01
  8   90 4.71054e-01
  9    1 3.16687e-01
  9    3 8.91812e-01
  9    5 2.78568e+00
  9    7 1.07493e+01
  9    9 1.67540e+02
  9   11 1.26428e+01
  9   13 4.15100e+00
  9   15 1.89633e+00
  9   17 1.36656e+00
  9   19 1.07958e+00
  9   21 9.16909e-01
  9   23 8.84559e-01
  9   25 8.02344e-01
  9   27 7.44675e-01
  9   29 7.31151e-01
  9   31 6.87060e-01
  9   33 6.11735e-01
  9   35 6.05436e-01
  9   37 5.91863e-01
  9   39 5.83195e-01
  9   41 5.48050e-01
  9   43 5.68829e-01
  9   45 5.55630e-01
  9   47 5.53283e-01
  9   49 5.69971e-01
  9   51 5.97314e-01
  9   53 5.77676e-01
  9   55 5.87870e-01
  9   57 5.74544e-01
  9   59 6.01865e-01
  9   61 5.60426e-01
  9   63 6.16082e-01
  9   65 5.45572e-01
  9   67 5.94855e-01
  9   69 4.78096e-01
  9   71 5.81900e-01
  9   73 5.30736e-01
  9   75 4.68606e-01
  9   77 4.87244e-01
  9   79 3.65702e-01
  9   81 5.33385e-01
  9   83 3.93862e-01
  9   85 5.89314e-01
  9   87 2.39756e-01
  9   89 4.24240e-01
 10    0 7.52416e-02
 10    2 4.20518e-01
 10    4 1.00223e+00
 10    6 2.89541e+00
 10    8 1.08543e+01
 10   10 1.47797e+02
 10   12 1.18856e+01
 10   14 3.90897e+00
 10   16 1.73333e+00
 10   18 1.23224e+00
 10   20 9.55924e-01
 10   22 8.32786e-01
 10   24 7.80685e-01
 10   26 7.17413e-01
 10   28 6.48663e-01
 10   30 6.53199e-01
 10   32 6.07997e-01
 10   34 5.50514e-01
 10   36 5.51884e-01
 10   38 5.24377e-01
 10   40 5.08536e-01
 10   42 5.01388e-01
 10   44 4.98113e-01
 10   46 5.25074e-01
 10   48 5.07755e-01
 10   50 5.21038e-01
 10   52 5.55476e-01
 10   54 5.20648e-01
 10   56 5.30892e-01
 10   58 5.11430e-01
 10   60 5.33495e-01
 10   62 4.80388e-01
 10   64 5.49645e-01
 10   66 4.45051e-01
 10   68 5.29045e-01
 10   70 3.95289e-01
 10   72 5.33181e-01
 10   74 4.21918e-01
 10   76 4.08746e-01
 10   78 4.08510e-01
 10   80 2.95759e-01
 10   82 4.56290e-01
 10   84 3.15871e-01
 10   86 4.67148e-01
 10   88 1.93139e-01
 10   90 3.35763e-01
 11    1 1.80526e-01
 11    3 5.30362e-01
 11    5 1.07427e+00
 11    7 2.96489e+00
 11    9 1.04561e+01
 11   11 1.32306e+02
 11   13 1.11113e+01
 11   15 3.69929e+00
 11   17 1.62401e+00
 11   19 1.12752e+00
 11   21 8.81868e-01
 11   23 7.52713e-01
 11   25 7.41262e-01
 11   27 6.53287e-01
 11   29 5.93534e-01
 11   31 5.87531e-01
 11   33 5.83471e-01
 11   35 5.27275e-01
 11   37 5.14263e-01
 11   39 4.93750e-01
 11   41 4.63832e-01
 11   43 4.96304e-01
 11   45 4.96227e-01
 11   47 4.85449e-01
 11   49 4.60809e-01
 11   51 4.87269e-01
 11   53 4.79486e-01
 11   55 4.94531e-01
 11   57 4.59422e-01
 11   59 4.79924e-01
 11   61 4.12845e-01
 11   63 5.32294e-01
 11   65 3.78960e-01
 11   67 5.37364e-01
 11   69 3.34023e-01
 11   71 4.86791e-01
 11   73 4.03216e-01
 11   75 3.88236e-01
 11   77 3.91219e-01
 11   79 2.66139e-01
 11   81 3.90242e-01
 11   83 2.92599e-01
 11   85 3.64657e-01
 11   87 1.84925e-01
 11   89 3.01820e-01
 12    0 4.64868e-02
 12    2 2.82582e-01
 12    4 6.07018e-01
 12    6 1.12192e+00
 12    8 3.04663e+00
 12   10 9.99651e+00
 12   12 1.19665e+02
 12   14 1.03575e+01
 12   16 3.50553e+00
 12   18 1.50702e+00
 12   20 1.05072e+00
 12   22 8.28812e-01
 12   24 6.93355e-01
 12   26 6.63014e-01
 12   28 5.90956e-01
 12   30 5.46528e-01
 12   32 5.48827e-01
 12   34 5.19057e-01
 12   36 4.84654e-01
 12   38 4.58463e-01
 12   40 4.37221e-01
 12   42 4.44407e-01
 12   44 4.44635e-01
 12   46 4.53695e-01
 12   48 4.39485e-01
 12   50 4.21347e-01
 12   52 4.50235e-01
 12   54 4.22504e-01
 12   56 4.40651e-01
 12   58 3.93847e-01
 12   60 4.24040e-01
 12   62 3.54063e-01
 12   64 4.56795e-01
 12   66 3.16850e-01
 12   68 4.78521e-01
 12   70 2.86328e-01
 12   72 4.29902e-01
 12   74 3.44478e-01
 12   76 3.58982e-01
 12   78 3.39302e-01
 12   80 2.45810e-01
 12   82 3.21436e-01
 12   84 2.52875e-01
 12   86 3.18808e-01
 12   88 1.46089e-01
 12   90 2.51984e-01
 13    1 1.38329e-01
 13    3 3.50945e-01
 13    5 6.61048e-01
 13    7 1.19408e+00
 13    9 2.92847e+00
 13   11 9.47819e+00
 13   13 1.09382e+02
 13   15 9.64975e+00
 13   17 3.32362e+00
 13   19 1.43260e+00
 13   21 9.94901e-01
 13   23 7.70316e-01
 13   25 6.43159e-01
 13   27 6.17392e-01
 13   29 5.71037e-01
 13   31 5.06310e-01
 13   33 5.17709e-01
 13   35 4.86668e-01
 13   37 4.41480e-01
 13   39 4.26601e-01
 13   41 4.15356e-01
 13   43 4.20493e-01
 13   45 4.12421e-01
 13   47 4.11935e-01
 13   49 4.13990e-01
 13   51 4.02257e-01
 13   53 3.82213e-01
 13   55 3.73535e-01
 13   57 3.65565e-01
 13   59 3.79514e-01
 13   61 3.36281e-01
 13   63 3.78386e-01
 13   65 3.20568e-01
 13   67 4.02272e-01
 13   69 2.97309e-01
 13   71 3.82813e-01
 13   73 3.13636e-01
 13   75 3.47740e-01
 13   77 3.42201e-01
 13   79 2.63124e-01
 13   81 3.04760e-01
 13   83 2.50768e-01
 13   85 3.01316e-01
 13   87 1.67447e-01
 13   89 2.52870e-01
 14    0 4.65352e-02
 14    2 2.13461e-01
 14    4 4.10206e-01
 14    6 7.16944e-01
 14    8 1.24022e+00
 14   10 2.83844e+00
 14   12 8.94221e+00
 14   14 1.00786e+02
 14   16 9.02270e+00
 14   18 3.14966e+00
 14   20 1.35108e+00
 14   22 9.18608e-01
 14   24 7.26988e-01
 14   26 5.94343e-01
 14   28 5.79920e-01
 14   30 5.26525e-01
 14   32 4.75049e-01
 14   34 4.82824e-01
 14   36 4.54900e-01
 14   38 4.07983e-01
 14   40 3.93601e-01
 14   42 3.93305e-01
 14   44 3.80025e-01
 14   46 3.86911e-01
 14   48 3.78061e-01
 14   50 3.68111e-01
 14   52 3.46229e-01
 14   54 3.39779e-01
 14   56 3.19586e-01
 14   58 3.14012e-01
 14   60 2.98360e-01
 14   62 3.10701e-01
 14   64 3.09545e-01
 14   66 2.92535e-01
 14   68 3.48028e-01
 14   70 2.78338e-01
 14   72 3.50116e-01
 14   74 2.87385e-01
 14   76 3.29649e-01
 14   78 3.18554e-01
 14   80 2.36476e-01
 14   82 2.75518e-01
 14   84 2.44153e-01
 14   86 2.71999e-01
 14   88 1.44567e-01
 14   90 2.19729e-01
 15    1 1.22011e-01
 15    3 2.57041e-01
 15    5 4.64827e-01
 15    7 7.72089e-01
 15    9 1.16708e+00
 15   11 2.75281e+00
 15   13 8.41807e+00
 15   15 9.36311e+01
 15   17 8.42966e+00
 15   19 2.99902e+00
 15   21 1.28370e+00
 15   23 8.88684e-01
 15   25 6.78071e-01
 15   27 5.71385e-01
 15   29 5.58542e-01
 15   31 4.88369e-01
 15   33 4.42501e-01
 15   35 4.36049e-01
 15   37 4.30766e-01
 15   39 3.82344e-01
 15   41 3.72047e-01
 15   43 3.64836e-01
 15   45 3.55240e-01
 15   47 3.52102e-01
 15   49 3.72374e-01
 15   51 3.21255e-01
 15   53 3.29949e-01
 15   55 2.68041e-01
 15   57 3.28987e-01
 15   59 2.53402e-01
 15   61 3.00322e-01
 15   63 2.69795e-01
 15   65 3.05685e-01
 15   67 2.97720e-01
 15   69 2.75035e-01
 15   71 3.31937e-01
 15   73 2.59084e-01
 15   75 3.33591e-01
 15   77 2.94042e-01
 15   79 2.84611e-01
 15   81 2.69274e-01
 15   83 2.46079e-01
 15   85 2.44126e-01
 15   87 1.51196e-01
 15   89 2.15191e-01
 16    0 3.39413e-02
 16    2 1.69578e-01
 16    4 3.13230e-01
 16    6 5.19324e-01
 16    8 7.95245e-01
 16   10 1.10796e+00
 16   12 2.66421e+00
 16   14 7.94261e+00
 16   16 8.74951e+01
 16   18 7.90566e+00
 16   20 2.83551e+00
 16   22 1.21288e+00
 16   24 8.35165e-01
 16   26 6.41483e-01
 16   28 5.24529e-01
 16   30 5.14927e-01
 16   32 4.70131e-01
 16   34 4.26572e-01
 16   36 4.25355e-01
 16   38 4.11252e-01
 16   40 3.73248e-01
 16   42 3.58679e-01
 16   44 3.44187e-01
 16   46 3.30892e-01
 16   48 3.23563e-01
 16   50 3.26267e-01
 16   52 2.79040e-01
 16   54 2.78994e-01
 16   56 2.39290e-01
 16   58 2.68438e-01
 16   60 2.41338e-01
 16   62 2.78679e-01
 16   64 2.55845e-01
 16   66 2.81720e-01
 16   68 2.63832e-01
 16   70 2.64420e-01
 16   72 3.00830e-01
 16   74 2.36913e-01
 16   76 3.10366e-01
 16   78 2.53975e-01
 16   80 2.67857e-01
 16   82 2.21501e-01
 16   84 2.30431e-01
 16   86 2.20491e-01
 16   88 1.47792e-01
 16   90 1.92778e-01
 17    1 8.95892e-02
 17    3 2.26680e-01
 17    5 3.60803e-01
 17    7 5.43500e-01
 17    9 7.46275e-01
 17   11 1.07234e+00
 17   13 2.57272e+00
 17   15 7.47988e+00
 17   17 8.21576e+01
 17   19 7.42023e+00
 17   21 2.68835e+00
 17   23 1.15548e+00
 17   25 7.93140e-01
 17   27 6.27695e-01
 17   29 4.95370e-01
 17   31 5.01622e-01
 17   33 4.55639e-01
 17   35 3.99335e-01
 17   37 4.01471e-01
 17   39 3.89331e-01
 17   41 3.56247e-01
 17   43 3.34494e-01
 17   45 3.31868e-01
 17   47 3.21115e-01
 17   49 2.94943e-01
 17   51 2.85456e-01
 17   53 2.72768e-01
 17   55 2.44175e-01
 17   57 2.56080e-01
 17   59 2.31516e-01
 17   61 2.60554e-01
 17   63 2.41445e-01
 17   65 2.78286e-01
 17   67 2.31196e-01
 17   69 2.50072e-01
 17   71 2.51136e-01
 17   73 2.35388e-01
 17   75 2.77875e-01
 17   77 2.31146e-01
 17   79 2.91602e-01
 17   81 2.43167e-01
 17   83 2.41683e-01
 17   85 2.23383e-01
 17   87 1.36257e-01
 17   89 1.97907e-01
 18    0 2.45811e-02
 18    2 1.44476e-01
 18    4 2.72022e-01
 18    6 3.81417e-01
 18    8 5.64084e-01
 18   10 7.03865e-01
 18   12 1.02350e+00
 18   14 2.47766e+00
 18   16 7.06465e+00
 18   18 7.74410e+01
 18   20 6.99848e+00
 18   22 2.56892e+00
 18   24 1.09068e+00
 18   26 7.48905e-01
 18   28 5.92360e-01
 18   30 4.74630e-01
 18   32 4.70699e-01
 18   34 4.29108e-01
 18   36 3.77551e-01
 18   38 3.88487e-01
 18   40 3.82210e-01
 18   42 3.33859e-01
 18   44 3.23347e-01
 18   46 3.14226e-01
 18   48 3.02147e-01
 18   50 2.75340e-01
 18   52 2.48397e-01
 18   54 2.46020e-01
 18   56 2.18172e-01
 18   58 2.41022e-01
 18   60 2.19211e-01
 18   62 2.47502e-01
 18   64 2.29781e-01
 18   66 2.58887e-01
 18   68 2.00923e-01
 18   70 2.30934e-01
 18   72 2.21680e-01
 18   74 2.22881e-01
 18   76 2.60908e-01
 18   78 2.02346e-01
 18   80 2.73598e-01
 18   82 2.21577e-01
 18   84 2.21651e-01
 18   86 2.05790e-01
 18   88 1.23233e-01
 18   90 1.77894e-01
 19    1 7.55033e-02
 19    3 1.91589e-01
 19    5 3.08667e-01
 19    7 4.16582e-01
 19    9 5.30174e-01
 19   11 6.69516e-01
 19   13 9.97241e-01
 19   15 2.39308e+00
 19   17 6.67283e+00
 19   19 7.32563e+01
 19   21 6.61077e+00
 19   23 2.42788e+00
 19   25 1.04394e+00
 19   27 7.37265e-01
 19   29 5.52634e-01
 19   31 4.59057e-01
 19   33 4.54593e-01
 19   35 4.20820e-01
 19   37 3.77032e-01
 19   39 3.74110e-01
 19   41 3.60350e-01
 19   43 3.28773e-01
 19   45 3.15776e-01
 19   47 2.88550e-01
 19   49 2.72317e-01
 19   51 2.37722e-01
 19   53 2.40800e-01
 19   55 2.26938e-01
 19   57 2.26331e-01
 19   59 2.17033e-01
 19   61 2.23826e-01
 19   63 2.14126e-01
 19   65 2.37153e-01
 19   67 1.93617e-01
 19   69 2.08265e-01
 19   71 2.00552e-01
 19   73 2.34177e-01
 19   75 2.60812e-01
 19   77 1.99967e-01
 19   79 2.58708e-01
 19   81 2.12721e-01
 19   83 2.33145e-01
 19   85 2.07598e-01
 19   87 1.24137e-01
 19   89 1.85619e-01
 20    0 2.55500e-02
 20    2 1.15612e-01
 20    4 2.19264e-01
 20    6 3.35168e-01
 20    8 4.37318e-01
 20   10 4.93827e-01
 20   12 6.45371e-01
 20   14 9.61205e-01
 20   16 2.29161e+00
 20   18 6.32936e+00
 20   20 6.95131e+01
 20   22 6.26391e+00
 20   24 2.31007e+00
 20   26 9.95847e-01
 20   28 6.92271e-01
 20   30 5.42926e-01
 20   32 4.45580e-01
 20   34 4.41179e-01
 20   36 4.15328e-01
 20   38 3.63186e-01
 20   40 3.52221e-01
 20   42 3.38696e-01
 20   44 3.06318e-01
 20   46 2.85478e-01
 20   48 2.57250e-01
 20   50 2.38030e-01
 20   52 2.17556e-01
 20   54 2.26048e-01
 20   56 2.23330e-01
 20   58 2.07512e-01
 20   60 2.18043e-01
 20   62 2.02989e-01
 20   64 1.90208e-01
 20   66 2.26711e-01
 20   68 1.78551e-01
 20   70 1.96724e-01
 20   72 1.91136e-01
 20   74 2.24470e-01
 20   76 2.29669e-01
 20   78 1.89070e-01
 20   80 2.42019e-01
 20   82 1.97574e-01
 20   84 2.12273e-01
 20   86 1.87496e-01
 20   88 1.09551e-01
 20   90 1.68173e-01
 21    1 7.41843e-02
 21    3 1.55144e-01
 21    5 2.50262e-01
 21    7 3.75090e-01
 21    9 4.09329e-01
 21   11 4.76017e-01
 21   13 6.29560e-01
 21   15 9.31161e-01
 21   17 2.19766e+00
 21   19 6.00946e+00
 21   21 6.61412e+01
 21   23 5.94206e+00
 21   25 2.21055e+00
 21   27 9.41295e-01
 21   29 6.71768e-01
 21   31 5.22598e-01
 21   33 4.34477e-01
 21   35 4.40192e-01
 21   37 4.11326e-01
 21   39 3.44089e-01
 21   41 3.29804e-01
 21   43 3.31755e-01
 21   45 2.88970e-01
 21   47 2.82114e-01
 21   49 2.21142e-01
 21   51 2.20794e-01
 21   53 2.23216e-01
 21   55 2.07827e-01
 21   57 2.11998e-01
 21   59 2.08097e-01
 21   61 2.01499e-01
 21   63 1.77338e-01
 21   65 2.05784e-01
 21   67 1.64156e-01
 21   69 2.04344e-01
 21   71 1.75777e-01
 21   73 2.15785e-01
 21   75 2.13652e-01
 21   77 1.91023e-01
 21   79 2.29081e-01
 21   81 1.71080e-01
 21   83 2.24994e-01
 21   85 1.90200e-01
 21   87 1.07204e-01
 21   89 1.76394e-01
 22    0 2.44388e-02
 22    2 1.12692e-01
 22    4 1.83866e-01
 22    6 2.78644e-01
 22    8 3.90675e-01
 22   10 3.92910e-01
 22   12 4.64929e-01
 22   14 5.96861e-01
 22   16 8.95228e-01
 22   18 2.12185e+00
 22   20 5.72076e+00
 22   22 6.30812e+01
 22   24 5.67002e+00
 22   26 2.11281e+00
 22   28 8.82483e-01
 22   30 6.33179e-01
 22   32 5.06657e-01
 22   34 4.26835e-01
 22   36 4.32382e-01
 22   38 3.78511e-01
 22   40 3.25192e-01
 22   42 3.19699e-01
 22   44 3.11244e-01
 22   46 2.58205e-01
 22   48 2.43104e-01
 22   50 2.19862e-01
 22   52 2.14121e-01
 22   54 2.00492e-01
 22   56 1.97726e-01
 22   58 1.87807e-01
 22   60 1.96740e-01
 22   62 1.83195e-01
 22   64 1.79191e-01
 22   66 1.89904e-01
 22   68 1.50263e-01
 22   70 1.89945e-01
 22   72 1.68724e-01
 22   74 2.06123e-01
 22   76 1.90089e-01
 22   78 1.76364e-01
 22   80 2.13052e-01
 22   82 1.77140e-01
 22   84 2.22643e-01
 22   86 1.70802e-01
 22   88 1.01730e-01
 22   90 1.49317e-01
 23    1 6.35473e-02
 23    3 1.40234e-01
 23    5 2.14572e-01
 23    7 3.02749e-01
 23    9 3.62184e-01
 23   11 3.72653e-01
 23   13 4.47078e-01
 23   15 5.91241e-01
 23   17 8.66352e-01
 23   19 2.02427e+00
 23   21 5.44997e+00
 23   23 6.03316e+01
 23   25 5.41560e+00
 23   27 1.98995e+00
 23   29 8.43754e-01
 23   31 6.29264e-01
 23   33 5.06761e-01
 23   35 4.07942e-01
 23   37 4.10555e-01
 23   39 3.74461e-01
 23   41 3.20955e-01
 23   43 3.01383e-01
 23   45 2.73449e-01
 23   47 2.37552e-01
 23   49 2.20167e-01
 23   51 2.14862e-01
 23   53 2.12419e-01
 23   55 1.91637e-01
 23   57 1.94431e-01
 23   59 1.81724e-01
 23   61 1.69874e-01
 23   63 1.70563e-01
 23   65 1.81189e-01
 23   67 1.50395e-01
 23   69 2.03633e-01
 23   71 1.71368e-01
 23   73 1.90492e-01
 23   75 1.66219e-01
 23   77 1.60453e-01
 23   79 2.19178e-01
 23   81 1.59594e-01
 23   83 2.16876e-01
 23   85 1.70506e-01
 23   87 1.20100e-01
 23   89 1.56317e-01
 24    0 1.62131e-02
 24    2 9.09335e-02
 24    4 1.65689e-01
 24    6 2.36895e-01
 24    8 3.20745e-01
 24   10 3.39147e-01
 24   12 3.58129e-01
 24   14 4.34933e-01
 24   16 5.67598e-01
 24   18 8.29497e-01
 24   20 1.94261e+00
 24   22 5.22080e+00
 24   24 5.78697e+01
 24   26 5.17322e+00
 24   28 1.90476e+00
 24   30 8.13551e-01
 24   32 6.01524e-01
 24   34 4.85094e-01
 24   36 3.86167e-01
 24   38 3.90427e-01
 24   40 3.60651e-01
 24   42 3.06944e-01
 24   44 2.80962e-01
 24   46 2.59502e-01
 24   48 2.32872e-01
 24   50 2.04092e-01
 24   52 2.07003e-01
 24   54 1.96507e-01
 24   56 1.78904e-01
 24   58 1.73760e-01
 24   60 1.68874e-01
 24   62 1.61381e-01
 24   64 1.65156e-01
 24   66 1.66693e-01
 24   68 1.53144e-01
 24   70 1.96580e-01
 24   72 1.59342e-01
 24   74 1.78953e-01
 24   76 1.67375e-01
 24   78 1.51632e-01
 24   80 2.09665e-01
 24   82 1.27884e-01
 24   84 1.99240e-01
 24   86 1.61908e-01
 24   88 1.04852e-01
 24   90 1.47041e-01
 25    1 4.59255e-02
 25    3 1.17583e-01
 25    5 1.88629e-01
 25    7 2.58180e-01
 25    9 3.03582e-01
 25   11 3.39126e-01
 25   13 3.44942e-01
 25   15 4.16876e-01
 25   17 5.49535e-01
 25   19 8.04319e-01
 25   21 1.87357e+00
 25   23 5.00449e+00
 25   25 5.54769e+01
 25   27 4.95845e+00
 25   29 1.84513e+00
 25   31 7.75856e-01
 25   33 5.83623e-01
 25   35 4.59604e-01
 25   37 3.69161e-01
 25   39 3.87843e-01
 25   41 3.52027e-01
 25   43 2.79875e-01
 25   45 2.58755e-01
 25   47 2.58333e-01
 25   49 2.16615e-01
 25   51 2.15494e-01
 25   53 1.91497e-01
 25   55 1.88719e-01
 25   57 1.77039e-01
 25   59 1.65422e-01
 25   61 1.65198e-01
 25   63 1.60746e-01
 25   65 1.69345e-01
 25   67 1.65825e-01
 25   69 1.86398e-01
 25   71 1.58977e-01
 25   73 1.63802e-01
 25   75 1.53585e-01
 25   77 1.42394e-01
 25   79 2.26907e-01
 25   81 1.32803e-01
 25   83 1.79667e-01
 25   85 1.45682e-01
 25   87 1.05499e-01
 25   89 1.38369e-01
 26    0 1.44688e-02
 26    2 7.20139e-02
 26    4 1.42901e-01
 26    6 2.08296e-01
 26    8 2.71652e-01
 26   10 2.88960e-01
 26   12 3.17513e-01
 26   14 3.29677e-01
 26   16 4.04213e-01
 26   18 5.28079e-01
 26   20 7.76442e-01
 26   22 1.80372e+00
 26   24 4.79642e+00
 26   26 5.34626e+01
 26   28 4.78151e+00
 26   30 1.76064e+00
 26   32 7.37954e-01
 26   34 5.56242e-01
 26   36 4.36364e-01
 26   38 3.48735e-01
 26   40 3.57903e-01
 26   42 3.29509e-01
 26   44 2.61627e-01
 26   46 2.51258e-01
 26   48 2.39000e-01
 26   50 2.17379e-01
 26   52 2.02314e-01
 26   54 1.88602e-01
 26   56 1.74758e-01
 26   58 1.69549e-01
 26   60 1.58987e-01
 26   62 1.57509e-01
 26   64 1.59114e-01
 26   66 1.52744e-01
 26   68 1.62568e-01
 26   70 1.72553e-01
 26   72 1.41020e-01
 26   74 1.58183e-01
 26   76 1.51154e-01
 26   78 1.37221e-01
 26   80 2.06752e-01
 26   82 1.23796e-01
 26   84 1.62762e-01
 26   86 1.36259e-01
 26   88 1.06460e-01
 26   90 1.23566e-01
 27    1 4.19662e-02
 27    3 9.91437e-02
 27    5 1.62513e-01
 27    7 2.24850e-01
 27    9 2.62046e-01
 27   11 2.77963e-01
 27   13 3.07951e-01
 27   15 3.26703e-01
 27   17 4.04472e-01
 27   19 5.28289e-01
 27   21 7.41976e-01
 27   23 1.71021e+00
 27   25 4.61147e+00
 27   27 5.14826e+01
 27   29 4.59080e+00
 27   31 1.67389e+00
 27   33 7.04954e-01
 27   35 5.48788e-01
 27   37 4.25913e-01
 27   39 3.22947e-01
 27   41 3.44828e-01
 27   43 3.01513e-01
 27   45 2.52079e-01
 27   47 2.36382e-01
 27   49 2.42573e-01
 27   51 2.01813e-01
 27   53 1.85002e-01
 27   55 1.79675e-01
 27   57 1.73527e-01
 27   59 1.69499e-01
 27   61 1.61796e-01
 27   63 1.60654e-01
 27   65 1.57506e-01
 27   67 1.66531e-01
 27   69 1.58031e-01
 27   71 1.42934e-01
 27   73 1.58998e-01
 27   75 1.55447e-01
 27   77 1.43151e-01
 27   79 1.87508e-01
 27   81 1.28135e-01
 27   83 1.56082e-01
 27   85 1.33702e-01
 27   87 9.58006e-02
 27   89 1.30247e-01
 28    0 1.28128e-02
 28    2 6.63258e-02
 28    4 1.21032e-01
 28    6 1.82988e-01
 28    8 2.44909e-01
 28   10 2.43683e-01
 28   12 2.63956e-01
 28   14 3.00025e-01
 28   16 3.08271e-01
 28   18 3.89580e-01
 28   20 5.03420e-01
 28   22 7.02672e-01
 28   24 1.64715e+00
 28   26 4.45967e+00
 28   28 4.97478e+01
 28   30 4.41195e+00
 28   32 1.60628e+00
 28   34 6.75948e-01
 28   36 5.23943e-01
 28   38 4.04797e-01
 28   40 3.11326e-01
 28   42 3.19681e-01
 28   44 2.94112e-01
 28   46 2.39407e-01
 28   48 2.38885e-01
 28   50 2.24103e-01
 28   52 1.88293e-01
 28   54 1.68978e-01
 28   56 1.66949e-01
 28   58 1.64235e-01
 28   60 1.54701e-01
 28   62 1.51019e-01
 28   64 1.45777e-01
 28   66 1.65274e-01
 28   68 1.58869e-01
 28   70 1.45737e-01
 28   72 1.39720e-01
 28   74 1.51169e-01
 28   76 1.49098e-01
 28   78 1.41263e-01
 28   80 1.70766e-01
 28   82 1.27804e-01
 28   84 1.52595e-01
 28   86 1.20018e-01
 28   88 9.28970e-02
 28   90 1.18492e-01
 29    1 3.63319e-02
 29    3 9.08219e-02
 29    5 1.46099e-01
 29    7 2.05244e-01
 29    9 2.40611e-01
 29   11 2.36171e-01
 29   13 2.66369e-01
 29   15 2.98661e-01
 29   17 2.98516e-01
 29   19 3.70325e-01
 29   21 4.95201e-01
 29   23 6.78143e-01
 29   25 1.60479e+00
 29   27 4.29325e+00
 29   29 4.80631e+01
 29   31 4.25108e+00
 29   33 1.55296e+00
 29   35 6.50313e-01
 29   37 4.97269e-01
 29   39 3.89233e-01
 29   41 2.84732e-01
 29   43 3.04755e-01
 29   45 2.92226e-01
 29   47 2.34523e-01
 29   49 2.24148e-01
 29   51 2.22644e-01
 29   53 1.83452e-01
 29   55 1.63840e-01
 29   57 1.71701e-01
 29   59 1.64735e-01
 29   61 1.56813e-01
 29   63 1.60948e-01
 29   65 1.56962e-01
 29   67 1.49624e-01
 29   69 1.41135e-01
 29   71 1.41376e-01
 29   73 1.53888e-01
 29   75 1.45893e-01
 29   77 1.38991e-01
 29   79 1.45908e-01
 29   81 1.20269e-01
 29   83 1.40058e-01
 29   85 1.17370e-01
 29   87 9.12603e-02
 29   89 1.17584e-01
 30    0 1.10971e-02
 30    2 5.83801e-02
 30    4 1.03842e-01
 30    6 1.56606e-01
 30    8 2.21642e-01
 30   10 2.30057e-01
 30   12 2.28862e-01
 30   14 2.55383e-01
 30   16 2.83721e-01
 30   18 2.92650e-01
 30   20 3.70150e-01
 30   22 4.72668e-01
 30   24 6.59572e-01
 30   26 1.53954e+00
 30   28 4.13632e+00
 30   30 4.65640e+01
 30   32 4.11085e+00
 30   34 1.48974e+00
 30   36 6.15295e-01
 30   38 4.73440e-01
 30   40 3.64756e-01
 30   42 2.80886e-01
 30   44 2.93533e-01
 30   46 2.79865e-01
 30   48 2.31347e-01
 30   50 2.10263e-01
 30   52 1.94771e-01
 30   54 1.70789e-01
 30   56 1.65127e-01
 30   58 1.59420e-01
 30   60 1.58250e-01
 30   62 1.43354e-01
 30   64 1.55923e-01
 30   66 1.46143e-01
 30   68 1.39484e-01
 30   70 1.44029e-01
 30   72 1.35562e-01
 30   74 1.51422e-01
 30   76 1.34289e-01
 30   78 1.36293e-01
 30   80 1.33687e-01
 30   82 1.16746e-01
 30   84 1.35728e-01
 30   86 1.15301e-01
 30   88 9.32460e-02
 30   90 1.07948e-01
 31    1 3.12376e-02
 31    3 7.69597e-02
 31    5 1.22274e-01
 31    7 1.73178e-01
 31    9 2.12473e-01
 31   11 2.19692e-01
 31   13 2.21941e-01
 31   15 2.45399e-01
 31   17 2.84064e-01
 31   19 2.89077e-01
 31   21 3.62019e-01
 31   23 4.75269e-01
 31   25 6.34124e-01
 31   27 1.47104e+00
 31   29 3.99485e+00
 31   31 4.51625e+01
 31   33 3.97100e+00
 31   35 1.41883e+00
 31   37 5.89819e-01
 31   39 4.55047e-01
 31   41 3.58461e-01
 31   43 2.65589e-01
 31   45 2.84888e-01
 31   47 2.84167e-01
 31   49 2.23739e-01
 31   51 2.02733e-01
 31   53 1.89443e-01
 31   55 1.74891e-01
 31   57 1.65398e-01
 31   59 1.65301e-01
 31   61 1.52119e-01
 31   63 1.55523e-01
 31   65 1.33777e-01
 31   67 1.38518e-01
 31   69 1.53051e-01
 31   71 1.35529e-01
 31   73 1.36984e-01
 31   75 1.18641e-01
 31   77 1.24314e-01
 31   79 1.45458e-01
 31   81 1.18442e-01
 31   83 1.20369e-01
 31   85 1.16011e-01
 31   87 8.52691e-02
 31   89 1.10503e-01
 32    0 1.04294e-02
 32    2 5.12977e-02
 32    4 9.48702e-02
 32    6 1.41242e-01
 32    8 1.88054e-01
 32   10 2.01674e-01
 32   12 2.16448e-01
 32   14 2.17005e-01
 32   16 2.43962e-01
 32   18 2.73335e-01
 32   20 2.86102e-01
 32   22 3.56207e-01
 32   24 4.59292e-01
 32   26 6.07727e-01
 32   28 1.41828e+00
 32   30 3.87159e+00
 32   32 4.38356e+01
 32   34 3.82162e+00
 32   36 1.36322e+00
 32   38 5.56311e-01
 32   40 4.45555e-01
 32   42 3.33778e-01
 32   44 2.58127e-01
 32   46 2.80931e-01
 32   48 2.65142e-01
 32   50 2.07281e-01
 32   52 1.94826e-01
 32   54 1.87827e-01
 32   56 1.73733e-01
 32   58 1.60368e-01
 32   60 1.59408e-01
 32   62 1.47657e-01
 32   64 1.50021e-01
 32   66 1.37525e-01
 32   68 1.46427e-01
 32   70 1.32306e-01
 32   72 1.23767e-01
 32   74 1.32492e-01
 32   76 1.14040e-01
 32   78 1.17651e-01
 32   80 1.27945e-01
 32   82 1.05916e-01
 32   84 1.17274e-01
 32   86 9.74768e-02
 32   88 8.15996e-02
 32   90 1.13518e-01
 33    1 2.90390e-02
 33    3 6.81075e-02
 33    5 1.07022e-01
 33    7 1.50239e-01
 33    9 1.78538e-01
 33   11 2.05902e-01
 33   13 2.14173e-01
 33   15 2.09844e-01
 33   17 2.43511e-01
 33   19 2.70165e-01
 33   21 2.84046e-01
 33   23 3.61218e-01
 33   25 4.50179e-01
 33   27 5.84681e-01
 33   29 1.37727e+00
 33   31 3.74765e+00
 33   33 4.25641e+01
 33   35 3.70143e+00
 33   37 1.30313e+00
 33   39 5.40085e-01
 33   41 4.37926e-01
 33   43 3.28275e-01
 33   45 2.51767e-01
 33   47 2.69702e-01
 33   49 2.51397e-01
 33   51 2.04604e-01
 33   53 1.99751e-01
 33   55 1.98567e-01
 33   57 1.77318e-01
 33   59 1.62240e-01
 33   61 1.50452e-01
 33   63 1.48061e-01
 33   65 1.30792e-01
 33   67 1.38272e-01
 33   69 1.46089e-01
 33   71 1.25672e-01
 33   73 1.23867e-01
 33   75 1.01327e-01
 33   77 1.05925e-01
 33   79 1.27192e-01
 33   81 1.12449e-01
 33   83 1.07200e-01
 33   85 8.75700e-02
 33   87 8.53063e-02
 33   89 1.04458e-01
 34    0 9.35535e-03
 34    2 4.52861e-02
 34    4 8.14202e-02
 34    6 1.23543e-01
 34    8 1.69891e-01
 34   10 1.72673e-01
 34   12 1.93572e-01
 34   14 2.08559e-01
 34   16 2.09318e-01
 34   18 2.35629e-01
 34   20 2.67867e-01
 34   22 2.83764e-01
 34   24 3.50244e-01
 34   26 4.33165e-01
 34   28 5.64371e-01
 34   30 1.32671e+00
 34   32 3.61374e+00
 34   34 4.14144e+01
 34   36 3.56893e+00
 34   38 1.27051e+00
 34   40 5.14889e-01
 34   42 4.15488e-01
 34   44 3.21773e-01
 34   46 2.36023e-01
 34   48 2.49484e-01
 34   50 2.38937e-01
 34   52 1.96608e-01
 34   54 2.03206e-01
 34   56 1.91400e-01
 34   58 1.73321e-01
 34   60 1.53924e-01
 34   62 1.40728e-01
 34   64 1.41328e-01
 34   66 1.27391e-01
 34   68 1.39216e-01
 34   70 1.31059e-01
 34   72 1.13072e-01
 34   74 1.12482e-01
 34   76 1.02084e-01
 34   78 1.04664e-01
 34   80 1.26085e-01
 34   82 1.01471e-01
 34   84 9.83147e-02
 34   86 8.66490e-02
 34   88 8.43845e-02
 34   90 9.45372e-02
 35    1 2.63065e-02
 35    3 6.27873e-02
 35    5 1.00549e-01
 35    7 1.42881e-01
 35    9 1.67398e-01
 35   11 1.76276e-01
 35   13 1.90734e-01
 35   15 1.95899e-01
 35   17 2.02186e-01
 35   19 2.36928e-01
 35   21 2.72633e-01
 35   23 2.75472e-01
 35   25 3.35854e-01
 35   27 4.31198e-01
 35   29 5.46383e-01
 35   31 1.26853e+00
 35   33 3.50658e+00
 35   35 4.02822e+01
 35   37 3.46388e+00
 35   39 1.22535e+00
 35   41 5.02213e-01
 35   43 4.07272e-01
 35   45 3.06330e-01
 35   47 2.27964e-01
 35   49 2.49847e-01
 35   51 2.43290e-01
 35   53 2.16684e-01
 35   55 2.05964e-01
 35   57 1.86711e-01
 35   59 1.68467e-01
 35   61 1.42849e-01
 35   63 1.40580e-01
 35   65 1.33996e-01
 35   67 1.34318e-01
 35   69 1.20261e-01
 35   71 1.17846e-01
 35   73 1.11542e-01
 35   75 1.06837e-01
 35   77 1.07456e-01
 35   79 1.10730e-01
 35   81 9.64670e-02
 35   83 9.30142e-02
 35   85 8.15356e-02
 35   87 8.17409e-02
 35   89 8.70171e-02
 36    0 8.37637e-03
 36    2 4.24445e-02
 36    4 7.87253e-02
 36    6 1.17390e-01
 36    8 1.52012e-01
 36   10 1.64279e-01
 36   12 1.71529e-01
 36   14 1.86480e-01
 36   16 1.98080e-01
 36   18 1.96749e-01
 36   20 2.39316e-01
 36   22 2.72798e-01
 36   24 2.64604e-01
 36   26 3.22489e-01
 36   28 4.15156e-01
 36   30 5.20029e-01
 36   32 1.22335e+00
 36   34 3.38699e+00
 36   36 3.92444e+01
 36   38 3.36118e+00
 36   40 1.18263e+00
 36   42 4.75311e-01
 36   44 3.86813e-01
 36   46 2.96056e-01
 36   48 2.17048e-01
 36   50 2.35478e-01
 36   52 2.39607e-01
 36   54 2.12287e-01
 36   56 1.88128e-01
 36   58 1.77847e-01
 36   60 1.60643e-01
 36   62 1.28783e-01
 36   64 1.33078e-01
 36   66 1.29599e-01
 36   68 1.30565e-01
 36   70 1.17041e-01
 36   72 1.08861e-01
 36   74 1.07514e-01
 36   76 1.02440e-01
 36   78 1.10477e-01
 36   80 1.04704e-01
 36   82 9.50365e-02
 36   84 8.98321e-02
 36   86 7.89654e-02
 36   88 7.12057e-02
 36   90 9.14573e-02
 37    1 2.52033e-02
 37    3 5.90198e-02
 37    5 9.01129e-02
 37    7 1.28349e-01
 37    9 1.55562e-01
 37   11 1.63434e-01
 37   13 1.64477e-01
 37   15 1.83967e-01
 37   17 1.93227e-01
 37   19 2.01789e-01
 37   21 2.42172e-01
 37   23 2.63543e-01
 37   25 2.56438e-01
 37   27 3.18122e-01
 37   29 3.97161e-01
 37   31 5.01294e-01
 37   33 1.17355e+00
 37   35 3.29278e+00
 37   37 3.82493e+01
 37   39 3.26245e+00
 37   41 1.13453e+00
 37   43 4.57720e-01
 37   45 3.80105e-01
 37   47 2.93573e-01
 37   49 2.35303e-01
 37   51 2.42877e-01
 37   53 2.42854e-01
 37   55 2.02426e-01
 37   57 1.76974e-01
 37   59 1.71766e-01
 37   61 1.41386e-01
 37   63 1.42268e-01
 37   65 1.32451e-01
 37   67 1.29552e-01
 37   69 1.11695e-01
 37   71 1.07615e-01
 37   73 1.08776e-01
 37   75 1.04767e-01
 37   77 1.05454e-01
 37   79 9.66542e-02
 37   81 9.07007e-02
 37   83 9.02714e-02
 37   85 7.64413e-02
 37   87 7.23220e-02
 37   89 8.65829e-02
 38    0 7.32478e-03
 38    2 4.09906e-02
 38    4 7.46631e-02
 38    6 1.08058e-01
 38    8 1.43094e-01
 38   10 1.48616e-01
 38   12 1.54489e-01
 38   14 1.59239e-01
 38   16 1.82342e-01
 38   18 1.92754e-01
 38   20 1.99251e-01
 38   22 2.27374e-01
 38   24 2.54712e-01
 38   26 2.45386e-01
 38   28 3.05389e-01
 38   30 3.80976e-01
 38   32 4.75327e-01
 38   34 1.14800e+00
 38   36 3.20023e+00
 38   38 3.73197e+01
 38   40 3.15423e+00
 38   42 1.09067e+00
 38   44 4.44901e-01
 38   46 3.57998e-01
 38   48 2.86846e-01
 38   50 2.25327e-01
 38   52 2.42200e-01
 38   54 2.38065e-01
 38   56 1.82081e-01
 38   58 1.72355e-01
 38   60 1.56501e-01
 38   62 1.35935e-01
 38   64 1.33494e-01
 38   66 1.28898e-01
 38   68 1.17427e-01
 38   70 1.10553e-01
 38   72 1.13218e-01
 38   74 1.01359e-01
 38   76 9.68523e-02
 38   78 9.87010e-02
 38   80 9.94573e-02
 38   82 8.93915e-02
 38   84 9.58670e-02
 38   86 7.38396e-02
 38   88 7.59497e-02
 38   90 8.51597e-02
 39    1 2.23628e-02
 39    3 5.38815e-02
 39    5 8.76776e-02
 39    7 1.22295e-01
 39    9 1.46164e-01
 39   11 1.49626e-01
 39   13 1.51552e-01
 39   15 1.55703e-01
 39   17 1.78680e-01
 39   19 1.90926e-01
 39   21 1.93176e-01
 39   23 2.29209e-01
 39   25 2.56902e-01
 39   27 2.30011e-01
 39   29 2.96435e-01
 39   31 3.68786e-01
 39   33 4.63790e-01
 39   35 1.11072e+00
 39   37 3.11092e+00
 39   39 3.64231e+01
 39   41 3.07719e+00
 39   43 1.07300e+00
 39   45 4.25838e-01
 39   47 3.58550e-01
 39   49 2.92974e-01
 39   51 2.13190e-01
 39   53 2.29072e-01
 39   55 2.25332e-01
 39   57 1.83321e-01
 39   59 1.59986e-01
 39   61 1.53382e-01
 39   63 1.47148e-01
 39   65 1.22552e-01
 39   67 1.23620e-01
 39   69 1.14749e-01
 39   71 1.04621e-01
 39   73 1.04560e-01
 39   75 8.89649e-02
 39   77 9.51819e-02
 39   79 9.92570e-02
 39   81 8.91233e-02
 39   83 8.27881e-02
 39   85 7.64109e-02
 39   87 7.98897e-02
 39   89 8.35339e-02
 40    0 7.47366e-03
 40    2 3.59719e-02
 40    4 6.80878e-02
 40    6 1.02190e-01
 40    8 1.38833e-01
 40   10 1.37630e-01
 40   12 1.40690e-01
 40   14 1.46701e-01
 40   16 1.58033e-01
 40   18 1.81092e-01
 40   20 1.84526e-01
 40   22 1.86540e-01
 40   24 2.24682e-01
 40   26 2.40486e-01
 40   28 2.24286e-01
 40   30 2.80289e-01
 40   32 3.63536e-01
 40   34 4.44272e-01
 40   36 1.07524e+00
 40   38 3.01206e+00
 40   40 3.56122e+01
 40   42 2.98377e+00
 40   44 1.03293e+00
 40   46 4.12972e-01
 40   48 3.57098e-01
 40   50 2.81834e-01
 40   52 2.01207e-01
 40   54 2.17231e-01
 40   56 2.19199e-01
 40   58 1.75293e-01
 40   60 1.50847e-01
 40   62 1.54283e-01
 40   64 1.41982e-01
 40   66 1.14777e-01
 40   68 1.22590e-01
 40   70 1.12689e-01
 40   72 1.05249e-01
 40   74 9.45687e-02
 40   76 8.58703e-02
 40   78 9.42390e-02
 40   80 8.73485e-02
 40   82 9.29951e-02
 40   84 7.62643e-02
 40   86 7.42212e-02
 40   88 7.78339e-02
 40   90 8.35389e-02
 41    1 2.07989e-02
 41    3 5.11546e-02
 41    5 8.26412e-02
 41    7 1.14791e-01
 41    9 1.31346e-01
 41   11 1.34409e-01
 41   13 1.41100e-01
 41   15 1.44880e-01
 41   17 1.56342e-01
 41   19 1.75856e-01
 41   21 1.77054e-01
 41   23 1.87861e-01
 41   25 2.22974e-01
 41   27 2.34848e-01
 41   29 2.07359e-01
 41   31 2.77797e-01
 41   33 3.59606e-01
 41   35 4.35312e-01
 41   37 1.03449e+00
 41   39 2.94254e+00
 41   41 3.47761e+01
 41   43 2.91011e+00
 41   45 1.00343e+00
 41   47 4.03118e-01
 41   49 3.36852e-01
 41   51 2.71021e-01
 41   53 1.97093e-01
 41   55 2.09722e-01
 41   57 2.09677e-01
 41   59 1.69805e-01
 41   61 1.64461e-01
 41   63 1.44849e-01
 41   65 1.28950e-01
 41   67 1.19990e-01
 41   69 1.14450e-01
 41   71 9.92962e-02
 41   73 9.50148e-02
 41   75 8.64412e-02
 41   77 9.30335e-02
 41   79 1.01447e-01
 41   81 9.52640e-02
 41   83 7.33337e-02
 41   85 8.19202e-02
 41   87 7.83908e-02
 41   89 8.95926e-02
 42    0 8.04931e-03
 42    2 3.76097e-02
 42    4 6.52081e-02
 42    6 9.16772e-02
 42    8 1.25144e-01
 42   10 1.29929e-01
 42   12 1.36926e-01
 42   14 1.40360e-01
 42   16 1.45410e-01
 42   18 1.51460e-01
 42   20 1.69899e-01
 42   22 1.75596e-01
 42   24 1.83096e-01
 42   26 2.11998e-01
 42   28 2.20518e-01
 42   30 2.06668e-01
 42   32 2.60761e-01
 42   34 3.43268e-01
 42   36 4.13786e-01
 42   38 9.97246e-01
 42   40 2.85697e+00
 42   42 3.40402e+01
 42   44 2.83118e+00
 42   46 9.71940e-01
 42   48 3.90724e-01
 42   50 3.34320e-01
 42   52 2.66322e-01
 42   54 1.94663e-01
 42   56 2.02025e-01
 42   58 2.02988e-01
 42   60 1.74913e-01
 42   62 1.54671e-01
 42   64 1.35245e-01
 42   66 1.28459e-01
 42   68 1.21250e-01
 42   70 1.05993e-01
 42   72 9.46379e-02
 42   74 9.21438e-02
 42   76 7.94476e-02
 42   78 9.07263e-02
 42   80 9.78268e-02
 42   82 8.28331e-02
 42   84 7.52401e-02
 42   86 7.10012e-02
 42   88 7.81476e-02
 42   90 9.01677e-02
 43    1 2.19245e-02
 43    3 4.93491e-02
 43    5 7.86274e-02
 43    7 1.07246e-01
 43    9 1.30697e-01
 43   11 1.37880e-01
 43   13 1.36947e-01
 43   15 1.36206e-01
 43   17 1.40735e-01
 43   19 1.53821e-01
 43   21 1.70747e-01
 43   23 1.69122e-01
 43   25 1.69954e-01
 43   27 1.96870e-01
 43   29 2.12777e-01
 43   31 1.97325e-01
 43   33 2.58435e-01
 43   35 3.38442e-01
 43   37 4.00128e-01
 43   39 9.83681e-01
 43   41 2.78995e+00
 43   43 3.32858e+01
 43   45 2.74941e+00
 43   47 9.36834e-01
 43   49 3.73574e-01
 43   51 3.34402e-01
 43   53 2.71733e-01
 43   55 1.90390e-01
 43   57 1.99501e-01
 43   59 2.02596e-01
 43   61 1.65765e-01
 43   63 1.38613e-01
 43   65 1.35710e-01
 43   67 1.19950e-01
 43   69 1.12829e-01
 43   71 1.02766e-01
 43   73 9.64782e-02
 43   75 8.30285e-02
 43   77 9.62088e-02
 43   79 9.32296e-02
 43   81 8.31236e-02
 43   83 7.54720e-02
 43   85 7.51918e-02
 43   87 7.54647e-02
 43   89 8.01296e-02
 44    0 6.30193e-03
 44    2 3.40701e-02
 44    4 6.36855e-02
 44    6 9.10290e-02
 44    8 1.17034e-01
 44   10 1.23900e-01
 44   12 1.31498e-01
 44   14 1.30179e-01
 44   16 1.33936e-01
 44   18 1.40805e-01
 44   20 1.47491e-01
 44   22 1.64092e-01
 44   24 1.60872e-01
 44   26 1.61570e-01
 44   28 1.94739e-01
 44   30 2.07306e-01
 44   32 1.93567e-01
 44   34 2.55174e-01
 44   36 3.23231e-01
 44   38 3.90468e-01
 44   40 9.49348e-01
 44   42 2.71757e+00
 44   44 3.26056e+01
 44   46 2.67276e+00
 44   48 9.09924e-01
 44   50 3.64245e-01
 44   52 3.24933e-01
 44   54 2.57949e-01
 44   56 1.87762e-01
 44   58 2.03227e-01
 44   60 1.96452e-01
 44   62 1.50674e-01
 44   64 1.34728e-01
 44   66 1.28852e-01
 44   68 1.26997e-01
 44   70 1.06801e-01
 44   72 9.04303e-02
 44   74 8.72772e-02
 44   76 8.65411e-02
 44   78 9.26305e-02
 44   80 9.29288e-02
 44   82 8.13657e-02
 44   84 7.17703e-02
 44   86 7.32953e-02
 44   88 7.14652e-02
 44   90 7.94053e-02
 45    1 2.16740e-02
 45    3 4.84316e-02
 45    5 7.42531e-02
 45    7 1.01188e-01
 45    9 1.22684e-01
 45   11 1.32481e-01
 45   13 1.29078e-01
 45   15 1.27449e-01
 45   17 1.34183e-01
 45   19 1.41977e-01
 45   21 1.42925e-01
 45   23 1.47460e-01
 45   25 1.50999e-01
 45   27 1.58171e-01
 45   29 1.96070e-01
 45   31 2.03407e-01
 45   33 1.90471e-01
 45   35 2.44629e-01
 45   37 3.19317e-01
 45   39 3.75161e-01
 45   41 9.24467e-01
 45   43 2.64215e+00
 45   45 3.19230e+01
 45   47 2.61548e+00
 45   49 9.00961e-01
 45   51 3.67501e-01
 45   53 3.05980e-01
 45   55 2.54932e-01
 45   57 1.85954e-01
 45   59 1.80275e-01
 45   61 1.89276e-01
 45   63 1.52527e-01
 45   65 1.35972e-01
 45   67 1.24261e-01
 45   69 1.18113e-01
 45   71 9.61915e-02
 45   73 9.40656e-02
 45   75 8.71378e-02
 45   77 9.20394e-02
 45   79 8.34915e-02
 45   81 8.85749e-02
 45   83 7.65791e-02
 45   85 7.21482e-02
 45   87 7.21383e-02
 45   89 7.34963e-02
 46    0 7.52380e-03
 46    2 3.52652e-02
 46    4 6.16891e-02
 46    6 9.01447e-02
 46    8 1.19131e-01
 46   10 1.25652e-01
 46   12 1.29087e-01
 46   14 1.27509e-01
 46   16 1.23877e-01
 46   18 1.31642e-01
 46   20 1.32242e-01
 46   22 1.30965e-01
 46   24 1.42948e-01
 46   26 1.49279e-01
 46   28 1.52503e-01
 46   30 1.90155e-01
 46   32 2.02675e-01
 46   34 1.80071e-01
 46   36 2.38006e-01
 46   38 3.02278e-01
 46   40 3.65154e-01
 46   42 8.97544e-01
 46   44 2.57136e+00
 46   46 3.13026e+01
 46   48 2.54743e+00
 46   50 8.73891e-01
 46   52 3.46717e-01
 46   54 2.97884e-01
 46   56 2.46567e-01
 46   58 1.83581e-01
 46   60 1.71285e-01
 46   62 1.81057e-01
 46   64 1.41492e-01
 46   66 1.27372e-01
 46   68 1.19467e-01
 46   70 1.14895e-01
 46   72 9.23060e-02
 46   74 9.12301e-02
 46   76 8.92595e-02
 46   78 8.86039e-02
 46   80 8.38963e-02
 46   82 9.43798e-02
 46   84 7.11488e-02
 46   86 7.07505e-02
 46   88 6.85526e-02
 46   90 7.31520e-02
 47    1 2.27765e-02
 47    3 4.73160e-02
 47    5 7.38730e-02
 47    7 1.00190e-01
 47    9 1.17657e-01
 47   11 1.24821e-01
 47   13 1.24168e-01
 47   15 1.21662e-01
 47   17 1.25044e-01
 47   19 1.24948e-01
 47   21 1.34385e-01
 47   23 1.23375e-01
 47   25 1.45189e-01
 47   27 1.42849e-01
 47   29 1.51548e-01
 47   31 1.95405e-01
 47   33 1.96511e-01
 47   35 1.75329e-01
 47   37 2.37522e-01
 47   39 3.04224e-01
 47   41 3.57691e-01
 47   43 8.67065e-01
 47   45 2.51897e+00
 47   47 3.06968e+01
 47   49 2.49735e+00
 47   51 8.48838e-01
 47   53 3.32894e-01
 47   55 2.89431e-01
 47   57 2.36314e-01
 47   59 1.67619e-01
 47   61 1.74312e-01
 47   63 1.74858e-01
 47   65 1.46538e-01
 47   67 1.21797e-01
 47   69 1.11145e-01
 47   71 9.97314e-02
 47   73 9.58625e-02
 47   75 9.05906e-02
 47   77 9.03092e-02
 47   79 8.46511e-02
 47   81 8.30431e-02
 47   83 7.36716e-02
 47   85 6.89430e-02
 47   87 7.59479e-02
 47   89 7.08871e-02
 48    0 6.22113e-03
 48    2 3.30839e-02
 48    4 5.98036e-02
 48    6 8.65431e-02
 48    8 1.15136e-01
 48   10 1.17145e-01
 48   12 1.20555e-01
 48   14 1.20120e-01
 48   16 1.16785e-01
 48   18 1.22037e-01
 48   20 1.14888e-01
 48   22 1.18878e-01
 48   24 1.23673e-01
 48   26 1.36899e-01
 48   28 1.46708e-01
 48   30 1.51546e-01
 48   32 1.84417e-01
 48   34 1.83508e-01
 48   36 1.68225e-01
 48   38 2.33505e-01
 48   40 3.04414e-01
 48   42 3.47863e-01
 48   44 8.43976e-01
 48   46 2.45597e+00
 48   48 3.01287e+01
 48   50 2.42518e+00
 48   52 8.18661e-01
 48   54 3.15503e-01
 48   56 2.76664e-01
 48   58 2.30579e-01
 48   60 1.62724e-01
 48   62 1.65378e-01
 48   64 1.69987e-01
 48   66 1.38480e-01
 48   68 1.17468e-01
 48   70 1.10552e-01
 48   72 1.02912e-01
 48   74 9.24462e-02
 48   76 8.45172e-02
 48   78 8.96061e-02
 48   80 8.74476e-02
 48   82 7.64694e-02
 48   84 7.33338e-02
 48   86 6.96432e-02
 48   88 7.28920e-02
 48   90 7.57747e-02
 49    1 1.77704e-02
 49    3 4.45778e-02
 49    5 7.09950e-02
 49    7 1.00040e-01
 49    9 1.16972e-01
 49   11 1.14346e-01
 49   13 1.20428e-01
 49   15 1.24171e-01
 49   17 1.10840e-01
 49   19 1.13800e-01
 49   21 1.01661e-01
 49   23 1.10351e-01
 49   25 1.17490e-01
 49   27 1.41468e-01
 49   29 1.39783e-01
 49   31 1.48477e-01
 49   33 1.76774e-01
 49   35 1.85447e-01
 49   37 1.83726e-01
 49   39 2.39899e-01
 49   41 2.88450e-01
 49   43 3.33674e-01
 49   45 8.37400e-01
 49   47 2.41010e+00
 49   49 2.95682e+01
 49   51 2.35872e+00
 49   53 7.87668e-01
 49   55 3.07744e-01
 49   57 2.72402e-01
 49   59 2.30218e-01
 49   61 1.67294e-01
 49   63 1.58937e-01
 49   65 1.75677e-01
 49   67 1.38376e-01
 49   69 1.09119e-01
 49   71 1.02691e-01
 49   73 9.65929e-02
 49   75 8.48496e-02
 49   77 9.47375e-02
 49   79 8.55689e-02
 49   81 7.61996e-02
 49   83 7.11533e-02
 49   85 6.73117e-02
 49   87 7.66698e-02
 49   89 7.95433e-02
 50    0 6.24528e-03
 50    2 3.19195e-02
 50    4 5.79504e-02
 50    6 8.46016e-02
 50    8 1.11655e-01
 50   10 1.16122e-01
 50   12 1.11650e-01
 50   14 1.12982e-01
 50   16 1.13756e-01
 50   18 1.07428e-01
 50   20 1.02690e-01
 50   22 1.03857e-01
 50   24 1.04703e-01
 50   26 1.20281e-01
 50   28 1.32950e-01
 50   30 1.33052e-01
 50   32 1.39270e-01
 50   34 1.69775e-01
 50   36 1.76304e-01
 50   38 1.77189e-01
 50   40 2.32085e-01
 50   42 2.87526e-01
 50   44 3.26358e-01
 50   46 8.13870e-01
 50   48 2.34272e+00
 50   50 2.90313e+01
 50   52 2.30183e+00
 50   54 7.66581e-01
 50   56 2.97644e-01
 50   58 2.64867e-01
 50   60 2.30737e-01
 50   62 1.66202e-01
 50   64 1.58976e-01
 50   66 1.66663e-01
 50   68 1.31169e-01
 50   70 1.15569e-01
 50   72 1.03999e-01
 50   74 8.68591e-02
 50   76 8.30591e-02
 50   78 8.58432e-02
 50   80 8.11898e-02
 50   82 8.42101e-02
 50   84 6.64093e-02
 50   86 6.08431e-02
 50   88 7.39727e-02
 50   90 7.46260e-02
 51    1 1.82046e-02
 51    3 4.40853e-02
 51    5 7.02599e-02
 51    7 1.01441e-01
 51    9 1.18526e-01
 51   11 1.16910e-01
 51   13 1.13142e-01
 51   15 1.03580e-01
 51   17 1.03724e-01
 51   19 9.60545e-02
 51   21 9.81410e-02
 51   23 1.04128e-01
 51   25 1.13013e-01
 51   27 1.13802e-01
 51   29 1.34249e-01
 51   31 1.30085e-01
 51   33 1.39109e-01
 51   35 1.74603e-01
 51   37 1.83364e-01
 51   39 1.68791e-01
 51   41 2.24397e-01
 51   43 2.88799e-01
 51   45 3.30269e-01
 51   47 7.92070e-01
 51   49 2.28065e+00
 51   51 2.85047e+01
 51   53 2.24440e+00
 51   55 7.54518e-01
 51   57 2.91531e-01
 51   59 2.62530e-01
 51   61 2.31013e-01
 51   63 1.63475e-01
 51   65 1.52862e-01
 51   67 1.54969e-01
 51   69 1.31030e-01
 51   71 1.04466e-01
 51   73 9.22254e-02
 51   75 9.27892e-02
 51   77 8.84000e-02
 51   79 8.50425e-02
 51   81 8.04915e-02
 51   83 6.67183e-02
 51   85 6.28506e-02
 51   87 7.99084e-02
 51   89 7.43335e-02
 52    0 6.04209e-03
 52    2 3.08788e-02
 52    4 5.39060e-02
 52    6 8.01767e-02
 52    8 1.09022e-01
 52   10 1.19808e-01
 52   12 1.15460e-01
 52   14 1.02842e-01
 52   16 9.41553e-02
 52   18 9.37935e-02
 52   20 9.08323e-02
 52   22 9.78864e-02
 52   24 1.02775e-01
 52   26 1.08338e-01
 52   28 1.08106e-01
 52   30 1.19277e-01
 52   32 1.26684e-01
 52   34 1.35197e-01
 52   36 1.73615e-01
 52   38 1.84320e-01
 52   40 1.60351e-01
 52   42 2.21664e-01
 52   44 2.81755e-01
 52   46 3.12499e-01
 52   48 7.65343e-01
 52   50 2.22766e+00
 52   52 2.80151e+01
 52   54 2.18858e+00
 52   56 7.38158e-01
 52   58 2.85831e-01
 52   60 2.59382e-01
 52   62 2.25797e-01
 52   64 1.58194e-01
 52   66 1.48741e-01
 52   68 1.56122e-01
 52   70 1.23021e-01
 52   72 1.04667e-01
 52   74 9.23166e-02
 52   76 8.91922e-02
 52   78 8.17207e-02
 52   80 8.22583e-02
 52   82 7.39473e-02
 52   84 6.63333e-02
 52   86 6.35697e-02
 52   88 7.50487e-02
 52   90 7.59848e-02
 53    1 1.78955e-02
 53    3 4.35162e-02
 53    5 6.87602e-02
 53    7 9.54069e-02
 53    9 1.11033e-01
 53   11 1.11434e-01
 53   13 1.04132e-01
 53   15 1.03046e-01
 53   17 9.60041e-02
 53   19 9.42454e-02
 53   21 9.61049e-02
 53   23 9.97142e-02
 53   25 9.72775e-02
 53   27 1.01050e-01
 53   29 1.07148e-01
 53   31 1.17743e-01
 53   33 1.31549e-01
 53   35 1.50630e-01
 53   37 1.77594e-01
 53   39 1.75675e-01
 53   41 1.58067e-01
 53   43 2.27314e-01
 53   45 2.66354e-01
 53   47 3.00885e-01
 53   49 7.37705e-01
 53   51 2.17398e+00
 53   53 2.75594e+01
 53   55 2.14587e+00
 53   57 7.20163e-01
 53   59 2.78903e-01
 53   61 2.44949e-01
 53   63 2.19129e-01
 53   65 1.53820e-01
 53   67 1.46826e-01
 53   69 1.41472e-01
 53   71 1.22494e-01
 53   73 9.82071e-02
 53   75 9.64112e-02
 53   77 9.44944e-02
 53   79 7.92350e-02
 53   81 7.45605e-02
 53   83 6.79308e-02
 53   85 6.33373e-02
 53   87 8.07536e-02
 53   89 7.69256e-02
 54    0 6.27387e-03
 54    2 3.11386e-02
 54    4 5.70686e-02
 54    6 8.21829e-02
 54    8 1.08309e-01
 54   10 1.08866e-01
 54   12 1.05039e-01
 54   14 9.78427e-02
 54   16 9.12639e-02
 54   18 9.00580e-02
 54   20 9.14952e-02
 54   22 8.88559e-02
 54   24 9.45835e-02
 54   26 9.79100e-02
 54   28 9.40527e-02
 54   30 1.01395e-01
 54   32 1.18402e-01
 54   34 1.35465e-01
 54   36 1.49121e-01
 54   38 1.75639e-01
 54   40 1.67833e-01
 54   42 1.57072e-01
 54   44 2.16839e-01
 54   46 2.60284e-01
 54   48 2.85945e-01
 54   50 7.19218e-01
 54   52 2.12173e+00
 54   54 2.70960e+01
 54   56 2.09628e+00
 54   58 7.04263e-01
 54   60 2.65849e-01
 54   62 2.45714e-01
 54   64 2.15160e-01
 54   66 1.52597e-01
 54   68 1.36581e-01
 54   70 1.31694e-01
 54   72 1.15578e-01
 54   74 9.57584e-02
 54   76 9.51945e-02
 54   78 9.01001e-02
 54   80 7.87370e-02
 54   82 7.43075e-02
 54   84 6.69922e-02
 54   86 6.31761e-02
 54   88 7.84151e-02
 54   90 7.13876e-02
 55    1 1.80456e-02
 55    3 4.23748e-02
 55    5 6.78052e-02
 55    7 9.11323e-02
 55    9 1.09631e-01
 55   11 1.11511e-01
 55   13 9.87403e-02
 55   15 8.12211e-02
 55   17 8.33843e-02
 55   19 8.61780e-02
 55   21 8.68176e-02
 55   23 8.72827e-02
 55   25 9.30147e-02
 55   27 9.52204e-02
 55   29 9.28463e-02
 55   31 1.05466e-01
 55   33 1.26879e-01
 55   35 1.38919e-01
 55   37 1.43627e-01
 55   39 1.67667e-01
 55   41 1.63193e-01
 55   43 1.54531e-01
 55   45 2.15315e-01
 55   47 2.53820e-01
 55   49 2.79649e-01
 55   51 7.09107e-01
 55   53 2.08204e+00
 55   55 2.66835e+01
 55   57 2.04789e+00
 55   59 6.85930e-01
 55   61 2.60636e-01
 55   63 2.31893e-01
 55   65 2.14692e-01
 55   67 1.47739e-01
 55   69 1.25312e-01
 55   71 1.31584e-01
 55   73 1.17124e-01
 55   75 1.05570e-01
 55   77 9.62578e-02
 55   79 8.38020e-02
 55   81 7.61464e-02
 55   83 6.47957e-02
 55   85 6.44844e-02
 55   87 7.74797e-02
 55   89 7.32652e-02
 56    0 6.19223e-03
 56    2 3.06091e-02
 56    4 5.46423e-02
 56    6 7.97676e-02
 56    8 1.01275e-01
 56   10 1.07792e-01
 56   12 1.06377e-01
 56   14 8.93619e-02
 56   16 7.60088e-02
 56   18 7.75506e-02
 56   20 8.77763e-02
 56   22 8.50913e-02
 56   24 8.36162e-02
 56   26 8.80951e-02
 56   28 9.02316e-02
 56   30 9.51941e-02
 56   32 1.06345e-01
 56   34 1.23898e-01
 56   36 1.28322e-01
 56   38 1.30444e-01
 56   40 1.64448e-01
 56   42 1.58290e-01
 56   44 1.53265e-01
 56   46 2.09203e-01
 56   48 2.43481e-01
 56   50 2.71164e-01
 56   52 6.94879e-01
 56   54 2.03556e+00
 56   56 2.62275e+01
 56   58 1.99289e+00
 56   60 6.62859e-01
 56   62 2.54184e-01
 56   64 2.24093e-01
 56   66 2.13096e-01
 56   68 1.43623e-01
 56   70 1.35345e-01
 56   72 1.29774e-01
 56   74 1.11902e-01
 56   76 1.03214e-01
 56   78 9.42969e-02
 56   80 8.31164e-02
 56   82 7.61696e-02
 56   84 6.35885e-02
 56   86 6.37117e-02
 56   88 7.67662e-02
 56   90 7.10851e-02
 57    1 1.92832e-02
 57    3 4.42206e-02
 57    5 7.06351e-02
 57    7 9.08715e-02
 57    9 1.04123e-01
 57   11 1.00672e-01
 57   13 9.39076e-02
 57   15 9.68766e-02
 57   17 8.49826e-02
 57   19 8.35231e-02
 57   21 8.60618e-02
 57   23 8.60571e-02
 57   25 8.47965e-02
 57   27 8.93677e-02
 57   29 9.45559e-02
 57   31 9.69271e-02
 57   33 1.10106e-01
 57   35 1.22380e-01
 57   37 1.22025e-01
 57   39 1.32559e-01
 57   41 1.58555e-01
 57   43 1.57358e-01
 57   45 1.52626e-01
 57   47 2.01392e-01
 57   49 2.40551e-01
 57   51 2.66255e-01
 57   53 6.79030e-01
 57   55 1.99012e+00
 57   57 2.58224e+01
 57   59 1.95217e+00
 57   61 6.46400e-01
 57   63 2.44056e-01
 57   65 2.11284e-01
 57   67 2.00531e-01
 57   69 1.42568e-01
 57   71 1.28601e-01
 57   73 1.27520e-01
 57   75 1.15039e-01
 57   77 1.04352e-01
 57   79 8.28567e-02
 57   81 7.79217e-02
 57   83 6.76727e-02
 57   85 6.62704e-02
 57   87 8.26591e-02
 57   89 7.11248e-02
 58    0 6.86163e-03
 58    2 3.23073e-02
 58    4 5.56221e-02
 58    6 7.69439e-02
 58    8 9.82020e-02
 58   10 1.00988e-01
 58   12 9.24663e-02
 58   14 8.53915e-02
 58   16 8.29249e-02
 58   18 8.33193e-02
 58   20 7.93189e-02
 58   22 7.86025e-02
 58   24 7.89810e-02
 58   26 8.31213e-02
 58   28 8.63264e-02
 58   30 8.93793e-02
 58   32 9.54673e-02
 58   34 1.09114e-01
 58   36 1.17977e-01
 58   38 1.20084e-01
 58   40 1.27896e-01
 58   42 1.54676e-01
 58   44 1.61332e-01
 58   46 1.51483e-01
 58   48 1.97349e-01
 58   50 2.34675e-01
 58   52 2.61681e-01
 58   54 6.65075e-01
 58   56 1.93814e+00
 58   58 2.54241e+01
 58   60 1.91039e+00
 58   62 6.35023e-01
 58   64 2.41578e-01
 58   66 2.06086e-01
 58   68 1.95839e-01
 58   70 1.44846e-01
 58   72 1.30158e-01
 58   74 1.25984e-01
 58   76 1.12345e-01
 58   78 9.59568e-02
 58   80 7.96342e-02
 58   82 7.29728e-02
 58   84 6.59377e-02
 58   86 6.49456e-02
 58   88 7.80986e-02
 58   90 7.24747e-02
 59    1 1.82695e-02
 59    3 4.30114e-02
 59    5 6.54618e-02
 59    7 9.20601e-02
 59    9 1.06157e-01
 59   11 1.02351e-01
 59   13 9.48827e-02
 59   15 7.26228e-02
 59   17 7.47756e-02
 59   19 7.79493e-02
 59   21 8.22185e-02
 59   23 7.82814e-02
 59   25 7.71127e-02
 59   27 8.49582e-02
 59   29 8.82932e-02
 59   31 9.42791e-02
 59   33 9.80478e-02
 59   35 1.07469e-01
 59   37 1.15266e-01
 59   39 1.12591e-01
 59   41 1.24969e-01
 59   43 1.55524e-01
 59   45 1.44007e-01
 59   47 1.39028e-01
 59   49 1.97861e-01
 59   51 2.33355e-01
 59   53 2.55938e-01
 59   55 6.48748e-01
 59   57 1.89995e+00
 59   59 2.50603e+01
 59   61 1.86267e+00
 59   63 6.17552e-01
 59   65 2.29060e-01
 59   67 1.96132e-01
 59   69 2.03279e-01
 59   71 1.48583e-01
 59   73 1.23447e-01
 59   75 1.28605e-01
 59   77 1.12876e-01
 59   79 8.99470e-02
 59   81 7.80146e-02
 59   83 6.89770e-02
 59   85 6.60506e-02
 59   87 8.49594e-02
 59   89 7.30959e-02
 60    0 5.85469e-03
 60    2 2.95200e-02
 60    4 5.34676e-02
 60    6 7.77789e-02
 60    8 1.01750e-01
 60   10 1.02601e-01
 60   12 9.69615e-02
 60   14 7.90216e-02
 60   16 7.26112e-02
 60   18 7.38054e-02
 60   20 8.11730e-02
 60   22 8.01962e-02
 60   24 7.47606e-02
 60   26 7.59128e-02
 60   28 7.91972e-02
 60   30 8.64122e-02
 60   32 9.24239e-02
 60   34 9.43779e-02
 60   36 1.03788e-01
 60   38 1.06198e-01
 60   40 1.07193e-01
 60   42 1.29811e-01
 60   44 1.51891e-01
 60   46 1.37655e-01
 60   48 1.35645e-01
 60   50 1.99110e-01
 60   52 2.31281e-01
 60   54 2.44517e-01
 60   56 6.27857e-01
 60   58 1.86062e+00
 60   60 2.46752e+01
 60   62 1.82525e+00
 60   64 6.04841e-01
 60   66 2.26012e-01
 60   68 1.96517e-01
 60   70 1.97232e-01
 60   72 1.46722e-01
 60   74 1.18761e-01
 60   76 1.21245e-01
 60   78 1.06986e-01
 60   80 8.72257e-02
 60   82 7.84647e-02
 60   84 6.94638e-02
 60   86 6.30544e-02
 60   88 8.41052e-02
 60   90 6.66734e-02
 61    1 1.89634e-02
 61    3 4.55275e-02
 61    5 7.15481e-02
 61    7 8.62110e-02
 61    9 9.63408e-02
 61   11 8.58128e-02
 61   13 8.19418e-02
 61   15 8.38868e-02
 61   17 8.20199e-02
 61   19 7.83500e-02
 61   21 7.75925e-02
 61   23 7.13209e-02
 61   25 7.50553e-02
 61   27 7.90406e-02
 61   29 8.19157e-02
 61   31 8.45601e-02
 61   33 8.86179e-02
 61   35 8.88150e-02
 61   37 9.24728e-02
 61   39 1.05205e-01
 61   41 1.17967e-01
 61   43 1.24023e-01
 61   45 1.47362e-01
 61   47 1.40912e-01
 61   49 1.40134e-01
 61   51 2.00132e-01
 61   53 2.19078e-01
 61   55 2.40256e-01
 61   57 6.13152e-01
 61   59 1.81543e+00
 61   61 2.43252e+01
 61   63 1.77566e+00
 61   65 5.84967e-01
 61   67 2.26544e-01
 61   69 1.95595e-01
 61   71 2.03786e-01
 61   73 1.45768e-01
 61   75 1.34470e-01
 61   77 1.19491e-01
 61   79 9.89990e-02
 61   81 8.32509e-02
 61   83 6.49785e-02
 61   85 6.95371e-02
 61   87 8.51643e-02
 61   89 7.53825e-02
 62    0 6.38531e-03
 62    2 3.29367e-02
 62    4 5.60935e-02
 62    6 7.80093e-02
 62    8 9.41085e-02
 62   10 9.01064e-02
 62   12 7.89614e-02
 62   14 8.02582e-02
 62   16 8.17756e-02
 62   18 8.12730e-02
 62   20 7.37029e-02
 62   22 7.28313e-02
 62   24 6.96791e-02
 62   26 7.33503e-02
 62   28 7.54028e-02
 62   30 7.63455e-02
 62   32 8.34966e-02
 62   34 8.41561e-02
 62   36 8.11499e-02
 62   38 8.99644e-02
 62   40 1.06927e-01
 62   42 1.11954e-01
 62   44 1.13620e-01
 62   46 1.41916e-01
 62   48 1.34453e-01
 62   50 1.39880e-01
 62   52 1.96363e-01
 62   54 2.20417e-01
 62   56 2.34817e-01
 62   58 6.03209e-01
 62   60 1.78018e+00
 62   62 2.39928e+01
 62   64 1.73565e+00
 62   66 5.76460e-01
 62   68 2.20243e-01
 62   70 1.92748e-01
 62   72 1.92724e-01
 62   74 1.43325e-01
 62   76 1.24409e-01
 62   78 1.13523e-01
 62   80 9.45799e-02
 62   82 7.90155e-02
 62   84 6.67474e-02
 62   86 6.72782e-02
 62   88 8.56606e-02
 62   90 7.03660e-02
 63    1 1.52256e-02
 63    3 3.56402e-02
 63    5 5.91540e-02
 63    7 8.55519e-02
 63    9 1.03363e-01
 63   11 1.07981e-01
 63   13 8.99853e-02
 63   15 7.35485e-02
 63   17 7.41776e-02
 63   19 7.31529e-02
 63   21 6.66468e-02
 63   23 6.98887e-02
 63   25 7.12769e-02
 63   27 7.65962e-02
 63   29 8.20545e-02
 63   31 8.43745e-02
 63   33 8.51131e-02
 63   35 8.53031e-02
 63   37 9.08131e-02
 63   39 9.85033e-02
 63   41 1.01402e-01
 63   43 1.01215e-01
 63   45 1.15896e-01
 63   47 1.37955e-01
 63   49 1.29934e-01
 63   51 1.38219e-01
 63   53 1.91274e-01
 63   55 2.08622e-01
 63   57 2.25938e-01
 63   59 5.87421e-01
 63   61 1.73298e+00
 63   63 2.36462e+01
 63   65 1.69822e+00
 63   67 5.65705e-01
 63   69 2.22653e-01
 63   71 1.90226e-01
 63   73 1.93745e-01
 63   75 1.51589e-01
 63   77 1.20321e-01
 63   79 1.03214e-01
 63   81 8.78333e-02
 63   83 7.49073e-02
 63   85 7.29742e-02
 63   87 9.42487e-02
 63   89 7.21601e-02
 64    0 4.97802e-03
 64    2 2.45876e-02
 64    4 4.54905e-02
 64    6 6.94739e-02
 64    8 9.41049e-02
 64   10 1.00685e-01
 64   12 9.94888e-02
 64   14 7.80889e-02
 64   16 7.33187e-02
 64   18 7.36885e-02
 64   20 6.74463e-02
 64   22 6.95727e-02
 64   24 6.96410e-02
 64   26 7.23640e-02
 64   28 7.10828e-02
 64   30 8.10964e-02
 64   32 8.28490e-02
 64   34 8.25376e-02
 64   36 8.18944e-02
 64   38 8.62819e-02
 64   40 9.60995e-02
 64   42 9.56029e-02
 64   44 9.92188e-02
 64   46 1.08309e-01
 64   48 1.34967e-01
 64   50 1.30667e-01
 64   52 1.34354e-01
 64   54 1.88493e-01
 64   56 2.02175e-01
 64   58 2.24107e-01
 64   60 5.76105e-01
 64   62 1.69505e+00
 64   64 2.33191e+01
 64   66 1.65754e+00
 64   68 5.55369e-01
 64   70 2.18276e-01
 64   72 1.82591e-01
 64   74 1.89924e-01
 64   76 1.51070e-01
 64   78 1.20821e-01
 64   80 1.00317e-01
 64   82 8.52882e-02
 64   84 6.52358e-02
 64   86 7.16320e-02
 64   88 8.73689e-02
 64   90 7.23262e-02
 65    1 2.13000e-02
 65    3 4.65105e-02
 65    5 6.57748e-02
 65    7 8.20583e-02
 65    9 8.94489e-02
 65   11 7.51259e-02
 65   13 7.44997e-02
 65   15 8.14353e-02
 65   17 8.35494e-02
 65   19 7.91751e-02
 65   21 7.55767e-02
 65   23 7.25525e-02
 65   25 7.33804e-02
 65   27 7.33856e-02
 65   29 7.82006e-02
 65   31 7.09240e-02
 65   33 7.34743e-02
 65   35 7.94570e-02
 65   37 8.26217e-02
 65   39 8.01709e-02
 65   41 8.82162e-02
 65   43 9.68390e-02
 65   45 1.00965e-01
 65   47 1.12980e-01
 65   49 1.40349e-01
 65   51 1.26302e-01
 65   53 1.31210e-01
 65   55 1.88749e-01
 65   57 1.91145e-01
 65   59 2.12924e-01
 65   61 5.57908e-01
 65   63 1.65956e+00
 65   65 2.30241e+01
 65   67 1.62439e+00
 65   69 5.51115e-01
 65   71 2.21966e-01
 65   73 1.83732e-01
 65   75 1.88654e-01
 65   77 1.47623e-01
 65   79 1.04470e-01
 65   81 9.21946e-02
 65   83 7.60420e-02
 65   85 7.91763e-02
 65   87 9.38024e-02
 65   89 7.60842e-02
 66    0 5.74339e-03
 66    2 2.98013e-02
 66    4 5.55760e-02
 66    6 7.22702e-02
 66    8 8.50057e-02
 66   10 7.97192e-02
 66   12 6.74804e-02
 66   14 7.21631e-02
 66   16 7.89457e-02
 66   18 8.11836e-02
 66   20 7.86092e-02
 66   22 7.20988e-02
 66   24 6.87319e-02
 66   26 6.79279e-02
 66   28 7.88046e-02
 66   30 7.43264e-02
 66   32 7.42654e-02
 66   34 7.27504e-02
 66   36 7.79871e-02
 66   38 8.14659e-02
 66   40 7.59654e-02
 66   42 8.87947e-02
 66   44 9.27896e-02
 66   46 9.53408e-02
 66   48 1.07516e-01
 66   50 1.33952e-01
 66   52 1.23527e-01
 66   54 1.30723e-01
 66   56 1.87995e-01
 66   58 1.86947e-01
 66   60 2.10505e-01
 66   62 5.50503e-01
 66   64 1.62082e+00
 66   66 2.27324e+01
 66   68 1.58356e+00
 66   70 5.41860e-01
 66   72 2.17818e-01
 66   74 1.78786e-01
 66   76 1.84562e-01
 66   78 1.45114e-01
 66   80 1.05048e-01
 66   82 8.88940e-02
 66   84 7.61973e-02
 66   86 7.52104e-02
 66   88 9.39012e-02
 66   90 7.11482e-02
 67    1 1.06498e-02
 67    3 2.81030e-02
 67    5 5.04368e-02
 67    7 7.60929e-02
 67    9 9.54275e-02
 67   11 1.04233e-01
 67   13 9.14731e-02
 67   15 7.76041e-02
 67   17 6.79162e-02
 67   19 6.32475e-02
 67   21 5.89891e-02
 67   23 5.89240e-02
 67   25 7.03065e-02
 67   27 7.59187e-02
 67   29 7.29383e-02
 67   31 7.18552e-02
 67   33 7.60025e-02
 67   35 7.79315e-02
 67   37 7.90722e-02
 67   39 7.91269e-02
 67   41 8.03178e-02
 67   43 8.37489e-02
 67   45 9.02810e-02
 67   47 9.18813e-02
 67   49 1.08167e-01
 67   51 1.25285e-01
 67   53 1.22546e-01
 67   55 1.27088e-01
 67   57 1.77508e-01
 67   59 1.78387e-01
 67   61 2.11409e-01
 67   63 5.40914e-01
 67   65 1.58939e+00
 67   67 2.24468e+01
 67   69 1.55960e+00
 67   71 5.38101e-01
 67   73 2.19452e-01
 67   75 1.81303e-01
 67   77 1.74531e-01
 67   79 1.34297e-01
 67   81 9.96545e-02
 67   83 8.70247e-02
 67   85 8.99719e-02
 67   87 1.01592e-01
 67   89 7.86107e-02
 68    0 3.11443e-03
 68    2 1.67078e-02
 68    4 3.41883e-02
 68    6 5.56187e-02
 68    8 8.22528e-02
 68   10 9.27788e-02
 68   12 9.97766e-02
 68   14 8.40530e-02
 68   16 7.23837e-02
 68   18 6.16865e-02
 68   20 6.06132e-02
 68   22 5.58532e-02
 68   24 6.18223e-02
 68   26 7.07820e-02
 68   28 7.41632e-02
 68   30 6.94530e-02
 68   32 7.74158e-02
 68   34 7.78375e-02
 68   36 7.69217e-02
 68   38 7.26608e-02
 68   40 7.94363e-02
 68   42 8.20553e-02
 68   44 8.95375e-02
 68   46 8.75502e-02
 68   48 8.92904e-02
 68   50 1.03214e-01
 68   52 1.26940e-01
 68   54 1.14551e-01
 68   56 1.24051e-01
 68   58 1.73929e-01
 68   60 1.79198e-01
 68   62 2.05918e-01
 68   64 5.31686e-01
 68   66 1.55038e+00
 68   68 2.21706e+01
 68   70 1.52228e+00
 68   72 5.31437e-01
 68   74 2.16870e-01
 68   76 1.75278e-01
 68   78 1.70954e-01
 68   80 1.30176e-01
 68   82 9.76466e-02
 68   84 8.50343e-02
 68   86 8.09684e-02
 68   88 9.70064e-02
 68   90 7.65344e-02
 69    1 1.61581e-02
 69    3 3.66806e-02
 69    5 5.62836e-02
 69    7 6.97953e-02
 69    9 7.51343e-02
 69   11 6.34706e-02
 69   13 6.62283e-02
 69   15 7.02307e-02
 69   17 7.19644e-02
 69   19 6.66465e-02
 69   21 7.19349e-02
 69   23 7.81574e-02
 69   25 7.74193e-02
 69   27 7.05758e-02
 69   29 6.73986e-02
 69   31 7.77766e-02
 69   33 7.86632e-02
 69   35 6.83544e-02
 69   37 6.67842e-02
 69   39 7.19525e-02
 69   41 7.50490e-02
 69   43 7.71725e-02
 69   45 8.40659e-02
 69   47 8.21375e-02
 69   49 8.35595e-02
 69   51 1.03773e-01
 69   53 1.15672e-01
 69   55 1.05600e-01
 69   57 1.23629e-01
 69   59 1.81120e-01
 69   61 1.78809e-01
 69   63 2.08558e-01
 69   65 5.28255e-01
 69   67 1.52783e+00
 69   69 2.19022e+01
 69   71 1.49534e+00
 69   73 5.20845e-01
 69   75 2.20443e-01
 69   77 1.66100e-01
 69   79 1.55206e-01
 69   81 1.21434e-01
 69   83 9.64933e-02
 69   85 9.52385e-02
 69   87 1.09144e-01
 69   89 8.02716e-02
 70    0 4.94305e-03
 70    2 2.49004e-02
 70    4 4.35751e-02
 70    6 6.22889e-02
 70    8 7.70373e-02
 70   10 6.79494e-02
 70   12 5.85203e-02
 70   14 6.58912e-02
 70   16 7.11086e-02
 70   18 6.94964e-02
 70   20 6.54602e-02
 70   22 6.92053e-02
 70   24 7.77856e-02
 70   26 7.36419e-02
 70   28 6.66861e-02
 70   30 7.02962e-02
 70   32 6.85653e-02
 70   34 7.18257e-02
 70   36 6.75891e-02
 70   38 6.70530e-02
 70   40 7.15749e-02
 70   42 7.03100e-02
 70   44 7.38076e-02
 70   46 8.25321e-02
 70   48 8.23701e-02
 70   50 8.91389e-02
 70   52 9.80453e-02
 70   54 1.08265e-01
 70   56 1.14586e-01
 70   58 1.26094e-01
 70   60 1.76290e-01
 70   62 1.76643e-01
 70   64 2.04831e-01
 70   66 5.20001e-01
 70   68 1.49213e+00
 70   70 2.16266e+01
 70   72 1.45998e+00
 70   74 5.12184e-01
 70   76 2.21028e-01
 70   78 1.56905e-01
 70   80 1.51766e-01
 70   82 1.24942e-01
 70   84 9.30231e-02
 70   86 9.08969e-02
 70   88 1.04540e-01
 70   90 7.78454e-02
 71    1 9.18863e-03
 71    3 2.28162e-02
 71    5 4.03069e-02
 71    7 6.94782e-02
 71    9 8.96883e-02
 71   11 9.07200e-02
 71   13 8.36345e-02
 71   15 8.31301e-02
 71   17 7.08805e-02
 71   19 6.29437e-02
 71   21 6.06881e-02
 71   23 6.45082e-02
 71   25 6.47598e-02
 71   27 6.26058e-02
 71   29 6.62150e-02
 71   31 6.75476e-02
 71   33 6.63678e-02
 71   35 6.56933e-02
 71   37 6.31068e-02
 71   39 6.43395e-02
 71   41 6.38594e-02
 71   43 6.89373e-02
 71   45 6.71466e-02
 71   47 7.22850e-02
 71   49 7.71247e-02
 71   51 8.11430e-02
 71   53 9.82283e-02
 71   55 1.08752e-01
 71   57 1.09372e-01
 71   59 1.29840e-01
 71   61 1.82713e-01
 71   63 1.74757e-01
 71   65 2.08666e-01
 71   67 5.16998e-01
 71   69 1.46657e+00
 71   71 2.13830e+01
 71   73 1.42476e+00
 71   75 5.01703e-01
 71   77 2.08358e-01
 71   79 1.50934e-01
 71   81 1.55998e-01
 71   83 1.22541e-01
 71   85 1.07506e-01
 71   87 1.17973e-01
 71   89 8.89430e-02
 72    0 3.16686e-03
 72    2 1.46187e-02
 72    4 2.81596e-02
 72    6 4.83480e-02
 72    8 7.65910e-02
 72   10 8.99404e-02
 72   12 8.62226e-02
 72   14 8.13347e-02
 72   16 7.93886e-02
 72   18 6.54652e-02
 72   20 6.24123e-02
 72   22 6.03252e-02
 72   24 6.18727e-02
 72   26 5.90599e-02
 72   28 6.27382e-02
 72   30 6.49274e-02
 72   32 6.29413e-02
 72   34 6.08105e-02
 72   36 6.16904e-02
 72   38 6.73867e-02
 72   40 6.56004e-02
 72   42 6.16046e-02
 72   44 6.13266e-02
 72   46 6.50671e-02
 72   48 7.52446e-02
 72   50 7.87161e-02
 72   52 8.18595e-02
 72   54 9.32412e-02
 72   56 1.07817e-01
 72   58 1.11191e-01
 72   60 1.28692e-01
 72   62 1.73322e-01
 72   64 1.68142e-01
 72   66 2.05126e-01
 72   68 5.11182e-01
 72   70 1.43270e+00
 72   72 2.11364e+01
 72   74 1.38981e+00
 72   76 4.99558e-01
 72   78 2.13446e-01
 72   80 1.45543e-01
 72   82 1.45956e-01
 72   84 1.22121e-01
 72   86 1.05340e-01
 72   88 1.17517e-01
 72   90 8.40722e-02
 73    1 1.43493e-02
 73    3 3.28075e-02
 73    5 4.88820e-02
 73    7 6.31622e-02
 73    9 8.03187e-02
 73   11 7.37819e-02
 73   13 6.72783e-02
 73   15 6.37078e-02
 73   17 6.52307e-02
 73   19 7.21639e-02
 73   21 7.31500e-02
 73   23 7.04064e-02
 73   25 6.55150e-02
 73   27 6.83784e-02
 73   29 7.07675e-02
 73   31 6.70348e-02
 73   33 6.42282e-02
 73   35 6.10513e-02
 73   37 6.26310e-02
 73   39 6.31361e-02
 73   41 5.99976e-02
 73   43 6.35455e-02
 73   45 6.44716e-02
 73   47 6.82207e-02
 73   49 7.12288e-02
 73   51 7.03362e-02
 73   53 7.73240e-02
 73   55 9.50455e-02
 73   57 1.06486e-01
 73   59 1.05918e-01
 73   61 1.28325e-01
 73   63 1.74761e-01
 73   65 1.69590e-01
 73   67 2.07022e-01
 73   69 5.01561e-01
 73   71 1.39892e+00
 73   73 2.08986e+01
 73   75 1.35362e+00
 73   77 4.75511e-01
 73   79 2.06714e-01
 73   81 1.52204e-01
 73   83 1.54022e-01
 73   85 1.29763e-01
 73   87 1.27967e-01
 73   89 9.14330e-02
 74    0 4.76962e-03
 74    2 2.36490e-02
 74    4 4.11015e-02
 74    6 5.48111e-02
 74    8 6.77564e-02
 74   10 6.99194e-02
 74   12 6.78736e-02
 74   14 6.55868e-02
 74   16 6.14208e-02
 74   18 6.46615e-02
 74   20 7.20070e-02
 74   22 7.23996e-02
 74   24 6.82646e-02
 74   26 6.50819e-02
 74   28 6.66844e-02
 74   30 7.12472e-02
 74   32 6.61926e-02
 74   34 5.94285e-02
 74   36 5.98551e-02
 74   38 5.92665e-02
 74   40 5.79060e-02
 74   42 5.89254e-02
 74   44 5.81466e-02
 74   46 6.31769e-02
 74   48 6.64031e-02
 74   50 6.45860e-02
 74   52 7.09295e-02
 74   54 7.58922e-02
 74   56 9.13323e-02
 74   58 1.05731e-01
 74   60 1.02334e-01
 74   62 1.26628e-01
 74   64 1.71817e-01
 74   66 1.65405e-01
 74   68 2.04933e-01
 74   70 4.93769e-01
 74   72 1.36535e+00
 74   74 2.06647e+01
 74   76 1.32448e+00
 74   78 4.70326e-01
 74   80 2.10734e-01
 74   82 1.47509e-01
 74   84 1.49154e-01
 74   86 1.24949e-01
 74   88 1.26687e-01
 74   90 8.97118e-02
 75    1 9.92701e-03
 75    3 2.44225e-02
 75    5 4.03666e-02
 75    7 5.75807e-02
 75    9 6.97059e-02
 75   11 6.98281e-02
 75   13 7.33208e-02
 75   15 8.06288e-02
 75   17 7.56903e-02
 75   19 7.89998e-02
 75   21 7.11904e-02
 75   23 6.03865e-02
 75   25 6.03802e-02
 75   27 6.57106e-02
 75   29 6.59457e-02
 75   31 5.70673e-02
 75   33 5.16440e-02
 75   35 5.74776e-02
 75   37 5.92932e-02
 75   39 5.28023e-02
 75   41 5.36522e-02
 75   43 5.37534e-02
 75   45 5.87040e-02
 75   47 6.33685e-02
 75   49 6.15012e-02
 75   51 6.95582e-02
 75   53 7.46142e-02
 75   55 8.42076e-02
 75   57 9.44240e-02
 75   59 1.08460e-01
 75   61 1.16358e-01
 75   63 1.34402e-01
 75   65 1.71161e-01
 75   67 1.68114e-01
 75   69 2.08658e-01
 75   71 4.84195e-01
 75   73 1.33051e+00
 75   75 2.04245e+01
 75   77 1.28390e+00
 75   79 4.58713e-01
 75   81 2.19310e-01
 75   83 1.70143e-01
 75   85 1.56445e-01
 75   87 1.41331e-01
 75   89 8.92987e-02
 76    0 3.69193e-03
 76    2 1.63556e-02
 76    4 2.96713e-02
 76    6 4.48015e-02
 76    8 6.33410e-02
 76   10 6.66156e-02
 76   12 6.95612e-02
 76   14 7.39875e-02
 76   16 7.91323e-02
 76   18 7.44414e-02
 76   20 7.24558e-02
 76   22 6.56629e-02
 76   24 6.27917e-02
 76   26 6.11612e-02
 76   28 6.46827e-02
 76   30 6.21404e-02
 76   32 5.60314e-02
 76   34 5.30426e-02
 76   36 5.60866e-02
 76   38 5.56943e-02
 76   40 5.17099e-02
 76   42 4.99657e-02
 76   44 5.67023e-02
 76   46 6.07896e-02
 76   48 5.97033e-02
 76   50 6.07385e-02
 76   52 6.73950e-02
 76   54 7.41971e-02
 76   56 8.28479e-02
 76   58 9.27241e-02
 76   60 1.02746e-01
 76   62 1.08096e-01
 76   64 1.34406e-01
 76   66 1.67924e-01
 76   68 1.62890e-01
 76   70 2.09556e-01
 76   72 4.82646e-01
 76   74 1.30256e+00
 76   76 2.01900e+01
 76   78 1.25277e+00
 76   80 4.47516e-01
 76   82 2.16335e-01
 76   84 1.59796e-01
 76   86 1.54577e-01
 76   88 1.37008e-01
 76   90 9.16204e-02
 77    1 1.32297e-02
 77    3 2.93767e-02
 77    5 4.44988e-02
 77    7 5.96559e-02
 77    9 7.13165e-02
 77   11 6.92368e-02
 77   13 7.09964e-02
 77   15 6.99306e-02
 77   17 6.19527e-02
 77   19 5.95992e-02
 77   21 6.26301e-02
 77   23 5.73572e-02
 77   25 5.50832e-02
 77   27 5.95425e-02
 77   29 6.18189e-02
 77   31 5.88376e-02
 77   33 5.31221e-02
 77   35 5.68842e-02
 77   37 5.87250e-02
 77   39 5.55867e-02
 77   41 5.68182e-02
 77   43 6.12881e-02
 77   45 6.10123e-02
 77   47 6.21591e-02
 77   49 6.75676e-02
 77   51 6.52058e-02
 77   53 7.19586e-02
 77   55 7.55488e-02
 77   57 8.42793e-02
 77   59 9.36693e-02
 77   61 1.01739e-01
 77   63 1.04969e-01
 77   65 1.31788e-01
 77   67 1.59241e-01
 77   69 1.54700e-01
 77   71 1.97864e-01
 77   73 4.59903e-01
 77   75 1.26332e+00
 77   77 1.99913e+01
 77   79 1.22541e+00
 77   81 4.59029e-01
 77   83 2.47781e-01
 77   85 1.80229e-01
 77   87 1.72127e-01
 77   89 1.03821e-01
 78    0 4.41684e-03
 78    2 2.11672e-02
 78    4 3.61400e-02
 78    6 5.04961e-02
 78    8 6.46346e-02
 78   10 6.55442e-02
 78   12 6.47275e-02
 78   14 7.03879e-02
 78   16 6.37498e-02
 78   18 5.68368e-02
 78   20 5.87221e-02
 78   22 5.99764e-02
 78   24 5.60027e-02
 78   26 5.46616e-02
 78   28 6.03329e-02
 78   30 6.20892e-02
 78   32 5.69089e-02
 78   34 5.35389e-02
 78   36 5.95483e-02
 78   38 5.58766e-02
 78   40 5.58688e-02
 78   42 5.61736e-02
 78   44 5.97503e-02
 78   46 5.94067e-02
 78   48 6.23159e-02
 78   50 6.18004e-02
 78   52 6.07913e-02
 78   54 6.91366e-02
 78   56 7.45155e-02
 78   58 7.79691e-02
 78   60 8.92555e-02
 78   62 9.71072e-02
 78   64 1.05826e-01
 78   66 1.29983e-01
 78   68 1.56406e-01
 78   70 1.46453e-01
 78   72 2.03020e-01
 78   74 4.55366e-01
 78   76 1.23333e+00
 78   78 1.97979e+01
 78   80 1.19720e+00
 78   82 4.52196e-01
 78   84 2.41243e-01
 78   86 1.81452e-01
 78   88 1.66522e-01
 78   90 1.04507e-01
 79    1 8.57528e-03
 79    3 2.08382e-02
 79    5 3.14340e-02
 79    7 4.25847e-02
 79    9 5.27233e-02
 79   11 4.63933e-02
 79   13 5.37708e-02
 79   15 6.66717e-02
 79   17 7.69831e-02
 79   19 7.59489e-02
 79   21 7.39806e-02
 79   23 7.71738e-02
 79   25 8.64583e-02
 79   27 7.68219e-02
 79   29 6.39214e-02
 79   31 6.78116e-02
 79   33 6.28297e-02
 79   35 5.77372e-02
 79   37 5.30167e-02
 79   39 5.70963e-02
 79   41 6.10268e-02
 79   43 5.84986e-02
 79   45 5.45151e-02
 79   47 5.73900e-02
 79   49 6.01123e-02
 79   51 6.17875e-02
 79   53 5.94326e-02
 79   55 6.47854e-02
 79   57 6.59140e-02
 79   59 7.35212e-02
 79   61 8.30259e-02
 79   63 8.86928e-02
 79   65 9.18633e-02
 79   67 1.20692e-01
 79   69 1.42383e-01
 79   71 1.41180e-01
 79   73 1.96927e-01
 79   75 4.44584e-01
 79   77 1.20701e+00
 79   79 1.96450e+01
 79   81 1.19623e+00
 79   83 4.74654e-01
 79   85 2.55500e-01
 79   87 1.97692e-01
 79   89 1.31595e-01
 80    0 2.42991e-03
 80    2 1.30378e-02
 80    4 2.54135e-02
 80    6 3.67533e-02
 80    8 4.90431e-02
 80   10 4.67649e-02
 80   12 4.62118e-02
 80   14 5.14934e-02
 80   16 6.62585e-02
 80   18 7.57355e-02
 80   20 7.40763e-02
 80   22 7.14017e-02
 80   24 7.63124e-02
 80   26 8.11640e-02
 80   28 7.18748e-02
 80   30 6.00179e-02
 80   32 6.09897e-02
 80   34 6.35610e-02
 80   36 5.56176e-02
 80   38 5.54877e-02
 80   40 5.10323e-02
 80   42 5.96909e-02
 80   44 5.90728e-02
 80   46 5.54340e-02
 80   48 5.99322e-02
 80   50 5.76020e-02
 80   52 6.03031e-02
 80   54 5.95406e-02
 80   56 6.47272e-02
 80   58 6.37672e-02
 80   60 7.17142e-02
 80   62 7.97292e-02
 80   64 8.65913e-02
 80   66 9.27290e-02
 80   68 1.17370e-01
 80   70 1.39600e-01
 80   72 1.36425e-01
 80   74 2.01071e-01
 80   76 4.34178e-01
 80   78 1.17983e+00
 80   80 1.94620e+01
 80   82 1.16455e+00
 80   84 4.63762e-01
 80   86 2.52350e-01
 80   88 1.96427e-01
 80   90 1.32819e-01
 81    1 1.26196e-02
 81    3 2.88454e-02
 81    5 4.61822e-02
 81    7 6.22762e-02
 81    9 7.58202e-02
 81   11 6.70735e-02
 81   13 6.14063e-02
 81   15 6.21946e-02
 81   17 6.32963e-02
 81   19 6.15730e-02
 81   21 5.44748e-02
 81   23 5.54061e-02
 81   25 4.98924e-02
 81   27 5.17607e-02
 81   29 5.19504e-02
 81   31 5.44425e-02
 81   33 5.47683e-02
 81   35 4.95952e-02
 81   37 4.90536e-02
 81   39 5.05484e-02
 81   41 5.65037e-02
 81   43 5.14263e-02
 81   45 5.70235e-02
 81   47 5.55106e-02
 81   49 5.27800e-02
 81   51 5.76612e-02
 81   53 5.51424e-02
 81   55 5.80418e-02
 81   57 6.11192e-02
 81   59 6.28740e-02
 81   61 6.88400e-02
 81   63 7.44180e-02
 81   65 7.99331e-02
 81   67 8.83035e-02
 81   69 1.09840e-01
 81   71 1.43871e-01
 81   73 1.42965e-01
 81   75 2.09575e-01
 81   77 4.45799e-01
 81   79 1.17946e+00
 81   81 1.93302e+01
 81   83 1.18836e+00
 81   85 4.65114e-01
 81   87 2.67321e-01
 81   89 1.68100e-01
 82    0 4.08373e-03
 82    2 2.06039e-02
 82    4 3.67583e-02
 82    6 5.06013e-02
 82    8 6.76801e-02
 82   10 7.11718e-02
 82   12 5.96119e-02
 82   14 5.91834e-02
 82   16 5.40506e-02
 82   18 6.05057e-02
 82   20 5.96547e-02
 82   22 5.85632e-02
 82   24 4.59169e-02
 82   26 4.79409e-02
 82   28 5.30648e-02
 82   30 5.17032e-02
 82   32 4.98059e-02
 82   34 5.04605e-02
 82   36 4.97994e-02
 82   38 4.91972e-02
 82   40 5.35963e-02
 82   42 4.98585e-02
 82   44 5.10227e-02
 82   46 6.15174e-02
 82   48 5.16993e-02
 82   50 5.89366e-02
 82   52 5.34771e-02
 82   54 5.54309e-02
 82   56 5.85149e-02
 82   58 5.76426e-02
 82   60 6.36385e-02
 82   62 6.57077e-02
 82   64 7.26230e-02
 82   66 7.74081e-02
 82   68 8.68497e-02
 82   70 1.13371e-01
 82   72 1.34961e-01
 82   74 1.38841e-01
 82   76 2.07048e-01
 82   78 4.39605e-01
 82   80 1.14880e+00
 82   82 1.91598e+01
 82   84 1.15945e+00
 82   86 4.58228e-01
 82   88 2.63012e-01
 82   90 1.61208e-01
 83    1 9.18722e-03
 83    3 2.16711e-02
 83    5 3.50049e-02
 83    7 4.91995e-02
 83    9 5.52570e-02
 83   11 4.96351e-02
 83   13 4.98684e-02
 83   15 5.60960e-02
 83   17 6.20895e-02
 83   19 6.66050e-02
 83   21 7.07080e-02
 83   23 7.43108e-02
 83   25 6.66184e-02
 83   27 6.22279e-02
 83   29 5.97095e-02
 83   31 5.46069e-02
 83   33 5.15308e-02
 83   35 4.71964e-02
 83   37 4.81848e-02
 83   39 4.63428e-02
 83   41 4.29290e-02
 83   43 4.60835e-02
 83   45 4.86578e-02
 83   47 4.86039e-02
 83   49 4.86418e-02
 83   51 4.71712e-02
 83   53 4.95841e-02
 83   55 4.87457e-02
 83   57 5.23880e-02
 83   59 5.48654e-02
 83   61 5.30299e-02
 83   63 6.26386e-02
 83   65 6.50689e-02
 83   67 7.61066e-02
 83   69 8.61423e-02
 83   71 1.11541e-01
 83   73 1.42786e-01
 83   75 1.60470e-01
 83   77 2.37502e-01
 83   79 4.61898e-01
 83   81 1.17287e+00
 83   83 1.90832e+01
 83   85 1.15448e+00
 83   87 4.52806e-01
 83   89 2.21985e-01
 84    0 3.06639e-03
 84    2 1.50032e-02
 84    4 2.75618e-02
 84    6 4.15726e-02
 84    8 5.37322e-02
 84   10 4.86506e-02
 84   12 4.63079e-02
 84   14 5.17874e-02
 84   16 5.55233e-02
 84   18 5.97656e-02
 84   20 6.32881e-02
 84   22 7.26820e-02
 84   24 7.06387e-02
 84   26 6.22391e-02
 84   28 6.25625e-02
 84   30 5.93552e-02
 84   32 5.44544e-02
 84   34 4.82769e-02
 84   36 4.64811e-02
 84   38 5.20984e-02
 84   40 4.34017e-02
 84   42 4.47194e-02
 84   44 4.44404e-02
 84   46 4.57928e-02
 84   48 4.89567e-02
 84   50 4.58945e-02
 84   52 4.73683e-02
 84   54 4.93463e-02
 84   56 4.82364e-02
 84   58 5.14313e-02
 84   60 5.56307e-02
 84   62 5.48087e-02
 84   64 5.48507e-02
 84   66 6.55186e-02
 84   68 7.46820e-02
 84   70 8.33485e-02
 84   72 1.11504e-01
 84   74 1.38626e-01
 84   76 1.51015e-01
 84   78 2.31580e-01
 84   80 4.51743e-01
 84   82 1.14488e+00
 84   84 1.89452e+01
 84   86 1.12626e+00
 84   88 4.45151e-01
 84   90 2.10421e-01
 85    1 1.32827e-02
 85    3 3.02155e-02
 85    5 4.84668e-02
 85    7 6.89187e-02
 85    9 8.16792e-02
 85   11 6.11114e-02
 85   13 5.91966e-02
 85   15 5.49785e-02
 85   17 5.66949e-02
 85   19 5.85901e-02
 85   21 5.90511e-02
 85   23 5.77165e-02
 85   25 5.33647e-02
 85   27 5.26616e-02
 85   29 4.94325e-02
 85   31 5.19939e-02
 85   33 4.15864e-02
 85   35 4.08723e-02
 85   37 4.03097e-02
 85   39 4.22563e-02
 85   41 4.73762e-02
 85   43 4.53578e-02
 85   45 4.52886e-02
 85   47 4.49348e-02
 85   49 4.54598e-02
 85   51 4.38999e-02
 85   53 4.56727e-02
 85   55 4.79255e-02
 85   57 5.06827e-02
 85   59 5.19030e-02
 85   61 5.60646e-02
 85   63 6.02849e-02
 85   65 6.69324e-02
 85   67 7.77335e-02
 85   69 8.39949e-02
 85   71 9.66735e-02
 85   73 1.18844e-01
 85   75 1.45769e-01
 85   77 1.70665e-01
 85   79 2.45630e-01
 85   81 4.53502e-01
 85   83 1.14053e+00
 85   85 1.87774e+01
 85   87 1.12948e+00
 85   89 3.93398e-01
 86    0 4.42543e-03
 86    2 2.12782e-02
 86    4 3.94991e-02
 86    6 5.63577e-02
 86    8 7.37973e-02
 86   10 7.11152e-02
 86   12 5.77044e-02
 86   14 5.70243e-02
 86   16 5.25117e-02
 86   18 5.48450e-02
 86   20 5.52521e-02
 86   22 5.51116e-02
 86   24 5.67366e-02
 86   26 5.14999e-02
 86   28 4.86349e-02
 86   30 4.98372e-02
 86   32 4.47365e-02
 86   34 4.20547e-02
 86   36 4.03842e-02
 86   38 3.96620e-02
 86   40 4.17488e-02
 86   42 4.17102e-02
 86   44 4.48580e-02
 86   46 4.50080e-02
 86   48 4.59534e-02
 86   50 4.15599e-02
 86   52 4.48680e-02
 86   54 4.59953e-02
 86   56 4.77690e-02
 86   58 5.00696e-02
 86   60 4.99117e-02
 86   62 5.46034e-02
 86   64 5.95297e-02
 86   66 6.39195e-02
 86   68 7.02858e-02
 86   70 8.04983e-02
 86   72 9.50647e-02
 86   74 1.14781e-01
 86   76 1.44388e-01
 86   78 1.72163e-01
 86   80 2.42957e-01
 86   82 4.47222e-01
 86   84 1.11319e+00
 86   86 1.86482e+01
 86   88 1.10334e+00
 86   90 3.83076e-01
 87    1 5.93993e-03
 87    3 1.46029e-02
 87    5 2.40043e-02
 87    7 3.11131e-02
 87    9 3.28603e-02
 87   11 3.06458e-02
 87   13 3.25305e-02
 87   15 3.36712e-02
 87   17 3.41971e-02
 87   19 3.46450e-02
 87   21 3.29129e-02
 87   23 4.02015e-02
 87   25 3.82151e-02
 87   27 3.73130e-02
 87   29 3.80081e-02
 87   31 3.77906e-02
 87   33 4.00603e-02
 87   35 4.05190e-02
 87   37 3.77129e-02
 87   39 4.36883e-02
 87   41 4.48303e-02
 87   43 4.50156e-02
 87   45 4.47783e-02
 87   47 4.89493e-02
 87   49 5.12034e-02
 87   51 5.51930e-02
 87   53 5.75833e-02
 87   55 5.69427e-02
 87   57 6.25126e-02
 87   59 6.60184e-02
 87   61 6.78997e-02
 87   63 7.69932e-02
 87   65 7.84140e-02
 87   67 8.67955e-02
 87   69 9.51870e-02
 87   71 1.04906e-01
 87   73 1.15894e-01
 87   75 1.30220e-01
 87   77 1.61178e-01
 87   79 1.87939e-01
 87   81 2.57745e-01
 87   83 4.42356e-01
 87   85 1.11691e+00
 87   87 1.81307e+01
 87   89 1.19112e+00
 88    0 1.63319e-03
 88    2 9.27511e-03
 88    4 1.86739e-02
 88    6 2.69683e-02
 88    8 3.55253e-02
 88   10 2.90886e-02
 88   12 2.61602e-02
 88   14 2.99850e-02
 88   16 3.48225e-02
 88   18 3.24926e-02
 88   20 3.19388e-02
 88   22 3.24744e-02
 88   24 3.63510e-02
 88   26 3.98080e-02
 88   28 3.72433e-02
 88   30 3.98743e-02
 88   32 3.70504e-02
 88   34 4.05189e-02
 88   36 3.60275e-02
 88   38 4.03604e-02
 88   40 4.33140e-02
 88   42 4.54189e-02
 88   44 4.32715e-02
 88   46 4.31448e-02
 88   48 4.75842e-02
 88   50 4.99894e-02
 88   52 5.24051e-02
 88   54 5.64812e-02
 88   56 5.69431e-02
 88   58 5.95678e-02
 88   60 6.58649e-02
 88   62 6.87813e-02
 88   64 7.18336e-02
 88   66 7.89533e-02
 88   68 8.33099e-02
 88   70 9.15935e-02
 88   72 1.04924e-01
 88   74 1.15137e-01
 88   76 1.26612e-01
 88   78 1.56312e-01
 88   80 1.87099e-01
 88   82 2.53957e-01
 88   84 4.35293e-01
 88   86 1.09158e+00
 88   88 1.80178e+01
 88   90 1.16153e+00
 89    1 1.05972e-02
 89    3 2.49942e-02
 89    5 3.78171e-02
 89    7 5.09763e-02
 89    9 5.75523e-02
 89   11 4.95076e-02
 89   13 4.86251e-02
 89   15 4.74340e-02
 89   17 4.91635e-02
 89   19 5.12757e-02
 89   21 5.36029e-02
 89   23 5.17912e-02
 89   25 4.96105e-02
 89   27 5.02122e-02
 89   29 4.84721e-02
 89   31 4.84749e-02
 89   33 4.85540e-02
 89   35 4.26946e-02
 89   37 4.46890e-02
 89   39 4.52154e-02
 89   41 5.07140e-02
 89   43 4.73109e-02
 89   45 4.51561e-02
 89   47 4.52217e-02
 89   49 5.25808e-02
 89   51 5.08190e-02
 89   53 5.42944e-02
 89   55 5.32963e-02
 89   57 5.32412e-02
 89   59 5.62207e-02
 89   61 5.94881e-02
 89   63 5.83477e-02
 89   65 6.29539e-02
 89   67 6.64769e-02
 89   69 6.92931e-02
 89   71 7.82845e-02
 89   73 8.19626e-02
 89   75 8.14395e-02
 89   77 9.62263e-02
 89   79 1.23827e-01
 89   81 1.60427e-01
 89   83 2.14651e-01
 89   85 3.85052e-01
 89   87 1.17898e+00
 89   89 1.80380e+01
 90    0 3.12875e-03
 90    2 1.55248e-02
 90    4 2.85806e-02
 90    6 4.47273e-02
 90    8 5.69324e-02
 90   10 5.00770e-02
 90   12 4.46838e-02
 90   14 4.51312e-02
 90   16 4.49802e-02
 90   18 4.64484e-02
 90   20 4.85525e-02
 90   22 4.72015e-02
 90   24 5.04817e-02
 90   26 4.57547e-02
 90   28 4.70423e-02
 90   30 4.57123e-02
 90   32 5.10413e-02
 90   34 4.49523e-02
 90   36 4.58238e-02
 90   38 4.48144e-02
 90   40 4.60365e-02
 90   42 5.18950e-02
 90   44 4.76114e-02
 90   46 4.55915e-02
 90   48 4.89847e-02
 90   50 4.99402e-02
 90   52 5.25425e-02
 90   54 5.09191e-02
 90   56 5.22159e-02
 90   58 5.47405e-02
 90   60 5.17055e-02
 90   62 5.59508e-02
 90   64 5.88870e-02
 90   66 5.92402e-02
 90   68 6.50889e-02
 90   70 6.75411e-02
 90   72 7.43325e-02
 90   74 8.07396e-02
 90   76 8.38447e-02
 90   78 9.71447e-02
 90   80 1.25281e-01
 90   82 1.54143e-01
 90   84 2.03759e-01
 90   86 3.75303e-01
 90   88 1.15023e+00
