# C+CO2(ji) -> C+CO2(jf) molscat cross sections, CS8_JMAX90 approx. (written on 08/06/2020); 
# E=35240.000000 (1/cm) = 4.36920311614 eV
# ji  jf sigma(ji,jf) (1e-16 cm^2)
  0    0 1.45223e+02
  0    2 1.76771e+01
  0    4 5.27649e+00
  0    6 2.22368e+00
  0    8 1.56348e+00
  0   10 1.86598e+00
  0   12 1.26043e+00
  0   14 1.01038e+00
  0   16 1.11218e+00
  0   18 9.45818e-01
  0   20 7.65013e-01
  0   22 7.65645e-01
  0   24 7.72260e-01
  0   26 6.89567e-01
  0   28 7.25283e-01
  0   30 5.50452e-01
  0   32 7.60434e-01
  0   34 6.51750e-01
  0   36 7.23784e-01
  0   38 4.68588e-01
  0   40 6.40256e-01
  0   42 5.72487e-01
  0   44 5.47589e-01
  0   46 6.45736e-01
  0   48 7.21282e-01
  0   50 7.62566e-01
  0   52 6.64409e-01
  0   54 5.42355e-01
  0   56 5.71921e-01
  0   58 4.72555e-01
  0   60 4.61636e-01
  0   62 4.64312e-01
  0   64 3.70255e-01
  0   66 4.76488e-01
  0   68 4.90007e-01
  0   70 4.92455e-01
  0   72 4.80267e-01
  0   74 4.80327e-01
  0   76 3.98468e-01
  0   78 3.99858e-01
  0   80 3.82714e-01
  0   82 3.33249e-01
  0   84 3.91207e-01
  0   86 2.99293e-01
  0   88 3.32170e-01
  0   90 3.04664e-01
  1    1 1.52151e+02
  1    3 1.29366e+01
  1    5 3.98391e+00
  1    7 1.90422e+00
  1    9 1.70267e+00
  1   11 1.61437e+00
  1   13 1.15804e+00
  1   15 1.12829e+00
  1   17 1.08794e+00
  1   19 8.54805e-01
  1   21 7.69533e-01
  1   23 7.80120e-01
  1   25 7.86054e-01
  1   27 7.46033e-01
  1   29 6.87863e-01
  1   31 6.58731e-01
  1   33 6.45627e-01
  1   35 6.16050e-01
  1   37 5.82092e-01
  1   39 5.50350e-01
  1   41 5.89748e-01
  1   43 5.86138e-01
  1   45 6.45142e-01
  1   47 6.56698e-01
  1   49 7.43818e-01
  1   51 6.77876e-01
  1   53 5.58229e-01
  1   55 5.09764e-01
  1   57 5.71986e-01
  1   59 4.92777e-01
  1   61 4.61760e-01
  1   63 4.35282e-01
  1   65 4.49916e-01
  1   67 4.71923e-01
  1   69 5.06046e-01
  1   71 4.42242e-01
  1   73 5.77362e-01
  1   75 4.68917e-01
  1   77 4.25243e-01
  1   79 3.36253e-01
  1   81 2.94307e-01
  1   83 3.54269e-01
  1   85 3.23089e-01
  1   87 3.10361e-01
  1   89 3.22120e-01
  2    0 3.53566e+00
  2    2 1.51765e+02
  2    4 1.11993e+01
  2    6 3.41881e+00
  2    8 1.98165e+00
  2   10 1.59365e+00
  2   12 1.43328e+00
  2   14 1.22985e+00
  2   16 1.05225e+00
  2   18 1.04643e+00
  2   20 8.03018e-01
  2   22 8.24022e-01
  2   24 6.99501e-01
  2   26 7.84485e-01
  2   28 6.40614e-01
  2   30 7.33784e-01
  2   32 7.01387e-01
  2   34 6.29331e-01
  2   36 6.35243e-01
  2   38 5.80408e-01
  2   40 6.22884e-01
  2   42 5.53841e-01
  2   44 6.15360e-01
  2   46 6.08096e-01
  2   48 6.48827e-01
  2   50 7.05101e-01
  2   52 6.96475e-01
  2   54 6.38973e-01
  2   56 5.02493e-01
  2   58 4.76598e-01
  2   60 4.89788e-01
  2   62 4.45568e-01
  2   64 4.01328e-01
  2   66 4.16082e-01
  2   68 4.32212e-01
  2   70 4.55692e-01
  2   72 4.68998e-01
  2   74 4.86378e-01
  2   76 3.95056e-01
  2   78 4.40291e-01
  2   80 3.48972e-01
  2   82 2.99717e-01
  2   84 3.15473e-01
  2   86 3.77695e-01
  2   88 3.59217e-01
  2   90 2.75844e-01
  3    1 5.54487e+00
  3    3 1.51247e+02
  3    5 1.04004e+01
  3    7 3.37670e+00
  3    9 1.84105e+00
  3   11 1.42827e+00
  3   13 1.42938e+00
  3   15 1.17004e+00
  3   17 1.00366e+00
  3   19 9.27099e-01
  3   21 8.38657e-01
  3   23 7.95499e-01
  3   25 6.96759e-01
  3   27 7.72449e-01
  3   29 7.00362e-01
  3   31 7.02891e-01
  3   33 6.60488e-01
  3   35 5.80436e-01
  3   37 6.31717e-01
  3   39 5.93401e-01
  3   41 6.01934e-01
  3   43 6.09940e-01
  3   45 6.77364e-01
  3   47 6.80477e-01
  3   49 6.46597e-01
  3   51 7.09201e-01
  3   53 6.26891e-01
  3   55 5.30726e-01
  3   57 5.36507e-01
  3   59 5.31714e-01
  3   61 4.43171e-01
  3   63 4.43603e-01
  3   65 4.40695e-01
  3   67 4.42633e-01
  3   69 4.98875e-01
  3   71 4.80839e-01
  3   73 4.98554e-01
  3   75 4.07484e-01
  3   77 4.57500e-01
  3   79 3.55174e-01
  3   81 3.00231e-01
  3   83 3.39617e-01
  3   85 3.43217e-01
  3   87 3.68934e-01
  3   89 2.87845e-01
  4    0 5.86407e-01
  4    2 6.22280e+00
  4    4 1.51220e+02
  4    6 1.00316e+01
  4    8 3.17339e+00
  4   10 1.74198e+00
  4   12 1.46808e+00
  4   14 1.35553e+00
  4   16 1.13098e+00
  4   18 9.63805e-01
  4   20 9.08436e-01
  4   22 8.61658e-01
  4   24 7.24052e-01
  4   26 7.43259e-01
  4   28 7.12373e-01
  4   30 6.94019e-01
  4   32 6.87258e-01
  4   34 6.04599e-01
  4   36 6.65199e-01
  4   38 5.94412e-01
  4   40 6.17676e-01
  4   42 5.41738e-01
  4   44 6.36494e-01
  4   46 6.23183e-01
  4   48 6.71502e-01
  4   50 6.44598e-01
  4   52 6.90883e-01
  4   54 5.96450e-01
  4   56 5.61325e-01
  4   58 5.25468e-01
  4   60 4.90938e-01
  4   62 4.48808e-01
  4   64 3.96975e-01
  4   66 4.41391e-01
  4   68 4.50337e-01
  4   70 4.96434e-01
  4   72 4.91899e-01
  4   74 4.85126e-01
  4   76 3.78545e-01
  4   78 4.40889e-01
  4   80 3.64703e-01
  4   82 2.99576e-01
  4   84 3.18939e-01
  4   86 3.48701e-01
  4   88 3.57754e-01
  4   90 2.90749e-01
  5    1 1.08686e+00
  5    3 6.61975e+00
  5    5 1.51192e+02
  5    7 9.73574e+00
  5    9 3.07472e+00
  5   11 1.74149e+00
  5   13 1.40046e+00
  5   15 1.32447e+00
  5   17 1.05675e+00
  5   19 9.52397e-01
  5   21 9.14993e-01
  5   23 8.27549e-01
  5   25 7.77708e-01
  5   27 7.49379e-01
  5   29 7.35811e-01
  5   31 6.96474e-01
  5   33 6.46823e-01
  5   35 6.18125e-01
  5   37 6.01049e-01
  5   39 6.35155e-01
  5   41 5.68648e-01
  5   43 6.09737e-01
  5   45 6.72043e-01
  5   47 6.79079e-01
  5   49 6.54215e-01
  5   51 6.16165e-01
  5   53 6.15790e-01
  5   55 5.44255e-01
  5   57 5.68146e-01
  5   59 5.11044e-01
  5   61 4.39908e-01
  5   63 4.28693e-01
  5   65 4.57424e-01
  5   67 5.31004e-01
  5   69 4.99231e-01
  5   71 4.61929e-01
  5   73 4.93264e-01
  5   75 3.87281e-01
  5   77 4.52739e-01
  5   79 3.31307e-01
  5   81 3.14661e-01
  5   83 3.72965e-01
  5   85 3.60185e-01
  5   87 3.30448e-01
  5   89 3.57240e-01
  6    0 1.71132e-01
  6    2 1.31545e+00
  6    4 6.94663e+00
  6    6 1.51233e+02
  6    8 9.54226e+00
  6   10 3.02892e+00
  6   12 1.69822e+00
  6   14 1.35620e+00
  6   16 1.26819e+00
  6   18 1.02793e+00
  6   20 9.06104e-01
  6   22 9.28486e-01
  6   24 8.21490e-01
  6   26 7.78876e-01
  6   28 7.27443e-01
  6   30 7.23545e-01
  6   32 6.39954e-01
  6   34 7.10492e-01
  6   36 6.15714e-01
  6   38 6.59323e-01
  6   40 5.90440e-01
  6   42 5.79626e-01
  6   44 6.15268e-01
  6   46 6.59449e-01
  6   48 6.80781e-01
  6   50 5.97677e-01
  6   52 6.44539e-01
  6   54 5.92873e-01
  6   56 5.78951e-01
  6   58 5.07378e-01
  6   60 4.99468e-01
  6   62 4.30686e-01
  6   64 3.98237e-01
  6   66 4.50342e-01
  6   68 4.95334e-01
  6   70 4.80785e-01
  6   72 4.69526e-01
  6   74 4.75746e-01
  6   76 3.99918e-01
  6   78 4.15322e-01
  6   80 3.57696e-01
  6   82 3.01397e-01
  6   84 3.55361e-01
  6   86 3.46307e-01
  6   88 3.53935e-01
  6   90 3.17047e-01
  7    1 3.81073e-01
  7    3 1.57656e+00
  7    5 7.14160e+00
  7    7 1.51103e+02
  7    9 9.39416e+00
  7   11 2.96752e+00
  7   13 1.65474e+00
  7   15 1.30306e+00
  7   17 1.23653e+00
  7   19 1.03956e+00
  7   21 8.92920e-01
  7   23 9.08101e-01
  7   25 8.21788e-01
  7   27 7.47454e-01
  7   29 7.70051e-01
  7   31 6.91917e-01
  7   33 6.74003e-01
  7   35 6.46505e-01
  7   37 6.14711e-01
  7   39 6.37067e-01
  7   41 6.16185e-01
  7   43 6.43996e-01
  7   45 6.60213e-01
  7   47 6.76333e-01
  7   49 6.50591e-01
  7   51 5.96406e-01
  7   53 6.35088e-01
  7   55 5.57293e-01
  7   57 5.81854e-01
  7   59 5.04287e-01
  7   61 4.77890e-01
  7   63 4.35510e-01
  7   65 4.49877e-01
  7   67 5.24192e-01
  7   69 4.88791e-01
  7   71 4.74978e-01
  7   73 4.61753e-01
  7   75 3.74129e-01
  7   77 4.32980e-01
  7   79 3.36536e-01
  7   81 3.14947e-01
  7   83 3.84253e-01
  7   85 4.01532e-01
  7   87 3.49749e-01
  7   89 3.27846e-01
  8    0 9.20427e-02
  8    2 5.83264e-01
  8    4 1.68100e+00
  8    6 7.29945e+00
  8    8 1.51267e+02
  8   10 9.26342e+00
  8   12 2.92141e+00
  8   14 1.60494e+00
  8   16 1.29530e+00
  8   18 1.22802e+00
  8   20 9.88142e-01
  8   22 8.91310e-01
  8   24 8.92331e-01
  8   26 7.98504e-01
  8   28 7.55861e-01
  8   30 7.17087e-01
  8   32 7.09884e-01
  8   34 6.79377e-01
  8   36 6.41810e-01
  8   38 6.33156e-01
  8   40 6.46858e-01
  8   42 6.40147e-01
  8   44 6.08103e-01
  8   46 6.20098e-01
  8   48 6.64089e-01
  8   50 6.04332e-01
  8   52 6.11323e-01
  8   54 5.88639e-01
  8   56 5.61536e-01
  8   58 5.45980e-01
  8   60 5.30582e-01
  8   62 4.61151e-01
  8   64 3.98534e-01
  8   66 4.60475e-01
  8   68 4.74066e-01
  8   70 5.18749e-01
  8   72 4.62350e-01
  8   74 4.70315e-01
  8   76 3.83465e-01
  8   78 4.17670e-01
  8   80 3.54015e-01
  8   82 2.91818e-01
  8   84 3.55753e-01
  8   86 3.82659e-01
  8   88 3.49624e-01
  8   90 3.30744e-01
  9    1 2.69104e-01
  9    3 6.78866e-01
  9    5 1.78129e+00
  9    7 7.41924e+00
  9    9 1.30901e+02
  9   11 8.71713e+00
  9   13 2.64780e+00
  9   15 1.43682e+00
  9   17 1.15011e+00
  9   19 1.10063e+00
  9   21 8.83055e-01
  9   23 8.03112e-01
  9   25 7.85573e-01
  9   27 7.05152e-01
  9   29 6.60632e-01
  9   31 6.51315e-01
  9   33 6.35198e-01
  9   35 6.16491e-01
  9   37 5.82440e-01
  9   39 5.94841e-01
  9   41 6.04537e-01
  9   43 5.96730e-01
  9   45 5.70017e-01
  9   47 5.79073e-01
  9   49 5.72865e-01
  9   51 5.54449e-01
  9   53 5.48481e-01
  9   55 5.02984e-01
  9   57 5.26572e-01
  9   59 5.10227e-01
  9   61 4.68374e-01
  9   63 4.18698e-01
  9   65 4.23988e-01
  9   67 4.74528e-01
  9   69 4.60835e-01
  9   71 4.61079e-01
  9   73 3.91497e-01
  9   75 3.22273e-01
  9   77 3.90650e-01
  9   79 3.08267e-01
  9   81 2.75821e-01
  9   83 3.24236e-01
  9   85 3.79194e-01
  9   87 3.09286e-01
  9   89 3.11732e-01
 10    0 8.89644e-02
 10    2 3.79877e-01
 10    4 7.47310e-01
 10    6 1.87646e+00
 10    8 7.50212e+00
 10   10 1.15661e+02
 10   12 8.24551e+00
 10   14 2.44813e+00
 10   16 1.26185e+00
 10   18 1.05104e+00
 10   20 9.75680e-01
 10   22 7.80960e-01
 10   24 7.23778e-01
 10   26 7.05154e-01
 10   28 6.16884e-01
 10   30 5.97089e-01
 10   32 5.45773e-01
 10   34 5.50735e-01
 10   36 5.22136e-01
 10   38 5.38589e-01
 10   40 5.52932e-01
 10   42 5.45047e-01
 10   44 5.37418e-01
 10   46 5.10591e-01
 10   48 4.92738e-01
 10   50 4.95551e-01
 10   52 4.81962e-01
 10   54 4.74756e-01
 10   56 4.46208e-01
 10   58 4.91935e-01
 10   60 4.62218e-01
 10   62 4.14822e-01
 10   64 3.57823e-01
 10   66 3.84130e-01
 10   68 3.99020e-01
 10   70 4.23619e-01
 10   72 3.46676e-01
 10   74 3.87056e-01
 10   76 2.77506e-01
 10   78 3.11662e-01
 10   80 2.61786e-01
 10   82 2.34286e-01
 10   84 2.65039e-01
 10   86 2.86007e-01
 10   88 2.68439e-01
 10   90 2.71514e-01
 11    1 2.10874e-01
 11    3 4.35269e-01
 11    5 8.33830e-01
 11    7 1.93697e+00
 11    9 7.20446e+00
 11   11 1.03683e+02
 11   13 7.74264e+00
 11   15 2.29028e+00
 11   17 1.17644e+00
 11   19 9.69874e-01
 11   21 9.15012e-01
 11   23 7.27615e-01
 11   25 6.33356e-01
 11   27 6.14815e-01
 11   29 5.64251e-01
 11   31 5.33357e-01
 11   33 5.14604e-01
 11   35 5.27268e-01
 11   37 5.38591e-01
 11   39 4.93630e-01
 11   41 4.90397e-01
 11   43 4.73708e-01
 11   45 5.09554e-01
 11   47 4.60410e-01
 11   49 4.57631e-01
 11   51 4.38938e-01
 11   53 4.44315e-01
 11   55 4.03397e-01
 11   57 4.21170e-01
 11   59 4.04254e-01
 11   61 3.86053e-01
 11   63 3.56940e-01
 11   65 3.46997e-01
 11   67 3.87440e-01
 11   69 3.33826e-01
 11   71 3.34493e-01
 11   73 3.13263e-01
 11   75 2.62371e-01
 11   77 2.72031e-01
 11   79 2.23314e-01
 11   81 2.20372e-01
 11   83 2.61915e-01
 11   85 2.95971e-01
 11   87 2.43553e-01
 11   89 2.96956e-01
 12    0 5.05046e-02
 12    2 2.87133e-01
 12    4 5.29307e-01
 12    6 8.84192e-01
 12    8 1.98841e+00
 12   10 6.92976e+00
 12   12 9.43307e+01
 12   14 7.28904e+00
 12   16 2.15953e+00
 12   18 1.06976e+00
 12   20 8.78515e-01
 12   22 8.53404e-01
 12   24 6.60390e-01
 12   26 5.87223e-01
 12   28 5.83397e-01
 12   30 5.28672e-01
 12   32 4.64765e-01
 12   34 4.50964e-01
 12   36 4.73413e-01
 12   38 4.62563e-01
 12   40 4.60707e-01
 12   42 4.18713e-01
 12   44 4.59659e-01
 12   46 4.19880e-01
 12   48 3.90491e-01
 12   50 3.78462e-01
 12   52 3.75356e-01
 12   54 3.85176e-01
 12   56 3.31653e-01
 12   58 3.67886e-01
 12   60 3.66423e-01
 12   62 3.61160e-01
 12   64 3.30415e-01
 12   66 3.13443e-01
 12   68 3.08931e-01
 12   70 2.94839e-01
 12   72 2.79069e-01
 12   74 2.95898e-01
 12   76 2.15357e-01
 12   78 2.52532e-01
 12   80 2.28826e-01
 12   82 2.03251e-01
 12   84 2.28806e-01
 12   86 2.46174e-01
 12   88 2.14063e-01
 12   90 2.56622e-01
 13    1 1.28928e-01
 13    3 3.71279e-01
 13    5 5.71519e-01
 13    7 9.20587e-01
 13    9 1.86517e+00
 13   11 6.59924e+00
 13   13 8.64501e+01
 13   15 6.87441e+00
 13   17 2.05345e+00
 13   19 1.00167e+00
 13   21 8.07169e-01
 13   23 7.73223e-01
 13   25 6.07828e-01
 13   27 5.32213e-01
 13   29 5.19587e-01
 13   31 5.01582e-01
 13   33 4.20387e-01
 13   35 4.29917e-01
 13   37 4.62329e-01
 13   39 4.38296e-01
 13   41 4.06253e-01
 13   43 3.66975e-01
 13   45 3.78284e-01
 13   47 3.57588e-01
 13   49 3.52448e-01
 13   51 3.50152e-01
 13   53 3.23031e-01
 13   55 3.34741e-01
 13   57 3.18255e-01
 13   59 3.53819e-01
 13   61 3.31954e-01
 13   63 3.14882e-01
 13   65 3.04085e-01
 13   67 3.03529e-01
 13   69 3.09538e-01
 13   71 2.89674e-01
 13   73 2.75362e-01
 13   75 2.57461e-01
 13   77 2.36389e-01
 13   79 2.20510e-01
 13   81 1.95931e-01
 13   83 2.05066e-01
 13   85 2.76524e-01
 13   87 2.09464e-01
 13   89 2.76980e-01
 14    0 3.49220e-02
 14    2 2.12524e-01
 14    4 4.21568e-01
 14    6 6.09086e-01
 14    8 9.42266e-01
 14   10 1.77475e+00
 14   12 6.28742e+00
 14   14 7.99600e+01
 14   16 6.47406e+00
 14   18 1.93477e+00
 14   20 9.41455e-01
 14   22 7.46679e-01
 14   24 7.10026e-01
 14   26 5.70789e-01
 14   28 4.99090e-01
 14   30 4.92811e-01
 14   32 4.31698e-01
 14   34 3.77217e-01
 14   36 4.26758e-01
 14   38 4.06492e-01
 14   40 3.95708e-01
 14   42 3.64926e-01
 14   44 3.22416e-01
 14   46 3.37667e-01
 14   48 3.23693e-01
 14   50 3.12389e-01
 14   52 2.77353e-01
 14   54 2.89191e-01
 14   56 2.89218e-01
 14   58 3.23515e-01
 14   60 3.28103e-01
 14   62 3.29944e-01
 14   64 3.00434e-01
 14   66 2.75898e-01
 14   68 2.87025e-01
 14   70 2.51881e-01
 14   72 2.44169e-01
 14   74 2.57188e-01
 14   76 2.20151e-01
 14   78 2.30396e-01
 14   80 1.93207e-01
 14   82 1.90776e-01
 14   84 1.81703e-01
 14   86 2.58418e-01
 14   88 1.95462e-01
 14   90 2.45325e-01
 15    1 1.09478e-01
 15    3 2.64872e-01
 15    5 4.71068e-01
 15    7 6.31800e-01
 15    9 8.82101e-01
 15   11 1.70128e+00
 15   13 5.99125e+00
 15   15 7.43396e+01
 15   17 6.11449e+00
 15   19 1.85658e+00
 15   21 9.03783e-01
 15   23 6.89111e-01
 15   25 6.61423e-01
 15   27 5.37022e-01
 15   29 4.61455e-01
 15   31 4.38554e-01
 15   33 4.27015e-01
 15   35 3.94074e-01
 15   37 3.87666e-01
 15   39 3.71668e-01
 15   41 3.72229e-01
 15   43 3.12025e-01
 15   45 2.84784e-01
 15   47 2.81851e-01
 15   49 2.71730e-01
 15   51 2.51321e-01
 15   53 2.67662e-01
 15   55 2.84424e-01
 15   57 2.99765e-01
 15   59 3.07154e-01
 15   61 2.90123e-01
 15   63 2.82898e-01
 15   65 2.72652e-01
 15   67 2.60552e-01
 15   69 2.64807e-01
 15   71 2.50194e-01
 15   73 2.40529e-01
 15   75 2.29648e-01
 15   77 2.38846e-01
 15   79 1.82837e-01
 15   81 1.80850e-01
 15   83 1.80727e-01
 15   85 2.35129e-01
 15   87 1.97801e-01
 15   89 2.62648e-01
 16    0 3.38041e-02
 16    2 1.59904e-01
 16    4 3.09312e-01
 16    6 5.00865e-01
 16    8 6.68757e-01
 16   10 8.04437e-01
 16   12 1.63812e+00
 16   14 5.69324e+00
 16   16 6.95105e+01
 16   18 5.78258e+00
 16   20 1.79099e+00
 16   22 8.35677e-01
 16   24 6.42972e-01
 16   26 6.62422e-01
 16   28 4.80368e-01
 16   30 4.29098e-01
 16   32 4.45713e-01
 16   34 3.84869e-01
 16   36 3.73867e-01
 16   38 3.49979e-01
 16   40 3.51409e-01
 16   42 3.16547e-01
 16   44 3.00447e-01
 16   46 2.74468e-01
 16   48 2.56343e-01
 16   50 2.43628e-01
 16   52 2.38042e-01
 16   54 2.22381e-01
 16   56 2.66600e-01
 16   58 2.70550e-01
 16   60 2.85774e-01
 16   62 2.61124e-01
 16   64 2.69033e-01
 16   66 2.43967e-01
 16   68 2.32475e-01
 16   70 2.33232e-01
 16   72 2.12746e-01
 16   74 2.02422e-01
 16   76 2.02074e-01
 16   78 2.11285e-01
 16   80 1.82603e-01
 16   82 1.83342e-01
 16   84 1.63102e-01
 16   86 2.18703e-01
 16   88 1.75859e-01
 16   90 2.47343e-01
 17    1 9.35669e-02
 17    3 2.01388e-01
 17    5 3.33141e-01
 17    7 5.31412e-01
 17    9 6.25843e-01
 17   11 7.74584e-01
 17   13 1.58627e+00
 17   15 5.41967e+00
 17   17 6.52073e+01
 17   19 5.47352e+00
 17   21 1.71671e+00
 17   23 8.11158e-01
 17   25 6.01807e-01
 17   27 6.15594e-01
 17   29 4.56528e-01
 17   31 4.11604e-01
 17   33 4.17337e-01
 17   35 3.83719e-01
 17   37 3.56785e-01
 17   39 3.09941e-01
 17   41 3.09519e-01
 17   43 3.04408e-01
 17   45 2.63455e-01
 17   47 2.41988e-01
 17   49 2.30879e-01
 17   51 2.24155e-01
 17   53 2.18120e-01
 17   55 2.45133e-01
 17   57 2.68323e-01
 17   59 2.82455e-01
 17   61 2.46513e-01
 17   63 2.44496e-01
 17   65 2.34489e-01
 17   67 2.52278e-01
 17   69 2.25204e-01
 17   71 1.94301e-01
 17   73 2.21973e-01
 17   75 1.90171e-01
 17   77 2.36530e-01
 17   79 1.50865e-01
 17   81 1.81011e-01
 17   83 1.71418e-01
 17   85 2.11909e-01
 17   87 1.49993e-01
 17   89 2.60199e-01
 18    0 2.56598e-02
 18    2 1.41937e-01
 18    4 2.35278e-01
 18    6 3.62368e-01
 18    8 5.65917e-01
 18   10 5.98075e-01
 18   12 7.24306e-01
 18   14 1.51867e+00
 18   16 5.16145e+00
 18   18 6.15156e+01
 18   20 5.16910e+00
 18   22 1.65741e+00
 18   24 7.60431e-01
 18   26 5.91666e-01
 18   28 5.83739e-01
 18   30 4.37305e-01
 18   32 4.02855e-01
 18   34 3.84645e-01
 18   36 3.62885e-01
 18   38 3.05920e-01
 18   40 2.93649e-01
 18   42 2.96785e-01
 18   44 2.53620e-01
 18   46 2.74926e-01
 18   48 2.27256e-01
 18   50 2.29557e-01
 18   52 1.93785e-01
 18   54 2.01233e-01
 18   56 2.33718e-01
 18   58 2.53371e-01
 18   60 2.43605e-01
 18   62 2.06539e-01
 18   64 2.22980e-01
 18   66 2.22557e-01
 18   68 2.36300e-01
 18   70 1.88150e-01
 18   72 1.98212e-01
 18   74 1.88705e-01
 18   76 1.70727e-01
 18   78 2.04944e-01
 18   80 1.46471e-01
 18   82 1.69886e-01
 18   84 1.71306e-01
 18   86 2.03603e-01
 18   88 1.62521e-01
 18   90 2.35152e-01
 19    1 6.60306e-02
 19    3 1.67083e-01
 19    5 2.69670e-01
 19    7 4.01273e-01
 19    9 5.37935e-01
 19   11 5.73554e-01
 19   13 6.94994e-01
 19   15 1.47804e+00
 19   17 4.91618e+00
 19   19 5.81767e+01
 19   21 4.92156e+00
 19   23 1.57830e+00
 19   25 7.42823e-01
 19   27 5.60419e-01
 19   29 5.64944e-01
 19   31 4.45609e-01
 19   33 3.82687e-01
 19   35 3.58688e-01
 19   37 3.33797e-01
 19   39 3.01543e-01
 19   41 2.65122e-01
 19   43 2.75958e-01
 19   45 2.42226e-01
 19   47 2.26112e-01
 19   49 1.89080e-01
 19   51 1.94314e-01
 19   53 2.07537e-01
 19   55 2.16150e-01
 19   57 2.41454e-01
 19   59 2.33070e-01
 19   61 2.40540e-01
 19   63 2.09044e-01
 19   65 1.89068e-01
 19   67 2.16379e-01
 19   69 1.96460e-01
 19   71 1.84804e-01
 19   73 2.02229e-01
 19   75 1.65129e-01
 19   77 1.92169e-01
 19   79 1.57279e-01
 19   81 1.92127e-01
 19   83 1.45632e-01
 19   85 2.10384e-01
 19   87 1.54459e-01
 19   89 2.21408e-01
 20    0 1.87460e-02
 20    2 9.83801e-02
 20    4 2.00300e-01
 20    6 2.88509e-01
 20    8 4.11304e-01
 20   10 5.01462e-01
 20   12 5.37253e-01
 20   14 6.67463e-01
 20   16 1.44390e+00
 20   18 4.66884e+00
 20   20 5.52695e+01
 20   22 4.68627e+00
 20   24 1.53081e+00
 20   26 6.93906e-01
 20   28 5.36982e-01
 20   30 5.70335e-01
 20   32 4.14631e-01
 20   34 3.61292e-01
 20   36 3.46072e-01
 20   38 3.13254e-01
 20   40 2.74198e-01
 20   42 2.61978e-01
 20   44 2.41323e-01
 20   46 2.06906e-01
 20   48 2.05217e-01
 20   50 1.88753e-01
 20   52 1.68134e-01
 20   54 1.96220e-01
 20   56 1.98333e-01
 20   58 2.03703e-01
 20   60 2.57615e-01
 20   62 2.13664e-01
 20   64 1.80680e-01
 20   66 1.66852e-01
 20   68 1.91718e-01
 20   70 1.80650e-01
 20   72 1.86266e-01
 20   74 1.77736e-01
 20   76 1.51614e-01
 20   78 1.94192e-01
 20   80 1.52719e-01
 20   82 1.76546e-01
 20   84 1.41449e-01
 20   86 2.11716e-01
 20   88 1.39289e-01
 20   90 2.18711e-01
 21    1 5.39632e-02
 21    3 1.37209e-01
 21    5 2.35193e-01
 21    7 3.12891e-01
 21    9 3.91802e-01
 21   11 4.91223e-01
 21   13 5.08406e-01
 21   15 6.53174e-01
 21   17 1.39975e+00
 21   19 4.46782e+00
 21   21 5.26123e+01
 21   23 4.46153e+00
 21   25 1.47045e+00
 21   27 6.64272e-01
 21   29 5.47004e-01
 21   31 5.36439e-01
 21   33 4.01826e-01
 21   35 3.32126e-01
 21   37 3.22906e-01
 21   39 3.03960e-01
 21   41 2.62679e-01
 21   43 2.41481e-01
 21   45 2.11962e-01
 21   47 2.02153e-01
 21   49 1.84114e-01
 21   51 1.74241e-01
 21   53 1.85570e-01
 21   55 2.07272e-01
 21   57 2.13142e-01
 21   59 2.32483e-01
 21   61 2.03828e-01
 21   63 2.02556e-01
 21   65 1.45211e-01
 21   67 1.70485e-01
 21   69 1.76946e-01
 21   71 1.58244e-01
 21   73 1.90297e-01
 21   75 1.61774e-01
 21   77 1.84580e-01
 21   79 1.41009e-01
 21   81 1.90778e-01
 21   83 1.35561e-01
 21   85 1.97460e-01
 21   87 1.31631e-01
 21   89 2.25014e-01
 22    0 1.71102e-02
 22    2 9.20678e-02
 22    4 1.73264e-01
 22    6 2.69615e-01
 22    8 3.38344e-01
 22   10 3.66055e-01
 22   12 4.75961e-01
 22   14 4.82779e-01
 22   16 6.14427e-01
 22   18 1.36525e+00
 22   20 4.27380e+00
 22   22 5.02568e+01
 22   24 4.26996e+00
 22   26 1.41491e+00
 22   28 6.37978e-01
 22   30 4.91198e-01
 22   32 5.29766e-01
 22   34 3.66685e-01
 22   36 3.05061e-01
 22   38 3.14724e-01
 22   40 2.80498e-01
 22   42 2.34190e-01
 22   44 2.26752e-01
 22   46 2.14600e-01
 22   48 1.77359e-01
 22   50 1.71385e-01
 22   52 1.55755e-01
 22   54 1.82282e-01
 22   56 1.76841e-01
 22   58 2.00854e-01
 22   60 1.66545e-01
 22   62 1.95347e-01
 22   64 1.90987e-01
 22   66 1.70209e-01
 22   68 1.54721e-01
 22   70 1.76561e-01
 22   72 1.68975e-01
 22   74 1.91184e-01
 22   76 1.39823e-01
 22   78 1.75922e-01
 22   80 1.43590e-01
 22   82 1.81707e-01
 22   84 1.25141e-01
 22   86 1.77350e-01
 22   88 1.38428e-01
 22   90 1.99552e-01
 23    1 5.01000e-02
 23    3 1.19191e-01
 23    5 1.94808e-01
 23    7 2.91421e-01
 23    9 3.26333e-01
 23   11 3.57733e-01
 23   13 4.46023e-01
 23   15 4.56100e-01
 23   17 6.05709e-01
 23   19 1.31216e+00
 23   21 4.08592e+00
 23   23 4.81357e+01
 23   25 4.10682e+00
 23   27 1.36310e+00
 23   29 6.10118e-01
 23   31 4.72486e-01
 23   33 4.95979e-01
 23   35 3.65781e-01
 23   37 2.92208e-01
 23   39 2.97219e-01
 23   41 2.51691e-01
 23   43 2.26691e-01
 23   45 2.08558e-01
 23   47 1.85110e-01
 23   49 1.85259e-01
 23   51 1.62191e-01
 23   53 1.59802e-01
 23   55 1.69703e-01
 23   57 1.92937e-01
 23   59 1.74446e-01
 23   61 1.64855e-01
 23   63 1.72666e-01
 23   65 1.84633e-01
 23   67 1.49530e-01
 23   69 1.51778e-01
 23   71 1.57428e-01
 23   73 1.99356e-01
 23   75 1.42826e-01
 23   77 1.79287e-01
 23   79 1.37263e-01
 23   81 1.93187e-01
 23   83 1.57822e-01
 23   85 1.95036e-01
 23   87 1.22722e-01
 23   89 1.78550e-01
 24    0 1.58658e-02
 24    2 7.18503e-02
 24    4 1.33849e-01
 24    6 2.19302e-01
 24    8 3.11406e-01
 24   10 3.11885e-01
 24   12 3.38601e-01
 24   14 4.22046e-01
 24   16 4.34605e-01
 24   18 5.75854e-01
 24   20 1.28345e+00
 24   22 3.92550e+00
 24   24 4.61919e+01
 24   26 3.92846e+00
 24   28 1.32470e+00
 24   30 5.81302e-01
 24   32 4.43865e-01
 24   34 4.79602e-01
 24   36 3.23239e-01
 24   38 2.81413e-01
 24   40 2.72242e-01
 24   42 2.38264e-01
 24   44 2.13234e-01
 24   46 1.88185e-01
 24   48 1.81580e-01
 24   50 1.60965e-01
 24   52 1.74149e-01
 24   54 1.55769e-01
 24   56 1.81135e-01
 24   58 1.72036e-01
 24   60 1.75101e-01
 24   62 1.60155e-01
 24   64 1.59008e-01
 24   66 1.64162e-01
 24   68 1.36782e-01
 24   70 1.49029e-01
 24   72 1.33181e-01
 24   74 2.00855e-01
 24   76 1.35455e-01
 24   78 1.75292e-01
 24   80 1.22383e-01
 24   82 1.62115e-01
 24   84 1.41429e-01
 24   86 1.91362e-01
 24   88 1.23409e-01
 24   90 1.68901e-01
 25    1 4.65727e-02
 25    3 9.63141e-02
 25    5 1.68901e-01
 25    7 2.43304e-01
 25    9 2.94492e-01
 25   11 2.87282e-01
 25   13 3.23471e-01
 25   15 4.03880e-01
 25   17 4.14589e-01
 25   19 5.69751e-01
 25   21 1.24239e+00
 25   23 3.78885e+00
 25   25 4.43744e+01
 25   27 3.78039e+00
 25   29 1.26950e+00
 25   31 5.46684e-01
 25   33 4.36738e-01
 25   35 4.56279e-01
 25   37 3.20251e-01
 25   39 2.65282e-01
 25   41 2.48233e-01
 25   43 2.27119e-01
 25   45 1.95989e-01
 25   47 1.78230e-01
 25   49 1.79725e-01
 25   51 1.62925e-01
 25   53 1.68709e-01
 25   55 1.53563e-01
 25   57 1.73973e-01
 25   59 1.87300e-01
 25   61 1.54007e-01
 25   63 1.48023e-01
 25   65 1.43876e-01
 25   67 1.29797e-01
 25   69 1.53916e-01
 25   71 1.22991e-01
 25   73 1.80977e-01
 25   75 1.38767e-01
 25   77 1.84315e-01
 25   79 1.30036e-01
 25   81 1.87040e-01
 25   83 1.30802e-01
 25   85 1.90542e-01
 25   87 1.39692e-01
 25   89 1.46310e-01
 26    0 1.31126e-02
 26    2 7.45828e-02
 26    4 1.27174e-01
 26    6 1.92452e-01
 26    8 2.57925e-01
 26   10 2.81246e-01
 26   12 2.78680e-01
 26   14 3.14033e-01
 26   16 4.14431e-01
 26   18 4.14709e-01
 26   20 5.38484e-01
 26   22 1.20396e+00
 26   24 3.63611e+00
 26   26 4.26875e+01
 26   28 3.63274e+00
 26   30 1.21767e+00
 26   32 5.06699e-01
 26   34 4.06963e-01
 26   36 4.46364e-01
 26   38 3.06059e-01
 26   40 2.47610e-01
 26   42 2.49583e-01
 26   44 2.09615e-01
 26   46 1.69468e-01
 26   48 1.72701e-01
 26   50 1.83565e-01
 26   52 1.45946e-01
 26   54 1.51436e-01
 26   56 1.42554e-01
 26   58 1.70079e-01
 26   60 1.66738e-01
 26   62 1.60658e-01
 26   64 1.19551e-01
 26   66 1.52989e-01
 26   68 1.12524e-01
 26   70 1.48334e-01
 26   72 1.08112e-01
 26   74 1.75790e-01
 26   76 1.20734e-01
 26   78 1.80616e-01
 26   80 1.32915e-01
 26   82 1.85473e-01
 26   84 1.16025e-01
 26   86 1.73333e-01
 26   88 1.28229e-01
 26   90 1.51756e-01
 27    1 4.10353e-02
 27    3 9.91284e-02
 27    5 1.51091e-01
 27    7 2.05444e-01
 27    9 2.45410e-01
 27   11 2.58896e-01
 27   13 2.62943e-01
 27   15 3.04429e-01
 27   17 3.93710e-01
 27   19 3.99056e-01
 27   21 5.21045e-01
 27   23 1.16749e+00
 27   25 3.50960e+00
 27   27 4.11127e+01
 27   29 3.50795e+00
 27   31 1.16877e+00
 27   33 4.82295e-01
 27   35 3.93564e-01
 27   37 4.19836e-01
 27   39 2.93854e-01
 27   41 2.37770e-01
 27   43 2.35349e-01
 27   45 2.00157e-01
 27   47 1.75547e-01
 27   49 1.68229e-01
 27   51 1.61283e-01
 27   53 1.48312e-01
 27   55 1.56089e-01
 27   57 1.40947e-01
 27   59 1.60000e-01
 27   61 1.67384e-01
 27   63 1.28063e-01
 27   65 1.47791e-01
 27   67 1.13167e-01
 27   69 1.62532e-01
 27   71 1.13075e-01
 27   73 1.65760e-01
 27   75 1.34548e-01
 27   77 1.81850e-01
 27   79 1.56233e-01
 27   81 1.60170e-01
 27   83 1.31925e-01
 27   85 1.48762e-01
 27   87 1.30462e-01
 27   89 1.47634e-01
 28    0 1.28397e-02
 28    2 5.67003e-02
 28    4 1.13475e-01
 28    6 1.67335e-01
 28    8 2.27296e-01
 28   10 2.29056e-01
 28   12 2.57751e-01
 28   14 2.55631e-01
 28   16 2.79786e-01
 28   18 3.80908e-01
 28   20 3.87942e-01
 28   22 5.05389e-01
 28   24 1.14148e+00
 28   26 3.38197e+00
 28   28 3.96677e+01
 28   30 3.35350e+00
 28   32 1.12003e+00
 28   34 4.59767e-01
 28   36 3.68617e-01
 28   38 4.04207e-01
 28   40 2.75424e-01
 28   42 2.35476e-01
 28   44 2.24945e-01
 28   46 2.07797e-01
 28   48 1.65460e-01
 28   50 1.71920e-01
 28   52 1.64499e-01
 28   54 1.39460e-01
 28   56 1.54475e-01
 28   58 1.32600e-01
 28   60 1.37528e-01
 28   62 1.43951e-01
 28   64 1.43886e-01
 28   66 1.14798e-01
 28   68 1.16567e-01
 28   70 1.47695e-01
 28   72 1.06559e-01
 28   74 1.62167e-01
 28   76 1.37065e-01
 28   78 1.67463e-01
 28   80 1.56430e-01
 28   82 1.57097e-01
 28   84 1.30075e-01
 28   86 1.46881e-01
 28   88 1.23771e-01
 28   90 1.28570e-01
 29    1 3.53155e-02
 29    3 8.38909e-02
 29    5 1.38473e-01
 29    7 1.97557e-01
 29    9 2.14601e-01
 29   11 2.21777e-01
 29   13 2.39606e-01
 29   15 2.44167e-01
 29   17 2.72530e-01
 29   19 3.75483e-01
 29   21 4.00483e-01
 29   23 4.87754e-01
 29   25 1.10007e+00
 29   27 3.27429e+00
 29   29 3.83177e+01
 29   31 3.24844e+00
 29   33 1.08046e+00
 29   35 4.34512e-01
 29   37 3.52968e-01
 29   39 3.67623e-01
 29   41 2.73129e-01
 29   43 2.32570e-01
 29   45 2.28417e-01
 29   47 1.91725e-01
 29   49 1.70281e-01
 29   51 1.53907e-01
 29   53 1.52423e-01
 29   55 1.57299e-01
 29   57 1.40153e-01
 29   59 1.17378e-01
 29   61 1.30719e-01
 29   63 1.43069e-01
 29   65 1.23192e-01
 29   67 1.13016e-01
 29   69 1.11831e-01
 29   71 1.37919e-01
 29   73 1.50441e-01
 29   75 1.31956e-01
 29   77 1.63371e-01
 29   79 1.60154e-01
 29   81 1.26523e-01
 29   83 1.46896e-01
 29   85 1.53999e-01
 29   87 1.22205e-01
 29   89 1.37632e-01
 30    0 9.11769e-03
 30    2 6.07680e-02
 30    4 1.03439e-01
 30    6 1.55730e-01
 30    8 2.01762e-01
 30   10 2.07441e-01
 30   12 2.18545e-01
 30   14 2.36175e-01
 30   16 2.33844e-01
 30   18 2.66995e-01
 30   20 3.85527e-01
 30   22 3.64078e-01
 30   24 4.68671e-01
 30   26 1.06068e+00
 30   28 3.13773e+00
 30   30 3.70466e+01
 30   32 3.13095e+00
 30   34 1.05336e+00
 30   36 4.13748e-01
 30   38 3.38715e-01
 30   40 3.67954e-01
 30   42 2.53941e-01
 30   44 2.18293e-01
 30   46 2.11877e-01
 30   48 1.87423e-01
 30   50 1.61219e-01
 30   52 1.50977e-01
 30   54 1.39667e-01
 30   56 1.40897e-01
 30   58 1.27184e-01
 30   60 1.25974e-01
 30   62 1.25107e-01
 30   64 1.27821e-01
 30   66 1.22352e-01
 30   68 1.01051e-01
 30   70 1.18761e-01
 30   72 1.34914e-01
 30   74 1.18922e-01
 30   76 1.28814e-01
 30   78 1.74595e-01
 30   80 1.55524e-01
 30   82 1.21363e-01
 30   84 1.41139e-01
 30   86 1.43583e-01
 30   88 1.23648e-01
 30   90 1.26387e-01
 31    1 3.17158e-02
 31    3 7.89559e-02
 31    5 1.22916e-01
 31    7 1.66469e-01
 31    9 1.98412e-01
 31   11 1.96592e-01
 31   13 2.16913e-01
 31   15 2.17613e-01
 31   17 2.30425e-01
 31   19 2.77743e-01
 31   21 3.68313e-01
 31   23 3.54226e-01
 31   25 4.44248e-01
 31   27 1.02305e+00
 31   29 3.04634e+00
 31   31 3.58414e+01
 31   33 3.03695e+00
 31   35 1.00216e+00
 31   37 3.83663e-01
 31   39 3.15708e-01
 31   41 3.46840e-01
 31   43 2.43633e-01
 31   45 2.04836e-01
 31   47 2.16217e-01
 31   49 1.86670e-01
 31   51 1.64472e-01
 31   53 1.29966e-01
 31   55 1.50714e-01
 31   57 1.27489e-01
 31   59 1.39579e-01
 31   61 1.23797e-01
 31   63 1.28472e-01
 31   65 1.16434e-01
 31   67 1.12124e-01
 31   69 1.24506e-01
 31   71 1.33466e-01
 31   73 1.30057e-01
 31   75 1.45651e-01
 31   77 1.36934e-01
 31   79 1.66995e-01
 31   81 1.17162e-01
 31   83 1.48120e-01
 31   85 1.32927e-01
 31   87 1.29379e-01
 31   89 1.44864e-01
 32    0 1.18374e-02
 32    2 5.45876e-02
 32    4 9.62633e-02
 32    6 1.29445e-01
 32    8 1.87709e-01
 32   10 1.78196e-01
 32   12 1.80558e-01
 32   14 1.94429e-01
 32   16 2.28272e-01
 32   18 2.31152e-01
 32   20 2.63400e-01
 32   22 3.69021e-01
 32   24 3.36315e-01
 32   26 4.14793e-01
 32   28 9.84861e-01
 32   30 2.94243e+00
 32   32 3.47708e+01
 32   34 2.92556e+00
 32   36 9.80205e-01
 32   38 3.69194e-01
 32   40 3.00542e-01
 32   42 3.38494e-01
 32   44 2.40122e-01
 32   46 1.94989e-01
 32   48 2.07254e-01
 32   50 1.83379e-01
 32   52 1.38160e-01
 32   54 1.32601e-01
 32   56 1.22325e-01
 32   58 1.18469e-01
 32   60 1.17434e-01
 32   62 1.20036e-01
 32   64 1.45251e-01
 32   66 1.09522e-01
 32   68 1.16872e-01
 32   70 1.15615e-01
 32   72 1.47453e-01
 32   74 1.26233e-01
 32   76 1.36476e-01
 32   78 1.15696e-01
 32   80 1.66181e-01
 32   82 1.24899e-01
 32   84 1.48542e-01
 32   86 1.26435e-01
 32   88 1.09583e-01
 32   90 1.38303e-01
 33    1 2.92717e-02
 33    3 6.98651e-02
 33    5 1.07495e-01
 33    7 1.52700e-01
 33    9 1.82215e-01
 33   11 1.78616e-01
 33   13 1.71195e-01
 33   15 1.99528e-01
 33   17 2.20007e-01
 33   19 2.24611e-01
 33   21 2.59796e-01
 33   23 3.50149e-01
 33   25 3.34202e-01
 33   27 3.97538e-01
 33   29 9.54137e-01
 33   31 2.85981e+00
 33   33 3.37199e+01
 33   35 2.83846e+00
 33   37 9.39471e-01
 33   39 3.58902e-01
 33   41 3.04276e-01
 33   43 3.37927e-01
 33   45 2.30809e-01
 33   47 2.02747e-01
 33   49 1.93796e-01
 33   51 1.76254e-01
 33   53 1.30879e-01
 33   55 1.25100e-01
 33   57 1.18341e-01
 33   59 1.27163e-01
 33   61 1.18988e-01
 33   63 1.20261e-01
 33   65 1.12164e-01
 33   67 1.18722e-01
 33   69 1.15535e-01
 33   71 1.29147e-01
 33   73 1.31411e-01
 33   75 1.28923e-01
 33   77 9.77551e-02
 33   79 1.68808e-01
 33   81 1.28528e-01
 33   83 1.41749e-01
 33   85 1.42367e-01
 33   87 1.02338e-01
 33   89 1.51708e-01
 34    0 9.57178e-03
 34    2 4.62096e-02
 34    4 7.98960e-02
 34    6 1.35585e-01
 34    8 1.69483e-01
 34   10 1.69646e-01
 34   12 1.65289e-01
 34   14 1.60284e-01
 34   16 1.85964e-01
 34   18 2.08222e-01
 34   20 2.16536e-01
 34   22 2.40978e-01
 34   24 3.42842e-01
 34   26 3.14307e-01
 34   28 3.81418e-01
 34   30 9.33949e-01
 34   32 2.76011e+00
 34   34 3.27952e+01
 34   36 2.73416e+00
 34   38 9.08141e-01
 34   40 3.48207e-01
 34   42 2.88214e-01
 34   44 3.27662e-01
 34   46 2.26241e-01
 34   48 1.82129e-01
 34   50 1.89757e-01
 34   52 1.69608e-01
 34   54 1.23628e-01
 34   56 1.16557e-01
 34   58 1.12843e-01
 34   60 1.20582e-01
 34   62 1.14246e-01
 34   64 1.23113e-01
 34   66 1.10026e-01
 34   68 1.18112e-01
 34   70 1.15606e-01
 34   72 1.21808e-01
 34   74 1.13547e-01
 34   76 1.26883e-01
 34   78 9.79414e-02
 34   80 1.59549e-01
 34   82 1.16102e-01
 34   84 1.36677e-01
 34   86 1.37434e-01
 34   88 1.08246e-01
 34   90 1.55390e-01
 35    1 2.63980e-02
 35    3 5.80281e-02
 35    5 9.70886e-02
 35    7 1.38432e-01
 35    9 1.67144e-01
 35   11 1.72969e-01
 35   13 1.65468e-01
 35   15 1.74031e-01
 35   17 1.91184e-01
 35   19 1.98973e-01
 35   21 2.02949e-01
 35   23 2.44062e-01
 35   25 3.29995e-01
 35   27 3.06599e-01
 35   29 3.62654e-01
 35   31 8.91921e-01
 35   33 2.68270e+00
 35   35 3.18215e+01
 35   37 2.66252e+00
 35   39 8.78612e-01
 35   41 3.36979e-01
 35   43 2.96491e-01
 35   45 3.24373e-01
 35   47 2.11345e-01
 35   49 1.84480e-01
 35   51 1.83154e-01
 35   53 1.52840e-01
 35   55 1.31710e-01
 35   57 1.22234e-01
 35   59 1.12180e-01
 35   61 1.35479e-01
 35   63 1.26346e-01
 35   65 1.12729e-01
 35   67 1.08356e-01
 35   69 1.26647e-01
 35   71 1.04974e-01
 35   73 1.03331e-01
 35   75 1.43286e-01
 35   77 1.17383e-01
 35   79 1.46280e-01
 35   81 1.02632e-01
 35   83 1.46297e-01
 35   85 1.35393e-01
 35   87 1.13409e-01
 35   89 1.30666e-01
 36    0 1.00633e-02
 36    2 4.41582e-02
 36    4 8.32201e-02
 36    6 1.11237e-01
 36    8 1.51579e-01
 36   10 1.52266e-01
 36   12 1.64270e-01
 36   14 1.71672e-01
 36   16 1.71022e-01
 36   18 1.85974e-01
 36   20 1.96361e-01
 36   22 1.89797e-01
 36   24 2.18754e-01
 36   26 3.26367e-01
 36   28 2.89506e-01
 36   30 3.47297e-01
 36   32 8.75493e-01
 36   34 2.58847e+00
 36   36 3.09865e+01
 36   38 2.58980e+00
 36   40 8.61739e-01
 36   42 3.19707e-01
 36   44 2.74429e-01
 36   46 3.08038e-01
 36   48 2.07333e-01
 36   50 1.76182e-01
 36   52 1.71535e-01
 36   54 1.56917e-01
 36   56 1.14812e-01
 36   58 1.17365e-01
 36   60 1.12912e-01
 36   62 1.18924e-01
 36   64 1.13796e-01
 36   66 1.12554e-01
 36   68 1.14226e-01
 36   70 1.14623e-01
 36   72 1.09242e-01
 36   74 1.03923e-01
 36   76 1.17924e-01
 36   78 1.13184e-01
 36   80 1.48694e-01
 36   82 1.05364e-01
 36   84 1.39369e-01
 36   86 1.37438e-01
 36   88 9.67718e-02
 36   90 1.31450e-01
 37    1 2.36514e-02
 37    3 5.98847e-02
 37    5 8.95182e-02
 37    7 1.24809e-01
 37    9 1.49736e-01
 37   11 1.67535e-01
 37   13 1.68730e-01
 37   15 1.62337e-01
 37   17 1.68560e-01
 37   19 1.75577e-01
 37   21 1.87099e-01
 37   23 1.84876e-01
 37   25 2.19623e-01
 37   27 3.10130e-01
 37   29 2.79342e-01
 37   31 3.23778e-01
 37   33 8.41941e-01
 37   35 2.52466e+00
 37   37 3.01535e+01
 37   39 2.52335e+00
 37   41 8.31541e-01
 37   43 3.21887e-01
 37   45 2.53783e-01
 37   47 3.08512e-01
 37   49 1.95763e-01
 37   51 1.67107e-01
 37   53 1.60479e-01
 37   55 1.45069e-01
 37   57 1.18756e-01
 37   59 1.18771e-01
 37   61 1.11320e-01
 37   63 1.30281e-01
 37   65 1.18166e-01
 37   67 1.12140e-01
 37   69 1.12014e-01
 37   71 1.20249e-01
 37   73 1.01261e-01
 37   75 1.22764e-01
 37   77 1.10131e-01
 37   79 1.47360e-01
 37   81 1.16530e-01
 37   83 1.40019e-01
 37   85 1.27059e-01
 37   87 9.82104e-02
 37   89 1.26664e-01
 38    0 6.18709e-03
 38    2 3.83151e-02
 38    4 7.06202e-02
 38    6 1.13119e-01
 38    8 1.42007e-01
 38   10 1.49157e-01
 38   12 1.52425e-01
 38   14 1.55287e-01
 38   16 1.52034e-01
 38   18 1.48887e-01
 38   20 1.68792e-01
 38   22 1.85950e-01
 38   24 1.80859e-01
 38   26 2.12514e-01
 38   28 3.01475e-01
 38   30 2.70000e-01
 38   32 3.13152e-01
 38   34 8.16464e-01
 38   36 2.45941e+00
 38   38 2.93483e+01
 38   40 2.43750e+00
 38   42 8.11329e-01
 38   44 3.02199e-01
 38   46 2.59426e-01
 38   48 2.89749e-01
 38   50 1.93370e-01
 38   52 1.54161e-01
 38   54 1.63160e-01
 38   56 1.47362e-01
 38   58 1.13014e-01
 38   60 1.07206e-01
 38   62 1.10489e-01
 38   64 1.12840e-01
 38   66 1.14023e-01
 38   68 1.10916e-01
 38   70 1.10937e-01
 38   72 1.02383e-01
 38   74 9.89594e-02
 38   76 1.37821e-01
 38   78 1.15311e-01
 38   80 1.36956e-01
 38   82 1.10199e-01
 38   84 1.35485e-01
 38   86 1.25717e-01
 38   88 9.88149e-02
 38   90 1.26489e-01
 39    1 2.12663e-02
 39    3 5.34969e-02
 39    5 8.99639e-02
 39    7 1.23012e-01
 39    9 1.45433e-01
 39   11 1.46028e-01
 39   13 1.52123e-01
 39   15 1.48014e-01
 39   17 1.39256e-01
 39   19 1.50842e-01
 39   21 1.67493e-01
 39   23 1.78835e-01
 39   25 1.73014e-01
 39   27 2.06435e-01
 39   29 2.76688e-01
 39   31 2.53378e-01
 39   33 3.05887e-01
 39   35 7.92308e-01
 39   37 2.39975e+00
 39   39 2.86244e+01
 39   41 2.37761e+00
 39   43 7.86146e-01
 39   45 3.02644e-01
 39   47 2.52574e-01
 39   49 2.84582e-01
 39   51 1.94325e-01
 39   53 1.62478e-01
 39   55 1.57876e-01
 39   57 1.49526e-01
 39   59 1.03753e-01
 39   61 1.22781e-01
 39   63 1.18204e-01
 39   65 1.23866e-01
 39   67 1.16192e-01
 39   69 1.04941e-01
 39   71 1.03041e-01
 39   73 1.02970e-01
 39   75 1.07630e-01
 39   77 1.01264e-01
 39   79 1.53901e-01
 39   81 1.08752e-01
 39   83 1.26980e-01
 39   85 1.25955e-01
 39   87 1.02514e-01
 39   89 1.16100e-01
 40    0 8.05060e-03
 40    2 3.91582e-02
 40    4 6.98846e-02
 40    6 9.64698e-02
 40    8 1.38161e-01
 40   10 1.45826e-01
 40   12 1.44573e-01
 40   14 1.43958e-01
 40   16 1.45375e-01
 40   18 1.36099e-01
 40   20 1.40701e-01
 40   22 1.57825e-01
 40   24 1.66621e-01
 40   26 1.63730e-01
 40   28 1.95627e-01
 40   30 2.79320e-01
 40   32 2.42764e-01
 40   34 2.98126e-01
 40   36 7.79327e-01
 40   38 2.32126e+00
 40   40 2.79244e+01
 40   42 2.30835e+00
 40   44 7.65810e-01
 40   46 2.89977e-01
 40   48 2.43623e-01
 40   50 2.79039e-01
 40   52 1.89825e-01
 40   54 1.56540e-01
 40   56 1.53603e-01
 40   58 1.47985e-01
 40   60 1.04827e-01
 40   62 1.21103e-01
 40   64 1.17612e-01
 40   66 1.05212e-01
 40   68 1.16464e-01
 40   70 1.03761e-01
 40   72 1.07502e-01
 40   74 9.85376e-02
 40   76 9.86011e-02
 40   78 1.00097e-01
 40   80 1.55786e-01
 40   82 1.03542e-01
 40   84 1.19143e-01
 40   86 1.16638e-01
 40   88 9.89987e-02
 40   90 1.10171e-01
 41    1 2.17301e-02
 41    3 5.17454e-02
 41    5 7.68024e-02
 41    7 1.13453e-01
 41    9 1.40937e-01
 41   11 1.38332e-01
 41   13 1.34452e-01
 41   15 1.41351e-01
 41   17 1.32606e-01
 41   19 1.26462e-01
 41   21 1.38022e-01
 41   23 1.44406e-01
 41   25 1.54374e-01
 41   27 1.59276e-01
 41   29 1.96019e-01
 41   31 2.65433e-01
 41   33 2.47284e-01
 41   35 2.89762e-01
 41   37 7.54073e-01
 41   39 2.26717e+00
 41   41 2.72524e+01
 41   43 2.25489e+00
 41   45 7.48534e-01
 41   47 2.74479e-01
 41   49 2.39433e-01
 41   51 2.76407e-01
 41   53 1.85889e-01
 41   55 1.54086e-01
 41   57 1.50083e-01
 41   59 1.32794e-01
 41   61 1.30976e-01
 41   63 1.15682e-01
 41   65 1.20527e-01
 41   67 1.18683e-01
 41   69 1.01294e-01
 41   71 1.07766e-01
 41   73 1.02895e-01
 41   75 1.03060e-01
 41   77 1.19037e-01
 41   79 1.47916e-01
 41   81 1.02249e-01
 41   83 1.22073e-01
 41   85 1.11740e-01
 41   87 1.02288e-01
 41   89 1.16098e-01
 42    0 6.87258e-03
 42    2 3.32415e-02
 42    4 5.85180e-02
 42    6 9.04155e-02
 42    8 1.30538e-01
 42   10 1.37239e-01
 42   12 1.25447e-01
 42   14 1.26749e-01
 42   16 1.25025e-01
 42   18 1.31326e-01
 42   20 1.28345e-01
 42   22 1.25804e-01
 42   24 1.39224e-01
 42   26 1.57563e-01
 42   28 1.59681e-01
 42   30 1.84044e-01
 42   32 2.61042e-01
 42   34 2.35591e-01
 42   36 2.76042e-01
 42   38 7.37659e-01
 42   40 2.20385e+00
 42   42 2.66575e+01
 42   44 2.19711e+00
 42   46 7.19336e-01
 42   48 2.65534e-01
 42   50 2.36088e-01
 42   52 2.62021e-01
 42   54 1.81642e-01
 42   56 1.56400e-01
 42   58 1.45793e-01
 42   60 1.28201e-01
 42   62 1.15187e-01
 42   64 1.25621e-01
 42   66 1.13788e-01
 42   68 1.09503e-01
 42   70 1.05064e-01
 42   72 1.08161e-01
 42   74 1.05824e-01
 42   76 9.74268e-02
 42   78 1.19424e-01
 42   80 1.28430e-01
 42   82 1.01516e-01
 42   84 1.17918e-01
 42   86 1.14904e-01
 42   88 9.95743e-02
 42   90 1.08800e-01
 43    1 2.06437e-02
 43    3 5.01191e-02
 43    5 7.87167e-02
 43    7 1.13339e-01
 43    9 1.32976e-01
 43   11 1.27726e-01
 43   13 1.16091e-01
 43   15 1.13259e-01
 43   17 1.24660e-01
 43   19 1.25821e-01
 43   21 1.21283e-01
 43   23 1.24321e-01
 43   25 1.35009e-01
 43   27 1.50696e-01
 43   29 1.59543e-01
 43   31 1.78219e-01
 43   33 2.62509e-01
 43   35 2.43694e-01
 43   37 2.79014e-01
 43   39 7.16537e-01
 43   41 2.15536e+00
 43   43 2.60920e+01
 43   45 2.13341e+00
 43   47 7.02390e-01
 43   49 2.61304e-01
 43   51 2.39397e-01
 43   53 2.66629e-01
 43   55 1.76288e-01
 43   57 1.44724e-01
 43   59 1.45477e-01
 43   61 1.26913e-01
 43   63 1.27337e-01
 43   65 1.14356e-01
 43   67 1.10712e-01
 43   69 9.94309e-02
 43   71 1.06025e-01
 43   73 9.20853e-02
 43   75 1.21149e-01
 43   77 1.13530e-01
 43   79 1.22026e-01
 43   81 1.03011e-01
 43   83 1.20024e-01
 43   85 9.43462e-02
 43   87 9.39361e-02
 43   89 1.06912e-01
 44    0 6.29060e-03
 44    2 3.53434e-02
 44    4 6.57927e-02
 44    6 9.18424e-02
 44    8 1.18664e-01
 44   10 1.29491e-01
 44   12 1.31784e-01
 44   14 1.07162e-01
 44   16 1.13556e-01
 44   18 1.07393e-01
 44   20 1.13135e-01
 44   22 1.16563e-01
 44   24 1.19233e-01
 44   26 1.26633e-01
 44   28 1.45971e-01
 44   30 1.51395e-01
 44   32 1.77205e-01
 44   34 2.56302e-01
 44   36 2.26745e-01
 44   38 2.62927e-01
 44   40 6.99656e-01
 44   42 2.10250e+00
 44   44 2.55227e+01
 44   46 2.07884e+00
 44   48 6.83571e-01
 44   50 2.52306e-01
 44   52 2.27948e-01
 44   54 2.64859e-01
 44   56 1.72887e-01
 44   58 1.49038e-01
 44   60 1.35780e-01
 44   62 1.27398e-01
 44   64 1.19778e-01
 44   66 1.05792e-01
 44   68 1.23678e-01
 44   70 9.05289e-02
 44   72 1.13898e-01
 44   74 8.49575e-02
 44   76 1.10801e-01
 44   78 9.98323e-02
 44   80 1.27930e-01
 44   82 9.54486e-02
 44   84 1.23366e-01
 44   86 8.58377e-02
 44   88 8.41982e-02
 44   90 1.17466e-01
 45    1 2.17669e-02
 45    3 5.33201e-02
 45    5 8.31140e-02
 45    7 1.11310e-01
 45    9 1.21685e-01
 45   11 1.31617e-01
 45   13 1.14640e-01
 45   15 9.90262e-02
 45   17 1.03354e-01
 45   19 1.05799e-01
 45   21 1.01983e-01
 45   23 1.09570e-01
 45   25 1.11607e-01
 45   27 1.22776e-01
 45   29 1.50109e-01
 45   31 1.43542e-01
 45   33 1.71762e-01
 45   35 2.55405e-01
 45   37 2.10736e-01
 45   39 2.64254e-01
 45   41 6.85422e-01
 45   43 2.04374e+00
 45   45 2.49551e+01
 45   47 2.02665e+00
 45   49 6.72615e-01
 45   51 2.52843e-01
 45   53 2.43654e-01
 45   55 2.63968e-01
 45   57 1.71741e-01
 45   59 1.37971e-01
 45   61 1.50593e-01
 45   63 1.37840e-01
 45   65 1.13539e-01
 45   67 1.09450e-01
 45   69 1.11556e-01
 45   71 1.18504e-01
 45   73 1.04138e-01
 45   75 1.11774e-01
 45   77 9.59217e-02
 45   79 1.26922e-01
 45   81 9.14384e-02
 45   83 1.02600e-01
 45   85 1.01968e-01
 45   87 8.28548e-02
 45   89 1.05756e-01
 46    0 7.11370e-03
 46    2 3.34930e-02
 46    4 6.17736e-02
 46    6 9.43980e-02
 46    8 1.16039e-01
 46   10 1.17979e-01
 46   12 1.15440e-01
 46   14 1.07626e-01
 46   16 9.94802e-02
 46   18 1.11638e-01
 46   20 9.30193e-02
 46   22 1.05789e-01
 46   24 1.00908e-01
 46   26 9.81783e-02
 46   28 1.29310e-01
 46   30 1.40915e-01
 46   32 1.37992e-01
 46   34 1.69707e-01
 46   36 2.44070e-01
 46   38 2.16450e-01
 46   40 2.54057e-01
 46   42 6.60113e-01
 46   44 1.99354e+00
 46   46 2.44287e+01
 46   48 1.98323e+00
 46   50 6.62419e-01
 46   52 2.48832e-01
 46   54 2.29195e-01
 46   56 2.54016e-01
 46   58 1.68911e-01
 46   60 1.29477e-01
 46   62 1.34893e-01
 46   64 1.35831e-01
 46   66 1.11929e-01
 46   68 1.13266e-01
 46   70 1.09083e-01
 46   72 1.09414e-01
 46   74 1.04452e-01
 46   76 1.12928e-01
 46   78 9.19388e-02
 46   80 1.15313e-01
 46   82 9.73407e-02
 46   84 9.81334e-02
 46   86 1.01470e-01
 46   88 8.98575e-02
 46   90 9.58438e-02
 47    1 2.12687e-02
 47    3 5.14182e-02
 47    5 8.06179e-02
 47    7 1.09457e-01
 47    9 1.18664e-01
 47   11 1.14156e-01
 47   13 1.04024e-01
 47   15 9.40782e-02
 47   17 9.11277e-02
 47   19 9.48024e-02
 47   21 9.33651e-02
 47   23 9.33531e-02
 47   25 9.74264e-02
 47   27 1.03364e-01
 47   29 1.20945e-01
 47   31 1.45444e-01
 47   33 1.44832e-01
 47   35 1.59740e-01
 47   37 2.45913e-01
 47   39 2.11695e-01
 47   41 2.41263e-01
 47   43 6.45900e-01
 47   45 1.94542e+00
 47   47 2.39708e+01
 47   49 1.94763e+00
 47   51 6.60891e-01
 47   53 2.52672e-01
 47   55 2.09097e-01
 47   57 2.47085e-01
 47   59 1.65432e-01
 47   61 1.36709e-01
 47   63 1.46119e-01
 47   65 1.33478e-01
 47   67 1.13113e-01
 47   69 1.17162e-01
 47   71 1.17926e-01
 47   73 1.01558e-01
 47   75 1.05116e-01
 47   77 9.70996e-02
 47   79 1.17396e-01
 47   81 9.32960e-02
 47   83 9.57941e-02
 47   85 1.00556e-01
 47   87 9.72467e-02
 47   89 8.48553e-02
 48    0 7.63473e-03
 48    2 3.43367e-02
 48    4 6.39562e-02
 48    6 9.36349e-02
 48    8 1.19404e-01
 48   10 1.09394e-01
 48   12 1.03155e-01
 48   14 9.91310e-02
 48   16 8.92716e-02
 48   18 8.86660e-02
 48   20 8.86463e-02
 48   22 8.40066e-02
 48   24 9.35528e-02
 48   26 9.61328e-02
 48   28 9.89314e-02
 48   30 1.19769e-01
 48   32 1.40928e-01
 48   34 1.31267e-01
 48   36 1.57843e-01
 48   38 2.32282e-01
 48   40 2.05084e-01
 48   42 2.34129e-01
 48   44 6.29847e-01
 48   46 1.90555e+00
 48   48 2.34665e+01
 48   50 1.89581e+00
 48   52 6.44014e-01
 48   54 2.49771e-01
 48   56 2.08646e-01
 48   58 2.43283e-01
 48   60 1.61669e-01
 48   62 1.31555e-01
 48   64 1.41061e-01
 48   66 1.39195e-01
 48   68 1.08749e-01
 48   70 1.14431e-01
 48   72 1.17960e-01
 48   74 8.98110e-02
 48   76 9.87016e-02
 48   78 9.98774e-02
 48   80 1.21537e-01
 48   82 8.72322e-02
 48   84 9.30728e-02
 48   86 9.57098e-02
 48   88 8.45090e-02
 48   90 9.74532e-02
 49    1 2.31680e-02
 49    3 4.69876e-02
 49    5 7.46927e-02
 49    7 1.01260e-01
 49    9 1.12897e-01
 49   11 1.09123e-01
 49   13 9.86033e-02
 49   15 8.72273e-02
 49   17 8.36157e-02
 49   19 7.62409e-02
 49   21 8.17781e-02
 49   23 8.98511e-02
 49   25 9.44825e-02
 49   27 9.52625e-02
 49   29 1.03305e-01
 49   31 1.20761e-01
 49   33 1.33137e-01
 49   35 1.34096e-01
 49   37 1.50068e-01
 49   39 2.29391e-01
 49   41 2.02400e-01
 49   43 2.31089e-01
 49   45 6.20936e-01
 49   47 1.87306e+00
 49   49 2.30534e+01
 49   51 1.86112e+00
 49   53 6.24890e-01
 49   55 2.39465e-01
 49   57 2.09765e-01
 49   59 2.26500e-01
 49   61 1.71264e-01
 49   63 1.37565e-01
 49   65 1.57635e-01
 49   67 1.38177e-01
 49   69 1.11518e-01
 49   71 1.03309e-01
 49   73 9.10744e-02
 49   75 1.00775e-01
 49   77 1.12820e-01
 49   79 1.04678e-01
 49   81 9.16732e-02
 49   83 9.63170e-02
 49   85 8.83706e-02
 49   87 8.13949e-02
 49   89 1.02208e-01
 50    0 7.76953e-03
 50    2 3.59178e-02
 50    4 5.90953e-02
 50    6 7.91272e-02
 50    8 1.04591e-01
 50   10 1.05900e-01
 50   12 9.62342e-02
 50   14 9.20873e-02
 50   16 8.16674e-02
 50   18 8.62110e-02
 50   20 7.84822e-02
 50   22 7.81380e-02
 50   24 7.98269e-02
 50   26 9.83544e-02
 50   28 9.89453e-02
 50   30 9.91673e-02
 50   32 1.20025e-01
 50   34 1.31645e-01
 50   36 1.29107e-01
 50   38 1.49215e-01
 50   40 2.26104e-01
 50   42 2.00373e-01
 50   44 2.23773e-01
 50   46 6.12647e-01
 50   48 1.82483e+00
 50   50 2.26469e+01
 50   52 1.80909e+00
 50   54 6.08795e-01
 50   56 2.37150e-01
 50   58 1.96959e-01
 50   60 2.22912e-01
 50   62 1.64414e-01
 50   64 1.41043e-01
 50   66 1.42606e-01
 50   68 1.40646e-01
 50   70 1.17218e-01
 50   72 9.46737e-02
 50   74 9.05095e-02
 50   76 9.75451e-02
 50   78 1.12146e-01
 50   80 9.81736e-02
 50   82 9.02178e-02
 50   84 9.15616e-02
 50   86 8.47808e-02
 50   88 8.61171e-02
 50   90 9.10628e-02
 51    1 2.03408e-02
 51    3 4.96497e-02
 51    5 6.77723e-02
 51    7 8.94275e-02
 51    9 1.05266e-01
 51   11 1.00833e-01
 51   13 9.43737e-02
 51   15 7.77214e-02
 51   17 7.82075e-02
 51   19 7.54822e-02
 51   21 7.45587e-02
 51   23 7.57825e-02
 51   25 8.25138e-02
 51   27 8.79847e-02
 51   29 8.99525e-02
 51   31 1.02504e-01
 51   33 1.16652e-01
 51   35 1.28257e-01
 51   37 1.23410e-01
 51   39 1.50902e-01
 51   41 2.25099e-01
 51   43 2.03962e-01
 51   45 2.24869e-01
 51   47 6.12313e-01
 51   49 1.79296e+00
 51   51 2.22150e+01
 51   53 1.76974e+00
 51   55 5.99324e-01
 51   57 2.20566e-01
 51   59 1.92319e-01
 51   61 2.20400e-01
 51   63 1.70071e-01
 51   65 1.49003e-01
 51   67 1.43393e-01
 51   69 1.16081e-01
 51   71 1.08153e-01
 51   73 9.71770e-02
 51   75 1.07674e-01
 51   77 1.02550e-01
 51   79 1.13687e-01
 51   81 8.02594e-02
 51   83 1.00271e-01
 51   85 9.07948e-02
 51   87 9.06068e-02
 51   89 9.85249e-02
 52    0 6.52689e-03
 52    2 3.42072e-02
 52    4 6.10691e-02
 52    6 8.22737e-02
 52    8 1.02010e-01
 52   10 9.93055e-02
 52   12 9.20244e-02
 52   14 7.88296e-02
 52   16 7.69358e-02
 52   18 7.01691e-02
 52   20 6.74038e-02
 52   22 6.84675e-02
 52   24 8.32709e-02
 52   26 7.53960e-02
 52   28 9.12820e-02
 52   30 8.95395e-02
 52   32 8.71882e-02
 52   34 1.13450e-01
 52   36 1.21197e-01
 52   38 1.14696e-01
 52   40 1.48303e-01
 52   42 2.14414e-01
 52   44 1.94925e-01
 52   46 2.21890e-01
 52   48 5.97691e-01
 52   50 1.74427e+00
 52   52 2.18230e+01
 52   54 1.72395e+00
 52   56 5.91066e-01
 52   58 2.11689e-01
 52   60 1.96778e-01
 52   62 2.16080e-01
 52   64 1.71519e-01
 52   66 1.49047e-01
 52   68 1.35470e-01
 52   70 1.07014e-01
 52   72 1.09011e-01
 52   74 1.01248e-01
 52   76 1.06696e-01
 52   78 1.00945e-01
 52   80 1.07956e-01
 52   82 8.76951e-02
 52   84 1.03285e-01
 52   86 8.93158e-02
 52   88 8.19914e-02
 52   90 1.07236e-01
 53    1 1.61632e-02
 53    3 4.23482e-02
 53    5 6.53557e-02
 53    7 9.18878e-02
 53    9 1.00481e-01
 53   11 9.84886e-02
 53   13 8.40105e-02
 53   15 7.98720e-02
 53   17 7.34330e-02
 53   19 7.77913e-02
 53   21 7.66217e-02
 53   23 7.20476e-02
 53   25 8.24468e-02
 53   27 7.80712e-02
 53   29 8.59607e-02
 53   31 7.81582e-02
 53   33 8.35831e-02
 53   35 1.03275e-01
 53   37 1.14358e-01
 53   39 1.21747e-01
 53   41 1.46074e-01
 53   43 2.19196e-01
 53   45 2.09097e-01
 53   47 2.25890e-01
 53   49 5.80894e-01
 53   51 1.70768e+00
 53   53 2.14632e+01
 53   55 1.69610e+00
 53   57 5.73148e-01
 53   59 2.17456e-01
 53   61 2.03815e-01
 53   63 2.30136e-01
 53   65 1.65046e-01
 53   67 1.33963e-01
 53   69 1.32307e-01
 53   71 1.06527e-01
 53   73 9.25986e-02
 53   75 9.56969e-02
 53   77 9.88131e-02
 53   79 1.08514e-01
 53   81 9.08596e-02
 53   83 8.02775e-02
 53   85 1.01379e-01
 53   87 8.92137e-02
 53   89 9.82307e-02
 54    0 5.14493e-03
 54    2 3.03054e-02
 54    4 5.09116e-02
 54    6 7.30801e-02
 54    8 9.48523e-02
 54   10 9.44618e-02
 54   12 9.11894e-02
 54   14 7.93721e-02
 54   16 6.94061e-02
 54   18 7.03637e-02
 54   20 7.59624e-02
 54   22 7.73771e-02
 54   24 7.19249e-02
 54   26 7.55462e-02
 54   28 7.47306e-02
 54   30 7.99880e-02
 54   32 8.08069e-02
 54   34 7.98551e-02
 54   36 1.07062e-01
 54   38 1.17223e-01
 54   40 1.18099e-01
 54   42 1.43535e-01
 54   44 2.18712e-01
 54   46 1.97361e-01
 54   48 2.23846e-01
 54   50 5.66826e-01
 54   52 1.66475e+00
 54   54 2.10974e+01
 54   56 1.64799e+00
 54   58 5.68860e-01
 54   60 2.12279e-01
 54   62 1.98753e-01
 54   64 2.24180e-01
 54   66 1.56655e-01
 54   68 1.28679e-01
 54   70 1.30972e-01
 54   72 1.11841e-01
 54   74 9.32864e-02
 54   76 9.55664e-02
 54   78 9.42161e-02
 54   80 1.09400e-01
 54   82 8.22567e-02
 54   84 8.56150e-02
 54   86 9.84873e-02
 54   88 9.00117e-02
 54   90 9.17746e-02
 55    1 1.42636e-02
 55    3 3.46463e-02
 55    5 5.58210e-02
 55    7 7.79206e-02
 55    9 8.90476e-02
 55   11 8.64116e-02
 55   13 8.41286e-02
 55   15 8.20198e-02
 55   17 7.97521e-02
 55   19 7.82954e-02
 55   21 8.27043e-02
 55   23 7.39386e-02
 55   25 7.25213e-02
 55   27 7.94022e-02
 55   29 8.57279e-02
 55   31 8.75879e-02
 55   33 7.72055e-02
 55   35 8.60050e-02
 55   37 9.99008e-02
 55   39 1.14320e-01
 55   41 1.17012e-01
 55   43 1.40053e-01
 55   45 2.18912e-01
 55   47 1.80647e-01
 55   49 2.15120e-01
 55   51 5.58858e-01
 55   53 1.63907e+00
 55   55 2.06846e+01
 55   57 1.62285e+00
 55   59 5.66626e-01
 55   61 2.15435e-01
 55   63 1.97187e-01
 55   65 2.11436e-01
 55   67 1.51574e-01
 55   69 1.31229e-01
 55   71 1.35725e-01
 55   73 1.09229e-01
 55   75 9.42950e-02
 55   77 9.31759e-02
 55   79 1.05400e-01
 55   81 9.87645e-02
 55   83 9.42531e-02
 55   85 8.96962e-02
 55   87 8.91128e-02
 55   89 8.44805e-02
 56    0 5.24669e-03
 56    2 2.30473e-02
 56    4 4.63351e-02
 56    6 6.90133e-02
 56    8 8.75044e-02
 56   10 8.58572e-02
 56   12 7.59315e-02
 56   14 7.67648e-02
 56   16 8.04663e-02
 56   18 7.90306e-02
 56   20 7.42511e-02
 56   22 7.25948e-02
 56   24 8.08822e-02
 56   26 6.87725e-02
 56   28 8.00498e-02
 56   30 7.80345e-02
 56   32 7.20890e-02
 56   34 7.28076e-02
 56   36 7.57539e-02
 56   38 1.02386e-01
 56   40 1.12066e-01
 56   42 1.19518e-01
 56   44 1.38062e-01
 56   46 2.11529e-01
 56   48 1.80830e-01
 56   50 2.13528e-01
 56   52 5.51970e-01
 56   54 1.59370e+00
 56   56 2.03677e+01
 56   58 1.58817e+00
 56   60 5.56821e-01
 56   62 2.15314e-01
 56   64 1.92267e-01
 56   66 2.04353e-01
 56   68 1.49485e-01
 56   70 1.15259e-01
 56   72 1.37053e-01
 56   74 1.11562e-01
 56   76 9.11198e-02
 56   78 8.87765e-02
 56   80 1.05634e-01
 56   82 9.46387e-02
 56   84 8.53100e-02
 56   86 8.61980e-02
 56   88 8.30951e-02
 56   90 8.90129e-02
 57    1 1.54880e-02
 57    3 3.38934e-02
 57    5 5.63907e-02
 57    7 7.87290e-02
 57    9 9.02146e-02
 57   11 8.73069e-02
 57   13 7.74037e-02
 57   15 8.36538e-02
 57   17 8.44792e-02
 57   19 8.46381e-02
 57   21 8.23015e-02
 57   23 8.13484e-02
 57   25 7.95086e-02
 57   27 6.93851e-02
 57   29 7.39180e-02
 57   31 7.16993e-02
 57   33 7.06770e-02
 57   35 7.72411e-02
 57   37 7.91412e-02
 57   39 1.04779e-01
 57   41 1.10293e-01
 57   43 1.11266e-01
 57   45 1.37830e-01
 57   47 2.06577e-01
 57   49 1.82357e-01
 57   51 1.99036e-01
 57   53 5.35999e-01
 57   55 1.57047e+00
 57   57 2.00606e+01
 57   59 1.56646e+00
 57   61 5.45728e-01
 57   63 2.07109e-01
 57   65 1.84188e-01
 57   67 1.99468e-01
 57   69 1.44961e-01
 57   71 1.26792e-01
 57   73 1.20172e-01
 57   75 1.08845e-01
 57   77 9.18535e-02
 57   79 8.04533e-02
 57   81 9.13741e-02
 57   83 9.43870e-02
 57   85 8.31207e-02
 57   87 8.07231e-02
 57   89 9.90949e-02
 58    0 4.19800e-03
 58    2 2.11682e-02
 58    4 4.20032e-02
 58    6 5.85684e-02
 58    8 8.23891e-02
 58   10 9.16616e-02
 58   12 8.15629e-02
 58   14 8.31519e-02
 58   16 7.90755e-02
 58   18 8.29663e-02
 58   20 7.38493e-02
 58   22 7.98440e-02
 58   24 7.43891e-02
 58   26 7.94563e-02
 58   28 6.65407e-02
 58   30 6.82114e-02
 58   32 6.76085e-02
 58   34 6.82577e-02
 58   36 7.49890e-02
 58   38 7.60374e-02
 58   40 1.04552e-01
 58   42 1.07888e-01
 58   44 1.15252e-01
 58   46 1.36210e-01
 58   48 2.04180e-01
 58   50 1.71731e-01
 58   52 1.91433e-01
 58   54 5.32720e-01
 58   56 1.53793e+00
 58   58 1.97332e+01
 58   60 1.53160e+00
 58   62 5.41960e-01
 58   64 1.99968e-01
 58   66 1.84934e-01
 58   68 1.94904e-01
 58   70 1.60985e-01
 58   72 1.15311e-01
 58   74 1.16812e-01
 58   76 1.02378e-01
 58   78 8.69033e-02
 58   80 7.44654e-02
 58   82 9.43088e-02
 58   84 8.62832e-02
 58   86 7.75255e-02
 58   88 8.09335e-02
 58   90 9.28506e-02
 59    1 1.29295e-02
 59    3 3.25490e-02
 59    5 4.91502e-02
 59    7 6.61179e-02
 59    9 8.47038e-02
 59   11 8.12018e-02
 59   13 8.33849e-02
 59   15 8.30581e-02
 59   17 8.61714e-02
 59   19 7.91660e-02
 59   21 8.69863e-02
 59   23 7.12714e-02
 59   25 8.29449e-02
 59   27 7.63224e-02
 59   29 5.99865e-02
 59   31 7.60648e-02
 59   33 7.35912e-02
 59   35 6.86897e-02
 59   37 7.66967e-02
 59   39 7.04500e-02
 59   41 9.45616e-02
 59   43 1.08377e-01
 59   45 1.07295e-01
 59   47 1.34022e-01
 59   49 1.90800e-01
 59   51 1.68164e-01
 59   53 1.97055e-01
 59   55 5.31336e-01
 59   57 1.51788e+00
 59   59 1.94667e+01
 59   61 1.49995e+00
 59   63 5.21143e-01
 59   65 2.10878e-01
 59   67 1.88575e-01
 59   69 2.06257e-01
 59   71 1.39622e-01
 59   73 1.13026e-01
 59   75 1.18273e-01
 59   77 1.09309e-01
 59   79 8.29473e-02
 59   81 7.98409e-02
 59   83 7.41090e-02
 59   85 8.20265e-02
 59   87 8.28486e-02
 59   89 7.99036e-02
 60    0 3.97632e-03
 60    2 2.10926e-02
 60    4 3.80501e-02
 60    6 5.59025e-02
 60    8 7.76313e-02
 60   10 8.35062e-02
 60   12 7.87686e-02
 60   14 8.17672e-02
 60   16 8.09858e-02
 60   18 7.73431e-02
 60   20 9.05549e-02
 60   22 6.41928e-02
 60   24 7.34126e-02
 60   26 7.55272e-02
 60   28 6.69155e-02
 60   30 6.55087e-02
 60   32 6.49804e-02
 60   34 7.07215e-02
 60   36 6.99509e-02
 60   38 6.99367e-02
 60   40 7.18091e-02
 60   42 9.19858e-02
 60   44 1.01808e-01
 60   46 1.01236e-01
 60   48 1.31558e-01
 60   50 1.88450e-01
 60   52 1.72539e-01
 60   54 1.92749e-01
 60   56 5.22815e-01
 60   58 1.48504e+00
 60   60 1.91707e+01
 60   62 1.46395e+00
 60   64 5.11238e-01
 60   66 2.09611e-01
 60   68 1.82195e-01
 60   70 1.97250e-01
 60   72 1.38710e-01
 60   74 1.08960e-01
 60   76 1.13342e-01
 60   78 1.08708e-01
 60   80 8.03634e-02
 60   82 7.48541e-02
 60   84 8.26883e-02
 60   86 8.44619e-02
 60   88 7.58648e-02
 60   90 8.33780e-02
 61    1 1.17544e-02
 61    3 2.63200e-02
 61    5 4.10473e-02
 61    7 6.07888e-02
 61    9 7.54375e-02
 61   11 7.52338e-02
 61   13 7.58995e-02
 61   15 7.61136e-02
 61   17 7.29638e-02
 61   19 7.92674e-02
 61   21 7.39912e-02
 61   23 6.53447e-02
 61   25 6.61680e-02
 61   27 7.74639e-02
 61   29 6.48130e-02
 61   31 6.54530e-02
 61   33 6.68074e-02
 61   35 8.04825e-02
 61   37 6.97416e-02
 61   39 8.08842e-02
 61   41 9.04865e-02
 61   43 9.17285e-02
 61   45 1.13618e-01
 61   47 1.07450e-01
 61   49 1.39969e-01
 61   51 1.86973e-01
 61   53 1.79188e-01
 61   55 1.95994e-01
 61   57 5.13041e-01
 61   59 1.45523e+00
 61   61 1.88631e+01
 61   63 1.43192e+00
 61   65 5.01268e-01
 61   67 2.01646e-01
 61   69 1.76488e-01
 61   71 2.09874e-01
 61   73 1.44805e-01
 61   75 1.04708e-01
 61   77 1.23097e-01
 61   79 1.09418e-01
 61   81 7.31795e-02
 61   83 7.41617e-02
 61   85 8.13599e-02
 61   87 7.65700e-02
 61   89 7.58883e-02
 62    0 3.88241e-03
 62    2 1.86272e-02
 62    4 3.37675e-02
 62    6 4.67944e-02
 62    8 6.54995e-02
 62   10 7.27519e-02
 62   12 7.53669e-02
 62   14 7.98213e-02
 62   16 7.18361e-02
 62   18 6.36573e-02
 62   20 7.29092e-02
 62   22 7.30923e-02
 62   24 6.51826e-02
 62   26 7.06451e-02
 62   28 6.79923e-02
 62   30 6.31548e-02
 62   32 6.44776e-02
 62   34 6.50460e-02
 62   36 7.15208e-02
 62   38 6.99707e-02
 62   40 8.05330e-02
 62   42 8.02308e-02
 62   44 9.27294e-02
 62   46 1.02386e-01
 62   48 1.03923e-01
 62   50 1.34931e-01
 62   52 1.83923e-01
 62   54 1.75190e-01
 62   56 1.96252e-01
 62   58 5.10116e-01
 62   60 1.42114e+00
 62   62 1.85847e+01
 62   64 1.40595e+00
 62   66 4.91849e-01
 62   68 1.98267e-01
 62   70 1.71943e-01
 62   72 2.10082e-01
 62   74 1.39930e-01
 62   76 1.08689e-01
 62   78 1.06980e-01
 62   80 1.19666e-01
 62   82 7.30019e-02
 62   84 7.59498e-02
 62   86 7.62901e-02
 62   88 8.51211e-02
 62   90 7.03828e-02
 63    1 1.07625e-02
 63    3 2.55898e-02
 63    5 3.88532e-02
 63    7 5.38086e-02
 63    9 6.55019e-02
 63   11 6.75647e-02
 63   13 6.99307e-02
 63   15 7.20889e-02
 63   17 7.02907e-02
 63   19 6.69120e-02
 63   21 7.14197e-02
 63   23 6.64774e-02
 63   25 6.17724e-02
 63   27 5.75660e-02
 63   29 6.89009e-02
 63   31 6.59757e-02
 63   33 6.55848e-02
 63   35 7.29039e-02
 63   37 7.92791e-02
 63   39 7.56348e-02
 63   41 7.76275e-02
 63   43 8.93946e-02
 63   45 1.01013e-01
 63   47 1.11552e-01
 63   49 1.09202e-01
 63   51 1.40137e-01
 63   53 1.96524e-01
 63   55 1.74246e-01
 63   57 1.89117e-01
 63   59 4.91100e-01
 63   61 1.39084e+00
 63   63 1.83159e+01
 63   65 1.37431e+00
 63   67 4.85558e-01
 63   69 1.98769e-01
 63   71 1.68990e-01
 63   73 1.89224e-01
 63   75 1.35008e-01
 63   77 1.01942e-01
 63   79 1.14687e-01
 63   81 9.54905e-02
 63   83 7.98375e-02
 63   85 7.56040e-02
 63   87 9.16999e-02
 63   89 8.57348e-02
 64    0 3.00879e-03
 64    2 1.63054e-02
 64    4 2.90268e-02
 64    6 4.20507e-02
 64    8 5.50121e-02
 64   10 6.09886e-02
 64   12 6.70100e-02
 64   14 7.06361e-02
 64   16 7.19282e-02
 64   18 6.67898e-02
 64   20 5.99183e-02
 64   22 6.94490e-02
 64   24 6.28941e-02
 64   26 5.10896e-02
 64   28 6.60484e-02
 64   30 6.27086e-02
 64   32 7.58254e-02
 64   34 6.81214e-02
 64   36 6.65099e-02
 64   38 6.94476e-02
 64   40 7.60097e-02
 64   42 8.50356e-02
 64   44 8.47290e-02
 64   46 1.00196e-01
 64   48 1.08295e-01
 64   50 1.12493e-01
 64   52 1.41884e-01
 64   54 1.92040e-01
 64   56 1.70312e-01
 64   58 1.82920e-01
 64   60 4.82316e-01
 64   62 1.36637e+00
 64   64 1.81004e+01
 64   66 1.34617e+00
 64   68 4.76079e-01
 64   70 2.02268e-01
 64   72 1.62051e-01
 64   74 1.86579e-01
 64   76 1.35003e-01
 64   78 1.07336e-01
 64   80 9.61136e-02
 64   82 9.17661e-02
 64   84 8.12376e-02
 64   86 7.64476e-02
 64   88 8.67178e-02
 64   90 7.94492e-02
 65    1 1.08170e-02
 65    3 2.47197e-02
 65    5 4.03118e-02
 65    7 5.40481e-02
 65    9 6.44970e-02
 65   11 6.38679e-02
 65   13 6.56671e-02
 65   15 6.75585e-02
 65   17 6.55512e-02
 65   19 5.88459e-02
 65   21 4.97860e-02
 65   23 6.91209e-02
 65   25 5.83829e-02
 65   27 6.45987e-02
 65   29 5.76894e-02
 65   31 5.81418e-02
 65   33 5.94789e-02
 65   35 6.32494e-02
 65   37 6.99206e-02
 65   39 7.70683e-02
 65   41 7.86443e-02
 65   43 7.80634e-02
 65   45 8.09063e-02
 65   47 9.90857e-02
 65   49 1.21677e-01
 65   51 1.19386e-01
 65   53 1.37046e-01
 65   55 1.81675e-01
 65   57 1.63542e-01
 65   59 1.93232e-01
 65   61 4.73435e-01
 65   63 1.33634e+00
 65   65 1.78418e+01
 65   67 1.32354e+00
 65   69 4.78434e-01
 65   71 1.98633e-01
 65   73 1.63800e-01
 65   75 1.75523e-01
 65   77 1.27046e-01
 65   79 9.54255e-02
 65   81 1.05721e-01
 65   83 1.04333e-01
 65   85 8.19253e-02
 65   87 9.57673e-02
 65   89 8.33323e-02
 66    0 3.76707e-03
 66    2 1.64464e-02
 66    4 3.13994e-02
 66    6 4.62632e-02
 66    8 6.18387e-02
 66   10 6.36971e-02
 66   12 6.18443e-02
 66   14 6.31085e-02
 66   16 6.34581e-02
 66   18 6.48557e-02
 66   20 5.38324e-02
 66   22 6.02152e-02
 66   24 6.31721e-02
 66   26 6.36060e-02
 66   28 5.12673e-02
 66   30 5.83978e-02
 66   32 5.56236e-02
 66   34 5.92294e-02
 66   36 6.40005e-02
 66   38 6.82727e-02
 66   40 6.61520e-02
 66   42 7.49366e-02
 66   44 7.28061e-02
 66   46 8.03255e-02
 66   48 1.03965e-01
 66   50 1.10655e-01
 66   52 1.19952e-01
 66   54 1.30557e-01
 66   56 1.76110e-01
 66   58 1.64580e-01
 66   60 1.92391e-01
 66   62 4.65041e-01
 66   64 1.30967e+00
 66   66 1.76050e+01
 66   68 1.29767e+00
 66   70 4.63091e-01
 66   72 1.91890e-01
 66   74 1.67637e-01
 66   76 1.75235e-01
 66   78 1.23899e-01
 66   80 9.66296e-02
 66   82 1.11089e-01
 66   84 9.10977e-02
 66   86 7.91674e-02
 66   88 7.90098e-02
 66   90 9.17015e-02
 67    1 1.10441e-02
 67    3 2.41675e-02
 67    5 4.55506e-02
 67    7 6.12999e-02
 67    9 7.02635e-02
 67   11 6.94136e-02
 67   13 6.38022e-02
 67   15 6.28417e-02
 67   17 6.86468e-02
 67   19 6.55534e-02
 67   21 5.68949e-02
 67   23 5.44891e-02
 67   25 5.12679e-02
 67   27 4.81481e-02
 67   29 5.15150e-02
 67   31 5.44993e-02
 67   33 6.12809e-02
 67   35 5.91775e-02
 67   37 6.45886e-02
 67   39 7.03694e-02
 67   41 7.53794e-02
 67   43 7.35641e-02
 67   45 7.59162e-02
 67   47 8.17331e-02
 67   49 1.03818e-01
 67   51 1.11832e-01
 67   53 1.08276e-01
 67   55 1.26772e-01
 67   57 1.72394e-01
 67   59 1.68195e-01
 67   61 1.85380e-01
 67   63 4.59575e-01
 67   65 1.28831e+00
 67   67 1.73774e+01
 67   69 1.28456e+00
 67   71 4.67435e-01
 67   73 1.91188e-01
 67   75 1.46197e-01
 67   77 1.65866e-01
 67   79 1.18347e-01
 67   81 1.08944e-01
 67   83 9.24168e-02
 67   85 9.11185e-02
 67   87 8.65003e-02
 67   89 9.61139e-02
 68    0 3.77270e-03
 68    2 1.66375e-02
 68    4 3.11985e-02
 68    6 4.95552e-02
 68    8 6.20000e-02
 68   10 6.44369e-02
 68   12 5.93610e-02
 68   14 6.39376e-02
 68   16 5.88885e-02
 68   18 6.70608e-02
 68   20 6.02383e-02
 68   22 5.33054e-02
 68   24 5.12601e-02
 68   26 4.55599e-02
 68   28 5.06966e-02
 68   30 4.69704e-02
 68   32 5.78052e-02
 68   34 6.19201e-02
 68   36 6.32535e-02
 68   38 6.46768e-02
 68   40 7.13131e-02
 68   42 7.02296e-02
 68   44 8.28906e-02
 68   46 7.91608e-02
 68   48 7.91021e-02
 68   50 1.06282e-01
 68   52 1.06175e-01
 68   54 1.04438e-01
 68   56 1.25458e-01
 68   58 1.68920e-01
 68   60 1.62857e-01
 68   62 1.82561e-01
 68   64 4.51065e-01
 68   66 1.26375e+00
 68   68 1.71275e+01
 68   70 1.25925e+00
 68   72 4.57827e-01
 68   74 1.88699e-01
 68   76 1.42003e-01
 68   78 1.62906e-01
 68   80 1.18612e-01
 68   82 9.63701e-02
 68   84 1.00772e-01
 68   86 8.90385e-02
 68   88 1.00251e-01
 68   90 8.42789e-02
 69    1 1.15387e-02
 69    3 2.65392e-02
 69    5 4.17260e-02
 69    7 5.56931e-02
 69    9 6.64849e-02
 69   11 5.82733e-02
 69   13 6.33954e-02
 69   15 6.22290e-02
 69   17 5.97071e-02
 69   19 5.79913e-02
 69   21 5.75359e-02
 69   23 5.38891e-02
 69   25 5.92344e-02
 69   27 6.73764e-02
 69   29 4.96670e-02
 69   31 5.89646e-02
 69   33 5.81055e-02
 69   35 6.73921e-02
 69   37 6.28603e-02
 69   39 6.19241e-02
 69   41 6.26839e-02
 69   43 6.43727e-02
 69   45 7.53911e-02
 69   47 8.24859e-02
 69   49 8.16382e-02
 69   51 8.82088e-02
 69   53 1.04193e-01
 69   55 1.06940e-01
 69   57 1.22070e-01
 69   59 1.79244e-01
 69   61 1.58088e-01
 69   63 1.83305e-01
 69   65 4.53747e-01
 69   67 1.25160e+00
 69   69 1.69065e+01
 69   71 1.23998e+00
 69   73 4.36544e-01
 69   75 1.85967e-01
 69   77 1.36223e-01
 69   79 1.62203e-01
 69   81 1.16833e-01
 69   83 1.03793e-01
 69   85 9.04852e-02
 69   87 9.73402e-02
 69   89 8.59945e-02
 70    0 3.69599e-03
 70    2 1.70992e-02
 70    4 3.35252e-02
 70    6 4.68874e-02
 70    8 6.61339e-02
 70   10 6.66851e-02
 70   12 5.52253e-02
 70   14 5.46948e-02
 70   16 5.75911e-02
 70   18 5.20501e-02
 70   20 5.53300e-02
 70   22 5.92969e-02
 70   24 5.44423e-02
 70   26 5.85450e-02
 70   28 6.26154e-02
 70   30 5.38110e-02
 70   32 5.57420e-02
 70   34 5.90788e-02
 70   36 6.18738e-02
 70   38 6.30590e-02
 70   40 6.19332e-02
 70   42 6.56845e-02
 70   44 5.91444e-02
 70   46 7.43158e-02
 70   48 8.11373e-02
 70   50 8.63457e-02
 70   52 8.17588e-02
 70   54 1.03621e-01
 70   56 9.42952e-02
 70   58 1.36007e-01
 70   60 1.71870e-01
 70   62 1.54332e-01
 70   64 1.86810e-01
 70   66 4.39621e-01
 70   68 1.22751e+00
 70   70 1.66928e+01
 70   72 1.21444e+00
 70   74 4.33731e-01
 70   76 1.87592e-01
 70   78 1.32842e-01
 70   80 1.49309e-01
 70   82 1.22468e-01
 70   84 9.75186e-02
 70   86 8.87761e-02
 70   88 9.37145e-02
 70   90 8.31328e-02
 71    1 9.83427e-03
 71    3 2.49465e-02
 71    5 3.76525e-02
 71    7 5.27796e-02
 71    9 6.48734e-02
 71   11 5.69443e-02
 71   13 5.78586e-02
 71   15 5.73393e-02
 71   17 5.02388e-02
 71   19 5.32004e-02
 71   21 5.01808e-02
 71   23 5.45113e-02
 71   25 4.61611e-02
 71   27 4.57142e-02
 71   29 5.97369e-02
 71   31 6.16432e-02
 71   33 6.33431e-02
 71   35 5.44765e-02
 71   37 6.58109e-02
 71   39 5.92983e-02
 71   41 6.50383e-02
 71   43 6.69429e-02
 71   45 7.81040e-02
 71   47 8.09686e-02
 71   49 7.37566e-02
 71   51 8.01500e-02
 71   53 8.18141e-02
 71   55 1.07866e-01
 71   57 1.04127e-01
 71   59 1.18333e-01
 71   61 1.83339e-01
 71   63 1.51985e-01
 71   65 1.83720e-01
 71   67 4.44165e-01
 71   69 1.20928e+00
 71   71 1.65010e+01
 71   73 1.18798e+00
 71   75 4.26907e-01
 71   77 1.82397e-01
 71   79 1.36811e-01
 71   81 1.52292e-01
 71   83 1.22312e-01
 71   85 9.82747e-02
 71   87 1.00882e-01
 71   89 8.87700e-02
 72    0 3.51687e-03
 72    2 1.71706e-02
 72    4 3.24112e-02
 72    6 4.46759e-02
 72    8 5.75103e-02
 72   10 5.32459e-02
 72   12 5.10004e-02
 72   14 5.17310e-02
 72   16 5.12553e-02
 72   18 5.35002e-02
 72   20 5.56630e-02
 72   22 5.53690e-02
 72   24 4.74698e-02
 72   26 4.16327e-02
 72   28 4.40772e-02
 72   30 5.96435e-02
 72   32 6.93636e-02
 72   34 6.07348e-02
 72   36 5.75352e-02
 72   38 5.67813e-02
 72   40 6.26059e-02
 72   42 6.59769e-02
 72   44 7.26027e-02
 72   46 7.27287e-02
 72   48 8.16054e-02
 72   50 6.80432e-02
 72   52 8.12595e-02
 72   54 8.63335e-02
 72   56 1.09398e-01
 72   58 9.50503e-02
 72   60 1.17924e-01
 72   62 1.83980e-01
 72   64 1.46028e-01
 72   66 1.77736e-01
 72   68 4.35435e-01
 72   70 1.18491e+00
 72   72 1.63077e+01
 72   74 1.16705e+00
 72   76 4.22173e-01
 72   78 1.77659e-01
 72   80 1.27240e-01
 72   82 1.53776e-01
 72   84 1.20681e-01
 72   86 9.54122e-02
 72   88 9.45069e-02
 72   90 8.16901e-02
 73    1 1.25323e-02
 73    3 2.52477e-02
 73    5 3.92462e-02
 73    7 5.00842e-02
 73    9 5.37673e-02
 73   11 5.20560e-02
 73   13 5.36860e-02
 73   15 5.38075e-02
 73   17 5.60226e-02
 73   19 5.68259e-02
 73   21 5.89036e-02
 73   23 6.73806e-02
 73   25 6.63019e-02
 73   27 6.54125e-02
 73   29 6.36037e-02
 73   31 5.86336e-02
 73   33 6.29139e-02
 73   35 5.23430e-02
 73   37 5.40954e-02
 73   39 5.78417e-02
 73   41 6.06152e-02
 73   43 5.67524e-02
 73   45 6.69963e-02
 73   47 6.80648e-02
 73   49 6.34683e-02
 73   51 7.02953e-02
 73   53 6.94180e-02
 73   55 8.47347e-02
 73   57 9.63328e-02
 73   59 9.35039e-02
 73   61 1.23475e-01
 73   63 1.66117e-01
 73   65 1.47883e-01
 73   67 1.77330e-01
 73   69 4.15568e-01
 73   71 1.15960e+00
 73   73 1.61158e+01
 73   75 1.13915e+00
 73   77 4.08600e-01
 73   79 1.69510e-01
 73   81 1.52824e-01
 73   83 1.60821e-01
 73   85 1.27327e-01
 73   87 1.20689e-01
 73   89 9.25388e-02
 74    0 3.43475e-03
 74    2 1.73890e-02
 74    4 3.12147e-02
 74    6 4.42053e-02
 74    8 5.71282e-02
 74   10 5.80527e-02
 74   12 5.28068e-02
 74   14 5.32103e-02
 74   16 4.76233e-02
 74   18 4.97388e-02
 74   20 5.18673e-02
 74   22 6.11763e-02
 74   24 6.99105e-02
 74   26 6.61057e-02
 74   28 6.55047e-02
 74   30 5.13399e-02
 74   32 5.79879e-02
 74   34 5.52872e-02
 74   36 5.34489e-02
 74   38 5.35945e-02
 74   40 5.60385e-02
 74   42 6.30363e-02
 74   44 5.28838e-02
 74   46 6.78008e-02
 74   48 6.06736e-02
 74   50 6.35236e-02
 74   52 7.37011e-02
 74   54 7.03203e-02
 74   56 8.69610e-02
 74   58 9.40281e-02
 74   60 9.04572e-02
 74   62 1.19668e-01
 74   64 1.64183e-01
 74   66 1.51627e-01
 74   68 1.75258e-01
 74   70 4.13253e-01
 74   72 1.13966e+00
 74   74 1.59351e+01
 74   76 1.11506e+00
 74   78 4.04574e-01
 74   80 1.69333e-01
 74   82 1.35830e-01
 74   84 1.49488e-01
 74   86 1.27879e-01
 74   88 1.09463e-01
 74   90 9.84690e-02
 75    1 9.94361e-03
 75    3 2.01599e-02
 75    5 3.01031e-02
 75    7 3.96443e-02
 75    9 4.32395e-02
 75   11 4.25938e-02
 75   13 4.90384e-02
 75   15 5.01886e-02
 75   17 4.68894e-02
 75   19 4.53308e-02
 75   21 4.89201e-02
 75   23 4.71605e-02
 75   25 4.96656e-02
 75   27 5.18711e-02
 75   29 5.45022e-02
 75   31 6.41496e-02
 75   33 6.02996e-02
 75   35 7.09084e-02
 75   37 6.40701e-02
 75   39 5.90650e-02
 75   41 5.93124e-02
 75   43 7.29424e-02
 75   45 7.02505e-02
 75   47 6.88245e-02
 75   49 6.86088e-02
 75   51 7.60920e-02
 75   53 7.00863e-02
 75   55 7.14626e-02
 75   57 8.52410e-02
 75   59 9.55877e-02
 75   61 8.72257e-02
 75   63 1.15789e-01
 75   65 1.54812e-01
 75   67 1.32473e-01
 75   69 1.72948e-01
 75   71 4.07099e-01
 75   73 1.11288e+00
 75   75 1.57536e+01
 75   77 1.09271e+00
 75   79 3.99612e-01
 75   81 2.09166e-01
 75   83 1.51671e-01
 75   85 1.54695e-01
 75   87 1.35787e-01
 75   89 1.31644e-01
 76    0 2.78482e-03
 76    2 1.38040e-02
 76    4 2.38050e-02
 76    6 3.63175e-02
 76    8 4.55231e-02
 76   10 4.06786e-02
 76   12 3.75622e-02
 76   14 4.45154e-02
 76   16 4.64641e-02
 76   18 4.39805e-02
 76   20 4.32417e-02
 76   22 4.37275e-02
 76   24 4.60785e-02
 76   26 4.43732e-02
 76   28 5.41107e-02
 76   30 5.43502e-02
 76   32 6.12726e-02
 76   34 6.03802e-02
 76   36 5.92757e-02
 76   38 7.29496e-02
 76   40 5.48039e-02
 76   42 5.67189e-02
 76   44 6.74079e-02
 76   46 7.16414e-02
 76   48 6.51687e-02
 76   50 6.69100e-02
 76   52 7.59070e-02
 76   54 7.04065e-02
 76   56 6.94172e-02
 76   58 8.05420e-02
 76   60 9.19629e-02
 76   62 9.08439e-02
 76   64 1.16107e-01
 76   66 1.54908e-01
 76   68 1.28899e-01
 76   70 1.74685e-01
 76   72 4.02922e-01
 76   74 1.08979e+00
 76   76 1.55774e+01
 76   78 1.07448e+00
 76   80 3.94807e-01
 76   82 2.10739e-01
 76   84 1.58708e-01
 76   86 1.48789e-01
 76   88 1.49632e-01
 76   90 1.12843e-01
 77    1 8.81667e-03
 77    3 2.21303e-02
 77    5 3.44074e-02
 77    7 4.48585e-02
 77    9 5.12465e-02
 77   11 4.31784e-02
 77   13 4.40221e-02
 77   15 5.10364e-02
 77   17 5.70213e-02
 77   19 5.15788e-02
 77   21 5.45735e-02
 77   23 5.78814e-02
 77   25 6.44986e-02
 77   27 6.85459e-02
 77   29 6.59747e-02
 77   31 5.89674e-02
 77   33 4.47034e-02
 77   35 5.67958e-02
 77   37 5.61972e-02
 77   39 5.43339e-02
 77   41 6.69815e-02
 77   43 6.68328e-02
 77   45 5.89445e-02
 77   47 6.21599e-02
 77   49 7.50990e-02
 77   51 7.08571e-02
 77   53 7.07568e-02
 77   55 6.90419e-02
 77   57 7.03320e-02
 77   59 8.63755e-02
 77   61 1.00260e-01
 77   63 8.54825e-02
 77   65 1.09560e-01
 77   67 1.46949e-01
 77   69 1.23865e-01
 77   71 1.70060e-01
 77   73 3.90287e-01
 77   75 1.06838e+00
 77   77 1.53886e+01
 77   79 1.05304e+00
 77   81 4.09047e-01
 77   83 2.09858e-01
 77   85 1.43799e-01
 77   87 1.67211e-01
 77   89 1.07210e-01
 78    0 2.73337e-03
 78    2 1.50478e-02
 78    4 2.71186e-02
 78    6 3.68909e-02
 78    8 4.84985e-02
 78   10 4.46854e-02
 78   12 4.30823e-02
 78   14 4.55674e-02
 78   16 4.75188e-02
 78   18 5.16394e-02
 78   20 5.41731e-02
 78   22 5.38127e-02
 78   24 5.83251e-02
 78   26 6.49283e-02
 78   28 6.46640e-02
 78   30 7.20541e-02
 78   32 5.08063e-02
 78   34 4.55876e-02
 78   36 5.56477e-02
 78   38 5.96992e-02
 78   40 5.44176e-02
 78   42 6.80032e-02
 78   44 5.94054e-02
 78   46 5.70493e-02
 78   48 6.45016e-02
 78   50 7.52416e-02
 78   52 7.02436e-02
 78   54 6.78924e-02
 78   56 6.61517e-02
 78   58 6.68711e-02
 78   60 8.62727e-02
 78   62 8.74588e-02
 78   64 9.02919e-02
 78   66 1.07129e-01
 78   68 1.44637e-01
 78   70 1.20994e-01
 78   72 1.65847e-01
 78   74 3.86751e-01
 78   76 1.05097e+00
 78   78 1.52299e+01
 78   80 1.02645e+00
 78   82 4.06324e-01
 78   84 2.03282e-01
 78   86 1.44013e-01
 78   88 1.59517e-01
 78   90 1.10219e-01
 79    1 6.82163e-03
 79    3 1.68110e-02
 79    5 2.46371e-02
 79    7 3.41165e-02
 79    9 3.95693e-02
 79   11 3.46832e-02
 79   13 4.01816e-02
 79   15 3.82279e-02
 79   17 3.55871e-02
 79   19 4.13062e-02
 79   21 4.07944e-02
 79   23 4.33610e-02
 79   25 4.45254e-02
 79   27 5.76228e-02
 79   29 6.32843e-02
 79   31 7.03651e-02
 79   33 7.55354e-02
 79   35 6.92552e-02
 79   37 7.35761e-02
 79   39 8.08002e-02
 79   41 8.14409e-02
 79   43 7.02893e-02
 79   45 7.63164e-02
 79   47 7.35364e-02
 79   49 6.81797e-02
 79   51 7.68629e-02
 79   53 7.60317e-02
 79   55 7.64194e-02
 79   57 6.02777e-02
 79   59 6.41349e-02
 79   61 8.72021e-02
 79   63 9.41008e-02
 79   65 8.05212e-02
 79   67 1.02594e-01
 79   69 1.44315e-01
 79   71 1.24814e-01
 79   73 1.58429e-01
 79   75 3.82307e-01
 79   77 1.03039e+00
 79   79 1.50656e+01
 79   81 1.02337e+00
 79   83 3.98426e-01
 79   85 2.11291e-01
 79   87 1.73504e-01
 79   89 1.35598e-01
 80    0 2.56086e-03
 80    2 1.16746e-02
 80    4 2.19581e-02
 80    6 3.11004e-02
 80    8 4.02378e-02
 80   10 3.67406e-02
 80   12 3.82124e-02
 80   14 3.74042e-02
 80   16 4.01997e-02
 80   18 3.61256e-02
 80   20 4.17026e-02
 80   22 4.29939e-02
 80   24 3.98597e-02
 80   26 4.67706e-02
 80   28 5.91267e-02
 80   30 6.28262e-02
 80   32 7.14328e-02
 80   34 7.26933e-02
 80   36 7.15604e-02
 80   38 6.94058e-02
 80   40 8.29017e-02
 80   42 7.15849e-02
 80   44 7.45152e-02
 80   46 7.00403e-02
 80   48 7.68299e-02
 80   50 6.44744e-02
 80   52 7.35337e-02
 80   54 7.71669e-02
 80   56 7.70485e-02
 80   58 5.60886e-02
 80   60 6.24291e-02
 80   62 9.57613e-02
 80   64 7.91416e-02
 80   66 8.17841e-02
 80   68 1.03083e-01
 80   70 1.33117e-01
 80   72 1.16268e-01
 80   74 1.58451e-01
 80   76 3.78000e-01
 80   78 1.00474e+00
 80   80 1.49309e+01
 80   82 1.00328e+00
 80   84 3.93915e-01
 80   86 2.07590e-01
 80   88 1.69807e-01
 80   90 1.30666e-01
 81    1 5.84656e-03
 81    3 1.39150e-02
 81    5 2.29129e-02
 81    7 3.12642e-02
 81    9 3.46686e-02
 81   11 3.35149e-02
 81   13 3.49607e-02
 81   15 3.70266e-02
 81   17 4.18108e-02
 81   19 4.94095e-02
 81   21 5.40452e-02
 81   23 5.97589e-02
 81   25 6.27128e-02
 81   27 5.78471e-02
 81   29 4.89559e-02
 81   31 4.83415e-02
 81   33 5.63162e-02
 81   35 4.75806e-02
 81   37 5.69737e-02
 81   39 5.59092e-02
 81   41 5.51272e-02
 81   43 5.81029e-02
 81   45 5.38380e-02
 81   47 5.72254e-02
 81   49 5.84685e-02
 81   51 5.31346e-02
 81   53 6.23386e-02
 81   55 7.01201e-02
 81   57 6.70368e-02
 81   59 6.04498e-02
 81   61 5.71090e-02
 81   63 7.67215e-02
 81   65 8.73544e-02
 81   67 9.24789e-02
 81   69 1.01788e-01
 81   71 1.36049e-01
 81   73 1.39865e-01
 81   75 1.95949e-01
 81   77 3.91928e-01
 81   79 1.00209e+00
 81   81 1.47878e+01
 81   83 1.01558e+00
 81   85 4.04838e-01
 81   87 2.54367e-01
 81   89 1.72061e-01
 82    0 2.18431e-03
 82    2 9.82194e-03
 82    4 1.76684e-02
 82    6 2.56699e-02
 82    8 3.24906e-02
 82   10 3.22092e-02
 82   12 3.32480e-02
 82   14 3.61789e-02
 82   16 3.95375e-02
 82   18 4.10446e-02
 82   20 4.72239e-02
 82   22 5.32954e-02
 82   24 5.17211e-02
 82   26 6.39312e-02
 82   28 5.81655e-02
 82   30 4.80249e-02
 82   32 5.25906e-02
 82   34 5.18172e-02
 82   36 4.96712e-02
 82   38 5.47052e-02
 82   40 5.39743e-02
 82   42 5.54275e-02
 82   44 5.44598e-02
 82   46 5.79160e-02
 82   48 5.40172e-02
 82   50 5.80389e-02
 82   52 5.85126e-02
 82   54 5.68355e-02
 82   56 6.76182e-02
 82   58 6.95836e-02
 82   60 5.69610e-02
 82   62 5.72251e-02
 82   64 7.40178e-02
 82   66 9.21010e-02
 82   68 8.20421e-02
 82   70 1.06956e-01
 82   72 1.37645e-01
 82   74 1.24503e-01
 82   76 1.97645e-01
 82   78 3.89605e-01
 82   80 9.82779e-01
 82   82 1.46387e+01
 82   84 9.95766e-01
 82   86 3.99909e-01
 82   88 2.44807e-01
 82   90 1.75924e-01
 83    1 6.89637e-03
 83    3 1.54243e-02
 83    5 2.66129e-02
 83    7 3.73779e-02
 83    9 3.99354e-02
 83   11 3.90328e-02
 83   13 3.58557e-02
 83   15 3.62581e-02
 83   17 3.87995e-02
 83   19 3.67000e-02
 83   21 3.76316e-02
 83   23 4.78385e-02
 83   25 4.29756e-02
 83   27 4.66891e-02
 83   29 5.56974e-02
 83   31 5.98873e-02
 83   33 6.08612e-02
 83   35 6.64611e-02
 83   37 6.70826e-02
 83   39 6.39692e-02
 83   41 6.44929e-02
 83   43 6.63386e-02
 83   45 5.91962e-02
 83   47 5.75774e-02
 83   49 6.01963e-02
 83   51 6.50495e-02
 83   53 5.39719e-02
 83   55 6.55730e-02
 83   57 6.78562e-02
 83   59 5.49830e-02
 83   61 5.67129e-02
 83   63 6.28566e-02
 83   65 8.44763e-02
 83   67 7.68740e-02
 83   69 8.86108e-02
 83   71 1.07072e-01
 83   73 1.44228e-01
 83   75 1.39233e-01
 83   77 1.97036e-01
 83   79 3.82307e-01
 83   81 9.95177e-01
 83   83 1.44283e+01
 83   85 9.69115e-01
 83   87 4.26669e-01
 83   89 2.27386e-01
 84    0 2.51356e-03
 84    2 1.01341e-02
 84    4 1.84389e-02
 84    6 2.96684e-02
 84    8 3.88269e-02
 84   10 3.57176e-02
 84   12 3.66893e-02
 84   14 3.37778e-02
 84   16 3.44782e-02
 84   18 4.05703e-02
 84   20 3.70888e-02
 84   22 3.59793e-02
 84   24 4.42306e-02
 84   26 3.92033e-02
 84   28 4.72093e-02
 84   30 5.47475e-02
 84   32 6.13107e-02
 84   34 5.97951e-02
 84   36 6.44047e-02
 84   38 6.59294e-02
 84   40 6.08804e-02
 84   42 6.31114e-02
 84   44 6.89986e-02
 84   46 5.72346e-02
 84   48 5.64958e-02
 84   50 5.77401e-02
 84   52 6.75539e-02
 84   54 5.79877e-02
 84   56 5.97493e-02
 84   58 6.24049e-02
 84   60 6.16800e-02
 84   62 5.83602e-02
 84   64 6.42315e-02
 84   66 7.40352e-02
 84   68 8.40955e-02
 84   70 8.34845e-02
 84   72 1.05888e-01
 84   74 1.34316e-01
 84   76 1.45907e-01
 84   78 1.91068e-01
 84   80 3.78246e-01
 84   82 9.76102e-01
 84   84 1.42988e+01
 84   86 9.50852e-01
 84   88 4.18047e-01
 84   90 2.22921e-01
 85    1 6.16731e-03
 85    3 1.52852e-02
 85    5 2.52020e-02
 85    7 3.83004e-02
 85    9 4.57977e-02
 85   11 4.32517e-02
 85   13 4.74113e-02
 85   15 4.62567e-02
 85   17 4.70333e-02
 85   19 5.19885e-02
 85   21 5.37503e-02
 85   23 5.79710e-02
 85   25 6.13882e-02
 85   27 5.16257e-02
 85   29 5.72567e-02
 85   31 5.27011e-02
 85   33 5.99400e-02
 85   35 6.03134e-02
 85   37 5.96916e-02
 85   39 6.22211e-02
 85   41 5.78878e-02
 85   43 5.11340e-02
 85   45 5.76892e-02
 85   47 5.92662e-02
 85   49 5.41577e-02
 85   51 5.77585e-02
 85   53 6.68358e-02
 85   55 6.11911e-02
 85   57 5.85965e-02
 85   59 5.96755e-02
 85   61 6.10095e-02
 85   63 5.83679e-02
 85   65 6.50451e-02
 85   67 7.43226e-02
 85   69 7.57500e-02
 85   71 8.43593e-02
 85   73 1.11973e-01
 85   75 1.39252e-01
 85   77 1.32392e-01
 85   79 1.98807e-01
 85   81 3.89004e-01
 85   83 9.50299e-01
 85   85 1.43929e+01
 85   87 1.00760e+00
 85   89 3.89910e-01
 86    0 1.88629e-03
 86    2 1.19013e-02
 86    4 1.97748e-02
 86    6 2.83606e-02
 86    8 4.09663e-02
 86   10 3.78076e-02
 86   12 3.87208e-02
 86   14 4.71219e-02
 86   16 4.53493e-02
 86   18 4.72988e-02
 86   20 5.44535e-02
 86   22 5.00168e-02
 86   24 5.87043e-02
 86   26 5.74487e-02
 86   28 5.22914e-02
 86   30 5.46322e-02
 86   32 5.11900e-02
 86   34 5.89789e-02
 86   36 6.23001e-02
 86   38 6.00085e-02
 86   40 5.84628e-02
 86   42 6.03246e-02
 86   44 4.70926e-02
 86   46 5.80510e-02
 86   48 5.69876e-02
 86   50 5.24436e-02
 86   52 5.73020e-02
 86   54 6.54329e-02
 86   56 5.92189e-02
 86   58 5.50006e-02
 86   60 6.18004e-02
 86   62 5.75028e-02
 86   64 5.92905e-02
 86   66 6.31113e-02
 86   68 7.28854e-02
 86   70 7.45495e-02
 86   72 8.21189e-02
 86   74 1.12708e-01
 86   76 1.34178e-01
 86   78 1.32777e-01
 86   80 1.95528e-01
 86   82 3.84529e-01
 86   84 9.32702e-01
 86   86 1.42632e+01
 86   88 9.89807e-01
 86   90 3.84021e-01
 87    1 5.81316e-03
 87    3 1.61221e-02
 87    5 2.26874e-02
 87    7 3.27349e-02
 87    9 3.66534e-02
 87   11 3.49236e-02
 87   13 3.52395e-02
 87   15 3.81829e-02
 87   17 3.26663e-02
 87   19 3.74526e-02
 87   21 3.51588e-02
 87   23 3.57925e-02
 87   25 4.41608e-02
 87   27 4.44251e-02
 87   29 4.45832e-02
 87   31 5.03316e-02
 87   33 4.22780e-02
 87   35 4.95721e-02
 87   37 4.52728e-02
 87   39 4.96909e-02
 87   41 5.19969e-02
 87   43 4.99563e-02
 87   45 4.59963e-02
 87   47 5.62400e-02
 87   49 4.89465e-02
 87   51 5.65571e-02
 87   53 5.77116e-02
 87   55 5.96523e-02
 87   57 5.58384e-02
 87   59 5.91425e-02
 87   61 5.63402e-02
 87   63 6.94658e-02
 87   65 7.46081e-02
 87   67 6.92315e-02
 87   69 7.99594e-02
 87   71 8.49722e-02
 87   73 1.04144e-01
 87   75 1.19938e-01
 87   77 1.51057e-01
 87   79 1.60189e-01
 87   81 2.39832e-01
 87   83 4.10534e-01
 87   85 9.88691e-01
 87   87 1.48445e+01
 87   89 1.05174e+00
 88    0 2.05487e-03
 88    2 1.11102e-02
 88    4 1.99138e-02
 88    6 2.84505e-02
 88    8 3.67391e-02
 88   10 3.48305e-02
 88   12 3.30488e-02
 88   14 3.49843e-02
 88   16 3.57925e-02
 88   18 3.70586e-02
 88   20 3.51642e-02
 88   22 3.83196e-02
 88   24 3.71596e-02
 88   26 4.17155e-02
 88   28 4.32509e-02
 88   30 4.61791e-02
 88   32 4.35483e-02
 88   34 4.55957e-02
 88   36 4.30569e-02
 88   38 4.62969e-02
 88   40 4.87057e-02
 88   42 5.13119e-02
 88   44 4.53409e-02
 88   46 5.04590e-02
 88   48 4.93900e-02
 88   50 5.22873e-02
 88   52 5.16324e-02
 88   54 5.86985e-02
 88   56 5.60339e-02
 88   58 5.63589e-02
 88   60 5.44857e-02
 88   62 6.29752e-02
 88   64 6.60149e-02
 88   66 6.18235e-02
 88   68 8.05494e-02
 88   70 7.72444e-02
 88   72 7.98390e-02
 88   74 9.46966e-02
 88   76 1.32448e-01
 88   78 1.44357e-01
 88   80 1.56990e-01
 88   82 2.31048e-01
 88   84 4.02501e-01
 88   86 9.71544e-01
 88   88 1.46983e+01
 88   90 1.04681e+00
 89    1 5.92396e-03
 89    3 1.23504e-02
 89    5 2.40819e-02
 89    7 3.01283e-02
 89    9 3.62731e-02
 89   11 4.18088e-02
 89   13 4.57529e-02
 89   15 4.97809e-02
 89   17 5.56394e-02
 89   19 5.27119e-02
 89   21 5.90111e-02
 89   23 5.11303e-02
 89   25 4.54140e-02
 89   27 4.93608e-02
 89   29 4.93005e-02
 89   31 5.53335e-02
 89   33 6.15369e-02
 89   35 5.60794e-02
 89   37 5.73301e-02
 89   39 5.52556e-02
 89   41 5.79459e-02
 89   43 5.58257e-02
 89   45 5.76448e-02
 89   47 4.81836e-02
 89   49 6.03477e-02
 89   51 6.03840e-02
 89   53 6.23919e-02
 89   55 5.55255e-02
 89   57 6.73032e-02
 89   59 5.60054e-02
 89   61 5.48256e-02
 89   63 6.37687e-02
 89   65 6.37428e-02
 89   67 7.55303e-02
 89   69 6.93581e-02
 89   71 7.34140e-02
 89   73 7.84037e-02
 89   75 1.14169e-01
 89   77 9.50959e-02
 89   79 1.22921e-01
 89   81 1.59286e-01
 89   83 2.14818e-01
 89   85 3.75652e-01
 89   87 1.03266e+00
 89   89 1.59144e+01
 90    0 1.85110e-03
 90    2 8.37938e-03
 90    4 1.58955e-02
 90    6 2.50307e-02
 90    8 3.41353e-02
 90   10 3.46011e-02
 90   12 3.89127e-02
 90   14 4.31257e-02
 90   16 4.94439e-02
 90   18 5.26637e-02
 90   20 5.42298e-02
 90   22 5.42546e-02
 90   24 4.99506e-02
 90   26 4.84887e-02
 90   28 4.41267e-02
 90   30 4.63601e-02
 90   32 5.39815e-02
 90   34 6.42867e-02
 90   36 5.74433e-02
 90   38 5.82056e-02
 90   40 5.32355e-02
 90   42 5.50661e-02
 90   44 6.21275e-02
 90   46 5.28606e-02
 90   48 5.59391e-02
 90   50 5.43039e-02
 90   52 6.63249e-02
 90   54 5.87806e-02
 90   56 5.89537e-02
 90   58 6.35042e-02
 90   60 5.88136e-02
 90   62 5.11426e-02
 90   64 5.94028e-02
 90   66 7.04746e-02
 90   68 6.65085e-02
 90   70 6.73003e-02
 90   72 6.77805e-02
 90   74 8.36660e-02
 90   76 9.81021e-02
 90   78 9.79652e-02
 90   80 1.18648e-01
 90   82 1.63075e-01
 90   84 2.10803e-01
 90   86 3.70213e-01
 90   88 1.02814e+00
