# C+CO2(ji) -> C+CO2(jf) molscat cross sections, CS8_JMAX90 approx. (written on 08/06/2020); 
# E=27240.000000 (1/cm) = 3.37732953699 eV
# ji  jf sigma(ji,jf) (1e-16 cm^2)
  0    0 1.46172e+02
  0    2 2.04317e+01
  0    4 6.16054e+00
  0    6 2.23578e+00
  0    8 1.61387e+00
  0   10 1.97280e+00
  0   12 1.22610e+00
  0   14 1.14967e+00
  0   16 1.17291e+00
  0   18 9.51871e-01
  0   20 7.83646e-01
  0   22 8.54560e-01
  0   24 6.97808e-01
  0   26 7.09659e-01
  0   28 6.51138e-01
  0   30 6.95665e-01
  0   32 6.05663e-01
  0   34 6.18306e-01
  0   36 7.81383e-01
  0   38 6.51487e-01
  0   40 5.65089e-01
  0   42 5.08698e-01
  0   44 5.57811e-01
  0   46 5.44601e-01
  0   48 6.32154e-01
  0   50 7.62532e-01
  0   52 6.65240e-01
  0   54 6.40399e-01
  0   56 7.62342e-01
  0   58 5.84598e-01
  0   60 5.09517e-01
  0   62 3.99116e-01
  0   64 3.71522e-01
  0   66 4.03031e-01
  0   68 5.28669e-01
  0   70 3.77413e-01
  0   72 3.37408e-01
  0   74 5.30891e-01
  0   76 4.44416e-01
  0   78 5.27711e-01
  0   80 4.99587e-01
  0   82 2.93054e-01
  0   84 3.57736e-01
  0   86 3.88562e-01
  0   88 3.29026e-01
  0   90 5.33039e-01
  1    1 1.54352e+02
  1    3 1.49578e+01
  1    5 4.49826e+00
  1    7 1.95532e+00
  1    9 1.85590e+00
  1   11 1.57284e+00
  1   13 1.21498e+00
  1   15 1.15043e+00
  1   17 1.10282e+00
  1   19 8.57942e-01
  1   21 8.50701e-01
  1   23 7.52867e-01
  1   25 6.78681e-01
  1   27 8.41158e-01
  1   29 6.79410e-01
  1   31 6.80026e-01
  1   33 6.23715e-01
  1   35 7.00103e-01
  1   37 6.05741e-01
  1   39 5.60458e-01
  1   41 5.42881e-01
  1   43 5.70091e-01
  1   45 5.71985e-01
  1   47 6.56411e-01
  1   49 6.51745e-01
  1   51 6.63493e-01
  1   53 6.73335e-01
  1   55 6.03278e-01
  1   57 7.49872e-01
  1   59 5.54459e-01
  1   61 4.27785e-01
  1   63 3.92422e-01
  1   65 3.80482e-01
  1   67 5.70865e-01
  1   69 5.45932e-01
  1   71 4.58054e-01
  1   73 4.55192e-01
  1   75 3.99140e-01
  1   77 5.04411e-01
  1   79 3.75687e-01
  1   81 3.39558e-01
  1   83 3.85498e-01
  1   85 4.84584e-01
  1   87 3.78003e-01
  1   89 4.57275e-01
  2    0 4.08669e+00
  2    2 1.53775e+02
  2    4 1.28267e+01
  2    6 3.89990e+00
  2    8 2.02080e+00
  2   10 1.62594e+00
  2   12 1.51254e+00
  2   14 1.24440e+00
  2   16 1.11833e+00
  2   18 1.04666e+00
  2   20 8.94743e-01
  2   22 7.87885e-01
  2   24 6.98202e-01
  2   26 7.28781e-01
  2   28 6.87671e-01
  2   30 6.88329e-01
  2   32 7.03606e-01
  2   34 6.46128e-01
  2   36 6.65717e-01
  2   38 6.24214e-01
  2   40 5.52875e-01
  2   42 5.79035e-01
  2   44 5.52152e-01
  2   46 5.80027e-01
  2   48 5.84598e-01
  2   50 6.45813e-01
  2   52 6.99490e-01
  2   54 6.57589e-01
  2   56 7.10111e-01
  2   58 5.62525e-01
  2   60 4.96368e-01
  2   62 4.19225e-01
  2   64 4.21319e-01
  2   66 4.33338e-01
  2   68 4.43523e-01
  2   70 4.32258e-01
  2   72 4.24326e-01
  2   74 4.26641e-01
  2   76 4.06857e-01
  2   78 4.68045e-01
  2   80 4.93201e-01
  2   82 3.45971e-01
  2   84 3.76809e-01
  2   86 4.11810e-01
  2   88 3.63433e-01
  2   90 4.80013e-01
  3    1 6.41139e+00
  3    3 1.53240e+02
  3    5 1.19152e+01
  3    7 3.84069e+00
  3    9 1.86916e+00
  3   11 1.52966e+00
  3   13 1.46368e+00
  3   15 1.11503e+00
  3   17 1.12913e+00
  3   19 9.50770e-01
  3   21 8.60947e-01
  3   23 7.65785e-01
  3   25 7.10854e-01
  3   27 7.72519e-01
  3   29 6.68451e-01
  3   31 7.88410e-01
  3   33 6.27171e-01
  3   35 6.59581e-01
  3   37 5.98108e-01
  3   39 5.70716e-01
  3   41 5.43462e-01
  3   43 5.97998e-01
  3   45 6.24009e-01
  3   47 6.11680e-01
  3   49 6.35686e-01
  3   51 6.32952e-01
  3   53 6.96380e-01
  3   55 6.38905e-01
  3   57 6.32720e-01
  3   59 5.31124e-01
  3   61 4.90397e-01
  3   63 4.22335e-01
  3   65 4.12237e-01
  3   67 4.97385e-01
  3   69 4.72274e-01
  3   71 4.59396e-01
  3   73 4.81493e-01
  3   75 4.44108e-01
  3   77 4.65905e-01
  3   79 4.21885e-01
  3   81 3.36369e-01
  3   83 4.28351e-01
  3   85 4.53947e-01
  3   87 3.80574e-01
  3   89 4.56269e-01
  4    0 6.84701e-01
  4    2 7.12739e+00
  4    4 1.53137e+02
  4    6 1.14755e+01
  4    8 3.51174e+00
  4   10 1.81863e+00
  4   12 1.50899e+00
  4   14 1.37429e+00
  4   16 1.17805e+00
  4   18 1.00288e+00
  4   20 9.43310e-01
  4   22 8.13444e-01
  4   24 7.39929e-01
  4   26 7.31236e-01
  4   28 6.77763e-01
  4   30 7.05517e-01
  4   32 7.03892e-01
  4   34 6.43717e-01
  4   36 6.25401e-01
  4   38 6.37889e-01
  4   40 6.10342e-01
  4   42 5.92141e-01
  4   44 5.98652e-01
  4   46 5.96132e-01
  4   48 6.20067e-01
  4   50 6.30661e-01
  4   52 6.83058e-01
  4   54 6.84839e-01
  4   56 6.43107e-01
  4   58 5.83334e-01
  4   60 5.35327e-01
  4   62 4.41405e-01
  4   64 4.24065e-01
  4   66 4.28384e-01
  4   68 4.18495e-01
  4   70 4.54668e-01
  4   72 4.49840e-01
  4   74 4.50552e-01
  4   76 4.12815e-01
  4   78 4.81218e-01
  4   80 4.51797e-01
  4   82 3.50587e-01
  4   84 3.79105e-01
  4   86 4.27793e-01
  4   88 3.66754e-01
  4   90 4.47033e-01
  5    1 1.22729e+00
  5    3 7.58438e+00
  5    5 1.53187e+02
  5    7 1.11309e+01
  5    9 3.40696e+00
  5   11 1.79018e+00
  5   13 1.49003e+00
  5   15 1.33024e+00
  5   17 1.07824e+00
  5   19 9.67785e-01
  5   21 8.90095e-01
  5   23 8.04401e-01
  5   25 7.97734e-01
  5   27 7.15616e-01
  5   29 7.45413e-01
  5   31 7.08669e-01
  5   33 6.83284e-01
  5   35 6.38058e-01
  5   37 5.96436e-01
  5   39 6.04830e-01
  5   41 5.72466e-01
  5   43 6.18872e-01
  5   45 6.08129e-01
  5   47 6.38632e-01
  5   49 6.62871e-01
  5   51 6.44128e-01
  5   53 6.75077e-01
  5   55 5.96847e-01
  5   57 6.59078e-01
  5   59 5.13912e-01
  5   61 5.12642e-01
  5   63 4.27040e-01
  5   65 4.75753e-01
  5   67 4.83254e-01
  5   69 4.47382e-01
  5   71 4.37547e-01
  5   73 4.83534e-01
  5   75 4.62943e-01
  5   77 4.63035e-01
  5   79 4.46975e-01
  5   81 3.61708e-01
  5   83 3.70063e-01
  5   85 5.11388e-01
  5   87 3.63316e-01
  5   89 4.59335e-01
  6    0 1.72086e-01
  6    2 1.50073e+00
  6    4 7.94705e+00
  6    6 1.53105e+02
  6    8 1.08708e+01
  6   10 3.33524e+00
  6   12 1.77788e+00
  6   14 1.43084e+00
  6   16 1.30737e+00
  6   18 1.05668e+00
  6   20 9.17433e-01
  6   22 9.06302e-01
  6   24 8.43458e-01
  6   26 7.64231e-01
  6   28 7.24737e-01
  6   30 7.22943e-01
  6   32 6.78803e-01
  6   34 6.84963e-01
  6   36 6.33217e-01
  6   38 6.57983e-01
  6   40 5.62016e-01
  6   42 6.12055e-01
  6   44 5.92630e-01
  6   46 5.78066e-01
  6   48 6.32848e-01
  6   50 6.47660e-01
  6   52 6.34989e-01
  6   54 6.24652e-01
  6   56 6.39886e-01
  6   58 5.76875e-01
  6   60 5.31216e-01
  6   62 4.74919e-01
  6   64 4.50556e-01
  6   66 4.25658e-01
  6   68 4.72945e-01
  6   70 4.51377e-01
  6   72 4.38337e-01
  6   74 4.99219e-01
  6   76 4.18921e-01
  6   78 4.43595e-01
  6   80 4.68926e-01
  6   82 3.48174e-01
  6   84 3.70632e-01
  6   86 4.47734e-01
  6   88 3.19859e-01
  6   90 4.91865e-01
  7    1 3.91367e-01
  7    3 1.79345e+00
  7    5 8.16568e+00
  7    7 1.53108e+02
  7    9 1.07430e+01
  7   11 3.28561e+00
  7   13 1.72028e+00
  7   15 1.39634e+00
  7   17 1.27922e+00
  7   19 1.00616e+00
  7   21 9.43219e-01
  7   23 9.17207e-01
  7   25 8.00588e-01
  7   27 7.67293e-01
  7   29 7.64596e-01
  7   31 7.02532e-01
  7   33 6.75685e-01
  7   35 6.94772e-01
  7   37 6.10962e-01
  7   39 6.09813e-01
  7   41 5.80903e-01
  7   43 6.39119e-01
  7   45 6.16582e-01
  7   47 6.29903e-01
  7   49 6.48817e-01
  7   51 6.52327e-01
  7   53 6.44244e-01
  7   55 6.18641e-01
  7   57 5.79939e-01
  7   59 5.23725e-01
  7   61 5.07308e-01
  7   63 4.70905e-01
  7   65 4.69503e-01
  7   67 4.48008e-01
  7   69 4.63653e-01
  7   71 4.30202e-01
  7   73 4.86875e-01
  7   75 4.53146e-01
  7   77 4.59687e-01
  7   79 4.53940e-01
  7   81 3.88322e-01
  7   83 3.64534e-01
  7   85 4.95469e-01
  7   87 3.62521e-01
  7   89 4.88819e-01
  8    0 9.50316e-02
  8    2 5.94916e-01
  8    4 1.86054e+00
  8    6 8.31656e+00
  8    8 1.53163e+02
  8   10 1.05841e+01
  8   12 3.22968e+00
  8   14 1.67182e+00
  8   16 1.34009e+00
  8   18 1.27986e+00
  8   20 9.97311e-01
  8   22 9.24556e-01
  8   24 8.77038e-01
  8   26 7.78488e-01
  8   28 7.61540e-01
  8   30 7.41163e-01
  8   32 7.07725e-01
  8   34 6.85688e-01
  8   36 6.36476e-01
  8   38 6.52256e-01
  8   40 6.04971e-01
  8   42 6.22612e-01
  8   44 6.36153e-01
  8   46 5.97396e-01
  8   48 6.33988e-01
  8   50 6.29697e-01
  8   52 6.17990e-01
  8   54 6.01309e-01
  8   56 5.96727e-01
  8   58 5.80911e-01
  8   60 5.23763e-01
  8   62 5.30257e-01
  8   64 4.63050e-01
  8   66 4.40037e-01
  8   68 4.40372e-01
  8   70 5.02954e-01
  8   72 4.58507e-01
  8   74 4.76383e-01
  8   76 4.34021e-01
  8   78 4.48251e-01
  8   80 4.54020e-01
  8   82 3.81012e-01
  8   84 3.58820e-01
  8   86 4.60621e-01
  8   88 3.42306e-01
  8   90 4.67162e-01
  9    1 2.93407e-01
  9    3 6.89408e-01
  9    5 1.97415e+00
  9    7 8.48544e+00
  9    9 1.32962e+02
  9   11 9.94485e+00
  9   13 2.93471e+00
  9   15 1.44721e+00
  9   17 1.20203e+00
  9   19 1.15779e+00
  9   21 8.84671e-01
  9   23 8.05004e-01
  9   25 8.00114e-01
  9   27 7.08961e-01
  9   29 6.59887e-01
  9   31 6.70497e-01
  9   33 6.16689e-01
  9   35 6.08336e-01
  9   37 5.79109e-01
  9   39 5.72195e-01
  9   41 5.60261e-01
  9   43 6.11168e-01
  9   45 6.07182e-01
  9   47 5.62684e-01
  9   49 5.82015e-01
  9   51 5.78659e-01
  9   53 5.56376e-01
  9   55 5.53740e-01
  9   57 5.41182e-01
  9   59 5.21042e-01
  9   61 4.82543e-01
  9   63 4.73353e-01
  9   65 4.62179e-01
  9   67 4.64202e-01
  9   69 4.22222e-01
  9   71 3.91813e-01
  9   73 4.45270e-01
  9   75 3.99595e-01
  9   77 4.24939e-01
  9   79 3.97968e-01
  9   81 3.92488e-01
  9   83 3.23296e-01
  9   85 4.22345e-01
  9   87 2.88944e-01
  9   89 4.46930e-01
 10    0 9.40911e-02
 10    2 3.87706e-01
 10    4 7.80419e-01
 10    6 2.06669e+00
 10    8 8.57276e+00
 10   10 1.17764e+02
 10   12 9.41101e+00
 10   14 2.73352e+00
 10   16 1.31036e+00
 10   18 1.08314e+00
 10   20 1.03387e+00
 10   22 7.82181e-01
 10   24 7.28798e-01
 10   26 7.06031e-01
 10   28 6.44735e-01
 10   30 5.92582e-01
 10   32 5.49162e-01
 10   34 5.67265e-01
 10   36 5.08253e-01
 10   38 5.17806e-01
 10   40 5.28125e-01
 10   42 5.08506e-01
 10   44 5.67791e-01
 10   46 5.30603e-01
 10   48 5.23983e-01
 10   50 4.85006e-01
 10   52 4.89382e-01
 10   54 4.84087e-01
 10   56 4.81214e-01
 10   58 5.02234e-01
 10   60 4.67719e-01
 10   62 4.33663e-01
 10   64 4.05435e-01
 10   66 4.07030e-01
 10   68 3.96052e-01
 10   70 3.93361e-01
 10   72 3.44824e-01
 10   74 3.68181e-01
 10   76 3.41011e-01
 10   78 3.75194e-01
 10   80 3.17788e-01
 10   82 3.56015e-01
 10   84 2.48079e-01
 10   86 3.42904e-01
 10   88 2.14739e-01
 10   90 3.62067e-01
 11    1 2.05536e-01
 11    3 4.66351e-01
 11    5 8.57429e-01
 11    7 2.14513e+00
 11    9 8.22026e+00
 11   11 1.05973e+02
 11   13 8.86164e+00
 11   15 2.58574e+00
 11   17 1.21167e+00
 11   19 1.00674e+00
 11   21 9.64167e-01
 11   23 7.15838e-01
 11   25 6.88504e-01
 11   27 6.36147e-01
 11   29 5.56042e-01
 11   31 5.41796e-01
 11   33 5.01121e-01
 11   35 5.10688e-01
 11   37 5.06041e-01
 11   39 5.09050e-01
 11   41 4.73972e-01
 11   43 4.61437e-01
 11   45 5.13720e-01
 11   47 4.85759e-01
 11   49 4.46750e-01
 11   51 4.37383e-01
 11   53 4.37200e-01
 11   55 4.18918e-01
 11   57 4.27925e-01
 11   59 4.50002e-01
 11   61 3.90925e-01
 11   63 3.69621e-01
 11   65 3.54357e-01
 11   67 4.08452e-01
 11   69 3.32793e-01
 11   71 3.27513e-01
 11   73 3.28440e-01
 11   75 2.90741e-01
 11   77 4.04792e-01
 11   79 2.62311e-01
 11   81 3.61459e-01
 11   83 2.32267e-01
 11   85 3.46741e-01
 11   87 2.05220e-01
 11   89 3.05851e-01
 12    0 4.91538e-02
 12    2 3.03159e-01
 12    4 5.44296e-01
 12    6 9.26013e-01
 12    8 2.19883e+00
 12   10 7.91047e+00
 12   12 9.63941e+01
 12   14 8.32376e+00
 12   16 2.42722e+00
 12   18 1.10724e+00
 12   20 9.24720e-01
 12   22 8.77550e-01
 12   24 7.09733e-01
 12   26 6.22114e-01
 12   28 5.55694e-01
 12   30 5.20301e-01
 12   32 4.71354e-01
 12   34 4.53757e-01
 12   36 4.60983e-01
 12   38 4.65483e-01
 12   40 4.49047e-01
 12   42 4.22212e-01
 12   44 4.44126e-01
 12   46 4.66048e-01
 12   48 4.25066e-01
 12   50 3.77714e-01
 12   52 3.72654e-01
 12   54 3.71674e-01
 12   56 4.08298e-01
 12   58 3.66996e-01
 12   60 3.72775e-01
 12   62 3.40842e-01
 12   64 3.38371e-01
 12   66 3.30527e-01
 12   68 3.61474e-01
 12   70 3.04131e-01
 12   72 2.60262e-01
 12   74 3.23348e-01
 12   76 2.55027e-01
 12   78 3.22912e-01
 12   80 2.44561e-01
 12   82 3.10776e-01
 12   84 1.90142e-01
 12   86 2.82686e-01
 12   88 1.68166e-01
 12   90 3.03237e-01
 13    1 1.35347e-01
 13    3 3.80399e-01
 13    5 6.08376e-01
 13    7 9.57439e-01
 13    9 2.06789e+00
 13   11 7.55423e+00
 13   13 8.84834e+01
 13   15 7.84078e+00
 13   17 2.31561e+00
 13   19 1.03723e+00
 13   21 8.61390e-01
 13   23 8.00985e-01
 13   25 6.34503e-01
 13   27 5.63333e-01
 13   29 5.10957e-01
 13   31 4.72008e-01
 13   33 4.27491e-01
 13   35 4.26450e-01
 13   37 4.41095e-01
 13   39 4.18301e-01
 13   41 4.52510e-01
 13   43 3.91152e-01
 13   45 3.97182e-01
 13   47 3.83067e-01
 13   49 3.56948e-01
 13   51 3.39647e-01
 13   53 3.27630e-01
 13   55 3.27696e-01
 13   57 3.61225e-01
 13   59 3.54351e-01
 13   61 3.30574e-01
 13   63 2.99582e-01
 13   65 2.94624e-01
 13   67 3.56276e-01
 13   69 3.36810e-01
 13   71 2.90341e-01
 13   73 3.10545e-01
 13   75 2.42735e-01
 13   77 3.52244e-01
 13   79 2.13329e-01
 13   81 3.10798e-01
 13   83 2.03907e-01
 13   85 2.87040e-01
 13   87 1.91354e-01
 13   89 2.56336e-01
 14    0 3.97633e-02
 14    2 2.15180e-01
 14    4 4.27668e-01
 14    6 6.42960e-01
 14    8 9.81974e-01
 14   10 1.98229e+00
 14   12 7.18122e+00
 14   14 8.16880e+01
 14   16 7.36242e+00
 14   18 2.18795e+00
 14   20 9.96464e-01
 14   22 8.02044e-01
 14   24 7.58271e-01
 14   26 5.82922e-01
 14   28 5.15551e-01
 14   30 5.06683e-01
 14   32 4.28054e-01
 14   34 4.12341e-01
 14   36 3.90925e-01
 14   38 3.90503e-01
 14   40 3.85834e-01
 14   42 3.93979e-01
 14   44 3.80368e-01
 14   46 3.49648e-01
 14   48 3.16168e-01
 14   50 3.11661e-01
 14   52 2.97619e-01
 14   54 2.83252e-01
 14   56 2.96920e-01
 14   58 3.17763e-01
 14   60 3.07928e-01
 14   62 3.02155e-01
 14   64 2.95060e-01
 14   66 2.77764e-01
 14   68 3.13452e-01
 14   70 2.92621e-01
 14   72 2.58966e-01
 14   74 2.76211e-01
 14   76 2.22605e-01
 14   78 3.25965e-01
 14   80 1.93610e-01
 14   82 2.90867e-01
 14   84 1.79850e-01
 14   86 2.47163e-01
 14   88 1.79706e-01
 14   90 2.44869e-01
 15    1 1.11713e-01
 15    3 2.52606e-01
 15    5 4.73445e-01
 15    7 6.77437e-01
 15    9 8.88911e-01
 15   11 1.92143e+00
 15   13 6.83476e+00
 15   15 7.59783e+01
 15   17 6.96676e+00
 15   19 2.11072e+00
 15   21 9.48173e-01
 15   23 7.56992e-01
 15   25 6.90217e-01
 15   27 5.28605e-01
 15   29 4.82066e-01
 15   31 4.65688e-01
 15   33 4.26518e-01
 15   35 3.98709e-01
 15   37 3.77293e-01
 15   39 3.51319e-01
 15   41 3.54672e-01
 15   43 3.86342e-01
 15   45 3.24655e-01
 15   47 2.85551e-01
 15   49 2.65321e-01
 15   51 2.52091e-01
 15   53 2.58327e-01
 15   55 2.84907e-01
 15   57 2.91963e-01
 15   59 2.74423e-01
 15   61 2.89213e-01
 15   63 2.73186e-01
 15   65 2.69590e-01
 15   67 3.00710e-01
 15   69 2.93107e-01
 15   71 2.72667e-01
 15   73 3.34918e-01
 15   75 2.13876e-01
 15   77 2.77962e-01
 15   79 2.03956e-01
 15   81 2.48759e-01
 15   83 2.07418e-01
 15   85 2.39059e-01
 15   87 1.78134e-01
 15   89 2.31488e-01
 16    0 3.56818e-02
 16    2 1.70092e-01
 16    4 3.22449e-01
 16    6 5.16728e-01
 16    8 6.92333e-01
 16   10 8.35809e-01
 16   12 1.84187e+00
 16   14 6.47577e+00
 16   16 7.08983e+01
 16   18 6.56637e+00
 16   20 2.02245e+00
 16   22 8.89231e-01
 16   24 6.89370e-01
 16   26 6.70132e-01
 16   28 5.07495e-01
 16   30 4.34276e-01
 16   32 4.40998e-01
 16   34 3.91619e-01
 16   36 3.68286e-01
 16   38 3.46145e-01
 16   40 3.37586e-01
 16   42 3.64398e-01
 16   44 3.09264e-01
 16   46 3.05131e-01
 16   48 2.56665e-01
 16   50 2.40326e-01
 16   52 2.42014e-01
 16   54 2.40675e-01
 16   56 2.39231e-01
 16   58 2.64185e-01
 16   60 2.54080e-01
 16   62 2.45364e-01
 16   64 2.68790e-01
 16   66 2.63107e-01
 16   68 2.59734e-01
 16   70 2.65007e-01
 16   72 2.43048e-01
 16   74 2.75605e-01
 16   76 1.87779e-01
 16   78 2.90357e-01
 16   80 1.62250e-01
 16   82 2.38666e-01
 16   84 1.83410e-01
 16   86 2.26225e-01
 16   88 1.58975e-01
 16   90 2.27401e-01
 17    1 9.49411e-02
 17    3 2.26781e-01
 17    5 3.40221e-01
 17    7 5.50210e-01
 17    9 6.54556e-01
 17   11 7.98236e-01
 17   13 1.78951e+00
 17   15 6.17642e+00
 17   17 6.65481e+01
 17   19 6.20444e+00
 17   21 1.93730e+00
 17   23 8.39730e-01
 17   25 6.51529e-01
 17   27 6.24152e-01
 17   29 4.61670e-01
 17   31 4.22921e-01
 17   33 4.27818e-01
 17   35 3.75994e-01
 17   37 3.77442e-01
 17   39 3.51195e-01
 17   41 3.17088e-01
 17   43 3.12106e-01
 17   45 2.85020e-01
 17   47 2.46992e-01
 17   49 2.28834e-01
 17   51 2.24183e-01
 17   53 2.40235e-01
 17   55 2.23746e-01
 17   57 2.51407e-01
 17   59 2.50530e-01
 17   61 2.31330e-01
 17   63 2.26558e-01
 17   65 2.85148e-01
 17   67 2.39870e-01
 17   69 2.54721e-01
 17   71 2.23013e-01
 17   73 3.12776e-01
 17   75 2.00385e-01
 17   77 2.59769e-01
 17   79 1.72201e-01
 17   81 2.31606e-01
 17   83 1.67844e-01
 17   85 2.21510e-01
 17   87 1.57374e-01
 17   89 1.95851e-01
 18    0 2.58529e-02
 18    2 1.42125e-01
 18    4 2.45074e-01
 18    6 3.72871e-01
 18    8 5.90329e-01
 18   10 6.16810e-01
 18   12 7.50139e-01
 18   14 1.71814e+00
 18   16 5.86240e+00
 18   18 6.26729e+01
 18   20 5.87527e+00
 18   22 1.85166e+00
 18   24 8.04316e-01
 18   26 6.26581e-01
 18   28 6.09369e-01
 18   30 4.43426e-01
 18   32 4.02464e-01
 18   34 3.81007e-01
 18   36 3.74893e-01
 18   38 3.37613e-01
 18   40 3.13889e-01
 18   42 2.86764e-01
 18   44 2.81547e-01
 18   46 2.74008e-01
 18   48 2.54526e-01
 18   50 2.01352e-01
 18   52 2.09435e-01
 18   54 2.28057e-01
 18   56 2.32458e-01
 18   58 2.32555e-01
 18   60 2.09905e-01
 18   62 2.05013e-01
 18   64 1.98826e-01
 18   66 2.55889e-01
 18   68 2.14517e-01
 18   70 2.20760e-01
 18   72 2.03323e-01
 18   74 3.03578e-01
 18   76 1.69778e-01
 18   78 2.14685e-01
 18   80 1.95838e-01
 18   82 2.13101e-01
 18   84 1.62617e-01
 18   86 2.10684e-01
 18   88 1.50775e-01
 18   90 1.96694e-01
 19    1 6.63549e-02
 19    3 1.71555e-01
 19    5 2.74341e-01
 19    7 3.88792e-01
 19    9 5.66407e-01
 19   11 5.95841e-01
 19   13 7.20134e-01
 19   15 1.68113e+00
 19   17 5.57402e+00
 19   19 5.93007e+01
 19   21 5.58793e+00
 19   23 1.77496e+00
 19   25 7.44247e-01
 19   27 5.99998e-01
 19   29 5.86886e-01
 19   31 4.20390e-01
 19   33 3.92605e-01
 19   35 3.79298e-01
 19   37 3.47387e-01
 19   39 3.31742e-01
 19   41 3.03138e-01
 19   43 2.59342e-01
 19   45 2.47360e-01
 19   47 2.33960e-01
 19   49 2.14934e-01
 19   51 2.10949e-01
 19   53 2.16894e-01
 19   55 2.16586e-01
 19   57 2.19918e-01
 19   59 2.21763e-01
 19   61 2.14787e-01
 19   63 2.10005e-01
 19   65 2.18103e-01
 19   67 1.98773e-01
 19   69 2.50039e-01
 19   71 1.77744e-01
 19   73 2.68986e-01
 19   75 2.00703e-01
 19   77 2.34928e-01
 19   79 1.74818e-01
 19   81 2.35927e-01
 19   83 1.37711e-01
 19   85 2.01449e-01
 19   87 1.41919e-01
 19   89 1.91798e-01
 20    0 1.92290e-02
 20    2 1.09766e-01
 20    4 2.08262e-01
 20    6 2.92478e-01
 20    8 4.15593e-01
 20   10 5.31910e-01
 20   12 5.65999e-01
 20   14 7.06949e-01
 20   16 1.63129e+00
 20   18 5.30803e+00
 20   20 5.62999e+01
 20   22 5.32203e+00
 20   24 1.68596e+00
 20   26 7.12897e-01
 20   28 5.58848e-01
 20   30 5.74762e-01
 20   32 4.29201e-01
 20   34 3.74290e-01
 20   36 3.62976e-01
 20   38 3.30876e-01
 20   40 2.95154e-01
 20   42 2.55333e-01
 20   44 2.44965e-01
 20   46 2.29112e-01
 20   48 2.00666e-01
 20   50 2.05627e-01
 20   52 1.78548e-01
 20   54 1.89832e-01
 20   56 1.93162e-01
 20   58 1.91752e-01
 20   60 2.14138e-01
 20   62 2.06512e-01
 20   64 2.06538e-01
 20   66 2.03695e-01
 20   68 2.04221e-01
 20   70 2.22798e-01
 20   72 1.79979e-01
 20   74 2.58323e-01
 20   76 1.85836e-01
 20   78 2.16798e-01
 20   80 1.73214e-01
 20   82 1.98968e-01
 20   84 1.38197e-01
 20   86 1.81580e-01
 20   88 1.50131e-01
 20   90 1.59465e-01
 21    1 5.97449e-02
 21    3 1.41064e-01
 21    5 2.29117e-01
 21    7 3.30956e-01
 21    9 3.92998e-01
 21   11 5.18172e-01
 21   13 5.43056e-01
 21   15 6.85755e-01
 21   17 1.58042e+00
 21   19 5.07411e+00
 21   21 5.35510e+01
 21   23 5.05384e+00
 21   25 1.62641e+00
 21   27 6.70378e-01
 21   29 5.55992e-01
 21   31 5.55763e-01
 21   33 3.94747e-01
 21   35 3.60928e-01
 21   37 3.56449e-01
 21   39 3.21334e-01
 21   41 2.74386e-01
 21   43 2.48870e-01
 21   45 2.22374e-01
 21   47 2.08757e-01
 21   49 2.07833e-01
 21   51 1.78492e-01
 21   53 1.82715e-01
 21   55 1.93094e-01
 21   57 1.98144e-01
 21   59 1.80168e-01
 21   61 2.08278e-01
 21   63 1.99050e-01
 21   65 1.89693e-01
 21   67 1.98817e-01
 21   69 2.09000e-01
 21   71 1.67202e-01
 21   73 2.15548e-01
 21   75 1.82677e-01
 21   77 2.34976e-01
 21   79 1.81600e-01
 21   81 1.83745e-01
 21   83 1.54052e-01
 21   85 1.83198e-01
 21   87 1.46379e-01
 21   89 1.64384e-01
 22    0 1.91289e-02
 22    2 8.81744e-02
 22    4 1.63830e-01
 22    6 2.63574e-01
 22    8 3.51464e-01
 22   10 3.67104e-01
 22   12 4.89990e-01
 22   14 5.19080e-01
 22   16 6.54304e-01
 22   18 1.52608e+00
 22   20 4.85497e+00
 22   22 5.11583e+01
 22   24 4.83096e+00
 22   26 1.55816e+00
 22   28 6.60274e-01
 22   30 5.16741e-01
 22   32 5.22441e-01
 22   34 4.00592e-01
 22   36 3.46285e-01
 22   38 3.11309e-01
 22   40 2.96664e-01
 22   42 2.57623e-01
 22   44 2.18888e-01
 22   46 2.30878e-01
 22   48 2.13960e-01
 22   50 1.82281e-01
 22   52 1.59685e-01
 22   54 1.71825e-01
 22   56 1.81231e-01
 22   58 1.62755e-01
 22   60 1.90116e-01
 22   62 1.85283e-01
 22   64 1.87134e-01
 22   66 2.01909e-01
 22   68 1.91957e-01
 22   70 2.16087e-01
 22   72 1.66709e-01
 22   74 1.98471e-01
 22   76 1.63056e-01
 22   78 2.19255e-01
 22   80 1.72835e-01
 22   82 1.77002e-01
 22   84 1.37567e-01
 22   86 1.57561e-01
 22   88 1.19312e-01
 22   90 1.64594e-01
 23    1 4.84370e-02
 23    3 1.14942e-01
 23    5 1.89683e-01
 23    7 2.94822e-01
 23    9 3.27598e-01
 23   11 3.52428e-01
 23   13 4.62599e-01
 23   15 5.01542e-01
 23   17 6.27552e-01
 23   19 1.47650e+00
 23   21 4.62974e+00
 23   23 4.89584e+01
 23   25 4.63372e+00
 23   27 1.51261e+00
 23   29 6.25168e-01
 23   31 4.99788e-01
 23   33 5.08489e-01
 23   35 3.76825e-01
 23   37 3.19180e-01
 23   39 3.13996e-01
 23   41 2.74045e-01
 23   43 2.31494e-01
 23   45 2.34833e-01
 23   47 2.15215e-01
 23   49 1.90290e-01
 23   51 1.79302e-01
 23   53 1.61805e-01
 23   55 1.62138e-01
 23   57 1.73511e-01
 23   59 2.07172e-01
 23   61 1.60327e-01
 23   63 1.93229e-01
 23   65 1.79737e-01
 23   67 1.92687e-01
 23   69 1.61272e-01
 23   71 1.91747e-01
 23   73 1.76543e-01
 23   75 1.58938e-01
 23   77 2.13284e-01
 23   79 1.74744e-01
 23   81 1.80121e-01
 23   83 1.46586e-01
 23   85 1.67083e-01
 23   87 1.26641e-01
 23   89 1.66113e-01
 24    0 1.43644e-02
 24    2 7.18566e-02
 24    4 1.37044e-01
 24    6 2.25579e-01
 24    8 3.06600e-01
 24   10 3.14553e-01
 24   12 3.64432e-01
 24   14 4.51302e-01
 24   16 4.66470e-01
 24   18 6.09604e-01
 24   20 1.41437e+00
 24   22 4.44262e+00
 24   24 4.69692e+01
 24   26 4.44146e+00
 24   28 1.45562e+00
 24   30 5.83694e-01
 24   32 4.94991e-01
 24   34 5.03944e-01
 24   36 3.38838e-01
 24   38 2.91395e-01
 24   40 2.75447e-01
 24   42 2.42673e-01
 24   44 2.34008e-01
 24   46 2.16105e-01
 24   48 1.90032e-01
 24   50 1.72097e-01
 24   52 1.73577e-01
 24   54 1.51354e-01
 24   56 1.64899e-01
 24   58 1.81868e-01
 24   60 1.80299e-01
 24   62 1.76930e-01
 24   64 1.70167e-01
 24   66 1.80689e-01
 24   68 1.63325e-01
 24   70 1.56583e-01
 24   72 1.76249e-01
 24   74 1.72760e-01
 24   76 1.64786e-01
 24   78 1.65831e-01
 24   80 1.78860e-01
 24   82 1.69771e-01
 24   84 1.39719e-01
 24   86 1.54383e-01
 24   88 1.23221e-01
 24   90 1.41312e-01
 25    1 4.02965e-02
 25    3 9.84683e-02
 25    5 1.73603e-01
 25    7 2.37489e-01
 25    9 3.00496e-01
 25   11 3.12828e-01
 25   13 3.38187e-01
 25   15 4.22031e-01
 25   17 4.49352e-01
 25   19 5.71352e-01
 25   21 1.37501e+00
 25   23 4.27634e+00
 25   25 4.51773e+01
 25   27 4.26437e+00
 25   29 1.40039e+00
 25   31 5.58056e-01
 25   33 4.86799e-01
 25   35 4.74083e-01
 25   37 3.21168e-01
 25   39 2.85990e-01
 25   41 2.74440e-01
 25   43 2.33285e-01
 25   45 2.24298e-01
 25   47 2.02841e-01
 25   49 1.70476e-01
 25   51 1.57515e-01
 25   53 1.65643e-01
 25   55 1.58065e-01
 25   57 1.60942e-01
 25   59 1.80621e-01
 25   61 1.87404e-01
 25   63 1.64051e-01
 25   65 1.59359e-01
 25   67 1.67628e-01
 25   69 1.64185e-01
 25   71 1.75797e-01
 25   73 1.72925e-01
 25   75 1.49662e-01
 25   77 1.40186e-01
 25   79 1.84472e-01
 25   81 1.70005e-01
 25   83 1.47539e-01
 25   85 1.44971e-01
 25   87 1.28984e-01
 25   89 1.51844e-01
 26    0 1.35258e-02
 26    2 6.94453e-02
 26    4 1.25398e-01
 26    6 1.89243e-01
 26    8 2.51980e-01
 26   10 2.82144e-01
 26   12 2.95768e-01
 26   14 3.21228e-01
 26   16 4.19848e-01
 26   18 4.39703e-01
 26   20 5.53736e-01
 26   22 1.32672e+00
 26   24 4.11231e+00
 26   26 4.34472e+01
 26   28 4.10134e+00
 26   30 1.33362e+00
 26   32 5.43550e-01
 26   34 4.45481e-01
 26   36 4.58114e-01
 26   38 3.16439e-01
 26   40 2.78295e-01
 26   42 2.60130e-01
 26   44 2.13010e-01
 26   46 2.13081e-01
 26   48 1.86743e-01
 26   50 1.65300e-01
 26   52 1.60535e-01
 26   54 1.52011e-01
 26   56 1.46827e-01
 26   58 1.43151e-01
 26   60 1.58516e-01
 26   62 1.83493e-01
 26   64 1.57809e-01
 26   66 1.43888e-01
 26   68 1.62985e-01
 26   70 1.77359e-01
 26   72 1.49837e-01
 26   74 1.40960e-01
 26   76 1.42443e-01
 26   78 1.58488e-01
 26   80 1.73994e-01
 26   82 1.52853e-01
 26   84 1.42198e-01
 26   86 1.44972e-01
 26   88 1.27345e-01
 26   90 1.49402e-01
 27    1 4.63823e-02
 27    3 9.93800e-02
 27    5 1.44628e-01
 27    7 2.11383e-01
 27    9 2.47276e-01
 27   11 2.68429e-01
 27   13 2.78844e-01
 27   15 3.00168e-01
 27   17 3.99776e-01
 27   19 4.27770e-01
 27   21 5.26345e-01
 27   23 1.29641e+00
 27   25 3.96031e+00
 27   27 4.19088e+01
 27   29 3.95604e+00
 27   31 1.30411e+00
 27   33 4.98952e-01
 27   35 4.08954e-01
 27   37 4.25659e-01
 27   39 2.94891e-01
 27   41 2.53859e-01
 27   43 2.63577e-01
 27   45 2.11394e-01
 27   47 2.00132e-01
 27   49 1.84552e-01
 27   51 1.57728e-01
 27   53 1.43672e-01
 27   55 1.60694e-01
 27   57 1.52467e-01
 27   59 1.62038e-01
 27   61 1.68358e-01
 27   63 1.61418e-01
 27   65 1.62386e-01
 27   67 1.81779e-01
 27   69 1.58912e-01
 27   71 1.34679e-01
 27   73 1.47741e-01
 27   75 1.44824e-01
 27   77 1.24559e-01
 27   79 1.72627e-01
 27   81 1.37179e-01
 27   83 1.72563e-01
 27   85 1.54044e-01
 27   87 1.23468e-01
 27   89 1.47089e-01
 28    0 1.15579e-02
 28    2 6.10267e-02
 28    4 1.08244e-01
 28    6 1.67135e-01
 28    8 2.29562e-01
 28   10 2.39951e-01
 28   12 2.46043e-01
 28   14 2.64586e-01
 28   16 2.96112e-01
 28   18 3.98250e-01
 28   20 4.04262e-01
 28   22 5.23581e-01
 28   24 1.25517e+00
 28   26 3.81961e+00
 28   28 4.04835e+01
 28   30 3.81590e+00
 28   32 1.23174e+00
 28   34 4.59458e-01
 28   36 3.94854e-01
 28   38 4.13057e-01
 28   40 2.76479e-01
 28   42 2.67294e-01
 28   44 2.42703e-01
 28   46 2.05353e-01
 28   48 1.93570e-01
 28   50 1.60643e-01
 28   52 1.63262e-01
 28   54 1.42491e-01
 28   56 1.52916e-01
 28   58 1.37688e-01
 28   60 1.37646e-01
 28   62 1.54250e-01
 28   64 1.44694e-01
 28   66 1.79473e-01
 28   68 1.34096e-01
 28   70 1.45275e-01
 28   72 1.30959e-01
 28   74 1.55570e-01
 28   76 1.27613e-01
 28   78 1.20142e-01
 28   80 1.62389e-01
 28   82 1.58647e-01
 28   84 1.62575e-01
 28   86 1.47116e-01
 28   88 1.10081e-01
 28   90 1.48283e-01
 29    1 3.49812e-02
 29    3 8.02948e-02
 29    5 1.40669e-01
 29    7 1.96684e-01
 29    9 2.14911e-01
 29   11 2.19082e-01
 29   13 2.36161e-01
 29   15 2.55604e-01
 29   17 2.76112e-01
 29   19 3.90699e-01
 29   21 4.07612e-01
 29   23 5.00312e-01
 29   25 1.21437e+00
 29   27 3.69393e+00
 29   29 3.91442e+01
 29   31 3.67636e+00
 29   33 1.17965e+00
 29   35 4.33843e-01
 29   37 3.67970e-01
 29   39 3.91915e-01
 29   41 2.73087e-01
 29   43 2.43456e-01
 29   45 2.39085e-01
 29   47 2.09768e-01
 29   49 1.58512e-01
 29   51 1.62928e-01
 29   53 1.42331e-01
 29   55 1.51238e-01
 29   57 1.49745e-01
 29   59 1.51690e-01
 29   61 1.54378e-01
 29   63 1.46280e-01
 29   65 1.72613e-01
 29   67 1.26234e-01
 29   69 1.41016e-01
 29   71 1.27121e-01
 29   73 1.37369e-01
 29   75 1.44026e-01
 29   77 1.23762e-01
 29   79 1.56862e-01
 29   81 1.39004e-01
 29   83 1.67773e-01
 29   85 1.46989e-01
 29   87 1.11986e-01
 29   89 1.55289e-01
 30    0 1.15583e-02
 30    2 5.71772e-02
 30    4 1.05468e-01
 30    6 1.56056e-01
 30    8 2.09127e-01
 30   10 2.06432e-01
 30   12 2.15634e-01
 30   14 2.43400e-01
 30   16 2.37181e-01
 30   18 2.71260e-01
 30   20 3.89176e-01
 30   22 3.83549e-01
 30   24 4.71115e-01
 30   26 1.16256e+00
 30   28 3.57179e+00
 30   30 3.78695e+01
 30   32 3.53694e+00
 30   34 1.13420e+00
 30   36 4.15563e-01
 30   38 3.59497e-01
 30   40 3.88067e-01
 30   42 2.61568e-01
 30   44 2.29214e-01
 30   46 2.23276e-01
 30   48 1.90599e-01
 30   50 1.58610e-01
 30   52 1.59200e-01
 30   54 1.57698e-01
 30   56 1.47530e-01
 30   58 1.43020e-01
 30   60 1.45988e-01
 30   62 1.39730e-01
 30   64 1.44991e-01
 30   66 1.45347e-01
 30   68 1.37540e-01
 30   70 1.35912e-01
 30   72 1.18638e-01
 30   74 1.33703e-01
 30   76 1.45842e-01
 30   78 1.08961e-01
 30   80 1.63724e-01
 30   82 1.16866e-01
 30   84 1.72571e-01
 30   86 1.40060e-01
 30   88 1.13054e-01
 30   90 1.31938e-01
 31    1 3.28480e-02
 31    3 8.88486e-02
 31    5 1.25466e-01
 31    7 1.69545e-01
 31    9 2.04864e-01
 31   11 2.00270e-01
 31   13 2.04670e-01
 31   15 2.31652e-01
 31   17 2.37298e-01
 31   19 2.62556e-01
 31   21 3.82251e-01
 31   23 3.75242e-01
 31   25 4.54004e-01
 31   27 1.14242e+00
 31   29 3.44904e+00
 31   31 3.66456e+01
 31   33 3.42069e+00
 31   35 1.09214e+00
 31   37 3.94783e-01
 31   39 3.50865e-01
 31   41 3.70417e-01
 31   43 2.36741e-01
 31   45 2.15076e-01
 31   47 2.20367e-01
 31   49 1.91474e-01
 31   51 1.66781e-01
 31   53 1.61971e-01
 31   55 1.62361e-01
 31   57 1.44371e-01
 31   59 1.60514e-01
 31   61 1.50472e-01
 31   63 1.19949e-01
 31   65 1.39405e-01
 31   67 1.24135e-01
 31   69 1.48215e-01
 31   71 1.03717e-01
 31   73 1.24496e-01
 31   75 1.38202e-01
 31   77 1.25238e-01
 31   79 1.80202e-01
 31   81 1.19660e-01
 31   83 1.46179e-01
 31   85 1.47104e-01
 31   87 1.05160e-01
 31   89 1.31971e-01
 32    0 9.46101e-03
 32    2 5.49502e-02
 32    4 9.89305e-02
 32    6 1.37763e-01
 32    8 1.87747e-01
 32   10 1.79863e-01
 32   12 1.83663e-01
 32   14 1.93328e-01
 32   16 2.26444e-01
 32   18 2.31474e-01
 32   20 2.73231e-01
 32   22 3.64583e-01
 32   24 3.75622e-01
 32   26 4.45484e-01
 32   28 1.08397e+00
 32   30 3.32537e+00
 32   32 3.55538e+01
 32   34 3.30608e+00
 32   36 1.06390e+00
 32   38 3.83265e-01
 32   40 3.51025e-01
 32   42 3.47543e-01
 32   44 2.33965e-01
 32   46 2.03814e-01
 32   48 2.01519e-01
 32   50 2.07764e-01
 32   52 1.61661e-01
 32   54 1.44144e-01
 32   56 1.35239e-01
 32   58 1.47378e-01
 32   60 1.53620e-01
 32   62 1.32688e-01
 32   64 1.18013e-01
 32   66 1.41670e-01
 32   68 1.15103e-01
 32   70 1.40852e-01
 32   72 1.16592e-01
 32   74 1.18959e-01
 32   76 1.22822e-01
 32   78 1.29743e-01
 32   80 1.67855e-01
 32   82 1.15499e-01
 32   84 1.45281e-01
 32   86 1.33844e-01
 32   88 1.05492e-01
 32   90 1.16663e-01
 33    1 2.83829e-02
 33    3 6.65842e-02
 33    5 1.13964e-01
 33    7 1.53620e-01
 33    9 1.77509e-01
 33   11 1.74506e-01
 33   13 1.74630e-01
 33   15 1.99878e-01
 33   17 2.26142e-01
 33   19 2.31000e-01
 33   21 2.55780e-01
 33   23 3.59661e-01
 33   25 3.73095e-01
 33   27 4.11770e-01
 33   29 1.04261e+00
 33   31 3.22256e+00
 33   33 3.45330e+01
 33   35 3.20079e+00
 33   37 1.03249e+00
 33   39 3.67817e-01
 33   41 3.43357e-01
 33   43 3.31373e-01
 33   45 2.21851e-01
 33   47 2.03832e-01
 33   49 2.19867e-01
 33   51 1.98050e-01
 33   53 1.54315e-01
 33   55 1.62014e-01
 33   57 1.42864e-01
 33   59 1.40941e-01
 33   61 1.41052e-01
 33   63 1.25848e-01
 33   65 1.26956e-01
 33   67 1.14758e-01
 33   69 1.33556e-01
 33   71 1.17057e-01
 33   73 1.12592e-01
 33   75 1.08817e-01
 33   77 1.36063e-01
 33   79 1.82974e-01
 33   81 1.00025e-01
 33   83 1.41841e-01
 33   85 1.35169e-01
 33   87 1.12092e-01
 33   89 1.13763e-01
 34    0 9.11636e-03
 34    2 4.76287e-02
 34    4 8.53947e-02
 34    6 1.31210e-01
 34    8 1.71690e-01
 34   10 1.75363e-01
 34   12 1.66882e-01
 34   14 1.75778e-01
 34   16 1.89802e-01
 34   18 2.06833e-01
 34   20 2.24900e-01
 34   22 2.63860e-01
 34   24 3.60951e-01
 34   26 3.44615e-01
 34   28 3.81644e-01
 34   30 1.00650e+00
 34   32 3.12051e+00
 34   34 3.35529e+01
 34   36 3.11512e+00
 34   38 9.82148e-01
 34   40 3.47437e-01
 34   42 3.08756e-01
 34   44 3.17246e-01
 34   46 2.14786e-01
 34   48 2.04867e-01
 34   50 2.02836e-01
 34   52 1.77033e-01
 34   54 1.68885e-01
 34   56 1.43901e-01
 34   58 1.37735e-01
 34   60 1.44094e-01
 34   62 1.37400e-01
 34   64 1.09986e-01
 34   66 1.30211e-01
 34   68 1.24678e-01
 34   70 1.24875e-01
 34   72 1.07349e-01
 34   74 1.15015e-01
 34   76 1.13562e-01
 34   78 1.04264e-01
 34   80 1.64529e-01
 34   82 1.12501e-01
 34   84 1.36246e-01
 34   86 1.36458e-01
 34   88 9.76422e-02
 34   90 1.15352e-01
 35    1 3.01247e-02
 35    3 6.62130e-02
 35    5 1.00628e-01
 35    7 1.49361e-01
 35    9 1.65573e-01
 35   11 1.68156e-01
 35   13 1.64721e-01
 35   15 1.76675e-01
 35   17 1.87929e-01
 35   19 2.11022e-01
 35   21 2.21135e-01
 35   23 2.52024e-01
 35   25 3.43568e-01
 35   27 3.19125e-01
 35   29 3.62569e-01
 35   31 9.72867e-01
 35   33 3.02654e+00
 35   35 3.26439e+01
 35   37 2.99925e+00
 35   39 9.53382e-01
 35   41 3.31504e-01
 35   43 3.18006e-01
 35   45 3.20936e-01
 35   47 2.20685e-01
 35   49 2.02043e-01
 35   51 2.05498e-01
 35   53 1.83984e-01
 35   55 1.60449e-01
 35   57 1.49027e-01
 35   59 1.39966e-01
 35   61 1.18601e-01
 35   63 1.43191e-01
 35   65 1.32027e-01
 35   67 1.09894e-01
 35   69 1.09766e-01
 35   71 1.11880e-01
 35   73 1.13637e-01
 35   75 1.16801e-01
 35   77 1.13639e-01
 35   79 1.33723e-01
 35   81 1.22022e-01
 35   83 1.46520e-01
 35   85 1.18626e-01
 35   87 9.38930e-02
 35   89 1.26058e-01
 36    0 1.09121e-02
 36    2 4.64800e-02
 36    4 7.85816e-02
 36    6 1.14889e-01
 36    8 1.50948e-01
 36   10 1.48819e-01
 36   12 1.60582e-01
 36   14 1.57844e-01
 36   16 1.69063e-01
 36   18 1.92761e-01
 36   20 2.06578e-01
 36   22 2.16038e-01
 36   24 2.29870e-01
 36   26 3.35663e-01
 36   28 3.10652e-01
 36   30 3.49290e-01
 36   32 9.51130e-01
 36   34 2.95054e+00
 36   36 3.17665e+01
 36   38 2.90585e+00
 36   40 9.29046e-01
 36   42 3.21515e-01
 36   44 2.91762e-01
 36   46 3.10756e-01
 36   48 2.14839e-01
 36   50 1.94962e-01
 36   52 1.90983e-01
 36   54 1.69035e-01
 36   56 1.55377e-01
 36   58 1.42073e-01
 36   60 1.21416e-01
 36   62 1.27768e-01
 36   64 1.31286e-01
 36   66 1.22410e-01
 36   68 1.18272e-01
 36   70 1.18195e-01
 36   72 9.32538e-02
 36   74 1.01685e-01
 36   76 1.05266e-01
 36   78 1.22460e-01
 36   80 1.38148e-01
 36   82 9.96567e-02
 36   84 1.40160e-01
 36   86 1.16173e-01
 36   88 1.07116e-01
 36   90 1.27228e-01
 37    1 2.47270e-02
 37    3 5.69610e-02
 37    5 8.92370e-02
 37    7 1.24604e-01
 37    9 1.49530e-01
 37   11 1.58076e-01
 37   13 1.61636e-01
 37   15 1.58606e-01
 37   17 1.78972e-01
 37   19 1.83351e-01
 37   21 2.07185e-01
 37   23 2.02516e-01
 37   25 2.20808e-01
 37   27 3.15116e-01
 37   29 2.91738e-01
 37   31 3.33624e-01
 37   33 9.26187e-01
 37   35 2.84536e+00
 37   37 3.09115e+01
 37   39 2.83783e+00
 37   41 8.96487e-01
 37   43 3.15867e-01
 37   45 2.88625e-01
 37   47 3.20139e-01
 37   49 2.11153e-01
 37   51 1.94050e-01
 37   53 2.00118e-01
 37   55 1.68150e-01
 37   57 1.45171e-01
 37   59 1.39273e-01
 37   61 1.21768e-01
 37   63 1.27363e-01
 37   65 1.15255e-01
 37   67 1.38238e-01
 37   69 1.10008e-01
 37   71 1.18695e-01
 37   73 1.06756e-01
 37   75 1.15863e-01
 37   77 9.84168e-02
 37   79 1.45061e-01
 37   81 1.04788e-01
 37   83 1.27095e-01
 37   85 1.14095e-01
 37   87 9.42527e-02
 37   89 1.35841e-01
 38    0 8.64439e-03
 38    2 4.14090e-02
 38    4 7.61538e-02
 38    6 1.13429e-01
 38    8 1.46976e-01
 38   10 1.44056e-01
 38   12 1.54064e-01
 38   14 1.49811e-01
 38   16 1.50975e-01
 38   18 1.64937e-01
 38   20 1.78919e-01
 38   22 1.84532e-01
 38   24 1.87827e-01
 38   26 2.20295e-01
 38   28 3.08768e-01
 38   30 2.87097e-01
 38   32 3.25553e-01
 38   34 8.83868e-01
 38   36 2.76095e+00
 38   38 3.01495e+01
 38   40 2.74400e+00
 38   42 8.70146e-01
 38   44 3.02060e-01
 38   46 2.84403e-01
 38   48 3.09672e-01
 38   50 2.01677e-01
 38   52 1.85048e-01
 38   54 1.83474e-01
 38   56 1.69521e-01
 38   58 1.43146e-01
 38   60 1.30019e-01
 38   62 1.16930e-01
 38   64 1.17699e-01
 38   66 1.16831e-01
 38   68 1.22395e-01
 38   70 1.00997e-01
 38   72 1.17440e-01
 38   74 1.13383e-01
 38   76 1.18219e-01
 38   78 1.10422e-01
 38   80 1.23862e-01
 38   82 1.13583e-01
 38   84 1.18527e-01
 38   86 1.21159e-01
 38   88 9.02215e-02
 38   90 1.19195e-01
 39    1 2.17691e-02
 39    3 5.17168e-02
 39    5 8.61047e-02
 39    7 1.18339e-01
 39    9 1.40580e-01
 39   11 1.51305e-01
 39   13 1.45850e-01
 39   15 1.40526e-01
 39   17 1.58452e-01
 39   19 1.66603e-01
 39   21 1.77717e-01
 39   23 1.89567e-01
 39   25 1.87088e-01
 39   27 2.07722e-01
 39   29 2.95655e-01
 39   31 2.82132e-01
 39   33 3.13948e-01
 39   35 8.60603e-01
 39   37 2.70022e+00
 39   39 2.93816e+01
 39   41 2.67350e+00
 39   43 8.44093e-01
 39   45 2.93224e-01
 39   47 2.83818e-01
 39   49 3.12125e-01
 39   51 2.08526e-01
 39   53 1.87764e-01
 39   55 1.90024e-01
 39   57 1.62854e-01
 39   59 1.35708e-01
 39   61 1.18231e-01
 39   63 1.21799e-01
 39   65 1.04507e-01
 39   67 1.28618e-01
 39   69 1.10461e-01
 39   71 1.22575e-01
 39   73 1.15872e-01
 39   75 1.09149e-01
 39   77 9.14245e-02
 39   79 1.23151e-01
 39   81 9.80707e-02
 39   83 1.09369e-01
 39   85 1.21044e-01
 39   87 1.01709e-01
 39   89 1.04395e-01
 40    0 7.14425e-03
 40    2 3.49461e-02
 40    4 6.94274e-02
 40    6 9.23145e-02
 40    8 1.29890e-01
 40   10 1.39994e-01
 40   12 1.41612e-01
 40   14 1.41036e-01
 40   16 1.40295e-01
 40   18 1.46112e-01
 40   20 1.52073e-01
 40   22 1.67555e-01
 40   24 1.69171e-01
 40   26 1.84600e-01
 40   28 1.96923e-01
 40   30 2.95291e-01
 40   32 2.84100e-01
 40   34 2.97918e-01
 40   36 8.41071e-01
 40   38 2.61454e+00
 40   40 2.87015e+01
 40   42 2.60501e+00
 40   44 8.25598e-01
 40   46 2.85186e-01
 40   48 2.66557e-01
 40   50 3.03810e-01
 40   52 2.01212e-01
 40   54 1.92950e-01
 40   56 1.75475e-01
 40   58 1.61464e-01
 40   60 1.24290e-01
 40   62 1.13366e-01
 40   64 1.19150e-01
 40   66 1.06419e-01
 40   68 1.19021e-01
 40   70 1.20855e-01
 40   72 1.19335e-01
 40   74 1.11760e-01
 40   76 1.05114e-01
 40   78 9.03384e-02
 40   80 1.14476e-01
 40   82 1.00354e-01
 40   84 1.04833e-01
 40   86 1.16888e-01
 40   88 9.78414e-02
 40   90 1.03099e-01
 41    1 2.01179e-02
 41    3 4.69852e-02
 41    5 7.77544e-02
 41    7 1.07551e-01
 41    9 1.31327e-01
 41   11 1.34409e-01
 41   13 1.50532e-01
 41   15 1.35351e-01
 41   17 1.36493e-01
 41   19 1.45246e-01
 41   21 1.44783e-01
 41   23 1.57849e-01
 41   25 1.71287e-01
 41   27 1.70606e-01
 41   29 1.96551e-01
 41   31 2.84174e-01
 41   33 2.79610e-01
 41   35 2.85500e-01
 41   37 8.13839e-01
 41   39 2.55071e+00
 41   41 2.80336e+01
 41   43 2.52645e+00
 41   45 7.98334e-01
 41   47 2.94474e-01
 41   49 2.78042e-01
 41   51 3.05592e-01
 41   53 2.06725e-01
 41   55 1.83250e-01
 41   57 1.61816e-01
 41   59 1.39885e-01
 41   61 1.34424e-01
 41   63 1.20523e-01
 41   65 1.26670e-01
 41   67 1.14237e-01
 41   69 1.28869e-01
 41   71 1.13507e-01
 41   73 9.52745e-02
 41   75 1.09255e-01
 41   77 1.10506e-01
 41   79 1.11678e-01
 41   81 1.00360e-01
 41   83 1.15539e-01
 41   85 8.58437e-02
 41   87 8.93201e-02
 41   89 1.08262e-01
 42    0 6.14362e-03
 42    2 3.49624e-02
 42    4 6.43439e-02
 42    6 9.60366e-02
 42    8 1.27698e-01
 42   10 1.28764e-01
 42   12 1.27193e-01
 42   14 1.37571e-01
 42   16 1.44664e-01
 42   18 1.27514e-01
 42   20 1.25671e-01
 42   22 1.38996e-01
 42   24 1.42374e-01
 42   26 1.64832e-01
 42   28 1.81864e-01
 42   30 1.90132e-01
 42   32 2.68699e-01
 42   34 2.52908e-01
 42   36 2.78049e-01
 42   38 7.92005e-01
 42   40 2.48849e+00
 42   42 2.74112e+01
 42   44 2.45593e+00
 42   46 7.80212e-01
 42   48 2.80098e-01
 42   50 2.86558e-01
 42   52 2.88608e-01
 42   54 1.96222e-01
 42   56 1.73305e-01
 42   58 1.58824e-01
 42   60 1.38788e-01
 42   62 1.22728e-01
 42   64 1.23906e-01
 42   66 1.10262e-01
 42   68 1.38652e-01
 42   70 1.10775e-01
 42   72 1.15808e-01
 42   74 9.74455e-02
 42   76 9.68502e-02
 42   78 8.60502e-02
 42   80 1.11798e-01
 42   82 8.85583e-02
 42   84 1.22018e-01
 42   86 8.37067e-02
 42   88 1.00593e-01
 42   90 9.07647e-02
 43    1 2.02054e-02
 43    3 4.94466e-02
 43    5 8.03935e-02
 43    7 1.13172e-01
 43    9 1.37015e-01
 43   11 1.25150e-01
 43   13 1.24449e-01
 43   15 1.41011e-01
 43   17 1.28492e-01
 43   19 1.18845e-01
 43   21 1.25595e-01
 43   23 1.27527e-01
 43   25 1.39254e-01
 43   27 1.69416e-01
 43   29 1.67587e-01
 43   31 1.73705e-01
 43   33 2.58089e-01
 43   35 2.61937e-01
 43   37 2.74248e-01
 43   39 7.70222e-01
 43   41 2.41632e+00
 43   43 2.67921e+01
 43   45 2.40814e+00
 43   47 7.70875e-01
 43   49 2.94719e-01
 43   51 2.71220e-01
 43   53 2.78763e-01
 43   55 1.82154e-01
 43   57 1.63489e-01
 43   59 1.59902e-01
 43   61 1.43038e-01
 43   63 1.28927e-01
 43   65 1.28220e-01
 43   67 1.24584e-01
 43   69 1.03725e-01
 43   71 1.13454e-01
 43   73 9.32453e-02
 43   75 9.72047e-02
 43   77 1.06985e-01
 43   79 1.23932e-01
 43   81 8.27161e-02
 43   83 1.05927e-01
 43   85 9.12469e-02
 43   87 7.91071e-02
 43   89 1.05436e-01
 44    0 6.45049e-03
 44    2 3.19226e-02
 44    4 6.22872e-02
 44    6 8.90372e-02
 44    8 1.24930e-01
 44   10 1.37667e-01
 44   12 1.28109e-01
 44   14 1.27174e-01
 44   16 1.17558e-01
 44   18 1.19874e-01
 44   20 1.15445e-01
 44   22 1.13079e-01
 44   24 1.31457e-01
 44   26 1.29239e-01
 44   28 1.58115e-01
 44   30 1.59534e-01
 44   32 1.73201e-01
 44   34 2.48819e-01
 44   36 2.41597e-01
 44   38 2.63252e-01
 44   40 7.55154e-01
 44   42 2.35157e+00
 44   44 2.62474e+01
 44   46 2.34314e+00
 44   48 7.48905e-01
 44   50 2.77010e-01
 44   52 2.55089e-01
 44   54 2.88806e-01
 44   56 1.84791e-01
 44   58 1.52549e-01
 44   60 1.55991e-01
 44   62 1.38636e-01
 44   64 1.23900e-01
 44   66 1.26798e-01
 44   68 1.17296e-01
 44   70 1.03325e-01
 44   72 1.16153e-01
 44   74 8.30494e-02
 44   76 9.84699e-02
 44   78 9.94083e-02
 44   80 1.16343e-01
 44   82 9.26223e-02
 44   84 1.01601e-01
 44   86 8.96745e-02
 44   88 7.41894e-02
 44   90 9.68192e-02
 45    1 1.94323e-02
 45    3 4.94590e-02
 45    5 7.57239e-02
 45    7 1.04656e-01
 45    9 1.30480e-01
 45   11 1.33556e-01
 45   13 1.21130e-01
 45   15 1.13585e-01
 45   17 1.12478e-01
 45   19 1.08656e-01
 45   21 1.07572e-01
 45   23 1.24006e-01
 45   25 1.28340e-01
 45   27 1.30244e-01
 45   29 1.57757e-01
 45   31 1.51268e-01
 45   33 1.65627e-01
 45   35 2.53395e-01
 45   37 2.40210e-01
 45   39 2.56473e-01
 45   41 7.31892e-01
 45   43 2.30834e+00
 45   45 2.56789e+01
 45   47 2.29708e+00
 45   49 7.31823e-01
 45   51 2.54335e-01
 45   53 2.55822e-01
 45   55 2.77445e-01
 45   57 1.76476e-01
 45   59 1.54223e-01
 45   61 1.68299e-01
 45   63 1.59737e-01
 45   65 1.24968e-01
 45   67 1.14741e-01
 45   69 1.01181e-01
 45   71 1.01064e-01
 45   73 8.52404e-02
 45   75 1.01417e-01
 45   77 1.00939e-01
 45   79 1.21471e-01
 45   81 8.30026e-02
 45   83 8.47836e-02
 45   85 1.07021e-01
 45   87 9.40135e-02
 45   89 8.81076e-02
 46    0 6.04309e-03
 46    2 3.21781e-02
 46    4 5.95169e-02
 46    6 8.33373e-02
 46    8 1.12575e-01
 46   10 1.23448e-01
 46   12 1.28997e-01
 46   14 1.12176e-01
 46   16 1.11297e-01
 46   18 1.11947e-01
 46   20 1.03608e-01
 46   22 1.14450e-01
 46   24 1.16491e-01
 46   26 1.24054e-01
 46   28 1.28373e-01
 46   30 1.49117e-01
 46   32 1.44780e-01
 46   34 1.61647e-01
 46   36 2.46920e-01
 46   38 2.37841e-01
 46   40 2.50304e-01
 46   42 7.16850e-01
 46   44 2.24839e+00
 46   46 2.51731e+01
 46   48 2.23318e+00
 46   50 7.14278e-01
 46   52 2.59010e-01
 46   54 2.41906e-01
 46   56 2.55681e-01
 46   58 1.86502e-01
 46   60 1.50078e-01
 46   62 1.62009e-01
 46   64 1.42358e-01
 46   66 1.14527e-01
 46   68 1.18060e-01
 46   70 9.62715e-02
 46   72 9.90382e-02
 46   74 8.55207e-02
 46   76 1.01646e-01
 46   78 9.51383e-02
 46   80 1.21641e-01
 46   82 7.27048e-02
 46   84 9.09966e-02
 46   86 1.05275e-01
 46   88 8.27897e-02
 46   90 9.02192e-02
 47    1 2.14204e-02
 47    3 4.65683e-02
 47    5 7.63835e-02
 47    7 1.02697e-01
 47    9 1.16145e-01
 47   11 1.21303e-01
 47   13 1.12214e-01
 47   15 9.59606e-02
 47   17 9.36239e-02
 47   19 9.87141e-02
 47   21 9.69995e-02
 47   23 1.09161e-01
 47   25 1.11482e-01
 47   27 1.18439e-01
 47   29 1.32950e-01
 47   31 1.48873e-01
 47   33 1.46169e-01
 47   35 1.67365e-01
 47   37 2.55921e-01
 47   39 2.38449e-01
 47   41 2.59311e-01
 47   43 7.09763e-01
 47   45 2.20642e+00
 47   47 2.46681e+01
 47   49 2.17457e+00
 47   51 6.96572e-01
 47   53 2.38151e-01
 47   55 2.25959e-01
 47   57 2.48709e-01
 47   59 1.75218e-01
 47   61 1.56958e-01
 47   63 1.61168e-01
 47   65 1.31590e-01
 47   67 1.18707e-01
 47   69 9.98053e-02
 47   71 1.14714e-01
 47   73 8.74435e-02
 47   75 9.85735e-02
 47   77 8.34708e-02
 47   79 1.12629e-01
 47   81 9.48170e-02
 47   83 1.13160e-01
 47   85 8.91801e-02
 47   87 8.54716e-02
 47   89 1.03532e-01
 48    0 6.74428e-03
 48    2 3.11819e-02
 48    4 5.95209e-02
 48    6 8.77191e-02
 48    8 1.14867e-01
 48   10 1.17210e-01
 48   12 1.13119e-01
 48   14 9.75259e-02
 48   16 9.00114e-02
 48   18 9.99800e-02
 48   20 8.72467e-02
 48   22 1.01976e-01
 48   24 9.84888e-02
 48   26 1.04530e-01
 48   28 1.16344e-01
 48   30 1.22388e-01
 48   32 1.37633e-01
 48   34 1.48240e-01
 48   36 1.64127e-01
 48   38 2.48993e-01
 48   40 2.24939e-01
 48   42 2.47434e-01
 48   44 6.90929e-01
 48   46 2.14712e+00
 48   48 2.41947e+01
 48   50 2.11904e+00
 48   52 6.73688e-01
 48   54 2.30247e-01
 48   56 2.30869e-01
 48   58 2.40693e-01
 48   60 1.73789e-01
 48   62 1.55979e-01
 48   64 1.55838e-01
 48   66 1.28191e-01
 48   68 1.23570e-01
 48   70 9.32235e-02
 48   72 1.07758e-01
 48   74 9.16940e-02
 48   76 1.03383e-01
 48   78 1.00445e-01
 48   80 1.11152e-01
 48   82 9.54949e-02
 48   84 9.28300e-02
 48   86 9.24146e-02
 48   88 8.99263e-02
 48   90 9.01193e-02
 49    1 2.04676e-02
 49    3 4.65744e-02
 49    5 7.62984e-02
 49    7 1.01800e-01
 49    9 1.15613e-01
 49   11 1.07362e-01
 49   13 1.00627e-01
 49   15 8.58063e-02
 49   17 8.34759e-02
 49   19 8.72730e-02
 49   21 9.29350e-02
 49   23 9.28854e-02
 49   25 9.01677e-02
 49   27 1.05107e-01
 49   29 9.66829e-02
 49   31 1.24484e-01
 49   33 1.51733e-01
 49   35 1.47459e-01
 49   37 1.62444e-01
 49   39 2.52360e-01
 49   41 2.35625e-01
 49   43 2.61141e-01
 49   45 6.76481e-01
 49   47 2.09272e+00
 49   49 2.37297e+01
 49   51 2.06418e+00
 49   53 6.63994e-01
 49   55 2.26799e-01
 49   57 2.35031e-01
 49   59 2.42379e-01
 49   61 1.69261e-01
 49   63 1.46220e-01
 49   65 1.52143e-01
 49   67 1.24827e-01
 49   69 1.02344e-01
 49   71 1.08916e-01
 49   73 1.03263e-01
 49   75 1.02213e-01
 49   77 8.40867e-02
 49   79 9.85153e-02
 49   81 9.61960e-02
 49   83 1.06221e-01
 49   85 8.81836e-02
 49   87 8.43830e-02
 49   89 1.01573e-01
 50    0 7.83606e-03
 50    2 3.31802e-02
 50    4 5.83114e-02
 50    6 8.64707e-02
 50    8 1.09894e-01
 50   10 1.04501e-01
 50   12 9.68215e-02
 50   14 9.26003e-02
 50   16 8.11818e-02
 50   18 7.61841e-02
 50   20 8.61159e-02
 50   22 8.36826e-02
 50   24 8.59134e-02
 50   26 8.91250e-02
 50   28 9.30025e-02
 50   30 9.81013e-02
 50   32 1.36680e-01
 50   34 1.41373e-01
 50   36 1.43465e-01
 50   38 1.56195e-01
 50   40 2.46946e-01
 50   42 2.43830e-01
 50   44 2.46167e-01
 50   46 6.61495e-01
 50   48 2.04111e+00
 50   50 2.32687e+01
 50   52 2.01458e+00
 50   54 6.40841e-01
 50   56 2.24392e-01
 50   58 2.31378e-01
 50   60 2.36906e-01
 50   62 1.66705e-01
 50   64 1.43419e-01
 50   66 1.50311e-01
 50   68 1.17887e-01
 50   70 1.06271e-01
 50   72 1.03701e-01
 50   74 9.35155e-02
 50   76 9.54685e-02
 50   78 8.64646e-02
 50   80 8.90063e-02
 50   82 1.01639e-01
 50   84 1.10791e-01
 50   86 8.82644e-02
 50   88 8.34735e-02
 50   90 1.00250e-01
 51    1 2.00876e-02
 51    3 4.47072e-02
 51    5 7.14762e-02
 51    7 9.86714e-02
 51    9 1.10815e-01
 51   11 1.01333e-01
 51   13 9.23084e-02
 51   15 7.85970e-02
 51   17 7.88400e-02
 51   19 8.25762e-02
 51   21 7.69461e-02
 51   23 8.43756e-02
 51   25 8.03178e-02
 51   27 8.66014e-02
 51   29 9.58040e-02
 51   31 1.04533e-01
 51   33 1.31764e-01
 51   35 1.44590e-01
 51   37 1.43920e-01
 51   39 1.62538e-01
 51   41 2.49664e-01
 51   43 2.31681e-01
 51   45 2.26651e-01
 51   47 6.46258e-01
 51   49 1.98998e+00
 51   51 2.28355e+01
 51   53 1.96710e+00
 51   55 6.39663e-01
 51   57 2.29829e-01
 51   59 2.19709e-01
 51   61 2.31158e-01
 51   63 1.67184e-01
 51   65 1.51005e-01
 51   67 1.39049e-01
 51   69 1.27489e-01
 51   71 1.10515e-01
 51   73 9.88067e-02
 51   75 9.45747e-02
 51   77 9.71990e-02
 51   79 1.01062e-01
 51   81 8.57551e-02
 51   83 8.66344e-02
 51   85 1.04472e-01
 51   87 8.96588e-02
 51   89 9.31453e-02
 52    0 6.59603e-03
 52    2 3.46752e-02
 52    4 6.09368e-02
 52    6 8.17998e-02
 52    8 1.04061e-01
 52   10 1.01739e-01
 52   12 9.21677e-02
 52   14 8.53206e-02
 52   16 7.88793e-02
 52   18 7.64580e-02
 52   20 7.21476e-02
 52   22 7.07328e-02
 52   24 8.36073e-02
 52   26 8.35145e-02
 52   28 9.11973e-02
 52   30 9.50063e-02
 52   32 1.02613e-01
 52   34 1.19053e-01
 52   36 1.35599e-01
 52   38 1.38280e-01
 52   40 1.57804e-01
 52   42 2.36945e-01
 52   44 2.18721e-01
 52   46 2.31441e-01
 52   48 6.26109e-01
 52   50 1.94379e+00
 52   52 2.24402e+01
 52   54 1.92416e+00
 52   56 6.21964e-01
 52   58 2.26552e-01
 52   60 2.21903e-01
 52   62 2.31091e-01
 52   64 1.67871e-01
 52   66 1.41276e-01
 52   68 1.43549e-01
 52   70 1.23091e-01
 52   72 1.04077e-01
 52   74 9.86993e-02
 52   76 1.00429e-01
 52   78 9.21617e-02
 52   80 9.46180e-02
 52   82 8.26803e-02
 52   84 8.49585e-02
 52   86 1.06595e-01
 52   88 8.60961e-02
 52   90 9.43419e-02
 53    1 1.96851e-02
 53    3 4.74970e-02
 53    5 7.23363e-02
 53    7 9.41001e-02
 53    9 1.02887e-01
 53   11 9.78099e-02
 53   13 8.59826e-02
 53   15 7.77735e-02
 53   17 8.15819e-02
 53   19 8.19857e-02
 53   21 7.60600e-02
 53   23 7.35256e-02
 53   25 8.15598e-02
 53   27 7.61731e-02
 53   29 8.08167e-02
 53   31 9.80303e-02
 53   33 9.91388e-02
 53   35 1.25005e-01
 53   37 1.43320e-01
 53   39 1.41326e-01
 53   41 1.63088e-01
 53   43 2.29942e-01
 53   45 2.20142e-01
 53   47 2.13356e-01
 53   49 6.18130e-01
 53   51 1.89950e+00
 53   53 2.20711e+01
 53   55 1.90113e+00
 53   57 6.17211e-01
 53   59 2.18934e-01
 53   61 2.11306e-01
 53   63 2.27088e-01
 53   65 1.60475e-01
 53   67 1.31213e-01
 53   69 1.49726e-01
 53   71 1.25085e-01
 53   73 9.15277e-02
 53   75 9.43566e-02
 53   77 1.12181e-01
 53   79 1.05139e-01
 53   81 7.43786e-02
 53   83 7.43544e-02
 53   85 9.13302e-02
 53   87 8.53567e-02
 53   89 8.17287e-02
 54    0 6.13629e-03
 54    2 3.15023e-02
 54    4 5.90421e-02
 54    6 7.77634e-02
 54    8 9.78483e-02
 54   10 9.72552e-02
 54   12 8.88354e-02
 54   14 7.84726e-02
 54   16 7.58063e-02
 54   18 8.04578e-02
 54   20 7.41289e-02
 54   22 7.35521e-02
 54   24 7.04526e-02
 54   26 7.64219e-02
 54   28 7.69193e-02
 54   30 9.09467e-02
 54   32 8.84189e-02
 54   34 1.09756e-01
 54   36 1.15981e-01
 54   38 1.32496e-01
 54   40 1.46238e-01
 54   42 1.55682e-01
 54   44 2.39307e-01
 54   46 2.08892e-01
 54   48 2.06793e-01
 54   50 5.97538e-01
 54   52 1.85948e+00
 54   54 2.17082e+01
 54   56 1.85341e+00
 54   58 6.05070e-01
 54   60 2.17115e-01
 54   62 2.04543e-01
 54   64 2.24288e-01
 54   66 1.49405e-01
 54   68 1.27710e-01
 54   70 1.28300e-01
 54   72 1.35673e-01
 54   74 9.21837e-02
 54   76 8.96384e-02
 54   78 9.50663e-02
 54   80 1.12455e-01
 54   82 8.15306e-02
 54   84 7.92708e-02
 54   86 8.89555e-02
 54   88 8.54701e-02
 54   90 7.64917e-02
 55    1 1.70569e-02
 55    3 4.21438e-02
 55    5 6.18505e-02
 55    7 8.73888e-02
 55    9 9.90315e-02
 55   11 9.06377e-02
 55   13 8.31717e-02
 55   15 8.29552e-02
 55   17 7.34834e-02
 55   19 7.91768e-02
 55   21 7.77370e-02
 55   23 7.12539e-02
 55   25 7.52692e-02
 55   27 8.23961e-02
 55   29 8.30502e-02
 55   31 9.50341e-02
 55   33 1.00662e-01
 55   35 1.05429e-01
 55   37 1.16465e-01
 55   39 1.38323e-01
 55   41 1.39813e-01
 55   43 1.45311e-01
 55   45 2.30898e-01
 55   47 1.95776e-01
 55   49 2.04190e-01
 55   51 5.97368e-01
 55   53 1.83860e+00
 55   55 2.14214e+01
 55   57 1.80654e+00
 55   59 5.90882e-01
 55   61 2.08951e-01
 55   63 2.01905e-01
 55   65 2.12366e-01
 55   67 1.46585e-01
 55   69 1.16790e-01
 55   71 1.36020e-01
 55   73 1.07148e-01
 55   75 9.54128e-02
 55   77 9.03284e-02
 55   79 1.02742e-01
 55   81 8.66045e-02
 55   83 9.31004e-02
 55   85 7.17448e-02
 55   87 7.83603e-02
 55   89 8.45575e-02
 56    0 7.06965e-03
 56    2 3.29236e-02
 56    4 5.36598e-02
 56    6 7.70962e-02
 56    8 9.39776e-02
 56   10 9.35665e-02
 56   12 9.44482e-02
 56   14 7.96117e-02
 56   16 7.29264e-02
 56   18 7.93709e-02
 56   20 7.30017e-02
 56   22 7.50818e-02
 56   24 7.42869e-02
 56   26 7.14400e-02
 56   28 7.98902e-02
 56   30 8.23441e-02
 56   32 8.02865e-02
 56   34 9.05092e-02
 56   36 1.03179e-01
 56   38 1.18479e-01
 56   40 1.28713e-01
 56   42 1.33074e-01
 56   44 1.48191e-01
 56   46 2.13681e-01
 56   48 2.00678e-01
 56   50 2.02495e-01
 56   52 5.81714e-01
 56   54 1.79376e+00
 56   56 2.10562e+01
 56   58 1.76873e+00
 56   60 5.80299e-01
 56   62 2.07003e-01
 56   64 1.93246e-01
 56   66 2.01195e-01
 56   68 1.39110e-01
 56   70 1.25366e-01
 56   72 1.30771e-01
 56   74 1.02922e-01
 56   76 9.96147e-02
 56   78 9.67944e-02
 56   80 9.02027e-02
 56   82 7.77363e-02
 56   84 8.75143e-02
 56   86 7.16469e-02
 56   88 8.23167e-02
 56   90 7.59178e-02
 57    1 2.05338e-02
 57    3 4.04210e-02
 57    5 6.61478e-02
 57    7 7.93409e-02
 57    9 9.37366e-02
 57   11 8.96698e-02
 57   13 8.87934e-02
 57   15 8.23315e-02
 57   17 7.99667e-02
 57   19 7.78623e-02
 57   21 7.72570e-02
 57   23 7.38499e-02
 57   25 7.42250e-02
 57   27 7.57150e-02
 57   29 7.96399e-02
 57   31 8.18424e-02
 57   33 8.59674e-02
 57   35 9.48384e-02
 57   37 9.73819e-02
 57   39 1.14811e-01
 57   41 1.19571e-01
 57   43 1.26312e-01
 57   45 1.42241e-01
 57   47 2.08699e-01
 57   49 2.04935e-01
 57   51 2.07871e-01
 57   53 5.78109e-01
 57   55 1.74963e+00
 57   57 2.07056e+01
 57   59 1.73410e+00
 57   61 5.66907e-01
 57   63 2.01836e-01
 57   65 1.87978e-01
 57   67 1.98543e-01
 57   69 1.35572e-01
 57   71 1.20455e-01
 57   73 1.25646e-01
 57   75 1.18239e-01
 57   77 9.00359e-02
 57   79 8.47291e-02
 57   81 7.92875e-02
 57   83 9.22966e-02
 57   85 8.19834e-02
 57   87 7.96207e-02
 57   89 8.95140e-02
 58    0 5.25412e-03
 58    2 2.52765e-02
 58    4 4.71714e-02
 58    6 6.73606e-02
 58    8 8.86652e-02
 58   10 9.46418e-02
 58   12 8.22759e-02
 58   14 8.25727e-02
 58   16 7.80493e-02
 58   18 7.69549e-02
 58   20 7.02339e-02
 58   22 6.53477e-02
 58   24 7.94048e-02
 58   26 6.75031e-02
 58   28 6.97158e-02
 58   30 7.73652e-02
 58   32 8.47945e-02
 58   34 8.39591e-02
 58   36 9.14343e-02
 58   38 9.69604e-02
 58   40 1.14783e-01
 58   42 1.18194e-01
 58   44 1.18562e-01
 58   46 1.51059e-01
 58   48 2.02765e-01
 58   50 2.02360e-01
 58   52 2.05356e-01
 58   54 5.67536e-01
 58   56 1.71418e+00
 58   58 2.03749e+01
 58   60 1.68894e+00
 58   62 5.53835e-01
 58   64 1.95682e-01
 58   66 1.88709e-01
 58   68 1.98923e-01
 58   70 1.32979e-01
 58   72 1.17509e-01
 58   74 1.21955e-01
 58   76 1.09359e-01
 58   78 9.80508e-02
 58   80 8.66601e-02
 58   82 7.83933e-02
 58   84 7.93270e-02
 58   86 7.90565e-02
 58   88 7.51226e-02
 58   90 9.16043e-02
 59    1 1.47242e-02
 59    3 3.29059e-02
 59    5 5.00206e-02
 59    7 6.94864e-02
 59    9 8.75227e-02
 59   11 9.14480e-02
 59   13 8.44731e-02
 59   15 7.50482e-02
 59   17 7.72812e-02
 59   19 7.61443e-02
 59   21 6.81264e-02
 59   23 8.55134e-02
 59   25 8.07850e-02
 59   27 7.80379e-02
 59   29 7.82378e-02
 59   31 8.82456e-02
 59   33 8.22489e-02
 59   35 8.63822e-02
 59   37 9.06035e-02
 59   39 9.27835e-02
 59   41 1.00243e-01
 59   43 1.19811e-01
 59   45 1.20552e-01
 59   47 1.42590e-01
 59   49 2.04960e-01
 59   51 1.92716e-01
 59   53 1.98871e-01
 59   55 5.54985e-01
 59   57 1.68172e+00
 59   59 2.00308e+01
 59   61 1.65087e+00
 59   63 5.47246e-01
 59   65 1.97403e-01
 59   67 1.73209e-01
 59   69 1.94882e-01
 59   71 1.45131e-01
 59   73 1.18718e-01
 59   75 1.27929e-01
 59   77 1.08902e-01
 59   79 8.56246e-02
 59   81 8.83456e-02
 59   83 7.74117e-02
 59   85 8.33292e-02
 59   87 8.22773e-02
 59   89 8.75350e-02
 60    0 4.44387e-03
 60    2 2.16441e-02
 60    4 4.20088e-02
 60    6 6.01944e-02
 60    8 7.75779e-02
 60   10 8.55308e-02
 60   12 8.10994e-02
 60   14 7.76502e-02
 60   16 7.28437e-02
 60   18 6.74055e-02
 60   20 7.61132e-02
 60   22 7.40756e-02
 60   24 7.63912e-02
 60   26 7.25376e-02
 60   28 6.76334e-02
 60   30 7.66344e-02
 60   32 8.57716e-02
 60   34 8.52374e-02
 60   36 7.58292e-02
 60   38 8.54634e-02
 60   40 8.57429e-02
 60   42 1.00228e-01
 60   44 1.17652e-01
 60   46 1.17962e-01
 60   48 1.42073e-01
 60   50 2.01067e-01
 60   52 1.95192e-01
 60   54 1.97624e-01
 60   56 5.45766e-01
 60   58 1.63898e+00
 60   60 1.97414e+01
 60   62 1.62330e+00
 60   64 5.36434e-01
 60   66 1.94619e-01
 60   68 1.74282e-01
 60   70 1.96032e-01
 60   72 1.45666e-01
 60   74 1.22657e-01
 60   76 1.13250e-01
 60   78 1.03141e-01
 60   80 8.69311e-02
 60   82 8.24205e-02
 60   84 7.31255e-02
 60   86 8.27868e-02
 60   88 9.10629e-02
 60   90 7.71334e-02
 61    1 1.10311e-02
 61    3 2.95023e-02
 61    5 4.84513e-02
 61    7 6.53581e-02
 61    9 7.87072e-02
 61   11 7.71409e-02
 61   13 7.65214e-02
 61   15 7.68014e-02
 61   17 6.92910e-02
 61   19 7.16121e-02
 61   21 7.64738e-02
 61   23 6.42600e-02
 61   25 8.13900e-02
 61   27 7.87321e-02
 61   29 7.73173e-02
 61   31 8.03277e-02
 61   33 7.99286e-02
 61   35 7.10759e-02
 61   37 7.69207e-02
 61   39 7.84923e-02
 61   41 9.35389e-02
 61   43 1.04069e-01
 61   45 1.27743e-01
 61   47 1.24030e-01
 61   49 1.38983e-01
 61   51 1.96884e-01
 61   53 1.86380e-01
 61   55 1.90571e-01
 61   57 5.33856e-01
 61   59 1.60303e+00
 61   61 1.94646e+01
 61   63 1.58995e+00
 61   65 5.21694e-01
 61   67 1.89372e-01
 61   69 1.89471e-01
 61   71 2.14301e-01
 61   73 1.49395e-01
 61   75 1.12364e-01
 61   77 1.09494e-01
 61   79 9.95790e-02
 61   81 8.29790e-02
 61   83 7.68221e-02
 61   85 7.67035e-02
 61   87 8.81577e-02
 61   89 7.83386e-02
 62    0 3.38217e-03
 62    2 1.77614e-02
 62    4 3.36552e-02
 62    6 5.22875e-02
 62    8 7.63104e-02
 62   10 7.70518e-02
 62   12 7.20474e-02
 62   14 7.40313e-02
 62   16 6.83480e-02
 62   18 6.39658e-02
 62   20 7.13189e-02
 62   22 7.01431e-02
 62   24 7.28361e-02
 62   26 8.15833e-02
 62   28 7.36401e-02
 62   30 7.12676e-02
 62   32 7.19819e-02
 62   34 7.89704e-02
 62   36 7.75311e-02
 62   38 7.46782e-02
 62   40 7.59872e-02
 62   42 8.61140e-02
 62   44 1.01594e-01
 62   46 1.23725e-01
 62   48 1.23894e-01
 62   50 1.37469e-01
 62   52 1.97504e-01
 62   54 1.80895e-01
 62   56 1.89158e-01
 62   58 5.22197e-01
 62   60 1.57722e+00
 62   62 1.91789e+01
 62   64 1.56650e+00
 62   66 5.11471e-01
 62   68 1.86492e-01
 62   70 1.73214e-01
 62   72 1.98907e-01
 62   74 1.40985e-01
 62   76 1.21397e-01
 62   78 1.08835e-01
 62   80 8.78904e-02
 62   82 8.35705e-02
 62   84 8.68737e-02
 62   86 7.42526e-02
 62   88 8.39105e-02
 62   90 8.94000e-02
 63    1 9.83775e-03
 63    3 2.47010e-02
 63    5 3.92381e-02
 63    7 5.89806e-02
 63    9 7.50607e-02
 63   11 7.09082e-02
 63   13 6.74185e-02
 63   15 7.05276e-02
 63   17 6.59740e-02
 63   19 6.80704e-02
 63   21 7.10526e-02
 63   23 7.52934e-02
 63   25 6.92660e-02
 63   27 7.33870e-02
 63   29 7.12236e-02
 63   31 6.22523e-02
 63   33 6.93297e-02
 63   35 8.34252e-02
 63   37 7.82174e-02
 63   39 7.86122e-02
 63   41 8.15335e-02
 63   43 9.11937e-02
 63   45 1.17871e-01
 63   47 1.23814e-01
 63   49 1.16724e-01
 63   51 1.38435e-01
 63   53 1.94730e-01
 63   55 1.79022e-01
 63   57 1.84782e-01
 63   59 5.16609e-01
 63   61 1.54572e+00
 63   63 1.89268e+01
 63   65 1.52604e+00
 63   67 5.11360e-01
 63   69 1.97956e-01
 63   71 1.83571e-01
 63   73 1.97148e-01
 63   75 1.39591e-01
 63   77 1.12870e-01
 63   79 1.01560e-01
 63   81 8.48780e-02
 63   83 8.23081e-02
 63   85 8.26957e-02
 63   87 8.90073e-02
 63   89 7.98995e-02
 64    0 3.06252e-03
 64    2 1.73635e-02
 64    4 3.14517e-02
 64    6 4.82530e-02
 64    8 6.48220e-02
 64   10 7.00728e-02
 64   12 6.95754e-02
 64   14 7.03224e-02
 64   16 7.28326e-02
 64   18 6.03442e-02
 64   20 6.93835e-02
 64   22 6.89127e-02
 64   24 6.81423e-02
 64   26 6.82514e-02
 64   28 6.71950e-02
 64   30 7.19350e-02
 64   32 6.22757e-02
 64   34 6.14912e-02
 64   36 7.74940e-02
 64   38 7.31202e-02
 64   40 7.76868e-02
 64   42 8.45709e-02
 64   44 8.83198e-02
 64   46 1.05754e-01
 64   48 1.20408e-01
 64   50 1.15043e-01
 64   52 1.39562e-01
 64   54 1.92950e-01
 64   56 1.71774e-01
 64   58 1.79474e-01
 64   60 5.06999e-01
 64   62 1.52380e+00
 64   64 1.86775e+01
 64   66 1.48719e+00
 64   68 4.95560e-01
 64   70 1.94343e-01
 64   72 1.89811e-01
 64   74 1.95683e-01
 64   76 1.37066e-01
 64   78 1.05376e-01
 64   80 9.97978e-02
 64   82 8.86856e-02
 64   84 7.96282e-02
 64   86 7.87246e-02
 64   88 8.04893e-02
 64   90 7.68266e-02
 65    1 9.28358e-03
 65    3 2.34662e-02
 65    5 4.25462e-02
 65    7 5.72340e-02
 65    9 7.13306e-02
 65   11 6.61637e-02
 65   13 6.45314e-02
 65   15 6.77397e-02
 65   17 8.08170e-02
 65   19 6.88064e-02
 65   21 6.59038e-02
 65   23 6.81649e-02
 65   25 6.54872e-02
 65   27 7.18546e-02
 65   29 8.17995e-02
 65   31 7.04170e-02
 65   33 6.80713e-02
 65   35 7.48658e-02
 65   37 6.88904e-02
 65   39 6.56496e-02
 65   41 8.34024e-02
 65   43 8.82705e-02
 65   45 8.97511e-02
 65   47 9.83904e-02
 65   49 1.18208e-01
 65   51 1.21697e-01
 65   53 1.33932e-01
 65   55 1.83266e-01
 65   57 1.67497e-01
 65   59 1.81373e-01
 65   61 4.93633e-01
 65   63 1.48527e+00
 65   65 1.83986e+01
 65   67 1.46058e+00
 65   69 4.90469e-01
 65   71 2.02887e-01
 65   73 1.64237e-01
 65   75 1.91180e-01
 65   77 1.28191e-01
 65   79 1.04939e-01
 65   81 1.01239e-01
 65   83 9.20262e-02
 65   85 8.08266e-02
 65   87 8.85773e-02
 65   89 8.39339e-02
 66    0 3.23524e-03
 66    2 1.73912e-02
 66    4 3.09400e-02
 66    6 4.43927e-02
 66    8 5.99872e-02
 66   10 6.85061e-02
 66   12 6.61825e-02
 66   14 6.44666e-02
 66   16 6.94256e-02
 66   18 7.56291e-02
 66   20 6.66363e-02
 66   22 7.24065e-02
 66   24 7.04607e-02
 66   26 6.06008e-02
 66   28 8.11637e-02
 66   30 7.02232e-02
 66   32 7.28015e-02
 66   34 7.08923e-02
 66   36 7.03626e-02
 66   38 7.06803e-02
 66   40 6.75689e-02
 66   42 7.32875e-02
 66   44 8.80187e-02
 66   46 8.28507e-02
 66   48 9.64523e-02
 66   50 1.17414e-01
 66   52 1.14376e-01
 66   54 1.25164e-01
 66   56 1.74155e-01
 66   58 1.68546e-01
 66   60 1.79122e-01
 66   62 4.84499e-01
 66   64 1.44824e+00
 66   66 1.81631e+01
 66   68 1.42359e+00
 66   70 4.78021e-01
 66   72 2.03068e-01
 66   74 1.67012e-01
 66   76 1.84351e-01
 66   78 1.29538e-01
 66   80 1.03404e-01
 66   82 8.74642e-02
 66   84 8.73893e-02
 66   86 8.00235e-02
 66   88 9.75880e-02
 66   90 7.19666e-02
 67    1 1.35712e-02
 67    3 2.75863e-02
 67    5 4.21075e-02
 67    7 5.32115e-02
 67    9 6.98036e-02
 67   11 7.43060e-02
 67   13 7.60315e-02
 67   15 7.36192e-02
 67   17 6.62390e-02
 67   19 6.10981e-02
 67   21 6.73001e-02
 67   23 7.12001e-02
 67   25 6.71168e-02
 67   27 7.83708e-02
 67   29 5.82852e-02
 67   31 6.10936e-02
 67   33 5.99514e-02
 67   35 6.07152e-02
 67   37 8.05060e-02
 67   39 7.87209e-02
 67   41 7.32849e-02
 67   43 8.35654e-02
 67   45 8.02909e-02
 67   47 8.64788e-02
 67   49 9.44945e-02
 67   51 1.09185e-01
 67   53 1.06699e-01
 67   55 1.23252e-01
 67   57 1.72370e-01
 67   59 1.55058e-01
 67   61 1.74585e-01
 67   63 4.84920e-01
 67   65 1.42308e+00
 67   67 1.79020e+01
 67   69 1.40442e+00
 67   71 4.76518e-01
 67   73 1.94901e-01
 67   75 1.63836e-01
 67   77 1.73186e-01
 67   79 1.15713e-01
 67   81 1.04202e-01
 67   83 1.05099e-01
 67   85 9.06721e-02
 67   87 1.02227e-01
 67   89 8.80218e-02
 68    0 4.13695e-03
 68    2 1.73518e-02
 68    4 2.94649e-02
 68    6 4.80827e-02
 68    8 5.85217e-02
 68   10 6.49806e-02
 68   12 7.05574e-02
 68   14 7.09181e-02
 68   16 6.68105e-02
 68   18 6.18056e-02
 68   20 6.51270e-02
 68   22 6.71049e-02
 68   24 6.20865e-02
 68   26 6.69159e-02
 68   28 5.91162e-02
 68   30 6.47785e-02
 68   32 5.76604e-02
 68   34 6.61709e-02
 68   36 6.62728e-02
 68   38 7.21822e-02
 68   40 7.36681e-02
 68   42 8.98376e-02
 68   44 7.93730e-02
 68   46 8.32564e-02
 68   48 9.06354e-02
 68   50 8.97679e-02
 68   52 1.13290e-01
 68   54 1.04295e-01
 68   56 1.17384e-01
 68   58 1.73196e-01
 68   60 1.56367e-01
 68   62 1.72211e-01
 68   64 4.70434e-01
 68   66 1.38776e+00
 68   68 1.76750e+01
 68   70 1.37402e+00
 68   72 4.69578e-01
 68   74 1.87201e-01
 68   76 1.56472e-01
 68   78 1.72691e-01
 68   80 1.16085e-01
 68   82 1.12012e-01
 68   84 9.80862e-02
 68   86 8.83067e-02
 68   88 9.42085e-02
 68   90 9.29080e-02
 69    1 1.26582e-02
 69    3 2.55471e-02
 69    5 3.80197e-02
 69    7 5.37105e-02
 69    9 6.19238e-02
 69   11 5.90478e-02
 69   13 7.01034e-02
 69   15 6.99869e-02
 69   17 6.86039e-02
 69   19 7.49593e-02
 69   21 6.90007e-02
 69   23 5.81211e-02
 69   25 6.41157e-02
 69   27 6.68213e-02
 69   29 6.35034e-02
 69   31 7.11444e-02
 69   33 6.80496e-02
 69   35 5.91482e-02
 69   37 6.24849e-02
 69   39 6.59394e-02
 69   41 8.06314e-02
 69   43 6.78571e-02
 69   45 6.90546e-02
 69   47 7.09144e-02
 69   49 7.55623e-02
 69   51 9.76366e-02
 69   53 1.18748e-01
 69   55 9.57760e-02
 69   57 1.14794e-01
 69   59 1.70154e-01
 69   61 1.70365e-01
 69   63 1.83087e-01
 69   65 4.66082e-01
 69   67 1.36975e+00
 69   69 1.74637e+01
 69   71 1.35383e+00
 69   73 4.66244e-01
 69   75 1.87012e-01
 69   77 1.47576e-01
 69   79 1.56295e-01
 69   81 1.38801e-01
 69   83 1.02123e-01
 69   85 9.56854e-02
 69   87 1.07214e-01
 69   89 8.52854e-02
 70    0 2.88186e-03
 70    2 1.65018e-02
 70    4 3.12369e-02
 70    6 4.47793e-02
 70    8 6.52206e-02
 70   10 6.29770e-02
 70   12 5.79275e-02
 70   14 6.46027e-02
 70   16 6.65169e-02
 70   18 6.20647e-02
 70   20 6.93315e-02
 70   22 7.37121e-02
 70   24 5.80830e-02
 70   26 7.10551e-02
 70   28 6.24945e-02
 70   30 6.24625e-02
 70   32 6.88515e-02
 70   34 6.46715e-02
 70   36 6.46264e-02
 70   38 5.81214e-02
 70   40 7.29932e-02
 70   42 7.00383e-02
 70   44 6.82271e-02
 70   46 6.62482e-02
 70   48 6.67220e-02
 70   50 7.89642e-02
 70   52 9.47938e-02
 70   54 1.02241e-01
 70   56 1.03226e-01
 70   58 1.12978e-01
 70   60 1.71625e-01
 70   62 1.56079e-01
 70   64 1.80025e-01
 70   66 4.54710e-01
 70   68 1.34076e+00
 70   70 1.72380e+01
 70   72 1.32596e+00
 70   74 4.51158e-01
 70   76 1.95953e-01
 70   78 1.46009e-01
 70   80 1.51476e-01
 70   82 1.29848e-01
 70   84 1.08702e-01
 70   86 9.22969e-02
 70   88 9.48643e-02
 70   90 8.66278e-02
 71    1 1.03685e-02
 71    3 2.42606e-02
 71    5 3.63013e-02
 71    7 4.86526e-02
 71    9 5.61001e-02
 71   11 5.67317e-02
 71   13 5.89969e-02
 71   15 6.35609e-02
 71   17 5.86383e-02
 71   19 5.20211e-02
 71   21 5.38913e-02
 71   23 6.74637e-02
 71   25 6.70211e-02
 71   27 5.52874e-02
 71   29 5.58874e-02
 71   31 4.86032e-02
 71   33 5.82272e-02
 71   35 5.88563e-02
 71   37 6.58186e-02
 71   39 7.14340e-02
 71   41 6.93336e-02
 71   43 7.24598e-02
 71   45 6.73373e-02
 71   47 7.95726e-02
 71   49 7.85060e-02
 71   51 8.26285e-02
 71   53 9.68503e-02
 71   55 1.08898e-01
 71   57 9.95731e-02
 71   59 1.23708e-01
 71   61 1.88118e-01
 71   63 1.65753e-01
 71   65 1.88223e-01
 71   67 4.53726e-01
 71   69 1.32170e+00
 71   71 1.70601e+01
 71   73 1.29652e+00
 71   75 4.54197e-01
 71   77 1.79877e-01
 71   79 1.33206e-01
 71   81 1.52532e-01
 71   83 1.30727e-01
 71   85 1.10365e-01
 71   87 1.08964e-01
 71   89 8.88112e-02
 72    0 2.51642e-03
 72    2 1.58219e-02
 72    4 3.01858e-02
 72    6 4.24735e-02
 72    8 5.80729e-02
 72   10 5.39211e-02
 72   12 4.84180e-02
 72   14 5.58418e-02
 72   16 5.95852e-02
 72   18 5.58319e-02
 72   20 5.47031e-02
 72   22 5.55444e-02
 72   24 6.38558e-02
 72   26 5.86318e-02
 72   28 5.50245e-02
 72   30 5.32546e-02
 72   32 5.56657e-02
 72   34 5.43009e-02
 72   36 4.98023e-02
 72   38 6.60109e-02
 72   40 7.03972e-02
 72   42 7.15158e-02
 72   44 7.49118e-02
 72   46 6.65656e-02
 72   48 7.53293e-02
 72   50 7.52610e-02
 72   52 7.82850e-02
 72   54 1.05600e-01
 72   56 1.05169e-01
 72   58 9.75118e-02
 72   60 1.24561e-01
 72   62 1.75058e-01
 72   64 1.71733e-01
 72   66 1.88669e-01
 72   68 4.47547e-01
 72   70 1.29510e+00
 72   72 1.68568e+01
 72   74 1.27064e+00
 72   76 4.43570e-01
 72   78 1.77705e-01
 72   80 1.26388e-01
 72   82 1.50820e-01
 72   84 1.23727e-01
 72   86 1.05665e-01
 72   88 1.01830e-01
 72   90 8.44593e-02
 73    1 1.00685e-02
 73    3 2.48470e-02
 73    5 3.92007e-02
 73    7 5.38048e-02
 73    9 6.22985e-02
 73   11 5.55933e-02
 73   13 6.16617e-02
 73   15 7.62897e-02
 73   17 8.03628e-02
 73   19 7.69280e-02
 73   21 6.78874e-02
 73   23 6.06962e-02
 73   25 6.44210e-02
 73   27 5.92648e-02
 73   29 5.90142e-02
 73   31 5.70089e-02
 73   33 5.47279e-02
 73   35 5.84156e-02
 73   37 5.78466e-02
 73   39 6.59859e-02
 73   41 5.68681e-02
 73   43 5.81935e-02
 73   45 5.54978e-02
 73   47 5.92714e-02
 73   49 7.27319e-02
 73   51 7.21879e-02
 73   53 6.92496e-02
 73   55 8.38243e-02
 73   57 1.01493e-01
 73   59 9.88837e-02
 73   61 1.28149e-01
 73   63 1.73948e-01
 73   65 1.48888e-01
 73   67 1.81341e-01
 73   69 4.44786e-01
 73   71 1.26692e+00
 73   73 1.66358e+01
 73   75 1.24142e+00
 73   77 4.25988e-01
 73   79 1.74555e-01
 73   81 1.48076e-01
 73   83 1.57552e-01
 73   85 1.30026e-01
 73   87 1.15757e-01
 73   89 1.00256e-01
 74    0 3.87076e-03
 74    2 1.55520e-02
 74    4 2.95566e-02
 74    6 4.72894e-02
 74    8 5.89859e-02
 74   10 5.62843e-02
 74   12 5.88071e-02
 74   14 5.82266e-02
 74   16 6.60538e-02
 74   18 8.14949e-02
 74   20 7.67570e-02
 74   22 6.46459e-02
 74   24 6.11903e-02
 74   26 5.39232e-02
 74   28 6.39016e-02
 74   30 5.86727e-02
 74   32 5.55242e-02
 74   34 5.68758e-02
 74   36 5.30892e-02
 74   38 6.23031e-02
 74   40 6.44523e-02
 74   42 5.88286e-02
 74   44 5.23627e-02
 74   46 5.61931e-02
 74   48 6.26642e-02
 74   50 6.63491e-02
 74   52 7.25774e-02
 74   54 7.01440e-02
 74   56 8.09189e-02
 74   58 9.89346e-02
 74   60 1.02537e-01
 74   62 1.21302e-01
 74   64 1.73081e-01
 74   66 1.51694e-01
 74   68 1.74423e-01
 74   70 4.30788e-01
 74   72 1.24219e+00
 74   74 1.64488e+01
 74   76 1.21886e+00
 74   78 4.21365e-01
 74   80 1.66963e-01
 74   82 1.36472e-01
 74   84 1.53937e-01
 74   86 1.32942e-01
 74   88 1.22911e-01
 74   90 8.74602e-02
 75    1 8.63475e-03
 75    3 2.24144e-02
 75    5 3.67070e-02
 75    7 4.89775e-02
 75    9 5.46800e-02
 75   11 4.81313e-02
 75   13 4.71388e-02
 75   15 4.76479e-02
 75   17 5.03548e-02
 75   19 5.61388e-02
 75   21 5.62708e-02
 75   23 5.34434e-02
 75   25 5.45300e-02
 75   27 5.68184e-02
 75   29 6.05148e-02
 75   31 6.18947e-02
 75   33 5.17308e-02
 75   35 5.87234e-02
 75   37 6.14024e-02
 75   39 6.07920e-02
 75   41 6.37806e-02
 75   43 5.93320e-02
 75   45 6.45797e-02
 75   47 6.53481e-02
 75   49 7.04111e-02
 75   51 6.75784e-02
 75   53 6.98219e-02
 75   55 7.30043e-02
 75   57 9.34122e-02
 75   59 1.04215e-01
 75   61 9.42670e-02
 75   63 1.20459e-01
 75   65 1.69506e-01
 75   67 1.49090e-01
 75   69 1.74487e-01
 75   71 4.34078e-01
 75   73 1.21416e+00
 75   75 1.62582e+01
 75   77 1.19567e+00
 75   79 4.16241e-01
 75   81 1.98976e-01
 75   83 1.62571e-01
 75   85 1.60227e-01
 75   87 1.52473e-01
 75   89 1.05193e-01
 76    0 3.17046e-03
 76    2 1.45113e-02
 76    4 2.64976e-02
 76    6 3.88281e-02
 76    8 5.25828e-02
 76   10 5.10077e-02
 76   12 4.53824e-02
 76   14 4.59153e-02
 76   16 4.40349e-02
 76   18 4.45945e-02
 76   20 5.40287e-02
 76   22 5.19664e-02
 76   24 5.71083e-02
 76   26 5.33163e-02
 76   28 5.12885e-02
 76   30 6.26210e-02
 76   32 5.60919e-02
 76   34 5.49476e-02
 76   36 5.37745e-02
 76   38 6.35607e-02
 76   40 5.93136e-02
 76   42 5.72095e-02
 76   44 6.07477e-02
 76   46 6.53497e-02
 76   48 6.91305e-02
 76   50 6.62755e-02
 76   52 7.22581e-02
 76   54 6.67377e-02
 76   56 7.66315e-02
 76   58 8.68053e-02
 76   60 9.26331e-02
 76   62 1.02198e-01
 76   64 1.18623e-01
 76   66 1.63836e-01
 76   68 1.42650e-01
 76   70 1.83075e-01
 76   72 4.24294e-01
 76   74 1.19260e+00
 76   76 1.60733e+01
 76   78 1.17171e+00
 76   80 4.15354e-01
 76   82 2.04366e-01
 76   84 1.53699e-01
 76   86 1.51884e-01
 76   88 1.34141e-01
 76   90 1.24395e-01
 77    1 1.06815e-02
 77    3 2.30176e-02
 77    5 3.59384e-02
 77    7 4.86344e-02
 77    9 5.69192e-02
 77   11 6.55959e-02
 77   13 6.69596e-02
 77   15 6.06165e-02
 77   17 6.38978e-02
 77   19 6.43231e-02
 77   21 7.08512e-02
 77   23 7.02017e-02
 77   25 4.99979e-02
 77   27 4.78352e-02
 77   29 5.09018e-02
 77   31 5.49033e-02
 77   33 6.33164e-02
 77   35 5.59261e-02
 77   37 5.10544e-02
 77   39 4.98441e-02
 77   41 6.31471e-02
 77   43 6.39218e-02
 77   45 6.29165e-02
 77   47 5.41664e-02
 77   49 5.67003e-02
 77   51 6.79857e-02
 77   53 8.12571e-02
 77   55 6.76533e-02
 77   57 6.96277e-02
 77   59 8.68403e-02
 77   61 8.99177e-02
 77   63 9.53420e-02
 77   65 1.11256e-01
 77   67 1.54267e-01
 77   69 1.34782e-01
 77   71 1.68276e-01
 77   73 4.07826e-01
 77   75 1.17040e+00
 77   77 1.58568e+01
 77   79 1.13698e+00
 77   81 4.35760e-01
 77   83 2.18370e-01
 77   85 1.48899e-01
 77   87 1.64587e-01
 77   89 1.18537e-01
 78    0 3.68664e-03
 78    2 1.63476e-02
 78    4 3.02478e-02
 78    6 4.02626e-02
 78    8 5.31809e-02
 78   10 5.49572e-02
 78   12 5.62712e-02
 78   14 6.58407e-02
 78   16 6.66785e-02
 78   18 5.52211e-02
 78   20 6.17238e-02
 78   22 6.84285e-02
 78   24 5.62791e-02
 78   26 5.80922e-02
 78   28 4.72848e-02
 78   30 4.58155e-02
 78   32 5.80244e-02
 78   34 4.94029e-02
 78   36 6.12610e-02
 78   38 5.81384e-02
 78   40 4.99191e-02
 78   42 4.97761e-02
 78   44 6.00552e-02
 78   46 5.98976e-02
 78   48 6.57733e-02
 78   50 5.87804e-02
 78   52 6.49353e-02
 78   54 6.93115e-02
 78   56 7.29183e-02
 78   58 7.62154e-02
 78   60 8.26156e-02
 78   62 8.97238e-02
 78   64 8.93068e-02
 78   66 1.12736e-01
 78   68 1.54173e-01
 78   70 1.33585e-01
 78   72 1.66459e-01
 78   74 4.03739e-01
 78   76 1.14742e+00
 78   78 1.56898e+01
 78   80 1.11515e+00
 78   82 4.22366e-01
 78   84 2.19903e-01
 78   86 1.47730e-01
 78   88 1.66652e-01
 78   90 1.11277e-01
 79    1 7.79384e-03
 79    3 2.04189e-02
 79    5 3.39864e-02
 79    7 4.70497e-02
 79    9 5.22224e-02
 79   11 4.16427e-02
 79   13 3.97280e-02
 79   15 4.35732e-02
 79   17 4.14965e-02
 79   19 4.68917e-02
 79   21 5.36436e-02
 79   23 5.63466e-02
 79   25 6.44547e-02
 79   27 6.49471e-02
 79   29 6.32032e-02
 79   31 7.73930e-02
 79   33 8.34147e-02
 79   35 6.44717e-02
 79   37 7.37210e-02
 79   39 6.57756e-02
 79   41 6.25192e-02
 79   43 7.25413e-02
 79   45 7.41749e-02
 79   47 7.16019e-02
 79   49 6.50787e-02
 79   51 6.92500e-02
 79   53 7.46075e-02
 79   55 7.53857e-02
 79   57 6.41913e-02
 79   59 6.68899e-02
 79   61 8.01123e-02
 79   63 8.40438e-02
 79   65 8.92237e-02
 79   67 1.00977e-01
 79   69 1.39841e-01
 79   71 1.22081e-01
 79   73 1.63714e-01
 79   75 3.99158e-01
 79   77 1.11385e+00
 79   79 1.55472e+01
 79   81 1.11158e+00
 79   83 4.20761e-01
 79   85 2.14085e-01
 79   87 1.84128e-01
 79   89 1.41632e-01
 80    0 3.42054e-03
 80    2 1.68826e-02
 80    4 2.78320e-02
 80    6 4.17128e-02
 80    8 5.27909e-02
 80   10 4.56199e-02
 80   12 4.17675e-02
 80   14 3.83266e-02
 80   16 3.65162e-02
 80   18 4.93683e-02
 80   20 4.83314e-02
 80   22 5.28649e-02
 80   24 5.94899e-02
 80   26 6.25034e-02
 80   28 6.26373e-02
 80   30 6.74684e-02
 80   32 7.35718e-02
 80   34 7.64027e-02
 80   36 6.77305e-02
 80   38 6.39136e-02
 80   40 6.19953e-02
 80   42 6.33802e-02
 80   44 6.88837e-02
 80   46 7.50555e-02
 80   48 7.13323e-02
 80   50 5.93013e-02
 80   52 6.53361e-02
 80   54 8.03541e-02
 80   56 6.65970e-02
 80   58 6.60176e-02
 80   60 6.82426e-02
 80   62 7.10114e-02
 80   64 8.28916e-02
 80   66 8.81968e-02
 80   68 1.01569e-01
 80   70 1.35822e-01
 80   72 1.16028e-01
 80   74 1.56787e-01
 80   76 3.98629e-01
 80   78 1.09291e+00
 80   80 1.53897e+01
 80   82 1.08945e+00
 80   84 4.16928e-01
 80   86 2.11494e-01
 80   88 1.78510e-01
 80   90 1.38134e-01
 81    1 6.90649e-03
 81    3 1.59615e-02
 81    5 2.69648e-02
 81    7 3.94611e-02
 81    9 5.04956e-02
 81   11 5.62599e-02
 81   13 5.67470e-02
 81   15 5.21049e-02
 81   17 5.47197e-02
 81   19 6.20448e-02
 81   21 5.32149e-02
 81   23 5.69440e-02
 81   25 5.82375e-02
 81   27 5.06006e-02
 81   29 5.49118e-02
 81   31 5.03857e-02
 81   33 4.47074e-02
 81   35 5.76795e-02
 81   37 5.22122e-02
 81   39 5.13553e-02
 81   41 5.50842e-02
 81   43 4.74690e-02
 81   45 4.96929e-02
 81   47 5.90986e-02
 81   49 6.23032e-02
 81   51 5.76117e-02
 81   53 5.17470e-02
 81   55 6.23018e-02
 81   57 5.88934e-02
 81   59 6.76651e-02
 81   61 6.54511e-02
 81   63 6.88645e-02
 81   65 8.43936e-02
 81   67 8.91526e-02
 81   69 1.21760e-01
 81   71 1.37058e-01
 81   73 1.36163e-01
 81   75 1.87076e-01
 81   77 4.18546e-01
 81   79 1.08983e+00
 81   81 1.52132e+01
 81   83 1.09031e+00
 81   85 4.24826e-01
 81   87 2.56066e-01
 81   89 1.73051e-01
 82    0 1.96795e-03
 82    2 1.16155e-02
 82    4 2.11826e-02
 82    6 3.03770e-02
 82    8 4.34517e-02
 82   10 5.01267e-02
 82   12 5.20573e-02
 82   14 5.64742e-02
 82   16 5.26835e-02
 82   18 5.26891e-02
 82   20 5.44518e-02
 82   22 5.31004e-02
 82   24 5.53832e-02
 82   26 5.38553e-02
 82   28 6.00196e-02
 82   30 4.72345e-02
 82   32 4.96521e-02
 82   34 5.12396e-02
 82   36 4.79214e-02
 82   38 5.74846e-02
 82   40 5.33043e-02
 82   42 4.92415e-02
 82   44 5.37869e-02
 82   46 4.39997e-02
 82   48 6.01083e-02
 82   50 6.64182e-02
 82   52 5.59970e-02
 82   54 5.71389e-02
 82   56 5.62914e-02
 82   58 5.85737e-02
 82   60 6.34598e-02
 82   62 6.62252e-02
 82   64 7.22480e-02
 82   66 7.31692e-02
 82   68 9.61248e-02
 82   70 1.14195e-01
 82   72 1.35800e-01
 82   74 1.25695e-01
 82   76 1.92372e-01
 82   78 4.05996e-01
 82   80 1.06854e+00
 82   82 1.50619e+01
 82   84 1.07215e+00
 82   86 4.16654e-01
 82   88 2.49314e-01
 82   90 1.75853e-01
 83    1 7.69327e-03
 83    3 1.99436e-02
 83    5 2.70683e-02
 83    7 3.63464e-02
 83    9 4.08106e-02
 83   11 3.54709e-02
 83   13 3.65294e-02
 83   15 4.26277e-02
 83   17 3.89085e-02
 83   19 3.55338e-02
 83   21 4.37755e-02
 83   23 4.54697e-02
 83   25 4.95901e-02
 83   27 6.24543e-02
 83   29 6.50292e-02
 83   31 6.03934e-02
 83   33 6.22040e-02
 83   35 6.79555e-02
 83   37 6.21346e-02
 83   39 5.61934e-02
 83   41 6.22212e-02
 83   43 5.96447e-02
 83   45 4.98036e-02
 83   47 6.92036e-02
 83   49 6.75009e-02
 83   51 5.71067e-02
 83   53 5.07563e-02
 83   55 6.57139e-02
 83   57 6.72656e-02
 83   59 5.81744e-02
 83   61 5.94540e-02
 83   63 6.55222e-02
 83   65 7.52694e-02
 83   67 8.82267e-02
 83   69 8.78985e-02
 83   71 1.15253e-01
 83   73 1.42149e-01
 83   75 1.49971e-01
 83   77 2.05795e-01
 83   79 4.04761e-01
 83   81 1.06979e+00
 83   83 1.47739e+01
 83   85 1.05348e+00
 83   87 4.46539e-01
 83   89 2.26609e-01
 84    0 2.35795e-03
 84    2 1.24173e-02
 84    4 2.24827e-02
 84    6 3.17392e-02
 84    8 4.01652e-02
 84   10 3.42845e-02
 84   12 3.12622e-02
 84   14 3.42746e-02
 84   16 3.97386e-02
 84   18 3.94645e-02
 84   20 3.71222e-02
 84   22 4.05078e-02
 84   24 4.47378e-02
 84   26 4.91760e-02
 84   28 6.03698e-02
 84   30 6.84612e-02
 84   32 6.13018e-02
 84   34 6.09087e-02
 84   36 6.61534e-02
 84   38 5.88790e-02
 84   40 5.46554e-02
 84   42 6.65932e-02
 84   44 5.79116e-02
 84   46 5.40527e-02
 84   48 5.73519e-02
 84   50 7.10621e-02
 84   52 5.64775e-02
 84   54 5.45294e-02
 84   56 6.22018e-02
 84   58 5.81769e-02
 84   60 5.52635e-02
 84   62 6.75716e-02
 84   64 6.36715e-02
 84   66 7.17566e-02
 84   68 8.26197e-02
 84   70 9.38324e-02
 84   72 1.09347e-01
 84   74 1.39163e-01
 84   76 1.42008e-01
 84   78 2.07477e-01
 84   80 4.01374e-01
 84   82 1.05235e+00
 84   84 1.46441e+01
 84   86 1.02910e+00
 84   88 4.31423e-01
 84   90 2.30305e-01
 85    1 9.49555e-03
 85    3 2.07525e-02
 85    5 3.67282e-02
 85    7 4.85067e-02
 85    9 5.23484e-02
 85   11 5.19940e-02
 85   13 5.04911e-02
 85   15 4.82407e-02
 85   17 5.04193e-02
 85   19 5.10388e-02
 85   21 5.11150e-02
 85   23 5.08891e-02
 85   25 4.78445e-02
 85   27 5.47420e-02
 85   29 5.59413e-02
 85   31 5.96751e-02
 85   33 5.82048e-02
 85   35 5.40219e-02
 85   37 5.47690e-02
 85   39 6.10660e-02
 85   41 4.53923e-02
 85   43 5.04484e-02
 85   45 6.17274e-02
 85   47 5.35509e-02
 85   49 5.50237e-02
 85   51 6.76174e-02
 85   53 6.12154e-02
 85   55 4.97232e-02
 85   57 5.86673e-02
 85   59 6.14873e-02
 85   61 5.82872e-02
 85   63 6.46386e-02
 85   65 6.49118e-02
 85   67 7.47376e-02
 85   69 8.08657e-02
 85   71 9.55397e-02
 85   73 1.15189e-01
 85   75 1.45132e-01
 85   77 1.37783e-01
 85   79 2.02214e-01
 85   81 4.09280e-01
 85   83 1.03440e+00
 85   85 1.46175e+01
 85   87 1.06991e+00
 85   89 4.21593e-01
 86    0 2.51564e-03
 86    2 1.33296e-02
 86    4 2.49196e-02
 86    6 3.76609e-02
 86    8 5.06447e-02
 86   10 4.65475e-02
 86   12 4.56523e-02
 86   14 4.62661e-02
 86   16 4.81448e-02
 86   18 5.02215e-02
 86   20 4.79094e-02
 86   22 4.55714e-02
 86   24 4.85551e-02
 86   26 4.92447e-02
 86   28 5.36590e-02
 86   30 5.45770e-02
 86   32 5.54729e-02
 86   34 5.99198e-02
 86   36 5.38583e-02
 86   38 5.91177e-02
 86   40 5.98576e-02
 86   42 4.48730e-02
 86   44 5.02056e-02
 86   46 6.14233e-02
 86   48 5.60812e-02
 86   50 5.56077e-02
 86   52 6.96019e-02
 86   54 6.01045e-02
 86   56 5.00195e-02
 86   58 5.69488e-02
 86   60 6.14537e-02
 86   62 5.67289e-02
 86   64 6.18310e-02
 86   66 6.45414e-02
 86   68 7.30612e-02
 86   70 7.82565e-02
 86   72 9.17259e-02
 86   74 1.18049e-01
 86   76 1.37838e-01
 86   78 1.36906e-01
 86   80 1.99988e-01
 86   82 4.01697e-01
 86   84 1.01082e+00
 86   86 1.44828e+01
 86   88 1.05914e+00
 86   90 4.07484e-01
 87    1 7.27807e-03
 87    3 1.70952e-02
 87    5 2.56391e-02
 87    7 3.48729e-02
 87    9 3.51899e-02
 87   11 3.02369e-02
 87   13 3.30733e-02
 87   15 3.53204e-02
 87   17 3.51970e-02
 87   19 3.53301e-02
 87   21 4.01306e-02
 87   23 3.78998e-02
 87   25 4.18268e-02
 87   27 4.31122e-02
 87   29 4.18776e-02
 87   31 4.19165e-02
 87   33 4.74267e-02
 87   35 4.20139e-02
 87   37 4.44560e-02
 87   39 5.04180e-02
 87   41 4.64079e-02
 87   43 4.29748e-02
 87   45 5.32808e-02
 87   47 5.04301e-02
 87   49 5.17351e-02
 87   51 5.70193e-02
 87   53 5.62150e-02
 87   55 5.33622e-02
 87   57 5.59841e-02
 87   59 5.96537e-02
 87   61 6.58244e-02
 87   63 6.83602e-02
 87   65 6.98974e-02
 87   67 8.27941e-02
 87   69 8.90308e-02
 87   71 9.26832e-02
 87   73 1.00762e-01
 87   75 1.35703e-01
 87   77 1.49647e-01
 87   79 1.70889e-01
 87   81 2.42399e-01
 87   83 4.30815e-01
 87   85 1.05128e+00
 87   87 1.48660e+01
 87   89 1.16621e+00
 88    0 2.09381e-03
 88    2 1.15628e-02
 88    4 2.09991e-02
 88    6 2.64453e-02
 88    8 3.69933e-02
 88   10 2.86519e-02
 88   12 2.66941e-02
 88   14 3.30644e-02
 88   16 3.32548e-02
 88   18 3.53268e-02
 88   20 3.89352e-02
 88   22 3.39191e-02
 88   24 3.80926e-02
 88   26 4.25184e-02
 88   28 3.94653e-02
 88   30 4.33012e-02
 88   32 4.29756e-02
 88   34 4.21432e-02
 88   36 4.88109e-02
 88   38 4.32703e-02
 88   40 4.92483e-02
 88   42 5.30041e-02
 88   44 4.08266e-02
 88   46 4.74793e-02
 88   48 5.36392e-02
 88   50 5.16912e-02
 88   52 5.52570e-02
 88   54 5.67633e-02
 88   56 5.64869e-02
 88   58 5.31907e-02
 88   60 6.64426e-02
 88   62 6.30127e-02
 88   64 6.21373e-02
 88   66 7.73635e-02
 88   68 7.66128e-02
 88   70 7.90596e-02
 88   72 8.68872e-02
 88   74 1.07277e-01
 88   76 1.19657e-01
 88   78 1.51804e-01
 88   80 1.65916e-01
 88   82 2.36259e-01
 88   84 4.16523e-01
 88   86 1.04105e+00
 88   88 1.47160e+01
 88   90 1.13359e+00
 89    1 8.65692e-03
 89    3 2.01522e-02
 89    5 3.18723e-02
 89    7 4.62347e-02
 89    9 5.35193e-02
 89   11 4.43091e-02
 89   13 4.35629e-02
 89   15 4.51307e-02
 89   17 4.30688e-02
 89   19 4.69478e-02
 89   21 4.43120e-02
 89   23 4.88801e-02
 89   25 4.84153e-02
 89   27 5.04998e-02
 89   29 5.70983e-02
 89   31 5.17225e-02
 89   33 4.73280e-02
 89   35 5.54619e-02
 89   37 6.29988e-02
 89   39 5.08824e-02
 89   41 5.53076e-02
 89   43 5.63185e-02
 89   45 4.90975e-02
 89   47 6.00633e-02
 89   49 6.12316e-02
 89   51 5.82446e-02
 89   53 5.29243e-02
 89   55 5.66181e-02
 89   57 6.18865e-02
 89   59 6.24029e-02
 89   61 5.75133e-02
 89   63 6.03375e-02
 89   65 6.51241e-02
 89   67 7.00955e-02
 89   69 6.96351e-02
 89   71 7.42769e-02
 89   73 8.58075e-02
 89   75 9.20551e-02
 89   77 1.05972e-01
 89   79 1.29248e-01
 89   81 1.61071e-01
 89   83 2.14968e-01
 89   85 4.07313e-01
 89   87 1.14668e+00
 89   89 1.60393e+01
 90    0 3.33640e-03
 90    2 1.50212e-02
 90    4 2.51754e-02
 90    6 3.99987e-02
 90    8 4.96578e-02
 90   10 4.75162e-02
 90   12 4.73445e-02
 90   14 4.43141e-02
 90   16 4.67875e-02
 90   18 4.53292e-02
 90   20 4.06769e-02
 90   22 4.60241e-02
 90   24 4.29680e-02
 90   26 4.90638e-02
 90   28 5.22880e-02
 90   30 4.97043e-02
 90   32 4.67459e-02
 90   34 4.89696e-02
 90   36 5.70240e-02
 90   38 5.62276e-02
 90   40 5.10425e-02
 90   42 4.70404e-02
 90   44 5.24051e-02
 90   46 5.08906e-02
 90   48 5.28717e-02
 90   50 6.10607e-02
 90   52 5.95551e-02
 90   54 4.99663e-02
 90   56 5.12406e-02
 90   58 6.37957e-02
 90   60 5.53551e-02
 90   62 6.60328e-02
 90   64 5.83360e-02
 90   66 5.61153e-02
 90   68 7.43147e-02
 90   70 7.10100e-02
 90   72 7.08825e-02
 90   74 7.50823e-02
 90   76 1.09142e-01
 90   78 9.96985e-02
 90   80 1.26280e-01
 90   82 1.63909e-01
 90   84 2.18700e-01
 90   86 3.93949e-01
 90   88 1.11498e+00
