# C+CO2(ji) -> C+CO2(jf) molscat cross sections, CS8_JMAX90 approx. (written on 08/06/2020); 
# E=18240.000000 (1/cm) = 2.26147176045 eV
# ji  jf sigma(ji,jf) (1e-16 cm^2)
  0    0 1.65656e+02
  0    2 2.40761e+01
  0    4 7.91625e+00
  0    6 2.82757e+00
  0    8 1.96517e+00
  0   10 1.65628e+00
  0   12 1.05273e+00
  0   14 1.23449e+00
  0   16 1.25008e+00
  0   18 9.70187e-01
  0   20 9.82231e-01
  0   22 9.65936e-01
  0   24 8.71104e-01
  0   26 7.56057e-01
  0   28 7.33544e-01
  0   30 6.56360e-01
  0   32 6.09136e-01
  0   34 5.66797e-01
  0   36 5.66360e-01
  0   38 6.21074e-01
  0   40 6.17224e-01
  0   42 5.54656e-01
  0   44 5.82373e-01
  0   46 5.13050e-01
  0   48 5.55946e-01
  0   50 6.27566e-01
  0   52 6.58818e-01
  0   54 5.13755e-01
  0   56 7.20410e-01
  0   58 7.60985e-01
  0   60 7.09113e-01
  0   62 5.45465e-01
  0   64 5.18797e-01
  0   66 5.07418e-01
  0   68 5.51770e-01
  0   70 3.83843e-01
  0   72 4.34618e-01
  0   74 4.40139e-01
  0   76 3.19565e-01
  0   78 5.53353e-01
  0   80 3.36872e-01
  0   82 6.32724e-01
  0   84 3.99575e-01
  0   86 6.29910e-01
  0   88 2.90060e-01
  0   90 4.51745e-01
  1    1 1.75232e+02
  1    3 1.79013e+01
  1    5 5.69315e+00
  1    7 2.49591e+00
  1    9 1.82061e+00
  1   11 1.45167e+00
  1   13 1.13458e+00
  1   15 1.19913e+00
  1   17 1.09638e+00
  1   19 9.59603e-01
  1   21 9.18466e-01
  1   23 8.98732e-01
  1   25 7.63337e-01
  1   27 7.45747e-01
  1   29 6.99246e-01
  1   31 6.62352e-01
  1   33 6.56955e-01
  1   35 6.27746e-01
  1   37 5.46077e-01
  1   39 6.37322e-01
  1   41 6.48159e-01
  1   43 5.44355e-01
  1   45 5.40224e-01
  1   47 6.06388e-01
  1   49 6.41158e-01
  1   51 6.34416e-01
  1   53 5.56907e-01
  1   55 6.47909e-01
  1   57 7.12957e-01
  1   59 7.41405e-01
  1   61 5.73826e-01
  1   63 5.72483e-01
  1   65 4.57321e-01
  1   67 5.67888e-01
  1   69 4.39385e-01
  1   71 4.10811e-01
  1   73 5.16002e-01
  1   75 3.24853e-01
  1   77 6.43463e-01
  1   79 3.38245e-01
  1   81 6.80976e-01
  1   83 3.84425e-01
  1   85 5.98583e-01
  1   87 3.01048e-01
  1   89 4.85347e-01
  2    0 4.81585e+00
  2    2 1.74813e+02
  2    4 1.52698e+01
  2    6 5.01391e+00
  2    8 2.26796e+00
  2   10 1.62142e+00
  2   12 1.38763e+00
  2   14 1.16563e+00
  2   16 1.15768e+00
  2   18 1.06195e+00
  2   20 9.89860e-01
  2   22 8.91031e-01
  2   24 8.44260e-01
  2   26 7.47957e-01
  2   28 7.21655e-01
  2   30 6.47916e-01
  2   32 6.17208e-01
  2   34 5.97102e-01
  2   36 6.06316e-01
  2   38 6.20114e-01
  2   40 6.25116e-01
  2   42 5.77842e-01
  2   44 5.94017e-01
  2   46 5.86069e-01
  2   48 5.55645e-01
  2   50 6.16496e-01
  2   52 5.95380e-01
  2   54 6.00532e-01
  2   56 6.74714e-01
  2   58 7.18551e-01
  2   60 6.43066e-01
  2   62 5.62748e-01
  2   64 6.07326e-01
  2   66 4.57459e-01
  2   68 5.05345e-01
  2   70 3.85304e-01
  2   72 4.39489e-01
  2   74 4.57385e-01
  2   76 3.44142e-01
  2   78 5.89406e-01
  2   80 3.95101e-01
  2   82 6.22734e-01
  2   84 3.75910e-01
  2   86 5.97740e-01
  2   88 2.65185e-01
  2   90 5.38022e-01
  3    1 7.67365e+00
  3    3 1.74059e+02
  3    5 1.41494e+01
  3    7 4.64215e+00
  3    9 2.09718e+00
  3   11 1.66137e+00
  3   13 1.41598e+00
  3   15 1.09379e+00
  3   17 1.11543e+00
  3   19 1.08161e+00
  3   21 8.97848e-01
  3   23 8.49485e-01
  3   25 8.47256e-01
  3   27 7.35694e-01
  3   29 6.61396e-01
  3   31 6.38888e-01
  3   33 6.60993e-01
  3   35 6.31814e-01
  3   37 6.24553e-01
  3   39 5.89150e-01
  3   41 5.95318e-01
  3   43 5.69900e-01
  3   45 6.04602e-01
  3   47 6.03711e-01
  3   49 5.91604e-01
  3   51 5.97364e-01
  3   53 5.98037e-01
  3   55 6.79324e-01
  3   57 6.32216e-01
  3   59 6.85347e-01
  3   61 6.12927e-01
  3   63 6.44129e-01
  3   65 4.65617e-01
  3   67 5.77957e-01
  3   69 4.29187e-01
  3   71 4.52807e-01
  3   73 4.83786e-01
  3   75 3.85260e-01
  3   77 5.98215e-01
  3   79 3.73002e-01
  3   81 6.57294e-01
  3   83 4.00612e-01
  3   85 5.90667e-01
  3   87 2.80612e-01
  3   89 4.99252e-01
  4    0 8.79960e-01
  4    2 8.48574e+00
  4    4 1.74052e+02
  4    6 1.35409e+01
  4    8 4.31315e+00
  4   10 2.01655e+00
  4   12 1.59815e+00
  4   14 1.32008e+00
  4   16 1.09357e+00
  4   18 1.15247e+00
  4   20 1.01569e+00
  4   22 8.81712e-01
  4   24 8.62515e-01
  4   26 8.00351e-01
  4   28 6.94434e-01
  4   30 6.46673e-01
  4   32 6.30526e-01
  4   34 6.37591e-01
  4   36 6.45525e-01
  4   38 6.12866e-01
  4   40 5.99087e-01
  4   42 6.29986e-01
  4   44 5.86039e-01
  4   46 5.88699e-01
  4   48 5.70633e-01
  4   50 6.09889e-01
  4   52 6.13429e-01
  4   54 6.36635e-01
  4   56 6.39451e-01
  4   58 6.34651e-01
  4   60 6.10598e-01
  4   62 5.85002e-01
  4   64 6.20684e-01
  4   66 4.60420e-01
  4   68 5.28405e-01
  4   70 3.98927e-01
  4   72 4.48424e-01
  4   74 4.48286e-01
  4   76 4.14517e-01
  4   78 5.81184e-01
  4   80 3.70983e-01
  4   82 6.28099e-01
  4   84 3.68756e-01
  4   86 5.90864e-01
  4   88 2.72007e-01
  4   90 5.12762e-01
  5    1 1.55361e+00
  5    3 9.00762e+00
  5    5 1.73899e+02
  5    7 1.31161e+01
  5    9 4.21141e+00
  5   11 2.00459e+00
  5   13 1.53867e+00
  5   15 1.33631e+00
  5   17 1.11328e+00
  5   19 1.07028e+00
  5   21 9.73074e-01
  5   23 8.27383e-01
  5   25 8.18446e-01
  5   27 8.02024e-01
  5   29 6.73375e-01
  5   31 6.62582e-01
  5   33 6.96400e-01
  5   35 6.12032e-01
  5   37 6.59475e-01
  5   39 5.90417e-01
  5   41 6.01858e-01
  5   43 5.82100e-01
  5   45 6.17872e-01
  5   47 5.82879e-01
  5   49 5.60974e-01
  5   51 6.13434e-01
  5   53 6.41344e-01
  5   55 7.16414e-01
  5   57 6.32556e-01
  5   59 6.14641e-01
  5   61 6.00827e-01
  5   63 5.83622e-01
  5   65 5.11141e-01
  5   67 5.35686e-01
  5   69 4.53069e-01
  5   71 4.53041e-01
  5   73 5.13770e-01
  5   75 4.21979e-01
  5   77 5.83122e-01
  5   79 4.62823e-01
  5   81 5.84541e-01
  5   83 3.90963e-01
  5   85 5.73482e-01
  5   87 2.86233e-01
  5   89 5.17725e-01
  6    0 2.17701e-01
  6    2 1.92991e+00
  6    4 9.37891e+00
  6    6 1.73967e+02
  6    8 1.28366e+01
  6   10 4.08888e+00
  6   12 1.93790e+00
  6   14 1.50896e+00
  6   16 1.26404e+00
  6   18 1.06741e+00
  6   20 1.02706e+00
  6   22 9.67872e-01
  6   24 8.32525e-01
  6   26 8.22916e-01
  6   28 7.73416e-01
  6   30 6.69733e-01
  6   32 6.63975e-01
  6   34 6.38684e-01
  6   36 6.55687e-01
  6   38 6.17662e-01
  6   40 5.98959e-01
  6   42 6.18620e-01
  6   44 6.07152e-01
  6   46 5.91794e-01
  6   48 5.79206e-01
  6   50 6.16146e-01
  6   52 6.54747e-01
  6   54 6.35566e-01
  6   56 6.20256e-01
  6   58 6.06190e-01
  6   60 5.95294e-01
  6   62 5.79157e-01
  6   64 5.81628e-01
  6   66 4.97232e-01
  6   68 5.14396e-01
  6   70 4.32534e-01
  6   72 4.57180e-01
  6   74 4.86054e-01
  6   76 4.46665e-01
  6   78 5.69367e-01
  6   80 3.76815e-01
  6   82 6.21589e-01
  6   84 3.72127e-01
  6   86 5.90090e-01
  6   88 2.80113e-01
  6   90 4.93833e-01
  7    1 4.99760e-01
  7    3 2.16838e+00
  7    5 9.62383e+00
  7    7 1.73910e+02
  7    9 1.26567e+01
  7   11 3.98527e+00
  7   13 1.90070e+00
  7   15 1.51728e+00
  7   17 1.27506e+00
  7   19 1.04953e+00
  7   21 9.95433e-01
  7   23 9.25469e-01
  7   25 8.34089e-01
  7   27 7.88041e-01
  7   29 7.44146e-01
  7   31 6.86801e-01
  7   33 6.92247e-01
  7   35 6.43932e-01
  7   37 6.23450e-01
  7   39 6.38030e-01
  7   41 6.13217e-01
  7   43 5.96976e-01
  7   45 6.16850e-01
  7   47 5.84411e-01
  7   49 5.83033e-01
  7   51 6.39429e-01
  7   53 6.52461e-01
  7   55 6.51056e-01
  7   57 6.17623e-01
  7   59 5.93213e-01
  7   61 5.96865e-01
  7   63 5.64486e-01
  7   65 5.70609e-01
  7   67 5.23340e-01
  7   69 5.09494e-01
  7   71 4.31361e-01
  7   73 5.16048e-01
  7   75 4.48098e-01
  7   77 5.62900e-01
  7   79 4.81502e-01
  7   81 5.71447e-01
  7   83 3.88268e-01
  7   85 5.74368e-01
  7   87 2.87131e-01
  7   89 5.29917e-01
  8    0 1.15777e-01
  8    2 6.67990e-01
  8    4 2.28597e+00
  8    6 9.82254e+00
  8    8 1.74063e+02
  8   10 1.24856e+01
  8   12 3.91501e+00
  8   14 1.90024e+00
  8   16 1.46553e+00
  8   18 1.22203e+00
  8   20 1.02807e+00
  8   22 9.71307e-01
  8   24 9.09041e-01
  8   26 8.30128e-01
  8   28 7.84066e-01
  8   30 7.26340e-01
  8   32 6.98881e-01
  8   34 6.78162e-01
  8   36 6.42618e-01
  8   38 6.26496e-01
  8   40 6.12186e-01
  8   42 6.10490e-01
  8   44 6.20632e-01
  8   46 5.94112e-01
  8   48 5.93546e-01
  8   50 6.30447e-01
  8   52 6.17135e-01
  8   54 6.02628e-01
  8   56 6.13293e-01
  8   58 6.15623e-01
  8   60 5.72818e-01
  8   62 5.80729e-01
  8   64 5.70947e-01
  8   66 5.52836e-01
  8   68 5.26081e-01
  8   70 4.91233e-01
  8   72 4.30186e-01
  8   74 5.18276e-01
  8   76 4.40297e-01
  8   78 5.42188e-01
  8   80 4.68790e-01
  8   82 5.60123e-01
  8   84 3.83323e-01
  8   86 5.72727e-01
  8   88 2.84247e-01
  8   90 4.91158e-01
  9    1 2.88007e-01
  9    3 7.73936e-01
  9    5 2.44132e+00
  9    7 9.99941e+00
  9    9 1.51360e+02
  9   11 1.17811e+01
  9   13 3.59833e+00
  9   15 1.68939e+00
  9   17 1.28771e+00
  9   19 1.09738e+00
  9   21 8.96593e-01
  9   23 8.62950e-01
  9   25 8.08821e-01
  9   27 7.26500e-01
  9   29 6.81342e-01
  9   31 6.56420e-01
  9   33 6.35326e-01
  9   35 6.12969e-01
  9   37 5.89138e-01
  9   39 5.80462e-01
  9   41 5.74016e-01
  9   43 5.68504e-01
  9   45 5.51368e-01
  9   47 5.88694e-01
  9   49 5.69624e-01
  9   51 5.66855e-01
  9   53 5.78858e-01
  9   55 5.59796e-01
  9   57 5.90948e-01
  9   59 5.35494e-01
  9   61 5.48543e-01
  9   63 5.39128e-01
  9   65 5.52205e-01
  9   67 4.98594e-01
  9   69 5.15812e-01
  9   71 4.08572e-01
  9   73 4.71680e-01
  9   75 4.01346e-01
  9   77 5.19134e-01
  9   79 3.80227e-01
  9   81 5.25849e-01
  9   83 3.44542e-01
  9   85 5.30139e-01
  9   87 2.73196e-01
  9   89 4.90151e-01
 10    0 7.90565e-02
 10    2 3.86913e-01
 10    4 8.65904e-01
 10    6 2.53490e+00
 10    8 1.01157e+01
 10   10 1.34352e+02
 10   12 1.11295e+01
 10   14 3.40794e+00
 10   16 1.51490e+00
 10   18 1.14844e+00
 10   20 9.89956e-01
 10   22 7.70468e-01
 10   24 7.78886e-01
 10   26 7.18979e-01
 10   28 6.30999e-01
 10   30 6.30949e-01
 10   32 5.95548e-01
 10   34 5.56435e-01
 10   36 5.43896e-01
 10   38 5.14992e-01
 10   40 5.16038e-01
 10   42 5.04260e-01
 10   44 4.95744e-01
 10   46 5.10083e-01
 10   48 5.21297e-01
 10   50 5.30097e-01
 10   52 5.10310e-01
 10   54 4.89280e-01
 10   56 5.06532e-01
 10   58 5.28047e-01
 10   60 4.57189e-01
 10   62 4.97834e-01
 10   64 4.47908e-01
 10   66 4.91498e-01
 10   68 4.35834e-01
 10   70 4.75495e-01
 10   72 3.51737e-01
 10   74 4.06352e-01
 10   76 3.61227e-01
 10   78 4.13575e-01
 10   80 3.48056e-01
 10   82 3.89752e-01
 10   84 3.04529e-01
 10   86 4.39859e-01
 10   88 2.23654e-01
 10   90 3.65158e-01
 11    1 1.89877e-01
 11    3 5.06937e-01
 11    5 9.60815e-01
 11    7 2.60333e+00
 11    9 9.74096e+00
 11   11 1.20833e+02
 11   13 1.03957e+01
 11   15 3.19759e+00
 11   17 1.40594e+00
 11   19 1.05681e+00
 11   21 9.10827e-01
 11   23 7.38268e-01
 11   25 7.18755e-01
 11   27 6.64420e-01
 11   29 5.94426e-01
 11   31 5.47100e-01
 11   33 5.38950e-01
 11   35 4.93586e-01
 11   37 4.95192e-01
 11   39 4.78381e-01
 11   41 4.92346e-01
 11   43 4.71463e-01
 11   45 4.69687e-01
 11   47 4.84969e-01
 11   49 4.97132e-01
 11   51 4.65314e-01
 11   53 4.65749e-01
 11   55 4.36175e-01
 11   57 4.72288e-01
 11   59 4.37440e-01
 11   61 4.59313e-01
 11   63 4.42738e-01
 11   65 4.42246e-01
 11   67 4.25864e-01
 11   69 4.12712e-01
 11   71 3.93547e-01
 11   73 3.48470e-01
 11   75 3.68057e-01
 11   77 3.70192e-01
 11   79 3.13729e-01
 11   81 3.14433e-01
 11   83 2.98808e-01
 11   85 3.43917e-01
 11   87 2.14748e-01
 11   89 3.36572e-01
 12    0 4.22504e-02
 12    2 2.78420e-01
 12    4 5.77015e-01
 12    6 1.01017e+00
 12    8 2.66701e+00
 12   10 9.35798e+00
 12   12 1.09790e+02
 12   14 9.73831e+00
 12   16 3.05146e+00
 12   18 1.29787e+00
 12   20 9.78068e-01
 12   22 8.10254e-01
 12   24 6.58033e-01
 12   26 6.71474e-01
 12   28 6.19372e-01
 12   30 5.39297e-01
 12   32 5.03516e-01
 12   34 4.82276e-01
 12   36 4.63087e-01
 12   38 4.32078e-01
 12   40 4.48995e-01
 12   42 4.38123e-01
 12   44 4.32553e-01
 12   46 4.43286e-01
 12   48 4.56591e-01
 12   50 4.32159e-01
 12   52 4.07673e-01
 12   54 3.98165e-01
 12   56 3.87699e-01
 12   58 4.18414e-01
 12   60 3.83914e-01
 12   62 3.98842e-01
 12   64 3.87718e-01
 12   66 3.74660e-01
 12   68 3.76617e-01
 12   70 3.57559e-01
 12   72 3.62283e-01
 12   74 2.86746e-01
 12   76 3.09885e-01
 12   78 3.14370e-01
 12   80 2.76246e-01
 12   82 2.77422e-01
 12   84 2.71615e-01
 12   86 3.08914e-01
 12   88 1.76900e-01
 12   90 3.02452e-01
 13    1 1.26552e-01
 13    3 3.68445e-01
 13    5 6.28912e-01
 13    7 1.05880e+00
 13    9 2.53716e+00
 13   11 8.86511e+00
 13   13 1.00537e+02
 13   15 9.12220e+00
 13   17 2.88492e+00
 13   19 1.23004e+00
 13   21 9.08338e-01
 13   23 7.89837e-01
 13   25 6.35105e-01
 13   27 6.31567e-01
 13   29 5.75280e-01
 13   31 4.86629e-01
 13   33 4.65284e-01
 13   35 4.48302e-01
 13   37 4.13746e-01
 13   39 4.05094e-01
 13   41 4.20210e-01
 13   43 4.14802e-01
 13   45 4.07773e-01
 13   47 4.08569e-01
 13   49 3.99901e-01
 13   51 4.02863e-01
 13   53 3.69830e-01
 13   55 3.43730e-01
 13   57 3.27287e-01
 13   59 3.46920e-01
 13   61 3.52488e-01
 13   63 3.96486e-01
 13   65 2.99832e-01
 13   67 3.93375e-01
 13   69 2.80654e-01
 13   71 3.88926e-01
 13   73 3.05953e-01
 13   75 3.27988e-01
 13   77 2.75280e-01
 13   79 2.96067e-01
 13   81 2.84245e-01
 13   83 2.64697e-01
 13   85 3.07161e-01
 13   87 1.75076e-01
 13   89 2.82059e-01
 14    0 4.27607e-02
 14    2 2.01852e-01
 14    4 4.11353e-01
 14    6 6.78871e-01
 14    8 1.11724e+00
 14   10 2.47312e+00
 14   12 8.40483e+00
 14   14 9.27097e+01
 14   16 8.54341e+00
 14   18 2.73188e+00
 14   20 1.14526e+00
 14   22 8.67407e-01
 14   24 7.21129e-01
 14   26 5.97665e-01
 14   28 5.86421e-01
 14   30 5.42663e-01
 14   32 4.49102e-01
 14   34 4.44641e-01
 14   36 4.32091e-01
 14   38 3.79729e-01
 14   40 3.76474e-01
 14   42 3.82791e-01
 14   44 3.89272e-01
 14   46 3.74918e-01
 14   48 3.50770e-01
 14   50 3.47109e-01
 14   52 3.25077e-01
 14   54 3.27737e-01
 14   56 3.05088e-01
 14   58 2.75107e-01
 14   60 3.05258e-01
 14   62 2.73401e-01
 14   64 3.65825e-01
 14   66 2.72523e-01
 14   68 3.54357e-01
 14   70 2.50058e-01
 14   72 3.79573e-01
 14   74 2.65450e-01
 14   76 2.81694e-01
 14   78 2.66675e-01
 14   80 2.56982e-01
 14   82 2.77576e-01
 14   84 2.36452e-01
 14   86 2.59354e-01
 14   88 1.61686e-01
 14   90 2.51267e-01
 15    1 1.16639e-01
 15    3 2.48196e-01
 15    5 4.76317e-01
 15    7 7.37075e-01
 15    9 1.03877e+00
 15   11 2.37791e+00
 15   13 7.95505e+00
 15   15 8.60064e+01
 15   17 8.02042e+00
 15   19 2.59098e+00
 15   21 1.10344e+00
 15   23 8.19584e-01
 15   25 6.82383e-01
 15   27 5.69224e-01
 15   29 5.24623e-01
 15   31 4.98296e-01
 15   33 4.38852e-01
 15   35 4.30344e-01
 15   37 3.87699e-01
 15   39 3.63389e-01
 15   41 3.60375e-01
 15   43 3.63920e-01
 15   45 3.60013e-01
 15   47 3.52330e-01
 15   49 3.26536e-01
 15   51 3.11719e-01
 15   53 2.70778e-01
 15   55 2.93189e-01
 15   57 2.44519e-01
 15   59 3.01944e-01
 15   61 2.31415e-01
 15   63 3.31226e-01
 15   65 2.52733e-01
 15   67 3.77748e-01
 15   69 2.30227e-01
 15   71 3.71048e-01
 15   73 2.90361e-01
 15   75 3.09870e-01
 15   77 2.46238e-01
 15   79 2.70076e-01
 15   81 2.81332e-01
 15   83 2.32750e-01
 15   85 2.50588e-01
 15   87 1.40997e-01
 15   89 2.28584e-01
 16    0 3.81030e-02
 16    2 1.76410e-01
 16    4 2.99865e-01
 16    6 5.00420e-01
 16    8 7.58218e-01
 16   10 9.67387e-01
 16   12 2.31748e+00
 16   14 7.51786e+00
 16   16 8.03003e+01
 16   18 7.53005e+00
 16   20 2.46390e+00
 16   22 1.06158e+00
 16   24 7.80438e-01
 16   26 6.36893e-01
 16   28 5.13390e-01
 16   30 4.94316e-01
 16   32 4.79028e-01
 16   34 4.19868e-01
 16   36 3.83142e-01
 16   38 3.65646e-01
 16   40 3.52256e-01
 16   42 3.42222e-01
 16   44 3.42573e-01
 16   46 3.31009e-01
 16   48 3.06824e-01
 16   50 2.96890e-01
 16   52 2.62630e-01
 16   54 2.75858e-01
 16   56 2.56181e-01
 16   58 2.30444e-01
 16   60 2.57964e-01
 16   62 2.20371e-01
 16   64 3.33362e-01
 16   66 2.22950e-01
 16   68 3.35161e-01
 16   70 2.00214e-01
 16   72 3.34062e-01
 16   74 2.56855e-01
 16   76 2.83880e-01
 16   78 2.25871e-01
 16   80 2.24866e-01
 16   82 2.75052e-01
 16   84 2.07535e-01
 16   86 2.26821e-01
 16   88 1.32191e-01
 16   90 2.13604e-01
 17    1 9.45909e-02
 17    3 2.24498e-01
 17    5 3.51967e-01
 17    7 5.49396e-01
 17    9 7.02292e-01
 17   11 9.27364e-01
 17   13 2.23145e+00
 17   15 7.11390e+00
 17   17 7.52667e+01
 17   19 7.11594e+00
 17   21 2.36144e+00
 17   23 9.97254e-01
 17   25 7.48109e-01
 17   27 6.17544e-01
 17   29 4.97646e-01
 17   31 4.75235e-01
 17   33 4.48577e-01
 17   35 3.85112e-01
 17   37 3.60720e-01
 17   39 3.75517e-01
 17   41 3.36360e-01
 17   43 3.21039e-01
 17   45 3.17337e-01
 17   47 2.91822e-01
 17   49 2.93357e-01
 17   51 2.52958e-01
 17   53 2.42359e-01
 17   55 2.50829e-01
 17   57 2.32688e-01
 17   59 2.53520e-01
 17   61 2.12511e-01
 17   63 2.75553e-01
 17   65 2.28998e-01
 17   67 2.86091e-01
 17   69 2.31826e-01
 17   71 2.57855e-01
 17   73 2.49576e-01
 17   75 2.63944e-01
 17   77 2.63342e-01
 17   79 2.44897e-01
 17   81 2.70120e-01
 17   83 2.17735e-01
 17   85 2.09006e-01
 17   87 1.33941e-01
 17   89 2.08500e-01
 18    0 2.64145e-02
 18    2 1.44546e-01
 18    4 2.82276e-01
 18    6 3.77462e-01
 18    8 5.64743e-01
 18   10 6.55073e-01
 18   12 8.80457e-01
 18   14 2.14729e+00
 18   16 6.72612e+00
 18   18 7.09295e+01
 18   20 6.72878e+00
 18   22 2.26627e+00
 18   24 9.48469e-01
 18   26 7.16313e-01
 18   28 5.95908e-01
 18   30 4.51913e-01
 18   32 4.67612e-01
 18   34 4.28667e-01
 18   36 3.64349e-01
 18   38 3.48551e-01
 18   40 3.53625e-01
 18   42 3.12722e-01
 18   44 2.99540e-01
 18   46 2.66381e-01
 18   48 2.81989e-01
 18   50 2.60281e-01
 18   52 2.33960e-01
 18   54 2.44207e-01
 18   56 2.33357e-01
 18   58 2.23644e-01
 18   60 2.31339e-01
 18   62 2.07697e-01
 18   64 2.45178e-01
 18   66 2.02089e-01
 18   68 2.49153e-01
 18   70 2.26474e-01
 18   72 2.38997e-01
 18   74 2.31287e-01
 18   76 2.59710e-01
 18   78 2.47177e-01
 18   80 2.20387e-01
 18   82 2.33023e-01
 18   84 2.03073e-01
 18   86 1.93679e-01
 18   88 1.19443e-01
 18   90 1.72920e-01
 19    1 7.44174e-02
 19    3 1.95676e-01
 19    5 3.04152e-01
 19    7 4.06484e-01
 19    9 5.37964e-01
 19   11 6.26579e-01
 19   13 8.55202e-01
 19   15 2.06572e+00
 19   17 6.39630e+00
 19   19 6.69785e+01
 19   21 6.36847e+00
 19   23 2.16527e+00
 19   25 8.99773e-01
 19   27 6.65776e-01
 19   29 5.87710e-01
 19   31 4.44556e-01
 19   33 4.36458e-01
 19   35 4.01074e-01
 19   37 3.48148e-01
 19   39 3.42544e-01
 19   41 3.49282e-01
 19   43 2.97336e-01
 19   45 2.62768e-01
 19   47 2.42815e-01
 19   49 2.51811e-01
 19   51 2.47967e-01
 19   53 2.58068e-01
 19   55 2.22930e-01
 19   57 2.14201e-01
 19   59 2.11170e-01
 19   61 2.27313e-01
 19   63 2.29275e-01
 19   65 2.20492e-01
 19   67 2.13638e-01
 19   69 2.46261e-01
 19   71 2.05970e-01
 19   73 2.07956e-01
 19   75 2.21126e-01
 19   77 2.39808e-01
 19   79 2.40390e-01
 19   81 2.20753e-01
 19   83 2.04468e-01
 19   85 1.83841e-01
 19   87 1.29151e-01
 19   89 1.81815e-01
 20    0 2.41741e-02
 20    2 1.21793e-01
 20    4 2.24881e-01
 20    6 3.28311e-01
 20    8 4.29475e-01
 20   10 5.10444e-01
 20   12 5.99782e-01
 20   14 8.13735e-01
 20   16 1.98948e+00
 20   18 6.08254e+00
 20   20 6.35528e+01
 20   22 6.03954e+00
 20   24 2.06284e+00
 20   26 8.54021e-01
 20   28 6.54008e-01
 20   30 5.57458e-01
 20   32 4.24245e-01
 20   34 4.26771e-01
 20   36 3.98128e-01
 20   38 3.48911e-01
 20   40 3.30322e-01
 20   42 3.16920e-01
 20   44 2.59118e-01
 20   46 2.43308e-01
 20   48 2.29757e-01
 20   50 2.16671e-01
 20   52 2.30706e-01
 20   54 2.20213e-01
 20   56 1.95077e-01
 20   58 2.00193e-01
 20   60 1.97579e-01
 20   62 1.98773e-01
 20   64 2.04843e-01
 20   66 2.10358e-01
 20   68 2.13683e-01
 20   70 2.36654e-01
 20   72 1.93124e-01
 20   74 2.03621e-01
 20   76 2.03409e-01
 20   78 2.09258e-01
 20   80 2.49569e-01
 20   82 1.92865e-01
 20   84 1.92746e-01
 20   86 1.79146e-01
 20   88 1.22450e-01
 20   90 1.62083e-01
 21    1 6.47159e-02
 21    3 1.47582e-01
 21    5 2.51249e-01
 21    7 3.50290e-01
 21    9 3.99353e-01
 21   11 4.90660e-01
 21   13 5.73802e-01
 21   15 7.99316e-01
 21   17 1.92858e+00
 21   19 5.78629e+00
 21   21 6.04432e+01
 21   23 5.75615e+00
 21   25 1.96914e+00
 21   27 7.96714e-01
 21   29 6.24088e-01
 21   31 5.52517e-01
 21   33 4.05209e-01
 21   35 4.14639e-01
 21   37 3.94464e-01
 21   39 3.22159e-01
 21   41 3.11949e-01
 21   43 2.94710e-01
 21   45 2.53668e-01
 21   47 2.18008e-01
 21   49 2.27044e-01
 21   51 2.06850e-01
 21   53 2.11816e-01
 21   55 1.97649e-01
 21   57 2.14822e-01
 21   59 1.93848e-01
 21   61 2.05995e-01
 21   63 2.08294e-01
 21   65 2.19143e-01
 21   67 1.73432e-01
 21   69 2.04221e-01
 21   71 1.93622e-01
 21   73 1.89911e-01
 21   75 2.00204e-01
 21   77 1.77051e-01
 21   79 2.58317e-01
 21   81 1.76881e-01
 21   83 2.14408e-01
 21   85 1.73130e-01
 21   87 1.48907e-01
 21   89 1.58775e-01
 22    0 2.17001e-02
 22    2 1.00074e-01
 22    4 1.78196e-01
 22    6 2.82413e-01
 22    8 3.70382e-01
 22   10 3.62631e-01
 22   12 4.53548e-01
 22   14 5.62574e-01
 22   16 7.82435e-01
 22   18 1.86998e+00
 22   20 5.51293e+00
 22   22 5.76352e+01
 22   24 5.49334e+00
 22   26 1.85397e+00
 22   28 7.59543e-01
 22   30 6.21755e-01
 22   32 5.21312e-01
 22   34 3.90042e-01
 22   36 4.01845e-01
 22   38 3.74310e-01
 22   40 3.01925e-01
 22   42 2.79892e-01
 22   44 2.62919e-01
 22   46 2.46652e-01
 22   48 2.05358e-01
 22   50 2.04973e-01
 22   52 1.99973e-01
 22   54 2.05198e-01
 22   56 1.98099e-01
 22   58 2.00119e-01
 22   60 1.75811e-01
 22   62 1.97917e-01
 22   64 1.81072e-01
 22   66 2.01598e-01
 22   68 1.66713e-01
 22   70 1.98383e-01
 22   72 1.72939e-01
 22   74 1.85927e-01
 22   76 1.85768e-01
 22   78 1.76079e-01
 22   80 2.38772e-01
 22   82 1.69910e-01
 22   84 1.95166e-01
 22   86 1.56113e-01
 22   88 1.27795e-01
 22   90 1.47248e-01
 23    1 5.80489e-02
 23    3 1.27998e-01
 23    5 1.95831e-01
 23    7 2.98534e-01
 23    9 3.52341e-01
 23   11 3.64565e-01
 23   13 4.57371e-01
 23   15 5.44228e-01
 23   17 7.46591e-01
 23   19 1.80340e+00
 23   21 5.27652e+00
 23   23 5.51542e+01
 23   25 5.21896e+00
 23   27 1.78723e+00
 23   29 7.23163e-01
 23   31 5.88850e-01
 23   33 4.89870e-01
 23   35 3.90236e-01
 23   37 3.96932e-01
 23   39 3.55231e-01
 23   41 2.71175e-01
 23   43 2.71354e-01
 23   45 2.62867e-01
 23   47 2.43938e-01
 23   49 1.99226e-01
 23   51 2.17973e-01
 23   53 1.86153e-01
 23   55 1.78852e-01
 23   57 2.02817e-01
 23   59 1.78018e-01
 23   61 1.88476e-01
 23   63 1.70878e-01
 23   65 1.86545e-01
 23   67 1.58266e-01
 23   69 1.78475e-01
 23   71 1.58584e-01
 23   73 1.81281e-01
 23   75 1.89854e-01
 23   77 1.71449e-01
 23   79 2.40227e-01
 23   81 1.63986e-01
 23   83 2.00009e-01
 23   85 1.53421e-01
 23   87 1.28022e-01
 23   89 1.47806e-01
 24    0 1.80088e-02
 24    2 8.72580e-02
 24    4 1.60412e-01
 24    6 2.23545e-01
 24    8 3.18990e-01
 24   10 3.37353e-01
 24   12 3.38962e-01
 24   14 4.30398e-01
 24   16 5.29337e-01
 24   18 7.20195e-01
 24   20 1.73278e+00
 24   22 5.05518e+00
 24   24 5.28455e+01
 24   26 5.00728e+00
 24   28 1.71882e+00
 24   30 6.86423e-01
 24   32 5.53148e-01
 24   34 4.95759e-01
 24   36 3.68283e-01
 24   38 3.50063e-01
 24   40 3.27054e-01
 24   42 2.68733e-01
 24   44 2.39928e-01
 24   46 2.39038e-01
 24   48 2.17302e-01
 24   50 2.00146e-01
 24   52 1.83289e-01
 24   54 1.94485e-01
 24   56 1.85339e-01
 24   58 1.78688e-01
 24   60 1.67515e-01
 24   62 1.84856e-01
 24   64 1.71582e-01
 24   66 1.67864e-01
 24   68 1.43748e-01
 24   70 1.68353e-01
 24   72 1.51554e-01
 24   74 1.68192e-01
 24   76 1.79137e-01
 24   78 1.59101e-01
 24   80 2.15524e-01
 24   82 1.56862e-01
 24   84 2.07527e-01
 24   86 1.37764e-01
 24   88 1.09908e-01
 24   90 1.58956e-01
 25    1 4.55334e-02
 25    3 1.17900e-01
 25    5 1.78902e-01
 25    7 2.48482e-01
 25    9 3.04986e-01
 25   11 3.27787e-01
 25   13 3.39646e-01
 25   15 4.18471e-01
 25   17 5.17239e-01
 25   19 6.92092e-01
 25   21 1.66703e+00
 25   23 4.81985e+00
 25   25 5.07670e+01
 25   27 4.81606e+00
 25   29 1.63744e+00
 25   31 6.49616e-01
 25   33 5.31118e-01
 25   35 4.71020e-01
 25   37 3.48565e-01
 25   39 3.31467e-01
 25   41 3.20206e-01
 25   43 2.61188e-01
 25   45 2.32447e-01
 25   47 2.39558e-01
 25   49 2.11690e-01
 25   51 1.96310e-01
 25   53 1.74684e-01
 25   55 1.83200e-01
 25   57 1.84269e-01
 25   59 1.62171e-01
 25   61 1.73437e-01
 25   63 1.43903e-01
 25   65 1.76024e-01
 25   67 1.56886e-01
 25   69 1.68344e-01
 25   71 1.41823e-01
 25   73 2.03906e-01
 25   75 1.77784e-01
 25   77 1.44243e-01
 25   79 2.16943e-01
 25   81 1.43323e-01
 25   83 1.93892e-01
 25   85 1.54786e-01
 25   87 1.04949e-01
 25   89 1.44909e-01
 26    0 1.44827e-02
 26    2 7.16287e-02
 26    4 1.37922e-01
 26    6 2.04741e-01
 26    8 2.69911e-01
 26   10 2.88541e-01
 26   12 3.20489e-01
 26   14 3.30519e-01
 26   16 4.00259e-01
 26   18 5.03978e-01
 26   20 6.64705e-01
 26   22 1.58083e+00
 26   24 4.63963e+00
 26   26 4.88855e+01
 26   28 4.61838e+00
 26   30 1.57100e+00
 26   32 6.25349e-01
 26   34 5.10831e-01
 26   36 4.46937e-01
 26   38 3.14999e-01
 26   40 3.28676e-01
 26   42 3.10287e-01
 26   44 2.46998e-01
 26   46 2.13855e-01
 26   48 2.25283e-01
 26   50 1.90196e-01
 26   52 1.86343e-01
 26   54 1.80997e-01
 26   56 1.72910e-01
 26   58 1.63457e-01
 26   60 1.51619e-01
 26   62 1.68540e-01
 26   64 1.46625e-01
 26   66 1.56190e-01
 26   68 1.38359e-01
 26   70 1.57653e-01
 26   72 1.52263e-01
 26   74 1.83925e-01
 26   76 1.67077e-01
 26   78 1.42994e-01
 26   80 1.98480e-01
 26   82 1.45490e-01
 26   84 1.70518e-01
 26   86 1.44832e-01
 26   88 1.09059e-01
 26   90 1.29131e-01
 27    1 4.13440e-02
 27    3 9.51486e-02
 27    5 1.62937e-01
 27    7 2.18192e-01
 27    9 2.54607e-01
 27   11 2.81618e-01
 27   13 3.13912e-01
 27   15 3.24435e-01
 27   17 3.96828e-01
 27   19 4.75956e-01
 27   21 6.26868e-01
 27   23 1.53405e+00
 27   25 4.47609e+00
 27   27 4.71302e+01
 27   29 4.44298e+00
 27   31 1.51419e+00
 27   33 6.08119e-01
 27   35 4.91427e-01
 27   37 4.18874e-01
 27   39 3.03699e-01
 27   41 3.06893e-01
 27   43 2.91728e-01
 27   45 2.56026e-01
 27   47 2.27422e-01
 27   49 2.05588e-01
 27   51 1.88941e-01
 27   53 1.82028e-01
 27   55 1.85019e-01
 27   57 1.65809e-01
 27   59 1.46474e-01
 27   61 1.54587e-01
 27   63 1.41811e-01
 27   65 1.75264e-01
 27   67 1.30265e-01
 27   69 1.82430e-01
 27   71 1.54025e-01
 27   73 1.80096e-01
 27   75 1.58775e-01
 27   77 1.48188e-01
 27   79 1.78273e-01
 27   81 1.29146e-01
 27   83 1.64815e-01
 27   85 1.35117e-01
 27   87 9.33108e-02
 27   89 1.39062e-01
 28    0 1.30967e-02
 28    2 6.44139e-02
 28    4 1.11538e-01
 28    6 1.79350e-01
 28    8 2.37612e-01
 28   10 2.36026e-01
 28   12 2.75534e-01
 28   14 3.02265e-01
 28   16 3.00720e-01
 28   18 3.90776e-01
 28   20 4.74441e-01
 28   22 6.03634e-01
 28   24 1.48440e+00
 28   26 4.30457e+00
 28   28 4.55098e+01
 28   30 4.27959e+00
 28   32 1.45137e+00
 28   34 5.67247e-01
 28   36 4.57300e-01
 28   38 4.12946e-01
 28   40 2.96539e-01
 28   42 2.96333e-01
 28   44 2.77480e-01
 28   46 2.46150e-01
 28   48 2.06715e-01
 28   50 2.04988e-01
 28   52 1.84847e-01
 28   54 1.70192e-01
 28   56 1.66082e-01
 28   58 1.51658e-01
 28   60 1.38341e-01
 28   62 1.38200e-01
 28   64 1.27978e-01
 28   66 1.60703e-01
 28   68 1.20481e-01
 28   70 1.62257e-01
 28   72 1.47693e-01
 28   74 1.80558e-01
 28   76 1.57830e-01
 28   78 1.39600e-01
 28   80 1.74843e-01
 28   82 1.33431e-01
 28   84 1.57032e-01
 28   86 1.33641e-01
 28   88 9.22020e-02
 28   90 1.27012e-01
 29    1 3.62276e-02
 29    3 7.99383e-02
 29    5 1.27843e-01
 29    7 1.92547e-01
 29    9 2.23146e-01
 29   11 2.35453e-01
 29   13 2.67212e-01
 29   15 2.79435e-01
 29   17 2.98843e-01
 29   19 3.92636e-01
 29   21 4.58889e-01
 29   23 5.80072e-01
 29   25 1.42220e+00
 29   27 4.15205e+00
 29   29 4.40751e+01
 29   31 4.14880e+00
 29   33 1.39319e+00
 29   35 5.30774e-01
 29   37 4.38160e-01
 29   39 3.81781e-01
 29   41 2.74404e-01
 29   43 2.91318e-01
 29   45 2.77536e-01
 29   47 2.24702e-01
 29   49 2.22867e-01
 29   51 2.09690e-01
 29   53 1.87176e-01
 29   55 1.67874e-01
 29   57 1.55506e-01
 29   59 1.48797e-01
 29   61 1.43412e-01
 29   63 1.25359e-01
 29   65 1.44844e-01
 29   67 1.42512e-01
 29   69 1.84208e-01
 29   71 1.37878e-01
 29   73 1.53741e-01
 29   75 1.34652e-01
 29   77 1.43101e-01
 29   79 1.67680e-01
 29   81 1.40569e-01
 29   83 1.43906e-01
 29   85 1.25160e-01
 29   87 1.08559e-01
 29   89 1.25555e-01
 30    0 1.09784e-02
 30    2 5.41790e-02
 30    4 9.73059e-02
 30    6 1.45497e-01
 30    8 2.06214e-01
 30   10 2.21100e-01
 30   12 2.24758e-01
 30   14 2.62042e-01
 30   16 2.71257e-01
 30   18 2.77629e-01
 30   20 3.78856e-01
 30   22 4.62917e-01
 30   24 5.55360e-01
 30   26 1.37176e+00
 30   28 4.00926e+00
 30   30 4.26327e+01
 30   32 3.97519e+00
 30   34 1.33177e+00
 30   36 5.01838e-01
 30   38 4.30458e-01
 30   40 3.61047e-01
 30   42 2.67808e-01
 30   44 2.80694e-01
 30   46 2.58279e-01
 30   48 2.25143e-01
 30   50 1.98598e-01
 30   52 1.94427e-01
 30   54 1.87525e-01
 30   56 1.55389e-01
 30   58 1.39988e-01
 30   60 1.30892e-01
 30   62 1.44988e-01
 30   64 1.32158e-01
 30   66 1.55584e-01
 30   68 1.31122e-01
 30   70 1.77469e-01
 30   72 1.34478e-01
 30   74 1.53137e-01
 30   76 1.31941e-01
 30   78 1.29936e-01
 30   80 1.61032e-01
 30   82 1.14856e-01
 30   84 1.40365e-01
 30   86 1.17973e-01
 30   88 9.43610e-02
 30   90 1.31687e-01
 31    1 3.22231e-02
 31    3 7.25081e-02
 31    5 1.18121e-01
 31    7 1.66870e-01
 31    9 2.01871e-01
 31   11 2.03489e-01
 31   13 2.12248e-01
 31   15 2.49223e-01
 31   17 2.67978e-01
 31   19 2.78883e-01
 31   21 3.81483e-01
 31   23 4.43526e-01
 31   25 5.29810e-01
 31   27 1.32873e+00
 31   29 3.89574e+00
 31   31 4.13974e+01
 31   33 3.83706e+00
 31   35 1.27521e+00
 31   37 4.83091e-01
 31   39 4.09242e-01
 31   41 3.50851e-01
 31   43 2.63243e-01
 31   45 2.62625e-01
 31   47 2.56424e-01
 31   49 2.11419e-01
 31   51 2.04503e-01
 31   53 1.89395e-01
 31   55 1.71819e-01
 31   57 1.50882e-01
 31   59 1.50149e-01
 31   61 1.33253e-01
 31   63 1.35209e-01
 31   65 1.54096e-01
 31   67 1.48629e-01
 31   69 1.62422e-01
 31   71 1.33151e-01
 31   73 1.43859e-01
 31   75 1.27791e-01
 31   77 1.19986e-01
 31   79 1.53678e-01
 31   81 1.15406e-01
 31   83 1.38368e-01
 31   85 1.23641e-01
 31   87 1.01910e-01
 31   89 1.22963e-01
 32    0 9.58793e-03
 32    2 4.85687e-02
 32    4 8.92832e-02
 32    6 1.35742e-01
 32    8 1.86721e-01
 32   10 1.96392e-01
 32   12 1.97475e-01
 32   14 2.04079e-01
 32   16 2.47372e-01
 32   18 2.70339e-01
 32   20 2.71326e-01
 32   22 3.65253e-01
 32   24 4.21150e-01
 32   26 5.13851e-01
 32   28 1.27954e+00
 32   30 3.74085e+00
 32   32 4.01276e+01
 32   34 3.70278e+00
 32   36 1.22483e+00
 32   38 4.63541e-01
 32   40 4.07913e-01
 32   42 3.43613e-01
 32   44 2.43629e-01
 32   46 2.53743e-01
 32   48 2.45687e-01
 32   50 2.03136e-01
 32   52 1.88700e-01
 32   54 1.80369e-01
 32   56 1.64760e-01
 32   58 1.39246e-01
 32   60 1.45691e-01
 32   62 1.43708e-01
 32   64 1.32594e-01
 32   66 1.50810e-01
 32   68 1.49912e-01
 32   70 1.60606e-01
 32   72 1.22001e-01
 32   74 1.46223e-01
 32   76 1.22600e-01
 32   78 1.13611e-01
 32   80 1.45802e-01
 32   82 1.10518e-01
 32   84 1.35964e-01
 32   86 1.13128e-01
 32   88 9.52303e-02
 32   90 1.05268e-01
 33    1 3.01380e-02
 33    3 7.07392e-02
 33    5 1.17071e-01
 33    7 1.58602e-01
 33    9 1.84243e-01
 33   11 1.89027e-01
 33   13 1.91366e-01
 33   15 2.06976e-01
 33   17 2.38523e-01
 33   19 2.58190e-01
 33   21 2.63822e-01
 33   23 3.47934e-01
 33   25 4.08466e-01
 33   27 5.03207e-01
 33   29 1.23362e+00
 33   31 3.61827e+00
 33   33 3.89962e+01
 33   35 3.58957e+00
 33   37 1.19739e+00
 33   39 4.52071e-01
 33   41 3.91809e-01
 33   43 3.35012e-01
 33   45 2.39223e-01
 33   47 2.47192e-01
 33   49 2.46033e-01
 33   51 1.91231e-01
 33   53 1.92969e-01
 33   55 1.79326e-01
 33   57 1.56478e-01
 33   59 1.39075e-01
 33   61 1.28360e-01
 33   63 1.65761e-01
 33   65 1.65105e-01
 33   67 1.39019e-01
 33   69 1.28234e-01
 33   71 1.27216e-01
 33   73 1.37563e-01
 33   75 1.26934e-01
 33   77 1.33597e-01
 33   79 1.30770e-01
 33   81 1.02069e-01
 33   83 1.26087e-01
 33   85 9.70594e-02
 33   87 9.81067e-02
 33   89 1.05488e-01
 34    0 8.42903e-03
 34    2 4.43928e-02
 34    4 8.53000e-02
 34    6 1.23364e-01
 34    8 1.71184e-01
 34   10 1.73365e-01
 34   12 1.78704e-01
 34   14 1.90898e-01
 34   16 2.04853e-01
 34   18 2.34144e-01
 34   20 2.57875e-01
 34   22 2.58195e-01
 34   24 3.56620e-01
 34   26 3.96581e-01
 34   28 4.72484e-01
 34   30 1.18408e+00
 34   32 3.49839e+00
 34   34 3.78843e+01
 34   36 3.46773e+00
 34   38 1.15993e+00
 34   40 4.28693e-01
 34   42 3.70098e-01
 34   44 3.22044e-01
 34   46 2.31986e-01
 34   48 2.38101e-01
 34   50 2.31037e-01
 34   52 2.00805e-01
 34   54 1.85675e-01
 34   56 1.75345e-01
 34   58 1.42430e-01
 34   60 1.36399e-01
 34   62 1.39534e-01
 34   64 1.48054e-01
 34   66 1.57986e-01
 34   68 1.28688e-01
 34   70 1.33725e-01
 34   72 1.26458e-01
 34   74 1.37972e-01
 34   76 1.13406e-01
 34   78 1.14195e-01
 34   80 1.18378e-01
 34   82 1.07210e-01
 34   84 1.22836e-01
 34   86 9.73706e-02
 34   88 8.50900e-02
 34   90 1.06676e-01
 35    1 2.72581e-02
 35    3 6.40007e-02
 35    5 9.73860e-02
 35    7 1.39643e-01
 35    9 1.68254e-01
 35   11 1.63859e-01
 35   13 1.74522e-01
 35   15 1.92110e-01
 35   17 1.93826e-01
 35   19 2.24571e-01
 35   21 2.55525e-01
 35   23 2.62346e-01
 35   25 3.42876e-01
 35   27 3.84901e-01
 35   29 4.44847e-01
 35   31 1.13820e+00
 35   33 3.39762e+00
 35   35 3.68707e+01
 35   37 3.39361e+00
 35   39 1.13131e+00
 35   41 4.11457e-01
 35   43 3.66453e-01
 35   45 3.25917e-01
 35   47 2.22417e-01
 35   49 2.28544e-01
 35   51 2.29852e-01
 35   53 1.96245e-01
 35   55 1.75381e-01
 35   57 1.66402e-01
 35   59 1.53252e-01
 35   61 1.39582e-01
 35   63 1.53746e-01
 35   65 1.34430e-01
 35   67 1.26447e-01
 35   69 1.30250e-01
 35   71 1.30560e-01
 35   73 1.49742e-01
 35   75 1.07712e-01
 35   77 1.17277e-01
 35   79 1.26604e-01
 35   81 9.41951e-02
 35   83 9.90861e-02
 35   85 9.76387e-02
 35   87 7.78928e-02
 35   89 9.39268e-02
 36    0 7.98592e-03
 36    2 4.27411e-02
 36    4 8.18846e-02
 36    6 1.20083e-01
 36    8 1.53803e-01
 36   10 1.60674e-01
 36   12 1.62698e-01
 36   14 1.75894e-01
 36   16 1.77244e-01
 36   18 1.88696e-01
 36   20 2.28097e-01
 36   22 2.52218e-01
 36   24 2.51189e-01
 36   26 3.28990e-01
 36   28 3.61158e-01
 36   30 4.23056e-01
 36   32 1.09723e+00
 36   34 3.28796e+00
 36   36 3.59094e+01
 36   38 3.27570e+00
 36   40 1.07382e+00
 36   42 3.99371e-01
 36   44 3.62858e-01
 36   46 3.08255e-01
 36   48 2.15231e-01
 36   50 2.21689e-01
 36   52 2.31987e-01
 36   54 1.84723e-01
 36   56 1.68243e-01
 36   58 1.55272e-01
 36   60 1.45236e-01
 36   62 1.37054e-01
 36   64 1.45802e-01
 36   66 1.28529e-01
 36   68 1.22764e-01
 36   70 1.26518e-01
 36   72 1.21742e-01
 36   74 1.17184e-01
 36   76 1.08669e-01
 36   78 1.23133e-01
 36   80 1.16953e-01
 36   82 1.01396e-01
 36   84 9.25712e-02
 36   86 9.39295e-02
 36   88 8.61567e-02
 36   90 9.72739e-02
 37    1 2.25195e-02
 37    3 6.00839e-02
 37    5 9.96585e-02
 37    7 1.28403e-01
 37    9 1.53580e-01
 37   11 1.56126e-01
 37   13 1.52970e-01
 37   15 1.64370e-01
 37   17 1.72420e-01
 37   19 1.85134e-01
 37   21 2.30868e-01
 37   23 2.53429e-01
 37   25 2.40977e-01
 37   27 3.11578e-01
 37   29 3.48761e-01
 37   31 4.09502e-01
 37   33 1.07637e+00
 37   35 3.22296e+00
 37   37 3.50067e+01
 37   39 3.17710e+00
 37   41 1.04101e+00
 37   43 3.90519e-01
 37   45 3.55558e-01
 37   47 2.99806e-01
 37   49 2.05709e-01
 37   51 2.17924e-01
 37   53 2.16585e-01
 37   55 1.69802e-01
 37   57 1.64830e-01
 37   59 1.91652e-01
 37   61 1.63636e-01
 37   63 1.37765e-01
 37   65 1.19654e-01
 37   67 1.26314e-01
 37   69 1.30569e-01
 37   71 1.21504e-01
 37   73 1.14203e-01
 37   75 9.54916e-02
 37   77 1.00667e-01
 37   79 1.05707e-01
 37   81 1.02999e-01
 37   83 9.09955e-02
 37   85 9.59535e-02
 37   87 8.21560e-02
 37   89 8.95296e-02
 38    0 8.32999e-03
 38    2 4.15802e-02
 38    4 7.39476e-02
 38    6 1.07598e-01
 38    8 1.42626e-01
 38   10 1.44710e-01
 38   12 1.44395e-01
 38   14 1.47034e-01
 38   16 1.60895e-01
 38   18 1.71704e-01
 38   20 1.90143e-01
 38   22 2.23470e-01
 38   24 2.27108e-01
 38   26 2.20554e-01
 38   28 3.10213e-01
 38   30 3.45171e-01
 38   32 3.94984e-01
 38   34 1.04613e+00
 38   36 3.11583e+00
 38   38 3.41403e+01
 38   40 3.08631e+00
 38   42 1.01042e+00
 38   44 3.79300e-01
 38   46 3.39278e-01
 38   48 2.96864e-01
 38   50 1.96529e-01
 38   52 2.06081e-01
 38   54 2.03963e-01
 38   56 1.62426e-01
 38   58 1.61726e-01
 38   60 1.82209e-01
 38   62 1.56254e-01
 38   64 1.23393e-01
 38   66 1.06661e-01
 38   68 1.25190e-01
 38   70 1.33947e-01
 38   72 1.17138e-01
 38   74 1.16033e-01
 38   76 9.60736e-02
 38   78 8.92119e-02
 38   80 1.17839e-01
 38   82 9.09024e-02
 38   84 8.98592e-02
 38   86 8.85934e-02
 38   88 8.71323e-02
 38   90 8.81745e-02
 39    1 2.50366e-02
 39    3 5.39917e-02
 39    5 8.49937e-02
 39    7 1.25177e-01
 39    9 1.44147e-01
 39   11 1.43677e-01
 39   13 1.42672e-01
 39   15 1.46762e-01
 39   17 1.70986e-01
 39   19 1.73520e-01
 39   21 1.79613e-01
 39   23 2.16055e-01
 39   25 2.18295e-01
 39   27 2.15198e-01
 39   29 2.89482e-01
 39   31 3.30460e-01
 39   33 3.87118e-01
 39   35 1.02350e+00
 39   37 3.02651e+00
 39   39 3.33120e+01
 39   41 3.00377e+00
 39   43 9.80457e-01
 39   45 3.62226e-01
 39   47 3.21259e-01
 39   49 2.85420e-01
 39   51 1.94153e-01
 39   53 2.10607e-01
 39   55 2.10339e-01
 39   57 1.78333e-01
 39   59 1.80307e-01
 39   61 1.60434e-01
 39   63 1.37675e-01
 39   65 1.22299e-01
 39   67 1.40326e-01
 39   69 1.18551e-01
 39   71 1.06059e-01
 39   73 1.04013e-01
 39   75 9.31121e-02
 39   77 9.20518e-02
 39   79 1.08417e-01
 39   81 9.20257e-02
 39   83 9.28186e-02
 39   85 8.18801e-02
 39   87 8.51752e-02
 39   89 1.02883e-01
 40    0 7.89711e-03
 40    2 3.99853e-02
 40    4 6.89561e-02
 40    6 9.95350e-02
 40    8 1.32950e-01
 40   10 1.38326e-01
 40   12 1.43138e-01
 40   14 1.39060e-01
 40   16 1.47864e-01
 40   18 1.66181e-01
 40   20 1.71723e-01
 40   22 1.71953e-01
 40   24 2.02409e-01
 40   26 2.19532e-01
 40   28 2.12506e-01
 40   30 2.76180e-01
 40   32 3.31576e-01
 40   34 3.68827e-01
 40   36 9.74369e-01
 40   38 2.94417e+00
 40   40 3.25357e+01
 40   42 2.91288e+00
 40   44 9.56252e-01
 40   46 3.46633e-01
 40   48 3.10850e-01
 40   50 2.77974e-01
 40   52 1.85820e-01
 40   54 1.96840e-01
 40   56 2.10831e-01
 40   58 1.84776e-01
 40   60 1.65978e-01
 40   62 1.43731e-01
 40   64 1.30959e-01
 40   66 1.34255e-01
 40   68 1.28665e-01
 40   70 1.11952e-01
 40   72 1.09643e-01
 40   74 1.10755e-01
 40   76 9.54295e-02
 40   78 8.63255e-02
 40   80 9.74299e-02
 40   82 9.26442e-02
 40   84 9.09471e-02
 40   86 7.19746e-02
 40   88 7.49641e-02
 40   90 9.53393e-02
 41    1 2.43225e-02
 41    3 5.21145e-02
 41    5 8.27619e-02
 41    7 1.14923e-01
 41    9 1.36164e-01
 41   11 1.41252e-01
 41   13 1.41370e-01
 41   15 1.39029e-01
 41   17 1.46299e-01
 41   19 1.69013e-01
 41   21 1.66135e-01
 41   23 1.57548e-01
 41   25 2.01438e-01
 41   27 2.07726e-01
 41   29 1.98750e-01
 41   31 2.70627e-01
 41   33 3.20495e-01
 41   35 3.55581e-01
 41   37 9.47272e-01
 41   39 2.86930e+00
 41   41 3.18082e+01
 41   43 2.84109e+00
 41   45 9.18745e-01
 41   47 3.31103e-01
 41   49 3.06040e-01
 41   51 2.92373e-01
 41   53 1.98647e-01
 41   55 2.11500e-01
 41   57 2.11501e-01
 41   59 1.69187e-01
 41   61 1.43191e-01
 41   63 1.41622e-01
 41   65 1.31967e-01
 41   67 1.15268e-01
 41   69 1.09804e-01
 41   71 1.05305e-01
 41   73 9.27351e-02
 41   75 1.01432e-01
 41   77 9.24612e-02
 41   79 9.29210e-02
 41   81 8.66367e-02
 41   83 9.51851e-02
 41   85 8.47882e-02
 41   87 8.38987e-02
 41   89 9.09718e-02
 42    0 6.78761e-03
 42    2 3.53522e-02
 42    4 6.93554e-02
 42    6 9.83264e-02
 42    8 1.26809e-01
 42   10 1.29284e-01
 42   12 1.33591e-01
 42   14 1.35238e-01
 42   16 1.37398e-01
 42   18 1.40561e-01
 42   20 1.57582e-01
 42   22 1.52465e-01
 42   24 1.59074e-01
 42   26 1.98226e-01
 42   28 2.03113e-01
 42   30 1.95938e-01
 42   32 2.67149e-01
 42   34 3.04551e-01
 42   36 3.46607e-01
 42   38 9.21921e-01
 42   40 2.78606e+00
 42   42 3.10861e+01
 42   44 2.75141e+00
 42   46 8.83442e-01
 42   48 3.21406e-01
 42   50 2.94025e-01
 42   52 2.71659e-01
 42   54 1.97227e-01
 42   56 2.06390e-01
 42   58 2.10978e-01
 42   60 1.72021e-01
 42   62 1.46821e-01
 42   64 1.44392e-01
 42   66 1.24653e-01
 42   68 1.18536e-01
 42   70 1.01016e-01
 42   72 9.94893e-02
 42   74 9.53645e-02
 42   76 9.38667e-02
 42   78 9.40623e-02
 42   80 9.82647e-02
 42   82 8.49790e-02
 42   84 8.65122e-02
 42   86 8.40716e-02
 42   88 7.62642e-02
 42   90 8.80882e-02
 43    1 1.95618e-02
 43    3 4.77761e-02
 43    5 7.66542e-02
 43    7 1.07140e-01
 43    9 1.29144e-01
 43   11 1.29531e-01
 43   13 1.33639e-01
 43   15 1.34449e-01
 43   17 1.33720e-01
 43   19 1.37782e-01
 43   21 1.50305e-01
 43   23 1.50973e-01
 43   25 1.57350e-01
 43   27 1.89097e-01
 43   29 2.02062e-01
 43   31 1.94450e-01
 43   33 2.62427e-01
 43   35 3.03273e-01
 43   37 3.40302e-01
 43   39 8.96890e-01
 43   41 2.72074e+00
 43   43 3.03826e+01
 43   45 2.67508e+00
 43   47 8.65367e-01
 43   49 3.21001e-01
 43   51 3.02157e-01
 43   53 2.78812e-01
 43   55 1.92841e-01
 43   57 1.96982e-01
 43   59 1.87292e-01
 43   61 1.52021e-01
 43   63 1.44276e-01
 43   65 1.25230e-01
 43   67 1.25502e-01
 43   69 9.87462e-02
 43   71 1.08211e-01
 43   73 9.71902e-02
 43   75 9.02374e-02
 43   77 1.08621e-01
 43   79 9.66946e-02
 43   81 9.12588e-02
 43   83 7.83983e-02
 43   85 9.87020e-02
 43   87 8.50374e-02
 43   89 8.41122e-02
 44    0 6.83295e-03
 44    2 3.48434e-02
 44    4 6.18572e-02
 44    6 9.25247e-02
 44    8 1.23601e-01
 44   10 1.21860e-01
 44   12 1.26454e-01
 44   14 1.31857e-01
 44   16 1.31868e-01
 44   18 1.29085e-01
 44   20 1.23529e-01
 44   22 1.37314e-01
 44   24 1.36167e-01
 44   26 1.51288e-01
 44   28 1.82349e-01
 44   30 1.96898e-01
 44   32 1.81604e-01
 44   34 2.54080e-01
 44   36 3.01934e-01
 44   38 3.31809e-01
 44   40 8.76907e-01
 44   42 2.63796e+00
 44   44 2.97681e+01
 44   46 2.60583e+00
 44   48 8.45427e-01
 44   50 3.12525e-01
 44   52 3.00794e-01
 44   54 2.62729e-01
 44   56 1.95955e-01
 44   58 1.84662e-01
 44   60 1.81208e-01
 44   62 1.48912e-01
 44   64 1.37834e-01
 44   66 1.27659e-01
 44   68 1.13561e-01
 44   70 1.02168e-01
 44   72 9.86175e-02
 44   74 9.68283e-02
 44   76 1.02830e-01
 44   78 9.28655e-02
 44   80 8.93367e-02
 44   82 8.33545e-02
 44   84 8.47280e-02
 44   86 9.20959e-02
 44   88 8.35268e-02
 44   90 7.93417e-02
 45    1 1.86340e-02
 45    3 4.86503e-02
 45    5 7.80983e-02
 45    7 1.06262e-01
 45    9 1.20223e-01
 45   11 1.23862e-01
 45   13 1.26101e-01
 45   15 1.27665e-01
 45   17 1.26872e-01
 45   19 1.16875e-01
 45   21 1.24179e-01
 45   23 1.40380e-01
 45   25 1.34414e-01
 45   27 1.59293e-01
 45   29 1.84774e-01
 45   31 1.86204e-01
 45   33 1.79869e-01
 45   35 2.58897e-01
 45   37 2.97398e-01
 45   39 3.18050e-01
 45   41 8.44504e-01
 45   43 2.56769e+00
 45   45 2.91584e+01
 45   47 2.55061e+00
 45   49 8.19640e-01
 45   51 3.10244e-01
 45   53 2.88319e-01
 45   55 2.58754e-01
 45   57 1.84744e-01
 45   59 1.76760e-01
 45   61 1.81741e-01
 45   63 1.41541e-01
 45   65 1.37060e-01
 45   67 1.23960e-01
 45   69 1.06418e-01
 45   71 1.04710e-01
 45   73 1.07575e-01
 45   75 8.88288e-02
 45   77 8.94428e-02
 45   79 9.54810e-02
 45   81 8.46042e-02
 45   83 8.90156e-02
 45   85 7.75673e-02
 45   87 8.52264e-02
 45   89 8.39253e-02
 46    0 5.78419e-03
 46    2 3.30329e-02
 46    4 5.97082e-02
 46    6 8.66576e-02
 46    8 1.13692e-01
 46   10 1.20482e-01
 46   12 1.24525e-01
 46   14 1.22029e-01
 46   16 1.22434e-01
 46   18 1.10306e-01
 46   20 1.11456e-01
 46   22 1.23781e-01
 46   24 1.30357e-01
 46   26 1.25866e-01
 46   28 1.55434e-01
 46   30 1.74090e-01
 46   32 1.81747e-01
 46   34 1.75871e-01
 46   36 2.46468e-01
 46   38 2.85193e-01
 46   40 3.05441e-01
 46   42 8.13894e-01
 46   44 2.50393e+00
 46   46 2.85886e+01
 46   48 2.48183e+00
 46   50 8.02000e-01
 46   52 3.02946e-01
 46   54 2.80529e-01
 46   56 2.56173e-01
 46   58 1.71488e-01
 46   60 1.67571e-01
 46   62 1.77052e-01
 46   64 1.38622e-01
 46   66 1.27910e-01
 46   68 1.22892e-01
 46   70 1.06921e-01
 46   72 1.00731e-01
 46   74 8.92861e-02
 46   76 8.34300e-02
 46   78 9.09183e-02
 46   80 1.00503e-01
 46   82 9.11673e-02
 46   84 8.48524e-02
 46   86 7.95040e-02
 46   88 8.52534e-02
 46   90 9.01834e-02
 47    1 2.01193e-02
 47    3 4.67278e-02
 47    5 7.08682e-02
 47    7 9.68386e-02
 47    9 1.23471e-01
 47   11 1.23019e-01
 47   13 1.21533e-01
 47   15 1.20181e-01
 47   17 1.12226e-01
 47   19 1.03886e-01
 47   21 1.02656e-01
 47   23 1.25307e-01
 47   25 1.33248e-01
 47   27 1.36105e-01
 47   29 1.43900e-01
 47   31 1.74881e-01
 47   33 1.78779e-01
 47   35 1.69949e-01
 47   37 2.41211e-01
 47   39 2.71332e-01
 47   41 2.92752e-01
 47   43 7.98978e-01
 47   45 2.45343e+00
 47   47 2.80264e+01
 47   49 2.42514e+00
 47   51 7.81649e-01
 47   53 2.87190e-01
 47   55 2.70785e-01
 47   57 2.49669e-01
 47   59 1.87317e-01
 47   61 1.74171e-01
 47   63 1.73038e-01
 47   65 1.37591e-01
 47   67 1.16958e-01
 47   69 1.13819e-01
 47   71 1.14184e-01
 47   73 9.30158e-02
 47   75 9.68154e-02
 47   77 8.72567e-02
 47   79 9.11195e-02
 47   81 8.48293e-02
 47   83 8.45589e-02
 47   85 8.72564e-02
 47   87 7.51206e-02
 47   89 8.80804e-02
 48    0 6.03507e-03
 48    2 3.01551e-02
 48    4 5.57267e-02
 48    6 8.16649e-02
 48    8 1.09366e-01
 48   10 1.18558e-01
 48   12 1.23499e-01
 48   14 1.09929e-01
 48   16 1.09274e-01
 48   18 1.12433e-01
 48   20 1.01340e-01
 48   22 9.92310e-02
 48   24 1.14103e-01
 48   26 1.27668e-01
 48   28 1.25686e-01
 48   30 1.46120e-01
 48   32 1.69442e-01
 48   34 1.73804e-01
 48   36 1.65700e-01
 48   38 2.40273e-01
 48   40 2.63739e-01
 48   42 2.85109e-01
 48   44 7.82201e-01
 48   46 2.38967e+00
 48   48 2.74888e+01
 48   50 2.35812e+00
 48   52 7.62037e-01
 48   54 2.79048e-01
 48   56 2.56906e-01
 48   58 2.55585e-01
 48   60 1.78257e-01
 48   62 1.67477e-01
 48   64 1.63243e-01
 48   66 1.30749e-01
 48   68 1.23196e-01
 48   70 1.10940e-01
 48   72 1.04372e-01
 48   74 8.97034e-02
 48   76 8.91059e-02
 48   78 8.56842e-02
 48   80 9.29218e-02
 48   82 7.97229e-02
 48   84 8.14336e-02
 48   86 7.98375e-02
 48   88 7.78397e-02
 48   90 8.73686e-02
 49    1 2.05028e-02
 49    3 4.41330e-02
 49    5 6.57359e-02
 49    7 9.31128e-02
 49    9 1.15146e-01
 49   11 1.21539e-01
 49   13 1.14648e-01
 49   15 1.07350e-01
 49   17 1.08732e-01
 49   19 1.03834e-01
 49   21 1.03041e-01
 49   23 9.86349e-02
 49   25 1.13484e-01
 49   27 1.18583e-01
 49   29 1.37558e-01
 49   31 1.38968e-01
 49   33 1.71499e-01
 49   35 1.68309e-01
 49   37 1.59514e-01
 49   39 2.32336e-01
 49   41 2.60796e-01
 49   43 2.85645e-01
 49   45 7.59870e-01
 49   47 2.33735e+00
 49   49 2.69782e+01
 49   51 2.30377e+00
 49   53 7.38772e-01
 49   55 2.75651e-01
 49   57 2.60950e-01
 49   59 2.51753e-01
 49   61 1.89773e-01
 49   63 1.59944e-01
 49   65 1.56934e-01
 49   67 1.31420e-01
 49   69 1.05035e-01
 49   71 1.00708e-01
 49   73 9.49073e-02
 49   75 9.70917e-02
 49   77 8.81010e-02
 49   79 8.75649e-02
 49   81 8.01229e-02
 49   83 7.50523e-02
 49   85 9.09050e-02
 49   87 8.15733e-02
 49   89 8.89284e-02
 50    0 6.57205e-03
 50    2 3.22765e-02
 50    4 5.74578e-02
 50    6 8.38064e-02
 50    8 1.12065e-01
 50   10 1.16304e-01
 50   12 1.12765e-01
 50   14 1.04942e-01
 50   16 1.02004e-01
 50   18 1.00114e-01
 50   20 9.21947e-02
 50   22 9.55484e-02
 50   24 1.01385e-01
 50   26 1.03980e-01
 50   28 1.20236e-01
 50   30 1.24342e-01
 50   32 1.35151e-01
 50   34 1.62694e-01
 50   36 1.64646e-01
 50   38 1.53450e-01
 50   40 2.27520e-01
 50   42 2.51612e-01
 50   44 2.78945e-01
 50   46 7.44958e-01
 50   48 2.27488e+00
 50   50 2.64833e+01
 50   52 2.23938e+00
 50   54 7.25377e-01
 50   56 2.66917e-01
 50   58 2.62481e-01
 50   60 2.42437e-01
 50   62 1.78848e-01
 50   64 1.54063e-01
 50   66 1.59335e-01
 50   68 1.24698e-01
 50   70 1.03951e-01
 50   72 1.00530e-01
 50   74 1.07440e-01
 50   76 9.15169e-02
 50   78 9.43393e-02
 50   80 8.25892e-02
 50   82 7.69768e-02
 50   84 7.02254e-02
 50   86 8.53414e-02
 50   88 7.56502e-02
 50   90 7.91375e-02
 51    1 1.95887e-02
 51    3 4.30283e-02
 51    5 6.94081e-02
 51    7 9.86034e-02
 51    9 1.10641e-01
 51   11 1.09844e-01
 51   13 1.11521e-01
 51   15 9.89506e-02
 51   17 9.05299e-02
 51   19 9.87283e-02
 51   21 9.06440e-02
 51   23 1.04201e-01
 51   25 1.01615e-01
 51   27 1.05229e-01
 51   29 1.24968e-01
 51   31 1.29793e-01
 51   33 1.28709e-01
 51   35 1.63444e-01
 51   37 1.63167e-01
 51   39 1.52602e-01
 51   41 2.40571e-01
 51   43 2.59619e-01
 51   45 2.77717e-01
 51   47 7.27414e-01
 51   49 2.22445e+00
 51   51 2.60123e+01
 51   53 2.19836e+00
 51   55 7.21091e-01
 51   57 2.61756e-01
 51   59 2.40106e-01
 51   61 2.31171e-01
 51   63 1.56289e-01
 51   65 1.50007e-01
 51   67 1.43360e-01
 51   69 1.17756e-01
 51   71 1.05104e-01
 51   73 9.64724e-02
 51   75 9.65221e-02
 51   77 9.64476e-02
 51   79 8.51205e-02
 51   81 7.76328e-02
 51   83 7.53971e-02
 51   85 7.54873e-02
 51   87 8.49092e-02
 51   89 8.14816e-02
 52    0 6.66758e-03
 52    2 3.01239e-02
 52    4 5.58500e-02
 52    6 8.60655e-02
 52    8 1.06014e-01
 52   10 1.08201e-01
 52   12 1.02802e-01
 52   14 9.49798e-02
 52   16 8.72020e-02
 52   18 8.69673e-02
 52   20 9.48690e-02
 52   22 9.00864e-02
 52   24 8.97271e-02
 52   26 9.84511e-02
 52   28 1.04780e-01
 52   30 1.17641e-01
 52   32 1.21329e-01
 52   34 1.36655e-01
 52   36 1.66507e-01
 52   38 1.55503e-01
 52   40 1.46984e-01
 52   42 2.24664e-01
 52   44 2.59457e-01
 52   46 2.71947e-01
 52   48 7.10442e-01
 52   50 2.16415e+00
 52   52 2.55547e+01
 52   54 2.14494e+00
 52   56 7.06120e-01
 52   58 2.57240e-01
 52   60 2.40347e-01
 52   62 2.29966e-01
 52   64 1.56096e-01
 52   66 1.41457e-01
 52   68 1.48760e-01
 52   70 1.08781e-01
 52   72 9.82795e-02
 52   74 9.40181e-02
 52   76 9.15454e-02
 52   78 9.04389e-02
 52   80 8.53825e-02
 52   82 8.21683e-02
 52   84 7.32423e-02
 52   86 7.34326e-02
 52   88 8.55275e-02
 52   90 7.59667e-02
 53    1 1.66319e-02
 53    3 4.16649e-02
 53    5 7.01876e-02
 53    7 9.73153e-02
 53    9 1.09281e-01
 53   11 1.06343e-01
 53   13 9.90209e-02
 53   15 8.31372e-02
 53   17 8.38940e-02
 53   19 9.93825e-02
 53   21 8.97777e-02
 53   23 8.60725e-02
 53   25 8.74574e-02
 53   27 9.80561e-02
 53   29 1.07894e-01
 53   31 1.16265e-01
 53   33 1.25622e-01
 53   35 1.34972e-01
 53   37 1.56849e-01
 53   39 1.60109e-01
 53   41 1.58094e-01
 53   43 2.31709e-01
 53   45 2.49631e-01
 53   47 2.58503e-01
 53   49 6.89955e-01
 53   51 2.12631e+00
 53   53 2.51502e+01
 53   55 2.09042e+00
 53   57 6.81837e-01
 53   59 2.36978e-01
 53   61 2.42183e-01
 53   63 2.12613e-01
 53   65 1.48094e-01
 53   67 1.32471e-01
 53   69 1.34353e-01
 53   71 1.24073e-01
 53   73 9.84273e-02
 53   75 9.96779e-02
 53   77 9.62133e-02
 53   79 7.99803e-02
 53   81 8.44451e-02
 53   83 7.81434e-02
 53   85 7.42515e-02
 53   87 8.08502e-02
 53   89 8.08960e-02
 54    0 5.03314e-03
 54    2 2.94126e-02
 54    4 5.61087e-02
 54    6 8.08717e-02
 54    8 1.00210e-01
 54   10 1.00424e-01
 54   12 9.71929e-02
 54   14 9.26938e-02
 54   16 8.86643e-02
 54   18 8.78726e-02
 54   20 8.76579e-02
 54   22 8.94834e-02
 54   24 9.21625e-02
 54   26 9.25673e-02
 54   28 9.33870e-02
 54   30 1.09836e-01
 54   32 1.12263e-01
 54   34 1.22317e-01
 54   36 1.28343e-01
 54   38 1.48982e-01
 54   40 1.50720e-01
 54   42 1.57890e-01
 54   44 2.19374e-01
 54   46 2.43769e-01
 54   48 2.51833e-01
 54   50 6.78587e-01
 54   52 2.07633e+00
 54   54 2.46998e+01
 54   56 2.03523e+00
 54   58 6.56764e-01
 54   60 2.39037e-01
 54   62 2.25068e-01
 54   64 2.11293e-01
 54   66 1.50079e-01
 54   68 1.33870e-01
 54   70 1.34324e-01
 54   72 1.14394e-01
 54   74 9.47995e-02
 54   76 1.03086e-01
 54   78 9.03672e-02
 54   80 8.20748e-02
 54   82 7.70949e-02
 54   84 7.82642e-02
 54   86 7.12595e-02
 54   88 8.06160e-02
 54   90 8.60208e-02
 55    1 1.87454e-02
 55    3 4.58504e-02
 55    5 7.59552e-02
 55    7 9.40737e-02
 55    9 1.02383e-01
 55   11 9.64806e-02
 55   13 8.91593e-02
 55   15 8.72075e-02
 55   17 8.41148e-02
 55   19 8.31701e-02
 55   21 8.11576e-02
 55   23 8.01146e-02
 55   25 8.88572e-02
 55   27 9.65556e-02
 55   29 9.37468e-02
 55   31 1.02182e-01
 55   33 1.13096e-01
 55   35 1.16857e-01
 55   37 1.19130e-01
 55   39 1.54912e-01
 55   41 1.63068e-01
 55   43 1.55258e-01
 55   45 2.17038e-01
 55   47 2.36126e-01
 55   49 2.49398e-01
 55   51 6.75679e-01
 55   53 2.02515e+00
 55   55 2.42763e+01
 55   57 1.98625e+00
 55   59 6.45846e-01
 55   61 2.38664e-01
 55   63 2.19771e-01
 55   65 2.14068e-01
 55   67 1.48012e-01
 55   69 1.22146e-01
 55   71 1.38373e-01
 55   73 1.22533e-01
 55   75 1.05212e-01
 55   77 9.63114e-02
 55   79 8.38345e-02
 55   81 7.72933e-02
 55   83 7.31728e-02
 55   85 7.46089e-02
 55   87 8.52027e-02
 55   89 7.29711e-02
 56    0 6.84257e-03
 56    2 3.20386e-02
 56    4 5.46390e-02
 56    6 7.65179e-02
 56    8 9.88750e-02
 56   10 1.00796e-01
 56   12 9.17533e-02
 56   14 8.36578e-02
 56   16 7.98298e-02
 56   18 8.14090e-02
 56   20 7.52851e-02
 56   22 8.37545e-02
 56   24 8.51512e-02
 56   26 8.57363e-02
 56   28 8.83542e-02
 56   30 8.82390e-02
 56   32 9.94217e-02
 56   34 1.11991e-01
 56   36 1.13329e-01
 56   38 1.15026e-01
 56   40 1.56512e-01
 56   42 1.60189e-01
 56   44 1.58631e-01
 56   46 2.15819e-01
 56   48 2.24783e-01
 56   50 2.42089e-01
 56   52 6.62698e-01
 56   54 1.97319e+00
 56   56 2.38924e+01
 56   58 1.93917e+00
 56   60 6.33667e-01
 56   62 2.33511e-01
 56   64 2.11211e-01
 56   66 2.07834e-01
 56   68 1.44054e-01
 56   70 1.29995e-01
 56   72 1.37321e-01
 56   74 1.10309e-01
 56   76 1.01961e-01
 56   78 8.96745e-02
 56   80 8.17969e-02
 56   82 8.22561e-02
 56   84 7.00795e-02
 56   86 7.14684e-02
 56   88 8.25784e-02
 56   90 7.35979e-02
 57    1 2.00136e-02
 57    3 4.14009e-02
 57    5 6.50686e-02
 57    7 8.65869e-02
 57    9 1.04863e-01
 57   11 1.01360e-01
 57   13 8.23676e-02
 57   15 7.05663e-02
 57   17 7.57092e-02
 57   19 7.75353e-02
 57   21 8.55839e-02
 57   23 8.81457e-02
 57   25 8.67158e-02
 57   27 8.39550e-02
 57   29 8.42554e-02
 57   31 8.70602e-02
 57   33 9.57492e-02
 57   35 1.07574e-01
 57   37 1.12200e-01
 57   39 1.27431e-01
 57   41 1.58215e-01
 57   43 1.53872e-01
 57   45 1.50348e-01
 57   47 2.11234e-01
 57   49 2.29071e-01
 57   51 2.37972e-01
 57   53 6.40889e-01
 57   55 1.92714e+00
 57   57 2.35047e+01
 57   59 1.90870e+00
 57   61 6.17065e-01
 57   63 2.24077e-01
 57   65 2.06805e-01
 57   67 2.01101e-01
 57   69 1.40567e-01
 57   71 1.27979e-01
 57   73 1.31408e-01
 57   75 1.12879e-01
 57   77 9.87488e-02
 57   79 8.88026e-02
 57   81 8.03826e-02
 57   83 7.03249e-02
 57   85 7.69739e-02
 57   87 8.75175e-02
 57   89 7.38019e-02
 58    0 7.01790e-03
 58    2 3.31286e-02
 58    4 5.26530e-02
 58    6 7.26095e-02
 58    8 9.63664e-02
 58   10 1.02023e-01
 58   12 9.61449e-02
 58   14 7.32446e-02
 58   16 6.97231e-02
 58   18 7.57532e-02
 58   20 7.50144e-02
 58   22 8.21496e-02
 58   24 7.97100e-02
 58   26 7.86935e-02
 58   28 7.83362e-02
 58   30 7.71836e-02
 58   32 8.15837e-02
 58   34 8.83248e-02
 58   36 1.01553e-01
 58   38 1.11201e-01
 58   40 1.33184e-01
 58   42 1.58992e-01
 58   44 1.45145e-01
 58   46 1.40275e-01
 58   48 2.17129e-01
 58   50 2.31147e-01
 58   52 2.34406e-01
 58   54 6.18241e-01
 58   56 1.88282e+00
 58   58 2.31475e+01
 58   60 1.86578e+00
 58   62 6.06831e-01
 58   64 2.18186e-01
 58   66 2.02551e-01
 58   68 2.03570e-01
 58   70 1.36096e-01
 58   72 1.23758e-01
 58   74 1.25806e-01
 58   76 1.12358e-01
 58   78 1.01527e-01
 58   80 8.57856e-02
 58   82 7.05115e-02
 58   84 6.26311e-02
 58   86 7.15961e-02
 58   88 8.76457e-02
 58   90 7.27538e-02
 59    1 2.02215e-02
 59    3 4.36066e-02
 59    5 6.14313e-02
 59    7 8.08046e-02
 59    9 9.23265e-02
 59   11 9.12164e-02
 59   13 8.48308e-02
 59   15 8.46658e-02
 59   17 8.01461e-02
 59   19 7.42690e-02
 59   21 7.50363e-02
 59   23 7.51723e-02
 59   25 7.41511e-02
 59   27 7.20602e-02
 59   29 7.83323e-02
 59   31 8.41787e-02
 59   33 8.26853e-02
 59   35 9.62611e-02
 59   37 1.26755e-01
 59   39 1.25185e-01
 59   41 1.22970e-01
 59   43 1.42151e-01
 59   45 1.39769e-01
 59   47 1.53983e-01
 59   49 2.14725e-01
 59   51 2.12095e-01
 59   53 2.16424e-01
 59   55 6.08842e-01
 59   57 1.85453e+00
 59   59 2.28072e+01
 59   61 1.81856e+00
 59   63 5.85020e-01
 59   65 2.10135e-01
 59   67 1.91122e-01
 59   69 1.96883e-01
 59   71 1.41956e-01
 59   73 1.26510e-01
 59   75 1.30758e-01
 59   77 1.12281e-01
 59   79 8.57499e-02
 59   81 8.35732e-02
 59   83 7.20885e-02
 59   85 7.02156e-02
 59   87 8.43267e-02
 59   89 7.81707e-02
 60    0 6.35828e-03
 60    2 2.88266e-02
 60    4 4.92534e-02
 60    6 6.93281e-02
 60    8 8.71807e-02
 60   10 8.58848e-02
 60   12 8.57723e-02
 60   14 7.90193e-02
 60   16 7.58862e-02
 60   18 7.61879e-02
 60   20 7.19830e-02
 60   22 7.01706e-02
 60   24 7.26547e-02
 60   26 7.09711e-02
 60   28 6.94769e-02
 60   30 7.01683e-02
 60   32 8.29940e-02
 60   34 8.22405e-02
 60   36 9.23560e-02
 60   38 1.21813e-01
 60   40 1.16319e-01
 60   42 1.26041e-01
 60   44 1.38482e-01
 60   46 1.33272e-01
 60   48 1.47238e-01
 60   50 2.07579e-01
 60   52 2.12942e-01
 60   54 2.18780e-01
 60   56 5.98200e-01
 60   58 1.81407e+00
 60   60 2.24503e+01
 60   62 1.78058e+00
 60   64 5.71281e-01
 60   66 2.16872e-01
 60   68 1.96126e-01
 60   70 1.88920e-01
 60   72 1.41136e-01
 60   74 1.27296e-01
 60   76 1.22106e-01
 60   78 1.03936e-01
 60   80 8.39172e-02
 60   82 7.35004e-02
 60   84 7.37920e-02
 60   86 6.70059e-02
 60   88 8.02573e-02
 60   90 7.78385e-02
 61    1 1.52272e-02
 61    3 3.79430e-02
 61    5 5.84251e-02
 61    7 7.91012e-02
 61    9 9.20160e-02
 61   11 9.31847e-02
 61   13 8.38591e-02
 61   15 6.31327e-02
 61   17 6.53633e-02
 61   19 7.77821e-02
 61   21 7.75796e-02
 61   23 7.74341e-02
 61   25 7.71555e-02
 61   27 7.39928e-02
 61   29 7.34541e-02
 61   31 7.26837e-02
 61   33 7.42490e-02
 61   35 8.53015e-02
 61   37 1.05297e-01
 61   39 1.08372e-01
 61   41 1.01258e-01
 61   43 1.12257e-01
 61   45 1.39817e-01
 61   47 1.39300e-01
 61   49 1.57480e-01
 61   51 1.98674e-01
 61   53 2.15191e-01
 61   55 2.18899e-01
 61   57 5.83323e-01
 61   59 1.76933e+00
 61   61 2.21329e+01
 61   63 1.73440e+00
 61   65 5.63454e-01
 61   67 2.04689e-01
 61   69 1.87051e-01
 61   71 1.95201e-01
 61   73 1.40163e-01
 61   75 1.24836e-01
 61   77 1.22229e-01
 61   79 9.38235e-02
 61   81 8.23002e-02
 61   83 7.18777e-02
 61   85 7.50968e-02
 61   87 8.89532e-02
 61   89 8.58145e-02
 62    0 4.76161e-03
 62    2 2.45593e-02
 62    4 4.59410e-02
 62    6 6.56653e-02
 62    8 8.60477e-02
 62   10 9.10473e-02
 62   12 8.67512e-02
 62   14 6.89015e-02
 62   16 6.31134e-02
 62   18 6.65931e-02
 62   20 7.05031e-02
 62   22 7.69050e-02
 62   24 7.80560e-02
 62   26 7.68057e-02
 62   28 6.75707e-02
 62   30 7.56695e-02
 62   32 7.96999e-02
 62   34 8.19061e-02
 62   36 8.48491e-02
 62   38 1.01699e-01
 62   40 9.80640e-02
 62   42 1.04733e-01
 62   44 1.10792e-01
 62   46 1.37089e-01
 62   48 1.34677e-01
 62   50 1.49084e-01
 62   52 1.98357e-01
 62   54 2.00548e-01
 62   56 2.14612e-01
 62   58 5.74411e-01
 62   60 1.73350e+00
 62   62 2.18075e+01
 62   64 1.69707e+00
 62   66 5.51299e-01
 62   68 2.02184e-01
 62   70 1.78120e-01
 62   72 1.89114e-01
 62   74 1.37624e-01
 62   76 1.37419e-01
 62   78 1.14407e-01
 62   80 9.18255e-02
 62   82 8.22680e-02
 62   84 7.10327e-02
 62   86 7.17500e-02
 62   88 8.37396e-02
 62   90 7.61603e-02
 63    1 1.47992e-02
 63    3 3.88447e-02
 63    5 5.52863e-02
 63    7 7.28779e-02
 63    9 8.81010e-02
 63   11 8.75022e-02
 63   13 9.18904e-02
 63   15 8.80283e-02
 63   17 8.25643e-02
 63   19 7.64275e-02
 63   21 7.64195e-02
 63   23 6.83909e-02
 63   25 6.23636e-02
 63   27 6.61247e-02
 63   29 6.25490e-02
 63   31 7.18460e-02
 63   33 9.34064e-02
 63   35 9.15305e-02
 63   37 8.63590e-02
 63   39 9.05968e-02
 63   41 9.75615e-02
 63   43 1.03787e-01
 63   45 1.06078e-01
 63   47 1.34820e-01
 63   49 1.29298e-01
 63   51 1.30849e-01
 63   53 1.84038e-01
 63   55 1.96364e-01
 63   57 2.06353e-01
 63   59 5.54483e-01
 63   61 1.68960e+00
 63   63 2.15095e+01
 63   65 1.66226e+00
 63   67 5.39939e-01
 63   69 2.08748e-01
 63   71 1.89494e-01
 63   73 1.90067e-01
 63   75 1.46029e-01
 63   77 1.22925e-01
 63   79 9.91139e-02
 63   81 9.32632e-02
 63   83 7.77951e-02
 63   85 8.12697e-02
 63   87 8.88932e-02
 63   89 7.40401e-02
 64    0 4.41456e-03
 64    2 2.58360e-02
 64    4 4.75135e-02
 64    6 6.42818e-02
 64    8 8.24641e-02
 64   10 7.98499e-02
 64   12 8.22042e-02
 64   14 8.98680e-02
 64   16 9.30648e-02
 64   18 7.66272e-02
 64   20 7.08229e-02
 64   22 6.85845e-02
 64   24 7.06229e-02
 64   26 6.51332e-02
 64   28 6.09942e-02
 64   30 6.72332e-02
 64   32 7.16806e-02
 64   34 8.47150e-02
 64   36 8.79872e-02
 64   38 7.82850e-02
 64   40 8.70959e-02
 64   42 1.00401e-01
 64   44 9.99630e-02
 64   46 1.04626e-01
 64   48 1.27960e-01
 64   50 1.25183e-01
 64   52 1.31244e-01
 64   54 1.83524e-01
 64   56 1.89220e-01
 64   58 2.01320e-01
 64   60 5.42145e-01
 64   62 1.65426e+00
 64   64 2.11996e+01
 64   66 1.62448e+00
 64   68 5.31716e-01
 64   70 2.01154e-01
 64   72 1.79807e-01
 64   74 1.84599e-01
 64   76 1.41460e-01
 64   78 1.14645e-01
 64   80 9.83857e-02
 64   82 8.84556e-02
 64   84 7.97655e-02
 64   86 8.07838e-02
 64   88 9.12692e-02
 64   90 8.10996e-02
 65    1 1.15308e-02
 65    3 2.73874e-02
 65    5 4.72270e-02
 65    7 7.18530e-02
 65    9 8.80143e-02
 65   11 8.52510e-02
 65   13 6.77771e-02
 65   15 6.55125e-02
 65   17 6.69241e-02
 65   19 7.16882e-02
 65   21 7.84186e-02
 65   23 7.28212e-02
 65   25 7.44042e-02
 65   27 7.97097e-02
 65   29 7.04903e-02
 65   31 7.98645e-02
 65   33 9.07441e-02
 65   35 7.80591e-02
 65   37 7.31581e-02
 65   39 7.84953e-02
 65   41 8.86705e-02
 65   43 8.78661e-02
 65   45 1.00188e-01
 65   47 1.04560e-01
 65   49 1.23739e-01
 65   51 1.22495e-01
 65   53 1.25031e-01
 65   55 1.86556e-01
 65   57 1.85754e-01
 65   59 1.94259e-01
 65   61 5.35375e-01
 65   63 1.62129e+00
 65   65 2.09331e+01
 65   67 1.59992e+00
 65   69 5.34174e-01
 65   71 2.04085e-01
 65   73 1.77593e-01
 65   75 1.91975e-01
 65   77 1.35978e-01
 65   79 1.03511e-01
 65   81 1.01493e-01
 65   83 8.50441e-02
 65   85 8.33824e-02
 65   87 9.55343e-02
 65   89 7.87807e-02
 66    0 4.21380e-03
 66    2 1.89922e-02
 66    4 3.43969e-02
 66    6 5.36315e-02
 66    8 7.79263e-02
 66   10 8.55118e-02
 66   12 7.75236e-02
 66   14 6.53362e-02
 66   16 6.07428e-02
 66   18 6.16401e-02
 66   20 7.09792e-02
 66   22 7.45211e-02
 66   24 6.74297e-02
 66   26 6.77120e-02
 66   28 7.47474e-02
 66   30 7.72457e-02
 66   32 7.95660e-02
 66   34 8.82218e-02
 66   36 7.56968e-02
 66   38 6.60406e-02
 66   40 8.71389e-02
 66   42 8.45899e-02
 66   44 9.03551e-02
 66   46 9.42167e-02
 66   48 1.00022e-01
 66   50 1.26351e-01
 66   52 1.16073e-01
 66   54 1.27217e-01
 66   56 1.81713e-01
 66   58 1.82394e-01
 66   60 2.00857e-01
 66   62 5.24455e-01
 66   64 1.58538e+00
 66   66 2.06412e+01
 66   68 1.56072e+00
 66   70 5.25772e-01
 66   72 2.08215e-01
 66   74 1.72741e-01
 66   76 1.81903e-01
 66   78 1.45577e-01
 66   80 9.97725e-02
 66   82 9.38877e-02
 66   84 8.59933e-02
 66   86 8.26133e-02
 66   88 9.30412e-02
 66   90 7.11082e-02
 67    1 1.39820e-02
 67    3 3.31960e-02
 67    5 4.83312e-02
 67    7 6.43513e-02
 67    9 7.76009e-02
 67   11 8.01630e-02
 67   13 8.68320e-02
 67   15 9.56161e-02
 67   17 8.16438e-02
 67   19 6.78267e-02
 67   21 6.06022e-02
 67   23 6.03295e-02
 67   25 6.47554e-02
 67   27 5.78512e-02
 67   29 6.77245e-02
 67   31 7.52196e-02
 67   33 7.46104e-02
 67   35 7.16972e-02
 67   37 7.54142e-02
 67   39 8.79484e-02
 67   41 7.56290e-02
 67   43 8.59864e-02
 67   45 8.84819e-02
 67   47 8.67905e-02
 67   49 1.01186e-01
 67   51 1.14315e-01
 67   53 1.09212e-01
 67   55 1.25957e-01
 67   57 1.76384e-01
 67   59 1.72528e-01
 67   61 1.89916e-01
 67   63 5.14252e-01
 67   65 1.56230e+00
 67   67 2.03984e+01
 67   69 1.53713e+00
 67   71 5.16974e-01
 67   73 2.03030e-01
 67   75 1.73738e-01
 67   77 1.77469e-01
 67   79 1.25794e-01
 67   81 1.05513e-01
 67   83 9.28416e-02
 67   85 9.03986e-02
 67   87 9.79419e-02
 67   89 7.35518e-02
 68    0 4.47689e-03
 68    2 2.04985e-02
 68    4 3.85694e-02
 68    6 5.42087e-02
 68    8 7.24521e-02
 68   10 7.40859e-02
 68   12 7.61390e-02
 68   14 8.30046e-02
 68   16 8.92177e-02
 68   18 7.42500e-02
 68   20 7.04455e-02
 68   22 6.02109e-02
 68   24 5.64164e-02
 68   26 5.86044e-02
 68   28 5.47523e-02
 68   30 6.36056e-02
 68   32 7.72762e-02
 68   34 7.02114e-02
 68   36 7.06410e-02
 68   38 7.57332e-02
 68   40 8.15932e-02
 68   42 7.85912e-02
 68   44 7.85310e-02
 68   46 8.84423e-02
 68   48 9.20800e-02
 68   50 9.66134e-02
 68   52 1.19262e-01
 68   54 1.10871e-01
 68   56 1.23056e-01
 68   58 1.79102e-01
 68   60 1.77472e-01
 68   62 1.87922e-01
 68   64 5.07000e-01
 68   66 1.52488e+00
 68   68 2.01330e+01
 68   70 1.49937e+00
 68   72 5.02812e-01
 68   74 1.98831e-01
 68   76 1.63138e-01
 68   78 1.71948e-01
 68   80 1.25048e-01
 68   82 9.76058e-02
 68   84 8.75359e-02
 68   86 8.94518e-02
 68   88 9.45097e-02
 68   90 7.31004e-02
 69    1 1.05755e-02
 69    3 2.40982e-02
 69    5 3.99604e-02
 69    7 6.12437e-02
 69    9 7.84801e-02
 69   11 7.59449e-02
 69   13 6.05609e-02
 69   15 5.69684e-02
 69   17 6.46739e-02
 69   19 7.64305e-02
 69   21 6.97602e-02
 69   23 6.65072e-02
 69   25 6.79263e-02
 69   27 7.92009e-02
 69   29 8.55761e-02
 69   31 8.03568e-02
 69   33 6.72789e-02
 69   35 7.21975e-02
 69   37 7.62062e-02
 69   39 7.26347e-02
 69   41 7.04285e-02
 69   43 6.61374e-02
 69   45 7.42568e-02
 69   47 8.25672e-02
 69   49 7.90568e-02
 69   51 9.17920e-02
 69   53 1.08279e-01
 69   55 1.01613e-01
 69   57 1.20525e-01
 69   59 1.73742e-01
 69   61 1.69658e-01
 69   63 1.94358e-01
 69   65 5.09917e-01
 69   67 1.50266e+00
 69   69 1.98708e+01
 69   71 1.47341e+00
 69   73 4.94982e-01
 69   75 2.05973e-01
 69   77 1.55416e-01
 69   79 1.61966e-01
 69   81 1.25518e-01
 69   83 1.11230e-01
 69   85 1.03807e-01
 69   87 1.04019e-01
 69   89 9.00366e-02
 70    0 3.04617e-03
 70    2 1.52869e-02
 70    4 2.84807e-02
 70    6 4.45835e-02
 70    8 6.61709e-02
 70   10 7.90574e-02
 70   12 7.07028e-02
 70   14 5.72906e-02
 70   16 5.21283e-02
 70   18 6.60132e-02
 70   20 7.63094e-02
 70   22 7.00796e-02
 70   24 6.46259e-02
 70   26 6.53140e-02
 70   28 7.21221e-02
 70   30 8.42024e-02
 70   32 8.09753e-02
 70   34 7.13616e-02
 70   36 7.12069e-02
 70   38 7.92561e-02
 70   40 6.94397e-02
 70   42 6.55087e-02
 70   44 6.91047e-02
 70   46 7.52626e-02
 70   48 8.11034e-02
 70   50 7.87747e-02
 70   52 8.53003e-02
 70   54 1.08810e-01
 70   56 1.08615e-01
 70   58 1.17115e-01
 70   60 1.67207e-01
 70   62 1.61930e-01
 70   64 1.87602e-01
 70   66 5.02447e-01
 70   68 1.46652e+00
 70   70 1.96180e+01
 70   72 1.43662e+00
 70   74 4.94669e-01
 70   76 2.01091e-01
 70   78 1.56524e-01
 70   80 1.55698e-01
 70   82 1.31515e-01
 70   84 1.00860e-01
 70   86 9.56920e-02
 70   88 1.00406e-01
 70   90 8.50695e-02
 71    1 9.67624e-03
 71    3 2.48807e-02
 71    5 3.91033e-02
 71    7 5.07427e-02
 71    9 6.08342e-02
 71   11 7.08693e-02
 71   13 8.21295e-02
 71   15 8.98502e-02
 71   17 7.03969e-02
 71   19 6.25583e-02
 71   21 6.47249e-02
 71   23 5.78309e-02
 71   25 5.60012e-02
 71   27 6.54388e-02
 71   29 6.26830e-02
 71   31 6.44661e-02
 71   33 6.53172e-02
 71   35 7.08210e-02
 71   37 6.93987e-02
 71   39 6.35912e-02
 71   41 6.60983e-02
 71   43 7.09266e-02
 71   45 7.15024e-02
 71   47 8.10606e-02
 71   49 7.41788e-02
 71   51 8.01776e-02
 71   53 9.78554e-02
 71   55 1.12651e-01
 71   57 1.07385e-01
 71   59 1.22592e-01
 71   61 1.73264e-01
 71   63 1.72658e-01
 71   65 1.90650e-01
 71   67 4.94570e-01
 71   69 1.44190e+00
 71   71 1.93917e+01
 71   73 1.39991e+00
 71   75 4.82079e-01
 71   77 1.92785e-01
 71   79 1.39361e-01
 71   81 1.62838e-01
 71   83 1.27711e-01
 71   85 1.13183e-01
 71   87 1.18908e-01
 71   89 9.28157e-02
 72    0 3.37709e-03
 72    2 1.70725e-02
 72    4 3.13459e-02
 72    6 4.61398e-02
 72    8 5.67376e-02
 72   10 5.72598e-02
 72   12 7.01409e-02
 72   14 8.51477e-02
 72   16 8.51613e-02
 72   18 6.82087e-02
 72   20 6.09727e-02
 72   22 5.98157e-02
 72   24 5.69622e-02
 72   26 6.17637e-02
 72   28 6.42777e-02
 72   30 6.24723e-02
 72   32 6.02267e-02
 72   34 6.60740e-02
 72   36 6.70878e-02
 72   38 6.78628e-02
 72   40 6.65872e-02
 72   42 6.31711e-02
 72   44 6.53104e-02
 72   46 6.94252e-02
 72   48 7.47087e-02
 72   50 7.45913e-02
 72   52 7.54564e-02
 72   54 9.07310e-02
 72   56 1.12340e-01
 72   58 1.04274e-01
 72   60 1.22306e-01
 72   62 1.68334e-01
 72   64 1.64192e-01
 72   66 1.94823e-01
 72   68 4.81529e-01
 72   70 1.40662e+00
 72   72 1.91422e+01
 72   74 1.36939e+00
 72   76 4.74800e-01
 72   78 1.93509e-01
 72   80 1.38380e-01
 72   82 1.47222e-01
 72   84 1.33779e-01
 72   86 1.12337e-01
 72   88 1.16687e-01
 72   90 9.08832e-02
 73    1 1.19061e-02
 73    3 2.60410e-02
 73    5 4.34410e-02
 73    7 5.94672e-02
 73    9 6.87989e-02
 73   11 6.14727e-02
 73   13 6.32909e-02
 73   15 6.88780e-02
 73   17 6.67475e-02
 73   19 6.18741e-02
 73   21 6.21903e-02
 73   23 6.47600e-02
 73   25 7.88745e-02
 73   27 7.49553e-02
 73   29 6.84700e-02
 73   31 6.82303e-02
 73   33 6.91899e-02
 73   35 7.95705e-02
 73   37 6.38986e-02
 73   39 6.10928e-02
 73   41 5.70214e-02
 73   43 6.24043e-02
 73   45 7.19613e-02
 73   47 6.46866e-02
 73   49 6.84811e-02
 73   51 7.20927e-02
 73   53 7.60461e-02
 73   55 9.77216e-02
 73   57 1.08014e-01
 73   59 1.07025e-01
 73   61 1.21875e-01
 73   63 1.69649e-01
 73   65 1.62520e-01
 73   67 1.90272e-01
 73   69 4.74520e-01
 73   71 1.37137e+00
 73   73 1.88925e+01
 73   75 1.33630e+00
 73   77 4.53544e-01
 73   79 1.88642e-01
 73   81 1.47853e-01
 73   83 1.59323e-01
 73   85 1.30939e-01
 73   87 1.27433e-01
 73   89 9.34146e-02
 74    0 3.35194e-03
 74    2 1.74141e-02
 74    4 3.07126e-02
 74    6 4.80776e-02
 74    8 6.69956e-02
 74   10 6.48342e-02
 74   12 5.44116e-02
 74   14 5.83621e-02
 74   16 6.41761e-02
 74   18 6.46948e-02
 74   20 6.30074e-02
 74   22 6.30280e-02
 74   24 6.19578e-02
 74   26 7.31223e-02
 74   28 7.70171e-02
 74   30 6.97247e-02
 74   32 7.07477e-02
 74   34 7.06554e-02
 74   36 6.32912e-02
 74   38 6.58848e-02
 74   40 6.59238e-02
 74   42 5.93470e-02
 74   44 6.28494e-02
 74   46 6.03123e-02
 74   48 6.29311e-02
 74   50 7.81321e-02
 74   52 7.07481e-02
 74   54 7.36934e-02
 74   56 8.84459e-02
 74   58 1.03890e-01
 74   60 1.08118e-01
 74   62 1.20065e-01
 74   64 1.65213e-01
 74   66 1.58414e-01
 74   68 1.86626e-01
 74   70 4.74700e-01
 74   72 1.34213e+00
 74   74 1.86669e+01
 74   76 1.30693e+00
 74   78 4.49471e-01
 74   80 1.86418e-01
 74   82 1.46632e-01
 74   84 1.50352e-01
 74   86 1.25546e-01
 74   88 1.27265e-01
 74   90 8.85539e-02
 75    1 7.35001e-03
 75    3 2.03348e-02
 75    5 3.49867e-02
 75    7 5.06341e-02
 75    9 5.74031e-02
 75   11 6.36669e-02
 75   13 6.65315e-02
 75   15 7.20783e-02
 75   17 6.92193e-02
 75   19 6.45145e-02
 75   21 6.42874e-02
 75   23 6.65054e-02
 75   25 6.74342e-02
 75   27 6.47983e-02
 75   29 5.88036e-02
 75   31 5.94326e-02
 75   33 6.26039e-02
 75   35 5.61246e-02
 75   37 5.23916e-02
 75   39 5.36280e-02
 75   41 6.11580e-02
 75   43 5.68147e-02
 75   45 5.82671e-02
 75   47 6.60213e-02
 75   49 6.86966e-02
 75   51 7.07289e-02
 75   53 7.55166e-02
 75   55 8.22780e-02
 75   57 9.09818e-02
 75   59 1.08471e-01
 75   61 1.06439e-01
 75   63 1.27810e-01
 75   65 1.72269e-01
 75   67 1.59659e-01
 75   69 1.93624e-01
 75   71 4.63079e-01
 75   73 1.31035e+00
 75   75 1.84324e+01
 75   77 1.28195e+00
 75   79 4.44864e-01
 75   81 2.09569e-01
 75   83 1.71379e-01
 75   85 1.61885e-01
 75   87 1.40490e-01
 75   89 9.71599e-02
 76    0 2.38757e-03
 76    2 1.28543e-02
 76    4 2.78609e-02
 76    6 4.33442e-02
 76    8 5.58369e-02
 76   10 5.65421e-02
 76   12 5.76880e-02
 76   14 6.07597e-02
 76   16 6.95840e-02
 76   18 7.12684e-02
 76   20 6.17491e-02
 76   22 6.17806e-02
 76   24 6.47392e-02
 76   26 6.51655e-02
 76   28 6.60467e-02
 76   30 5.89356e-02
 76   32 5.81937e-02
 76   34 5.69748e-02
 76   36 5.75799e-02
 76   38 5.35178e-02
 76   40 5.57253e-02
 76   42 5.73079e-02
 76   44 6.54803e-02
 76   46 5.52885e-02
 76   48 6.13272e-02
 76   50 6.52915e-02
 76   52 6.75818e-02
 76   54 7.86163e-02
 76   56 8.02028e-02
 76   58 9.10266e-02
 76   60 1.01744e-01
 76   62 1.17613e-01
 76   64 1.24206e-01
 76   66 1.63655e-01
 76   68 1.50221e-01
 76   70 1.89316e-01
 76   72 4.56532e-01
 76   74 1.28216e+00
 76   76 1.82283e+01
 76   78 1.24497e+00
 76   80 4.36348e-01
 76   82 2.06579e-01
 76   84 1.67981e-01
 76   86 1.55198e-01
 76   88 1.41663e-01
 76   90 9.36378e-02
 77    1 1.42896e-02
 77    3 3.09912e-02
 77    5 4.74534e-02
 77    7 6.24304e-02
 77    9 7.28770e-02
 77   11 6.28523e-02
 77   13 5.48073e-02
 77   15 5.62179e-02
 77   17 6.77845e-02
 77   19 6.86718e-02
 77   21 5.58017e-02
 77   23 5.89478e-02
 77   25 5.37005e-02
 77   27 5.93593e-02
 77   29 6.13383e-02
 77   31 5.47709e-02
 77   33 6.46719e-02
 77   35 5.99790e-02
 77   37 5.42103e-02
 77   39 5.20370e-02
 77   41 5.47181e-02
 77   43 6.71248e-02
 77   45 5.75851e-02
 77   47 5.84028e-02
 77   49 6.11828e-02
 77   51 6.93677e-02
 77   53 7.15441e-02
 77   55 7.39252e-02
 77   57 7.81210e-02
 77   59 9.14206e-02
 77   61 1.02290e-01
 77   63 1.05599e-01
 77   65 1.19764e-01
 77   67 1.60072e-01
 77   69 1.43396e-01
 77   71 1.81763e-01
 77   73 4.36512e-01
 77   75 1.25824e+00
 77   77 1.80128e+01
 77   79 1.21720e+00
 77   81 4.50179e-01
 77   83 2.35438e-01
 77   85 1.71434e-01
 77   87 1.70217e-01
 77   89 1.09522e-01
 78    0 4.05971e-03
 78    2 2.16183e-02
 78    4 3.83587e-02
 78    6 5.42547e-02
 78    8 6.75184e-02
 78   10 6.35686e-02
 78   12 5.74674e-02
 78   14 5.64829e-02
 78   16 5.43667e-02
 78   18 6.66059e-02
 78   20 6.23790e-02
 78   22 5.75025e-02
 78   24 5.64614e-02
 78   26 5.47666e-02
 78   28 5.73645e-02
 78   30 5.69935e-02
 78   32 5.29545e-02
 78   34 5.63364e-02
 78   36 6.40668e-02
 78   38 4.87994e-02
 78   40 4.95001e-02
 78   42 5.63917e-02
 78   44 5.80684e-02
 78   46 5.91644e-02
 78   48 5.79087e-02
 78   50 6.60913e-02
 78   52 6.55610e-02
 78   54 6.76738e-02
 78   56 6.92664e-02
 78   58 8.07684e-02
 78   60 8.50424e-02
 78   62 9.61522e-02
 78   64 9.88457e-02
 78   66 1.28610e-01
 78   68 1.55479e-01
 78   70 1.44702e-01
 78   72 1.82708e-01
 78   74 4.33001e-01
 78   76 1.22252e+00
 78   78 1.78158e+01
 78   80 1.19070e+00
 78   82 4.46176e-01
 78   84 2.29506e-01
 78   86 1.74486e-01
 78   88 1.65239e-01
 78   90 1.07859e-01
 79    1 7.37943e-03
 79    3 1.89840e-02
 79    5 3.70014e-02
 79    7 5.24636e-02
 79    9 5.24383e-02
 79   11 5.23292e-02
 79   13 5.79094e-02
 79   15 6.05762e-02
 79   17 6.19282e-02
 79   19 6.76278e-02
 79   21 7.99829e-02
 79   23 8.11426e-02
 79   25 7.93458e-02
 79   27 7.01547e-02
 79   29 7.06094e-02
 79   31 6.89170e-02
 79   33 6.21899e-02
 79   35 6.36103e-02
 79   37 5.59231e-02
 79   39 6.02107e-02
 79   41 5.40232e-02
 79   43 5.87039e-02
 79   45 6.03916e-02
 79   47 5.99158e-02
 79   49 5.97412e-02
 79   51 6.01443e-02
 79   53 5.84274e-02
 79   55 6.32169e-02
 79   57 6.90171e-02
 79   59 6.85911e-02
 79   61 7.71373e-02
 79   63 8.36473e-02
 79   65 8.95649e-02
 79   67 1.11467e-01
 79   69 1.46812e-01
 79   71 1.29083e-01
 79   73 1.78365e-01
 79   75 4.28961e-01
 79   77 1.19579e+00
 79   79 1.76483e+01
 79   81 1.18697e+00
 79   83 4.62993e-01
 79   85 2.38889e-01
 79   87 1.95530e-01
 79   89 1.43075e-01
 80    0 2.42911e-03
 80    2 1.42431e-02
 80    4 2.40654e-02
 80    6 3.52910e-02
 80    8 5.73774e-02
 80   10 5.25810e-02
 80   12 4.96326e-02
 80   14 5.34968e-02
 80   16 5.31968e-02
 80   18 5.83688e-02
 80   20 7.31201e-02
 80   22 7.66394e-02
 80   24 7.51733e-02
 80   26 7.47142e-02
 80   28 7.06148e-02
 80   30 6.94219e-02
 80   32 6.67937e-02
 80   34 5.73992e-02
 80   36 5.98082e-02
 80   38 6.33534e-02
 80   40 5.49097e-02
 80   42 5.79012e-02
 80   44 5.49043e-02
 80   46 6.42805e-02
 80   48 6.17236e-02
 80   50 5.68676e-02
 80   52 6.08345e-02
 80   54 6.04101e-02
 80   56 6.20984e-02
 80   58 6.70758e-02
 80   60 6.74853e-02
 80   62 7.58507e-02
 80   64 8.33730e-02
 80   66 8.66335e-02
 80   68 1.11132e-01
 80   70 1.41471e-01
 80   72 1.28416e-01
 80   74 1.76508e-01
 80   76 4.21133e-01
 80   78 1.17029e+00
 80   80 1.74545e+01
 80   82 1.16364e+00
 80   84 4.53221e-01
 80   86 2.35755e-01
 80   88 1.90849e-01
 80   90 1.41236e-01
 81    1 1.46085e-02
 81    3 3.28941e-02
 81    5 4.59517e-02
 81    7 6.12236e-02
 81    9 7.13099e-02
 81   11 5.15704e-02
 81   13 5.46682e-02
 81   15 6.20464e-02
 81   17 6.71652e-02
 81   19 6.10659e-02
 81   21 5.38528e-02
 81   23 5.44649e-02
 81   25 5.15437e-02
 81   27 4.99727e-02
 81   29 5.82041e-02
 81   31 5.08892e-02
 81   33 4.77298e-02
 81   35 4.65363e-02
 81   37 5.35802e-02
 81   39 5.02536e-02
 81   41 4.95280e-02
 81   43 5.44781e-02
 81   45 5.26180e-02
 81   47 5.48477e-02
 81   49 5.37506e-02
 81   51 5.39372e-02
 81   53 6.06584e-02
 81   55 5.73106e-02
 81   57 6.14294e-02
 81   59 6.57331e-02
 81   61 6.65329e-02
 81   63 7.73945e-02
 81   65 8.63523e-02
 81   67 9.19337e-02
 81   69 1.11873e-01
 81   71 1.48308e-01
 81   73 1.37463e-01
 81   75 1.98701e-01
 81   77 4.34874e-01
 81   79 1.16714e+00
 81   81 1.72486e+01
 81   83 1.17219e+00
 81   85 4.50288e-01
 81   87 2.57339e-01
 81   89 1.78699e-01
 82    0 4.48818e-03
 82    2 2.20837e-02
 82    4 4.00812e-02
 82    6 5.72680e-02
 82    8 6.74402e-02
 82   10 5.79215e-02
 82   12 4.90325e-02
 82   14 5.68434e-02
 82   16 6.40103e-02
 82   18 6.07110e-02
 82   20 5.55871e-02
 82   22 5.36487e-02
 82   24 5.38218e-02
 82   26 5.38757e-02
 82   28 5.30124e-02
 82   30 4.87091e-02
 82   32 4.98057e-02
 82   34 5.11376e-02
 82   36 5.10087e-02
 82   38 4.80761e-02
 82   40 5.13627e-02
 82   42 4.92577e-02
 82   44 5.03939e-02
 82   46 5.73603e-02
 82   48 5.20942e-02
 82   50 5.21404e-02
 82   52 5.75914e-02
 82   54 5.58211e-02
 82   56 6.14305e-02
 82   58 5.42355e-02
 82   60 5.81461e-02
 82   62 6.68497e-02
 82   64 7.37380e-02
 82   66 8.01966e-02
 82   68 8.53321e-02
 82   70 1.17552e-01
 82   72 1.34398e-01
 82   74 1.36578e-01
 82   76 1.96131e-01
 82   78 4.31389e-01
 82   80 1.14470e+00
 82   82 1.70674e+01
 82   84 1.14847e+00
 82   86 4.41271e-01
 82   88 2.54272e-01
 82   90 1.69115e-01
 83    1 8.11608e-03
 83    3 1.97307e-02
 83    5 3.02470e-02
 83    7 4.09387e-02
 83    9 4.59823e-02
 83   11 4.82308e-02
 83   13 5.01015e-02
 83   15 5.05183e-02
 83   17 5.32814e-02
 83   19 5.56645e-02
 83   21 6.42434e-02
 83   23 6.53763e-02
 83   25 6.86248e-02
 83   27 6.27638e-02
 83   29 5.86412e-02
 83   31 6.00471e-02
 83   33 5.80263e-02
 83   35 4.81766e-02
 83   37 4.65854e-02
 83   39 4.98830e-02
 83   41 5.35523e-02
 83   43 4.60589e-02
 83   45 5.44839e-02
 83   47 5.38062e-02
 83   49 4.95507e-02
 83   51 5.15535e-02
 83   53 5.52419e-02
 83   55 5.33952e-02
 83   57 5.28911e-02
 83   59 5.58011e-02
 83   61 5.71861e-02
 83   63 6.35348e-02
 83   65 7.12099e-02
 83   67 7.96107e-02
 83   69 9.75665e-02
 83   71 1.14471e-01
 83   73 1.45778e-01
 83   75 1.59915e-01
 83   77 2.23828e-01
 83   79 4.48040e-01
 83   81 1.15361e+00
 83   83 1.67977e+01
 83   85 1.12441e+00
 83   87 4.51592e-01
 83   89 2.33514e-01
 84    0 2.79061e-03
 84    2 1.31250e-02
 84    4 2.31684e-02
 84    6 3.37555e-02
 84    8 4.54406e-02
 84   10 4.45579e-02
 84   12 4.72653e-02
 84   14 4.76745e-02
 84   16 4.75521e-02
 84   18 5.20912e-02
 84   20 5.46953e-02
 84   22 6.06723e-02
 84   24 7.01068e-02
 84   26 6.21691e-02
 84   28 6.14261e-02
 84   30 5.86085e-02
 84   32 6.03272e-02
 84   34 5.76866e-02
 84   36 4.58504e-02
 84   38 4.67909e-02
 84   40 4.96436e-02
 84   42 4.93724e-02
 84   44 5.04336e-02
 84   46 5.25631e-02
 84   48 5.23907e-02
 84   50 4.68332e-02
 84   52 5.05428e-02
 84   54 5.57931e-02
 84   56 5.15290e-02
 84   58 4.74306e-02
 84   60 5.74758e-02
 84   62 5.68292e-02
 84   64 6.54674e-02
 84   66 7.23197e-02
 84   68 7.53473e-02
 84   70 8.87598e-02
 84   72 1.20241e-01
 84   74 1.37880e-01
 84   76 1.57023e-01
 84   78 2.18475e-01
 84   80 4.38962e-01
 84   82 1.13075e+00
 84   84 1.66286e+01
 84   86 1.10509e+00
 84   88 4.44381e-01
 84   90 2.29884e-01
 85    1 1.24476e-02
 85    3 2.86542e-02
 85    5 4.37011e-02
 85    7 5.96513e-02
 85    9 6.96891e-02
 85   11 5.46779e-02
 85   13 5.72658e-02
 85   15 5.35730e-02
 85   17 5.03772e-02
 85   19 4.92970e-02
 85   21 5.10959e-02
 85   23 4.93950e-02
 85   25 5.39608e-02
 85   27 5.06815e-02
 85   29 5.02361e-02
 85   31 5.28500e-02
 85   33 4.39966e-02
 85   35 4.67598e-02
 85   37 4.83857e-02
 85   39 4.33434e-02
 85   41 4.69863e-02
 85   43 5.71163e-02
 85   45 4.67636e-02
 85   47 5.46886e-02
 85   49 5.91154e-02
 85   51 5.08398e-02
 85   53 5.17022e-02
 85   55 5.36254e-02
 85   57 5.70222e-02
 85   59 5.35350e-02
 85   61 5.88496e-02
 85   63 6.53755e-02
 85   65 6.87697e-02
 85   67 7.63515e-02
 85   69 8.96878e-02
 85   71 9.99257e-02
 85   73 1.18008e-01
 85   75 1.48787e-01
 85   77 1.60532e-01
 85   79 2.27701e-01
 85   81 4.36493e-01
 85   83 1.10752e+00
 85   85 1.64279e+01
 85   87 1.13756e+00
 85   89 4.27083e-01
 86    0 4.33497e-03
 86    2 2.05653e-02
 86    4 3.65806e-02
 86    6 5.27446e-02
 86    8 6.69013e-02
 86   10 6.34186e-02
 86   12 5.29703e-02
 86   14 5.15279e-02
 86   16 5.12117e-02
 86   18 4.89555e-02
 86   20 5.00933e-02
 86   22 4.78225e-02
 86   24 4.58594e-02
 86   26 5.20326e-02
 86   28 5.15122e-02
 86   30 4.85390e-02
 86   32 4.94617e-02
 86   34 4.50593e-02
 86   36 4.58434e-02
 86   38 4.54577e-02
 86   40 3.87133e-02
 86   42 4.72784e-02
 86   44 5.40182e-02
 86   46 4.85303e-02
 86   48 5.06133e-02
 86   50 5.60823e-02
 86   52 4.99337e-02
 86   54 5.00572e-02
 86   56 5.17824e-02
 86   58 5.34275e-02
 86   60 5.14276e-02
 86   62 5.65644e-02
 86   64 6.53344e-02
 86   66 6.84620e-02
 86   68 7.58714e-02
 86   70 8.29817e-02
 86   72 9.94932e-02
 86   74 1.13450e-01
 86   76 1.42954e-01
 86   78 1.63672e-01
 86   80 2.25001e-01
 86   82 4.28112e-01
 86   84 1.08894e+00
 86   86 1.62674e+01
 86   88 1.11269e+00
 86   90 4.17666e-01
 87    1 6.17138e-03
 87    3 1.34195e-02
 87    5 2.15019e-02
 87    7 2.93965e-02
 87    9 3.54026e-02
 87   11 3.36569e-02
 87   13 3.21766e-02
 87   15 2.97152e-02
 87   17 3.18254e-02
 87   19 3.41399e-02
 87   21 4.33227e-02
 87   23 4.06318e-02
 87   25 3.60672e-02
 87   27 3.45031e-02
 87   29 4.29540e-02
 87   31 4.29424e-02
 87   33 4.38395e-02
 87   35 3.67733e-02
 87   37 4.08396e-02
 87   39 4.44471e-02
 87   41 4.58328e-02
 87   43 4.85098e-02
 87   45 5.06511e-02
 87   47 4.64135e-02
 87   49 5.22934e-02
 87   51 5.63728e-02
 87   53 5.54970e-02
 87   55 6.03696e-02
 87   57 6.39118e-02
 87   59 6.33803e-02
 87   61 6.87178e-02
 87   63 7.04921e-02
 87   65 7.76726e-02
 87   67 8.15474e-02
 87   69 8.85940e-02
 87   71 1.03489e-01
 87   73 1.13216e-01
 87   75 1.27289e-01
 87   77 1.57128e-01
 87   79 1.83725e-01
 87   81 2.45911e-01
 87   83 4.38489e-01
 87   85 1.12140e+00
 87   87 1.58776e+01
 87   89 1.22814e+00
 88    0 1.96860e-03
 88    2 8.99771e-03
 88    4 1.66075e-02
 88    6 2.46919e-02
 88    8 3.27449e-02
 88   10 3.18010e-02
 88   12 2.99148e-02
 88   14 3.16800e-02
 88   16 2.94341e-02
 88   18 2.97743e-02
 88   20 3.37669e-02
 88   22 3.86072e-02
 88   24 3.60813e-02
 88   26 3.86398e-02
 88   28 3.50488e-02
 88   30 3.82881e-02
 88   32 4.10614e-02
 88   34 3.88327e-02
 88   36 4.14692e-02
 88   38 4.40907e-02
 88   40 3.97646e-02
 88   42 4.22958e-02
 88   44 4.83156e-02
 88   46 5.13213e-02
 88   48 4.86654e-02
 88   50 4.90273e-02
 88   52 5.73552e-02
 88   54 5.58480e-02
 88   56 5.90060e-02
 88   58 6.45013e-02
 88   60 6.07476e-02
 88   62 6.51048e-02
 88   64 7.27953e-02
 88   66 7.60390e-02
 88   68 7.90545e-02
 88   70 8.58671e-02
 88   72 1.01919e-01
 88   74 1.13415e-01
 88   76 1.28686e-01
 88   78 1.52858e-01
 88   80 1.79629e-01
 88   82 2.43283e-01
 88   84 4.31841e-01
 88   86 1.09733e+00
 88   88 1.57287e+01
 88   90 1.20489e+00
 89    1 9.81602e-03
 89    3 2.35552e-02
 89    5 3.83702e-02
 89    7 5.35253e-02
 89    9 6.26653e-02
 89   11 5.20424e-02
 89   13 5.11433e-02
 89   15 4.75284e-02
 89   17 4.88768e-02
 89   19 4.74166e-02
 89   21 4.55740e-02
 89   23 4.62820e-02
 89   25 4.91320e-02
 89   27 5.07307e-02
 89   29 4.90124e-02
 89   31 5.11188e-02
 89   33 4.65059e-02
 89   35 4.37483e-02
 89   37 4.39081e-02
 89   39 5.29675e-02
 89   41 4.90302e-02
 89   43 4.73385e-02
 89   45 4.92089e-02
 89   47 5.36909e-02
 89   49 5.62438e-02
 89   51 5.33717e-02
 89   53 5.47838e-02
 89   55 5.10096e-02
 89   57 5.31728e-02
 89   59 5.79655e-02
 89   61 6.54041e-02
 89   63 5.79262e-02
 89   65 6.31923e-02
 89   67 6.04186e-02
 89   69 7.56567e-02
 89   71 7.96965e-02
 89   73 8.18801e-02
 89   75 8.68497e-02
 89   77 9.97442e-02
 89   79 1.32634e-01
 89   81 1.68473e-01
 89   83 2.23698e-01
 89   85 4.15369e-01
 89   87 1.21167e+00
 89   89 1.63224e+01
 90    0 3.02602e-03
 90    2 1.80174e-02
 90    4 3.08994e-02
 90    6 4.29646e-02
 90    8 5.58442e-02
 90   10 5.12453e-02
 90   12 5.04804e-02
 90   14 4.85909e-02
 90   16 4.69426e-02
 90   18 4.25437e-02
 90   20 4.41144e-02
 90   22 4.39050e-02
 90   24 5.15039e-02
 90   26 4.51558e-02
 90   28 4.76528e-02
 90   30 5.27378e-02
 90   32 4.47984e-02
 90   34 4.80502e-02
 90   36 4.62106e-02
 90   38 4.40372e-02
 90   40 4.99142e-02
 90   42 4.82173e-02
 90   44 4.52973e-02
 90   46 5.35823e-02
 90   48 5.39118e-02
 90   50 5.06196e-02
 90   52 5.02804e-02
 90   54 5.88164e-02
 90   56 5.19044e-02
 90   58 5.28448e-02
 90   60 5.81498e-02
 90   62 5.84413e-02
 90   64 6.38421e-02
 90   66 5.73574e-02
 90   68 6.03502e-02
 90   70 7.18044e-02
 90   72 7.83477e-02
 90   74 7.78896e-02
 90   76 8.39523e-02
 90   78 9.84781e-02
 90   80 1.31202e-01
 90   82 1.59700e-01
 90   84 2.20489e-01
 90   86 4.06537e-01
 90   88 1.18920e+00
