# C(3P)-CO2, ground-state PES; differential cross sections (mgacesa, Aug 26 2020)
# theta(rad)                 elastic CS                total CS (both in units of 1E-16 cm^2)
0.	4.814082e6	4.859149768701865e6
0.0017453292519943296	3.276043e6	3.29716350562e6
0.003490658503988659	986634.7	991462.892643
0.005235987755982989	187432.5	200855.951405
0.006981317007977318	107018.	114676.747954
0.008726646259971648	59867.08	62739.1596538
0.010471975511965978	31597.54	38952.5876561
0.012217304763960306	15435.82	25855.5726924
0.013962634015954637	15136.84	23233.7930633
0.015707963267948967	11339.25	15265.624725
0.017453292519943295	5699.77	9897.2119064
0.019198621771937624	7314.299	13632.3950493
0.020943951023931956	7971.22	14033.2096396
0.022689280275926284	7116.995	11481.2109988
0.024434609527920613	5125.899	8516.48432378
0.02617993877991494	4170.303	8331.33463187
0.027925268031909273	5503.998	10192.8923798
0.029670597283903602	4623.809	8277.92390514
0.031415926535897934	2878.048	5688.93616539
0.03316125578789226	2466.094	5405.86373893
0.03490658503988659	2708.298	6035.02692394
0.03665191429188092	3249.557	6461.22235059
0.03839724354387525	2507.619	5005.31537048
0.04014257279586957	1126.528	3275.29429973
0.04188790204786391	990.2348	3341.4312959
0.043633231299858244	1257.639	3590.44199846
0.04537856055185257	1242.255	3226.0991964
0.0471238898038469	907.2306	2539.3707174
0.048869219055841226	357.019	1888.35068329
0.05061454830783556	338.6519	1937.43368783
0.05235987755982988	577.0715	2007.46821438
0.054105206811824215	436.7799	1535.62727005
0.05585053606381855	191.9454	1159.24690559
0.05759586531581287	43.47486	1046.16425721
0.059341194567807204	51.68699	1036.24422019
0.061086523819801536	183.6014	975.693593186
0.06283185307179587	159.536	703.274909926
0.0645771823237902	31.37933	519.580089761
0.06632251157578452	1.120877	580.26163469
0.06806784082777885	24.26577	600.594000852
0.06981317007977318	45.95511	474.790976148
0.0715584993317675	41.99088	304.445078758
0.07330382858376185	11.19896	223.805406768
0.07504915783575618	10.93622	285.099946092
0.0767944870877505	32.10911	337.002507691
0.07853981633974483	27.38069	269.157255923
0.08028514559173915	8.633733	166.432977152
0.08203047484373349	5.117208	126.846969269
0.08377580409572782	15.48383	148.545546028
0.08552113334772216	22.47073	170.052694946
0.08726646259971649	16.54801	149.948597819
0.0890117918517108	3.484026	110.803604972
0.09075712110370514	1.000776	96.6651773864
0.09250245035569946	12.60653	105.676243067
0.0942477796076938	16.47946	102.399530295
0.09599310885968813	8.462749	85.6311344765
0.09773843811168245	2.035135	74.9580480464
0.09948376736367678	0.9397285	73.6807425286
0.10122909661567112	6.175546	77.8785570745
0.10297442586766545	10.55683	74.4233576394
0.10471975511965977	5.626927	60.0768753491
0.10646508437165408	2.256083	56.2240359221
0.10821041362364843	3.917101	62.0537522247
0.10995574287564278	5.103656	63.1153632462
0.1117010721276371	6.877542	60.4609025545
0.11344640137963143	5.302297	52.9827017768
0.11519173063162574	1.93403	47.2688794132
0.11693705988362009	4.982087	53.2580992492
0.11868238913561441	7.288305	56.5219022876
0.12042771838760875	6.050289	51.8986147484
0.12217304763960307	5.820119	48.4000155283
0.12391837689159739	3.559948	44.0802805581
0.12566370614359174	2.759907	42.8949921637
0.12740903539558604	6.595057	47.4058959898
0.1291543646475804	6.750695	46.2009315751
0.13089969389957473	5.317983	42.7459094008
0.13264502315156904	5.6659	42.4357063256
0.1343903524035634	3.82764	39.6666703711
0.1361356816555577	3.972712	38.6191552253
0.13788101090755206	6.978531	40.6782300229
0.13962634015954636	6.169941	38.7536287403
0.1413716694115407	5.510608	38.0650378653
0.143116998663535	6.129987	39.2582143428
0.14486232791552936	4.181962	36.8091581667
0.1466076571675237	4.309438	36.0320943805
0.148352986419518	6.595264	37.3801205424
0.15009831567151236	5.670689	35.581004646
0.15184364492350666	5.157114	35.1376322689
0.153588974175501	5.189824	35.2209764693
0.15533430342749535	3.034544	32.6016831123
0.15707963267948966	2.704851	32.2415077099
0.158824961931484	4.006051	33.3686338043
0.1605702911834783	3.232905	32.235972233
0.16231562043547265	2.992516	32.1959007897
0.16406094968746698	2.832523	31.7459072029
0.16580627893946132	1.23216	29.5790293894
0.16755160819145565	0.8885437	29.4766966749
0.16929693744344995	1.335778	29.9145408391
0.1710422666954443	0.8162291	29.045692653
0.17278759594743864	1.067494	29.3473202096
0.17453292519943298	1.048953	28.6956833096
0.17627825445142728	0.2905744	27.0088685625
0.1780235837034216	0.321859	27.0139913068
0.17976891295541597	0.3615987	26.9411966492
0.18151424220741028	0.2132633	26.4177824433
0.1832595714594046	0.9307576	27.0552270578
0.1850049007113989	1.018746	26.327714625
0.18675022996339327	0.8400588	24.8681122689
0.1884955592153876	1.065846	24.4399833581
0.1902408884673819	0.6957915	23.473802066
0.19198621771937627	0.7290804	22.9692313762
0.19373154697137057	1.73404	23.9558447318
0.1954768762233649	1.820009	23.7581265114
0.19722220547535924	1.95311	23.3967915004
0.19896753472735357	2.321191	23.5839401733
0.20071286397934793	1.679682	22.5743346793
0.20245819323134223	1.696601	22.0738391985
0.20420352248333656	2.693	22.7362363705
0.2059488517353309	2.492268	22.0425442122
0.20769418098732523	2.424702	21.5885118239
0.20943951023931953	2.727415	21.8994253688
0.2111848394913139	2.034257	21.223224641
0.21293016874330817	1.974055	21.1359015397
0.21467549799530256	2.776801	21.7869034596
0.21642082724729686	2.370956	20.8282680839
0.2181661564992912	2.086281	19.9368257306
0.21991148575128555	2.229786	19.6446381053
0.22165681500327983	1.582024	18.728915321
0.2234021442552742	1.449921	18.694070602
0.22514747350726852	1.990464	19.4277256095
0.22689280275926285	1.595839	18.9833018283
0.22863813201125716	1.434073	18.6792683305
0.2303834612632515	1.603554	18.497875917
0.23212879051524585	1.126499	17.5969942163
0.23387411976724018	1.08702	17.5559842179
0.23561944901923448	1.486488	18.1798290242
0.23736477827122882	1.072673	17.9837952676
0.23911010752322315	0.9015535	18.1178274145
0.2408554367752175	1.012725	18.1954775789
0.24260076602721184	0.682582	17.4964987853
0.24434609527920614	0.7452338	17.3925514451
0.24609142453120048	1.087807	17.6172655228
0.24783675378319478	0.7038732	17.0849022474
0.24958208303518917	0.4243667	16.88029319
0.25132741228718347	0.3688527	16.7071207533
0.2530727415391778	0.1420629	16.1127385298
0.2548180707911721	0.1944492	16.0172618633
0.2565634000431664	0.3844677	16.0582812874
0.2583087292951608	0.2174519	15.6407035649
0.26005405854715513	0.1870272	15.5688075841
0.26179938779914946	0.145609	15.3634847945
0.26354471705114374	0.07184107	14.9581326923
0.26529004630313807	0.2159132	15.0612155326
0.26703537555513246	0.2871965	15.1542231605
0.2687807048071268	0.3222964	15.0746962816
0.27052603405912107	0.6454449	15.39962355
0.2722713633111154	0.6058117	15.2164307705
0.27401669256310973	0.4673905	14.708670981
0.2757620218151041	0.6836858	14.7438592852
0.2775073510670984	0.7428728	14.7085685593
0.2792526803190927	0.7959913	14.5829104738
0.28099800957108706	1.220472	14.9698738183
0.2827433388230814	1.123689	14.849757066
0.2844886680750758	0.8247803	14.3955700307
0.28623399732707	0.9994578	14.4415166757
0.2879793265790644	1.045175	14.3161041619
0.2897246558310587	0.9806687	13.9610514484
0.29146998508305305	1.258477	13.9921864018
0.2932153143350474	1.070494	13.6008785339
0.29496064358704166	0.6940346	13.0421849945
0.296705972839036	0.8243444	13.035684417
0.2984513020910304	0.9089491	12.9797370496
0.3001966313430247	0.892026	12.8837757648
0.30194196059501904	1.173407	13.184081559
0.3036872898470133	0.9947988	12.9938397813
0.30543261909900765	0.5759556	12.5581256687
0.307177948351002	0.6059879	12.5357355347
0.3089232776029963	0.6484864	12.3797759283
0.3106686068549907	0.6361637	12.184201327
0.312413936106985	0.9451819	12.4038491466
0.3141592653589793	0.8803587	12.2075356819
0.31590459461097364	0.5334936	11.8118675418
0.317649923862968	0.5133909	11.8559077768
0.3193952531149623	0.4879404	11.8103468124
0.3211405823669566	0.3336551	11.6163420967
0.32288591161895097	0.4475254	11.7071196217
0.3246312408709453	0.4111874	11.5179308328
0.32637657012293964	0.2319265	11.2243283814
0.32812189937493397	0.2571125	11.2829084178
0.32986722862692824	0.2537547	11.3048702854
0.33161255787892263	0.1262835	11.2452716893
0.33335788713091696	0.1533958	11.367656545
0.3351032163829113	0.1167408	11.2348297596
0.3368485456349056	0.08186594	11.0401478862
0.3385938748868999	0.1397421	11.0106887184
0.3403392041388943	0.1209777	10.8682948735
0.3420845333908886	0.1179557	10.8053421502
0.3438298626428829	0.2461167	10.9672601982
0.3455751918948773	0.211246	10.8163687577
0.34732052114687156	0.2041055	10.6200279064
0.34906585039886595	0.2834102	10.5869573052
0.3508111796508603	0.2450847	10.3857828802
0.35255650890285456	0.2832753	10.2484423075
0.3543018381548489	0.468657	10.3331016081
0.3560471674068432	0.3962631	10.0817749268
0.35779249665883756	0.3127731	9.79338779408
0.35953782591083194	0.3642822	9.76718191718
0.3612831551628262	0.3081159	9.67008143461
0.36302848441482055	0.3022242	9.62783168308
0.3647738136668149	0.4493209	9.79876168275
0.3665191429188092	0.3660737	9.70897755172
0.3682644721708036	0.2802173	9.57641448833
0.3700098014227978	0.3415936	9.60060365042
0.3717551306747922	0.3077544	9.50649386211
0.37350045992678654	0.3171323	9.46918639789
0.3752457891787809	0.4681013	9.63422636631
0.3769911184307752	0.3841345	9.57608093295
0.3787364476827695	0.291239	9.53112020352
0.3804817769347638	0.3612126	9.63741361491
0.38222710618675815	0.3537713	9.57434825692
0.38397243543875254	0.396925	9.51497674969
0.38571776469074687	0.5902021	9.56413717897
0.38746309394274114	0.5122037	9.23460592034
0.3892084231947355	0.357982	8.82922823957
0.3909537524467298	0.3855885	8.68360127477
0.39269908169872414	0.3618641	8.52622329384
0.39444441095071847	0.3255279	8.45377038561
0.3961897402027128	0.4395938	8.61763872136
0.39793506945470714	0.3726867	8.53971685596
0.3996803987067014	0.2324856	8.34732983458
0.40142572795869585	0.2515642	8.31393709768
0.4031710572106902	0.2417482	8.19540424682
0.40491638646268446	0.1662646	8.02178136973
0.4066617157146788	0.1932366	8.03151615821
0.4084070449666731	0.1370267	7.98465034352
0.41015237421866746	0.06851835	7.99091724876
0.4118977034706618	0.1032051	8.17806146253
0.41364303272265607	0.1116347	8.31000781958
0.41538836197465046	0.1108709	8.39205005547
0.41713369122664473	0.1949643	8.52196769391
0.41887902047863906	0.1602039	8.42659806963
0.4206243497306334	0.1140148	8.28367328529
0.4223696789826278	0.1643814	8.27671133918
0.4241150082346221	0.1785035	8.23161305539
0.42586033748661634	0.2115901	8.23114500261
0.4276056667386108	0.346172	8.36257862371
0.4293509959906051	0.3105764	8.24433251352
0.4310963252425994	0.2127599	8.01116503843
0.4328416544945937	0.2407863	7.91827497869
0.43458698374658805	0.2424263	7.77125632432
0.4363323129985824	0.1986888	7.5878413022
0.4380776422505767	0.253192	7.56824068927
0.4398229715025711	0.2127221	7.45054358215
0.44156830075456543	0.1243179	7.29694415945
0.44331363000655966	0.1470102	7.31417582974
0.445058959258554	0.1598593	7.30992643034
0.4468042885105484	0.1011029	7.21034668885
0.4485496177625427	0.1067647	7.20001138246
0.45029494701453704	0.07347935	7.13503382002
0.45204027626653137	0.03495263	7.07218568838
0.4537856055185257	0.06864637	7.14411154146
0.45553093477052004	0.08952143	7.20532940281
0.4572762640225143	0.09743322	7.22138572177
0.45902159327450864	0.1712757	7.29042524545
0.460766922526503	0.151484	7.2031515018
0.4625122517784973	0.1127534	7.05555754043
0.4642575810304917	0.170233	7.04147380938
0.466002910282486	0.2110459	7.03188159596
0.46774823953448036	0.239627	7.02148615746
0.46949356878647464	0.3543042	7.13422522998
0.47123889803846897	0.3391055	7.09353422839
0.47298422729046335	0.2527561	6.93543123339
0.47472955654245763	0.3007836	6.90524468141
0.47647488579445196	0.3460617	6.84626409513
0.4782202150464463	0.2930158	6.66841665843
0.4799655442984406	0.3155959	6.61061697367
0.481710873550435	0.2926845	6.5459082974
0.48345620280242924	0.2073849	6.45220975687
0.4852015320544237	0.2424701	6.52898071818
0.48694686130641796	0.3022453	6.62919232869
0.4886921905584123	0.2237739	6.55468094504
0.4904375198104066	0.173803	6.49549319883
0.49218284906240095	0.1404683	6.42395016245
0.4939281783143953	0.07509513	6.31324966005
0.49567350756638956	0.07960115	6.32232800812
0.4974188368183839	0.1270377	6.40229273634
0.49916416607037833	0.09752531	6.40736220897
0.5009094953223726	0.09005473	6.44134790268
0.5026548245743669	0.08059613	6.41557867217
0.5044001538263613	0.03859653	6.28233049072
0.5061454830783556	0.04517772	6.18541176518
0.5078908123303499	0.08704616	6.10856530778
0.5096361415823442	0.08484481	5.97744121634
0.5113814708343386	0.1218243	5.95548966128
0.5131268000863328	0.1358043	5.97282488932
0.5148721293383272	0.09663091	5.95917226342
0.5166174585903216	0.1101384	6.03260186806
0.5183627878423159	0.1502349	6.1008979829
0.5201081170943103	0.1127431	5.97787013279
0.5218534463463045	0.1176258	5.84264788847
0.5235987755982989	0.1440597	5.73457417789
0.5253441048502933	0.1268634	5.60870441224
0.5270894341022875	0.1493154	5.61657073563
0.5288347633542818	0.194447	5.75144507764
0.5305800926062761	0.1276018	5.80081053315
0.5323254218582705	0.07311737	5.8649892507
0.5340707511102649	0.07731808	5.9680924811
0.5358160803622593	0.06697667	5.98305025321
0.5375614096142536	0.08440045	5.96633263521
0.5393067388662478	0.1404138	5.97434111874
0.5410520681182421	0.1052141	5.88866376425
0.5427973973702365	0.06130906	5.82340536831
0.5445427266222308	0.06224559	5.83925980342
0.5462880558742251	0.04947147	5.8391933123
0.5480333851262195	0.06083435	5.84664654204
0.5497787143782138	0.1275355	5.8851908805
0.5515240436302082	0.1245194	5.81123213629
0.5532693728822025	0.1092093	5.71257761371
0.5550147021341968	0.1327595	5.66242474975
0.5567600313861911	0.1266025	5.58206365232
0.5585053606381855	0.1204237	5.51606231875
0.5602506898901798	0.1727939	5.51732061966
0.5619960191421741	0.1623525	5.42402895729
0.5637413483941685	0.1390191	5.31122503343
0.5654866776461628	0.18814	5.29691371017
0.5672320068981571	0.2164492	5.27231336339
0.5689773361501516	0.187429	5.21564982543
0.5707226654021459	0.1922781	5.22987159514
0.57246799465414	0.156576	5.19362368718
0.5742133239061344	0.1002888	5.13044866455
0.5759586531581288	0.1229858	5.1696009755
0.5777039824101231	0.1590102	5.21605886074
0.5794493116621174	0.1231304	5.18108881903
0.5811946409141118	0.1046947	5.18953449907
0.5829399701661061	0.08391092	5.20162396925
0.5846852994181004	0.04319983	5.19492023446
0.5864306286700948	0.03762598	5.24890039848
0.5881759579220891	0.05256143	5.31155964954
0.5899212871740833	0.03127948	5.29072269388
0.5916666164260777	0.03097439	5.27035035053
0.593411945678072	0.02865833	5.2261561026
0.5951572749300664	0.01257049	5.147293031
0.5969026041820608	0.02263974	5.11574479258
0.598647933434055	0.04637729	5.11807782542
0.6003932626860494	0.04733855	5.09163017274
0.6021385919380438	0.07839582	5.10675840708
0.6038839211900381	0.09071978	5.10419607497
0.6056292504420324	0.07577329	5.04387047171
0.6073745796940266	0.1084512	5.01036563909
0.609119908946021	0.1564217	4.97419469278
0.6108652381980153	0.1354462	4.84223600501
0.6126105674500096	0.1370599	4.74645984503
0.614355896702004	0.161446	4.71494870913
0.6161012259539983	0.157414	4.6874478147
0.6178465552059926	0.1859768	4.72819512038
0.6195918844579871	0.2423813	4.81853019851
0.6213372137099814	0.2006876	4.7916502846
0.6230825429619757	0.1469648	4.73278765763
0.62482787221397	0.1589629	4.72773425764
0.6265732014659643	0.1574372	4.69347604019
0.6283185307179586	0.1339114	4.64773870907
0.630063859969953	0.1496908	4.67395861222
0.6318091892219473	0.1258546	4.67979662436
0.6335545184739416	0.08310877	4.69114825856
0.635299847725936	0.09345827	4.77472622048
0.6370451769779303	0.1023376	4.83786865049
0.6387905062299246	0.05944186	4.8204489716
0.6405358354819191	0.03927848	4.80307310391
0.6422811647339132	0.02675626	4.75711695562
0.6440264939859075	0.01003657	4.69918221212
0.6457718232379019	0.01572526	4.69527118786
0.6475171524898963	0.02835494	4.71549190232
0.6492624817418906	0.01685502	4.71666970855
0.6510078109938849	0.01992189	4.74077828513
0.6527531402458793	0.01525318	4.72867138293
0.6544984694978736	0.007826389	4.67356708269
0.6562437987498679	0.02609885	4.63328622449
0.6579891280018623	0.0515329	4.58218543669
0.6597344572538565	0.05916071	4.49033899941
0.6614797865058508	0.0847329	4.43830897239
0.6632251157578453	0.08492322	4.39237552206
0.6649704450098396	0.06524824	4.33931331679
0.6667157742618339	0.08842738	4.34797714696
0.6684611035138281	0.1256748	4.37061158346
0.6702064327658226	0.1138332	4.30677936593
0.6719517620178169	0.1217984	4.24576747711
0.6736970912698113	0.143077	4.20652903187
0.6754424205218056	0.137348	4.1424815418
0.6771877497737998	0.1496641	4.1116570086
0.6789330790257941	0.1795007	4.12837148767
0.6806784082777886	0.1407982	4.08865353793
0.6824237375297829	0.1041161	4.05939060401
0.6841690667817772	0.1240751	4.09724148539
0.6859143960337715	0.1350923	4.11994650647
0.6876597252857658	0.1241355	4.11344553729
0.6894050545377601	0.1349969	4.13581092631
0.6911503837897546	0.1095836	4.12696628574
0.6928957130417489	0.06889799	4.11287345092
0.6946410422937431	0.0724543	4.15623401659
0.6963863715457375	0.08053042	4.20246045361
0.6981317007977319	0.05353649	4.20655426488
0.6998770300497262	0.0477251	4.22464815713
0.7016223593017206	0.04358471	4.22197918852
0.7033676885537148	0.02731579	4.19495512553
0.7051130178057091	0.02723003	4.19303339936
0.7068583470577035	0.03295942	4.19631437982
0.7086036763096978	0.01483012	4.17065422383
0.7103490055616921	0.01407892	4.17056532014
0.7120943348136864	0.01715353	4.16808965956
0.7138396640656808	0.01313919	4.14565175481
0.7155849933176751	0.02561212	4.14344902855
0.7173303225696696	0.04321823	4.13554852979
0.7190756518216639	0.03104459	4.06646231592
0.7208209810736581	0.03223721	4.00375478775
0.7225663103256524	0.03984434	3.95247395213
0.7243116395776468	0.03884034	3.88737553875
0.7260569688296411	0.06138915	3.85403372045
0.7278022980816354	0.09709157	3.84880565554
0.7295476273336298	0.082955	3.79178939578
0.7312929565856241	0.06950667	3.74532687736
0.7330382858376184	0.08372239	3.75045615293
0.7347836150896128	0.08560902	3.74996615215
0.7365289443416072	0.08515888	3.74777095819
0.7382742735936013	0.1085499	3.77896174447
0.7400196028455956	0.09639812	3.77233835724
0.7417649320975901	0.0760348	3.75061543876
0.7435102613495844	0.0973074	3.770039189
0.7452555906015788	0.1122716	3.77592502398
0.7470009198535731	0.08790355	3.73677699558
0.7487462491055674	0.08199404	3.7297969222
0.7504915783575618	0.07532622	3.74155441777
0.7522369076095561	0.05740075	3.76554671226
0.7539822368615504	0.06600425	3.84260901443
0.7557275661135446	0.08174725	3.93195162924
0.757472895365539	0.05596058	3.95826891191
0.7592182246175333	0.03935763	3.96181242597
0.7609635538695276	0.04178467	3.93946508088
0.7627088831215221	0.03547142	3.86890527745
0.7644542123735163	0.03380823	3.79546933002
0.7661995416255106	0.04503729	3.74705817934
0.7679448708775051	0.0295645	3.69276946434
0.7696902001294994	0.01657702	3.67938838303
0.7714355293814937	0.02190224	3.71150222016
0.773180858633488	0.02172621	3.73065721359
0.7749261878854823	0.01861861	3.72049032197
0.7766715171374766	0.03060753	3.68198938492
0.778416846389471	0.02431724	3.5684185415
0.7801621756414654	0.0175839	3.42983877978
0.7819075048934596	0.02926617	3.32732409733
0.783652834145454	0.03526452	3.25160056226
0.7853981633974483	0.02889986	3.21071073985
0.7871434926494427	0.03741558	3.23732233394
0.7888888219014369	0.0330143	3.27100735816
0.7906341511534312	0.0264181	3.29647798333
0.7923794804054256	0.04662894	3.33320280241
0.7941248096574199	0.06660954	3.331724296
0.7958701389094143	0.05761125	3.26114438134
0.7976154681614087	0.0584903	3.19951861368
0.7993607974134028	0.05776201	3.1632012175
0.8011061266653973	0.04697314	3.15789571621
0.8028514559173917	0.05691091	3.23053272604
0.8045967851693859	0.07733821	3.35553741078
0.8063421144213804	0.06364899	3.44861868729
0.8080874436733746	0.05730491	3.53493343618
0.8098327729253689	0.07249855	3.61641121953
0.8115781021773633	0.07541348	3.64239108449
0.8133234314293576	0.07108382	3.63089723082
0.815068760681352	0.07818848	3.63083011502
0.8168140899333463	0.06001255	3.62118182076
0.8185594191853405	0.04014519	3.64197238918
0.8203047484373349	0.05048486	3.72989482394
0.8220500776893291	0.05933206	3.82699673644
0.8237954069413236	0.04524222	3.88271026841
0.8255407361933178	0.04438155	3.91917259759
0.8272860654453121	0.04181716	3.90950449569
0.8290313946973066	0.03100626	3.85408427944
0.8307767239493009	0.03270307	3.79941545573
0.8325220532012952	0.03680298	3.75518708476
0.8342673824532895	0.01827857	3.71031736799
0.8360127117052839	0.009716443	3.70595520167
0.8377580409572781	0.01182717	3.72665174504
0.8395033702092726	0.01034776	3.73671976309
0.8412486994612668	0.01466115	3.73326489949
0.8429940287132611	0.02515314	3.69952128283
0.8447393579652556	0.01590762	3.60378320985
0.8464846872172498	0.01041249	3.49490719374
0.8482300164692442	0.01482685	3.40132513571
0.8499753457212387	0.01533524	3.32130198772
0.8517206749732327	0.02168974	3.28159674375
0.8534660042252271	0.04103604	3.28629058126
0.8552113334772216	0.03891789	3.27461609005
0.8569566627292158	0.03625934	3.26036546877
0.8587019919812102	0.05438725	3.26094449414
0.8604473212332044	0.06393592	3.22461592633
0.8621926504851988	0.05417834	3.13807106814
0.8639379797371932	0.05838261	3.05776914805
0.8656833089891874	0.05705892	2.97452144398
0.8674286382411819	0.05214072	2.90252078755
0.8691739674931761	0.07436329	2.89190950726
0.8709192967451703	0.09842282	2.90908852314
0.8726646259971648	0.0811772	2.8892233106
0.8744099552491592	0.06731322	2.87612110847
0.8761552845011534	0.07231595	2.87799110085
0.8779006137531478	0.06622127	2.84706241742
0.8796459430051422	0.05667341	2.79509334189
0.8813912722571364	0.06262015	2.75778540104
0.8831366015091309	0.05208694	2.71175384602
0.8848819307611251	0.04021475	2.68659586127
0.8866272600131193	0.05090791	2.71435887668
0.8883725892651138	0.05463509	2.75110637914
0.890117918517108	0.03076493	2.75842154716
0.8918632477691024	0.01699366	2.76387220706
0.8936085770210968	0.01260894	2.75616195054
0.895353906273091	0.0069222	2.72806428448
0.8970992355250854	0.008265446	2.70593316015
0.8988445647770799	0.01441151	2.70476262996
0.9005898940290741	0.006879235	2.7209363543
0.9023352232810685	0.002452187	2.77727880591
0.9040805525330627	0.001807629	2.85774540657
0.905825881785057	0.0001951723	2.93702359075
0.9075712110370514	0.005311494	3.00660090509
0.9093165402890457	0.01920097	3.04734615746
0.9110618695410401	0.02350569	3.0355715809
0.9128071987930344	0.03016412	3.00908423113
0.9145525280450286	0.03727635	2.99036530474
0.9162978572970231	0.03478721	2.9857591022
0.9180431865490173	0.0331175	3.02293136137
0.9197885158010117	0.0414257	3.10310525784
0.921533845053006	0.03729708	3.17182562881
0.9232791743050003	0.0428526	3.2375406402
0.9250245035569946	0.07770597	3.31141852369
0.9267698328089891	0.1079518	3.33813221775
0.9285151620609834	0.1089135	3.29587649239
0.9302604913129776	0.109016	3.24332955516
0.932005820564972	0.1004877	3.18797159202
0.9337511498169663	0.07888448	3.13639833226
0.9354964790689607	0.07259745	3.13148934711
0.9372418083209549	0.08007267	3.15742940243
0.9389871375729493	0.06908972	3.15542051655
0.9407324668249436	0.07088406	3.1570894916
0.9424777960769379	0.1008488	3.17672276987
0.9442231253289324	0.1172167	3.15813398352
0.9459684545809267	0.1033824	3.09181105893
0.9477137838329208	0.09012499	3.02822024386
0.9494591130849153	0.07049002	2.9648829857
0.9512044423369097	0.04583448	2.91221679602
0.9529497715889039	0.03741983	2.90142423439
0.9546951008408984	0.0387765	2.9126869486
0.9564404300928926	0.02687584	2.9075895517
0.9581857593448869	0.02326754	2.90896648132
0.9599310885968813	0.03236292	2.91547000026
0.9616764178488756	0.03345607	2.8991613668
0.96342174710087	0.02164757	2.86384186454
0.9651670763528643	0.01374677	2.83591810802
0.9669124056048585	0.006641166	2.81750628107
0.9686577348568529	0.002359087	2.82409893346
0.9704030641088474	0.0001441515	2.85951926129
0.9721483933608416	0.000249755	2.91305107953
0.9738937226128359	0.001370282	2.97341830434
0.9756390518648302	0.004542817	3.02997066578
0.9773843811168246	0.001910457	3.05812885085
0.979129710368819	0.002683756	3.06667203463
0.9808750396208132	0.007261233	3.06576830258
0.9826203688728075	0.01188258	3.05643906183
0.9843656981248019	0.01982399	3.05408593305
0.9861110273767961	0.03278104	3.07792028406
0.9878563566287906	0.03093083	3.10811026865
0.9896016858807848	0.02879851	3.15293645483
0.9913470151327791	0.04519229	3.22579237486
0.9930923443847736	0.0593348	3.2852643763
0.9948376736367678	0.0530189	3.29307624297
0.9965830028887622	0.05667658	3.28551000838
0.9983283321407567	0.06973664	3.27031433256
1.0000736613927508	0.07400915	3.23039966052
1.0018189906447452	0.08012083	3.19050346858
1.0035643198967397	0.09106548	3.16889814266
1.0053096491487339	0.07920604	3.13579675203
1.0070549784007283	0.07019858	3.1173199957
1.0088003076527225	0.09116285	3.14086156409
1.0105456369047168	0.1077692	3.15384120164
1.0122909661567112	0.09723083	3.1193337772
1.0140362954087054	0.09725087	3.0827427844
1.0157816246606999	0.1055438	3.04549837383
1.017526953912694	0.1003176	2.98490952343
1.0192722831646883	0.09511634	2.92555156046
1.0210176124166828	0.0948209	2.8811023002
1.0227629416686772	0.07457906	2.82490088994
1.0245082709206714	0.06009065	2.78691115012
1.0262536001726656	0.07390988	2.79054743162
1.02799892942466	0.08329562	2.79055237455
1.0297442586766543	0.06890858	2.76016246771
1.0314895879286488	0.06317955	2.73444286905
1.0332349171806432	0.06440564	2.71003163157
1.0349802464326374	0.05567237	2.67206864625
1.0367255756846319	0.04543855	2.63796692982
1.038470904936626	0.03999831	2.61761001103
1.0402162341886205	0.02496967	2.5975890863
1.041961563440615	0.01474145	2.59686273373
1.043706892692609	0.01854926	2.62077874694
1.0454522219446034	0.02037867	2.64436548122
1.0471975511965979	0.01095634	2.65402249666
1.048942880448592	0.00680774	2.66023599009
1.0506882097005865	0.007272627	2.65664855849
1.0524335389525807	0.00616945	2.6448846574
1.054178868204575	0.001888113	2.6325829452
1.0559241974565694	0.000575477	2.62791773117
1.0576695267085636	0.002306818	2.63660014804
1.059414855960558	0.005782814	2.66206944267
1.0611601852125523	0.003724091	2.68924155105
1.0629055144645467	0.004130632	2.71964960055
1.064650843716541	0.01047681	2.75300199362
1.0663961729685354	0.01624399	2.76986392524
1.0681415022205298	0.01858017	2.76005087669
1.069886831472524	0.02635897	2.7441745628
1.0716321607245185	0.0300745	2.72249563899
1.0733774899765127	0.03189136	2.70095165035
1.0751228192285072	0.04469396	2.70275520417
1.0768681484805014	0.05739572	2.7216590294
1.0786134777324956	0.04966591	2.72836075779
1.08035880698449	0.04888376	2.74550373621
1.0821041362364843	0.06938412	2.78218528893
1.0838494654884787	0.08312475	2.79408445104
1.085594794740473	0.08120971	2.76562113147
1.0873401239924672	0.0877566	2.73295931631
1.0890854532444616	0.0924101	2.69483589928
1.0908307824964558	0.08877704	2.65229394188
1.0925761117484503	0.09482911	2.6367169072
1.0943214410004447	0.1016699	2.64237086627
1.096066770252439	0.08513154	2.63624315458
1.0978120995044334	0.07762852	2.64744062824
1.0995574287564276	0.09809951	2.68750438324
1.101302758008422	0.1099087	2.70266612599
1.1030480872604165	0.09872483	2.67322823648
1.1047934165124107	0.09644233	2.6400368506
1.106538745764405	0.097748	2.60371875163
1.1082840750163994	0.087826	2.55903944724
1.1100294042683936	0.07997712	2.53315436025
1.111774733520388	0.07559562	2.52821173041
1.1135200627723822	0.05668561	2.5194606336
1.1152653920243765	0.04498855	2.52902843637
1.117010721276371	0.05505968	2.56480411189
1.1187560505283651	0.05986337	2.58425484364
1.1205013797803596	0.04598382	2.56935113023
1.1222467090323538	0.03942688	2.54994668467
1.1239920382843482	0.04020609	2.52653235281
1.1257373675363425	0.03343662	2.4917624776
1.127482696788337	0.022583	2.46039880035
1.1292280260403311	0.01668511	2.44132722241
1.1309733552923256	0.009118366	2.42562896213
1.13271868454432	0.004307258	2.42321753347
1.1344640137963142	0.005214328	2.43421955973
1.1362093430483085	0.006003815	2.44170553263
1.1379546723003031	0.00180805	2.43691644174
1.1397000015522971	0.0005852376	2.4270898025
1.1414453308042918	0.00269849	2.40869228515
1.143190660056286	0.005091384	2.38215089885
1.14493598930828	0.003757642	2.35025621816
1.1466813185602747	0.004652277	2.31932151829
1.1484266478122689	0.01101948	2.29453642057
1.1501719770642633	0.01654847	2.27661745739
1.1519173063162575	0.01197958	2.25613827148
1.1536626355682518	0.01063011	2.24168732292
1.1554079648202462	0.01937405	2.23834934332
1.1571532940722404	0.02587772	2.23046543255
1.1588986233242349	0.02529435	2.20862015049
1.160643952576229	0.03225713	2.18893881611
1.1623892818282235	0.04164283	2.16812227851
1.1641346110802178	0.04686109	2.13938685112
1.1658799403322122	0.05518151	2.11345346454
1.1676252695842066	0.06243341	2.08976892643
1.1693705988362009	0.05292246	2.05194956449
1.171115928088195	0.04698386	2.02280847761
1.1728612573401895	0.06008569	2.02012102216
1.1746065865921838	0.06848729	2.01536642804
1.1763519158441782	0.06080368	1.9939228849
1.1780972450961724	0.06462461	1.9858796538
1.1798425743481666	0.07841332	1.98715106914
1.181587903600161	0.08243725	1.97451392502
1.1833332328521553	0.08228782	1.95607723959
1.18507856210415	0.08379611	1.93731510057
1.186823891356144	0.0718684	1.90087926354
1.1885692206081382	0.06163641	1.87023606407
1.1903145498601329	0.07041113	1.869470025
1.192059879112127	0.07549038	1.87008227271
1.1938052083641215	0.06228554	1.85510866484
1.1955505376161157	0.06055586	1.85930287987
1.19729586686811	0.07290074	1.88060607393
1.1990411961201044	0.07424456	1.88620361254
1.2007865253720988	0.06629284	1.87849708727
1.2025318546240933	0.06320693	1.87011602771
1.2042771838760875	0.0543019	1.84714042785
1.2060225131280817	0.04484574	1.82445885754
1.2077678423800762	0.04822154	1.82423209775
1.2095131716320704	0.05012529	1.8269757954
1.2112585008840648	0.03733449	1.81805397294
1.213003830136059	0.03288064	1.82773249721
1.2147491593880533	0.0411283	1.85662442254
1.2164944886400477	0.04094009	1.87380110236
1.218239817892042	0.03127118	1.8767054309
1.2199851471440364	0.02774329	1.87941522337
1.2217304763960306	0.02432604	1.87202933035
1.2234758056480248	0.01933441	1.85934195671
1.2252211349000193	0.02004153	1.85656013498
1.2269664641520137	0.0209023	1.85655749611
1.228711793404008	0.01301514	1.85170367564
1.2304571226560024	0.009469701	1.86257938493
1.2322024519079966	0.01346851	1.89027369085
1.233947781159991	0.01296814	1.91394085135
1.2356931104119853	0.006295433	1.92786480845
1.23743843966398	0.004343213	1.93947698634
1.2391837689159741	0.00434453	1.94154921626
1.2409290981679681	0.003234987	1.93407993021
1.2426744274199628	0.002797482	1.9248967357
1.244419756671957	0.003233827	1.91720845645
1.2461650859239515	0.001190477	1.9126541426
1.2479104151759457	0.0006238977	1.92116479149
1.24965574442794	0.001313921	1.94118162192
1.2514010736799344	0.001538615	1.96591774261
1.2531464029319286	0.0008043494	1.99003287622
1.254891732183923	0.001334695	2.0086959486
1.2566370614359172	0.001763811	2.01498676527
1.2583823906879115	0.002664824	2.01083647978
1.260127719939906	0.001903444	1.99708977031
1.2618730491919004	0.001590946	1.97924145405
1.2636183784438946	0.004180313	1.96661713159
1.265363707695889	0.007043031	1.96204278674
1.2671090369478832	0.005084009	1.96083931096
1.2688543661998777	0.00654554	1.97229479077
1.270599695451872	0.01404738	1.99755691452
1.2723450247038663	0.01855228	2.01874571045
1.2740903539558606	0.01762864	2.0262297477
1.2758356832078548	0.02007773	2.02892292258
1.2775810124598492	0.02195106	2.02129200906
1.2793263417118435	0.02168481	1.99958263296
1.2810716709638381	0.02622048	1.97576006141
1.2828170002158321	0.03122178	1.95227907223
1.2845623294678263	0.02657383	1.92218450358
1.286307658719821	0.02772394	1.90674457398
1.288052987971815	0.04247506	1.9176384698
1.2897983172238097	0.05092126	1.92847841237
1.2915436464758039	0.04690062	1.92587844754
1.293288975727798	0.05086624	1.93030410835
1.2950343049797925	0.06023385	1.93525239469
1.296779634231787	0.06265609	1.92033831816
1.2985249634837812	0.06552313	1.89381744962
1.3002702927357757	0.07054884	1.86425503271
1.3020156219877699	0.06464193	1.82139768066
1.3037609512397643	0.06244011	1.78411638212
1.3055062804917585	0.07711233	1.771401349
1.307251609743753	0.08482002	1.75778519561
1.3089969389957472	0.07472402	1.72867447066
1.3107422682477414	0.07724048	1.7173482012
1.3124875974997359	0.09488886	1.72549793303
1.31423292675173	0.1015244	1.71883127731
1.3159782560037245	0.09963541	1.69752348397
1.3177235852557188	0.1038448	1.68000353669
1.319468914507713	0.102233	1.65283952171
1.3212142437597074	0.09708509	1.6161343343
1.3229595730117016	0.1029882	1.58756295909
1.324704902263696	0.1044576	1.55325343154
1.3264502315156905	0.08804854	1.50018207336
1.3281955607676847	0.08421022	1.46494199531
1.3299408900196792	0.10219	1.46082690533
1.3316862192716734	0.1093524	1.45145453081
1.3334315485236679	0.1007635	1.42980225967
1.335176877775662	0.1034715	1.42428050162
1.3369222070276563	0.1113414	1.42445148107
1.338667536279651	0.108329	1.40830778207
1.3404128655316452	0.1040119	1.3848761754
1.3421581947836396	0.1005912	1.35670733576
1.3439035240356338	0.08598369	1.31172970419
1.345648853287628	0.07662545	1.27133079537
1.3473941825396225	0.08516971	1.25283086019
1.3491395117916167	0.08725131	1.23165061957
1.3508848410436112	0.07304581	1.19927530132
1.3526301702956054	0.0716281	1.18849251825
1.3543754995475996	0.08473749	1.19984805375
1.356120828799594	0.08567475	1.20302608989
1.3578661580515883	0.07567253	1.19741838738
1.3596114873035827	0.07278936	1.19730439607
1.3613568165555772	0.06997134	1.19056849795
1.3631021458075714	0.06302091	1.17248205471
1.3648474750595658	0.0612816	1.15319352736
1.36659280431156	0.05890166	1.12666096773
1.3683381335635545	0.04634034	1.08782999264
1.3700834628155487	0.04051093	1.06208194627
1.371828792067543	0.04797111	1.06045414375
1.3735741213195374	0.04812261	1.063315177
1.3753194505715316	0.03665068	1.06587883732
1.3770647798235263	0.03464518	1.08384951666
1.3788101090755203	0.04139969	1.10796450585
1.3805554383275145	0.04090493	1.11713588817
1.3823007675795091	0.03520605	1.110162697
1.3840460968315031	0.03372313	1.09369595968
1.3857914260834978	0.03128124	1.06604029561
1.387536755335492	0.02672286	1.03548178682
1.3892820845874863	0.02483567	1.01379466584
1.3910274138394807	0.02203734	1.00104762115
1.392772743091475	0.01407582	0.995824599378
1.3945180723434694	0.01064894	1.00655938546
1.3962634015954638	0.01476767	1.03011644121
1.398008730847458	0.01593091	1.05037367485
1.3997540600994525	0.01118575	1.05914303577
1.4014993893514467	0.01165507	1.0612302896
1.4032447186034411	0.01757958	1.05496713747
1.4049900478554354	0.01859617	1.03493737772
1.4067353771074296	0.01367508	1.00537120927
1.408480706359424	0.01204934	0.979690942395
1.4102260356114182	0.01303832	0.963793127114
1.4119713648634127	0.01082557	0.957404301008
1.413716694115407	0.006924694	0.961729548065
1.4154620233674011	0.005742135	0.978006520329
1.4172073526193956	0.004584935	0.998531821003
1.4189526818713898	0.004168408	1.01537619778
1.4206980111233842	0.007663755	1.02443254929
1.4224433403753785	0.01082857	1.0207061774
1.424188669627373	0.008898359	1.00094664588
1.4259339988793673	0.01022392	0.975903071358
1.4276793281313616	0.01755633	0.955809110461
1.429424657383356	0.01939421	0.938372210364
1.4311699866353502	0.01288503	0.924694132308
1.4329153158873444	0.01117884	0.928440869794
1.434660645139339	0.01499146	0.948515554096
1.436405974391333	0.01400682	0.967428674607
1.4381513036433278	0.009879258	0.978643914102
1.439896632895322	0.01090403	0.987355288196
1.4416419621473162	0.01347988	0.987821114777
1.4433872913993107	0.01494272	0.975046847037
1.4451326206513049	0.01861206	0.956247816901
1.4468779499032993	0.02115989	0.936129534649
1.4486232791552935	0.01756218	0.914259788646
1.4503686084072878	0.01630653	0.902272505518
1.4521139376592822	0.02123349	0.906877865423
1.4538592669112764	0.02149944	0.914674877337
1.4556045961632709	0.01482047	0.918051701352
1.457349925415265	0.01475235	0.928505251407
1.4590952546672595	0.02157481	0.942729117779
1.460840583919254	0.02290539	0.941823240729
1.4625859131712482	0.0190931	0.925740759802
1.4643312424232426	0.01916198	0.909347018817
1.4660765716752369	0.01990133	0.892740483735
1.467821900927231	0.01752086	0.874271638109
1.4695672301792255	0.01653694	0.862754042714
1.4713125594312197	0.01642166	0.858666669917
1.4730578886832144	0.01271304	0.854449125754
1.4748032179352084	0.01296769	0.856239424704
1.4765485471872026	0.02085677	0.865600861615
1.4782938764391973	0.02406374	0.864952930264
1.4800392056911913	0.01871916	0.849512789809
1.481784534943186	0.01852631	0.838469855953
1.4835298641951802	0.02363523	0.834828204882
1.4852751934471744	0.02108865	0.824612765723
1.4870205226991688	0.01323651	0.811585623466
1.488765851951163	0.01084268	0.808249713647
1.4905111812031575	0.01062592	0.808237015988
1.4922565104551517	0.009723716	0.804796313079
1.4940018397071462	0.01298691	0.801967504027
1.4957471689591406	0.01673247	0.795746549509
1.4974924982111348	0.01506523	0.78080384453
1.4992378274631293	0.01652484	0.770200109671
1.5009831567151235	0.02357721	0.770530862966
1.5027284859671177	0.02321555	0.768211051692
1.5044738152191122	0.01443201	0.761828493038
1.5062191444711064	0.0113391	0.767481217415
1.5079644737231008	0.01342303	0.781855590024
1.509709802975095	0.01115697	0.787748841162
1.5114551322270893	0.007967846	0.785278636491
1.5132004614790837	0.009510067	0.781557169024
1.514945790731078	0.01115868	0.771640696464
1.5166911199830724	0.01250056	0.755847796724
1.5184364492350666	0.01656808	0.743087133941
1.520181778487061	0.01773708	0.733341049014
1.5219271077390553	0.01289283	0.726100080834
1.5236724369910497	0.01115285	0.733351343674
1.5254177662430441	0.01434464	0.756041083628
1.5271630954950384	0.01298446	0.776218157803
1.5289084247470326	0.007383954	0.786352614977
1.5306537539990273	0.007133501	0.79372696938
1.5323990832510213	0.01059032	0.793449886845
1.534144412503016	0.01052215	0.775191546377
1.5358897417550101	0.008925514	0.746651686322
1.5376350710070041	0.009292134	0.722451469287
1.5393804002589988	0.008684842	0.706590771126
1.541125729510993	0.007799477	0.702991313457
1.5428710587629875	0.009706091	0.716327466461
1.5446163880149817	0.01028036	0.738635505747
1.546361717266976	0.007006561	0.759006241882
1.5481070465189704	0.007216776	0.777749893451
1.5498523757709646	0.01202238	0.790719497759
1.551597705022959	0.01206482	0.784404340051
1.5533430342749532	0.007097215	0.760223412625
1.5550883635269477	0.006207663	0.735435681331
1.556833692778942	0.008184664	0.716151357229
1.5585790220309363	0.006605228	0.699445386772
1.5603243512829308	0.004480004	0.692225416901
1.562069680534925	0.005232043	0.701445874393
1.5638150097869192	0.005627276	0.721029004772
1.5655603390389137	0.006790938	0.744402464561
1.567305668290908	0.01126798	0.768556082943
1.5690509975429023	0.01309475	0.784161157997
1.5707963267948966	0.009773212	0.784654916009
1.5725416560468908	0.009249962	0.776750318762
1.5742869852988854	0.01219682	0.76494731781
1.5760323145508797	0.01008032	0.745389697408
1.5777776438028739	0.004358715	0.724455656876
1.579522973054868	0.003358466	0.717452922187
1.5812683023068623	0.005589787	0.726218501122
1.583013631558857	0.006020917	0.741682204657
1.5847589608108512	0.006786931	0.761656643031
1.5865042900628454	0.009266767	0.785529946222
1.5882496193148399	0.0106332	0.804706875933
1.589994948566834	0.01142338	0.812703097911
1.5917402778188285	0.0131174	0.811139623901
1.593485607070823	0.01225548	0.801191801868
1.5952309363228174	0.008078985	0.78514279362
1.5969762655748114	0.006146937	0.772118977844
1.5987215948268056	0.007664787	0.767839346038
1.6004669240788003	0.006895762	0.767541793033
1.6022122533307945	0.003825126	0.769932437212
1.6039575825827892	0.004843511	0.78101603976
1.6057029118347834	0.009453008	0.797931640677
1.6074482410867772	0.01064033	0.808817312609
1.6091935703387719	0.00890597	0.812163771989
1.610938899590766	0.009665439	0.814529791437
1.6126842288427607	0.01141713	0.814165977106
1.614429558094755	0.01037843	0.8063018135
1.6161748873467492	0.009189979	0.795731893267
1.6179202165987434	0.009045542	0.787631616806
1.6196655458507379	0.007641525	0.781581474018
1.6214108751027323	0.007724162	0.780256185268
1.6231562043547265	0.01175395	0.786505047403
1.624901533606721	0.01295181	0.793436246946
1.6266468628587152	0.009474985	0.796705346468
1.6283921921107094	0.01007298	0.802233182672
1.630137521362704	0.01496393	0.809450809466
1.6318828506146983	0.01405168	0.808036129497
1.6336281798666925	0.009064279	0.800085425879
1.6353735091186867	0.009221457	0.797565919528
1.637118838370681	0.01237899	0.800319469529
1.6388641676226756	0.01248752	0.800489027751
1.6406094968746698	0.01268338	0.800279353297
1.642354826126664	0.01452973	0.803105093135
1.6441001553786583	0.01472497	0.804765940943
1.6458454846306525	0.01473262	0.80382907494
1.6475908138826472	0.01670884	0.804172340855
1.6493361431346414	0.015349	0.804162946555
1.6510814723866356	0.01003228	0.803061758994
1.6528268016386303	0.008434971	0.807381329212
1.6545721308906243	0.01127527	0.817511901023
1.6563174601426187	0.01052309	0.82257655656
1.6580627893946132	0.007097921	0.820642830073
1.6598081186466074	0.008734188	0.820481327718
1.6615534478986018	0.01399812	0.821701103222
1.6632987771505963	0.01496732	0.815732316334
1.6650441064025905	0.01300722	0.806573707916
1.6667894356545847	0.01362198	0.804093831012
1.668534764906579	0.01498166	0.806484552575
1.6702800941585736	0.0131711	0.807317972536
1.6720254234105678	0.01103273	0.808834806487
1.673770752662562	0.00991306	0.811845802195
1.6755160819145563	0.007897061	0.812684892603
1.6772614111665505	0.007487802	0.813144161184
1.6790067404185451	0.01132127	0.816179399976
1.6807520696705394	0.0129097	0.814927473485
1.6824973989225336	0.01051354	0.807451261208
1.684242728174528	0.01285074	0.803122574022
1.6859880574265222	0.01993964	0.802455158822
1.6877333866785167	0.01998975	0.793931973086
1.6894787159305111	0.01444391	0.780629477497
1.6912240451825054	0.01426649	0.776277610886
1.6929693744344996	0.01719868	0.779970093124
1.6947147036864938	0.01486585	0.782123665291
1.6964600329384885	0.01168589	0.785796362762
1.6982053621904827	0.01214969	0.794550112116
1.6999506914424773	0.01262911	0.801818449996
1.7016960206944716	0.01308709	0.803716764154
1.7034413499464653	0.01648113	0.802743770891
1.70518667919846	0.01725394	0.795226952869
1.7069320084504542	0.01370428	0.780801928729
1.708677337702449	0.01372903	0.769717403304
1.7104226669544431	0.01775101	0.765997828322
1.7121679962064373	0.01589257	0.761135378138
1.7139133254584316	0.009944035	0.757291425207
1.7156586547104258	0.009706336	0.765679810285
1.7174039839624204	0.0134304	0.783076794615
1.7191493132144147	0.01236115	0.795450758
1.7208946424664089	0.009290123	0.802608030975
1.7226399717184033	0.01031737	0.810012217684
1.7243853009703975	0.01291394	0.812366937083
1.726130630222392	0.01264484	0.803152692081
1.7278759594743864	0.01218236	0.787908778207
1.7296212887263807	0.0124732	0.771936741611
1.7313666179783749	0.01161825	0.756900954778
1.733111947230369	0.01116186	0.748651139233
1.7348572764823638	0.0133085	0.75211539467
1.736602605734358	0.01310451	0.760605809943
1.7383479349863522	0.009804639	0.770425987194
1.7400932642383464	0.0106524	0.786193084384
1.7418385934903406	0.01597101	0.803410520067
1.7435839227423353	0.01584944	0.80684026022
1.7453292519943295	0.01157441	0.796931854998
1.7470745812463238	0.01277068	0.786014423777
1.7488199104983184	0.01730792	0.774507273293
1.7505652397503124	0.01592554	0.755838222955
1.7523105690023069	0.01229948	0.738071492797
1.7540558982543013	0.0125262	0.731017418683
1.7558012275062955	0.01348552	0.732233563985
1.75754655675829	0.01244545	0.737622699247
1.7592918860102844	0.01293526	0.748792986384
1.7610372152622786	0.01305281	0.760550634777
1.7627825445142729	0.01090214	0.767170711892
1.764527873766267	0.01117285	0.771263155872
1.7662732030182617	0.01489831	0.773166118234
1.768018532270256	0.01404447	0.76429413611
1.7697638615222502	0.009494329	0.747757452629
1.7715091907742444	0.009798228	0.737256753821
1.7732545200262386	0.01371775	0.734529106472
1.7749998492782333	0.01215484	0.73006246163
1.7767451785302275	0.007930418	0.727283015481
1.7784905077822217	0.008578583	0.734199630451
1.780235837034216	0.01173115	0.744936243438
1.7819811662862104	0.0110309	0.748696846581
1.7837264955382048	0.009644079	0.747753922704
1.785471824790199	0.01069678	0.74570341285
1.7872171540421935	0.01178681	0.740696712152
1.7889624832941877	0.01185064	0.73410719623
1.790707812546182	0.01344146	0.731269736628
1.7924531417981766	0.01357009	0.729528562059
1.7941984710501708	0.01112837	0.727726436866
1.7959438003021653	0.01144532	0.731511662048
1.7976891295541597	0.01535209	0.739598737117
1.7994344588061535	0.01443813	0.739724973721
1.8011797880581482	0.01003681	0.732261177199
1.8029251173101424	0.01108246	0.727717384085
1.804670446562137	0.01572689	0.724804215041
1.8064157758141313	0.01450988	0.714171045858
1.8081611050661255	0.01093685	0.702154243566
1.8099064343181197	0.01177068	0.699158984963
1.811651763570114	0.01384187	0.702662931843
1.8133970928221086	0.0125383	0.706537598878
1.8151424220741028	0.011575	0.713744338203
1.816887751326097	0.01136696	0.723187423927
1.8186330805780915	0.009975774	0.729506893508
1.8203784098300857	0.009584927	0.73229568518
1.8221237390820801	0.01180718	0.732676057488
1.8238690683340746	0.0110064	0.724733886391
1.8256143975860688	0.007631339	0.710503438272
1.827359726838063	0.008179558	0.701046851351
1.8291050560900572	0.01190245	0.698810903311
1.830850385342052	0.01062819	0.695472220356
1.8325957145940461	0.006746582	0.694472210615
1.8343410438460404	0.007537054	0.704622197704
1.8360863730980346	0.01097153	0.720652494422
1.8378317023500288	0.009837355	0.729587779851
1.8395770316020235	0.007420361	0.732852898745
1.8413223608540177	0.008544152	0.735551522236
1.843067690106012	0.01077061	0.734199386144
1.8448130193580066	0.01071325	0.725603525149
1.8465583486100006	0.01137326	0.71623594415
1.848303677861995	0.01221634	0.708827085448
1.8500490071139892	0.01155106	0.703264784226
1.8517943363659837	0.01193005	0.703188896036
1.8535396656179781	0.01477581	0.709836910166
1.8552849948699723	0.01376297	0.714146528049
1.8570303241219668	0.009734614	0.71445404846
1.858775653373961	0.01025361	0.717645998206
1.8605209826259552	0.01428076	0.721532321426
1.8622663118779499	0.01284093	0.715244719115
1.864011641129944	0.009173384	0.703750886363
1.8657569703819383	0.01077182	0.699113352442
1.8675022996339325	0.01460525	0.699763108595
1.8692476288859268	0.01375928	0.69719655371
1.8709929581379214	0.01195426	0.696134107231
1.8727382873899157	0.01244406	0.70145024346
1.8744836166419099	0.01277174	0.708008989396
1.876228945893904	0.01144234	0.710638680569
1.8779742751458985	0.01118057	0.712260895681
1.879719604397893	0.01012056	0.711792957306
1.8814649336498872	0.007779112	0.70821448299
1.8832102629018816	0.007768922	0.706128722789
1.8849555921538759	0.01079585	0.708002399601
1.88670092140587	0.01032831	0.706872798076
1.8884462506578648	0.007575982	0.704199219002
1.890191579909859	0.00952976	0.708970016746
1.8919369091618534	0.01474228	0.719211931853
1.8936822384138474	0.01398656	0.722712567375
1.8954275676658416	0.01032333	0.72263271021
1.8971728969178363	0.01173235	0.728844477623
1.8989182261698305	0.01530619	0.737008535773
1.9006635554218252	0.01338525	0.736536374938
1.9024088846738194	0.01055236	0.732920310325
1.9041542139258136	0.01136313	0.733199249786
1.9058995431778079	0.01276589	0.733871232628
1.907644872429802	0.01282011	0.731470341308
1.9093902016817967	0.01484159	0.730581651662
1.911135530933791	0.01584026	0.729607519459
1.9128808601857852	0.01457503	0.726074598206
1.9146261894377794	0.01595902	0.723732137392
1.9163715186897738	0.02014531	0.723652647077
1.9181168479417683	0.01843242	0.71747833518
1.9198621771937625	0.01334003	0.708128184799
1.921607506445757	0.01396635	0.707037941978
1.9233528356977512	0.01793879	0.712873145171
1.9250981649497454	0.01555353	0.713545623556
1.92684349420174	0.01137202	0.712962199738
1.9285888234537343	0.01323519	0.720222578209
1.9303341527057285	0.01747526	0.728948213995
1.9320794819577227	0.01675218	0.727110504138
1.933824811209717	0.01526321	0.719905104177
1.9355701404617116	0.01666186	0.714793149157
1.9373154697137058	0.01807803	0.709302966891
1.9390607989657	0.0172585	0.701120143864
1.9408061282176947	0.01741092	0.697013179233
1.9425514574696887	0.01689468	0.69811207138
1.9442967867216832	0.01489547	0.702809240804
1.9460421159736774	0.01539339	0.713581018358
1.9477874452256718	0.01928694	0.730312700233
1.9495327744776663	0.01864649	0.742522686182
1.9512781037296605	0.01517168	0.749089760946
1.953023432981655	0.01778105	0.757567279559
1.9547687622336491	0.02398873	0.764435392747
1.9565140914856434	0.02222732	0.756814053677
1.958259420737638	0.0172795	0.741040766901
1.9600047499896323	0.01923924	0.73145965675
1.9617500792416265	0.02365583	0.726122168341
1.9634954084936207	0.02117671	0.715751609103
1.965240737745615	0.01782715	0.708659496486
1.9669860669976096	0.01921247	0.71326134369
1.9687313962496038	0.02121463	0.722976307445
1.970476725501598	0.02049538	0.729055370911
1.9722220547535922	0.02095996	0.734130257107
1.9739673840055865	0.02101622	0.737073528058
1.9757127132575811	0.01935956	0.734213799104
1.9774580425095754	0.01954946	0.727561233937
1.9792033717615696	0.02241737	0.720879094011
1.980948701013564	0.02063648	0.709820138904
1.9826940302655582	0.01637875	0.69760168614
1.9844393595175527	0.01809552	0.694241504202
1.9861846887695471	0.02358917	0.698974536802
1.9879300180215416	0.02185244	0.699766985456
1.9896753472735356	0.01736907	0.700311848961
1.9914206765255298	0.02025942	0.711064550472
1.9931660057775245	0.02605718	0.72580990054
1.9949113350295187	0.02364484	0.729924584703
1.9966566642815133	0.01912058	0.729317181617
1.9984019935335076	0.02075503	0.734405706905
2.0001473227855016	0.02381636	0.740024993351
2.0018926520374962	0.02185985	0.737962084849
2.0036379812894904	0.02059646	0.73626343416
2.0053833105414847	0.02196465	0.740474800947
2.0071286397934793	0.022886	0.746442758401
2.0088739690454736	0.02395199	0.75147424771
2.0106192982974678	0.02734454	0.758102823868
2.012364627549462	0.02714085	0.761242788147
2.0141099568014567	0.02397578	0.759225835239
2.015855286053451	0.02507964	0.757790840816
2.017600615305445	0.02899968	0.757502960364
2.0193459445574393	0.02550415	0.74946675751
2.0210912738094335	0.01931591	0.73870832379
2.022836603061428	0.02090946	0.737195294636
2.0245819323134224	0.02626126	0.74117983639
2.0263272615654166	0.02394642	0.736751508235
2.028072590817411	0.01999741	0.729693451791
2.029817920069405	0.0237258	0.731332451292
2.0315632493213998	0.02971417	0.735432921655
2.033308578573394	0.02817369	0.730021620585
2.035053907825388	0.02512681	0.723293815956
2.036799237077383	0.02655872	0.724456648518
2.0385445663293766	0.02810536	0.727977325418
2.0402898955813713	0.02559249	0.726997740309
2.0420352248333655	0.02418891	0.727496015846
2.0437805540853597	0.02378574	0.730608992624
2.0455258833373544	0.02263259	0.732785205405
2.0472712125893486	0.02389702	0.73510232103
2.049016541841343	0.0287743	0.739826347335
2.050761871093337	0.02881604	0.739809782708
2.0525072003453313	0.02594107	0.736242523512
2.054252529597326	0.02952114	0.738120380024
2.05599785884932	0.0359951	0.743401388892
2.0577431881013144	0.03242616	0.73984606273
2.0594885173533086	0.02538563	0.734246794167
2.0612338466053033	0.02699278	0.739950631181
2.0629791758572975	0.03148231	0.750988082386
2.0647245051092917	0.02716776	0.752511079546
2.0664698343612864	0.02216337	0.751199355891
2.0682151636132806	0.0253336	0.756361952426
2.069960492865275	0.03056928	0.759421812177
2.0717058221172695	0.02998432	0.749244328611
2.0734511513692637	0.02937899	0.734454564178
2.075196480621258	0.03163537	0.723348482723
2.076941809873252	0.03292617	0.713664653105
2.0786871391252464	0.03146078	0.704077371856
2.080432468377241	0.03070524	0.701632491509
2.0821777976292353	0.02829743	0.705874889865
2.08392312688123	0.02437933	0.714000629636
2.0856684561332237	0.02373671	0.726803087311
2.087413785385218	0.02659331	0.742308979435
2.0891591146372126	0.02453711	0.749524218799
2.090904443889207	0.02086393	0.749104237497
2.0926497731412015	0.02487026	0.749789639121
2.0943951023931957	0.0323514	0.748791434471
2.0961404316451895	0.03038663	0.734940270301
2.097885760897184	0.02547817	0.71796078315
2.0996310901491784	0.02899114	0.713556545452
2.101376419401173	0.03434534	0.717557077976
2.1031217486531673	0.02950286	0.71742738889
2.1048670779051615	0.02314535	0.721829849273
2.1066124071571557	0.02449379	0.739589588512
2.10835773640915	0.02732843	0.759862191792
2.1101030656611446	0.02439871	0.768799003853
2.111848394913139	0.02263544	0.77142614819
2.113593724165133	0.0247844	0.771448992079
2.1153390534171272	0.02692011	0.763969617588
2.1170843826691215	0.02784463	0.747883321668
2.118829711921116	0.03036051	0.731607631316
2.1205750411731104	0.03052754	0.717210244834
2.1223203704251046	0.02859691	0.706801459436
2.124065699677099	0.02957593	0.70591774035
2.1258110289290935	0.03260877	0.71484683188
2.1275563581810877	0.02917232	0.723391316783
2.129301687433082	0.02372953	0.731973345952
2.1310470166850766	0.02549812	0.746383153215
2.132792345937071	0.03030027	0.759501683987
2.134537675189065	0.02667442	0.756762948816
2.1362830044410597	0.02158725	0.745203896447
2.138028333693054	0.02532186	0.738223450352
2.139773662945048	0.03139444	0.73175594196
2.141518992197043	0.028285	0.715945148823
2.143264321449037	0.02402559	0.703113373049
2.1450096507010312	0.02717778	0.705738307249
2.1467549799530254	0.0312963	0.716227416587
2.1485003092050197	0.02833048	0.722611827889
2.1502456384570143	0.02546737	0.730568092526
2.1519909677090086	0.02676602	0.742834613729
2.1537362969610028	0.02794008	0.751178211061
2.155481626212997	0.02654565	0.750089316007
2.157226955464991	0.02671474	0.745326695809
2.158972284716986	0.026339	0.737534210987
2.16071761396898	0.02481374	0.727112819956
2.1624629432209743	0.02576871	0.718924661454
2.1642082724729685	0.02910098	0.715682879389
2.1659536017249628	0.0269815	0.711029995782
2.1676989309769574	0.02309421	0.708354651468
2.1694442602289516	0.02577937	0.715534383909
2.171189589480946	0.03085894	0.727530034679
2.17293491873294	0.02710283	0.730606672124
2.1746802479849343	0.021689	0.730070789021
2.176425577236929	0.02474076	0.735519598588
2.178170906488923	0.02963821	0.739167874963
2.179916235740918	0.0252317	0.728590325045
2.1816615649929116	0.02009959	0.71500055091
2.183406894244906	0.02275176	0.711429987819
2.1851522234969005	0.02653099	0.712553535873
2.1868975527488947	0.02324833	0.709395848343
2.1886428820008894	0.02027613	0.710798694284
2.1903882112528836	0.0221267	0.72164951428
2.192133540504878	0.02412945	0.732934328001
2.193878869756872	0.02242207	0.736094613515
2.1956241990088667	0.02163257	0.735598841149
2.197369528260861	0.02170617	0.732396907195
2.199114857512855	0.02114863	0.724994214417
2.20086018676485	0.02082228	0.715773970688
2.202605516016844	0.02219356	0.709654056452
2.2043508452688383	0.020698	0.703902309827
2.206096174520833	0.01827824	0.700842423939
2.207841503772827	0.02020361	0.705952642747
2.2095868330248214	0.02440739	0.716390863459
2.2113321622768156	0.02212273	0.721241742054
2.21307749152881	0.01854971	0.724770777722
2.2148228207808045	0.02208311	0.73515526235
2.2165681500327987	0.02736991	0.745325477967
2.218313479284793	0.0235689	0.742150645738
2.220058808536787	0.01859877	0.734170231434
2.2218041377887814	0.02152938	0.732490081037
2.223549467040776	0.02552533	0.730642258491
2.2252947962927703	0.02111057	0.719195554055
2.2270401255447645	0.01683049	0.709821856508
2.2287854547967587	0.01917329	0.711937873827
2.230530784048753	0.02210928	0.718137737188
2.2322761133007476	0.01965757	0.719356931752
2.234021442552742	0.01813332	0.721555179899
2.235766771804736	0.01963784	0.726416719486
2.2375121010567303	0.02083796	0.728074276425
2.239257430308725	0.01991234	0.723564479484
2.241002759560719	0.01999215	0.718268294886
2.2427480888127134	0.01927372	0.71216516575
2.2444934180647076	0.01784904	0.705883816693
2.246238747316702	0.01781215	0.702437250722
2.2479840765686965	0.01929975	0.702459437089
2.2497294058206907	0.01708755	0.69956990642
2.251474735072685	0.01427974	0.696756702024
2.253220064324679	0.01616069	0.700142942316
2.254965393576674	0.01983689	0.706056395724
2.256710722828668	0.01706564	0.704569161457
2.2584560520806622	0.01362854	0.702228813046
2.260201381332657	0.01687403	0.707538260109
2.261946710584651	0.0213657	0.713728693944
2.2636920398366454	0.01773942	0.709856300884
2.26543736908864	0.01373823	0.705592508163
2.2671826983406342	0.01663124	0.71064793237
2.2689280275926285	0.02011937	0.71800042308
2.2706733568446227	0.01637988	0.717991916452
2.272418686096617	0.01302234	0.71893513491
2.2741640153486116	0.01480794	0.725802439022
2.2759093446006062	0.01666382	0.730743408384
2.2776546738526	0.01383482	0.726866587934
2.2794000031045942	0.0118384	0.721527137469
2.2811453323565885	0.01219328	0.718330373177
2.2828906616085836	0.01245579	0.715236269834
2.284635990860578	0.0110872	0.711451522326
2.286381320112572	0.01096173	0.710915620533
2.288126649364566	0.01059887	0.710994191101
2.28987197861656	0.01017738	0.710461725508
2.291617307868555	0.01102093	0.710473216224
2.2933626371205493	0.01333647	0.710640803411
2.2951079663725436	0.0126055	0.705525770303
2.2968532956245378	0.01144459	0.699705437363
2.2985986248765315	0.01384229	0.69972450587
2.3003439541285267	0.01723778	0.702362065801
2.302089283380521	0.01462496	0.698734910901
2.303834612632515	0.01135267	0.695418862604
2.3055799418845093	0.01338022	0.700039019849
2.3073252711365035	0.01613499	0.706884140903
2.309070600388498	0.01211292	0.707122950967
2.3108159296404924	0.008497643	0.709893295659
2.3125612588924866	0.01099675	0.721972184977
2.314306588144481	0.01424069	0.734449045152
2.316051917396475	0.01163915	0.736255888164
2.3177972466484698	0.009689701	0.733345779784
2.319542575900464	0.01202659	0.729914716894
2.321287905152458	0.01420147	0.72125793783
2.3230332344044524	0.01157671	0.705027538474
2.324778563656447	0.009331468	0.692252738641
2.3265238929084413	0.009490221	0.689042176831
2.3282692221604355	0.00958477	0.693688690839
2.33001455141243	0.007152198	0.702774252325
2.3317598806644244	0.005844441	0.716825869755
2.3335052099164186	0.005532444	0.730194684959
2.3352505391684133	0.005447649	0.73843981857
2.3369958684204075	0.005532925	0.740439890093
2.3387411976724017	0.007190584	0.736772411515
2.340486526924396	0.00724426	0.724439723796
2.34223185617639	0.007199747	0.708836202859
2.343977185428385	0.009529425	0.696578837005
2.345722514680379	0.01254467	0.686767261439
2.3474678439323733	0.01066411	0.673655117936
2.3492131731843675	0.008259096	0.664608186256
2.3509585024363617	0.009412523	0.666834591268
2.3527038316883564	0.01072257	0.676160073612
2.3544491609403506	0.006867255	0.684852208237
2.356194490192345	0.003772964	0.699108669701
2.357939819444339	0.005046566	0.721357394879
2.3596851486963333	0.00703158	0.741216937391
2.361430477948328	0.004973362	0.747240615348
2.363175807200322	0.003732868	0.744221100065
2.3649211364523164	0.005811478	0.736784995106
2.3666664657043106	0.008130334	0.722895774758
2.368411794956305	0.00618157	0.702137014754
2.3701571242083	0.004497611	0.686602613215
2.371902453460294	0.005771777	0.683246294494
2.373647782712288	0.00716565	0.689413946664
2.375393111964282	0.004595343	0.699645132743
2.3771384412162764	0.002780124	0.714850803792
2.3788837704682715	0.003374555	0.730685102119
2.3806290997202657	0.004015121	0.74140788286
2.38237442897226	0.002926203	0.744244197473
2.384119758224254	0.003509177	0.741269087881
2.3858650874762484	0.004307149	0.730934412988
2.387610416728243	0.005144106	0.716799319768
2.3893557459802373	0.006852087	0.703642670594
2.3911010752322315	0.009183787	0.692430227697
2.3928464044842257	0.008116172	0.679764118217
2.39459173373622	0.006623204	0.672026756781
2.3963370629882146	0.006860184	0.674484209208
2.398082392240209	0.006959301	0.683732078808
2.3998277214922035	0.003794965	0.692750312511
2.4015730507441977	0.001589376	0.705217529309
2.403318379996192	0.001671864	0.721404722377
2.4050637092481866	0.002415382	0.733060368866
2.406809038500181	0.001092803	0.731744795557
2.408554367752175	0.0005657745	0.723015102517
2.4102996970041692	0.001836421	0.71218946994
2.4120450262561635	0.003715169	0.698761606743
2.413790355508158	0.002590487	0.681855600773
2.4155356847601523	0.001738667	0.671412731332
2.4172810140121466	0.003501675	0.672700685938
2.419026343264141	0.005524883	0.681629049433
2.420771672516135	0.003358775	0.691760183121
2.4225170017681297	0.001696838	0.70570844612
2.424262331020124	0.002675868	0.7218620817
2.426007660272118	0.003426129	0.734606093105
2.4277529895241123	0.001311625	0.739868419421
2.4294983187761066	0.0006017966	0.740326131728
2.4312436480281012	0.00106733	0.734533426873
2.4329889772800954	0.00163064	0.722738288715
2.4347343065320897	0.001695763	0.706983340838
2.436479635784084	0.002551631	0.690745767617
2.438224965036078	0.0022724	0.674369811755
2.4399702942880728	0.002184859	0.664146941034
2.441715623540067	0.002137653	0.664546016745
2.443460952792061	0.00224918	0.674498106896
2.4452062820440554	0.001377258	0.687983453867
2.4469516112960497	0.00115764	0.70514553699
2.4486969405480443	0.0007604262	0.723336595649
2.4504422698000385	0.0008847033	0.73583294892
2.4521875990520328	0.0004314361	0.736144598286
2.4539329283040274	0.0003707876	0.729607141645
2.4556782575560216	0.0005873925	0.72146849891
2.457423586808016	0.001609018	0.711955285562
2.4591689160600105	0.0009310637	0.699162554685
2.4609142453120048	0.0005570693	0.69018039733
2.462659574563999	0.001553181	0.687973023179
2.464404903815993	0.002755652	0.688189517148
2.466150233067988	0.001175415	0.685870195317
2.467895562319982	0.0002889959	0.686579248617
2.4696408915719763	0.0007919736	0.692390321381
2.4713862208239705	0.001339948	0.700467419283
2.4731315500759647	0.0003263467	0.707477271171
2.47487687932796	0.0003416838	0.715968015824
2.476622208579954	0.0005403798	0.723478662125
2.4783675378319483	0.0009499529	0.726697658995
2.480112867083942	0.0005756603	0.723522450225
2.4818581963359363	0.000566941	0.71702737065
2.4836035255879314	0.000403714	0.708327621374
2.4853488548399256	0.0008737588	0.700893427718
2.48709418409192	0.0002054055	0.696407469552
2.488839513343914	0.00001022991	0.695957255196
2.490584842595908	0.000518004	0.695993543207
2.492330171847903	0.001307831	0.695936768242
2.494075501099897	0.0003671446	0.694472803043
2.4958208303518914	0.00014824	0.690607693493
2.4975661596038856	0.0001521699	0.682179294493
2.49931148885588	0.0002588585	0.674970787385
2.5010568181078745	0.00007539057	0.673618400873
2.5028021473598687	0.0008043402	0.677444448647
2.504547476611863	0.0004139101	0.681861663066
2.506292805863857	0.0004519332	0.690330325209
2.5080381351158514	0.0008930266	0.703013733181
2.509783464367846	0.001358664	0.714408994164
2.5115287936198403	0.0005620169	0.719354929336
2.5132741228718345	0.0006204051	0.723164756013
2.5150194521238287	0.0001980122	0.727502976092
2.516764781375823	0.00004822839	0.729507653516
2.5185101106278176	0.0003940327	0.726083523484
2.520255439879812	0.001296717	0.721071436888
2.522000769131806	0.0004413134	0.714779053874
2.5237460983838007	0.0002219713	0.706564648444
2.525491427635795	0.0004837606	0.696180046241
2.527236756887789	0.0007190504	0.689084432031
2.528982086139784	0.00007909889	0.687289986371
2.530727415391778	0.0003768953	0.69088150365
2.5324727446437723	0.00003247508	0.697193075288
2.5342180738957665	0.0001159582	0.706413816094
2.535963403147761	0.0003529117	0.714861268152
2.5377087323997554	0.0008238844	0.719982668119
2.5394540616517496	0.0003610812	0.719928187382
2.541199390903744	0.0006957938	0.716160071122
2.542944720155738	0.0002956534	0.70757127224
2.5446900494077327	0.0001455476	0.697755399374
2.546435378659727	0.000589795	0.689567200273
2.548180707911721	0.001477048	0.683507927951
2.5499260371637154	0.0003812664	0.677028314183
2.5516713664157096	0.00001935311	0.674957118281
2.5534166956677042	0.0003365404	0.679545009558
2.5551620249196985	0.0006043034	0.688263765147
2.5569073541716927	0.00007637273	0.696744109374
2.558652683423687	0.0007258542	0.708141207057
2.560398012675681	0.0006171341	0.721353990325
2.5621433419276762	0.0009226886	0.730983118345
2.56388867117967	0.001902397	0.731609834067
2.5656340004316642	0.003003815	0.727260051596
2.5673793296836585	0.00205242	0.720339455113
2.5691246589356527	0.001715403	0.710468662107
2.570869988187648	0.001574047	0.696781014139
2.572615317439642	0.001390398	0.68664455101
2.5743606466916362	0.0004783088	0.683149022593
2.57610597594363	0.0004143163	0.683594795238
2.5778513051956247	0.00001903329	0.68410227824
2.5795966344476193	0.0003524267	0.688929920186
2.5813419636996136	0.0001369326	0.697877257117
2.5830872929516078	0.0002162169	0.707499324883
2.584832622203602	0.0008470411	0.714837195438
2.586577951455596	0.002213321	0.722174222285
2.588323280707591	0.001149803	0.726802129013
2.590068609959585	0.0007266649	0.726948608811
2.5918139392115793	0.002619098	0.721635701007
2.593559268463574	0.004328948	0.712607801432
2.595304597715568	0.00227253	0.699647348351
2.5970499269675624	0.001333794	0.687539955013
2.598795256219557	0.002393891	0.679393730793
2.6005405854715513	0.002816713	0.676770529387
2.6022859147235455	0.0007583428	0.67786424412
2.6040312439755398	0.00009013704	0.684626356724
2.6057765732275344	0.0004352729	0.695564454272
2.6075219024795286	0.001112846	0.707360174291
2.609267231731523	0.0006838615	0.715093722228
2.611012560983517	0.001155372	0.721037239696
2.6127578902355113	0.002335589	0.725934463479
2.614503219487506	0.003850685	0.727244365995
2.6162485487395	0.003120312	0.720718770414
2.6179938779914944	0.002847091	0.711806689336
2.6197392072434886	0.003795898	0.703624249186
2.621484536495483	0.004461622	0.693338703089
2.6232298657474775	0.002406693	0.678165681477
2.6249751949994717	0.001498222	0.667305601278
2.626720524251466	0.00172825	0.665269469406
2.62846585350346	0.001817204	0.66816904767
2.6302111827554544	0.0008683924	0.67168244108
2.631956512007449	0.001177111	0.681482887437
2.6337018412594433	0.0009908972	0.697110662308
2.6354471705114375	0.001189468	0.711659781779
2.6371924997634317	0.001822947	0.719521676769
2.638937829015426	0.00283537	0.725400010069
2.6406831582674206	0.002128931	0.729816677591
2.642428487519415	0.002131329	0.72925998848
2.644173816771409	0.002709587	0.721237137716
2.6459191460234033	0.003289534	0.711962581632
2.647664475275398	0.002109956	0.703360466398
2.649409804527392	0.001668734	0.694438813637
2.6511551337793864	0.002097395	0.684786439182
2.652900463031381	0.002870563	0.680101489493
2.6546457922833753	0.001470984	0.680744846098
2.6563911215353695	0.00100551	0.68559630587
2.658136450787364	0.002681705	0.692831100828
2.6598817800393584	0.004424631	0.70298089251
2.6616271092913526	0.002495077	0.712293013192
2.663372438543347	0.001817176	0.720152002012
2.665117767795341	0.004186738	0.725477563575
2.6668630970473357	0.005809534	0.727541431579
2.6686084262993304	0.003018452	0.723517642924
2.670353755551324	0.001852555	0.716685873933
2.6720990848033184	0.003715022	0.708475721711
2.6738444140553126	0.004760843	0.69837252574
2.6755897433073077	0.001981769	0.684703142143
2.677335072559302	0.0009816582	0.673761641431
2.679080401811296	0.002838754	0.668887843652
2.6808257310632904	0.004317011	0.668409077145
2.682571060315284	0.002308076	0.668623583506
2.6843163895672792	0.001970932	0.67487671592
2.6860617188192735	0.004503804	0.688089053991
2.6878070480712677	0.006401799	0.701553246181
2.689552377323262	0.004229938	0.708553427019
2.691297706575256	0.003530284	0.715715055312
2.693043035827251	0.005496368	0.725410663404
2.694788365079245	0.006484864	0.730975220518
2.6965336943312392	0.003688802	0.727221491453
2.6982790235832335	0.002592669	0.723283197373
2.7000243528352277	0.003718453	0.72222542136
2.7017696820872223	0.004248372	0.717430277896
2.7035150113392166	0.002189792	0.705070655787
2.705260340591211	0.00174441	0.695830426926
2.707005669843205	0.002636158	0.693661747257
2.7087509990951992	0.003373731	0.692708511023
2.710496328347194	0.002501692	0.688760847881
2.712241657599188	0.002872646	0.689803666021
2.7139869868511823	0.003634497	0.696494162409
2.7157323161031766	0.004450583	0.701447690666
2.7174776453551712	0.004433099	0.700240742243
2.7192229746071654	0.005180111	0.700775408707
2.7209683038591597	0.005057753	0.704844194009
2.7227136331111543	0.005165725	0.707915803019
2.7244589623631486	0.005538292	0.706973392991
2.7262042916151428	0.006198048	0.707845645059
2.7279496208671374	0.004779836	0.710009500772
2.7296949501191317	0.0042165	0.709251374563
2.731440279371126	0.005165905	0.703479665897
2.73318560862312	0.006002757	0.698703392812
2.7349309378751143	0.004000248	0.696228829803
2.736676267127109	0.003391175	0.695445038376
2.738421596379103	0.004993028	0.6953420667
2.7401669256310974	0.00618109	0.698598436269
2.7419122548830916	0.003968095	0.702531655771
2.743657584135086	0.003329117	0.705197615445
2.7454029133870805	0.005452651	0.705087514247
2.7471482426390748	0.00687062	0.703590279491
2.748893571891069	0.004028433	0.699335821261
2.750638901143063	0.003020635	0.695747469806
2.7523842303950574	0.005711944	0.694775958686
2.7541295596470525	0.007345464	0.695779797803
2.7558748888990463	0.003878476	0.695187808128
2.7576202181510405	0.002801245	0.697298305539
2.7593655474030347	0.006227921	0.703363310669
2.761110876655029	0.008145621	0.709197935769
2.762856205907024	0.004389535	0.710331417158
2.7646015351590183	0.003267353	0.713591406768
2.766346864411012	0.006851111	0.720635271511
2.7680921936630063	0.008652979	0.724617530374
2.7698375229150005	0.004598893	0.720046416807
2.7715828521669956	0.003359737	0.715558002755
2.77332818141899	0.006982163	0.714162670217
2.775073510670984	0.008677353	0.70932000401
2.7768188399229783	0.004427556	0.697240366361
2.7785641691749725	0.003024048	0.689163132681
2.780309498426967	0.006163385	0.6885665175
2.7820548276789614	0.007343896	0.687446851881
2.7838001569309556	0.003442294	0.681320525384
2.78554548618295	0.002666131	0.68175221594
2.7872908154349445	0.005840161	0.692049708971
2.7890361446869387	0.007782976	0.703260579346
2.790781473938933	0.005984985	0.70924891723
2.7925268031909276	0.006545981	0.718887997116
2.794272132442922	0.009562483	0.731974571019
2.796017461694916	0.0112467	0.736434849431
2.7977627909469107	0.008877717	0.725847708343
2.799508120198905	0.007959817	0.713397415153
2.801253449450899	0.009581327	0.705563753024
2.8029987787028934	0.01003119	0.695934607837
2.8047441079548876	0.006185457	0.682066778618
2.8064894372068823	0.004606742	0.678003528768
2.8082347664588765	0.006304199	0.685689127324
2.8099800957108707	0.006605695	0.691998596593
2.811725424962865	0.0033567	0.690440282672
2.813470754214859	0.002786959	0.693346820822
2.815216083466854	0.004000826	0.703736894257
2.816961412718848	0.004663184	0.714207657212
2.8187067419708423	0.004967207	0.722411061263
2.8204520712228365	0.006909406	0.736585455926
2.8221974004748307	0.007324277	0.752903072122
2.8239427297268254	0.008297443	0.760219147946
2.8256880589788196	0.01046911	0.752719564747
2.827433388230814	0.01162363	0.7374467918
2.829178717482808	0.009393719	0.718544251285
2.8309240467348022	0.008481487	0.698324815488
2.832669375986797	0.008541059	0.680434928915
2.834414705238791	0.007904202	0.674585388189
2.8361600344907854	0.005825454	0.680722746828
2.8379053637427796	0.005192642	0.690753067782
2.839650692994774	0.005027619	0.697109805322
2.8413960222467685	0.005379165	0.702634487175
2.8431413514987627	0.004416819	0.70687835367
2.844886680750757	0.004554143	0.709201800011
2.8466320100027516	0.006871037	0.71202800169
2.848377339254746	0.00932826	0.721223561502
2.8501226685067405	0.007485436	0.733118373202
2.8518679977587347	0.007614394	0.74312282261
2.853613327010729	0.01227037	0.746427802721
2.855358656262723	0.01434844	0.740091771753
2.8571039855147173	0.009078668	0.722174070212
2.858849314766712	0.007074506	0.701766715067
2.8605946440187062	0.01045787	0.686983263467
2.8623399732707004	0.0106664	0.680994967697
2.8640853025226947	0.004728612	0.682970365071
2.865830631774689	0.002968561	0.696272540877
2.867575961026684	0.006197868	0.715911416446
2.869321290278678	0.007275532	0.731475528265
2.8710666195306724	0.003165876	0.73598200317
2.872811948782666	0.002638982	0.736664314291
2.8745572780346604	0.007380967	0.738140338048
2.8763026072866555	0.01011775	0.738383869052
2.8780479365386498	0.006211177	0.735310495153
2.879793265790644	0.006112649	0.737279054228
2.881538595042638	0.01245648	0.743060667397
2.8832839242946324	0.01490749	0.740408323305
2.885029253546627	0.008604155	0.723063433496
2.8867745827986213	0.006708587	0.704594201563
2.8885199120506155	0.01139212	0.692255820194
2.8902652413026098	0.01188408	0.681959599421
2.892010570554604	0.005158301	0.673652103988
2.8937558998065986	0.003610208	0.680597450102
2.895501229058593	0.008155637	0.701520450058
2.897246558310587	0.009762536	0.71979225769
2.8989918875625813	0.005231261	0.725183983483
2.9007372168145755	0.004880622	0.728433450845
2.90248254606657	0.01029409	0.733111009768
2.9042278753185644	0.01267198	0.730129169959
2.9059732045705586	0.007501395	0.717899079716
2.907718533822553	0.006723312	0.71494038332
2.909463863074547	0.01298505	0.724668693257
2.9112091923265417	0.01490369	0.729605841117
2.912954521578536	0.007964849	0.721175830314
2.91469985083053	0.006272037	0.716080361775
2.916445180082525	0.0114081	0.718312042464
2.918190509334519	0.01188206	0.714912869174
2.9199358385865133	0.005286255	0.705039277854
2.921681167838508	0.003964196	0.70899168248
2.923426497090502	0.007818805	0.728045462722
2.9251718263424964	0.00864054	0.743322937895
2.9269171555944906	0.004551625	0.745370979854
2.9286624848464853	0.004280783	0.746593798007
2.9304078140984795	0.008038237	0.747854364229
2.9321531433504737	0.009592677	0.737239531867
2.933898472602468	0.005931236	0.715020987948
2.935643801854462	0.005746266	0.703282800459
2.937389131106457	0.01027328	0.70772037223
2.939134460358451	0.01196215	0.712605672598
2.9408797896104453	0.00765907	0.709565702425
2.9426251188624395	0.00746862	0.712240293672
2.9443704481144337	0.01181274	0.720245108462
2.946115777366429	0.01307298	0.717949150782
2.9478611066184226	0.00954985	0.704382150313
2.949606435870417	0.009711059	0.702054453409
2.951351765122411	0.01267398	0.715707694208
2.9530970943744053	0.01337616	0.729381794235
2.9548424236264004	0.01035871	0.735038849018
2.9565877528783946	0.009623171	0.744298126639
2.9583330821303884	0.01099869	0.754620118122
2.9600784113823826	0.01079948	0.750775954561
2.961823740634377	0.006883335	0.732813256738
2.963569069886372	0.005645742	0.724061644284
2.965314399138366	0.007202273	0.731454812578
2.9670597283903604	0.007083029	0.742362828279
2.968805057642354	0.004024378	0.750337280653
2.970550386894349	0.004035584	0.764143755996
2.9722957161463435	0.005313662	0.776984995175
2.9740410453983377	0.006096932	0.773296367745
2.975786374650332	0.007187887	0.752894576065
2.977531703902326	0.009644982	0.734736747321
2.9792770331543204	0.01029907	0.725936453899
2.981022362406315	0.01225953	0.721816698233
2.9827676916583092	0.01521534	0.719319908148
2.9845130209103035	0.01661726	0.724333755233
2.986258350162298	0.01572918	0.731218171922
2.9880036794142923	0.01586084	0.726666296203
2.9897490086662866	0.01438594	0.70821901559
2.9914943379182812	0.01275766	0.69471748834
2.9932396671702755	0.01204352	0.695514491189
2.9949849964222697	0.01071234	0.704766094714
2.996730325674264	0.007094617	0.719672793251
2.9984756549262586	0.005927967	0.748114354669
3.000220984178253	0.005130048	0.780558588155
3.001966313430247	0.004405333	0.799180568835
3.0037116426822412	0.006155813	0.800226403418
3.0054569719342354	0.008573668	0.795411373241
3.00720230118623	0.006062969	0.787893785718
3.0089476304382243	0.007185751	0.778728383079
3.0106929596902186	0.01430686	0.769871331637
3.0124382889422128	0.01672953	0.763377275336
3.014183618194207	0.0114392	0.753749472809
3.0159289474462017	0.01147619	0.737240327224
3.017674276698196	0.01539098	0.713287251123
3.01941960595019	0.01481065	0.691567286474
3.0211649352021843	0.01077309	0.680156661701
3.0229102644541785	0.009972032	0.681670101759
3.024655593706173	0.009782717	0.694354175751
3.0264009229581674	0.008972833	0.719960684606
3.0281462522101616	0.006496917	0.749685841939
3.029891581462156	0.005630784	0.771534605914
3.03163691071415	0.008185207	0.781254929812
3.0333822399661448	0.01025441	0.784839706331
3.035127569218139	0.006260208	0.783740557563
3.036872898470133	0.007047937	0.78205350311
3.0386182277221274	0.01583314	0.782097655543
3.040363556974122	0.01855753	0.782030213825
3.0421088862261163	0.01090035	0.776142900877
3.0438542154781105	0.01063133	0.766105078275
3.045599544730105	0.0173946	0.752018713952
3.0473448739820994	0.01671467	0.736154678128
3.0490902032340936	0.008864187	0.723035948067
3.0508355324860883	0.007314362	0.71977101498
3.0525808617380825	0.01005501	0.725691234443
3.0543261909900767	0.009257191	0.738063950808
3.056071520242071	0.003558738	0.751399084458
3.057816849494065	0.002694571	0.765715601257
3.05956217874606	0.008823411	0.780482821966
3.0613075079980545	0.01140518	0.792991044403
3.0630528372500487	0.004284543	0.799419258213
3.0647981665020425	0.005095161	0.806107522522
3.0665434957540367	0.01745337	0.81172545678
3.068288825006032	0.0203539	0.80622681902
3.070034154258026	0.009846312	0.788365889561
3.0717794835100203	0.01056737	0.774350182286
3.0735248127620145	0.02124964	0.769232785227
3.0752701420140083	0.02161077	0.768780544821
3.0770154712660034	0.01299126	0.771732307659
3.0787608005179976	0.01228582	0.779783325853
3.080506129769992	0.01604458	0.782790687777
3.082251459021986	0.01426055	0.772558066709
3.0839967882739803	0.006187247	0.751953988894
3.085742117525975	0.003844146	0.740109453126
3.087487446777969	0.01096648	0.753143117214
3.0892327760299634	0.01369552	0.791269299925
3.0909781052819576	0.003447062	0.842590953521
3.092723434533952	0.004464495	0.90079954695
3.0944687637859465	0.02262317	0.942981913896
3.0962140930379407	0.02535737	0.933705378045
3.097959422289935	0.006813757	0.870645125978
3.099704751541929	0.005813954	0.799893685263
3.1014500807939234	0.02169972	0.756496208712
3.103195410045918	0.02100301	0.750049987753
3.1049407392979123	0.007894685	0.787610802378
3.1066860685499065	0.009976417	0.86485314465
3.1084313978019007	0.01983464	0.936347608276
3.1101767270538954	0.0203046	0.951107478239
3.1119220563058896	0.01253089	0.897124703049
3.113667385557884	0.01055026	0.812374747911
3.1154127148098785	0.0184642	0.75185722329
3.1171580440618727	0.01992572	0.756812441868
3.118903373313867	0.003660837	0.842912475944
3.1206487025658616	0.003227976	1.00305810187
3.122394031817856	0.03138606	1.17145757447
3.12413936106985	0.035961	1.23689176049
3.1258846903218442	0.004313548	1.14841680055
3.1276300195738385	0.003089962	0.974310362746
3.129375348825833	0.03422697	0.821905245082
3.1311206780778273	0.03008653	0.794592681161
3.1328660073298216	0.00236814	1.01737131802
3.134611336581816	0.006819692	1.56534387259
3.13635666583381	0.02559338	2.35211957738
3.1381019950858047	0.02813023	3.15687907979
3.139847324337799	0.05697609	3.7741899278
3.141592653589793	0.2100111	4.14850540385