# C(3P)-CO2, ground-state PES; differential cross sections (mgacesa, Aug 26 2020)
# theta(rad)                 elastic CS                total CS (both in units of 1E-16 cm^2)
0.	5.94619e6	6.071041066768721e6
0.0017453292519943296	3.333681e6	3.39984112035e6
0.003490658503988659	434851.1	448851.004061
0.005235987755982989	139622.8	153515.019604
0.006981317007977318	103016.1	118063.914186
0.008726646259971648	88535.46	102824.749382
0.010471975511965978	52349.54	61532.6240935
0.012217304763960306	41442.8	54636.177864
0.013962634015954637	42474.01	50379.9110763
0.015707963267948967	12846.49	20935.8038982
0.017453292519943295	16724.06	27116.635064
0.019198621771937624	7914.251	12885.1636017
0.020943951023931956	3820.525	8398.34304725
0.022689280275926284	2173.483	7756.35913128
0.024434609527920613	1927.44	5929.55849098
0.02617993877991494	1859.171	4003.55581463
0.027925268031909273	286.1812	2845.03478912
0.029670597283903602	1740.707	4422.26770911
0.031415926535897934	969.5996	2340.82418958
0.03316125578789226	168.9326	1494.91236671
0.03490658503988659	663.6282	1999.80355052
0.03665191429188092	122.4362	933.185249281
0.03839724354387525	9.944947	718.050065241
0.04014257279586957	97.41934	720.44778305
0.04188790204786391	72.60211	484.890990727
0.043633231299858244	151.9516	496.973291051
0.04537856055185257	153.3294	556.1201116
0.0471238898038469	108.3572	426.057759069
0.048869219055841226	112.7254	301.571518213
0.05061454830783556	11.22623	237.833691846
0.05235987755982988	52.49277	302.122819148
0.054105206811824215	46.53366	210.084160065
0.05585053606381855	2.023174	139.323452076
0.05759586531581287	94.20504	243.880555124
0.059341194567807204	59.1695	201.548583876
0.061086523819801536	39.55571	204.111032158
0.06283185307179587	64.44129	222.774521869
0.0645771823237902	7.47065	148.413220537
0.06632251157578452	14.48794	157.588934394
0.06806784082777885	1.896769	130.76093935
0.06981317007977318	1.91703	138.568504471
0.0715584993317675	26.28765	161.253350342
0.07330382858376185	7.255899	129.960642296
0.07504915783575618	18.70623	149.613191779
0.0767944870877505	16.90527	130.238970825
0.07853981633974483	15.586	120.829686992
0.08028514559173915	19.09482	130.696349339
0.08203047484373349	2.250985	96.3782329212
0.08377580409572782	13.7291	97.6411606356
0.08552113334772216	5.085679	82.240363481
0.08726646259971649	1.943165	75.4754735027
0.0890117918517108	21.89982	102.34391378
0.09075712110370514	10.19542	86.6265224231
0.09250245035569946	30.2533	101.870379792
0.0942477796076938	34.19344	103.66119698
0.09599310885968813	7.625253	77.3505015248
0.09773843811168245	13.80881	86.2767025804
0.09948376736367678	4.328449	71.2368814839
0.10122909661567112	5.007614	68.9569160865
0.10297442586766545	26.39264	90.8631056323
0.10471975511965977	13.79687	79.860833209
0.10646508437165408	15.53907	84.9903557195
0.10821041362364843	15.87545	77.8322460621
0.10995574287564278	4.991954	61.9250056747
0.1117010721276371	8.990664	67.1006455876
0.11344640137963143	3.087503	59.5992873501
0.11519173063162574	0.05015139	58.3882784788
0.11693705988362009	6.07766	60.2043369125
0.11868238913561441	2.772319	51.5141035915
0.12042771838760875	6.908214	59.9299807819
0.12217304763960307	3.987372	58.4761402888
0.12391837689159739	2.621169	59.3022885831
0.12566370614359174	4.805005	61.6626442813
0.12740903539558604	0.1784158	50.9181477907
0.1291543646475804	1.436721	52.2126626938
0.13089969389957473	1.411964	53.3619942214
0.13264502315156904	0.1527035	52.3212984592
0.1343903524035634	7.48606	62.0752495331
0.1361356816555577	5.052021	56.3524743325
0.13788101090755206	6.313487	54.42462172
0.13962634015954636	6.286155	53.21290624
0.1413716694115407	1.108906	45.2564670196
0.143116998663535	4.032987	47.0226351447
0.14486232791552936	2.913906	43.5479119663
0.1466076571675237	1.217304	39.230353396
0.148352986419518	6.591047	44.1472503025
0.15009831567151236	3.395985	39.8131512804
0.15184364492350666	6.189866	41.8972459093
0.153588974175501	6.934894	40.761450147
0.15533430342749535	0.8706799	33.6357037183
0.15707963267948966	1.882882	35.9852301547
0.158824961931484	1.18041	35.2681694347
0.1605702911834783	0.7833879	35.2052851106
0.16231562043547265	6.588204	40.8363871818
0.16406094968746698	3.758135	37.2127475678
0.16580627893946132	3.113845	39.2169313117
0.16755160819145565	3.254645	40.3340323985
0.16929693744344995	0.8007383	36.9102580674
0.1710422666954443	2.099196	37.8063953839
0.17278759594743864	1.730689	35.4650385233
0.17453292519943298	0.1814669	33.8277876248
0.17627825445142728	2.255227	36.6491235157
0.1780235837034216	1.386781	33.9837376548
0.17976891295541597	2.545019	34.317422582
0.18151424220741028	1.694422	32.2612431449
0.1832595714594046	0.2846674	29.3995164711
0.1850049007113989	1.0818	29.6530320653
0.18675022996339327	0.1195204	26.5054894977
0.1884955592153876	0.1329812	24.9827969073
0.1902408884673819	1.496737	26.4455188297
0.19198621771937627	0.310576	25.3418047893
0.19373154697137057	3.09554	28.9909974424
0.1954768762233649	2.875539	28.076250284
0.19722220547535924	1.147016	24.8992965432
0.19896753472735357	1.648594	25.4492210358
0.20071286397934793	0.2470727	24.5417132476
0.20245819323134223	0.7955394	26.4621604444
0.20420352248333656	3.444631	30.0264521628
0.2059488517353309	1.877099	27.7589475875
0.20769418098732523	2.872111	28.7882673846
0.20943951023931953	2.4277	28.5580981854
0.2111848394913139	0.8022748	27.3361109253
0.21293016874330817	1.581925	28.4185328047
0.21467549799530256	0.8700638	26.5756760774
0.21642082724729686	0.2827609	25.2910092447
0.2181661564992912	1.950447	27.0037470696
0.21991148575128555	0.9878036	25.7847694702
0.22165681500327983	1.56357	26.1230180564
0.2234021442552742	1.236027	24.2311680612
0.22514747350726852	0.1300944	21.7682575791
0.22689280275926285	0.5082108	22.225757999
0.22863813201125716	0.2259524	21.6347165257
0.2303834612632515	0.0813919	20.857439506
0.23212879051524585	1.260505	20.8314466758
0.23387411976724018	0.5462566	18.8250778879
0.23561944901923448	1.421219	20.5658972532
0.23736477827122882	1.200202	21.287923237
0.23911010752322315	0.2963049	19.9112892289
0.2408554367752175	0.7204505	19.1771186208
0.24260076602721184	0.3678729	17.4977832801
0.24434609527920614	0.2184742	18.0376830656
0.24609142453120048	1.555271	21.5667665757
0.24783675378319478	0.7844403	21.3678492289
0.24958208303518917	1.210058	20.9158256901
0.25132741228718347	1.088399	19.3667539026
0.2530727415391778	0.09358655	18.1137503666
0.2548180707911721	0.3671224	20.067220829
0.2565634000431664	0.4046258	21.1714300586
0.2583087292951608	0.1276297	20.2521543198
0.26005405854715513	1.162516	19.9642725633
0.26179938779914946	0.5682003	18.5280247782
0.26354471705114374	0.7697127	19.6011894699
0.26529004630313807	0.7289031	20.4365542485
0.26703537555513246	0.06311702	19.1479594508
0.2687807048071268	0.3311024	18.0683241623
0.27052603405912107	0.4051834	16.9955327954
0.2722713633111154	0.1866051	17.0260015368
0.27401669256310973	1.26648	19.1047010871
0.2757620218151041	0.7293577	18.2074861009
0.2775073510670984	0.8064718	17.1554244945
0.2792526803190927	0.893519	16.194886923
0.28099800957108706	0.09750655	15.1455482677
0.2827433388230814	0.342494	16.2611723709
0.2844886680750758	0.7909979	16.8976553524
0.28623399732707	0.3416798	15.5211668913
0.2879793265790644	1.269138	15.7837106762
0.2897246558310587	0.8964313	15.2522431616
0.29146998508305305	0.3900601	15.4293926223
0.2932153143350474	0.4976449	16.0775080729
0.29496064358704166	0.09530812	14.9790158331
0.296705972839036	0.1176931	14.1979927109
0.2984513020910304	0.7977013	14.8119273447
0.3001966313430247	0.3540003	15.0078922048
0.30194196059501904	0.5747751	16.0989836373
0.3036872898470133	0.335726	15.5807814606
0.30543261909900765	0.1388802	14.4752900953
0.307177948351002	0.2743237	14.2236341634
0.3089232776029963	0.1095423	14.3176824255
0.3106686068549907	0.01848693	15.0061610323
0.312413936106985	0.3889367	15.6092649941
0.3141592653589793	0.1824189	14.6666152457
0.31590459461097364	0.7804856	14.8415373808
0.317649923862968	0.5474351	14.5996313619
0.3193952531149623	0.09967361	14.398171237
0.3211405823669566	0.2960135	14.8369887527
0.32288591161895097	0.1941933	14.2746405227
0.3246312408709453	0.2810634	13.9270313706
0.32637657012293964	1.130128	15.0090856214
0.32812189937493397	0.5699965	14.6129755163
0.32986722862692824	0.5512944	14.5678963181
0.33161255787892263	0.6331136	14.2278437262
0.33335788713091696	0.130997	13.2039469258
0.3351032163829113	0.3251938	13.6180382037
0.3368485456349056	0.7013478	14.5172086371
0.3385938748868999	0.2377569	14.1141453081
0.3403392041388943	0.6163115	14.0387196195
0.3420845333908886	0.4398949	13.1054665215
0.3438298626428829	0.1302408	12.6735780868
0.3455751918948773	0.16656	13.2385067032
0.34732052114687156	0.0939066	13.4841047168
0.34906585039886595	0.003781907	13.1241840835
0.3508111796508603	0.2651714	12.520152108
0.35255650890285456	0.1028514	11.6387802114
0.3543018381548489	0.3409822	12.0522157171
0.3560471674068432	0.1662145	12.200627087
0.35779249665883756	0.1676469	12.1638924359
0.35953782591083194	0.3011812	11.7580489624
0.3612831551628262	0.1090714	10.6340730186
0.36302848441482055	0.1703694	10.2987663097
0.3647738136668149	0.6607439	10.9965510351
0.3665191429188092	0.360373	10.7119129488
0.3682644721708036	0.6997417	10.9022278057
0.3700098014227978	0.711455	10.4729533776
0.3717551306747922	0.182367	9.48146663375
0.37350045992678654	0.3344543	9.70622961763
0.3752457891787809	0.5911211	10.1001163416
0.3769911184307752	0.3067698	9.71549228086
0.3787364476827695	0.7925608	10.1608243532
0.3804817769347638	0.5839088	9.89589303881
0.38222710618675815	0.1290041	9.67423518214
0.38397243543875254	0.1800072	10.1355813393
0.38571776469074687	0.1694465	10.1776884963
0.38746309394274114	0.04027211	9.9128278256
0.3892084231947355	0.3482343	10.1937788401
0.3909537524467298	0.1388792	10.2079770262
0.39269908169872414	0.07026111	10.761810062
0.39444441095071847	0.02117717	11.1660836713
0.3961897402027128	0.09316421	11.2600083875
0.39793506945470714	0.09211984	11.0602562669
0.3996803987067014	0.03256443	10.7785826428
0.40142572795869585	0.01785254	10.9197099326
0.4031710572106902	0.2635342	11.6893855973
0.40491638646268446	0.2016348	12.0168348906
0.4066617157146788	0.5595933	12.5807055842
0.4084070449666731	0.4752433	12.3171102498
0.41015237421866746	0.08178004	11.4519612147
0.4118977034706618	0.2157451	11.3885069103
0.41364303272265607	0.4579057	11.804227878
0.41538836197465046	0.4201933	12.2543597902
0.41713369122664473	0.9275902	13.3888501439
0.41887902047863906	0.628981	13.0694825861
0.4206243497306334	0.1513281	11.9260962217
0.4223696789826278	0.2824277	11.4016318368
0.4241150082346221	0.3281842	11.3145964073
0.42586033748661634	0.3205168	12.0503387358
0.4276056667386108	0.7374124	13.4959569293
0.4293509959906051	0.356278	13.235309287
0.4310963252425994	0.09174794	12.1325013079
0.4328416544945937	0.1399679	11.1406257514
0.43458698374658805	0.06114159	10.810959683
0.4363323129985824	0.07616451	11.765756794
0.4380776422505767	0.2798001	13.0921497445
0.4398229715025711	0.04987178	12.938849992
0.44156830075456543	0.09474301	11.9787704322
0.44331363000655966	0.05829461	10.7508229919
0.445058959258554	0.02526643	10.5505886802
0.4468042885105484	0.01575016	11.4735779497
0.4485496177625427	0.02121105	12.3495447214
0.45029494701453704	0.02735156	12.2191936184
0.45204027626653137	0.2214494	11.3238952927
0.4537856055185257	0.1282336	10.1880558832
0.45553093477052004	0.227926	10.3301561388
0.4572762640225143	0.1370833	10.9908591606
0.45902159327450864	0.04168328	11.3638324872
0.460766922526503	0.1831595	11.1485119711
0.4625122517784973	0.2998697	10.2610332744
0.4642575810304917	0.1980305	9.48222068561
0.466002910282486	0.4024101	9.93041430773
0.46774823953448036	0.2310161	10.2620226968
0.46949356878647464	0.15654	10.3301518465
0.47123889803846897	0.2816217	10.031386883
0.47298422729046335	0.2250337	9.24909968432
0.47472955654245763	0.1651723	8.92594613169
0.47647488579445196	0.3865315	9.46248009409
0.4782202150464463	0.1990897	9.53164451095
0.4799655442984406	0.2267637	9.54411916071
0.481710873550435	0.2475388	9.27025366883
0.48345620280242924	0.08128149	8.78579777001
0.4852015320544237	0.07760314	8.83141970042
0.48694686130641796	0.2303711	9.19633393106
0.4886921905584123	0.1010268	9.08775145395
0.4904375198104066	0.2315136	9.15341810134
0.49218284906240095	0.1484451	9.0023320778
0.4939281783143953	0.002887945	8.93007601816
0.49567350756638956	0.02461338	9.12701001216
0.4974188368183839	0.0698236	9.14960997398
0.49916416607037833	0.03413196	8.90901084817
0.5009094953223726	0.204127	8.97372058472
0.5026548245743669	0.07293995	8.94835937502
0.5044001538263613	0.04581567	9.21354872824
0.5061454830783556	0.04714313	9.3146632895
0.5078908123303499	0.002396024	8.98001741218
0.5096361415823442	0.04357525	8.64681818801
0.5113814708343386	0.1751255	8.62545538131
0.5131268000863328	0.05728256	8.66624394901
0.5148721293383272	0.1652753	9.05380783577
0.5166174585903216	0.11686	8.89126470299
0.5183627878423159	0.03084892	8.32387055692
0.5201081170943103	0.09549477	7.97605092999
0.5218534463463045	0.1405757	7.8838246238
0.5235987755982989	0.06962193	7.95480445724
0.5253441048502933	0.258236	8.25485491598
0.5270894341022875	0.1615043	7.80988307845
0.5288347633542818	0.08374585	7.20169573108
0.5305800926062761	0.1175174	6.94701137675
0.5323254218582705	0.08131511	6.90706764492
0.5340707511102649	0.0601806	7.02574888754
0.5358160803622593	0.2499559	7.13784127576
0.5375614096142536	0.1355877	6.53064875239
0.5393067388662478	0.1024138	6.05791001287
0.5410520681182421	0.08276508	5.98284573801
0.5427973973702365	0.01708231	6.12889218672
0.5445427266222308	0.03115233	6.31660694067
0.5462880558742251	0.1602879	6.24353536647
0.5480333851262195	0.06988979	5.64599064454
0.5497787143782138	0.09768487	5.4061713453
0.5515240436302082	0.03758174	5.53246109458
0.5532693728822025	0.005925271	5.91216762181
0.5550147021341968	0.03089679	6.13558210206
0.5567600313861911	0.07009127	5.91374203664
0.5585053606381855	0.02941283	5.4445996882
0.5602506898901798	0.1081335	5.42976881962
0.5619960191421741	0.03453355	5.70793134733
0.5637413483941685	0.07450247	6.26112293732
0.5654866776461628	0.08060008	6.43182044324
0.5672320068981571	0.02953987	6.0839812662
0.5689773361501516	0.03590035	5.75955813652
0.5707226654021459	0.1336013	5.87471239521
0.57246799465414	0.0688001	6.21124576023
0.5742133239061344	0.1810948	6.81663461947
0.5759586531581288	0.1438469	6.8441294828
0.5777039824101231	0.02586627	6.38664148252
0.5794493116621174	0.05945322	6.14996853381
0.5811946409141118	0.1413908	6.26909365371
0.5829399701661061	0.1010172	6.56836623538
0.5846852994181004	0.2653671	7.10896686197
0.5864306286700948	0.1774139	6.95468083468
0.5881759579220891	0.03127978	6.42676577717
0.5899212871740833	0.07345091	6.21540502572
0.5916666164260777	0.1196862	6.24573575026
0.593411945678072	0.115587	6.44564028379
0.5951572749300664	0.3098065	6.85117971194
0.5969026041820608	0.1808741	6.5430399265
0.598647933434055	0.04390708	6.01507134011
0.6003932626860494	0.08346145	5.80986251248
0.6021385919380438	0.09101371	5.72924060862
0.6038839211900381	0.1271084	5.81570429136
0.6056292504420324	0.3331727	6.06963530739
0.6073745796940266	0.1795742	5.67690825288
0.609119908946021	0.07085442	5.22694265732
0.6108652381980153	0.09999814	5.05395193977
0.6126105674500096	0.07511237	4.90568366092
0.614355896702004	0.1412498	4.90379022447
0.6161012259539983	0.3426518	5.0261149954
0.6178465552059926	0.1795099	4.62114480711
0.6195918844579871	0.09785137	4.30085140672
0.6213372137099814	0.1106763	4.19889903039
0.6230825429619757	0.064279	4.0550006342
0.62482787221397	0.1385643	4.00611105936
0.6265732014659643	0.3189569	4.03040223394
0.6283185307179586	0.1610584	3.66371446697
0.630063859969953	0.09808763	3.48119951485
0.6318091892219473	0.09452279	3.46718190935
0.6335545184739416	0.04293734	3.38582769283
0.635299847725936	0.1025397	3.32403034294
0.6370451769779303	0.2477735	3.28007467921
0.6387905062299246	0.1121106	2.97603899343
0.6405358354819191	0.06590074	2.9053760491
0.6422811647339132	0.05291091	2.96271015375
0.6440264939859075	0.01592483	2.96442511447
0.6457718232379019	0.04741759	2.90426751665
0.6475171524898963	0.1477893	2.80947647782
0.6492624817418906	0.05032	2.57184819344
0.6510078109938849	0.02769084	2.57549357334
0.6527531402458793	0.01294088	2.66708696488
0.6544984694978736	0.005310214	2.73857557248
0.6562437987498679	0.007953735	2.68045147663
0.6579891280018623	0.05954292	2.54198927916
0.6597344572538565	0.007974777	2.35894392487
0.6614797865058508	0.01722213	2.4023868892
0.6632251157578453	0.001134574	2.4895727814
0.6649704450098396	0.02354663	2.60286515974
0.6667157742618339	0.006187129	2.54981084984
0.6684611035138281	0.01234021	2.377482948
0.6702064327658226	0.001908804	2.22794157376
0.6719517620178169	0.04527633	2.28140681965
0.6736970912698113	0.02022471	2.33276486891
0.6754424205218056	0.05830665	2.45909714213
0.6771877497737998	0.03402825	2.42715319177
0.6789330790257941	0.006440768	2.24732041052
0.6806784082777886	0.02194936	2.11309982337
0.6824237375297829	0.09338269	2.15154970516
0.6841690667817772	0.05107876	2.14387026074
0.6859143960337715	0.08416951	2.25512165369
0.6876597252857658	0.06565282	2.26492986652
0.6894050545377601	0.02286148	2.12002782356
0.6911503837897546	0.04462273	1.99771703869
0.6928957130417489	0.1315872	2.00717528209
0.6946410422937431	0.07142433	1.92947070441
0.6963863715457375	0.08459786	1.99741648824
0.6981317007977319	0.08091446	2.0549067304
0.6998770300497262	0.04356283	1.98477049269
0.7016223593017206	0.05371411	1.88617081957
0.7033676885537148	0.1401499	1.87033000192
0.7051130178057091	0.0710917	1.73192963914
0.7068583470577035	0.06198332	1.73535571693
0.7086036763096978	0.07647867	1.82070318046
0.7103490055616921	0.06135609	1.83972640606
0.7120943348136864	0.04892622	1.77973152949
0.7138396640656808	0.1188194	1.75756502639
0.7155849933176751	0.05421966	1.59101047314
0.7173303225696696	0.03125127	1.52758852333
0.7190756518216639	0.06034638	1.60245701822
0.7208209810736581	0.07576333	1.689889865
0.7225663103256524	0.03965198	1.67169824599
0.7243116395776468	0.08170276	1.66556660915
0.7260569688296411	0.03244213	1.51796883755
0.7278022980816354	0.007825828	1.41112105486
0.7295476273336298	0.04140403	1.43904226258
0.7312929565856241	0.08526597	1.54859546717
0.7330382858376184	0.03372677	1.55630490887
0.7347836150896128	0.04553666	1.57683227745
0.7365289443416072	0.0166647	1.49142593234
0.7382742735936013	0.0002536468	1.38563208007
0.7400196028455956	0.0246196	1.35337740238
0.7417649320975901	0.08561736	1.43739415643
0.7435102613495844	0.03171343	1.44143851114
0.7452555906015788	0.02038264	1.47741381211
0.7470009198535731	0.01184982	1.4718099157
0.7487462491055674	0.009152564	1.41428864296
0.7504915783575618	0.01227717	1.3406858505
0.7522369076095561	0.07410926	1.37680464269
0.7539822368615504	0.02935829	1.35282592063
0.7557275661135446	0.007404504	1.37586840716
0.757472895365539	0.01605512	1.42894175741
0.7592182246175333	0.02927253	1.44292027323
0.7609635538695276	0.005932185	1.36500118437
0.7627088831215221	0.05334669	1.36693536941
0.7644542123735163	0.02336397	1.31755622843
0.7661995416255106	0.002589172	1.30488133148
0.7679448708775051	0.0231597	1.36704995792
0.7696902001294994	0.05234531	1.43468356441
0.7714355293814937	0.006162443	1.37735618665
0.773180858633488	0.03027219	1.37704125939
0.7749261878854823	0.01454757	1.33491698301
0.7766715171374766	0.001829724	1.29415698886
0.778416846389471	0.02716291	1.32130723976
0.7801621756414654	0.07015944	1.39618714478
0.7819075048934596	0.01148004	1.35223396961
0.783652834145454	0.011933	1.36586232705
0.7853981633974483	0.006652338	1.36708406797
0.7871434926494427	0.003520014	1.33581451839
0.7888888219014369	0.02532931	1.32067470414
0.7906341511534312	0.077278	1.36533041458
0.7923794804054256	0.01852423	1.30865809669
0.7941248096574199	0.002001554	1.32045470786
0.7958701389094143	0.003169847	1.36929251813
0.7976154681614087	0.008021891	1.3829035819
0.7993607974134028	0.01871175	1.35287882648
0.8011061266653973	0.07243197	1.36721202912
0.8028514559173917	0.02366282	1.28766344363
0.8045967851693859	0.000178731	1.27034284526
0.8063421144213804	0.005123032	1.3320505341
0.8080874436733746	0.01575534	1.38995370692
0.8098327729253689	0.01058612	1.37298511018
0.8115781021773633	0.05818928	1.384912782
0.8133234314293576	0.02468771	1.30611154507
0.815068760681352	0.003785853	1.25608165732
0.8168140899333463	0.01090757	1.28765380796
0.8185594191853405	0.02580448	1.35373555466
0.8203047484373349	0.004320398	1.34892209845
0.8220500776893291	0.03940455	1.37883842687
0.8237954069413236	0.02152411	1.33798732297
0.8255407361933178	0.009784589	1.28552949923
0.8272860654453121	0.01756511	1.27296236287
0.8290313946973066	0.03580629	1.30973853606
0.8307767239493009	0.001899413	1.2930901315
0.8325220532012952	0.02134283	1.33167612153
0.8342673824532895	0.0157994	1.34331905846
0.8360127117052839	0.01600766	1.32670065318
0.8377580409572781	0.02233379	1.29160403765
0.8395033702092726	0.04283851	1.29163362516
0.8412486994612668	0.003534033	1.24648220052
0.8429940287132611	0.008233414	1.26712993277
0.8447393579652556	0.009790078	1.30927365838
0.8464846872172498	0.02132705	1.34172459868
0.8482300164692442	0.02363655	1.31588403126
0.8499753457212387	0.04457936	1.30112698734
0.8517206749732327	0.008111292	1.23763445851
0.8534660042252271	0.002592261	1.22489899391
0.8552113334772216	0.00542808	1.25806554575
0.8569566627292158	0.02515556	1.32012807379
0.8587019919812102	0.02128295	1.31868058664
0.8604473212332044	0.04014942	1.31596988394
0.8621926504851988	0.01391901	1.26210554352
0.8639379797371932	0.005135694	1.22487114001
0.8656833089891874	0.003781384	1.22021207584
0.8674286382411819	0.02692426	1.27823921515
0.8691739674931761	0.01617293	1.29503483247
0.8709192967451703	0.030452	1.31632409807
0.8726646259971648	0.01917975	1.2956903891
0.8744099552491592	0.01482408	1.25750179479
0.8761552845011534	0.00500036	1.20898597262
0.8779006137531478	0.02602907	1.23644441764
0.8796459430051422	0.009921347	1.2559937252
0.8813912722571364	0.018079	1.29685079082
0.8831366015091309	0.02230851	1.31591962116
0.8848819307611251	0.02880219	1.29904115717
0.8866272600131193	0.008466671	1.21904045974
0.8883725892651138	0.0223018	1.20534461511
0.890117918517108	0.004575497	1.21390520679
0.8918632477691024	0.006814372	1.26121209692
0.8936085770210968	0.02214566	1.3099171214
0.895353906273091	0.04257168	1.32664719291
0.8970992355250854	0.01292919	1.23752847609
0.8988445647770799	0.01653972	1.18807327152
0.9005898940290741	0.002246731	1.17850737588
0.9023352232810685	0.000681538	1.21719859726
0.9040805525330627	0.0184193	1.27435565171
0.905825881785057	0.05103522	1.32410483621
0.9075712110370514	0.01667814	1.25035150412
0.9093165402890457	0.01043834	1.18356562915
0.9110618695410401	0.004388535	1.1579852612
0.9128071987930344	0.002589855	1.17719083412
0.9145525280450286	0.01227689	1.21783166783
0.9162978572970231	0.05053165	1.28692313912
0.9180431865490173	0.01802127	1.24589519482
0.9197885158010117	0.005771753	1.18561435643
0.921533845053006	0.01085374	1.15474054305
0.9232791743050003	0.01297538	1.1533160857
0.9250245035569946	0.006264752	1.15887262823
0.9267698328089891	0.04084518	1.22614760533
0.9285151620609834	0.01613134	1.22181879153
0.9302604913129776	0.003496731	1.18660105297
0.932005820564972	0.01944409	1.16311600565
0.9337511498169663	0.02916325	1.14891686923
0.9354964790689607	0.003316614	1.11419365601
0.9372418083209549	0.02562838	1.1605886263
0.9389871375729493	0.01179431	1.18550130413
0.9407324668249436	0.00363638	1.18347130718
0.9424777960769379	0.02661411	1.17569989028
0.9442231253289324	0.04600418	1.15964670395
0.9459684545809267	0.005210851	1.09114104795
0.9477137838329208	0.01072111	1.10430343321
0.9494591130849153	0.007391228	1.14397898597
0.9512044423369097	0.005996842	1.17391998696
0.9529497715889039	0.02908718	1.18592700539
0.9546951008408984	0.05751635	1.18001517665
0.9564404300928926	0.0115402	1.09305592554
0.9581857593448869	0.001581559	1.06756312133
0.9599310885968813	0.005974037	1.10105925454
0.9616764178488756	0.01090096	1.1505787087
0.96342174710087	0.02545193	1.18098165097
0.9651670763528643	0.05872298	1.1986966801
0.9669124056048585	0.01974351	1.12006480854
0.9686577348568529	0.001397357	1.06412824321
0.9704030641088474	0.009824473	1.06954290756
0.9721483933608416	0.01905238	1.11268591572
0.9738937226128359	0.01717776	1.14600679669
0.9756390518648302	0.04753297	1.19210178146
0.9773843811168246	0.02606747	1.15519465354
0.979129710368819	0.01018502	1.09927536471
0.9808750396208132	0.0188223	1.07162620569
0.9826203688728075	0.0301837	1.08228972816
0.9843656981248019	0.008848594	1.08927286802
0.9861110273767961	0.02708164	1.14392690895
0.9878563566287906	0.02744104	1.16392436078
0.9896016858807848	0.02456172	1.14779690742
0.9913470151327791	0.02926354	1.10994081211
0.9930923443847736	0.04114055	1.08795752557
0.9948376736367678	0.006680776	1.05157104731
0.9965830028887622	0.007170179	1.07778587772
0.9983283321407567	0.02395049	1.12868370552
1.0000736613927508	0.03875038	1.1653649507
1.0018189906447452	0.03495949	1.14741878996
1.0035643198967397	0.04568246	1.1234902258
1.0053096491487339	0.0145254	1.06751135278
1.0070549784007283	0.001050856	1.04885423589
1.0088003076527225	0.01979311	1.07906601715
1.0105456369047168	0.04726385	1.13584161725
1.0122909661567112	0.03185328	1.14010944348
1.0140362954087054	0.03860222	1.14259276328
1.0157816246606999	0.02971645	1.11856795864
1.017526953912694	0.01641069	1.08505932819
1.0192722831646883	0.02023376	1.06476843927
1.0210176124166828	0.0475704	1.09293249298
1.0227629416686772	0.02301119	1.09152056936
1.0245082709206714	0.02256358	1.11218546019
1.0262536001726656	0.04370644	1.14671316339
1.02799892942466	0.04708442	1.14844806521
1.0297442586766543	0.02637721	1.09544139077
1.0314895879286488	0.04056928	1.07908939315
1.0332349171806432	0.01769029	1.05284993612
1.0349802464326374	0.01004471	1.05816298785
1.0367255756846319	0.0485808	1.12010605762
1.038470904936626	0.07489676	1.17330685264
1.0402162341886205	0.03383199	1.12778138077
1.041961563440615	0.02968091	1.09434065454
1.043706892692609	0.0232124	1.06248781988
1.0454522219446034	0.0145643	1.0376919815
1.0471975511965979	0.04333981	1.06699766743
1.048942880448592	0.08230309	1.13623686958
1.0506882097005865	0.03760699	1.11915722604
1.0524335389525807	0.0205233	1.10371498284
1.054178868204575	0.0374601	1.10309895947
1.0559241974565694	0.03729975	1.07180058596
1.0576695267085636	0.03360469	1.03740561097
1.059414855960558	0.06526744	1.0728796015
1.0611601852125523	0.03720383	1.07557886617
1.0629055144645467	0.0195743	1.08647062865
1.064650843716541	0.05028086	1.1271230666
1.0663961729685354	0.06333111	1.123847492
1.0681415022205298	0.02621827	1.04827437888
1.069886831472524	0.03576848	1.03208074344
1.0716321607245185	0.03553684	1.03628927294
1.0733774899765127	0.0292634	1.05645825016
1.0751228192285072	0.05217193	1.10854239502
1.0768681484805014	0.07317333	1.1419945818
1.0786134777324956	0.0247874	1.07601705019
1.08035880698449	0.01305045	1.03139916381
1.0821041362364843	0.03426797	1.02654576914
1.0838494654884787	0.04341199	1.03585194851
1.085594794740473	0.04156369	1.05881460054
1.0873401239924672	0.0590456	1.10637591075
1.0890854532444616	0.02846149	1.08733520118
1.0908307824964558	0.01034974	1.05368574041
1.0925761117484503	0.03240364	1.03851008333
1.0943214410004447	0.05056073	1.02891310505
1.096066770252439	0.02544674	1.00637878205
1.0978120995044334	0.03101724	1.03655070347
1.0995574287564276	0.03268679	1.06433557563
1.101302758008422	0.02550669	1.0672861139
1.1030480872604165	0.02867523	1.04716905855
1.1047934165124107	0.04406315	1.0252396342
1.106538745764405	0.01421766	0.974750035181
1.1082840750163994	0.008663735	0.970859777832
1.1100294042683936	0.03209705	1.01149513039
1.111774733520388	0.04261598	1.04708368528
1.1135200627723822	0.02307621	1.03141869123
1.1152653920243765	0.02794899	1.01355332516
1.117010721276371	0.01389537	0.971228723143
1.1187560505283651	0.005676763	0.941541799404
1.1205013797803596	0.0251552	0.953774417656
1.1222467090323538	0.04541864	0.992819364237
1.1239920382843482	0.01648105	0.986840229116
1.1257373675363425	0.0122503	0.986913256451
1.127482696788337	0.02077011	0.981568212443
1.1292280260403311	0.01927042	0.953784701414
1.1309733552923256	0.01587871	0.922638878103
1.13271868454432	0.03147799	0.934576674386
1.1344640137963142	0.01061623	0.931538389912
1.1362093430483085	0.004250151	0.946115936502
1.1379546723003031	0.02454063	0.977927308712
1.1397000015522971	0.03327698	0.979352145462
1.1414453308042918	0.009432581	0.929220924262
1.143190660056286	0.01270017	0.909929660348
1.14493598930828	0.007716609	0.897818287377
1.1466813185602747	0.004611327	0.905862269282
1.1484266478122689	0.01887164	0.94451395021
1.1501719770642633	0.03343309	0.97831853096
1.1519173063162575	0.006706897	0.949153024556
1.1536626355682518	0.001868632	0.926185480845
1.1554079648202462	0.008137306	0.906063451643
1.1571532940722404	0.009134559	0.890611762915
1.1588986233242349	0.00798238	0.899015591532
1.160643952576229	0.02057719	0.937748423263
1.1623892818282235	0.004947487	0.943797225887
1.1641346110802178	0.0009743606	0.948726806103
1.1658799403322122	0.008970294	0.940969927862
1.1676252695842066	0.01236357	0.912582922909
1.1693705988362009	0.0008464593	0.880526584457
1.171115928088195	0.007554009	0.889321204905
1.1728612573401895	0.002575548	0.903495830821
1.1746065865921838	0.003361956	0.936407900213
1.1763519158441782	0.00729557	0.959701466495
1.1780972450961724	0.01136173	0.950950929895
1.1798425743481666	0.0005291495	0.907054610808
1.181587903600161	0.003757346	0.879220095366
1.1833332328521553	0.0006736222	0.86396617616
1.18507856210415	0.003639437	0.890602087078
1.186823891356144	0.004202563	0.934188579835
1.1885692206081382	0.00799845	0.963648055179
1.1903145498601329	0.002579845	0.947976152654
1.192059879112127	0.006363746	0.914372061718
1.1938052083641215	0.00009761749	0.866755440912
1.1955505376161157	0.002129881	0.857154021505
1.19729586686811	0.002986708	0.885088100289
1.1990411961201044	0.006494393	0.931641560155
1.2007865253720988	0.00297802	0.953487319789
1.2025318546240933	0.00778988	0.94910490195
1.2042771838760875	0.00007600506	0.904443702002
1.2060225131280817	0.001297163	0.869293275904
1.2077678423800762	0.003814856	0.859978765269
1.2095131716320704	0.007693873	0.884623410208
1.2112585008840648	0.003052349	0.91480733513
1.213003830136059	0.00701889	0.939309448064
1.2147491593880533	0.0002063096	0.925851841698
1.2164944886400477	0.001715616	0.902638817318
1.218239817892042	0.003546997	0.875140398327
1.2199851471440364	0.007800913	0.866845921748
1.2217304763960306	0.00523629	0.875887558733
1.2234758056480248	0.009015156	0.898954939748
1.2252211349000193	0.001327531	0.90326973062
1.2269664641520137	0.002260735	0.909018946295
1.228711793404008	0.001457155	0.899259835168
1.2304571226560024	0.004494582	0.884301818515
1.2322024519079966	0.007832364	0.875624587114
1.233947781159991	0.01500357	0.878960010802
1.2356931104119853	0.003422998	0.869170914443
1.23743843966398	0.002137372	0.884080340625
1.2391837689159741	0.001602212	0.902960915864
1.2409290981679681	0.001862388	0.906891801335
1.2426744274199628	0.007090225	0.901142412359
1.244419756671957	0.01885778	0.897146023709
1.2461650859239515	0.004646082	0.86827525873
1.2479104151759457	0.001686669	0.869007065506
1.24965574442794	0.007229858	0.8975432393
1.2514010736799344	0.005858746	0.915555297809
1.2531464029319286	0.002979908	0.915289561719
1.254891732183923	0.01477573	0.920313132572
1.2566370614359172	0.003682664	0.896800277571
1.2583823906879115	0.001810185	0.886886485348
1.260127719939906	0.01490878	0.90592485744
1.2618730491919004	0.01554333	0.918462501666
1.2636183784438946	0.00009422379	0.908146648842
1.265363707695889	0.00556585	0.916632922397
1.2671090369478832	0.001857637	0.914531879761
1.2688543661998777	0.002911467	0.911778580519
1.270599695451872	0.01713362	0.920110853174
1.2723450247038663	0.0222281	0.922065053536
1.2740903539558606	0.002390651	0.898034082111
1.2758356832078548	0.0005799541	0.894910206621
1.2775810124598492	0.001778827	0.901314184066
1.2793263417118435	0.00436791	0.909395280186
1.2810716709638381	0.01095614	0.914379451999
1.2828170002158321	0.01869196	0.916397185419
1.2845623294678263	0.008250262	0.896782190946
1.286307658719821	0.00542869	0.883100990561
1.288052987971815	0.004273859	0.876230654676
1.2897983172238097	0.005269553	0.882098180604
1.2915436464758039	0.002382195	0.887138770825
1.293288975727798	0.007879266	0.896358517491
1.2950343049797925	0.01178071	0.897244793244
1.296779634231787	0.01528712	0.890094876463
1.2985249634837812	0.007164222	0.866875395133
1.3002702927357757	0.005371582	0.860631707735
1.3020156219877699	0.0007957164	0.865585240914
1.3037609512397643	0.0008503878	0.876628397774
1.3055062804917585	0.009294824	0.890182639821
1.307251609743753	0.01975472	0.900411189176
1.3089969389957472	0.007281603	0.877781996061
1.3107422682477414	0.004767875	0.864788710635
1.3124875974997359	0.0087299	0.87091814054
1.31423292675173	0.005493589	0.875425544861
1.3159782560037245	0.003637388	0.878610281861
1.3177235852557188	0.01417318	0.897513616406
1.319468914507713	0.004130441	0.891188356138
1.3212142437597074	0.003394533	0.883331588088
1.3229595730117016	0.01829884	0.8923261334
1.324704902263696	0.01770799	0.890977296635
1.3264502315156905	0.0008607966	0.872960228375
1.3281955607676847	0.004453956	0.883838159415
1.3299408900196792	0.001280876	0.892153673684
1.3316862192716734	0.001989034	0.892120035301
1.3334315485236679	0.0192419	0.900216526531
1.335176877775662	0.02498594	0.90045811667
1.3369222070276563	0.003085619	0.874975468242
1.338667536279651	0.00001309512	0.87439191064
1.3404128655316452	0.002853191	0.885427939483
1.3421581947836396	0.002657461	0.885710144934
1.3439035240356338	0.01031552	0.883787103545
1.345648853287628	0.01943693	0.886312229489
1.3473941825396225	0.006498406	0.872689527821
1.3491395117916167	0.003602225	0.872726193524
1.3508848410436112	0.008229917	0.881142521979
1.3526301702956054	0.006552594	0.879002502311
1.3543754995475996	0.001202509	0.8656786764
1.356120828799594	0.006691469	0.862225346109
1.3578661580515883	0.006737771	0.8597255463
1.3596114873035827	0.009567948	0.867062511449
1.3613568165555772	0.01161785	0.873978594172
1.3631021458075714	0.01095165	0.8767349739
1.3648474750595658	0.002381619	0.868106488415
1.36659280431156	0.0008900447	0.858340371451
1.3683381335635545	0.004461461	0.850748074374
1.3700834628155487	0.01115612	0.855416042148
1.371828792067543	0.008388782	0.856198292836
1.3735741213195374	0.01076853	0.864603484435
1.3753194505715316	0.01341454	0.877239323904
1.3770647798235263	0.009912479	0.876293225062
1.3788101090755203	0.004024175	0.859167490889
1.3805554383275145	0.007732504	0.853418715425
1.3823007675795091	0.001860464	0.842955897368
1.3840460968315031	0.004909957	0.842093606716
1.3857914260834978	0.02224601	0.865511824874
1.387536755335492	0.02535028	0.882427579323
1.3892820845874863	0.006994298	0.869120021932
1.3910274138394807	0.004275976	0.864979098521
1.392772743091475	0.00159249	0.855641359037
1.3945180723434694	0.0003840966	0.836265931709
1.3962634015954638	0.0180319	0.839228252656
1.398008730847458	0.02956485	0.857761317169
1.3997540600994525	0.00927269	0.856103663476
1.4014993893514467	0.004665139	0.868586204648
1.4032447186034411	0.01207555	0.882419609146
1.4049900478554354	0.006234668	0.861364509615
1.4067353771074296	0.005190885	0.832094754668
1.408480706359424	0.01613594	0.829042141413
1.4102260356114182	0.007039368	0.828529415897
1.4119713648634127	0.007378435	0.849327694685
1.413716694115407	0.02402252	0.885051839996
1.4154620233674011	0.02075467	0.887317860134
1.4172073526193956	0.0007855525	0.853672853099
1.4189526818713898	0.001130781	0.831920656786
1.4206980111233842	0.004187315	0.820304244199
1.4224433403753785	0.008988293	0.824961943647
1.424188669627373	0.02279171	0.849947110509
1.4259339988793673	0.02882268	0.87381456449
1.4276793281313616	0.01377103	0.872767185001
1.429424657383356	0.006335226	0.861411309312
1.4311699866353502	0.008597117	0.842791128066
1.4329153158873444	0.00988265	0.823701801344
1.434660645139339	0.008561061	0.811991993279
1.436405974391333	0.01919802	0.826700264244
1.4381513036433278	0.03054743	0.858282109278
1.439896632895322	0.02976263	0.876762919104
1.4416419621473162	0.01937241	0.865538079388
1.4433872913993107	0.01306883	0.845431558086
1.4451326206513049	0.001376966	0.815992877271
1.4468779499032993	0.003389941	0.799296134283
1.4486232791552935	0.02994796	0.821865076687
1.4503686084072878	0.0433755	0.852475863486
1.4521139376592822	0.02430757	0.852669836396
1.4538592669112764	0.01763601	0.857148903635
1.4556045961632709	0.01702947	0.857081757213
1.457349925415265	0.006157946	0.827265617087
1.4590952546672595	0.01275865	0.806738484334
1.460840583919254	0.02870574	0.81425632731
1.4625859131712482	0.01629539	0.813211159408
1.4643312424232426	0.01820852	0.834274809971
1.4660765716752369	0.041235	0.877178928247
1.467821900927231	0.03143329	0.87310289983
1.4695672301792255	0.004088395	0.829175630796
1.4713125594312197	0.005503393	0.808672100291
1.4730578886832144	0.007395104	0.797543823569
1.4748032179352084	0.01396979	0.801646759531
1.4765485471872026	0.04289617	0.841557474947
1.4782938764391973	0.04971489	0.868816866841
1.4800392056911913	0.01901852	0.851298149633
1.481784534943186	0.008021091	0.836742800405
1.4835298641951802	0.01527225	0.827157927444
1.4852751934471744	0.01378911	0.804847037722
1.4870205226991688	0.01828377	0.795870905613
1.488765851951163	0.0352144	0.816264936496
1.4905111812031575	0.03864122	0.837687935313
1.4922565104551517	0.03557935	0.851946695981
1.4940018397071462	0.03512728	0.85545511485
1.4957471689591406	0.02438232	0.837428422535
1.4974924982111348	0.003624369	0.802523319298
1.4992378274631293	0.007722478	0.789572132748
1.5009831567151235	0.03647039	0.810733311778
1.5027284859671177	0.05052417	0.832644390092
1.5044738152191122	0.04062953	0.836292805922
1.5062191444711064	0.03530079	0.845451023282
1.5079644737231008	0.02569442	0.845959526839
1.509709802975095	0.01058524	0.822364706621
1.5114551322270893	0.01872794	0.80830511687
1.5132004614790837	0.03302636	0.808472694317
1.514945790731078	0.02243481	0.796526788624
1.5166911199830724	0.02987317	0.813515124092
1.5184364492350666	0.0568251	0.860031566192
1.520181778487061	0.04489642	0.860277317817
1.5219271077390553	0.01380965	0.821926015805
1.5236724369910497	0.01096176	0.805265692669
1.5254177662430441	0.008495334	0.790660983553
1.5271630954950384	0.01425616	0.786855149857
1.5289084247470326	0.05135199	0.825940685073
1.5306537539990273	0.06149116	0.848234164208
1.5323990832510213	0.02659926	0.822179256414
1.534144412503016	0.01612248	0.814376489291
1.5358897417550101	0.02475094	0.819784130394
1.5376350710070041	0.0150504	0.798738110008
1.5393804002589988	0.01700448	0.788758509338
1.541125729510993	0.0348013	0.803522548435
1.5428710587629875	0.03386275	0.807527949882
1.5446163880149817	0.03630893	0.818259769357
1.546361717266976	0.05075864	0.839959048603
1.5481070465189704	0.03729851	0.82874058001
1.5498523757709646	0.006382205	0.793166574444
1.551597705022959	0.00548914	0.782661477566
1.5533430342749532	0.0259273	0.795532793448
1.5550883635269477	0.03924945	0.808688617424
1.556833692778942	0.04692258	0.822243563778
1.5585790220309363	0.04980725	0.835710438825
1.5603243512829308	0.03583019	0.831079114247
1.562069680534925	0.01858536	0.81025793189
1.5638150097869192	0.01998193	0.798022547083
1.5655603390389137	0.02393112	0.792437720042
1.567305668290908	0.01737274	0.784145649508
1.5690509975429023	0.03159701	0.805117324275
1.5707963267948966	0.06050285	0.84800156084
1.5725416560468908	0.05379706	0.847298823533
1.5742869852988854	0.02601709	0.810803126393
1.5760323145508797	0.01593822	0.790147545742
1.5777776438028739	0.006690662	0.773764726904
1.579522973054868	0.008250127	0.771101249217
1.5812683023068623	0.04411525	0.811979677222
1.583013631558857	0.05825777	0.835570838404
1.5847589608108512	0.03050063	0.810831367592
1.5865042900628454	0.02409902	0.803601422334
1.5882496193148399	0.03242607	0.808222299966
1.589994948566834	0.01560794	0.780587631569
1.5917402778188285	0.011591	0.767106505248
1.593485607070823	0.02625595	0.782537762956
1.5952309363228174	0.02351587	0.787089822605
1.5969762655748114	0.03175558	0.804539218636
1.5987215948268056	0.05823994	0.83743291547
1.6004669240788003	0.0453313	0.820936359543
1.6022122533307945	0.009071215	0.773060728814
1.6039575825827892	0.004479451	0.758520096657
1.6057029118347834	0.01713988	0.769049797301
1.6074482410867772	0.02727395	0.784745409639
1.6091935703387719	0.04693383	0.81338332821
1.610938899590766	0.05569592	0.829402481527
1.6126842288427607	0.03860245	0.813706779101
1.614429558094755	0.02349612	0.791536179203
1.6161748873467492	0.02463327	0.782435031689
1.6179202165987434	0.02034696	0.772972449207
1.6196655458507379	0.01428861	0.767262280281
1.6214108751027323	0.03142916	0.789334560632
1.6231562043547265	0.05859046	0.825648405887
1.624901533606721	0.05663196	0.827706080055
1.6266468628587152	0.03741295	0.803007226192
1.6283921921107094	0.02429223	0.783295698666
1.630137521362704	0.008940503	0.762427250477
1.6318828506146983	0.007783992	0.755318096232
1.6336281798666925	0.04213041	0.790767730392
1.6353735091186867	0.05788721	0.813681346169
1.637118838370681	0.03689803	0.796390681117
1.6388641676226756	0.03512208	0.795272815303
1.6406094968746698	0.04439468	0.802432840741
1.642354826126664	0.02350633	0.771827358342
1.6441001553786583	0.01440646	0.753638919156
1.6458454846306525	0.02640185	0.766574626886
1.6475908138826472	0.02417865	0.770172553797
1.6493361431346414	0.03740159	0.788636707967
1.6510814723866356	0.07387179	0.828529794871
1.6528268016386303	0.06221913	0.81368336533
1.6545721308906243	0.01899631	0.762467142712
1.6563174601426187	0.01114287	0.749383715842
1.6580627893946132	0.02280233	0.760079560047
1.6598081186466074	0.02943546	0.768403685584
1.6615534478986018	0.05313852	0.796786233954
1.6632987771505963	0.06852514	0.817423805256
1.6650441064025905	0.05338828	0.804497874805
1.6667894356545847	0.04086507	0.788239029749
1.668534764906579	0.04370221	0.782628522515
1.6702800941585736	0.02991761	0.76196579811
1.6720254234105678	0.01409942	0.745429179269
1.673770752662562	0.03203982	0.768226323391
1.6755160819145563	0.06771332	0.81232777975
1.6772614111665505	0.07431632	0.823696871749
1.6790067404185451	0.06064227	0.805601165814
1.6807520696705394	0.04710057	0.783647259403
1.6824973989225336	0.02651175	0.756189040794
1.684242728174528	0.01487977	0.738925977673
1.6859880574265222	0.04212992	0.766083374438
1.6877333866785167	0.05986885	0.790380039256
1.6894787159305111	0.04642445	0.783433602635
1.6912240451825054	0.05701496	0.79773734891
1.6929693744344996	0.08128349	0.822067553761
1.6947147036864938	0.05530006	0.787225308249
1.6964600329384885	0.02348696	0.74207041277
1.6982053621904827	0.02451828	0.735910953928
1.6999506914424773	0.02580335	0.739573032985
1.7016960206944716	0.04246294	0.767549230662
1.7034413499464653	0.09102341	0.831935802145
1.70518667919846	0.09249981	0.840404708085
1.7069320084504542	0.0469954	0.786751838914
1.708677337702449	0.03342328	0.756346378149
1.7104226669544431	0.04306475	0.750398862252
1.7121679962064373	0.03263221	0.736045248718
1.7139133254584316	0.0385321	0.754784036439
1.7156586547104258	0.06321819	0.79858022613
1.7174039839624204	0.07282069	0.820214707102
1.7191493132144147	0.07342723	0.819642870276
1.7208946424664089	0.07716671	0.808712927697
1.7226399717184033	0.0533826	0.764907652166
1.7243853009703975	0.01740134	0.717480123164
1.726130630222392	0.01942378	0.721700419253
1.7278759594743864	0.05809264	0.773793237722
1.7296212887263807	0.07408622	0.807556419532
1.7313666179783749	0.06745595	0.81144617516
1.733111947230369	0.07021005	0.809314662929
1.7348572764823638	0.06727478	0.789414113832
1.736602605734358	0.04066133	0.742736220791
1.7383479349863522	0.03323184	0.724272472879
1.7400932642383464	0.03701132	0.733360812685
1.7418385934903406	0.0287311	0.743182944843
1.7435839227423353	0.04971417	0.78475117274
1.7453292519943295	0.09864652	0.844716973227
1.7470745812463238	0.08768733	0.825408383552
1.7488199104983184	0.04054261	0.756569786549
1.7505652397503124	0.02962275	0.725814721208
1.7523105690023069	0.03282651	0.721722633421
1.7540558982543013	0.02910965	0.729476993856
1.7558012275062955	0.05601152	0.782660015106
1.75754655675829	0.07469876	0.821450282664
1.7592918860102844	0.05936245	0.807458060963
1.7610372152622786	0.05821511	0.793248744184
1.7627825445142729	0.07194826	0.78528976718
1.764527873766267	0.04575378	0.73951293642
1.7662732030182617	0.01533422	0.70873943352
1.768018532270256	0.02582469	0.736719363161
1.7697638615222502	0.053567	0.785867840011
1.7715091907742444	0.06441431	0.812545545272
1.7732545200262386	0.0699947	0.818045957831
1.7749998492782333	0.06328076	0.790031205601
1.7767451785302275	0.04026061	0.740980967107
1.7784905077822217	0.02363254	0.712653035986
1.780235837034216	0.03466248	0.730591974515
1.7819811662862104	0.03711341	0.752285918444
1.7837264955382048	0.02744002	0.762871393268
1.785471824790199	0.04424975	0.787953104937
1.7872171540421935	0.0751073	0.810767640585
1.7889624832941877	0.06019872	0.776666936526
1.790707812546182	0.03067049	0.729560008622
1.7924531417981766	0.02346183	0.716074510516
1.7941984710501708	0.01888142	0.718680512777
1.7959438003021653	0.0215014	0.740733343125
1.7976891295541597	0.05572363	0.79733112308
1.7994344588061535	0.06377621	0.811208391846
1.8011797880581482	0.038593	0.773581982879
1.8029251173101424	0.03859561	0.75769405724
1.804670446562137	0.05333436	0.759394048017
1.8064157758141313	0.03209227	0.732722025565
1.8081611050661255	0.01691767	0.728990987652
1.8099064343181197	0.02846765	0.758612325006
1.811651763570114	0.0391956	0.780465914486
1.8133970928221086	0.04702553	0.79432163949
1.8151424220741028	0.06280317	0.80698652496
1.816887751326097	0.05005341	0.774402727785
1.8186330805780915	0.02007691	0.723724582337
1.8203784098300857	0.01359662	0.712043821009
1.8221237390820801	0.0304681	0.737505424636
1.8238690683340746	0.03120803	0.754896246154
1.8256143975860688	0.0276291	0.768408950807
1.827359726838063	0.03826194	0.782535854376
1.8291050560900572	0.04956242	0.781257530713
1.830850385342052	0.03679932	0.750025289416
1.8325957145940461	0.02515479	0.725137975751
1.8343410438460404	0.01825301	0.714739663476
1.8360863730980346	0.008384557	0.712075916128
1.8378317023500288	0.01517372	0.735003397945
1.8395770316020235	0.04872867	0.785147614185
1.8413223608540177	0.05056069	0.790156159759
1.843067690106012	0.02732543	0.75901048802
1.8448130193580066	0.02826951	0.751820045569
1.8465583486100006	0.03814815	0.752815014815
1.848303677861995	0.02143666	0.727527008387
1.8500490071139892	0.01922409	0.727651119549
1.8517943363659837	0.02918385	0.747067973111
1.8535396656179781	0.02899251	0.75782038391
1.8552849948699723	0.03946992	0.783766723935
1.8570303241219668	0.06366754	0.815869802373
1.858775653373961	0.04700418	0.782543927266
1.8605209826259552	0.01456623	0.723127702325
1.8622663118779499	0.01249762	0.705231453524
1.864011641129944	0.02773364	0.720601308465
1.8657569703819383	0.02950139	0.737743483847
1.8675022996339325	0.03686221	0.7679408319
1.8692476288859268	0.0445118	0.78576909949
1.8709929581379214	0.04207144	0.774643907492
1.8727382873899157	0.03153015	0.747128388506
1.8744836166419099	0.02885737	0.72861440511
1.876228945893904	0.0183312	0.707172565293
1.8779742751458985	0.005912634	0.694843138851
1.879719604397893	0.01605368	0.718455890014
1.8814649336498872	0.04833872	0.77044993007
1.8832102629018816	0.04884073	0.783504536611
1.8849555921538759	0.02992774	0.766160400864
1.88670092140587	0.0298089	0.75785715238
1.8884462506578648	0.03391843	0.743675251053
1.890191579909859	0.01823031	0.708365509094
1.8919369091618534	0.02194054	0.708484881729
1.8936822384138474	0.03071353	0.730256748073
1.8954275676658416	0.0270931	0.748342049469
1.8971728969178363	0.04229996	0.787301167405
1.8989182261698305	0.07282661	0.825223170132
1.9006635554218252	0.0535339	0.78137894902
1.9024088846738194	0.01805862	0.70885362683
1.9041542139258136	0.01640456	0.685169342089
1.9058995431778079	0.02953783	0.699711359287
1.907644872429802	0.03174265	0.72505590467
1.9093902016817967	0.04631078	0.772629015051
1.911135530933791	0.05429101	0.797297818824
1.9128808601857852	0.04644913	0.780246800213
1.9146261894377794	0.03750388	0.748150020506
1.9163715186897738	0.03768769	0.723232967395
1.9181168479417683	0.02240414	0.689692901043
1.9198621771937625	0.007137212	0.676067232788
1.921607506445757	0.01816694	0.710437860642
1.9233528356977512	0.04954165	0.773190226382
1.9250981649497454	0.05010115	0.794691467362
1.92684349420174	0.03442663	0.780043875574
1.9285888234537343	0.03493839	0.760812797496
1.9303341527057285	0.03795817	0.73152900111
1.9320794819577227	0.02114183	0.687365553208
1.933824811209717	0.02265942	0.685365071548
1.9355701404617116	0.02892169	0.711563628128
1.9373154697137058	0.02542071	0.739592599561
1.9390607989657	0.04259442	0.78685908635
1.9408061282176947	0.07631649	0.829044513369
1.9425514574696887	0.05862328	0.783444554574
1.9442967867216832	0.02291371	0.703692817904
1.9460421159736774	0.02103446	0.672092864015
1.9477874452256718	0.03303217	0.680954277116
1.9495327744776663	0.03040722	0.703246775693
1.9512781037296605	0.04165096	0.756874539958
1.953023432981655	0.05128755	0.795749550583
1.9547687622336491	0.0475951	0.792720772641
1.9565140914856434	0.04150015	0.767877098395
1.958259420737638	0.04240405	0.740353283008
1.9600047499896323	0.02517771	0.695129232956
1.9617500792416265	0.007309687	0.669682132141
1.9634954084936207	0.01463594	0.695479762518
1.965240737745615	0.04240948	0.754534443995
1.9669860669976096	0.04232948	0.781381238406
1.9687313962496038	0.02941241	0.77923313258
1.970476725501598	0.03422127	0.772303762761
1.9722220547535922	0.04256348	0.751690742332
1.9739673840055865	0.02468501	0.702324645007
1.9757127132575811	0.01809536	0.679295979664
1.9774580425095754	0.02055911	0.685404584495
1.9792033717615696	0.01867373	0.704264911832
1.980948701013564	0.03263961	0.750075396381
1.9826940302655582	0.06471325	0.806297480401
1.9844393595175527	0.05352145	0.788654680616
1.9861846887695471	0.02376777	0.730409377528
1.9879300180215416	0.02267335	0.702049783063
1.9896753472735356	0.03324561	0.697097642719
1.9914206765255298	0.02245184	0.690318254425
1.9931660057775245	0.02387411	0.718518254585
1.9949113350295187	0.03456895	0.757697464269
1.9966566642815133	0.03991897	0.777906830465
1.9984019935335076	0.03795255	0.780095658185
2.0001473227855016	0.03911557	0.772417692619
2.0018926520374962	0.02437326	0.733633668731
2.0036379812894904	0.007948533	0.696211934019
2.0053833105414847	0.008021126	0.692109867181
2.0071286397934793	0.02652024	0.720364016871
2.0088739690454736	0.0254792	0.73545788787
2.0106192982974678	0.01692106	0.744302970708
2.012364627549462	0.02634418	0.763676412103
2.0141099568014567	0.04224788	0.774711889423
2.015855286053451	0.02604597	0.739008935794
2.017600615305445	0.01140221	0.701630175935
2.0193459445574393	0.01070955	0.683695495441
2.0210912738094335	0.0107369	0.679837260363
2.022836603061428	0.01657139	0.703591824677
2.0245819323134224	0.0420479	0.75936571006
2.0263272615654166	0.03973818	0.773099776747
2.028072590817411	0.02147488	0.753348441467
2.029817920069405	0.02357961	0.747254958527
2.0315632493213998	0.03317559	0.740601829158
2.033308578573394	0.01555688	0.702889904975
2.035053907825388	0.007461991	0.68938193011
2.036799237077383	0.01572666	0.708035151302
2.0385445663293766	0.02601711	0.737154936745
2.0402898955813713	0.02812447	0.763762547681
2.0420352248333655	0.03206664	0.785160350273
2.0437805540853597	0.022979	0.76905737166
2.0455258833373544	0.01187233	0.733930372898
2.0472712125893486	0.0059833	0.705484686487
2.049016541841343	0.01304816	0.699399461864
2.050761871093337	0.01024403	0.693060593165
2.0525072003453313	0.005826637	0.699833070669
2.054252529597326	0.01619567	0.734425522934
2.05599785884932	0.03688125	0.776497729932
2.0577431881013144	0.02617278	0.768219151411
2.0594885173533086	0.01015006	0.738337459869
2.0612338466053033	0.00964919	0.71412147995
2.0629791758572975	0.01140479	0.689702528948
2.0647245051092917	0.007855218	0.674350314095
2.0664698343612864	0.02429137	0.703046199888
2.0682151636132806	0.02727046	0.727806700925
2.069960492865275	0.01865503	0.741598064875
2.0717058221172695	0.02570861	0.769350587296
2.0734511513692637	0.03816516	0.784203475115
2.075196480621258	0.01787159	0.738019899249
2.076941809873252	0.002766225	0.692257897659
2.0786871391252464	0.007234747	0.683620414452
2.080432468377241	0.01787549	0.700458845234
2.0821777976292353	0.02028677	0.723565734104
2.08392312688123	0.02650631	0.757409519692
2.0856684561332237	0.02395927	0.772219639437
2.087413785385218	0.0193847	0.767024110256
2.0891591146372126	0.01181887	0.746124291049
2.090904443889207	0.01248348	0.726716336829
2.0926497731412015	0.006940854	0.696935838921
2.0943951023931957	0.002102261	0.676966137248
2.0961404316451895	0.01213381	0.694306168183
2.097885760897184	0.0376613	0.742736101469
2.0996310901491784	0.03170693	0.753365610306
2.101376419401173	0.01622945	0.742011928992
2.1031217486531673	0.02027653	0.739870363229
2.1048670779051615	0.02671157	0.726648874061
2.1066124071571557	0.01353238	0.686992489936
2.10835773640915	0.01793344	0.680006530021
2.1101030656611446	0.02322802	0.693675516061
2.111848394913139	0.02209168	0.71232907087
2.113593724165133	0.03243271	0.74846581976
2.1153390534171272	0.04994542	0.785254312573
2.1170843826691215	0.03114794	0.762479856065
2.118829711921116	0.009387352	0.723815976903
2.1205750411731104	0.01096818	0.714610658422
2.1223203704251046	0.02353932	0.723808136794
2.124065699677099	0.01842356	0.71839172344
2.1258110289290935	0.0177847	0.725810007131
2.1275563581810877	0.02750265	0.749291044344
2.129301687433082	0.03984663	0.769742556766
2.1310470166850766	0.0314303	0.755102131438
2.132792345937071	0.02488724	0.731677106832
2.134537675189065	0.0201757	0.706481822668
2.1362830044410597	0.01470537	0.683459072597
2.138028333693054	0.01786088	0.67913953775
2.139773662945048	0.04269604	0.711161892219
2.141518992197043	0.04059848	0.719875577846
2.143264321449037	0.02709517	0.713771226671
2.1450096507010312	0.04128961	0.735437164124
2.1467549799530254	0.06116282	0.756727331377
2.1485003092050197	0.03655663	0.718688902328
2.1502456384570143	0.01688388	0.688215741776
2.1519909677090086	0.023672	0.701596926664
2.1537362969610028	0.03504642	0.729526746229
2.155481626212997	0.03620941	0.748646107025
2.157226955464991	0.04731318	0.775407405652
2.158972284716986	0.0464719	0.776745728476
2.16071761396898	0.03842576	0.757252351527
2.1624629432209743	0.03582258	0.739115563014
2.1642082724729685	0.04354086	0.73334908192
2.1659536017249628	0.02933008	0.709304888797
2.1676989309769574	0.01493951	0.69146621891
2.1694442602289516	0.03012303	0.707969547067
2.171189589480946	0.06218364	0.742147542393
2.17293491873294	0.05321507	0.728139857068
2.1746802479849343	0.03694313	0.701989379214
2.176425577236929	0.04898604	0.708491293162
2.178170906488923	0.06222935	0.7183491338
2.179916235740918	0.04173458	0.690829826327
2.1816615649929116	0.03427136	0.684898231526
2.183406894244906	0.03850726	0.703282236489
2.1851522234969005	0.04084302	0.722870125225
2.1868975527488947	0.05159621	0.74951989863
2.1886428820008894	0.07630284	0.784114388322
2.1903882112528836	0.06458576	0.766566837987
2.192133540504878	0.04182658	0.732157260878
2.193878869756872	0.04751356	0.733582499244
2.1956241990088667	0.0643645	0.75170678655
2.197369528260861	0.04285941	0.731238291916
2.199114857512855	0.02604179	0.714394652233
2.20086018676485	0.04530523	0.728674540326
2.202605516016844	0.0734306	0.747198608328
2.2043508452688383	0.06368139	0.72425112393
2.206096174520833	0.05319144	0.70164543854
2.207841503772827	0.05774173	0.70056461601
2.2095868330248214	0.05929522	0.701174585717
2.2113321622768156	0.04605085	0.687126628534
2.21307749152881	0.05029399	0.696077769463
2.2148228207808045	0.04794908	0.70168039073
2.2165681500327987	0.04180592	0.701958808266
2.218313479284793	0.06197433	0.729675195803
2.220058808536787	0.09707895	0.771297142878
2.2218041377887814	0.07853402	0.751019114495
2.223549467040776	0.04918924	0.721029661972
2.2252947962927703	0.06059831	0.738239204247
2.2270401255447645	0.07954672	0.762032501159
2.2287854547967587	0.05457307	0.737226845601
2.230530784048753	0.04083166	0.720774003673
2.2322761133007476	0.05904021	0.730717898568
2.234021442552742	0.07891283	0.741008158919
2.235766771804736	0.07262133	0.727238081116
2.2375121010567303	0.07000057	0.718827188425
2.239257430308725	0.06479935	0.709286509952
2.241002759560719	0.0550283	0.697414209024
2.2427480888127134	0.04866555	0.689580537525
2.2444934180647076	0.06085775	0.702697961184
2.246238747316702	0.05243757	0.694650199686
2.2479840765686965	0.0415201	0.684246848325
2.2497294058206907	0.06776993	0.716375528282
2.251474735072685	0.1072856	0.765024381496
2.253220064324679	0.0852018	0.747752687974
2.254965393576674	0.0550122	0.721584092073
2.256710722828668	0.06913854	0.738026021646
2.2584560520806622	0.08690435	0.75258466819
2.260201381332657	0.06235773	0.723831148494
2.261946710584651	0.05369635	0.714214121171
2.2636920398366454	0.06860212	0.726292887732
2.26543736908864	0.08032838	0.736376453908
2.2671826983406342	0.07722476	0.734982192254
2.2689280275926285	0.07987773	0.737202772474
2.2706733568446227	0.06668275	0.718474005733
2.272418686096617	0.04988195	0.696448394414
2.2741640153486116	0.04930377	0.691998351752
2.2759093446006062	0.06636164	0.706377467011
2.2776546738526	0.05394368	0.691601111334
2.2794000031045942	0.04087786	0.679850165458
2.2811453323565885	0.06912835	0.715904071199
2.2828906616085836	0.1077269	0.765957500017
2.284635990860578	0.08351632	0.74926553762
2.286381320112572	0.05517261	0.72319505487
2.288126649364566	0.07044839	0.732674112301
2.28987197861656	0.08707659	0.73780464175
2.291617307868555	0.06519631	0.709170924868
2.2933626371205493	0.06073689	0.706582320267
2.2951079663725436	0.07256713	0.720019664525
2.2968532956245378	0.07895747	0.729708919744
2.2985986248765315	0.07686697	0.735444718069
2.3003439541285267	0.08126243	0.743847807376
2.302089283380521	0.06393931	0.722045127332
2.303834612632515	0.04479641	0.698986620702
2.3055799418845093	0.04789683	0.700146014712
2.3073252711365035	0.06708261	0.716497012225
2.309070600388498	0.05248129	0.699106460395
2.3108159296404924	0.03869254	0.686576608423
2.3125612588924866	0.06634295	0.719650308704
2.314306588144481	0.1015782	0.763772864741
2.316051917396475	0.07588792	0.745413362399
2.3177972466484698	0.04962871	0.720656224366
2.319542575900464	0.06516407	0.727624734774
2.321287905152458	0.08121955	0.730090407662
2.3230332344044524	0.0612689	0.703272074887
2.324778563656447	0.05863936	0.702769548195
2.3265238929084413	0.0698275	0.714065824179
2.3282692221604355	0.07556904	0.721393496597
2.33001455141243	0.073394	0.728453943024
2.3317598806644244	0.07748971	0.739972709717
2.3335052099164186	0.05988197	0.72178441006
2.3352505391684133	0.04135997	0.705954209181
2.3369958684204075	0.04458308	0.714951482723
2.3387411976724017	0.06233634	0.733858370076
2.340486526924396	0.04668532	0.715082728387
2.34223185617639	0.03335673	0.698850660759
2.343977185428385	0.05923309	0.722361327939
2.345722514680379	0.09134913	0.756454044217
2.3474678439323733	0.06588115	0.736092799027
2.3492131731843675	0.04166385	0.714146479565
2.3509585024363617	0.05729151	0.722568710617
2.3527038316883564	0.07292393	0.726176000767
2.3544491609403506	0.05165492	0.699603694684
2.356194490192345	0.04734012	0.698092366774
2.357939819444339	0.0603291	0.710066942524
2.3596851486963333	0.06960205	0.719678128248
2.361430477948328	0.06721658	0.727427036506
2.363175807200322	0.07071372	0.739739370557
2.3649211364523164	0.05643923	0.725547323201
2.3666664657043106	0.0406229	0.715641233943
2.368411794956305	0.04018912	0.727371664549
2.3701571242083	0.05253814	0.745772454769
2.371902453460294	0.03666037	0.727011976519
2.373647782712288	0.02483475	0.708230337966
2.375393111964282	0.04744881	0.72166131565
2.3771384412162764	0.07702866	0.746490989811
2.3788837704682715	0.05475795	0.725548253856
2.3806290997202657	0.03410366	0.706727045104
2.38237442897226	0.05086563	0.717455715738
2.384119758224254	0.06677032	0.72255159516
2.3858650874762484	0.0415711	0.693296246162
2.387610416728243	0.03222452	0.688878008509
2.3893557459802373	0.04715434	0.706129431554
2.3911010752322315	0.06085096	0.725045498909
2.3928464044842257	0.05686925	0.736883965644
2.39459173373622	0.059395	0.750741084749
2.3963370629882146	0.05184	0.739700021952
2.398082392240209	0.04146623	0.729565084434
2.3998277214922035	0.03532019	0.732961540006
2.4015730507441977	0.0399369	0.742641781452
2.403318379996192	0.025655	0.723135288953
2.4050637092481866	0.016484	0.704826841437
2.406809038500181	0.03314266	0.711429391733
2.408554367752175	0.05897025	0.731018620987
2.4102996970041692	0.04251634	0.713874287272
2.4120450262561635	0.02773124	0.701299866726
2.413790355508158	0.04613347	0.716871662958
2.4155356847601523	0.0629999	0.725693668885
2.4172810140121466	0.03470855	0.69370929837
2.419026343264141	0.01976646	0.684191685456
2.420771672516135	0.03480466	0.705117036279
2.4225170017681297	0.05073644	0.732658821326
2.424262331020124	0.04261383	0.747528941515
2.426007660272118	0.04271617	0.762528526263
2.4277529895241123	0.04367668	0.754780944655
2.4294983187761066	0.04133189	0.741237475253
2.4312436480281012	0.02948375	0.729451975634
2.4329889772800954	0.02676231	0.726121217928
2.4347343065320897	0.01740781	0.707722285671
2.436479635784084	0.0125486	0.694142248039
2.438224965036078	0.02022291	0.696590182531
2.4399702942880728	0.03952698	0.713029500458
2.441715623540067	0.03039519	0.703130936252
2.443460952792061	0.02309365	0.700231678341
2.4452062820440554	0.04094797	0.722783742551
2.4469516112960497	0.05775789	0.738110730003
2.4486969405480443	0.03049443	0.706687276256
2.4504422698000385	0.01285051	0.691543964703
2.4521875990520328	0.02517837	0.710667159248
2.4539329283040274	0.03995254	0.739920145546
2.4556782575560216	0.02691572	0.751882728889
2.457423586808016	0.02388154	0.764026014612
2.4591689160600105	0.03250148	0.758350936199
2.4609142453120048	0.03878224	0.741690461922
2.462659574563999	0.02298028	0.715427974128
2.464404903815993	0.01530407	0.701705562646
2.466150233067988	0.01369446	0.689871878934
2.467895562319982	0.0144861	0.687088824367
2.4696408915719763	0.01113379	0.689653514813
2.4713862208239705	0.02094757	0.706030246337
2.4731315500759647	0.01935017	0.706244613187
2.47487687932796	0.01985273	0.71224189091
2.476622208579954	0.03307563	0.735395603924
2.4783675378319483	0.04774284	0.75177760934
2.480112867083942	0.02745405	0.721338419014
2.4818581963359363	0.01234899	0.70080342563
2.4836035255879314	0.01892833	0.712547031894
2.4853488548399256	0.02888568	0.736330052272
2.48709418409192	0.01301505	0.742140699513
2.488839513343914	0.007946439	0.752488765505
2.490584842595908	0.01969481	0.753471912655
2.492330171847903	0.03177064	0.741402904209
2.494075501099897	0.01592628	0.708177795977
2.4958208303518914	0.007545354	0.686832859497
2.4975661596038856	0.01388826	0.680069961301
2.49931148885588	0.02058772	0.686762850616
2.5010568181078745	0.007425958	0.689747226738
2.5028021473598687	0.006848028	0.706722486942
2.504547476611863	0.01082481	0.716942470807
2.506292805863857	0.01665338	0.728153101231
2.5080381351158514	0.0207323	0.744626204854
2.509783464367846	0.03117506	0.758841502429
2.5115287936198403	0.02279624	0.734173974174
2.5132741228718345	0.01591955	0.712004963721
2.5150194521238287	0.01617625	0.711023481473
2.516764781375823	0.01996288	0.720700735073
2.5185101106278176	0.005651339	0.717756852411
2.520255439879812	0.0007373987	0.72959147716
2.522000769131806	0.007953412	0.742860402255
2.5237460983838007	0.01921874	0.7446063885
2.525491427635795	0.007522911	0.715913967398
2.527236756887789	0.002577739	0.69258425087
2.528982086139784	0.01301425	0.687871942445
2.530727415391778	0.02447426	0.698339124972
2.5324727446437723	0.008311628	0.695955566382
2.5342180738957665	0.00180419	0.705458577176
2.535963403147761	0.008396694	0.71677152837
2.5377087323997554	0.01527381	0.726603037625
2.5394540616517496	0.008035841	0.73346961307
2.541199390903744	0.0120727	0.748969834886
2.542944720155738	0.01389325	0.740994524976
2.5446900494077327	0.0163534	0.72934530526
2.546435378659727	0.0127454	0.722427284205
2.548180707911721	0.01317805	0.720745314243
2.5499260371637154	0.005656402	0.70975340445
2.5516713664157096	0.004306497	0.716775316495
2.5534166956677042	0.002302172	0.728021626735
2.5551620249196985	0.007054256	0.733045293679
2.5569073541716927	0.001407486	0.711085877936
2.558652683423687	0.0007142858	0.69321300668
2.560398012675681	0.00743649	0.693799264675
2.5621433419276762	0.01935413	0.709533729295
2.56388867117967	0.00810451	0.705250033347
2.5656340004316642	0.003309354	0.709841970808
2.5673793296836585	0.01041044	0.723016688231
2.5691246589356527	0.01643744	0.732046049311
2.570869988187648	0.002615367	0.7264502641
2.572615317439642	0.001102704	0.734825524001
2.5743606466916362	0.005287673	0.735902062326
2.57610597594363	0.01151643	0.73429267177
2.5778513051956247	0.006343406	0.727903508012
2.5795966344476193	0.006492231	0.725359044074
2.5813419636996136	0.006297942	0.715372620599
2.5830872929516078	0.01028493	0.717064049331
2.584832622203602	0.001919521	0.715806197443
2.586577951455596	0.001136566	0.71508107444
2.588323280707591	0.001525056	0.699937655476
2.590068609959585	0.003924372	0.68914018196
2.5918139392115793	0.001789637	0.690402364083
2.593559268463574	0.009228793	0.708307341566
2.595304597715568	0.004908742	0.709613863113
2.5970499269675624	0.005101244	0.721111370281
2.598795256219557	0.01026832	0.744062749804
2.6005405854715513	0.01551427	0.757290956302
2.6022859147235455	0.003300449	0.73973942624
2.6040312439755398	0.0008600116	0.732206518724
2.6057765732275344	0.001699684	0.728470036862
2.6075219024795286	0.006345381	0.725444529978
2.609267231731523	0.001491954	0.71174940097
2.611012560983517	0.002273709	0.704842608882
2.6127578902355113	0.004105386	0.699375966431
2.614503219487506	0.01079423	0.705182315668
2.6162485487395	0.001737121	0.70329441241
2.6179938779914944	0.00001861771	0.709993844507
2.6197392072434886	0.004466248	0.71421605895
2.621484536495483	0.008995332	0.714610736397
2.6232298657474775	0.0002139639	0.707976178144
2.6249751949994717	0.002625647	0.717242478886
2.626720524251466	0.002528501	0.720105473904
2.62846585350346	0.005953536	0.731592240565
2.6302111827554544	0.007390922	0.74837303137
2.631956512007449	0.01161704	0.755789874328
2.6337018412594433	0.004299339	0.73157605655
2.6354471705114375	0.003878285	0.717298301327
2.6371924997634317	0.000939242	0.713428684758
2.638937829015426	0.003214723	0.713860174866
2.6406831582674206	0.0002913452	0.699693328826
2.642428487519415	0.002065567	0.692658430872
2.644173816771409	0.001614497	0.693376726153
2.6459191460234033	0.007827409	0.706155374796
2.647664475275398	0.001201832	0.705778668812
2.649409804527392	0.001030889	0.717276650121
2.6511551337793864	0.006691839	0.736571125063
2.652900463031381	0.01256941	0.745353842056
2.6546457922833753	0.001200495	0.726262201596
2.6563911215353695	0.0004399964	0.721960887221
2.658136450787364	0.002144704	0.724955829106
2.6598817800393584	0.006639908	0.730876931246
2.6616271092913526	0.004097232	0.728185165108
2.663372438543347	0.007081757	0.725554831207
2.665117767795341	0.004115354	0.70889640836
2.6668630970473357	0.006230751	0.702210153365
2.6686084262993304	0.0006774843	0.699973323448
2.670353755551324	0.00126208	0.708768701773
2.6720990848033184	0.001470102	0.712325472039
2.6738444140553126	0.005012389	0.717474854087
2.6755897433073077	0.0001517463	0.716593164657
2.677335072559302	0.00405527	0.723139335126
2.679080401811296	0.001509701	0.716201646399
2.6808257310632904	0.003457529	0.717769960793
2.682571060315284	0.007566444	0.730117263583
2.6843163895672792	0.01407992	0.737674428334
2.6860617188192735	0.003282075	0.713881392008
2.6878070480712677	0.001213429	0.706608618545
2.689552377323262	0.002845597	0.719055718631
2.691297706575256	0.006546337	0.734170213693
2.693043035827251	0.0005878611	0.728797259271
2.694788365079245	0.002396645	0.725924257711
2.6965336943312392	0.002285725	0.718087002013
2.6982790235832335	0.007028207	0.710740521219
2.7000243528352277	0.000307426	0.691315909616
2.7017696820872223	0.0001044916	0.691460791968
2.7035150113392166	0.005510208	0.710553100679
2.705260340591211	0.01259947	0.729936358705
2.707005669843205	0.001081613	0.721766143312
2.7087509990951992	0.0004209746	0.724604311869
2.710496328347194	0.003788072	0.73233329424
2.712241657599188	0.00754805	0.737395987317
2.7139869868511823	0.004121586	0.730750026199
2.7157323161031766	0.008525846	0.725910335908
2.7174776453551712	0.004002233	0.705141031127
2.7192229746071654	0.004928284	0.695817228628
2.7209683038591597	0.002640051	0.699220902411
2.7227136331111543	0.003926304	0.718455075233
2.7244589623631486	0.001682002	0.733992521631
2.7262042916151428	0.005457287	0.749018293384
2.7279496208671374	0.0007193316	0.74436385036
2.7296949501191317	0.003927424	0.733488449818
2.731440279371126	0.001559979	0.705694907609
2.73318560862312	0.002718078	0.688273366547
2.7349309378751143	0.007433132	0.691036132805
2.736676267127109	0.01624182	0.704006720395
2.738421596379103	0.003860481	0.693341520442
2.7401669256310974	0.001274343	0.703655139278
2.7419122548830916	0.006942273	0.737219478521
2.743657584135086	0.01044248	0.767079134202
2.7454029133870805	0.00007733747	0.767313346766
2.7471482426390748	0.001206308	0.766164048641
2.748893571891069	0.001944705	0.751240354124
2.750638901143063	0.006722097	0.7247870856
2.7523842303950574	0.0001738186	0.681789987459
2.7541295596470525	0.00008189594	0.664475860309
2.7558748888990463	0.007967769	0.681687509302
2.7576202181510405	0.01773886	0.711888476969
2.7593655474030347	0.003106166	0.712946671488
2.761110876655029	0.0006626168	0.723762869154
2.762856205907024	0.008208832	0.742782883766
2.7646015351590183	0.01164953	0.751767280237
2.766346864411012	0.002006406	0.741423045344
2.7680921936630063	0.004877818	0.741484544958
2.7698375229150005	0.003455651	0.731022120856
2.7715828521669956	0.006119019	0.719671456845
2.77332818141899	0.003096181	0.707533936279
2.775073510670984	0.004241867	0.713659539129
2.7768188399229783	0.005264687	0.730039468412
2.7785641691749725	0.01130154	0.752279088857
2.780309498426967	0.002594361	0.747137749086
2.7820548276789614	0.003520678	0.733476248278
2.7838001569309556	0.005179168	0.708747652995
2.78554548618295	0.006953937	0.690394523292
2.7872908154349445	0.006512296	0.687600639294
2.7890361446869387	0.01391622	0.706375274563
2.790781473938933	0.004510617	0.709000807137
2.7925268031909276	0.00347664	0.722400016053
2.794272132442922	0.008739738	0.748446098361
2.796017461694916	0.01193574	0.770727892064
2.7977627909469107	0.001610598	0.768921447046
2.799508120198905	0.002877427	0.772108016196
2.801253449450899	0.00312477	0.762802228272
2.8029987787028934	0.007506335	0.738716900171
2.8047441079548876	0.001249315	0.694154172624
2.8064894372068823	0.00152879	0.670027853167
2.8082347664588765	0.009959304	0.677846864046
2.8099800957108707	0.02025641	0.702281072471
2.811725424962865	0.004146811	0.700944828048
2.813470754214859	0.001221353	0.716187320498
2.815216083466854	0.01277289	0.750363064061
2.816961412718848	0.01750882	0.769722123599
2.8187067419708423	0.0009353684	0.754281615752
2.8204520712228365	0.0004420862	0.754221130437
2.8221974004748307	0.00543027	0.758018089601
2.8239427297268254	0.01041892	0.751832506648
2.8256880589788196	0.0004569372	0.72397469296
2.827433388230814	0.0002360159	0.709777182325
2.829178717482808	0.009345804	0.711372148853
2.8309240467348022	0.01845677	0.718622511647
2.832669375986797	0.002646239	0.701918176888
2.834414705238791	0.001168585	0.703112320208
2.8361600344907854	0.01240639	0.721099185122
2.8379053637427796	0.01761953	0.7302960021
2.839650692994774	0.004227418	0.717788837091
2.8413960222467685	0.005652944	0.728403175546
2.8431413514987627	0.008027207	0.744884213724
2.844886680750757	0.0107261	0.759505967888
2.8466320100027516	0.003927116	0.759564597209
2.848377339254746	0.004664521	0.756284450169
2.8501226685067405	0.005774973	0.740740926086
2.8518679977587347	0.01079767	0.730260146816
2.853613327010729	0.002583862	0.711944291724
2.855358656262723	0.004424765	0.706416368244
2.8571039855147173	0.008411016	0.704517570282
2.858849314766712	0.01263138	0.70436214887
2.8605946440187062	0.008598892	0.69965154375
2.8623399732707004	0.01332978	0.713419751387
2.8640853025226947	0.008125867	0.722404707434
2.865830631774689	0.00794628	0.741322484886
2.867575961026684	0.009575049	0.763973422408
2.869321290278678	0.01288219	0.773452223456
2.8710666195306724	0.002631732	0.749373775893
2.872811948782666	0.003442491	0.737935687985
2.8745572780346604	0.006007987	0.735658731777
2.8763026072866555	0.01049434	0.733724666048
2.8780479365386498	0.003702107	0.716153793007
2.879793265790644	0.00578244	0.706202112098
2.881538595042638	0.01100781	0.700406626327
2.8832839242946324	0.01793706	0.702391027657
2.885029253546627	0.005222884	0.691305427375
2.8867745827986213	0.003641103	0.706460500857
2.8885199120506155	0.01444183	0.747519417608
2.8902652413026098	0.02106519	0.773799404741
2.892010570554604	0.001901446	0.752933378189
2.8937558998065986	0.0002997584	0.748814519959
2.895501229058593	0.01192233	0.761854905964
2.897246558310587	0.01704975	0.762984498591
2.8989918875625813	0.000856189	0.734925295411
2.9007372168145755	0.0009113501	0.716305799072
2.90248254606657	0.01081025	0.702415607314
2.9042278753185644	0.0178388	0.691522193952
2.9059732045705586	0.001716318	0.671338170333
2.907718533822553	0.0005414124	0.689918889772
2.909463863074547	0.01657729	0.743659080024
2.9112091923265417	0.02578946	0.779865539224
2.912954521578536	0.00325477	0.759901106649
2.91469985083053	0.001500884	0.754987908141
2.916445180082525	0.01762877	0.76901317114
2.918190509334519	0.02178707	0.76816967621
2.9199358385865133	0.001211014	0.737766495858
2.921681167838508	0.0005131293	0.718051905073
2.923426497090502	0.009183342	0.700283134685
2.9251718263424964	0.01446568	0.690964622996
2.9269171555944906	0.0002651738	0.684102169639
2.9286624848464853	0.0003495196	0.713041596835
2.9304078140984795	0.01528442	0.764063636114
2.9321531433504737	0.02539797	0.79210928552
2.933898472602468	0.005280908	0.76340607923
2.935643801854462	0.005249046	0.747897774745
2.937389131106457	0.02119176	0.751273522418
2.939134460358451	0.02402236	0.746272831439
2.9408797896104453	0.005062212	0.722843915615
2.9426251188624395	0.005080236	0.713038715004
2.9443704481144337	0.007598878	0.701905969638
2.946115777366429	0.01004418	0.709296964473
2.9478611066184226	0.001996016	0.728145627758
2.949606435870417	0.00315504	0.761739563164
2.951351765122411	0.01112311	0.78994454314
2.9530970943744053	0.02038552	0.796015865732
2.9548424236264004	0.006859216	0.757875200577
2.9565877528783946	0.009584975	0.732894918637
2.9583330821303884	0.02200254	0.723550734277
2.9600784113823826	0.02416073	0.715466352186
2.961823740634377	0.01154519	0.705642523883
2.963569069886372	0.01319195	0.713598084327
2.965314399138366	0.006767958	0.715031177817
2.9670597283903604	0.006241022	0.741307323651
2.968805057642354	0.006714081	0.780619927779
2.970550386894349	0.008469574	0.805965239005
2.9722957161463435	0.005960302	0.800183320329
2.9740410453983377	0.01312106	0.784900002375
2.975786374650332	0.007973878	0.746571276315
2.977531703902326	0.01330623	0.71965207897
2.9792770331543204	0.02018958	0.701324245484
2.981022362406315	0.02248808	0.694028500686
2.9827676916583092	0.01862116	0.701988850795
2.9845130209103035	0.02213819	0.729300905422
2.986258350162298	0.006346162	0.739447611425
2.9880036794142923	0.003660002	0.774031561972
2.9897490086662866	0.01351122	0.820833928222
2.9914943379182812	0.01576661	0.830899562032
2.9932396671702755	0.001991096	0.794245362228
2.9949849964222697	0.006549905	0.7668440181
2.996730325674264	0.009597182	0.736147142528
2.9984756549262586	0.0163002	0.711487551895
3.000220984178253	0.01637969	0.688490221329
3.001966313430247	0.01905346	0.686582323345
3.0037116426822412	0.02398644	0.71300532739
3.0054569719342354	0.02917245	0.75564040441
3.00720230118623	0.005478637	0.767236619483
3.0089476304382243	0.002035458	0.800842266481
3.0106929596902186	0.02115439	0.848942903627
3.0124382889422128	0.02422898	0.845857130211
3.014183618194207	0.0002229857	0.786045605798
3.0159289474462017	0.002444222	0.752530192311
3.017674276698196	0.01274841	0.731055588442
3.01941960595019	0.01923425	0.709718794392
3.0211649352021843	0.01175136	0.684957768588
3.0229102644541785	0.01439445	0.687567839062
3.024655593706173	0.02649043	0.724484506989
3.0264009229581674	0.03293571	0.775045941189
3.0281462522101616	0.003723543	0.787971595557
3.029891581462156	0.0008980686	0.82526673859
3.03163691071415	0.02869601	0.880440284805
3.0333822399661448	0.03294388	0.86894850426
3.035127569218139	0.00008301866	0.787652810884
3.036872898470133	0.0007056803	0.747251980084
3.0386182277221274	0.01765726	0.734456111607
3.040363556974122	0.02273474	0.717693916817
3.0421088862261163	0.007688357	0.691165509488
3.0438542154781105	0.009856241	0.689901456489
3.045599544730105	0.02675179	0.722992788819
3.0473448739820994	0.03403396	0.775437470222
3.0490902032340936	0.00159713	0.797208893087
3.0508355324860883	0.0001628045	0.850923475087
3.0525808617380825	0.03617426	0.923906114527
3.0543261909900767	0.04179892	0.909416660002
3.056071520242071	0.0004633312	0.806913446724
3.057816849494065	0.0002662273	0.758405280241
3.05956217874606	0.02412555	0.751614251269
3.0613075079980545	0.02709993	0.734508928672
3.0630528372500487	0.005207324	0.701582910656
3.0647981665020425	0.007013739	0.690658433848
3.0665434957540367	0.02651152	0.713513794328
3.068288825006032	0.03440299	0.76657396482
3.070034154258026	0.0002122437	0.799106470333
3.0717794835100203	0.00009223112	0.871945641902
3.0735248127620145	0.0449608	0.973061384996
3.0752701420140083	0.05222429	0.97125407443
3.0770154712660034	0.0007423635	0.85781588859
3.0787608005179976	0.0003172987	0.800604028081
3.080506129769992	0.03263549	0.785402481266
3.082251459021986	0.03282149	0.749241732621
3.0839967882739803	0.005076648	0.708448706044
3.085742117525975	0.007349235	0.702038928189
3.087487446777969	0.02761892	0.724103603194
3.0892327760299634	0.0362496	0.771944764585
3.0909781052819576	0.000665385	0.795383895665
3.092723434533952	0.001006476	0.876094956935
3.0944687637859465	0.05851583	1.03131810279
3.0962140930379407	0.06837902	1.08452223724
3.097959422289935	0.000978894	0.975886283355
3.099704751541929	0.0008315729	0.891533359901
3.1014500807939234	0.04628915	0.829180769907
3.103195410045918	0.04223982	0.747844715939
3.1049407392979123	0.009531929	0.726250367471
3.1066860685499065	0.01407073	0.776142534294
3.1084313978019007	0.03270829	0.810223029606
3.1101767270538954	0.04296439	0.816312984052
3.1119220563058896	0.005298433	0.777656717843
3.113667385557884	0.004162574	0.86359429237
3.1154127148098785	0.08905389	1.17337424062
3.1171580440618727	0.1058636	1.39090416439
3.118903373313867	0.002539417	1.28619177671
3.1206487025658616	0.003947946	1.09325055644
3.122394031817856	0.0818346	0.893475371308
3.12413936106985	0.06863321	0.742801327498
3.1258846903218442	0.03660408	0.890297488328
3.1276300195738385	0.05280061	1.19516749578
3.129375348825833	0.05815207	1.25608084262
3.1311206780778273	0.07824593	1.06161231922
3.1328660073298216	0.0488444	0.780840288138
3.134611336581816	0.0367686	1.00462897443
3.13635666583381	0.3267549	2.56411594284
3.1381019950858047	0.4788981	4.67033339701
3.139847324337799	0.1541273	5.90545602212
3.141592653589793	1.238429	7.63994966539