# C(3P)-CO2, ground-state PES; differential cross sections (mgacesa, Aug 26 2020)
# theta(rad)                 elastic CS                total CS (both in units of 1E-16 cm^2)
0.	5.427884e6	5.5139360157518005e6
0.0017453292519943296	3.155683e6	3.20504832796e6
0.003490658503988659	510955.9	527582.283188
0.005235987755982989	139220.4	149813.850542
0.006981317007977318	92326.06	104777.368317
0.008726646259971648	79742.81	98286.0391036
0.010471975511965978	59935.58	68628.3088567
0.012217304763960306	29973.66	40944.9899046
0.013962634015954637	38987.22	50762.0855288
0.015707963267948967	18166.4	24703.6922299
0.017453292519943295	12507.45	20295.2057763
0.019198621771937624	8520.791	16116.538265
0.020943951023931956	7373.613	12339.2659853
0.022689280275926284	4716.18	8368.04672013
0.024434609527920613	2078.565	7106.62816052
0.02617993877991494	4692.814	9199.7210327
0.027925268031909273	2595.021	4976.36420039
0.029670597283903602	1070.829	3761.86752575
0.031415926535897934	1664.354	4663.98846033
0.03316125578789226	839.0027	2878.04993617
0.03490658503988659	266.0844	1642.23833016
0.03665191429188092	47.15369	1386.28792015
0.03839724354387525	274.5613	1483.2001387
0.04014257279586957	267.3485	1046.56045431
0.04188790204786391	59.36098	759.598955919
0.043633231299858244	109.3818	777.083552621
0.04537856055185257	165.0541	579.457044639
0.0471238898038469	23.91238	384.780832914
0.048869219055841226	14.46646	448.147987001
0.05061454830783556	120.7533	468.007423858
0.05235987755982988	56.455	243.448972063
0.054105206811824215	71.40611	250.424357314
0.05585053606381855	106.9701	345.005946871
0.05759586531581287	24.29791	222.359962098
0.059341194567807204	30.75503	165.075593022
0.061086523819801536	8.256414	131.483052453
0.06283185307179587	13.78829	157.675947059
0.0645771823237902	46.48845	187.23538349
0.06632251157578452	10.5343	142.022442964
0.06806784082777885	42.33604	178.894968399
0.06981317007977318	48.5667	166.404517135
0.0715584993317675	4.29088	122.632715972
0.07330382858376185	10.4053	145.969203396
0.07504915783575618	0.5795977	120.505548622
0.0767944870877505	1.575583	108.558513744
0.07853981633974483	12.01232	111.603002333
0.08028514559173915	2.454503	98.7679742906
0.08203047484373349	13.0388	120.39979366
0.08377580409572782	10.2913	109.697083448
0.08552113334772216	9.8304	96.602293074
0.08726646259971649	14.76078	97.7641261361
0.0890117918517108	0.9091949	73.9177343174
0.09075712110370514	5.920476	79.5510600335
0.09250245035569946	7.33164	85.0192629981
0.0942477796076938	4.62861	76.702201183
0.09599310885968813	22.66845	90.7470083782
0.09773843811168245	16.20148	80.0763451638
0.09948376736367678	14.50307	78.6487753632
0.10122909661567112	21.2738	88.8155902948
0.10297442586766545	5.320108	70.0301575065
0.10471975511965977	7.212422	68.0664735276
0.10646508437165408	12.97485	69.1522007535
0.10821041362364843	6.77058	60.8445191011
0.10995574287564278	19.4367	76.4829763007
0.1117010721276371	16.81995	73.2247281312
0.11344640137963143	6.758436	61.3661941349
0.11519173063162574	8.966998	60.0234749464
0.11693705988362009	2.017523	48.8706421769
0.11868238913561441	2.170939	50.9987979596
0.12042771838760875	8.755056	57.7087555473
0.12217304763960307	3.97846	50.9364887305
0.12391837689159739	6.062345	53.4285706421
0.12566370614359174	5.205939	51.2074484522
0.12740903539558604	1.645725	50.7956277167
0.1291543646475804	2.874976	55.6458209424
0.13089969389957473	0.3617546	49.3734807856
0.13264502315156904	0.1558558	46.3632969566
0.1343903524035634	2.192148	46.7623884432
0.1361356816555577	0.8331286	45.794032843
0.13788101090755206	3.962799	54.6238403001
0.13962634015954636	2.674712	53.2639745702
0.1413716694115407	2.077493	47.1370043346
0.143116998663535	3.576466	44.3806688367
0.14486232791552936	0.3655317	37.413459215
0.1466076571675237	1.068782	38.7431845418
0.148352986419518	2.949695	42.8551202517
0.15009831567151236	1.387807	38.9621236595
0.15184364492350666	5.860497	40.4348721558
0.153588974175501	5.177677	37.4538334768
0.15533430342749535	2.772524	34.0675675696
0.15707963267948966	4.030234	36.1143643225
0.158824961931484	1.136277	32.8688328302
0.1605702911834783	1.466055	32.4879881557
0.16231562043547265	5.110811	36.196162608
0.16406094968746698	3.311962	35.3692158467
0.16580627893946132	5.442825	39.4999903414
0.16755160819145565	4.940882	38.8939423867
0.16929693744344995	1.34467	34.2501196665
0.1710422666954443	2.546364	35.0934628066
0.17278759594743864	1.965623	33.9897645312
0.17453292519943298	1.345077	34.62106619
0.17627825445142728	4.534976	38.8587060965
0.1780235837034216	2.663715	35.5085967766
0.17976891295541597	1.994926	33.6978247108
0.18151424220741028	2.366258	32.2479254451
0.1832595714594046	0.3004336	28.2887048593
0.1850049007113989	0.6207577	28.6948983126
0.18675022996339327	1.306001	28.7731884111
0.1884955592153876	0.2219544	26.8296833393
0.1902408884673819	1.369321	27.6552683582
0.19198621771937627	0.9962698	25.6430170695
0.19373154697137057	0.8694557	24.6689884853
0.1954768762233649	0.7429172	24.4344804165
0.19722220547535924	0.07267252	23.3445281382
0.19896753472735357	0.6338414	24.6004005376
0.20071286397934793	0.7179381	25.057435402
0.20245819323134223	0.5343612	24.6218646394
0.20420352248333656	2.05929	26.5967686296
0.2059488517353309	1.13393	25.4631227051
0.20769418098732523	1.69231	26.0485903131
0.20943951023931953	2.588435	27.5346473351
0.2111848394913139	0.8153092	25.5455104277
0.21293016874330817	0.9216304	25.5831547366
0.21467549799530256	1.775676	26.3167707014
0.21642082724729686	0.8310691	24.6536282158
0.2181661564992912	2.762792	26.3888674668
0.21991148575128555	2.722492	25.8232548312
0.22165681500327983	0.807515	22.9798162262
0.2234021442552742	0.8067225	22.2041608861
0.22514747350726852	0.3634415	20.7641245615
0.22689280275926285	0.2487216	20.1252465947
0.22863813201125716	1.867209	21.5277025551
0.2303834612632515	1.236037	20.2297791373
0.23212879051524585	0.864709	19.2986030751
0.23387411976724018	0.6187535	18.2190989246
0.23561944901923448	0.1663431	17.2841000042
0.23736477827122882	0.7464911	18.2913948768
0.23911010752322315	0.8293291	18.462292951
0.2408554367752175	0.4394052	18.0428398246
0.24260076602721184	1.232147	18.9312976583
0.24434609527920614	0.7614437	18.2104188124
0.24609142453120048	1.184333	19.2674434326
0.24783675378319478	1.55797	20.4653124463
0.24958208303518917	0.4218282	19.2528170718
0.25132741228718347	0.3847553	19.2010476501
0.2530727415391778	0.9367755	19.6851692018
0.2548180707911721	0.456113	19.300444907
0.2565634000431664	1.392446	21.156618182
0.2583087292951608	1.181739	21.1154608642
0.26005405854715513	0.1791773	19.3805424539
0.26179938779914946	0.2117902	18.7052819923
0.26354471705114374	0.1310062	18.0070293865
0.26529004630313807	0.03973755	18.0426623927
0.26703537555513246	0.6906886	19.1018911969
0.2687807048071268	0.344096	18.1616616284
0.27052603405912107	0.3723512	17.1350882661
0.2722713633111154	0.2673715	15.9992854689
0.27401669256310973	0.2112849	15.4566287496
0.2757620218151041	0.5399598	16.0935033814
0.2775073510670984	0.3843107	15.9118372043
0.2792526803190927	0.2813779	15.1288099668
0.28099800957108706	0.9588104	15.0403031272
0.2827433388230814	0.630525	14.1257570778
0.2844886680750758	1.09165	14.88125178
0.28623399732707	1.387042	15.747263467
0.2879793265790644	0.5045697	14.7366884239
0.2897246558310587	0.5494168	14.347778482
0.29146998508305305	1.008916	14.3635802593
0.2932153143350474	0.5863104	13.9310401301
0.29496064358704166	1.404988	15.5754275749
0.296705972839036	1.348067	16.0335040358
0.2984513020910304	0.3767942	14.8789777418
0.3001966313430247	0.3802761	14.4634591109
0.30194196059501904	0.3707166	14.015073576
0.3036872898470133	0.1444237	13.9958555207
0.30543261909900765	0.8411005	15.387027368
0.307177948351002	0.5790458	15.2879935594
0.3089232776029963	0.1580892	14.5769479363
0.3106686068549907	0.0912328	13.9408171795
0.312413936106985	0.01857312	13.4346620879
0.3141592653589793	0.1094049	13.7452078847
0.31590459461097364	0.296826	14.1785913238
0.317649923862968	0.1211076	13.820162515
0.3193952531149623	0.3278801	13.6343679829
0.3211405823669566	0.2095338	12.9398332012
0.32288591161895097	0.4573962	13.0667063468
0.3246312408709453	0.6575642	13.5694228252
0.32637657012293964	0.2611512	13.0949799524
0.32812189937493397	0.2424944	12.6817977666
0.32986722862692824	0.6428173	12.5581491259
0.33161255787892263	0.4536696	11.9480601693
0.33335788713091696	0.9778846	12.804158582
0.3351032163829113	1.000716	13.2841714863
0.3368485456349056	0.3013906	12.4516632081
0.3385938748868999	0.3275625	11.98058357
0.3403392041388943	0.5204531	11.4973950504
0.3420845333908886	0.3073103	11.0189658804
0.3438298626428829	0.8176524	12.0939413701
0.3455751918948773	0.6335214	12.4184917767
0.34732052114687156	0.1105059	11.8504117007
0.34906585039886595	0.112738	11.3356892926
0.3508111796508603	0.1044075	10.6175036559
0.35255650890285456	0.02179843	10.3775696539
0.3543018381548489	0.3035437	11.125559951
0.3560471674068432	0.1251342	11.3136899514
0.35779249665883756	0.1007659	11.2748699013
0.35953782591083194	0.06929353	10.7635284837
0.3612831551628262	0.0856726	10.2652442694
0.36302848441482055	0.2016117	10.3784536232
0.3647738136668149	0.1770755	10.6170706117
0.3665191429188092	0.1442331	10.7352749351
0.3682644721708036	0.5159064	10.9914141575
0.3700098014227978	0.381752	10.4289975987
0.3717551306747922	0.5009631	10.3851560611
0.37350045992678654	0.6665137	10.7945227381
0.3752457891787809	0.3559897	10.7014756755
0.3769911184307752	0.4020867	10.7821477411
0.3787364476827695	0.808018	10.8952010022
0.3804817769347638	0.5247375	10.1848752573
0.38222710618675815	0.663655	10.4312858488
0.38397243543875254	0.7048636	10.9258205208
0.38571776469074687	0.2823913	10.8418999335
0.38746309394274114	0.3143121	10.9120919695
0.3892084231947355	0.5331687	10.6630677545
0.3909537524467298	0.2370057	9.85141677161
0.39269908169872414	0.3568251	10.0766826774
0.39444441095071847	0.2861653	10.4697360582
0.3961897402027128	0.0305194	10.6710042208
0.39793506945470714	0.0417489	10.7614989556
0.3996803987067014	0.1029517	10.2733093751
0.40142572795869585	0.001197998	9.56445608536
0.4031710572106902	0.1190689	9.58183252205
0.40491638646268446	0.04723308	9.80891219964
0.4066617157146788	0.1029668	10.3306612059
0.4084070449666731	0.07264697	10.4016807861
0.41015237421866746	0.05379333	9.91193679562
0.4118977034706618	0.1735957	9.47111548492
0.41364303272265607	0.2460176	9.2755021032
0.41538836197465046	0.2054485	9.36835609159
0.41713369122664473	0.4663204	10.008804548
0.41887902047863906	0.3242244	9.93715789928
0.4206243497306334	0.2424789	9.55132770968
0.4223696789826278	0.4233018	9.34401493051
0.4241150082346221	0.3815085	9.0308354489
0.42586033748661634	0.3439973	9.06978140011
0.4276056667386108	0.6150103	9.58693497711
0.4293509959906051	0.3670429	9.30028952399
0.4310963252425994	0.2662663	8.98563949031
0.4328416544945937	0.3661407	8.83338865194
0.43458698374658805	0.2348232	8.5239606216
0.4363323129985824	0.2073146	8.61184982796
0.4380776422505767	0.3856336	8.92771478712
0.4398229715025711	0.1587102	8.53667797918
0.44156830075456543	0.1416819	8.26313840299
0.44331363000655966	0.1434392	8.0092501166
0.445058959258554	0.02543703	7.79810892361
0.4468042885105484	0.0300847	8.01519301627
0.4485496177625427	0.09938986	8.24976755434
0.45029494701453704	0.01104604	8.02500703258
0.45204027626653137	0.1351632	7.85228538035
0.4537856055185257	0.08042801	7.45296723169
0.45553093477052004	0.04573712	7.33481415293
0.4572762640225143	0.05498696	7.63550920702
0.45902159327450864	0.01098738	7.94086433255
0.460766922526503	0.0574033	8.1423367715
0.4625122517784973	0.267271	8.20971119981
0.4642575810304917	0.18575	7.75795186103
0.466002910282486	0.2320856	7.62648519481
0.46774823953448036	0.1913251	7.78109790877
0.46949356878647464	0.04541965	8.11198199848
0.47123889803846897	0.1412732	8.75613484215
0.47298422729046335	0.3300175	9.17531206438
0.47472955654245763	0.2439655	8.893106941
0.47647488579445196	0.3415819	8.70092379359
0.4782202150464463	0.2363642	8.46135555788
0.4799655442984406	0.05086625	8.55381503433
0.481710873550435	0.1282385	9.30036922053
0.48345620280242924	0.2299196	9.97490422608
0.4852015320544237	0.1702783	10.0704215301
0.48694686130641796	0.2953524	9.95107406788
0.4886921905584123	0.1603426	9.33775315296
0.4904375198104066	0.02392601	8.99762572079
0.49218284906240095	0.06586643	9.36223129169
0.4939281783143953	0.0797924	9.94416838568
0.49567350756638956	0.07023407	10.3811067516
0.4974188368183839	0.1979917	10.4977901759
0.49916416607037833	0.07280954	9.82868087774
0.5009094953223726	0.03886144	9.20004375525
0.5026548245743669	0.0502395	8.96863686479
0.5044001538263613	0.009534456	9.12205771318
0.5061454830783556	0.04680378	9.60696660233
0.5078908123303499	0.145446	9.91323236557
0.5096361415823442	0.04618186	9.49062165402
0.5113814708343386	0.1080185	8.93634383262
0.5131268000863328	0.09022977	8.33054217417
0.5148721293383272	0.03076424	8.05472856388
0.5166174585903216	0.0894278	8.33021851534
0.5183627878423159	0.1339909	8.60795361874
0.5201081170943103	0.06122157	8.4621858107
0.5218534463463045	0.1774331	8.20541651828
0.5235987755982989	0.1310869	7.61248481709
0.5253441048502933	0.08098615	7.22487982942
0.5270894341022875	0.1324375	7.3143922502
0.5288347633542818	0.1187639	7.44371056555
0.5305800926062761	0.07219645	7.430542608
0.5323254218582705	0.2006769	7.4077982159
0.5340707511102649	0.1347355	7.02302504966
0.5358160803622593	0.1127521	6.82608637015
0.5375614096142536	0.1380911	6.93216601733
0.5393067388662478	0.08154048	7.01175562666
0.5410520681182421	0.06113742	7.05401709506
0.5427973973702365	0.1731078	7.09059360106
0.5445427266222308	0.1040512	6.85665318401
0.5462880558742251	0.1185079	6.89106877211
0.5480333851262195	0.1106984	7.11762706487
0.5497787143782138	0.03578133	7.29888177224
0.5515240436302082	0.03724206	7.4340957084
0.5532693728822025	0.1165423	7.44244780297
0.5550147021341968	0.06248014	7.23576905862
0.5567600313861911	0.1133361	7.342741537
0.5585053606381855	0.07449635	7.58925828679
0.5602506898901798	0.005196903	7.87811051827
0.5619960191421741	0.02020104	8.11995644286
0.5637413483941685	0.06046206	8.10178217605
0.5654866776461628	0.03675636	7.87609001544
0.5672320068981571	0.1205283	7.90218788207
0.5689773361501516	0.05763709	7.99298025987
0.5707226654021459	0.009777736	8.25129267262
0.57246799465414	0.02907612	8.50538885198
0.5742133239061344	0.03115157	8.45490110835
0.5759586531581288	0.04578614	8.23208193823
0.5777039824101231	0.1573393	8.14304593976
0.5794493116621174	0.0769194	7.99564857139
0.5811946409141118	0.05228178	8.08791152656
0.5829399701661061	0.06699321	8.21819100159
0.5846852994181004	0.0360158	8.08948798385
0.5864306286700948	0.08460579	7.89283221701
0.5881759579220891	0.2146413	7.75243398243
0.5899212871740833	0.1201711	7.43598111502
0.5916666164260777	0.107001	7.35313857806
0.593411945678072	0.1094061	7.30263715858
0.5951572749300664	0.05388877	7.05820653481
0.5969026041820608	0.1199182	6.8737832881
0.598647933434055	0.2539571	6.75423843269
0.6003932626860494	0.1500004	6.42392229436
0.6021385919380438	0.1334638	6.29266541447
0.6038839211900381	0.1201089	6.14712385882
0.6056292504420324	0.05350181	5.8281022582
0.6073745796940266	0.1157366	5.62363360342
0.609119908946021	0.2371335	5.53075298271
0.6108652381980153	0.1357196	5.2985562423
0.6126105674500096	0.1117716	5.26874562802
0.614355896702004	0.086845	5.19756712408
0.6161012259539983	0.02778969	4.94128327875
0.6178465552059926	0.06963511	4.73050270956
0.6195918844579871	0.1628361	4.62408534173
0.6213372137099814	0.08203621	4.49132645289
0.6230825429619757	0.06153399	4.60231420572
0.62482787221397	0.03505634	4.70301388424
0.6265732014659643	0.003282132	4.64471991808
0.6283185307179586	0.01893666	4.50023329375
0.630063859969953	0.07152534	4.37325162817
0.6318091892219473	0.02520397	4.29580745387
0.6335545184739416	0.0237946	4.47714102612
0.635299847725936	0.00303615	4.69127968668
0.6370451769779303	0.01163352	4.83272938422
0.6387905062299246	0.007473056	4.79319849735
0.6405358354819191	0.01391542	4.66885368311
0.6422811647339132	0.004006745	4.63183977426
0.6440264939859075	0.02895578	4.81658375033
0.6457718232379019	0.009612529	5.0235821237
0.6475171524898963	0.05743912	5.24840001895
0.6492624817418906	0.04803512	5.2582245121
0.6510078109938849	0.01424064	5.11460040841
0.6527531402458793	0.03377126	5.09594198919
0.6544984694978736	0.08118341	5.2592288627
0.6562437987498679	0.04713251	5.39591090805
0.6579891280018623	0.11618	5.60822712896
0.6597344572538565	0.115881	5.60147272337
0.6614797865058508	0.05878836	5.38645480732
0.6632251157578453	0.1000208	5.31812506989
0.6649704450098396	0.1624457	5.41895264851
0.6667157742618339	0.09555594	5.46439938962
0.6684611035138281	0.1562364	5.64061732757
0.6702064327658226	0.1708566	5.62903837965
0.6719517620178169	0.1109492	5.35723188798
0.6736970912698113	0.1682354	5.1968720252
0.6754424205218056	0.2419045	5.18314048026
0.6771877497737998	0.1352719	5.10724166818
0.6789330790257941	0.1589613	5.23114301542
0.6806784082777886	0.1832115	5.25718380362
0.6824237375297829	0.1351335	5.01352539093
0.6841690667817772	0.2004334	4.80651969264
0.6859143960337715	0.284254	4.688580735
0.6876597252857658	0.1504936	4.48842260618
0.6894050545377601	0.125149	4.53262643939
0.6911503837897546	0.1479985	4.59625196335
0.6928957130417489	0.1163353	4.44284047121
0.6946410422937431	0.1749751	4.26320006569
0.6963863715457375	0.2631631	4.10830322383
0.6981317007977319	0.1313775	3.84277488549
0.6998770300497262	0.07159676	3.8173699461
0.7016223593017206	0.08555994	3.89673912399
0.7033676885537148	0.06820876	3.83945983926
0.7051130178057091	0.1038593	3.71929358203
0.7068583470577035	0.1816335	3.57424045572
0.7086036763096978	0.08180483	3.30848872175
0.7103490055616921	0.02283976	3.2540595139
0.7120943348136864	0.02836313	3.34044335316
0.7138396640656808	0.02254206	3.36939231705
0.7155849933176751	0.03141314	3.32002727341
0.7173303225696696	0.08273956	3.1977514152
0.7190756518216639	0.02656776	2.95085847115
0.7208209810736581	0.0013577	2.87995232375
0.7225663103256524	0.001127762	2.94909393003
0.7243116395776468	0.003947937	3.04218657416
0.7260569688296411	0.004889661	3.08663347456
0.7278022980816354	0.0295622	3.0158701542
0.7295476273336298	0.003669422	2.79113273236
0.7312929565856241	0.01920994	2.68642458304
0.7330382858376184	0.00948022	2.68168871972
0.7347836150896128	0.01203218	2.77289645181
0.7365289443416072	0.0365967	2.91130842694
0.7382742735936013	0.05923184	2.93809769058
0.7400196028455956	0.037971	2.76265466744
0.7417649320975901	0.07239988	2.63020662854
0.7435102613495844	0.04531106	2.51841531534
0.7452555906015788	0.03062706	2.52135866812
0.7470009198535731	0.09445522	2.69171737624
0.7487462491055674	0.1488758	2.820613121
0.7504915783575618	0.1146458	2.72045792285
0.7522369076095561	0.1381465	2.60403651732
0.7539822368615504	0.09755997	2.43266379793
0.7557275661135446	0.05329464	2.31920172224
0.757472895365539	0.1343993	2.43004713078
0.7592182246175333	0.2307639	2.59578746408
0.7609635538695276	0.1817225	2.54893018131
0.7627088831215221	0.1794051	2.48008283096
0.7644542123735163	0.1512593	2.34862451999
0.7661995416255106	0.09014346	2.18696470734
0.7679448708775051	0.1417482	2.19455180045
0.7696902001294994	0.2496215	2.31356528663
0.7714355293814937	0.1915088	2.26074553239
0.773180858633488	0.1657874	2.21522067642
0.7749261878854823	0.1805671	2.17924067411
0.7766715171374766	0.1419178	2.07123918157
0.778416846389471	0.1337125	2.01013713034
0.7801621756414654	0.205877	2.05759058997
0.7819075048934596	0.1463906	1.9752507692
0.783652834145454	0.1052966	1.90700313236
0.7853981633974483	0.1621229	1.92426718854
0.7871434926494427	0.1787785	1.89880073441
0.7888888219014369	0.1233479	1.82159188153
0.7906341511534312	0.138847	1.83418844502
0.7923794804054256	0.09403198	1.77634505529
0.7941248096574199	0.04974555	1.70016405306
0.7958701389094143	0.1063159	1.69775785227
0.7976154681614087	0.1665363	1.69369328414
0.7993607974134028	0.1015374	1.59975957878
0.8011061266653973	0.07870708	1.59338794662
0.8028514559173917	0.0705535	1.61612985159
0.8045967851693859	0.04662184	1.6099040164
0.8063421144213804	0.05803864	1.58935301081
0.8080874436733746	0.1124776	1.56364624195
0.8098327729253689	0.06564703	1.43737791179
0.8115781021773633	0.03468848	1.3744959667
0.8133234314293576	0.06514781	1.42833685072
0.815068760681352	0.08383612	1.51224109998
0.8168140899333463	0.04785353	1.52581389883
0.8185594191853405	0.06017499	1.5224424372
0.8203047484373349	0.04136817	1.42654089785
0.8220500776893291	0.02010222	1.31339651149
0.8237954069413236	0.05388306	1.29048166014
0.8255407361933178	0.1055706	1.36240403194
0.8272860654453121	0.05751474	1.3916853708
0.8290313946973066	0.03599866	1.44359585159
0.8307767239493009	0.04968297	1.47301851877
0.8325220532012952	0.04963906	1.41906584058
0.8342673824532895	0.04360791	1.317507279
0.8360127117052839	0.08501725	1.28779301197
0.8377580409572781	0.05504258	1.25320306142
0.8395033702092726	0.02926997	1.28729388746
0.8412486994612668	0.06993254	1.40907152383
0.8429940287132611	0.1024984	1.49071295396
0.8447393579652556	0.05323227	1.42320318569
0.8464846872172498	0.05118217	1.3520435496
0.8482300164692442	0.04475794	1.26683154633
0.8499753457212387	0.03019622	1.21325383739
0.8517206749732327	0.06751443	1.27327895279
0.8534660042252271	0.1254832	1.39813329022
0.8552113334772216	0.07067357	1.40794767465
0.8569566627292158	0.03694091	1.40086382758
0.8587019919812102	0.05149263	1.38435724755
0.8604473212332044	0.05045306	1.31593783577
0.8621926504851988	0.045864	1.25041706246
0.8639379797371932	0.09372533	1.27811791782
0.8656833089891874	0.06637513	1.27797640493
0.8674286382411819	0.03675742	1.31032561246
0.8691739674931761	0.07031864	1.39747266075
0.8709192967451703	0.08901169	1.42856889666
0.8726646259971648	0.03713387	1.34247263779
0.8744099552491592	0.04199534	1.28494759997
0.8761552845011534	0.04183829	1.22613659279
0.8779006137531478	0.03336333	1.20381011999
0.8796459430051422	0.07015913	1.27526121865
0.8813912722571364	0.1110164	1.37535563499
0.8831366015091309	0.04881944	1.36155266542
0.8848819307611251	0.01699905	1.33476658581
0.8866272600131193	0.02862372	1.29685224494
0.8883725892651138	0.0334764	1.23325784911
0.890117918517108	0.04388876	1.19557647741
0.8918632477691024	0.08773583	1.23787795016
0.8936085770210968	0.05459865	1.25128227615
0.895353906273091	0.02243713	1.28286749848
0.8970992355250854	0.03913082	1.33076533674
0.8988445647770799	0.04995319	1.32417516694
0.9005898940290741	0.02025425	1.23742361526
0.9023352232810685	0.03810105	1.19016743848
0.9040805525330627	0.03896208	1.15956066188
0.905825881785057	0.03124977	1.17472866045
0.9075712110370514	0.04971364	1.24592339284
0.9093165402890457	0.06898879	1.31610069907
0.9110618695410401	0.02092276	1.28368233546
0.9128071987930344	0.006300349	1.23401191636
0.9145525280450286	0.0199514	1.1837646715
0.9162978572970231	0.03125809	1.14743883645
0.9180431865490173	0.03896664	1.14632393273
0.9197885158010117	0.06359915	1.2074572711
0.921533845053006	0.03273762	1.235522955
0.9232791743050003	0.009195045	1.24935645113
0.9250245035569946	0.01862741	1.24692177422
0.9267698328089891	0.03264149	1.21357764106
0.9285151620609834	0.01777535	1.14109077312
0.9302604913129776	0.0328186	1.12518296072
0.932005820564972	0.03260918	1.14324672305
0.9337511498169663	0.02608883	1.18840441228
0.9354964790689607	0.02862296	1.23619708882
0.9372418083209549	0.03945215	1.26237720017
0.9389871375729493	0.009576997	1.20455290778
0.9407324668249436	0.005312896	1.14414520773
0.9424777960769379	0.02022392	1.11336266304
0.9442231253289324	0.03361496	1.1208708708
0.9459684545809267	0.02962886	1.14782820588
0.9477137838329208	0.03914944	1.20977729868
0.9494591130849153	0.01741427	1.22655424575
0.9512044423369097	0.00366389	1.20722904849
0.9529497715889039	0.01221572	1.16901741419
0.9546951008408984	0.03029932	1.13157647996
0.9564404300928926	0.01761351	1.0845767032
0.9581857593448869	0.02385768	1.10259001326
0.9599310885968813	0.02486954	1.15420456328
0.9616764178488756	0.02069615	1.20247475369
0.96342174710087	0.01524764	1.21444163379
0.9651670763528643	0.02553078	1.19873816365
0.9669124056048585	0.007001008	1.12291912549
0.9686577348568529	0.00542638	1.06980040658
0.9704030641088474	0.02129368	1.07323790394
0.9721483933608416	0.03423632	1.11923197299
0.9738937226128359	0.01962431	1.15906078539
0.9756390518648302	0.02138731	1.20443193118
0.9773843811168246	0.00833697	1.19325921994
0.979129710368819	0.001337521	1.14472820028
0.9808750396208132	0.0124759	1.09653365644
0.9826203688728075	0.03309886	1.07817713379
0.9843656981248019	0.01626414	1.06637980169
0.9861110273767961	0.01405932	1.11207112902
0.9878563566287906	0.01629665	1.17231579831
0.9896016858807848	0.01371708	1.20201782335
0.9913470151327791	0.008135321	1.18133433292
0.9930923443847736	0.02246931	1.14298606698
0.9948376736367678	0.008294653	1.07242357236
0.9965830028887622	0.004883979	1.04690249151
0.9983283321407567	0.01977734	1.08508616853
1.0000736613927508	0.0288355	1.1506438836
1.0018189906447452	0.009340219	1.1849633686
1.0035643198967397	0.01172298	1.20273461287
1.0053096491487339	0.004283118	1.16270036874
1.0070549784007283	0.00097001	1.10314919471
1.0088003076527225	0.01526336	1.069650465
1.0105456369047168	0.03312905	1.08062416385
1.0122909661567112	0.01059475	1.09773574846
1.0140362954087054	0.005039207	1.14971071451
1.0157816246606999	0.006996722	1.18817304381
1.017526953912694	0.006232458	1.18471728878
1.0192722831646883	0.007758586	1.14291489028
1.0210176124166828	0.02471642	1.10328891234
1.0227629416686772	0.008453003	1.05491350382
1.0245082709206714	0.002073586	1.05798824258
1.0262536001726656	0.01177895	1.10720819753
1.02799892942466	0.01639256	1.16053617575
1.0297442586766543	0.003236866	1.17204103695
1.0314895879286488	0.01141781	1.16244836532
1.0332349171806432	0.004747606	1.10790677961
1.0349802464326374	0.001994876	1.05683553041
1.0367255756846319	0.01289235	1.04350712814
1.038470904936626	0.02305611	1.07092290215
1.0402162341886205	0.003188003	1.09680137052
1.041961563440615	0.002049359	1.13686763166
1.043706892692609	0.003239551	1.14792057087
1.0454522219446034	0.004826921	1.12327010831
1.0471975511965979	0.009093975	1.07771538055
1.048942880448592	0.02104156	1.04858371356
1.0506882097005865	0.005146834	1.02433922557
1.0524335389525807	0.0002760541	1.04587211015
1.054178868204575	0.005204	1.09347873141
1.0559241974565694	0.01000148	1.13153498243
1.0576695267085636	0.003855418	1.1259858984
1.059414855960558	0.0121004	1.1033592152
1.0611601852125523	0.006449898	1.05319478229
1.0629055144645467	0.004439778	1.01924065779
1.064650843716541	0.008309214	1.02248885538
1.0663961729685354	0.01484935	1.05986131099
1.0681415022205298	0.001529648	1.08690453618
1.069886831472524	0.002975975	1.11606233911
1.0716321607245185	0.006844808	1.11694138213
1.0733774899765127	0.01098508	1.08745590015
1.0751228192285072	0.009287339	1.04181650709
1.0768681484805014	0.01552739	1.02047664196
1.0786134777324956	0.003557244	1.01021930554
1.08035880698449	0.000131568	1.04013249428
1.0821041362364843	0.007585179	1.0923366027
1.0838494654884787	0.01696292	1.12703416245
1.085594794740473	0.007553051	1.10621637404
1.0873401239924672	0.01064701	1.06811795803
1.0890854532444616	0.008112122	1.01449450345
1.0908307824964558	0.005405427	0.983853862979
1.0925761117484503	0.008581567	1.00074661486
1.0943214410004447	0.01954144	1.05552973333
1.096066770252439	0.005705309	1.08555663534
1.0978120995044334	0.004128948	1.10089989299
1.0995574287564276	0.01288061	1.08303183142
1.101302758008422	0.01578888	1.03046355084
1.1030480872604165	0.008209332	0.973071480199
1.1047934165124107	0.01574536	0.965772149024
1.106538745764405	0.005954022	0.982639103731
1.1082840750163994	0.002351289	1.03061271114
1.1100294042683936	0.0164802	1.08353095472
1.111774733520388	0.02605068	1.09182368602
1.1135200627723822	0.007291155	1.03093592999
1.1152653920243765	0.006917604	0.972919752065
1.117010721276371	0.007891638	0.935397685438
1.1187560505283651	0.007290429	0.939650112925
1.1205013797803596	0.01631533	0.988889474664
1.1222467090323538	0.02976316	1.05091391775
1.1239920382843482	0.009889523	1.0560318364
1.1257373675363425	0.002630616	1.03270578172
1.127482696788337	0.01191948	0.994348018646
1.1292280260403311	0.0156302	0.95058743506
1.1309733552923256	0.01017899	0.923646877006
1.13271868454432	0.02118988	0.952027416558
1.1344640137963142	0.01552203	0.9918554634
1.1362093430483085	0.0112169	1.03015911837
1.1379546723003031	0.01972761	1.04996693491
1.1397000015522971	0.0246178	1.03154060283
1.1414453308042918	0.005031921	0.966398353203
1.143190660056286	0.005591037	0.926302864299
1.14493598930828	0.01681832	0.928505618633
1.1466813185602747	0.02463549	0.964200954532
1.1484266478122689	0.02558973	1.00983287761
1.1501719770642633	0.03051664	1.05145319145
1.1519173063162575	0.01385641	1.0395929435
1.1536626355682518	0.004135646	0.996389200802
1.1554079648202462	0.01386287	0.954477487311
1.1571532940722404	0.02725329	0.932933947046
1.1588986233242349	0.019035	0.927409812716
1.160643952576229	0.02433214	0.972122878196
1.1623892818282235	0.03203174	1.0306672425
1.1641346110802178	0.02794403	1.05442545126
1.1658799403322122	0.01804328	1.02757385231
1.1676252695842066	0.02115768	0.980675432269
1.1693705988362009	0.007923177	0.91680739296
1.171115928088195	0.008294969	0.896674700638
1.1728612573401895	0.03520315	0.944461874079
1.1746065865921838	0.05074743	1.01113182197
1.1763519158441782	0.02768584	1.03352777388
1.1780972450961724	0.01962419	1.03273256543
1.1798425743481666	0.01585604	0.993900667018
1.181587903600161	0.008477405	0.931048880888
1.1833332328521553	0.01931837	0.897224246197
1.18507856210415	0.04122004	0.917880879489
1.186823891356144	0.02480093	0.945500070631
1.1885692206081382	0.01953292	0.995312227607
1.1903145498601329	0.0385449	1.04372022979
1.192059879112127	0.03664203	1.03045790169
1.1938052083641215	0.0122683	0.957150416609
1.1955505376161157	0.01539742	0.905863391025
1.19729586686811	0.01361884	0.882878495803
1.1990411961201044	0.01477847	0.905881757362
1.2007865253720988	0.04125451	0.979746099195
1.2025318546240933	0.05646473	1.04385374556
1.2042771838760875	0.02374225	1.02969787379
1.2060225131280817	0.01051138	0.989960659259
1.2077678423800762	0.02028719	0.947855770124
1.2095131716320704	0.02059577	0.905289873344
1.2112585008840648	0.02036558	0.895033015914
1.213003830136059	0.03704801	0.944364790126
1.2147491593880533	0.02956217	0.993182364915
1.2164944886400477	0.02370403	1.02923387101
1.218239817892042	0.03823904	1.04480431579
1.2199851471440364	0.04007318	1.0097813609
1.2217304763960306	0.01196757	0.929340566158
1.2234758056480248	0.009497966	0.891601987747
1.2252211349000193	0.0233363	0.909676743523
1.2269664641520137	0.03009631	0.958467689389
1.228711793404008	0.03407428	1.0146498389
1.2304571226560024	0.04172215	1.05199018225
1.2322024519079966	0.02407721	1.0233112155
1.233947781159991	0.01270292	0.967059451171
1.2356931104119853	0.02335563	0.924941098933
1.23743843966398	0.02952457	0.905837877203
1.2391837689159741	0.01386415	0.908363908113
1.2409290981679681	0.01719155	0.957066401081
1.2426744274199628	0.02840054	1.00995591251
1.244419756671957	0.02934295	1.02587583425
1.2461650859239515	0.02536895	0.998781407354
1.2479104151759457	0.02705758	0.953759726592
1.24965574442794	0.01150318	0.899391124887
1.2514010736799344	0.005208968	0.882009284534
1.2531464029319286	0.01975466	0.913441098259
1.254891732183923	0.02914217	0.959800443805
1.2566370614359172	0.01484335	0.978802602904
1.2583823906879115	0.01520371	0.984704735918
1.260127719939906	0.02258445	0.969029363194
1.2618730491919004	0.0204517	0.931460548178
1.2636183784438946	0.01499026	0.894236730384
1.265363707695889	0.01811756	0.887913870246
1.2671090369478832	0.006882869	0.894641889635
1.2688543661998777	0.004165905	0.921276203505
1.270599695451872	0.02069146	0.959853583103
1.2723450247038663	0.02939096	0.975164556688
1.2740903539558606	0.01253862	0.944306541827
1.2758356832078548	0.00994417	0.91352955894
1.2775810124598492	0.01497315	0.892945181139
1.2793263417118435	0.01197076	0.879788357231
1.2810716709638381	0.009743034	0.885349681758
1.2828170002158321	0.01642656	0.914873383744
1.2845623294678263	0.006714933	0.929765609397
1.286307658719821	0.004916761	0.9389640947
1.288052987971815	0.01992574	0.945192579978
1.2897983172238097	0.02374984	0.926157202408
1.2915436464758039	0.005799169	0.881990906587
1.293288975727798	0.003457026	0.863870055556
1.2950343049797925	0.006243604	0.869172093849
1.296779634231787	0.005514277	0.887944158464
1.2985249634837812	0.009660201	0.91761711698
1.3002702927357757	0.016676	0.941523513903
1.3020156219877699	0.005937043	0.927381255232
1.3037609512397643	0.002951759	0.901449898982
1.3055062804917585	0.01043855	0.877133184849
1.307251609743753	0.01072087	0.854124989234
1.3089969389957472	0.0008063814	0.843371989526
1.3107422682477414	0.002441562	0.867103230795
1.3124875974997359	0.004153505	0.898826881994
1.31423292675173	0.005619939	0.920672120312
1.3159782560037245	0.007636188	0.919339098574
1.3177235852557188	0.009676355	0.892450583535
1.319468914507713	0.002961364	0.84691834018
1.3212142437597074	0.001398539	0.820769375428
1.3229595730117016	0.002916366	0.824484599045
1.324704902263696	0.004721319	0.853342353532
1.3264502315156905	0.0009459093	0.884985469808
1.3281955607676847	0.002402737	0.906083588796
1.3299408900196792	0.005253272	0.898172223986
1.3316862192716734	0.006935401	0.86645364469
1.3334315485236679	0.00219206	0.824397355572
1.335176877775662	0.002040313	0.803119130163
1.3369222070276563	0.001208087	0.809862059062
1.338667536279651	0.001178774	0.841999070123
1.3404128655316452	0.001999761	0.878543117651
1.3421581947836396	0.005129032	0.899449519011
1.3439035240356338	0.0003362813	0.883130557358
1.345648853287628	0.0001332228	0.847840580459
1.3473941825396225	0.004354584	0.813792490502
1.3491395117916167	0.005711501	0.797949619212
1.3508848410436112	0.00002419946	0.807082946505
1.3526301702956054	0.0007400297	0.845593036379
1.3543754995475996	0.000778019	0.882436141927
1.356120828799594	0.001003827	0.897482838695
1.3578661580515883	0.002079939	0.882744969958
1.3596114873035827	0.004588549	0.846783277512
1.3613568165555772	0.001239032	0.805797830894
1.3631021458075714	0.001976335	0.794963870039
1.3648474750595658	0.003661179	0.816329823798
1.36659280431156	0.004128425	0.855463354774
1.3683381335635545	0.0007130627	0.888290827795
1.3700834628155487	0.000979162	0.898363969611
1.371828792067543	0.001422938	0.87382306768
1.3735741213195374	0.003579918	0.835697553799
1.3753194505715316	0.002351004	0.80259038803
1.3770647798235263	0.003598565	0.793932996514
1.3788101090755203	0.005248784	0.813736831228
1.3805554383275145	0.005729595	0.851043432289
1.3823007675795091	0.001839571	0.876712206601
1.3840460968315031	0.002062183	0.882967927298
1.3857914260834978	0.0002263312	0.862124780117
1.387536755335492	0.0001861965	0.823384988528
1.3892820845874863	0.005403516	0.789554050704
1.3910274138394807	0.009821015	0.782122431244
1.392772743091475	0.002421969	0.79535985071
1.3945180723434694	0.001633842	0.831009721145
1.3962634015954638	0.007168517	0.869043626721
1.398008730847458	0.006061223	0.878072978496
1.3997540600994525	0.0007155341	0.850410277346
1.4014993893514467	0.003306473	0.813201550981
1.4032447186034411	0.000707556	0.779037069795
1.4049900478554354	0.001320847	0.770465610101
1.4067353771074296	0.01240846	0.798614371685
1.408480706359424	0.0162339	0.841437716142
1.4102260356114182	0.003393916	0.86636387974
1.4119713648634127	0.0009188759	0.87493306115
1.413716694115407	0.005060979	0.860200467496
1.4154620233674011	0.003636052	0.824418161164
1.4172073526193956	0.004138094	0.792885860218
1.4189526818713898	0.01040093	0.790335862217
1.4206980111233842	0.007486666	0.809726683254
1.4224433403753785	0.008006624	0.846505773911
1.424188669627373	0.01476231	0.881657478169
1.4259339988793673	0.01274596	0.891679915301
1.4276793281313616	0.001237623	0.870462788297
1.429424657383356	0.00006660408	0.839932236061
1.4311699866353502	0.004454154	0.814071376682
1.4329153158873444	0.008217355	0.805339187653
1.434660645139339	0.01056459	0.815876248048
1.436405974391333	0.01355382	0.84431017579
1.4381513036433278	0.01192229	0.874279199687
1.439896632895322	0.008741597	0.887816146254
1.4416419621473162	0.005329599	0.874992688923
1.4433872913993107	0.004098415	0.848422368072
1.4451326206513049	0.0001472293	0.8160698881
1.4468779499032993	0.001861605	0.795446984614
1.4486232791552935	0.01241265	0.802363224445
1.4503686084072878	0.0176618	0.827873983839
1.4521139376592822	0.008494318	0.848162662349
1.4538592669112764	0.006237988	0.867183858755
1.4556045961632709	0.009190473	0.873785499351
1.457349925415265	0.004822265	0.848867630601
1.4590952546672595	0.002686183	0.80930435227
1.460840583919254	0.007786717	0.787362588872
1.4625859131712482	0.003204519	0.781828989516
1.4643312424232426	0.005245151	0.801440955524
1.4660765716752369	0.02102687	0.844460227472
1.467821900927231	0.0214677	0.87147713406
1.4695672301792255	0.004302264	0.861290182213
1.4713125594312197	0.001303617	0.842709384735
1.4730578886832144	0.003832043	0.821242200582
1.4748032179352084	0.00284889	0.796023603685
1.4765485471872026	0.01085522	0.789572788341
1.4782938764391973	0.01828376	0.808614145298
1.4800392056911913	0.009610676	0.831150173393
1.481784534943186	0.007898617	0.856624665355
1.4835298641951802	0.01518894	0.876244344016
1.4852751934471744	0.0107155	0.86658123923
1.4870205226991688	0.0004334014	0.832558181061
1.488765851951163	0.002138816	0.807139644149
1.4905111812031575	0.006334482	0.799405828771
1.4922565104551517	0.009361599	0.807978459392
1.4940018397071462	0.01370023	0.831234795885
1.4957471689591406	0.01433002	0.8594705623
1.4974924982111348	0.007523406	0.872811493828
1.4992378274631293	0.00374399	0.865622725861
1.5009831567151235	0.005107302	0.843755544845
1.5027284859671177	0.005391646	0.818381505589
1.5044738152191122	0.001602519	0.799524757467
1.5062191444711064	0.004114106	0.804189119971
1.5079644737231008	0.01236226	0.831495724452
1.509709802975095	0.01354022	0.855056952524
1.5114551322270893	0.006866717	0.857758895418
1.5132004614790837	0.00522943	0.852573381689
1.514945790731078	0.00385279	0.840393961011
1.5166911199830724	0.001316859	0.819327466345
1.5184364492350666	0.006176302	0.807486430666
1.520181778487061	0.01020838	0.811810767672
1.5219271077390553	0.003210043	0.817011526445
1.5236724369910497	0.003920044	0.830204047523
1.5254177662430441	0.01359384	0.850761901653
1.5271630954950384	0.01133383	0.849469750337
1.5289084247470326	0.002252083	0.826026796956
1.5306537539990273	0.002500598	0.812715712758
1.5323990832510213	0.002258831	0.808568328988
1.534144412503016	0.001991212	0.805556183805
1.5358897417550101	0.01023478	0.815205111108
1.5376350710070041	0.01284232	0.828292185253
1.5393804002589988	0.003192058	0.826017154152
1.541125729510993	0.002154766	0.823932564488
1.5428710587629875	0.008814592	0.826642973247
1.5446163880149817	0.006492519	0.814987748354
1.546361717266976	0.001545629	0.798401832643
1.5481070465189704	0.003548655	0.800214795729
1.5498523757709646	0.003923051	0.810346810015
1.551597705022959	0.004299865	0.817559354447
1.5533430342749532	0.009940855	0.825075739494
1.5550883635269477	0.01023457	0.82487959292
1.556833692778942	0.002192943	0.812465406184
1.5585790220309363	0.000871943	0.805271467762
1.5603243512829308	0.005970265	0.808317619077
1.562069680534925	0.005435544	0.809457754618
1.5638150097869192	0.002654556	0.80933889062
1.5655603390389137	0.004884166	0.816421202439
1.567305668290908	0.006507169	0.824551626455
1.5690509975429023	0.006047445	0.824861488602
1.5707963267948966	0.007699263	0.820500395967
1.5725416560468908	0.006809341	0.816828741335
1.5742869852988854	0.001034065	0.81274080151
1.5760323145508797	0.000229713	0.81067650137
1.5777776438028739	0.005958143	0.815247632648
1.579522973054868	0.007101045	0.818582860536
1.5812683023068623	0.003702745	0.814957660542
1.583013631558857	0.004970162	0.817082355254
1.5847589608108512	0.008039463	0.826720322925
1.5865042900628454	0.00605514	0.825116629985
1.5882496193148399	0.004220672	0.814268687828
1.589994948566834	0.003976591	0.808643988833
1.5917402778188285	0.0004144888	0.802161267481
1.593485607070823	0.000667732	0.795099607155
1.5952309363228174	0.009849355	0.801896227864
1.5969762655748114	0.01181122	0.809581789808
1.5987215948268056	0.003979144	0.806688016871
1.6004669240788003	0.004018343	0.811689999215
1.6022122533307945	0.009000471	0.820201869022
1.6039575825827892	0.005428501	0.806037105891
1.6057029118347834	0.003885377	0.78409616841
1.6074482410867772	0.006510663	0.775358728024
1.6091935703387719	0.002805963	0.772354137128
1.610938899590766	0.004764876	0.780827494222
1.6126842288427607	0.01841363	0.806893808285
1.614429558094755	0.01774314	0.818740125273
1.6161748873467492	0.004220352	0.807122229857
1.6179202165987434	0.002898263	0.797682029137
1.6196655458507379	0.007389668	0.789753061335
1.6214108751027323	0.005442737	0.7720747176
1.6231562043547265	0.009999002	0.765058166965
1.624901533606721	0.0151053	0.775440886224
1.6266468628587152	0.009915036	0.78992713434
1.6283921921107094	0.01008349	0.808044678831
1.630137521362704	0.01890811	0.825075201527
1.6318828506146983	0.01396815	0.818581007192
1.6336281798666925	0.001811435	0.793388997156
1.6353735091186867	0.002212116	0.77462621843
1.637118838370681	0.009623694	0.770832654387
1.6388641676226756	0.01210483	0.774380139252
1.6406094968746698	0.01515443	0.786693869676
1.642354826126664	0.01784769	0.806591591672
1.6441001553786583	0.01523619	0.821420564393
1.6458454846306525	0.01129661	0.818228022229
1.6475908138826472	0.0126811	0.804513087652
1.6493361431346414	0.01020117	0.787096184706
1.6510814723866356	0.002481611	0.768842019273
1.6528268016386303	0.006001358	0.765184263776
1.6545721308906243	0.02298306	0.785029008356
1.6563174601426187	0.02670168	0.798805337493
1.6580627893946132	0.01789242	0.796922967427
1.6598081186466074	0.01782723	0.801708958272
1.6615534478986018	0.01993309	0.805951991153
1.6632987771505963	0.01256961	0.787235537248
1.6650441064025905	0.01380605	0.769382760681
1.6667894356545847	0.01778195	0.764851192224
1.668534764906579	0.01132795	0.761184863844
1.6702800941585736	0.01777098	0.773168587543
1.6720254234105678	0.04120782	0.804904787188
1.673770752662562	0.03864519	0.80817546646
1.6755160819145563	0.01709427	0.782422526878
1.6772614111665505	0.01422668	0.772171863214
1.6790067404185451	0.01944211	0.774499758272
1.6807520696705394	0.01539433	0.767997238481
1.6824973989225336	0.02222432	0.774142125063
1.684242728174528	0.03051519	0.789019439345
1.6859880574265222	0.02475164	0.790135997665
1.6877333866785167	0.0273495	0.790432021323
1.6894787159305111	0.04275393	0.79893268368
1.6912240451825054	0.03444968	0.786766476209
1.6929693744344996	0.01216954	0.764496357445
1.6947147036864938	0.01150891	0.767336523013
1.6964600329384885	0.02504488	0.787297045365
1.6982053621904827	0.02756856	0.792725774419
1.6999506914424773	0.03021378	0.790694657043
1.7016960206944716	0.03747416	0.791148679538
1.7034413499464653	0.0375217	0.786385577037
1.70518667919846	0.03279279	0.77501111338
1.7069320084504542	0.03555396	0.772491437161
1.708677337702449	0.02957899	0.77109043606
1.7104226669544431	0.01382925	0.764845376799
1.7121679962064373	0.01782634	0.772092397666
1.7139133254584316	0.04319379	0.795372884793
1.7156586547104258	0.04765936	0.794100298633
1.7174039839624204	0.03549962	0.771293796794
1.7191493132144147	0.0387783	0.767672467656
1.7208946424664089	0.04583944	0.777881357136
1.7226399717184033	0.03519009	0.770976537807
1.7243853009703975	0.03091466	0.768592004829
1.726130630222392	0.03241312	0.77708999204
1.7278759594743864	0.02479451	0.775952223622
1.7296212887263807	0.03200041	0.78102641255
1.7313666179783749	0.06111395	0.805916580505
1.733111947230369	0.06057281	0.802428253121
1.7348572764823638	0.03523007	0.772567288416
1.736602605734358	0.03424546	0.770037386792
1.7383479349863522	0.04682963	0.78657644415
1.7400932642383464	0.03758154	0.779959044504
1.7418385934903406	0.03185394	0.775779032316
1.7435839227423353	0.03980446	0.788089723531
1.7453292519943295	0.0417013	0.791843326942
1.7470745812463238	0.04566187	0.789479644382
1.7488199104983184	0.06269631	0.796302204322
1.7505652397503124	0.05719069	0.782518066183
1.7523105690023069	0.03172071	0.753497066806
1.7540558982543013	0.02948346	0.752643198607
1.7558012275062955	0.04779573	0.77547358423
1.75754655675829	0.04437051	0.77546259849
1.7592918860102844	0.03386154	0.763720087474
1.7610372152622786	0.04358334	0.768202416932
1.7627825445142729	0.05704027	0.776429849609
1.764527873766267	0.0538813	0.768088309763
1.7662732030182617	0.0522413	0.762359647457
1.768018532270256	0.04818966	0.760539149919
1.7697638615222502	0.03351058	0.752670357112
1.7715091907742444	0.03215923	0.754311326691
1.7732545200262386	0.05420135	0.777070874483
1.7749998492782333	0.05538744	0.780410780242
1.7767451785302275	0.03830995	0.763445278217
1.7784905077822217	0.04702286	0.770979115296
1.780235837034216	0.06956943	0.7951204607
1.7819811662862104	0.06010282	0.785217148814
1.7837264955382048	0.04312229	0.765951552142
1.785471824790199	0.04300566	0.769242204228
1.7872171540421935	0.04183677	0.774332104649
1.7889624832941877	0.04104083	0.775131659151
1.790707812546182	0.05948206	0.793336769864
1.7924531417981766	0.06240556	0.794912737906
1.7941984710501708	0.0439469	0.771092942481
1.7959438003021653	0.04800043	0.769413298065
1.7976891295541597	0.06983359	0.788535230919
1.7994344588061535	0.05717266	0.773693021619
1.8011797880581482	0.03273201	0.749746878716
1.8029251173101424	0.03585216	0.757632513846
1.804670446562137	0.04797097	0.773329910689
1.8064157758141313	0.04716108	0.770024030484
1.8081611050661255	0.05373331	0.769095470624
1.8099064343181197	0.05754846	0.763165177217
1.811651763570114	0.04732512	0.746114133087
1.8133970928221086	0.04498389	0.74368590872
1.8151424220741028	0.05758763	0.762755577192
1.816887751326097	0.04759781	0.761980734756
1.8186330805780915	0.0255824	0.746468869599
1.8203784098300857	0.03145563	0.751745489681
1.8221237390820801	0.05574897	0.770004074682
1.8238690683340746	0.05565544	0.761747536518
1.8256143975860688	0.04714229	0.747296790172
1.827359726838063	0.05253458	0.75417129563
1.8291050560900572	0.0562379	0.766381747226
1.830850385342052	0.04674721	0.765228615878
1.8325957145940461	0.04634033	0.77033916416
1.8343410438460404	0.04292819	0.769128176411
1.8360863730980346	0.02992607	0.75305418472
1.8378317023500288	0.03808673	0.755094938371
1.8395770316020235	0.06891737	0.782003069449
1.8413223608540177	0.06726376	0.778012688012
1.843067690106012	0.04468642	0.755332176929
1.8448130193580066	0.04718441	0.762673709985
1.8465583486100006	0.05810122	0.779888591711
1.848303677861995	0.04336699	0.767073155977
1.8500490071139892	0.03441354	0.757279542773
1.8517943363659837	0.03838532	0.758905822285
1.8535396656179781	0.03742003	0.753317522231
1.8552849948699723	0.04402223	0.755323172196
1.8570303241219668	0.06584659	0.774859525515
1.858775653373961	0.05995909	0.766829074737
1.8605209826259552	0.03468018	0.741037939127
1.8622663118779499	0.03254172	0.742594002819
1.864011641129944	0.04507377	0.759904660625
1.8657569703819383	0.03436195	0.749809309238
1.8675022996339325	0.02330648	0.735469999857
1.8692476288859268	0.03315723	0.739703105289
1.8709929581379214	0.04767596	0.748534469675
1.8727382873899157	0.04954105	0.74800910751
1.8744836166419099	0.05231108	0.753518746985
1.876228945893904	0.0486692	0.754405742019
1.8779742751458985	0.03513164	0.743917919044
1.879719604397893	0.02940911	0.738733384848
1.8814649336498872	0.04139966	0.749603492914
1.8832102629018816	0.03845989	0.744841123234
1.8849555921538759	0.0267193	0.733828249566
1.88670092140587	0.04037339	0.752552037186
1.8884462506578648	0.06715337	0.785386879243
1.890191579909859	0.06043983	0.77966536328
1.8919369091618534	0.04235721	0.75798025414
1.8936822384138474	0.0397076	0.751127325554
1.8954275676658416	0.03721507	0.746824889703
1.8971728969178363	0.02925381	0.741771134982
1.8989182261698305	0.03881911	0.759583272903
1.9006635554218252	0.04186308	0.769512614518
1.9024088846738194	0.03212431	0.760304782154
1.9041542139258136	0.04172404	0.765558200598
1.9058995431778079	0.06462645	0.780487303098
1.907644872429802	0.05129223	0.755682488619
1.9093902016817967	0.0251924	0.721896462093
1.911135530933791	0.02469382	0.722628295115
1.9128808601857852	0.03382217	0.738247043896
1.9146261894377794	0.0283381	0.739081387122
1.9163715186897738	0.03112102	0.745460072662
1.9181168479417683	0.03959324	0.750654199066
1.9198621771937625	0.0418272	0.743645192849
1.921607506445757	0.04461606	0.737759453746
1.9233528356977512	0.05417606	0.743010002105
1.9250981649497454	0.04350635	0.730904356275
1.92684349420174	0.02279208	0.712947305019
1.9285888234537343	0.02305866	0.720928548093
1.9303341527057285	0.04110081	0.747868848772
1.9320794819577227	0.03940077	0.751534122151
1.933824811209717	0.03259953	0.747253969721
1.9355701404617116	0.04485592	0.759773833457
1.9373154697137058	0.06007883	0.771957594048
1.9390607989657	0.05093276	0.757448282069
1.9408061282176947	0.04048761	0.743641410666
1.9425514574696887	0.03463901	0.737740307835
1.9442967867216832	0.02555839	0.73316437693
1.9460421159736774	0.02592156	0.74352060072
1.9477874452256718	0.04629928	0.774215034295
1.9495327744776663	0.04694869	0.775888224269
1.9512781037296605	0.03302366	0.753786518306
1.953023432981655	0.04202764	0.752126582754
1.9547687622336491	0.06045123	0.761184401221
1.9565140914856434	0.04411543	0.738374240299
1.958259420737638	0.02334688	0.717755473436
1.9600047499896323	0.0251919	0.724135392141
1.9617500792416265	0.03228646	0.734361741965
1.9634954084936207	0.03249804	0.734794172106
1.965240737745615	0.04329122	0.744364492766
1.9669860669976096	0.04680605	0.743387422954
1.9687313962496038	0.03916445	0.730629495161
1.970476725501598	0.04013137	0.730934836936
1.9722220547535922	0.0508351	0.743104551775
1.9739673840055865	0.03819931	0.727884740516
1.9757127132575811	0.0194763	0.706171406492
1.9774580425095754	0.02634945	0.714602396681
1.9792033717615696	0.04778425	0.740725304039
1.980948701013564	0.04531528	0.744183261413
1.9826940302655582	0.03773517	0.74435742542
1.9844393595175527	0.04465218	0.756499261467
1.9861846887695471	0.05099998	0.762861239226
1.9879300180215416	0.04161801	0.750573683713
1.9896753472735356	0.03943373	0.744145201338
1.9914206765255298	0.03628479	0.734551945345
1.9931660057775245	0.02755744	0.722156400166
1.9949113350295187	0.0339149	0.732939981887
1.9966566642815133	0.05620995	0.765220326161
1.9984019935335076	0.04969851	0.765980861107
2.0001473227855016	0.03056613	0.749339455436
2.0018926520374962	0.03627853	0.753796823272
2.0036379812894904	0.05090219	0.761410334329
2.0053833105414847	0.03802414	0.735458135229
2.0071286397934793	0.02621955	0.712407048637
2.0088739690454736	0.03149874	0.712204398583
2.0106192982974678	0.03824323	0.718844962577
2.012364627549462	0.03688926	0.724895600432
2.0141099568014567	0.04249101	0.742868795437
2.015855286053451	0.04004745	0.746072600973
2.017600615305445	0.03013294	0.733900262592
2.0193459445574393	0.03194977	0.731784279621
2.0210912738094335	0.04695307	0.739243350283
2.022836603061428	0.03922243	0.718800647758
2.0245819323134224	0.02399394	0.696421625269
2.0263272615654166	0.03333225	0.710268527383
2.028072590817411	0.05304951	0.742861850756
2.029817920069405	0.04364524	0.749917057883
2.0315632493213998	0.03131606	0.752162006738
2.033308578573394	0.03647875	0.761776764753
2.035053907825388	0.04271495	0.761130209459
2.036799237077383	0.03793803	0.743921727389
2.0385445663293766	0.04172671	0.736309128422
2.0402898955813713	0.03970994	0.726478662601
2.0420352248333655	0.03032313	0.717504300086
2.0437805540853597	0.03293197	0.732565930516
2.0455258833373544	0.0473769	0.764207817499
2.0472712125893486	0.0374664	0.761473321763
2.049016541841343	0.021215	0.741556109911
2.050761871093337	0.02881928	0.740898901836
2.0525072003453313	0.04615068	0.745110729881
2.054252529597326	0.03679603	0.720501029741
2.05599785884932	0.0251625	0.702140945961
2.0577431881013144	0.03015005	0.709394536715
2.0594885173533086	0.03707514	0.723636524376
2.0612338466053033	0.03097269	0.73023520213
2.0629791758572975	0.03227321	0.743986146022
2.0647245051092917	0.03240157	0.745354264894
2.0664698343612864	0.027675	0.734006790554
2.0682151636132806	0.03182948	0.732418131285
2.069960492865275	0.04671546	0.742088323429
2.0717058221172695	0.03781211	0.726049061231
2.0734511513692637	0.02136829	0.707544584739
2.075196480621258	0.0270104	0.721094359151
2.076941809873252	0.04225246	0.748927011948
2.0786871391252464	0.03235448	0.747846645454
2.080432468377241	0.02223746	0.74185488819
2.0821777976292353	0.02988708	0.747878559519
2.08392312688123	0.03990703	0.74908203485
2.0856684561332237	0.03375278	0.732323391303
2.087413785385218	0.03106819	0.724196251399
2.0891591146372126	0.02891337	0.719056669142
2.090904443889207	0.02366938	0.71466836059
2.0926497731412015	0.02356153	0.724364608096
2.0943951023931957	0.03551201	0.747694246254
2.0961404316451895	0.03049614	0.74351538134
2.097885760897184	0.01931603	0.727896227428
2.0996310901491784	0.02787663	0.734831025849
2.101376419401173	0.04456514	0.749918104685
2.1031217486531673	0.0320977	0.733100299889
2.1048670779051615	0.01708176	0.716223639576
2.1066124071571557	0.02201947	0.722466804961
2.10835773640915	0.03123142	0.732925096907
2.1101030656611446	0.02542411	0.727986130185
2.111848394913139	0.02566312	0.730449599388
2.113593724165133	0.02848894	0.733520162655
2.1153390534171272	0.02815427	0.731336553054
2.1170843826691215	0.02772969	0.731257131235
2.118829711921116	0.03413373	0.738123067412
2.1205750411731104	0.02625698	0.722870693068
2.1223203704251046	0.01483354	0.702397818136
2.124065699677099	0.01984313	0.707538596924
2.1258110289290935	0.03560177	0.728856937778
2.1275563581810877	0.02821426	0.724090521985
2.129301687433082	0.01749477	0.717334859934
2.1310470166850766	0.02600966	0.732796079664
2.132792345937071	0.03844683	0.749568557115
2.134537675189065	0.02776732	0.739727629966
2.1362830044410597	0.01988031	0.733198792473
2.138028333693054	0.02190737	0.734830677223
2.139773662945048	0.02367282	0.733883524381
2.141518992197043	0.02284691	0.731722098229
2.143264321449037	0.03109251	0.740082960314
2.1450096507010312	0.02777407	0.733673267033
2.1467549799530254	0.01943879	0.723105222294
2.1485003092050197	0.02375843	0.731790123558
2.1502456384570143	0.03582564	0.748441324824
2.1519909677090086	0.02503922	0.731742432512
2.1537362969610028	0.01262529	0.707987952369
2.155481626212997	0.02037083	0.707676100609
2.157226955464991	0.0349724	0.716251552527
2.158972284716986	0.02717873	0.702718643129
2.16071761396898	0.02007372	0.696197636949
2.1624629432209743	0.02548856	0.707987044128
2.1642082724729685	0.03115771	0.720851689282
2.1659536017249628	0.02504124	0.722134567239
2.1676989309769574	0.02583181	0.730428134801
2.1694442602289516	0.02412875	0.730816369716
2.171189589480946	0.01970665	0.724574723005
2.17293491873294	0.02380495	0.729239025216
2.1746802479849343	0.03701924	0.744440423506
2.176425577236929	0.02871113	0.734037780294
2.178170906488923	0.01635373	0.721368155125
2.179916235740918	0.02328399	0.735682479191
2.1816615649929116	0.03679963	0.756843174546
2.183406894244906	0.02544021	0.743937207167
2.1851522234969005	0.01527222	0.727299537732
2.1868975527488947	0.02337151	0.728014818009
2.1886428820008894	0.03486086	0.729367117756
2.1903882112528836	0.02881018	0.711815055821
2.192133540504878	0.02649291	0.702119599253
2.193878869756872	0.02843504	0.700094927305
2.1956241990088667	0.02830983	0.699566773345
2.197369528260861	0.02627394	0.703011448455
2.199114857512855	0.03281219	0.718056786125
2.20086018676485	0.02713284	0.715977343752
2.202605516016844	0.01839676	0.706985451931
2.2043508452688383	0.02598813	0.715641214876
2.206096174520833	0.04208307	0.732620749725
2.207841503772827	0.03129066	0.718426430731
2.2095868330248214	0.01813327	0.704823817409
2.2113321622768156	0.02693829	0.722199806166
2.21307749152881	0.04028523	0.746652437814
2.2148228207808045	0.02834293	0.740557683114
2.2165681500327987	0.01957819	0.734889896182
2.218313479284793	0.02602026	0.741124419806
2.220058808536787	0.03364756	0.742351720118
2.2218041377887814	0.0297828	0.728712709538
2.223549467040776	0.03269604	0.72271544423
2.2252947962927703	0.03279246	0.713588267678
2.2270401255447645	0.02963106	0.704708469032
2.2287854547967587	0.03207427	0.709194198932
2.230530784048753	0.0421772	0.724679934054
2.2322761133007476	0.03212937	0.715407239625
2.234021442552742	0.01957693	0.70123026659
2.235766771804736	0.02736451	0.709267993983
2.2375121010567303	0.04272393	0.724303016143
2.239257430308725	0.0310611	0.707598857846
2.241002759560719	0.01985906	0.69254991237
2.2427480888127134	0.03077167	0.706042793974
2.2444934180647076	0.0451306	0.726419155324
2.246238747316702	0.03414133	0.72184048724
2.2479840765686965	0.02576214	0.722826384134
2.2497294058206907	0.03034565	0.735519887217
2.251474735072685	0.03466403	0.741272988717
2.253220064324679	0.02915021	0.731624537545
2.254965393576674	0.03275726	0.727777802805
2.256710722828668	0.03218982	0.716331175841
2.2584560520806622	0.02897573	0.706950180493
2.260201381332657	0.03665791	0.719104281174
2.261946710584651	0.05187562	0.742535038213
2.2636920398366454	0.04031378	0.732585409246
2.26543736908864	0.0252846	0.714022793076
2.2671826983406342	0.03255675	0.717102712451
2.2689280275926285	0.04486249	0.724527328603
2.2706733568446227	0.0294643	0.70242860978
2.272418686096617	0.01796826	0.687456824962
2.2741640153486116	0.02898791	0.699801369523
2.2759093446006062	0.04382886	0.716885958211
2.2776546738526	0.03612734	0.711293507871
2.2794000031045942	0.031003	0.712326667538
2.2811453323565885	0.03660482	0.725534934631
2.2828906616085836	0.04088525	0.735180286598
2.284635990860578	0.03259715	0.729377611862
2.286381320112572	0.0317277	0.725225887564
2.288126649364566	0.02887289	0.710240278173
2.28987197861656	0.02490853	0.695725104473
2.291617307868555	0.03191585	0.704450707733
2.2933626371205493	0.04878146	0.731869907964
2.2951079663725436	0.0403079	0.732923981172
2.2968532956245378	0.02826123	0.727794963018
2.2985986248765315	0.03878901	0.741195968073
2.3003439541285267	0.05201045	0.748656183912
2.302089283380521	0.03301114	0.715057562934
2.303834612632515	0.01765259	0.685931013264
2.3055799418845093	0.02640127	0.687712707628
2.3073252711365035	0.03887554	0.699430246995
2.309070600388498	0.0300718	0.695320765048
2.3108159296404924	0.02668522	0.70229093534
2.3125612588924866	0.03532997	0.720918935709
2.314306588144481	0.04323504	0.735665757243
2.316051917396475	0.03674716	0.734014905004
2.3177972466484698	0.03481112	0.731641313195
2.319542575900464	0.03170959	0.717947463471
2.321287905152458	0.0271822	0.700820823717
2.3230332344044524	0.02762119	0.696223341682
2.324778563656447	0.03773334	0.707501246461
2.3265238929084413	0.0302282	0.702510225891
2.3282692221604355	0.02174527	0.70227838038
2.33001455141243	0.03355798	0.728996532434
2.3317598806644244	0.0495875	0.756928360854
2.3335052099164186	0.03387731	0.741153283767
2.3352505391684133	0.01942943	0.71828619192
2.3369958684204075	0.02869085	0.714593719357
2.3387411976724017	0.04003522	0.710193804346
2.340486526924396	0.02569943	0.683769740363
2.34223185617639	0.01767181	0.674902609827
2.343977185428385	0.02668429	0.69148615368
2.345722514680379	0.03654664	0.714306091732
2.3474678439323733	0.03058083	0.72478613817
2.3492131731843675	0.03006241	0.736045412522
2.3509585024363617	0.03175097	0.736306249055
2.3527038316883564	0.03155936	0.728148503118
2.3544491609403506	0.0287141	0.719364928523
2.356194490192345	0.03231918	0.716876560338
2.357939819444339	0.02473705	0.698689650762
2.3596851486963333	0.01741143	0.684189662405
2.361430477948328	0.0235896	0.693808282701
2.363175807200322	0.0360892	0.71574407335
2.3649211364523164	0.0250352	0.712922745224
2.3666664657043106	0.01538877	0.713574319711
2.368411794956305	0.02660054	0.735823240495
2.3701571242083	0.04007682	0.751290659302
2.371902453460294	0.02501536	0.726265227537
2.373647782712288	0.01393669	0.701757563933
2.375393111964282	0.02249051	0.697702050846
2.3771384412162764	0.03167538	0.699585461809
2.3788837704682715	0.02077754	0.692340843554
2.3806290997202657	0.01708836	0.70011598738
2.38237442897226	0.02252305	0.714644581608
2.384119758224254	0.02748918	0.727295412581
2.3858650874762484	0.02393128	0.73338443463
2.387610416728243	0.02553633	0.740078454023
2.3893557459802373	0.02237048	0.729873454656
2.3911010752322315	0.01901187	0.714742814905
2.3928464044842257	0.01882167	0.706116205086
2.39459173373622	0.02438504	0.703113411897
2.3963370629882146	0.01627293	0.683109651787
2.398082392240209	0.01008931	0.673822233709
2.3998277214922035	0.01846628	0.695127765092
2.4015730507441977	0.03146567	0.727348276371
2.403318379996192	0.02020827	0.730785804397
2.4050637092481866	0.01129038	0.732822222018
2.406809038500181	0.02082922	0.746622576918
2.408554367752175	0.03046569	0.748764463279
2.4102996970041692	0.01602638	0.718599980256
2.4120450262561635	0.008170179	0.695688016681
2.413790355508158	0.01401034	0.6899773698
2.4155356847601523	0.0202414	0.693000368382
2.4172810140121466	0.01382771	0.696104424084
2.419026343264141	0.01360326	0.711983633982
2.420771672516135	0.01572087	0.724651754751
2.4225170017681297	0.01825321	0.733497087989
2.424262331020124	0.01512663	0.736521351126
2.426007660272118	0.0162973	0.735574516565
2.4277529895241123	0.01253567	0.713943043071
2.4294983187761066	0.009958074	0.69068444071
2.4312436480281012	0.01140546	0.681657436605
2.4329889772800954	0.01891533	0.68650482812
2.4347343065320897	0.01193139	0.681688215983
2.436479635784084	0.006931179	0.692707814462
2.438224965036078	0.01558021	0.730277803699
2.4399702942880728	0.02604487	0.76518278766
2.441715623540067	0.0134061	0.758526141116
2.443460952792061	0.005340638	0.741621270872
2.4452062820440554	0.01139004	0.729660543398
2.4469516112960497	0.01741341	0.71241097355
2.4486969405480443	0.007380225	0.682481683993
2.4504422698000385	0.004271337	0.672171846863
2.4521875990520328	0.008090064	0.679154374267
2.4539329283040274	0.01302068	0.695751269767
2.4556782575560216	0.008550863	0.71207946544
2.457423586808016	0.008630476	0.733318518552
2.4591689160600105	0.009474416	0.742058995885
2.4609142453120048	0.0114448	0.741305733612
2.462659574563999	0.008557211	0.730781713936
2.464404903815993	0.01066651	0.715657527771
2.466150233067988	0.007312034	0.685699348065
2.467895562319982	0.005407228	0.667271277542
2.4696408915719763	0.008278438	0.676831522223
2.4713862208239705	0.01564686	0.704768788377
2.4731315500759647	0.007883649	0.716252918644
2.47487687932796	0.003261266	0.729657293364
2.476622208579954	0.00960783	0.751883837025
2.4783675378319483	0.01694104	0.760501635344
2.480112867083942	0.006553217	0.731689386917
2.4818581963359363	0.001845338	0.703967720885
2.4836035255879314	0.006344567	0.690819498477
2.4853488548399256	0.01131438	0.683098563489
2.48709418409192	0.003997876	0.672175741087
2.488839513343914	0.002544241	0.682435020153
2.490584842595908	0.004822709	0.705161070799
2.492330171847903	0.008489449	0.73027476668
2.494075501099897	0.005033092	0.743975321394
2.4958208303518914	0.006382832	0.749901678422
2.4975661596038856	0.006326658	0.736154577434
2.49931148885588	0.007800273	0.716088741969
2.5010568181078745	0.006650019	0.697881731887
2.5028021473598687	0.0095872	0.688983905152
2.504547476611863	0.005232577	0.674483337946
2.506292805863857	0.003136809	0.672979227692
2.5080381351158514	0.005609948	0.693359883132
2.509783464367846	0.01192649	0.722586316349
2.5115287936198403	0.00471305	0.727807036956
2.5132741228718345	0.001506807	0.731911873131
2.5150194521238287	0.007818987	0.744233505016
2.516764781375823	0.01496671	0.744334491478
2.5185101106278176	0.005367164	0.712213340759
2.520255439879812	0.001413993	0.690186160547
2.522000769131806	0.005321766	0.690800944671
2.5237460983838007	0.009278582	0.699053691023
2.525491427635795	0.002447367	0.698096340585
2.527236756887789	0.00214559	0.707213584862
2.528982086139784	0.003903258	0.71839908552
2.530727415391778	0.007486842	0.725954507767
2.5324727446437723	0.006085166	0.72196917174
2.5342180738957665	0.008871882	0.718600892658
2.535963403147761	0.008338263	0.707761386008
2.5377087323997554	0.00935355	0.696852707424
2.5394540616517496	0.007724234	0.688177723785
2.541199390903744	0.009767889	0.690726910455
2.542944720155738	0.004485603	0.689140539376
2.5446900494077327	0.002137713	0.69709626832
2.546435378659727	0.00582876	0.720051086169
2.548180707911721	0.01365122	0.743575502213
2.5499260371637154	0.005998568	0.735901835471
2.5516713664157096	0.002610685	0.727279062137
2.5534166956677042	0.01057872	0.733813025618
2.5551620249196985	0.01801852	0.734601468546
2.5569073541716927	0.006375941	0.705575326706
2.558652683423687	0.001574462	0.686905654912
2.560398012675681	0.006441842	0.689428246495
2.5621433419276762	0.01102104	0.694950925051
2.56388867117967	0.003523251	0.685755093394
2.5656340004316642	0.003358863	0.689716174726
2.5673793296836585	0.007998047	0.706123705839
2.5691246589356527	0.0141252	0.720508618392
2.570869988187648	0.0110661	0.715918621719
2.572615317439642	0.01209072	0.714885531111
2.5743606466916362	0.01305023	0.717063991144
2.57610597594363	0.01413487	0.717664411329
2.5778513051956247	0.009444203	0.710345139939
2.5795966344476193	0.01029918	0.711538620589
2.5813419636996136	0.006093658	0.708467513323
2.5830872929516078	0.004453694	0.708415320423
2.584832622203602	0.008848685	0.717573940509
2.586577951455596	0.01742443	0.730852556841
2.588323280707591	0.00942478	0.720269401418
2.590068609959585	0.006134908	0.711073088837
2.5918139392115793	0.01544421	0.715555064997
2.593559268463574	0.02343423	0.715531947108
2.595304597715568	0.01014347	0.688497416785
2.5970499269675624	0.004197018	0.674528687151
2.598795256219557	0.01139931	0.686439072802
2.6005405854715513	0.01812808	0.702011560716
2.6022859147235455	0.007116072	0.69465554666
2.6040312439755398	0.004284744	0.69822075191
2.6057765732275344	0.01455001	0.722505941125
2.6075219024795286	0.02457055	0.742470540325
2.609267231731523	0.01482537	0.729915431396
2.611012560983517	0.01176966	0.722404571506
2.6127578902355113	0.01967276	0.729225192587
2.614503219487506	0.02456917	0.726928322922
2.6162485487395	0.0132933	0.700606385773
2.6179938779914944	0.01071887	0.689470028894
2.6197392072434886	0.01212118	0.693643040097
2.621484536495483	0.01337424	0.701176423325
2.6232298657474775	0.01209808	0.703993761968
2.6249751949994717	0.01712439	0.712965242959
2.626720524251466	0.01412763	0.711853615942
2.62846585350346	0.01442328	0.709482784493
2.6302111827554544	0.01946468	0.70912244571
2.631956512007449	0.02562669	0.711733662637
2.6337018412594433	0.01734119	0.700797714752
2.6354471705114375	0.01375338	0.695429228249
2.6371924997634317	0.01928121	0.701892627515
2.638937829015426	0.026073	0.712225356601
2.6406831582674206	0.01369484	0.70279959863
2.642428487519415	0.008591213	0.703850306922
2.644173816771409	0.02242837	0.728553666081
2.6459191460234033	0.0352513	0.747757321042
2.647664475275398	0.01924753	0.725120221924
2.649409804527392	0.01250454	0.70774602805
2.6511551337793864	0.02738371	0.716450355545
2.652900463031381	0.0358021	0.718300628786
2.6546457922833753	0.01588841	0.687983866022
2.6563911215353695	0.008056132	0.677002027493
2.658136450787364	0.01829284	0.694582289926
2.6598817800393584	0.02519024	0.707947162773
2.6616271092913526	0.01247092	0.69445543216
2.663372438543347	0.0109597	0.694781357741
2.665117767795341	0.02345209	0.715399068378
2.6668630970473357	0.03450337	0.731730415048
2.6686084262993304	0.02729146	0.72103667617
2.670353755551324	0.02759945	0.717263118727
2.6720990848033184	0.03443684	0.722876142248
2.6738444140553126	0.03642668	0.720543345259
2.6755897433073077	0.02629841	0.702247690467
2.677335072559302	0.02410586	0.698633932198
2.679080401811296	0.01942918	0.700848393884
2.6808257310632904	0.01681776	0.705645621366
2.682571060315284	0.01983236	0.712234653215
2.6843163895672792	0.0275005	0.721333938483
2.6860617188192735	0.02006127	0.711525569352
2.6878070480712677	0.01946752	0.70625887914
2.689552377323262	0.031546	0.714730296653
2.691297706575256	0.0414163	0.722157934246
2.693043035827251	0.02834129	0.704196032178
2.694788365079245	0.02243708	0.692641336714
2.6965336943312392	0.03243467	0.698861331452
2.6982790235832335	0.03969469	0.705517775509
2.7000243528352277	0.02071554	0.689371444761
2.7017696820872223	0.01382774	0.692859347068
2.7035150113392166	0.03324265	0.728684194633
2.705260340591211	0.04794805	0.754758702309
2.707005669843205	0.02754688	0.731472140864
2.7087509990951992	0.0201033	0.715418562161
2.710496328347194	0.04006531	0.729836930503
2.712241657599188	0.04963073	0.733062771235
2.7139869868511823	0.02411445	0.697042327632
2.7157323161031766	0.0144074	0.681648703151
2.7174776453551712	0.02933999	0.697708812639
2.7192229746071654	0.03706705	0.706129672839
2.7209683038591597	0.01950032	0.68775290555
2.7227136331111543	0.01781524	0.69320997615
2.7244589623631486	0.0352605	0.725401303327
2.7262042916151428	0.04785374	0.747673373716
2.7279496208671374	0.0378441	0.733377181893
2.7296949501191317	0.03695347	0.722054003235
2.731440279371126	0.04579228	0.721978874491
2.73318560862312	0.04791356	0.716315374869
2.7349309378751143	0.03251988	0.695646048227
2.736676267127109	0.02721909	0.695289743389
2.738421596379103	0.02686726	0.707398576852
2.7401669256310974	0.02633942	0.718154621121
2.7419122548830916	0.02454687	0.723679972216
2.743657584135086	0.03147514	0.73684840834
2.7454029133870805	0.02960355	0.737685932314
2.7471482426390748	0.03255655	0.736129799788
2.748893571891069	0.04545477	0.735102460446
2.750638901143063	0.05601095	0.72552768035
2.7523842303950574	0.04263263	0.69148470623
2.7541295596470525	0.03635375	0.672480339371
2.7558748888990463	0.04440827	0.682114824832
2.7576202181510405	0.04726853	0.70161431739
2.7593655474030347	0.02582828	0.703596889734
2.761110876655029	0.0175927	0.719237862018
2.762856205907024	0.03286411	0.753999811216
2.7646015351590183	0.04516177	0.774788887813
2.766346864411012	0.02615196	0.7500425845
2.7680921936630063	0.02239644	0.734381456529
2.7698375229150005	0.05091853	0.74840059382
2.7715828521669956	0.06762926	0.744539261083
2.77332818141899	0.03930751	0.691341836096
2.775073510670984	0.02902329	0.664633942033
2.7768188399229783	0.05215189	0.68789714896
2.7785641691749725	0.05869607	0.709104066021
2.780309498426967	0.02651008	0.698173395457
2.7820548276789614	0.01673944	0.712341460938
2.7838001569309556	0.03688376	0.751849970606
2.78554548618295	0.04800832	0.766598877096
2.7872908154349445	0.02878872	0.734386483404
2.7890361446869387	0.0273064	0.719598931379
2.790781473938933	0.05266088	0.738844728215
2.7925268031909276	0.06685278	0.747359236535
2.794272132442922	0.0432206	0.714446164951
2.796017461694916	0.03549004	0.700078822533
2.7977627909469107	0.05284965	0.717187306026
2.799508120198905	0.05566996	0.727257595726
2.801253449450899	0.03013084	0.715019134068
2.8029987787028934	0.02461414	0.725937359541
2.8047441079548876	0.03401273	0.745334219076
2.8064894372068823	0.03903512	0.743553258994
2.8082347664588765	0.03553832	0.718027513994
2.8099800957108707	0.04238832	0.705875707104
2.811725424962865	0.04919585	0.708191460984
2.813470754214859	0.05585937	0.72222162088
2.815216083466854	0.05367956	0.730874871474
2.816961412718848	0.05354124	0.737813903619
2.8187067419708423	0.04953392	0.73254941682
2.8204520712228365	0.04494205	0.725740600822
2.8221974004748307	0.0389289	0.725261867903
2.8239427297268254	0.0397651	0.739147268351
2.8256880589788196	0.02940783	0.739404627099
2.827433388230814	0.02720965	0.735280027662
2.829178717482808	0.04359228	0.734002667011
2.8309240467348022	0.05702817	0.725316558816
2.832669375986797	0.04072308	0.69678040993
2.834414705238791	0.03905105	0.701305018283
2.8361600344907854	0.06005844	0.741553679711
2.8379053637427796	0.06785619	0.76401054019
2.839650692994774	0.0426167	0.734611414279
2.8413960222467685	0.03376658	0.711348855319
2.8431413514987627	0.04992416	0.717882110623
2.844886680750757	0.05687825	0.726318139914
2.8466320100027516	0.02974154	0.709765782271
2.848377339254746	0.02367596	0.716827607809
2.8501226685067405	0.05411747	0.751089399977
2.8518679977587347	0.06924156	0.757680526621
2.853613327010729	0.03715651	0.71357944659
2.855358656262723	0.0295251	0.705665060486
2.8571039855147173	0.06060523	0.751658401494
2.858849314766712	0.06997929	0.775994206738
2.8605946440187062	0.03348872	0.737527175895
2.8623399732707004	0.02432447	0.713340530969
2.8640853025226947	0.05276959	0.72402050482
2.865830631774689	0.06309431	0.721090621332
2.867575961026684	0.03079014	0.687191898454
2.869321290278678	0.02583275	0.694120090028
2.8710666195306724	0.05984693	0.741190520814
2.872811948782666	0.07396026	0.759490459569
2.8745572780346604	0.0421339	0.723228098884
2.8763026072866555	0.03600842	0.714195831444
2.8780479365386498	0.06363711	0.74773818656
2.879793265790644	0.06963126	0.763315622964
2.881538595042638	0.03544833	0.731983724408
2.8832839242946324	0.02701255	0.721412417945
2.885029253546627	0.04959711	0.739222383514
2.8867745827986213	0.05665874	0.739514595404
2.8885199120506155	0.02993231	0.709522241636
2.8902652413026098	0.0274801	0.710554846634
2.892010570554604	0.05220605	0.737454305833
2.8937558998065986	0.06264665	0.744819653314
2.895501229058593	0.04476231	0.71923193865
2.897246558310587	0.04692329	0.71259639749
2.8989918875625813	0.06402936	0.724732142021
2.9007372168145755	0.06856323	0.729282805241
2.90248254606657	0.05197605	0.713534790737
2.9042278753185644	0.04734711	0.71353143749
2.9059732045705586	0.05103951	0.727505058986
2.907718533822553	0.04995301	0.741332829171
2.909463863074547	0.03496526	0.744676092696
2.9112091923265417	0.03308153	0.757813632838
2.912954521578536	0.03830794	0.762728555894
2.91469985083053	0.04207148	0.752138214754
2.916445180082525	0.04248997	0.730752579275
2.918190509334519	0.05259097	0.717004337952
2.9199358385865133	0.054082	0.700100831079
2.921681167838508	0.05893163	0.696999559284
2.923426497090502	0.06899851	0.704467654752
2.9251718263424964	0.07216002	0.708859988567
2.9269171555944906	0.05473756	0.698861236209
2.9286624848464853	0.04704485	0.710174860821
2.9304078140984795	0.04762868	0.743033042694
2.9321531433504737	0.04525471	0.774529732291
2.933898472602468	0.02880329	0.775138657126
2.935643801854462	0.02604105	0.769637460766
2.937389131106457	0.04281585	0.766115099996
2.939134460358451	0.05695421	0.746775182058
2.9408797896104453	0.04073982	0.698065385096
2.9426251188624395	0.04428773	0.683897650627
2.9443704481144337	0.07869348	0.712874479858
2.946115777366429	0.08918821	0.724077016712
2.9478611066184226	0.05343555	0.691393063688
2.949606435870417	0.04306923	0.69058899186
2.951351765122411	0.06082351	0.729808116989
2.9530970943744053	0.05853537	0.754552213494
2.9548424236264004	0.02443801	0.740898641516
2.9565877528783946	0.01805284	0.748184964544
2.9583330821303884	0.0467995	0.779096220855
2.9600784113823826	0.06190215	0.778001755875
2.961823740634377	0.03201717	0.722301698015
2.963569069886372	0.03338474	0.703132182635
2.965314399138366	0.08290787	0.74034890825
2.9670597283903604	0.09715509	0.751186401907
2.968805057642354	0.0479582	0.704564727327
2.970550386894349	0.0374375	0.70063762243
2.9722957161463435	0.07061957	0.74402709144
2.9740410453983377	0.06939664	0.749834120883
2.975786374650332	0.02301818	0.70249073584
2.977531703902326	0.01565181	0.698603055393
2.9792770331543204	0.05180053	0.745613989359
2.981022362406315	0.06551	0.767736684321
2.9827676916583092	0.02814727	0.734262779224
2.9845130209103035	0.02812307	0.734604600206
2.986258350162298	0.08226438	0.78116624646
2.9880036794142923	0.09660698	0.786641882817
2.9897490086662866	0.04149542	0.72872098152
2.9914943379182812	0.03232421	0.724243978347
2.9932396671702755	0.07567932	0.776400954642
2.9949849964222697	0.07664812	0.777019978875
2.996730325674264	0.02388022	0.704321364816
2.9984756549262586	0.01725125	0.674187290478
3.000220984178253	0.05814594	0.704708009804
3.001966313430247	0.06924547	0.7230906864
3.0037116426822412	0.02784384	0.708048341165
3.0054569719342354	0.02722667	0.741728557041
3.00720230118623	0.07863117	0.812494280754
3.0089476304382243	0.09012733	0.825234493877
3.0106929596902186	0.03643381	0.763847291265
3.0124382889422128	0.02936497	0.750325070888
3.014183618194207	0.07443243	0.798258456178
3.0159289474462017	0.07760448	0.805260415279
3.017674276698196	0.02577619	0.73871899276
3.01941960595019	0.0211583	0.702604981978
3.0211649352021843	0.06499013	0.711278812509
3.0229102644541785	0.074369	0.698393215745
3.024655593706173	0.03001324	0.66445954859
3.0264009229581674	0.02904228	0.706048542515
3.0281462522101616	0.07636384	0.801821050286
3.029891581462156	0.08379661	0.845949170815
3.03163691071415	0.03470892	0.811427688943
3.0333822399661448	0.03019275	0.797454349834
3.035127569218139	0.06952678	0.819734451034
3.036872898470133	0.07302786	0.812023332227
3.0386182277221274	0.02889123	0.75657723562
3.040363556974122	0.02647418	0.73940867295
3.0421088862261163	0.06854369	0.759145763229
3.0438542154781105	0.077814	0.739155597132
3.045599544730105	0.0332365	0.676111417948
3.0473448739820994	0.03209494	0.681842097804
3.0490902032340936	0.07759793	0.757386951319
3.0508355324860883	0.08159946	0.813410821754
3.0525808617380825	0.03479294	0.822122911389
3.0543261909900767	0.03264223	0.847624251937
3.056071520242071	0.06535989	0.872992946826
3.057816849494065	0.06767527	0.847350728641
3.05956217874606	0.03426818	0.777831982017
3.0613075079980545	0.03397685	0.751550836259
3.0630528372500487	0.06792271	0.776904079895
3.0647981665020425	0.07701391	0.784982187117
3.0665434957540367	0.03746222	0.743984571384
3.068288825006032	0.03659465	0.737471169135
3.070034154258026	0.08108248	0.774369706298
3.0717794835100203	0.08384336	0.79165268553
3.0735248127620145	0.03588245	0.788960688954
3.0752701420140083	0.03435393	0.838058183325
3.0770154712660034	0.06436564	0.901260026764
3.0787608005179976	0.06445525	0.909741753813
3.080506129769992	0.03790885	0.8591529127
3.082251459021986	0.04009396	0.815886622163
3.0839967882739803	0.06511923	0.800040420795
3.085742117525975	0.07355244	0.791376542999
3.087487446777969	0.04347381	0.772702676105
3.0892327760299634	0.04374808	0.801752565536
3.0909781052819576	0.0849857	0.868512980642
3.092723434533952	0.08900664	0.890074829495
3.0944687637859465	0.04099546	0.850534730432
3.0962140930379407	0.03897209	0.843198628286
3.097959422289935	0.07057855	0.872194150058
3.099704751541929	0.0677088	0.900394504615
3.1014500807939234	0.03815343	0.92932059723
3.103195410045918	0.04075354	0.973544927544
3.1049407392979123	0.06261692	0.980358068539
3.1066860685499065	0.06988586	0.915113138901
3.1084313978019007	0.04755555	0.804235217043
3.1101767270538954	0.05103001	0.773769357246
3.1119220563058896	0.09102034	0.889963041729
3.113667385557884	0.09918137	1.0654590055
3.1154127148098785	0.05437515	1.16611150267
3.1171580440618727	0.05335713	1.16471893354
3.118903373313867	0.09269366	1.04550617654
3.1206487025658616	0.08812225	0.870885600078
3.122394031817856	0.04552796	0.84295915794
3.12413936106985	0.04554598	1.10234799382
3.1258846903218442	0.07573711	1.4858078095
3.1276300195738385	0.08049974	1.67669767269
3.129375348825833	0.05473534	1.47016828918
3.1311206780778273	0.06304785	1.01106685377
3.1328660073298216	0.1295523	0.79238008788
3.134611336581816	0.1583827	1.28948630999
3.13635666583381	0.1188945	2.66958305989
3.1381019950858047	0.1484872	4.70867819926
3.139847324337799	0.464823	6.84782718484
3.141592653589793	1.546511	8.74639800166