# C(3P)-CO2, ground-state PES; differential cross sections (mgacesa, Aug 26 2020)
# theta(rad)                 elastic CS                total CS (both in units of 1E-16 cm^2)
0.	4.40399e6	4.4936667433662005e6
0.0017453292519943296	3.243626e6	3.2991585572e6
0.003490658503988659	1.293333e6	1.30405191882e6
0.005235987755982989	320865.2	324428.663716
0.006981317007977318	107745.	114492.998515
0.008726646259971648	72359.13	77423.3508853
0.010471975511965978	56394.44	58808.9794814
0.012217304763960306	30698.55	32624.7942848
0.013962634015954637	14087.38	18185.8246679
0.015707963267948967	11739.49	17035.4506723
0.017453292519943295	10274.77	14561.1843127
0.019198621771937624	8003.972	10705.8014239
0.020943951023931956	4685.247	6931.06231746
0.022689280275926284	2501.486	6024.77122477
0.024434609527920613	3080.717	7667.8037875
0.02617993877991494	3092.873	7101.69348296
0.027925268031909273	2289.334	5140.28962107
0.029670597283903602	1626.127	3919.2537474
0.031415926535897934	1462.931	4105.08802146
0.03316125578789226	2302.777	5517.52495415
0.03490658503988659	2656.398	5704.2058396
0.03665191429188092	1919.193	4322.82429235
0.03839724354387525	1319.098	3368.27288686
0.04014257279586957	1215.196	3334.61692904
0.04188790204786391	1651.195	3982.71801124
0.043633231299858244	2124.526	4395.05431339
0.04537856055185257	1771.471	3685.45064171
0.0471238898038469	1094.727	2788.16198127
0.048869219055841226	827.3237	2567.5175981
0.05061454830783556	925.6319	2753.66375942
0.05235987755982988	1204.884	2969.14450129
0.054105206811824215	1213.67	2745.42065043
0.05585053606381855	787.1805	2145.28084815
0.05759586531581287	427.0532	1825.06615631
0.059341194567807204	374.55	1853.80627419
0.061086523819801536	486.8246	1896.77626288
0.06283185307179587	584.9983	1780.35614169
0.0645771823237902	471.0264	1463.2485808
0.06632251157578452	225.577	1195.12028455
0.06806784082777885	101.2334	1174.99182622
0.06981317007977318	124.301	1213.85250592
0.0715584993317675	191.2418	1122.83734623
0.07330382858376185	203.0568	903.918013153
0.07504915783575618	119.2993	685.842046758
0.0767944870877505	30.44133	635.714416747
0.07853981633974483	12.48514	714.587023926
0.08028514559173915	40.82556	736.685163604
0.08203047484373349	66.60047	625.402908585
0.08377580409572782	52.56574	439.469367573
0.08552113334772216	15.14262	314.850269946
0.08726646259971649	0.06503835	327.013311861
0.0890117918517108	8.496727	391.333237803
0.09075712110370514	22.00312	400.938216069
0.09250245035569946	25.09114	331.491660029
0.0942477796076938	10.12995	227.209735688
0.09599310885968813	0.5295277	170.561979065
0.09773843811168245	7.366397	181.120526072
0.09948376736367678	13.63401	201.613681011
0.10122909661567112	14.98081	196.918958025
0.10297442586766545	10.15572	166.093341877
0.10471975511965977	1.032595	128.305079675
0.10646508437165408	3.416367	115.739525118
0.10821041362364843	12.40711	119.808093881
0.10995574287564278	13.07519	112.283157966
0.1117010721276371	9.26643	96.5537044179
0.11344640137963143	3.842809	82.0188605659
0.11519173063162574	0.04554562	75.1921890154
0.11693705988362009	6.093223	82.473133289
0.11868238913561441	12.67523	86.1919197285
0.12042771838760875	10.34614	72.8445082751
0.12217304763960307	5.711251	56.4351809868
0.12391837689159739	1.818622	47.4286095222
0.12566370614359174	0.8508847	48.3048191472
0.12740903539558604	6.928866	58.4695128502
0.1291543646475804	11.5141	62.5025809773
0.13089969389957473	8.786334	53.0711855085
0.13264502315156904	5.1009	42.3324740617
0.1343903524035634	2.603113	37.0949881671
0.1361356816555577	1.807298	37.6378339176
0.13788101090755206	5.526287	43.7394026596
0.13962634015954636	8.418231	46.3255914235
0.1413716694115407	6.639727	41.190096245
0.143116998663535	4.794266	36.1687918438
0.14486232791552936	3.968011	34.2250892596
0.1466076571675237	3.12446	33.7520534334
0.148352986419518	4.428476	35.682725645
0.15009831567151236	5.656973	36.4435002079
0.15184364492350666	4.38173	33.7937380111
0.153588974175501	3.638833	32.2984053092
0.15533430342749535	3.998665	32.572980948
0.15707963267948966	3.649392	31.7601447435
0.158824961931484	4.032534	31.0571855844
0.1605702911834783	4.540716	30.0411059371
0.16231562043547265	3.508501	27.862875831
0.16406094968746698	3.020547	27.7223497189
0.16580627893946132	3.614949	29.6084783239
0.16755160819145565	3.344735	30.0641201186
0.16929693744344995	3.240073	29.6377543613
0.1710422666954443	3.583874	28.7622316359
0.17278759594743864	2.990678	26.7420905676
0.17453292519943298	2.682689	25.9296574608
0.17627825445142728	3.222038	26.818971849
0.1780235837034216	2.800232	26.6568473094
0.17976891295541597	2.163484	25.9235307346
0.18151424220741028	2.233753	25.4630352025
0.1832595714594046	1.944375	24.3664281102
0.1850049007113989	1.745423	23.8676014532
0.18675022996339327	2.190456	24.5564914171
0.1884955592153876	1.879773	24.383560154
0.1902408884673819	1.188882	23.7140308534
0.19198621771937627	1.09929	23.4545085787
0.19373154697137057	0.9247791	22.7257049027
0.1954768762233649	0.7407121	22.1434582875
0.19722220547535924	1.043535	22.3487830702
0.19896753472735357	0.9409854	21.9583291322
0.20071286397934793	0.5831171	21.3720646798
0.20245819323134223	0.5928167	21.4537633917
0.20420352248333656	0.506666	21.3788486438
0.2059488517353309	0.4016651	21.3387985576
0.20769418098732523	0.6434767	21.731584333
0.20943951023931953	0.5950535	21.3421678747
0.2111848394913139	0.4412708	20.4927828891
0.21293016874330817	0.5643614	20.0605565307
0.21467549799530256	0.5440651	19.4712370973
0.21642082724729686	0.5980853	18.993721384
0.2181661564992912	0.992114	19.1444804077
0.21991148575128555	0.9733175	18.8624028858
0.22165681500327983	0.7930378	18.3508558506
0.2234021442552742	0.9471722	18.3964032758
0.22514747350726852	0.9741268	18.3120163172
0.22689280275926285	1.090753	18.123995315
0.22863813201125716	1.648874	18.3677814136
0.2303834612632515	1.743788	18.0650089081
0.23212879051524585	1.510435	17.3629072671
0.23387411976724018	1.691875	17.2866180563
0.23561944901923448	1.776641	17.2668504134
0.23736477827122882	1.679027	17.0576905268
0.23911010752322315	1.961785	17.2817452297
0.2408554367752175	1.949834	17.1522853994
0.24260076602721184	1.606212	16.5456159968
0.24434609527920614	1.79389	16.4591953777
0.24609142453120048	2.071046	16.4458271962
0.24783675378319478	1.938194	15.9855174467
0.24958208303518917	1.979361	15.7915249572
0.25132741228718347	1.882681	15.5258644008
0.2530727415391778	1.44449	14.9577133654
0.2548180707911721	1.463031	14.9681826858
0.2565634000431664	1.74619	15.2896016404
0.2583087292951608	1.617865	15.1840367477
0.26005405854715513	1.563024	15.1965794711
0.26179938779914946	1.570558	15.2161420607
0.26354471705114374	1.280411	14.854063098
0.26529004630313807	1.221909	14.7740755061
0.26703537555513246	1.423444	14.9415608037
0.2687807048071268	1.232284	14.6439004926
0.27052603405912107	1.012506	14.36897712
0.2722713633111154	1.025491	14.3208928876
0.27401669256310973	0.8946899	14.0871289542
0.2757620218151041	0.8039598	14.0207322923
0.2775073510670984	0.9025805	14.1922890834
0.2792526803190927	0.7154436	13.9459053381
0.28099800957108706	0.4420491	13.5750985285
0.2827433388230814	0.4133488	13.3986156415
0.2844886680750758	0.3689581	13.0863639098
0.28623399732707	0.2995621	12.8293928525
0.2879793265790644	0.3705634	12.8343673834
0.2897246558310587	0.3010711	12.6545478374
0.29146998508305305	0.1645471	12.4730632073
0.2932153143350474	0.170358	12.5633712602
0.29496064358704166	0.1607411	12.6023800412
0.296705972839036	0.1340858	12.6231810093
0.2984513020910304	0.2214663	12.7784948687
0.3001966313430247	0.2093272	12.6514474216
0.30194196059501904	0.1548126	12.3625225213
0.3036872898470133	0.2013666	12.2403209871
0.30543261909900765	0.2090033	12.0574462147
0.307177948351002	0.2068101	11.8389042616
0.3089232776029963	0.3126172	11.8180511916
0.3106686068549907	0.2951132	11.6598196256
0.312413936106985	0.2259494	11.4191435157
0.3141592653589793	0.2884241	11.4188545551
0.31590459461097364	0.3258259	11.4099022985
0.317649923862968	0.3516704	11.2886189102
0.3193952531149623	0.5170603	11.2939792127
0.3211405823669566	0.548925	11.1459850607
0.32288591161895097	0.4838463	10.8551345862
0.3246312408709453	0.6015779	10.8218691806
0.32637657012293964	0.7181772	10.867710696
0.32812189937493397	0.7225941	10.7977462234
0.32986722862692824	0.8418726	10.8892420822
0.33161255787892263	0.8654455	10.9335392693
0.33335788713091696	0.7515724	10.8087141102
0.3351032163829113	0.8723874	10.8933651475
0.3368485456349056	1.085966	11.0402090247
0.3385938748868999	1.071585	10.8813989988
0.3403392041388943	1.081365	10.7170696305
0.3420845333908886	1.096652	10.5731198876
0.3438298626428829	0.9491813	10.2747906146
0.3455751918948773	0.9307017	10.141580343
0.34732052114687156	1.052613	10.1913206837
0.34906585039886595	0.9397206	10.023952193
0.3508111796508603	0.8033778	9.86618903543
0.35255650890285456	0.8369432	9.89126341476
0.3543018381548489	0.806509	9.84217024054
0.3560471674068432	0.7706714	9.8182512199
0.35779249665883756	0.8486201	9.92328850995
0.35953782591083194	0.7478253	9.81588849802
0.3612831551628262	0.5553247	9.62452211806
0.36302848441482055	0.547339	9.62639582539
0.3647738136668149	0.5538638	9.61998476728
0.3665191429188092	0.4689606	9.56776288355
0.3682644721708036	0.4629013	9.64076847066
0.3700098014227978	0.4108267	9.61050786369
0.3717551306747922	0.2838125	9.48395272486
0.37350045992678654	0.2743603	9.50742046295
0.3752457891787809	0.3026256	9.52688073173
0.3769911184307752	0.221126	9.40149236773
0.3787364476827695	0.1678882	9.31637593654
0.3804817769347638	0.1361244	9.1884116329
0.38222710618675815	0.07271247	8.98675147677
0.38397243543875254	0.06352165	8.91374717868
0.38571776469074687	0.08937056	8.90203947068
0.38746309394274114	0.06628084	8.80859628586
0.3892084231947355	0.07503801	8.78185070143
0.3909537524467298	0.08315093	8.76867150979
0.39269908169872414	0.05791852	8.69485543302
0.39444441095071847	0.08667794	8.71443084798
0.3961897402027128	0.1448412	8.77948004354
0.39793506945470714	0.1505003	8.71997055462
0.3996803987067014	0.1916891	8.67574976133
0.40142572795869585	0.2263091	8.64619324735
0.4031710572106902	0.203243	8.53753566287
0.40491638646268446	0.2425017	8.4965266412
0.4066617157146788	0.3211619	8.52091027814
0.4084070449666731	0.2840524	8.39884263521
0.41015237421866746	0.2470854	8.26298654246
0.4118977034706618	0.2686234	8.21114009816
0.41364303272265607	0.2577775	8.11581436954
0.41538836197465046	0.2830488	8.04445779001
0.41713369122664473	0.3729875	8.05973965268
0.41887902047863906	0.3474235	7.96171888627
0.4206243497306334	0.2752889	7.82675105324
0.4223696789826278	0.2839386	7.80823002034
0.4241150082346221	0.2753246	7.77308882789
0.42586033748661634	0.2452695	7.69615883771
0.4276056667386108	0.2935165	7.69114195315
0.4293509959906051	0.2999238	7.61645450542
0.4310963252425994	0.2713079	7.49256009534
0.4328416544945937	0.3384747	7.50281144657
0.43458698374658805	0.403667	7.54365204982
0.4363323129985824	0.3717416	7.50410233294
0.4380776422505767	0.3599193	7.51531406301
0.4398229715025711	0.3297492	7.50334460871
0.44156830075456543	0.259099	7.41461079563
0.44331363000655966	0.2876627	7.40896265457
0.445058959258554	0.3746041	7.43350093631
0.4468042885105484	0.3713097	7.32385129344
0.4485496177625427	0.3700114	7.22097869255
0.45029494701453704	0.3864754	7.16483195239
0.45204027626653137	0.3401607	7.06704734883
0.4537856055185257	0.3122185	7.02793248639
0.45553093477052004	0.3327414	7.06345517839
0.4572762640225143	0.2755523	7.00160033248
0.45902159327450864	0.2212473	6.93208593942
0.460766922526503	0.2537592	6.94807752172
0.4625122517784973	0.2745752	6.93575017312
0.4642575810304917	0.2726769	6.90876658426
0.466002910282486	0.3017023	6.93402297466
0.46774823953448036	0.2609929	6.87895643293
0.46949356878647464	0.1825512	6.78811016613
0.47123889803846897	0.1823844	6.79655007679
0.47298422729046335	0.1988109	6.81194314841
0.47472955654245763	0.1728388	6.77471122435
0.47647488579445196	0.18065	6.77917571003
0.4782202150464463	0.1763513	6.74947864378
0.4799655442984406	0.1346456	6.66551137097
0.481710873550435	0.1352311	6.64390159088
0.48345620280242924	0.1513491	6.62958162822
0.4852015320544237	0.1094181	6.5233780062
0.48694686130641796	0.08470113	6.43269976431
0.4886921905584123	0.08485278	6.36489320929
0.4904375198104066	0.06866382	6.27791911571
0.49218284906240095	0.07673769	6.25741043455
0.4939281783143953	0.1060252	6.29577716358
0.49567350756638956	0.08579923	6.28118271778
0.4974188368183839	0.06870964	6.28197067054
0.49916416607037833	0.07756334	6.32147146171
0.5009094953223726	0.07323993	6.32119161521
0.5026548245743669	0.08688188	6.31659581438
0.5044001538263613	0.1304985	6.32827970872
0.5061454830783556	0.1242344	6.25179574822
0.5078908123303499	0.1075888	6.15269107664
0.5096361415823442	0.1284247	6.12025601507
0.5113814708343386	0.1372654	6.09031440466
0.5131268000863328	0.1383672	6.06210723203
0.5148721293383272	0.1716407	6.09261870288
0.5166174585903216	0.1652486	6.087348512
0.5183627878423159	0.1356501	6.05105002743
0.5201081170943103	0.1572597	6.07215842276
0.5218534463463045	0.1788129	6.07586216423
0.5235987755982989	0.1534191	5.99214227347
0.5253441048502933	0.149093	5.90930778209
0.5270894341022875	0.1436584	5.81101909657
0.5288347633542818	0.1195223	5.68461399225
0.5305800926062761	0.1410404	5.62944227221
0.5323254218582705	0.1821581	5.62954271716
0.5340707511102649	0.1633394	5.59290065548
0.5358160803622593	0.1439749	5.59117942669
0.5375614096142536	0.1439202	5.63541286685
0.5393067388662478	0.1237126	5.65137440443
0.5410520681182421	0.1231404	5.66961461535
0.5427973973702365	0.158116	5.69456296659
0.5445427266222308	0.1534891	5.62685252871
0.5462880558742251	0.1470195	5.52766650307
0.5480333851262195	0.1815288	5.47717639334
0.5497787143782138	0.1985002	5.42081713565
0.5515240436302082	0.1904732	5.36363468569
0.5532693728822025	0.1992373	5.3633564744
0.5550147021341968	0.1730745	5.34640248537
0.5567600313861911	0.1332871	5.3203658689
0.5585053606381855	0.1537563	5.36139586755
0.5602506898901798	0.1906249	5.40065812372
0.5619960191421741	0.1910557	5.36832597607
0.5637413483941685	0.20633	5.33532159014
0.5654866776461628	0.2126477	5.28633785295
0.5672320068981571	0.1841926	5.20133167727
0.5689773361501516	0.1789634	5.1603779123
0.5707226654021459	0.1882669	5.15544562427
0.57246799465414	0.1473962	5.10949270796
0.5742133239061344	0.1174956	5.09199118105
0.5759586531581288	0.1316892	5.1320035909
0.5777039824101231	0.1394838	5.16624041358
0.5794493116621174	0.1475116	5.20953028459
0.5811946409141118	0.1716457	5.27216886824
0.5829399701661061	0.1486071	5.26724639745
0.5846852994181004	0.1047181	5.22767628421
0.5864306286700948	0.09860423	5.21779188151
0.5881759579220891	0.09401362	5.18351447314
0.5899212871740833	0.06777313	5.10696321497
0.5916666164260777	0.06632792	5.04896855734
0.593411945678072	0.06636979	4.97717871283
0.5951572749300664	0.05514385	4.89720771356
0.5969026041820608	0.06636025	4.87673142574
0.598647933434055	0.07903311	4.88190894153
0.6003932626860494	0.05433828	4.85446359613
0.6021385919380438	0.0352583	4.84710260893
0.6038839211900381	0.02968767	4.85340579278
0.6056292504420324	0.02153	4.83561127262
0.6073745796940266	0.03341026	4.82643083547
0.609119908946021	0.06269854	4.82022452373
0.6108652381980153	0.06703798	4.75953586089
0.6126105674500096	0.07019115	4.69531524636
0.614355896702004	0.0811436	4.66334683423
0.6161012259539983	0.07682883	4.63202963836
0.6178465552059926	0.07661039	4.62281249423
0.6195918844579871	0.0960288	4.65810243679
0.6213372137099814	0.09288449	4.67547742642
0.6230825429619757	0.09210779	4.69266311574
0.62482787221397	0.1279153	4.75017442376
0.6265732014659643	0.1591644	4.78840380734
0.6283185307179586	0.1646174	4.77230232629
0.630063859969953	0.1753722	4.74582925124
0.6318091892219473	0.1630243	4.68269711883
0.6335545184739416	0.1314187	4.58809773888
0.635299847725936	0.1345742	4.53462197492
0.6370451769779303	0.1523781	4.50818553259
0.6387905062299246	0.1357931	4.45673937085
0.6405358354819191	0.1294157	4.43793934808
0.6422811647339132	0.1432861	4.46276240705
0.6440264939859075	0.1400747	4.47826120399
0.6457718232379019	0.1339354	4.49213614801
0.6475171524898963	0.1365178	4.50455209606
0.6492624817418906	0.1066931	4.4553199892
0.6510078109938849	0.07481581	4.38161536966
0.6527531402458793	0.08017276	4.33866162806
0.6544984694978736	0.08889697	4.29868031405
0.6562437987498679	0.08292161	4.26206708311
0.6579891280018623	0.08937076	4.27327225984
0.6597344572538565	0.08368221	4.2979642111
0.6614797865058508	0.06374948	4.32807691839
0.6632251157578453	0.06336597	4.39359470897
0.6649704450098396	0.06808647	4.44755789341
0.6667157742618339	0.05161036	4.43655983204
0.6684611035138281	0.0485774	4.40293232356
0.6702064327658226	0.05740591	4.35208449944
0.6719517620178169	0.0577235	4.27462574801
0.6736970912698113	0.06598259	4.22000723132
0.6754424205218056	0.07824835	4.1996416975
0.6771877497737998	0.05949371	4.16915947931
0.6789330790257941	0.04009722	4.16466908854
0.6806784082777886	0.04288431	4.20583454909
0.6824237375297829	0.04519109	4.23607078371
0.6841690667817772	0.05014447	4.23728217095
0.6859143960337715	0.07125151	4.22492327189
0.6876597252857658	0.07272435	4.16103881345
0.6894050545377601	0.06361809	4.0665931035
0.6911503837897546	0.07480139	4.0001670382
0.6928957130417489	0.08157931	3.94773437401
0.6946410422937431	0.06687373	3.89421894675
0.6963863715457375	0.06763111	3.8874004778
0.6981317007977319	0.07445725	3.91344507464
0.6998770300497262	0.07687926	3.944430993
0.7016223593017206	0.1027486	3.99850277435
0.7033676885537148	0.1343874	4.04700383155
0.7051130178057091	0.1240042	4.02974535755
0.7068583470577035	0.1068227	3.98548399596
0.7086036763096978	0.1088414	3.94641744162
0.7103490055616921	0.1019629	3.88823855867
0.7120943348136864	0.09209815	3.83070785984
0.7138396640656808	0.1024345	3.80788830002
0.7155849933176751	0.1006829	3.78686060597
0.7173303225696696	0.09344017	3.78182601919
0.7190756518216639	0.1120496	3.82790947142
0.7208209810736581	0.124677	3.87738061491
0.7225663103256524	0.09928834	3.88496187205
0.7243116395776468	0.07564335	3.88478900964
0.7260569688296411	0.06269599	3.87183394954
0.7278022980816354	0.04611369	3.8307637612
0.7295476273336298	0.04331118	3.79522398813
0.7312929565856241	0.05577166	3.77118043343
0.7330382858376184	0.05185251	3.73021097439
0.7347836150896128	0.04741388	3.70897359812
0.7365289443416072	0.05547799	3.7274631742
0.7382742735936013	0.05369662	3.75170458249
0.7400196028455956	0.0408864	3.77570582686
0.7417649320975901	0.03697122	3.80800986135
0.7435102613495844	0.02880077	3.81296450209
0.7452555906015788	0.0237952	3.79928235005
0.7470009198535731	0.03934993	3.79695705305
0.7487462491055674	0.05727042	3.78391128101
0.7504915783575618	0.05948522	3.74648174953
0.7522369076095561	0.06322489	3.72105910832
0.7539822368615504	0.06108912	3.70163968427
0.7557275661135446	0.04917784	3.6805816093
0.757472895365539	0.04757253	3.68326702744
0.7592182246175333	0.05298908	3.69466583412
0.7609635538695276	0.04339021	3.6742678553
0.7627088831215221	0.04002174	3.65103642583
0.7644542123735163	0.050764	3.64122173916
0.7661995416255106	0.05500663	3.61694506725
0.7679448708775051	0.05324899	3.58351528804
0.7696902001294994	0.05529736	3.56180268755
0.7714355293814937	0.04345893	3.53006773434
0.773180858633488	0.03015498	3.50291012512
0.7749261878854823	0.03530062	3.50838303895
0.7766715171374766	0.04276169	3.5199826464
0.778416846389471	0.04083345	3.51484979145
0.7801621756414654	0.04739243	3.51735102114
0.7819075048934596	0.051164	3.51583420863
0.783652834145454	0.04758533	3.49834968112
0.7853981633974483	0.05622933	3.48802530676
0.7871434926494427	0.06863426	3.47840796826
0.7888888219014369	0.06140526	3.4419594059
0.7906341511534312	0.06006507	3.41199058597
0.7923794804054256	0.07472116	3.40664109198
0.7941248096574199	0.08394054	3.40046545828
0.7958701389094143	0.09093585	3.39597720265
0.7976154681614087	0.1043432	3.40445442355
0.7993607974134028	0.0985901	3.393692812
0.8011061266653973	0.08686245	3.37337959778
0.8028514559173917	0.09814032	3.37413000939
0.8045967851693859	0.10916	3.36757560085
0.8063421144213804	0.09683858	3.32847547697
0.8080874436733746	0.09164745	3.29552852302
0.8098327729253689	0.09565194	3.27422747738
0.8115781021773633	0.09033969	3.24791196458
0.8133234314293576	0.08676474	3.23448862421
0.815068760681352	0.08789812	3.2354801167
0.8168140899333463	0.07044709	3.22027106236
0.8185594191853405	0.05376872	3.21074826143
0.8203047484373349	0.05825682	3.22725588234
0.8220500776893291	0.06162959	3.2395910291
0.8237954069413236	0.05227242	3.23589215121
0.8255407361933178	0.04961106	3.23724914805
0.8272860654453121	0.04563997	3.22934715729
0.8290313946973066	0.03564467	3.2102497338
0.8307767239493009	0.0334168	3.20124846847
0.8325220532012952	0.03390272	3.19091768233
0.8342673824532895	0.02335177	3.16109844644
0.8360127117052839	0.01979048	3.13976665129
0.8377580409572781	0.02625055	3.13267462927
0.8395033702092726	0.03006003	3.12460506523
0.8412486994612668	0.03488362	3.12516336747
0.8429940287132611	0.04233514	3.13437520958
0.8447393579652556	0.03520142	3.12376954723
0.8464846872172498	0.02563993	3.10798781637
0.8482300164692442	0.02803339	3.10516967616
0.8499753457212387	0.0291458	3.09064598773
0.8517206749732327	0.02351211	3.05518422326
0.8534660042252271	0.02653763	3.02510710459
0.8552113334772216	0.02954305	2.99509919209
0.8569566627292158	0.02917137	2.96446741291
0.8587019919812102	0.03698048	2.95490262309
0.8604473212332044	0.04376329	2.95631427338
0.8621926504851988	0.03300562	2.94360832146
0.8639379797371932	0.02412128	2.93935124044
0.8656833089891874	0.02492089	2.95132876259
0.8674286382411819	0.0232106	2.95540002493
0.8691739674931761	0.02294178	2.95166988816
0.8709192967451703	0.03070585	2.95121117497
0.8726646259971648	0.03050414	2.93679349473
0.8744099552491592	0.02961124	2.91869171223
0.8761552845011534	0.04085113	2.91751874173
0.8779006137531478	0.04863434	2.91620191759
0.8796459430051422	0.04329877	2.90179832944
0.8813912722571364	0.04335995	2.89739289863
0.8831366015091309	0.04530618	2.89883187281
0.8848819307611251	0.04428926	2.8960874097
0.8866272600131193	0.05406287	2.90369293194
0.8883725892651138	0.06842094	2.91531349438
0.890117918517108	0.065258	2.90513569783
0.8918632477691024	0.06316912	2.89502533609
0.8936085770210968	0.07561586	2.90147920057
0.895353906273091	0.0811865	2.8990117637
0.8970992355250854	0.07450857	2.88134125758
0.8988445647770799	0.07364701	2.86888663095
0.9005898940290741	0.06990225	2.85019760291
0.9023352232810685	0.06278832	2.8254194952
0.9040805525330627	0.06887766	2.81562687245
0.905825881785057	0.07697626	2.80750819139
0.9075712110370514	0.06636554	2.77834441442
0.9093165402890457	0.05837483	2.75508311008
0.9110618695410401	0.06348144	2.74919674136
0.9128071987930344	0.06182406	2.73804345834
0.9145525280450286	0.05097797	2.72166163778
0.9162978572970231	0.04524191	2.71359320116
0.9180431865490173	0.03657054	2.70019683531
0.9197885158010117	0.0268634	2.68677449186
0.921533845053006	0.02748606	2.68855390359
0.9232791743050003	0.02950238	2.69022611995
0.9250245035569946	0.02178325	2.67823319671
0.9267698328089891	0.01838416	2.67146967097
0.9285151620609834	0.02026256	2.6688215404
0.9302604913129776	0.01850952	2.6604282354
0.932005820564972	0.01675349	2.65600747743
0.9337511498169663	0.01769276	2.65626093458
0.9354964790689607	0.01231341	2.64681063328
0.9372418083209549	0.008730387	2.64392668105
0.9389871375729493	0.0127181	2.65885719148
0.9407324668249436	0.01558833	2.67454569166
0.9424777960769379	0.01556392	2.68601563199
0.9442231253289324	0.01971331	2.70343904627
0.9459684545809267	0.02003405	2.71283303847
0.9477137838329208	0.01876431	2.71253233213
0.9494591130849153	0.02549695	2.71584240493
0.9512044423369097	0.03171784	2.70999526113
0.9529497715889039	0.02686602	2.6795152709
0.9546951008408984	0.0253606	2.64964229456
0.9564404300928926	0.02968894	2.63184053073
0.9581857593448869	0.03012756	2.6130133479
0.9599310885968813	0.03042535	2.59858371374
0.9616764178488756	0.03442384	2.5987295735
0.96342174710087	0.03072123	2.59836741499
0.9651670763528643	0.02797651	2.60110401272
0.9669124056048585	0.03738873	2.61676085455
0.9686577348568529	0.04548342	2.6242298754
0.9704030641088474	0.04306804	2.60699116168
0.9721483933608416	0.04490337	2.58396794295
0.9738937226128359	0.04884981	2.55751403704
0.9756390518648302	0.04730214	2.5207453838
0.9773843811168246	0.04803092	2.48801513625
0.979129710368819	0.05046288	2.46728812668
0.9808750396208132	0.0419649	2.44830543692
0.9826203688728075	0.03660371	2.44681425545
0.9843656981248019	0.04564289	2.47365320399
0.9861110273767961	0.05331952	2.50548865876
0.9878563566287906	0.05279652	2.52748584343
0.9896016858807848	0.05749402	2.54830618918
0.9913470151327791	0.06150005	2.55565540108
0.9930923443847736	0.05963617	2.54188638155
0.9948376736367678	0.06153299	2.52081828211
0.9965830028887622	0.06269901	2.49104020068
0.9983283321407567	0.05017781	2.44373686801
1.0000736613927508	0.04088438	2.4071850038
1.0018189906447452	0.04550792	2.3999373832
1.0035643198967397	0.04779356	2.40549673954
1.0053096491487339	0.0423948	2.41861900142
1.0070549784007283	0.04229992	2.4498426218
1.0088003076527225	0.04207673	2.4835645527
1.0105456369047168	0.0375781	2.5085579337
1.0122909661567112	0.03662466	2.5289044535
1.0140362954087054	0.03554469	2.53153503159
1.0157816246606999	0.02507798	2.50221775005
1.017526953912694	0.01830875	2.46296609749
1.0192722831646883	0.02100007	2.42814662147
1.0210176124166828	0.02176484	2.39078711499
1.0227629416686772	0.01831562	2.35870445824
1.0245082709206714	0.01798806	2.34806489656
1.0262536001726656	0.0154081	2.35285595944
1.02799892942466	0.0109562	2.37348985034
1.0297442586766543	0.01030198	2.41392922518
1.0314895879286488	0.009927085	2.45700582046
1.0332349171806432	0.006089181	2.48590674592
1.0349802464326374	0.007058888	2.50753561318
1.0367255756846319	0.01122666	2.5176972874
1.038470904936626	0.01426701	2.50742943803
1.0402162341886205	0.01924596	2.48509418634
1.041961563440615	0.02382485	2.457059647
1.043706892692609	0.01930555	2.41880185544
1.0454522219446034	0.0148349	2.3879953574
1.0471975511965979	0.01717609	2.37966887371
1.048942880448592	0.01799492	2.38171559705
1.0506882097005865	0.01596422	2.38731965227
1.0524335389525807	0.02032932	2.40750568114
1.054178868204575	0.02556057	2.43297497845
1.0559241974565694	0.0296337	2.45182325216
1.0576695267085636	0.03922062	2.46725173108
1.059414855960558	0.04668285	2.4712450945
1.0611601852125523	0.04031544	2.44896927403
1.0629055144645467	0.03479801	2.41739015259
1.064650843716541	0.03850446	2.39063853672
1.0663961729685354	0.03842279	2.35652555374
1.0681415022205298	0.0329379	2.31585470056
1.069886831472524	0.03424738	2.28965575726
1.0716321607245185	0.03680487	2.27700263458
1.0733774899765127	0.03774948	2.27394157783
1.0751228192285072	0.04465491	2.28819549894
1.0768681484805014	0.0503667	2.31109517256
1.0786134777324956	0.04336253	2.32479375091
1.08035880698449	0.03861942	2.33892176913
1.0821041362364843	0.04416684	2.35696852382
1.0838494654884787	0.0459528	2.35945392258
1.085594794740473	0.04152216	2.34262150127
1.0873401239924672	0.04277327	2.32195134503
1.0890854532444616	0.04449574	2.29614698145
1.0908307824964558	0.04312491	2.26805058555
1.0925761117484503	0.04541551	2.25218230799
1.0943214410004447	0.04608546	2.2458714031
1.096066770252439	0.03584295	2.23932426781
1.0978120995044334	0.02819252	2.2467018248
1.0995574287564276	0.03018021	2.27101537296
1.101302758008422	0.02985976	2.29199925461
1.1030480872604165	0.02501038	2.30245253866
1.1047934165124107	0.02563466	2.30889256975
1.106538745764405	0.02722974	2.30249925851
1.1082840750163994	0.02627382	2.28217734279
1.1100294042683936	0.02736409	2.25847216586
1.111774733520388	0.02683328	2.22789046184
1.1135200627723822	0.01831097	2.18553350463
1.1152653920243765	0.01176569	2.1504443861
1.117010721276371	0.01135035	2.1311322841
1.1187560505283651	0.009490947	2.11706327961
1.1205013797803596	0.00594182	2.10865114678
1.1222467090323538	0.006490128	2.11326246017
1.1239920382843482	0.006626504	2.12206128771
1.1257373675363425	0.006236159	2.13269721425
1.127482696788337	0.009045177	2.14883506915
1.1292280260403311	0.01074607	2.15936723004
1.1309733552923256	0.00747664	2.15447776389
1.13271868454432	0.006971856	2.14602374723
1.1344640137963142	0.009565275	2.13706579138
1.1362093430483085	0.0109781	2.12053249215
1.1379546723003031	0.01363614	2.10242532461
1.1397000015522971	0.01780176	2.0913534487
1.1414453308042918	0.01670927	2.08315498444
1.143190660056286	0.01604269	2.0848475546
1.14493598930828	0.02143026	2.10431202225
1.1466813185602747	0.02444135	2.12864394677
1.1484266478122689	0.02132729	2.14684469215
1.1501719770642633	0.02289351	2.16819371565
1.1519173063162575	0.02861531	2.18926716846
1.1536626355682518	0.03240439	2.19676473678
1.1554079648202462	0.03732833	2.19236131396
1.1571532940722404	0.04272132	2.18008360256
1.1588986233242349	0.04005641	2.15370605286
1.160643952576229	0.03658131	2.12294827512
1.1623892818282235	0.03963088	2.10002661768
1.1641346110802178	0.038499	2.07603409986
1.1658799403322122	0.02851225	2.04606861595
1.1676252695842066	0.02420149	2.02704723203
1.1693705988362009	0.02706259	2.02084551148
1.171115928088195	0.02813204	2.01538776541
1.1728612573401895	0.02961908	2.01180494149
1.1746065865921838	0.03406525	2.0127738011
1.1763519158441782	0.03360711	2.00802337285
1.1780972450961724	0.032334	2.0001177864
1.1798425743481666	0.03666878	1.99516079842
1.181587903600161	0.0369788	1.98137693668
1.1833332328521553	0.0277012	1.95251750945
1.18507856210415	0.02240435	1.92544716843
1.186823891356144	0.02361535	1.90540238392
1.1885692206081382	0.02201266	1.88558410061
1.1903145498601329	0.01909064	1.87208165299
1.192059879112127	0.02005266	1.87222948038
1.1938052083641215	0.01928274	1.87902788348
1.1955505376161157	0.01861682	1.89453919769
1.19729586686811	0.02335659	1.92214475903
1.1990411961201044	0.02622443	1.9466660152
1.2007865253720988	0.02152776	1.95674658304
1.2025318546240933	0.01985365	1.96332702011
1.2042771838760875	0.02332849	1.96757077288
1.2060225131280817	0.02303689	1.95962391132
1.2077678423800762	0.01928608	1.94391429069
1.2095131716320704	0.01804143	1.93000623135
1.2112585008840648	0.01579086	1.9150176871
1.213003830136059	0.01300339	1.9032952386
1.2147491593880533	0.01388231	1.90170029954
1.2164944886400477	0.01435829	1.90133765391
1.218239817892042	0.01029616	1.89477904788
1.2199851471440364	0.009075778	1.89277627394
1.2217304763960306	0.01185001	1.89643928059
1.2234758056480248	0.01213045	1.89534824706
1.2252211349000193	0.01015386	1.89041088949
1.2269664641520137	0.009925497	1.88734424188
1.228711793404008	0.008404766	1.8806356586
1.2304571226560024	0.00668967	1.87069931237
1.2322024519079966	0.008096266	1.86156192111
1.233947781159991	0.008993693	1.84615907319
1.2356931104119853	0.006443902	1.82008764671
1.23743843966398	0.006431009	1.79491888715
1.2391837689159741	0.008927059	1.77464505676
1.2409290981679681	0.009617339	1.75533149391
1.2426744274199628	0.01025105	1.74238704998
1.244419756671957	0.01239551	1.74150064162
1.2461650859239515	0.01183646	1.74719305134
1.2479104151759457	0.01271802	1.76136619638
1.24965574442794	0.01958643	1.78636809484
1.2514010736799344	0.02493965	1.8085738913
1.2531464029319286	0.0240248	1.81783926004
1.254891732183923	0.02607921	1.82358590792
1.2566370614359172	0.03182815	1.82651689993
1.2583823906879115	0.03286017	1.8168928966
1.260127719939906	0.03029568	1.7988117995
1.2618730491919004	0.02945782	1.78255211521
1.2636183784438946	0.02676264	1.76679786247
1.265363707695889	0.02461414	1.75684342487
1.2671090369478832	0.02899966	1.76173867605
1.2688543661998777	0.03344535	1.77375321175
1.270599695451872	0.03157611	1.78438264017
1.2723450247038663	0.03377832	1.80451001866
1.2740903539558606	0.04266196	1.83421676651
1.2758356832078548	0.04547024	1.85460296131
1.2775810124598492	0.03998935	1.85982746111
1.2793263417118435	0.03654294	1.8583725697
1.2810716709638381	0.03396588	1.846117147
1.2828170002158321	0.02821377	1.81907240822
1.2845623294678263	0.0237361	1.78519989939
1.286307658719821	0.02132804	1.74830944761
1.288052987971815	0.01650703	1.70860208894
1.2897983172238097	0.01457704	1.67941896597
1.2915436464758039	0.01843168	1.66858345411
1.293288975727798	0.01949145	1.66754901649
1.2950343049797925	0.01487668	1.67277716843
1.296779634231787	0.01268047	1.68961442458
1.2985249634837812	0.01251529	1.71084418974
1.3002702927357757	0.009764101	1.72593992935
1.3020156219877699	0.007066236	1.73368568283
1.3037609512397643	0.00651892	1.73176084021
1.3055062804917585	0.004851188	1.71597278113
1.307251609743753	0.004741222	1.69448241458
1.3089969389957472	0.008081744	1.67448806626
1.3107422682477414	0.009450995	1.6534690254
1.3124875974997359	0.007178347	1.63455651221
1.31423292675173	0.006623527	1.62750759068
1.3159782560037245	0.006821188	1.63105075363
1.3177235852557188	0.006118844	1.64224679803
1.319468914507713	0.008014995	1.66334473072
1.3212142437597074	0.01156627	1.68854039201
1.3229595730117016	0.0123092	1.70870043875
1.324704902263696	0.01565145	1.72956275288
1.3264502315156905	0.02413014	1.75306374587
1.3281955607676847	0.02837861	1.76560977611
1.3299408900196792	0.02540283	1.76358051152
1.3316862192716734	0.0241984	1.75951851001
1.3334315485236679	0.02467401	1.75399837317
1.335176877775662	0.02172837	1.74122241714
1.3369222070276563	0.01910966	1.72736391829
1.338667536279651	0.01953261	1.71748840923
1.3404128655316452	0.01868623	1.70780791386
1.3421581947836396	0.02053957	1.70455508797
1.3439035240356338	0.02889412	1.71334062217
1.345648853287628	0.0341197	1.72228437544
1.3473941825396225	0.03107708	1.72420245103
1.3491395117916167	0.03029152	1.73040235431
1.3508848410436112	0.03312976	1.74049797875
1.3526301702956054	0.02996127	1.74016908853
1.3543754995475996	0.02240019	1.72930109785
1.356120828799594	0.01868459	1.71727576844
1.3578661580515883	0.0165199	1.70162304714
1.3596114873035827	0.01459731	1.68103571007
1.3613568165555772	0.01648584	1.6614010792
1.3631021458075714	0.01843429	1.64148325813
1.3648474750595658	0.01574477	1.61830158811
1.36659280431156	0.01485328	1.60047329222
1.3683381335635545	0.0174311	1.59101569098
1.3700834628155487	0.01571704	1.58163464482
1.371828792067543	0.009958221	1.5717260503
1.3735741213195374	0.007544679	1.56790134885
1.3753194505715316	0.007064617	1.5668704145
1.3770647798235263	0.006236985	1.56445839884
1.3788101090755203	0.007962332	1.56280013499
1.3805554383275145	0.01041996	1.55986613618
1.3823007675795091	0.009560671	1.55205083944
1.3840460968315031	0.0100936	1.54569157079
1.3857914260834978	0.01364129	1.54388562662
1.387536755335492	0.01357237	1.54077871682
1.3892820845874863	0.009730443	1.536804831
1.3910274138394807	0.008771981	1.53812387922
1.392772743091475	0.00950117	1.54176664708
1.3945180723434694	0.009723586	1.54471809679
1.3962634015954638	0.01257551	1.54976116878
1.398008730847458	0.01639489	1.55362159011
1.3997540600994525	0.0167318	1.55188788283
1.4014993893514467	0.01898154	1.55376057732
1.4032447186034411	0.0257634	1.56451962411
1.4049900478554354	0.02815396	1.57459285719
1.4067353771074296	0.02408086	1.58240088004
1.408480706359424	0.02337888	1.59916646258
1.4102260356114182	0.02629533	1.62260690933
1.4119713648634127	0.0255963	1.64126775696
1.413716694115407	0.02323564	1.65512398778
1.4154620233674011	0.02360374	1.66651649872
1.4172073526193956	0.0233937	1.67033556403
1.4189526818713898	0.02300692	1.66983400081
1.4206980111233842	0.02574334	1.67220818096
1.4224433403753785	0.02684525	1.67271333093
1.424188669627373	0.02292716	1.66950486823
1.4259339988793673	0.02205489	1.67606303947
1.4276793281313616	0.02630488	1.69486473888
1.429424657383356	0.02657169	1.71115882248
1.4311699866353502	0.0219033	1.72138027216
1.4329153158873444	0.02093915	1.73411075767
1.434660645139339	0.02284545	1.74490342136
1.436405974391333	0.02113599	1.74416291914
1.4381513036433278	0.01724302	1.73437044403
1.439896632895322	0.01492288	1.71971908707
1.4416419621473162	0.01232482	1.69869350235
1.4433872913993107	0.009379491	1.6759087455
1.4451326206513049	0.008084225	1.65695828274
1.4468779499032993	0.006743745	1.63850723407
1.4486232791552935	0.003951016	1.6196796894
1.4503686084072878	0.002998893	1.60814477319
1.4521139376592822	0.004150077	1.6037343151
1.4538592669112764	0.003757831	1.5982180497
1.4556045961632709	0.00171657	1.59036555401
1.457349925415265	0.001018772	1.58336422916
1.4590952546672595	0.001179444	1.57397113687
1.460840583919254	0.0006778908	1.55905262958
1.4625859131712482	0.0001140809	1.5402179429
1.4643312424232426	0.0005016875	1.51862974264
1.4660765716752369	0.001572709	1.4952212127
1.467821900927231	0.002778245	1.47397334702
1.4695672301792255	0.003327296	1.457032039
1.4713125594312197	0.004168951	1.44493421503
1.4730578886832144	0.006407389	1.4394164969
1.4748032179352084	0.007874669	1.43937566805
1.4765485471872026	0.007062502	1.44097573633
1.4782938764391973	0.008627646	1.44550008049
1.4800392056911913	0.01449592	1.4534307731
1.481784534943186	0.01875951	1.45783376549
1.4835298641951802	0.01989213	1.45676815037
1.4852751934471744	0.02456243	1.45896742165
1.4870205226991688	0.03235468	1.46650614899
1.488765851951163	0.03615356	1.4734581195
1.4905111812031575	0.03668654	1.48210174092
1.4922565104551517	0.03853338	1.49840813714
1.4940018397071462	0.03941349	1.51895464283
1.4957471689591406	0.03912982	1.54113705618
1.4974924982111348	0.04194306	1.56726243647
1.4992378274631293	0.0447295	1.59181593072
1.5009831567151235	0.04381087	1.60904733273
1.5027284859671177	0.04778779	1.62772050281
1.5044738152191122	0.05960202	1.65153850134
1.5062191444711064	0.06603942	1.66720822437
1.5079644737231008	0.06389899	1.67273788128
1.509709802975095	0.06683493	1.68435185951
1.5114551322270893	0.07478637	1.70267717509
1.5132004614790837	0.07401054	1.71287008193
1.514945790731078	0.06649622	1.71655472144
1.5166911199830724	0.06384156	1.72499864891
1.5184364492350666	0.06362021	1.73407004944
1.520181778487061	0.06076517	1.73719424712
1.5219271077390553	0.05979922	1.7383200339
1.5236724369910497	0.06055119	1.73646945209
1.5254177662430441	0.05823305	1.72658232518
1.5271630954950384	0.05807742	1.71530509169
1.5289084247470326	0.0629421	1.70676757173
1.5306537539990273	0.06215926	1.69048509672
1.5323990832510213	0.0533806	1.66521114722
1.534144412503016	0.04936989	1.6456785295
1.5358897417550101	0.05105087	1.63314306006
1.5376350710070041	0.04645245	1.61476873103
1.5393804002589988	0.03712332	1.59203040747
1.541125729510993	0.03404178	1.57582801153
1.5428710587629875	0.03511806	1.56317675436
1.5446163880149817	0.03284904	1.54630110361
1.546361717266976	0.02943999	1.52766249018
1.5481070465189704	0.02805169	1.50995505783
1.5498523757709646	0.02587378	1.49035713547
1.551597705022959	0.02265009	1.46978512069
1.5533430342749532	0.02031504	1.45051348366
1.5550883635269477	0.01677034	1.42998299478
1.556833692778942	0.01131576	1.40837277617
1.5585790220309363	0.008012839	1.39114085438
1.5603243512829308	0.007319279	1.37934392479
1.562069680534925	0.005389328	1.3704958136
1.5638150097869192	0.002512544	1.36648391565
1.5655603390389137	0.001855946	1.36981498783
1.567305668290908	0.00252492	1.37860949732
1.5690509975429023	0.001978505	1.39103656505
1.5707963267948966	0.0008002644	1.40627933714
1.5725416560468908	0.0004499783	1.42142745613
1.5742869852988854	0.0006086624	1.43458881123
1.5760323145508797	0.0005086562	1.44672565881
1.5777776438028739	0.0002530265	1.45786761116
1.579522973054868	0.0007021415	1.46832506075
1.5812683023068623	0.002170448	1.48114526429
1.583013631558857	0.003153401	1.49754879211
1.5847589608108512	0.002888607	1.51708126442
1.5865042900628454	0.003596543	1.54288560788
1.5882496193148399	0.005999835	1.57587603571
1.589994948566834	0.006765837	1.60889915298
1.5917402778188285	0.005456372	1.63840705602
1.593485607070823	0.006399707	1.66954248401
1.5952309363228174	0.009808092	1.70099619066
1.5969762655748114	0.0110465	1.72324477638
1.5987215948268056	0.01045129	1.73649298392
1.6004669240788003	0.01200542	1.74896251568
1.6022122533307945	0.01451865	1.75998408173
1.6039575825827892	0.01495675	1.76489001023
1.6057029118347834	0.0148566	1.76760857545
1.6074482410867772	0.01513414	1.77228685713
1.6091935703387719	0.01418542	1.77721488563
1.610938899590766	0.01374977	1.78397065528
1.6126842288427607	0.01566879	1.79512171172
1.614429558094755	0.01598196	1.80494230752
1.6161748873467492	0.0135271	1.80996035079
1.6179202165987434	0.01401229	1.81597437112
1.6196655458507379	0.01765451	1.82188693922
1.6214108751027323	0.01748942	1.81673357546
1.6231562043547265	0.01399103	1.80039550845
1.624901533606721	0.01354032	1.78270378478
1.6266468628587152	0.01489731	1.7634509807
1.6283921921107094	0.01322959	1.73671337684
1.630137521362704	0.01064387	1.70698033211
1.6318828506146983	0.009908484	1.68084253106
1.6336281798666925	0.009167301	1.65657093951
1.6353735091186867	0.008263108	1.63264232498
1.637118838370681	0.00875031	1.61105169768
1.6388641676226756	0.00829585	1.58946288261
1.6406094968746698	0.005957689	1.56579177956
1.642354826126664	0.005270549	1.54388101222
1.6441001553786583	0.006369706	1.5246305806
1.6458454846306525	0.005363585	1.50337571817
1.6475908138826472	0.003220762	1.48127248008
1.6493361431346414	0.003257395	1.46351529674
1.6510814723866356	0.004281714	1.4487488039
1.6528268016386303	0.004495756	1.43312751685
1.6545721308906243	0.005275545	1.41797560777
1.6563174601426187	0.00613552	1.4037680935
1.6580627893946132	0.005680142	1.38838325141
1.6598081186466074	0.005778013	1.37317423055
1.6615534478986018	0.007230898	1.35993161116
1.6632987771505963	0.006728297	1.34565534692
1.6650441064025905	0.004447104	1.33063467505
1.6667894356545847	0.004505576	1.32059569972
1.668534764906579	0.006669091	1.31626493441
1.6702800941585736	0.007443578	1.31349879643
1.6720254234105678	0.007972381	1.31421955057
1.673770752662562	0.01050927	1.32250664723
1.6755160819145563	0.01342478	1.33624072738
1.6772614111665505	0.0155252	1.35240601034
1.6790067404185451	0.01803344	1.37123895996
1.6807520696705394	0.0193828	1.38926330927
1.6824973989225336	0.01824893	1.40219273917
1.684242728174528	0.01805782	1.41207879071
1.6859880574265222	0.02009781	1.41969181475
1.6877333866785167	0.01941903	1.41904726033
1.6894787159305111	0.0160466	1.41158621323
1.6912240451825054	0.01668398	1.40834261766
1.6929693744344996	0.02114658	1.41176032956
1.6947147036864938	0.02217059	1.41481744443
1.6964600329384885	0.02062252	1.41977588082
1.6982053621904827	0.02272956	1.43413360368
1.6999506914424773	0.02653699	1.45376418956
1.7016960206944716	0.02656225	1.46964911097
1.7034413499464653	0.02499658	1.48215261771
1.70518667919846	0.02477973	1.49294885447
1.7069320084504542	0.02394944	1.49879148945
1.708677337702449	0.02264516	1.50009866851
1.7104226669544431	0.0231855	1.50049201616
1.7121679962064373	0.02277398	1.49787772577
1.7139133254584316	0.02012815	1.49193921829
1.7156586547104258	0.02028997	1.48928686901
1.7174039839624204	0.02349808	1.49034653586
1.7191493132144147	0.02256987	1.48658165384
1.7208946424664089	0.01802299	1.47810048997
1.7226399717184033	0.01694517	1.47260243764
1.7243853009703975	0.01802977	1.46820188317
1.726130630222392	0.01497527	1.45718997153
1.7278759594743864	0.010208	1.44214291794
1.7296212887263807	0.008617282	1.4291174075
1.7313666179783749	0.008311096	1.41630347516
1.733111947230369	0.006749084	1.40087829142
1.7348572764823638	0.005832533	1.38597539885
1.736602605734358	0.005644064	1.37344518339
1.7383479349863522	0.004855457	1.36275901342
1.7400932642383464	0.004536811	1.35541051529
1.7418385934903406	0.005128373	1.35225094747
1.7435839227423353	0.004216308	1.35016078732
1.7453292519943295	0.002230723	1.34787968399
1.7470745812463238	0.001559416	1.34601684376
1.7488199104983184	0.001679443	1.34208380247
1.7505652397503124	0.0008104668	1.33244103532
1.7523105690023069	0.00009345469	1.31785036983
1.7540558982543013	0.0001688853	1.2999599649
1.7558012275062955	0.0002109984	1.27946828869
1.75754655675829	0.0003886043	1.25871659697
1.7592918860102844	0.001318797	1.24085068197
1.7610372152622786	0.001523902	1.22597236849
1.7627825445142729	0.0009685886	1.21483862357
1.764527873766267	0.001477568	1.20972694441
1.7662732030182617	0.002987704	1.20982310961
1.768018532270256	0.00346193	1.21133323017
1.7697638615222502	0.003682956	1.21399803027
1.7715091907742444	0.005130228	1.21866595241
1.7732545200262386	0.007006697	1.2234540407
1.7749998492782333	0.008286427	1.22682252655
1.7767451785302275	0.009877267	1.22980965571
1.7784905077822217	0.01108869	1.23099699436
1.780235837034216	0.01108688	1.22921255058
1.7819811662862104	0.01166007	1.22760628956
1.7837264955382048	0.01369997	1.22752181578
1.785471824790199	0.01378637	1.22419325552
1.7872171540421935	0.01198797	1.21843267873
1.7889624832941877	0.01337125	1.21803634053
1.790707812546182	0.01796221	1.22303444906
1.7924531417981766	0.01953199	1.22516484904
1.7941984710501708	0.01897274	1.22587969091
1.7959438003021653	0.02263656	1.23313797417
1.7976891295541597	0.02881776	1.24425767082
1.7994344588061535	0.03057848	1.25098176506
1.8011797880581482	0.02987151	1.25618797256
1.8029251173101424	0.03181403	1.26570785756
1.804670446562137	0.03410252	1.27673826919
1.8064157758141313	0.03326243	1.28595789874
1.8081611050661255	0.03209265	1.29598143184
1.8099064343181197	0.03166123	1.30568051849
1.811651763570114	0.03030189	1.31191486592
1.8133970928221086	0.02996881	1.31715772024
1.8151424220741028	0.03221063	1.32206956054
1.816887751326097	0.0322183	1.31949858264
1.8186330805780915	0.0296476	1.31011394622
1.8203784098300857	0.03101878	1.30413244781
1.8221237390820801	0.03556555	1.30174739609
1.8238690683340746	0.03472221	1.2933757578
1.8256143975860688	0.0303114	1.28277421117
1.827359726838063	0.03097564	1.28153580653
1.8291050560900572	0.03445275	1.28671158918
1.830850385342052	0.03244198	1.28788841208
1.8325957145940461	0.02821274	1.28873762693
1.8343410438460404	0.028725	1.29678248363
1.8360863730980346	0.03112244	1.30755013271
1.8378317023500288	0.03013973	1.31430999112
1.8395770316020235	0.0286571	1.31947629734
1.8413223608540177	0.02922471	1.32402246557
1.843067690106012	0.02953747	1.32407865569
1.8448130193580066	0.02879544	1.31910696511
1.8465583486100006	0.02866672	1.31075140199
1.848303677861995	0.02732418	1.29618037465
1.8500490071139892	0.02416892	1.27652414878
1.8517943363659837	0.02263441	1.25938968861
1.8535396656179781	0.02300741	1.24695850812
1.8552849948699723	0.02048043	1.23430513444
1.8570303241219668	0.01610515	1.22436084863
1.858775653373961	0.01538718	1.2246325717
1.8605209826259552	0.017117	1.23204986953
1.8622663118779499	0.01535777	1.23709637483
1.864011641129944	0.01205424	1.24006749054
1.8657569703819383	0.01237131	1.24484836751
1.8675022996339325	0.01430581	1.2470705212
1.8692476288859268	0.01299593	1.24059580476
1.8709929581379214	0.01063937	1.22839245542
1.8727382873899157	0.01060697	1.21492131286
1.8744836166419099	0.01119938	1.19987901723
1.876228945893904	0.009891868	1.18298046792
1.8779742751458985	0.008388633	1.16757308045
1.879719604397893	0.007785092	1.15504206715
1.8814649336498872	0.007222411	1.14506005847
1.8832102629018816	0.006261629	1.13779811059
1.8849555921538759	0.005684356	1.13301185639
1.88670092140587	0.004897096	1.12815218959
1.8884462506578648	0.003876293	1.12237363928
1.890191579909859	0.003325722	1.11595392554
1.8919369091618534	0.003331932	1.10779270671
1.8936822384138474	0.002631065	1.09580202603
1.8954275676658416	0.001673992	1.08087579304
1.8971728969178363	0.001469216	1.06466234557
1.8989182261698305	0.001832932	1.04777409344
1.9006635554218252	0.001395683	1.03042109305
1.9024088846738194	0.000700794	1.01465116302
1.9041542139258136	0.0007938049	1.00212679081
1.9058995431778079	0.001481908	0.993421526141
1.907644872429802	0.001272165	0.987711854391
1.9093902016817967	0.0006926032	0.984510052934
1.911135530933791	0.001044852	0.982906518496
1.9128808601857852	0.002136626	0.981184423776
1.9146261894377794	0.002049537	0.976146737332
1.9163715186897738	0.001394919	0.9668102507
1.9181168479417683	0.002027312	0.954518138026
1.9198621771937625	0.003597199	0.940117836476
1.921607506445757	0.003534361	0.922664487026
1.9233528356977512	0.002698298	0.905222941857
1.9250981649497454	0.003570151	0.893257739772
1.92684349420174	0.005497909	0.887798051143
1.9285888234537343	0.005437693	0.88512180639
1.9303341527057285	0.00460328	0.88565402021
1.9320794819577227	0.005647589	0.891305526152
1.933824811209717	0.007553468	0.89796662013
1.9355701404617116	0.007520511	0.898601205678
1.9373154697137058	0.00698762	0.893396302455
1.9390607989657	0.007730501	0.885216672907
1.9408061282176947	0.008626039	0.873129680735
1.9425514574696887	0.008382999	0.856238906164
1.9442967867216832	0.008358767	0.839086315254
1.9460421159736774	0.008356348	0.82500138482
1.9477874452256718	0.007831871	0.814344925172
1.9495327744776663	0.008090337	0.808185833111
1.9512781037296605	0.009742164	0.807388876628
1.953023432981655	0.009863758	0.808145450144
1.9547687622336491	0.008938124	0.80890736907
1.9565140914856434	0.01073599	0.812210582364
1.958259420737638	0.014413	0.816348303044
1.9600047499896323	0.01465903	0.814404757984
1.9617500792416265	0.01313177	0.807902497153
1.9634954084936207	0.01503646	0.803918467121
1.965240737745615	0.01836831	0.800924718054
1.9669860669976096	0.01728868	0.792012475948
1.9687313962496038	0.01450481	0.781629580627
1.970476725501598	0.0150799	0.778381708181
1.9722220547535922	0.01672586	0.780071975476
1.9739673840055865	0.01508549	0.78022323902
1.9757127132575811	0.01304101	0.782585156161
1.9774580425095754	0.01358762	0.791610102608
1.9792033717615696	0.01477965	0.802468478513
1.980948701013564	0.01484447	0.809144266792
1.9826940302655582	0.01565414	0.812799558371
1.9844393595175527	0.01684731	0.813398367875
1.9861846887695471	0.01741454	0.808637973512
1.9879300180215416	0.01866248	0.799955461825
1.9896753472735356	0.02096046	0.790876252308
1.9914206765255298	0.02078581	0.780934401909
1.9931660057775245	0.01886093	0.773115199534
1.9949113350295187	0.01962099	0.77450488634
1.9966566642815133	0.02214069	0.785230713956
1.9984019935335076	0.02080333	0.797682967645
2.0001473227855016	0.01799092	0.81237353828
2.0018926520374962	0.01980133	0.834309323921
2.0036379812894904	0.02387936	0.857465750566
2.0053833105414847	0.02354339	0.870159460591
2.0071286397934793	0.02178241	0.874482670039
2.0088739690454736	0.02416414	0.8779771515
2.0106192982974678	0.02745748	0.877187149654
2.012364627549462	0.0259862	0.865851248442
2.0141099568014567	0.02301757	0.851034060137
2.015855286053451	0.02244853	0.841618088463
2.017600615305445	0.02180733	0.836185644982
2.0193459445574393	0.01857174	0.831654532605
2.0210912738094335	0.01560782	0.832429613382
2.022836603061428	0.01385706	0.840087674552
2.0245819323134224	0.01219541	0.850475456556
2.0263272615654166	0.01144996	0.860721559788
2.028072590817411	0.01258082	0.870013932194
2.029817920069405	0.01269751	0.873871865567
2.0315632493213998	0.01207223	0.870949484609
2.033308578573394	0.01421757	0.865151989426
2.035053907825388	0.0179449	0.857394815998
2.036799237077383	0.01781283	0.84433764565
2.0385445663293766	0.01581994	0.830960482909
2.0402898955813713	0.0171471	0.826180287689
2.0420352248333655	0.01941664	0.829140397462
2.0437805540853597	0.01693416	0.833039141859
2.0455258833373544	0.01305677	0.840836302867
2.0472712125893486	0.01292506	0.857478129554
2.049016541841343	0.01393054	0.876971301778
2.050761871093337	0.01163301	0.890116522117
2.0525072003453313	0.009284582	0.898825437509
2.054252529597326	0.01009101	0.906659899859
2.05599785884932	0.01170526	0.909343167876
2.0577431881013144	0.0114365	0.902341039634
2.0594885173533086	0.01127912	0.8897174413
2.0612338466053033	0.01195064	0.875355655947
2.0629791758572975	0.01215033	0.859107203463
2.0647245051092917	0.01150034	0.842024463494
2.0664698343612864	0.01101402	0.828581332805
2.0682151636132806	0.009664857	0.820407423193
2.069960492865275	0.007722748	0.818276075305
2.0717058221172695	0.006960341	0.823667704738
2.0734511513692637	0.007356924	0.835396000434
2.075196480621258	0.00621872	0.847727771813
2.076941809873252	0.00475493	0.858424180024
2.0786871391252464	0.005774499	0.867597926501
2.080432468377241	0.007940125	0.87142506235
2.0821777976292353	0.007378969	0.864363817496
2.08392312688123	0.005979731	0.849492443309
2.0856684561332237	0.006855322	0.833134989795
2.087413785385218	0.008143025	0.816181150898
2.0891591146372126	0.006488842	0.797470723361
2.090904443889207	0.004320143	0.782420392448
2.0926497731412015	0.004002682	0.775615513493
2.0943951023931957	0.003971408	0.774745926906
2.0961404316451895	0.002522632	0.775664299348
2.097885760897184	0.001544426	0.778862582079
2.0996310901491784	0.001428799	0.783632215564
2.101376419401173	0.00139985	0.786873890621
2.1031217486531673	0.001482919	0.786694639996
2.1048670779051615	0.002223091	0.784073167199
2.1066124071571557	0.002216171	0.778623362397
2.10835773640915	0.001830302	0.770868474013
2.1101030656611446	0.002275201	0.762551392956
2.111848394913139	0.003112222	0.754627434682
2.113593724165133	0.002410361	0.745946365765
2.1153390534171272	0.001397788	0.738283731947
2.1170843826691215	0.001578733	0.734209196152
2.118829711921116	0.002231479	0.733412768699
2.1205750411731104	0.001601294	0.733456189611
2.1223203704251046	0.0009992257	0.735626831213
2.124065699677099	0.00162656	0.741215570706
2.1258110289290935	0.002731196	0.747819038109
2.1275563581810877	0.002626085	0.751508073202
2.129301687433082	0.002395253	0.752797025426
2.1310470166850766	0.002957432	0.752540454116
2.132792345937071	0.003603298	0.749272613557
2.134537675189065	0.002993889	0.741575185813
2.1362830044410597	0.002282343	0.732108309754
2.138028333693054	0.001964161	0.722969028205
2.139773662945048	0.001617176	0.714739245533
2.141518992197043	0.001050521	0.70804780397
2.143264321449037	0.001169501	0.704508994826
2.1450096507010312	0.001058825	0.703229284923
2.1467549799530254	0.0008777285	0.703697461373
2.1485003092050197	0.001916823	0.706115111499
2.1502456384570143	0.003868347	0.709193010694
2.1519909677090086	0.003982557	0.709303410682
2.1537362969610028	0.003458286	0.706942115441
2.155481626212997	0.004717202	0.704362820488
2.157226955464991	0.006315415	0.700673682001
2.158972284716986	0.005115382	0.69341701028
2.16071761396898	0.003382408	0.685979171685
2.1624629432209743	0.003490926	0.682383564405
2.1642082724729685	0.003819429	0.68186482941
2.1659536017249628	0.002313036	0.681937113344
2.1676989309769574	0.001086814	0.684871263492
2.1694442602289516	0.001124279	0.691993263834
2.171189589480946	0.001400758	0.700512257362
2.17293491873294	0.001109491	0.706962958685
2.1746802479849343	0.001262061	0.712052447383
2.176425577236929	0.001584218	0.71601998907
2.178170906488923	0.001951342	0.717540778892
2.179916235740918	0.002261881	0.715589866892
2.1816615649929116	0.002749349	0.711866354474
2.183406894244906	0.002771413	0.707110103927
2.1851522234969005	0.002701586	0.701551820987
2.1868975527488947	0.002719774	0.695468118712
2.1886428820008894	0.00292423	0.689949178634
2.1903882112528836	0.002444624	0.684607267752
2.192133540504878	0.001867523	0.680217113542
2.193878869756872	0.001995881	0.67809767641
2.1956241990088667	0.002740772	0.678516539822
2.197369528260861	0.002365896	0.679490043217
2.199114857512855	0.001834466	0.681694133422
2.20086018676485	0.002818021	0.686246248179
2.202605516016844	0.004409827	0.691015803989
2.2043508452688383	0.003898583	0.691817386686
2.206096174520833	0.00298158	0.689776456521
2.207841503772827	0.003830086	0.687374208317
2.2095868330248214	0.004896322	0.683422633644
2.2113321622768156	0.00358341	0.67574524095
2.21307749152881	0.002129727	0.668377595365
2.2148228207808045	0.002310192	0.665355509998
2.2165681500327987	0.002691513	0.665451448077
2.218313479284793	0.001556743	0.66557863486
2.220058808536787	0.0006796251	0.667530547092
2.2218041377887814	0.0008371775	0.672322249536
2.223549467040776	0.001211151	0.676850928452
2.2252947962927703	0.0007969031	0.677577144094
2.2270401255447645	0.0006010899	0.676353236695
2.2287854547967587	0.0009104007	0.675185674061
2.230530784048753	0.001454052	0.673314183103
2.2322761133007476	0.001368976	0.669445346265
2.234021442552742	0.001371004	0.666153250283
2.235766771804736	0.001735002	0.665019176828
2.2375121010567303	0.002239212	0.664852243955
2.239257430308725	0.002083749	0.663861180174
2.241002759560719	0.002051879	0.663346721914
2.2427480888127134	0.002172343	0.663709806137
2.2444934180647076	0.002305027	0.664331157384
2.246238747316702	0.002279131	0.664800752522
2.2479840765686965	0.002639228	0.66618436794
2.2497294058206907	0.002584156	0.667769429986
2.251474735072685	0.002474825	0.669204256003
2.253220064324679	0.002955948	0.670399892257
2.254965393576674	0.003813728	0.670832200058
2.256710722828668	0.00348676	0.668535267341
2.2584560520806622	0.003033293	0.664690977004
2.260201381332657	0.003512868	0.661484353876
2.261946710584651	0.004166789	0.659153209278
2.2636920398366454	0.003390754	0.65630886725
2.26543736908864	0.002598165	0.655435942449
2.2671826983406342	0.002769003	0.658786564266
2.2689280275926285	0.00314412	0.66434787825
2.2706733568446227	0.002265799	0.668005200097
2.272418686096617	0.001458242	0.670905532672
2.2741640153486116	0.001785145	0.674828943656
2.2759093446006062	0.002605111	0.677269950784
2.2776546738526	0.002104663	0.674582906886
2.2794000031045942	0.001664945	0.670243642883
2.2811453323565885	0.002924598	0.668465832639
2.2828906616085836	0.00478031	0.66736545153
2.284635990860578	0.004541446	0.663132316563
2.286381320112572	0.004126772	0.65946979781
2.288126649364566	0.005793053	0.660045378648
2.28987197861656	0.007682816	0.661510451209
2.291617307868555	0.00673624	0.65944644991
2.2933626371205493	0.005577059	0.657801984519
2.2951079663725436	0.006523293	0.660099998383
2.2968532956245378	0.007506686	0.663177838201
2.2985986248765315	0.006113072	0.663338663908
2.3003439541285267	0.004993037	0.6637129283
2.302089283380521	0.005616872	0.665851258628
2.303834612632515	0.006391009	0.66648691704
2.3055799418845093	0.00593088	0.663015120951
2.3073252711365035	0.006005286	0.658053814195
2.309070600388498	0.00684974	0.65288216531
2.3108159296404924	0.007705305	0.647281858831
2.3125612588924866	0.00810382	0.642072231488
2.314306588144481	0.008761217	0.639634689691
2.316051917396475	0.008989384	0.639684291767
2.3177972466484698	0.008948367	0.642399225812
2.319542575900464	0.009047906	0.648287114056
2.321287905152458	0.00932006	0.655959810093
2.3230332344044524	0.008386892	0.661578997366
2.324778563656447	0.007285936	0.665815262864
2.3265238929084413	0.007434805	0.670816200841
2.3282692221604355	0.008169575	0.674581600594
2.33001455141243	0.007125527	0.673137716068
2.3317598806644244	0.006157158	0.670120780966
2.3335052099164186	0.007660066	0.670166871813
2.3352505391684133	0.009844164	0.670276801009
2.3369958684204075	0.009129571	0.665294699183
2.3387411976724017	0.008346666	0.660154632489
2.340486526924396	0.0107695	0.660335633961
2.34223185617639	0.01349823	0.661550456382
2.343977185428385	0.01223232	0.658045854358
2.345722514680379	0.01078753	0.65570500026
2.3474678439323733	0.01291037	0.659930077088
2.3492131731843675	0.01507295	0.66512664635
2.3509585024363617	0.01303407	0.664857726536
2.3527038316883564	0.01114508	0.664422202832
2.3544491609403506	0.01294638	0.668054507791
2.356194490192345	0.01486988	0.670293057316
2.357939819444339	0.01324736	0.666301513186
2.3596851486963333	0.01212005	0.661913689462
2.361430477948328	0.01408553	0.661250345412
2.363175807200322	0.01597872	0.660722846337
2.3649211364523164	0.01502684	0.657508146756
2.3666664657043106	0.01437725	0.655994762754
2.368411794956305	0.01539631	0.657843360194
2.3701571242083	0.01596263	0.660176507861
2.371902453460294	0.01472592	0.661367218673
2.373647782712288	0.01382421	0.663524369968
2.375393111964282	0.01338936	0.666073847757
2.3771384412162764	0.0127577	0.668139377955
2.3788837704682715	0.01213984	0.670262047325
2.3806290997202657	0.01227558	0.672485264202
2.38237442897226	0.01177664	0.672157625046
2.384119758224254	0.01143009	0.670582873845
2.3858650874762484	0.01281625	0.670457063952
2.387610416728243	0.01497468	0.670142540184
2.3893557459802373	0.01495067	0.665885349997
2.3911010752322315	0.01496263	0.661829110909
2.3928464044842257	0.01777752	0.662806266964
2.39459173373622	0.02081916	0.665291778439
2.3963370629882146	0.01993791	0.663653951179
2.398082392240209	0.01878667	0.662789455385
2.3998277214922035	0.02114217	0.66743554135
2.4015730507441977	0.02328759	0.671664791558
2.403318379996192	0.02053817	0.668782835865
2.4050637092481866	0.0178204	0.665295233558
2.406809038500181	0.01957459	0.667299104674
2.408554367752175	0.02141436	0.669064805397
2.4102996970041692	0.01850842	0.664593944083
2.4120450262561635	0.0162934	0.661138022712
2.413790355508158	0.01901987	0.664134443712
2.4155356847601523	0.02179359	0.666830250988
2.4172810140121466	0.01980778	0.662954995508
2.419026343264141	0.01834398	0.659282474451
2.420771672516135	0.02108783	0.660801476632
2.4225170017681297	0.02334267	0.662157400796
2.424262331020124	0.02101605	0.659207060267
2.426007660272118	0.01909037	0.658667719458
2.4277529895241123	0.02060305	0.664241788638
2.4294983187761066	0.02170058	0.670753478378
2.4312436480281012	0.01944434	0.673932198011
2.4329889772800954	0.01803489	0.677411705818
2.4347343065320897	0.01936998	0.682074302205
2.436479635784084	0.02068322	0.68418560843
2.438224965036078	0.02030115	0.682203182579
2.4399702942880728	0.02098526	0.67974194015
2.441715623540067	0.02301295	0.677842264145
2.443460952792061	0.02496703	0.676277331152
2.4452062820440554	0.02653179	0.67585435148
2.4469516112960497	0.02859052	0.677282840349
2.4486969405480443	0.02969406	0.678057540207
2.4504422698000385	0.03017865	0.678369873707
2.4521875990520328	0.03134882	0.679598455744
2.4539329283040274	0.03237453	0.679837150865
2.4556782575560216	0.03052553	0.675511419639
2.457423586808016	0.02833522	0.670627790323
2.4591689160600105	0.02887465	0.669948689091
2.4609142453120048	0.0296569	0.670437870222
2.462659574563999	0.02665766	0.667103877455
2.464404903815993	0.02422847	0.665345165902
2.466150233067988	0.02661023	0.669969757082
2.467895562319982	0.02934739	0.67451784867
2.4696408915719763	0.02702273	0.671931598946
2.4713862208239705	0.02542374	0.66943775662
2.4731315500759647	0.02954991	0.673581981509
2.47487687932796	0.03331494	0.677559547256
2.476622208579954	0.03058134	0.674823967154
2.4783675378319483	0.02843223	0.674396142263
2.480112867083942	0.0323104	0.68276077835
2.4818581963359363	0.03535874	0.691135007171
2.4836035255879314	0.03161524	0.691574824944
2.4853488548399256	0.02885008	0.692225579386
2.48709418409192	0.03232207	0.698440589142
2.488839513343914	0.03517462	0.701587035677
2.490584842595908	0.03206058	0.695440709825
2.492330171847903	0.03039852	0.689215065781
2.494075501099897	0.03453754	0.688750698856
2.4958208303518914	0.03806581	0.687297950629
2.4975661596038856	0.03632865	0.680244984009
2.49931148885588	0.0356495	0.675291055894
2.5010568181078745	0.03918075	0.675974477751
2.5028021473598687	0.04151806	0.676010536419
2.504547476611863	0.03924562	0.671585538621
2.506292805863857	0.03756808	0.66817912705
2.5080381351158514	0.03844995	0.66757409118
2.509783464367846	0.0382941	0.66615031314
2.5115287936198403	0.03563715	0.662920079417
2.5132741228718345	0.03402388	0.661674919379
2.5150194521238287	0.03360163	0.662457655943
2.516764781375823	0.03305443	0.664353525528
2.5185101106278176	0.03295148	0.668130521458
2.520255439879812	0.03405603	0.673772561009
2.522000769131806	0.03414451	0.678073157835
2.5237460983838007	0.0344835	0.682284385582
2.525491427635795	0.03734678	0.688749570316
2.527236756887789	0.04038529	0.694431188476
2.528982086139784	0.03957562	0.69480708651
2.530727415391778	0.03884441	0.694835908398
2.5324727446437723	0.04182054	0.699200872193
2.5342180738957665	0.04400727	0.702703458565
2.535963403147761	0.04065067	0.699469297675
2.5377087323997554	0.03780501	0.696177555383
2.5394540616517496	0.04011286	0.69781054927
2.541199390903744	0.0417949	0.696716738983
2.542944720155738	0.03751877	0.686256136915
2.5446900494077327	0.0346524	0.675633012989
2.546435378659727	0.03853297	0.672044003258
2.548180707911721	0.04200648	0.668110855466
2.5499260371637154	0.03871778	0.657866010545
2.5516713664157096	0.03703645	0.651932152874
2.5534166956677042	0.04273522	0.656827876672
2.5551620249196985	0.04713136	0.662135465741
2.5569073541716927	0.04327961	0.659343932201
2.558652683423687	0.04065719	0.657733796842
2.560398012675681	0.04511931	0.662725596524
2.5621433419276762	0.04748198	0.664323087707
2.56388867117967	0.04164247	0.656604619638
2.5656340004316642	0.03745507	0.651127559159
2.5673793296836585	0.0400427	0.65447569751
2.5691246589356527	0.04112686	0.658271099219
2.570869988187648	0.03600457	0.657014711797
2.572615317439642	0.03319219	0.65906972806
2.5743606466916362	0.03639143	0.66737532827
2.57610597594363	0.03882255	0.673258785682
2.5778513051956247	0.03663836	0.672021853497
2.5795966344476193	0.03638879	0.671579871855
2.5813419636996136	0.04074375	0.676055718019
2.5830872929516078	0.04421596	0.680838480505
2.584832622203602	0.04344082	0.683608464101
2.586577951455596	0.04376316	0.690035724257
2.588323280707591	0.04720098	0.700595248488
2.590068609959585	0.0492974	0.708796596637
2.5918139392115793	0.04780398	0.710412752492
2.593559268463574	0.04716163	0.707753612309
2.595304597715568	0.04814627	0.700739549812
2.5970499269675624	0.04819783	0.688530686441
2.598795256219557	0.04728675	0.673672203277
2.6005405854715513	0.047535	0.66066365635
2.6022859147235455	0.04734319	0.650312127074
2.6040312439755398	0.04715938	0.644674190595
2.6057765732275344	0.04898609	0.645409264344
2.6075219024795286	0.05099582	0.649341337943
2.609267231731523	0.0493969	0.650973196864
2.611012560983517	0.04805074	0.65255630428
2.6127578902355113	0.05021697	0.656848624506
2.614503219487506	0.05118065	0.659935965424
2.6162485487395	0.04677135	0.658641952211
2.6179938779914944	0.04331743	0.660748979796
2.6197392072434886	0.04460404	0.671128449379
2.621484536495483	0.0448688	0.682559669965
2.6232298657474775	0.03991024	0.687734687211
2.6249751949994717	0.03689	0.692172908352
2.626720524251466	0.04010831	0.698723843404
2.62846585350346	0.04298791	0.698213778398
2.6302111827554544	0.04017079	0.685039555215
2.631956512007449	0.03989578	0.671369584629
2.6337018412594433	0.04770358	0.666561242805
2.6354471705114375	0.0546491	0.663494146322
2.6371924997634317	0.05328972	0.656519433075
2.638937829015426	0.05404673	0.657353077324
2.6406831582674206	0.0633995	0.671075617317
2.642428487519415	0.06939474	0.682969778065
2.644173816771409	0.06401013	0.682720723755
2.6459191460234033	0.06020832	0.681900674406
2.647664475275398	0.06465582	0.687005368957
2.649409804527392	0.06496931	0.686762207867
2.6511551337793864	0.0550313	0.676440363664
2.652900463031381	0.0481066	0.67099439639
2.6546457922833753	0.04957925	0.676864990342
2.6563911215353695	0.04880804	0.682137466533
2.658136450787364	0.04126564	0.679850909303
2.6598817800393584	0.03753942	0.679693050288
2.6616271092913526	0.04130936	0.684677432812
2.663372438543347	0.04397184	0.684848246383
2.665117767795341	0.04128964	0.676608147432
2.6668630970473357	0.04153047	0.671385657762
2.6686084262993304	0.04787059	0.674478331769
2.670353755551324	0.05261018	0.678749653127
2.6720990848033184	0.05132583	0.680030507864
2.6738444140553126	0.05164744	0.684864157834
2.6755897433073077	0.05644308	0.693465918075
2.677335072559302	0.05846283	0.69690889709
2.679080401811296	0.05445145	0.691200910466
2.6808257310632904	0.05170804	0.682927540172
2.682571060315284	0.0520555	0.674735878395
2.6843163895672792	0.05048114	0.664416603399
2.6860617188192735	0.04622954	0.653161636802
2.6878070480712677	0.04399177	0.646164580519
2.689552377323262	0.04332916	0.643102772746
2.691297706575256	0.0426605	0.641698677978
2.693043035827251	0.04281077	0.641138518635
2.694788365079245	0.04412128	0.64098211707
2.6965336943312392	0.04443329	0.639185686274
2.6982790235832335	0.04544665	0.637957943006
2.7000243528352277	0.04850275	0.640057435425
2.7017696820872223	0.05121172	0.644959359544
2.7035150113392166	0.05123393	0.650865959894
2.705260340591211	0.05193452	0.66069346215
2.707005669843205	0.05468327	0.674599767431
2.7087509990951992	0.05619282	0.686680086671
2.710496328347194	0.05391935	0.691640906681
2.712241657599188	0.05205763	0.693059859603
2.7139869868511823	0.05296808	0.693653501804
2.7157323161031766	0.05268368	0.689765655358
2.7174776453551712	0.0477917	0.679569519058
2.7192229746071654	0.0445159	0.671950074257
2.7209683038591597	0.04688654	0.672017960031
2.7227136331111543	0.04838898	0.672727014589
2.7244589623631486	0.04387084	0.668012341449
2.7262042916151428	0.04217818	0.665426889684
2.7279496208671374	0.04809771	0.668335044127
2.7296949501191317	0.05172987	0.666745926786
2.731440279371126	0.04700774	0.655607243675
2.73318560862312	0.04528385	0.647834499394
2.7349309378751143	0.051648	0.650539253069
2.736676267127109	0.05461003	0.653919901998
2.738421596379103	0.04846442	0.652366148408
2.7401669256310974	0.04578096	0.657485732478
2.7419122548830916	0.05157046	0.672465680069
2.743657584135086	0.0539511	0.682651879124
2.7454029133870805	0.04732987	0.680125539165
2.7471482426390748	0.04451732	0.677498379231
2.748893571891069	0.05064458	0.680760105372
2.750638901143063	0.05358167	0.678881741023
2.7523842303950574	0.04756999	0.668037696536
2.7541295596470525	0.04589302	0.663850456987
2.7558748888990463	0.05372038	0.672239044923
2.7576202181510405	0.05809262	0.679334347374
2.7593655474030347	0.05299001	0.677581470193
2.761110876655029	0.05184791	0.678835154927
2.762856205907024	0.05924051	0.686225729102
2.7646015351590183	0.06202482	0.686173259583
2.766346864411012	0.05491183	0.674245822589
2.7680921936630063	0.05117509	0.665655372725
2.7698375229150005	0.05499188	0.666682642568
2.7715828521669956	0.05463844	0.667119304717
2.77332818141899	0.04604887	0.663234382243
2.775073510670984	0.04138996	0.666253448413
2.7768188399229783	0.04414882	0.677412387047
2.7785641691749725	0.04409025	0.683888522623
2.780309498426967	0.03771957	0.680132133769
2.7820548276789614	0.03548191	0.675526736563
2.7838001569309556	0.04002438	0.673043057491
2.78554548618295	0.04253852	0.666098943444
2.7872908154349445	0.04015665	0.65464803361
2.7890361446869387	0.04148852	0.649317559395
2.790781473938933	0.04799892	0.652750715312
2.7925268031909276	0.0523843	0.658148584977
2.794272132442922	0.05241079	0.662019321587
2.796017461694916	0.05420397	0.66792584684
2.7977627909469107	0.05801178	0.674005901873
2.799508120198905	0.05895337	0.674679877271
2.801253449450899	0.05598861	0.669195157158
2.8029987787028934	0.05334653	0.663114162298
2.8047441079548876	0.05127776	0.658802610233
2.8064894372068823	0.04776408	0.656413967973
2.8082347664588765	0.04268527	0.656734841354
2.8099800957108707	0.0387771	0.661436480891
2.811725424962865	0.03611268	0.668043777909
2.813470754214859	0.03390025	0.673233454504
2.815216083466854	0.03202033	0.674540693899
2.816961412718848	0.03178162	0.671492902273
2.8187067419708423	0.03246406	0.663812638898
2.8204520712228365	0.03418797	0.654855269821
2.8221974004748307	0.0374139	0.648678374231
2.8239427297268254	0.0416459	0.647459291145
2.8256880589788196	0.04478005	0.650962149129
2.827433388230814	0.04872215	0.661245292503
2.829178717482808	0.05472124	0.677104938229
2.8309240467348022	0.05924988	0.691759011633
2.832669375986797	0.05899122	0.699071686354
2.834414705238791	0.05888201	0.701901888018
2.8361600344907854	0.06121826	0.702495830103
2.8379053637427796	0.0602659	0.697831509194
2.839650692994774	0.0531507	0.688138510098
2.8413960222467685	0.04779328	0.683365234106
2.8431413514987627	0.04706414	0.687390934349
2.844886680750757	0.04407731	0.692480270195
2.8466320100027516	0.0361685	0.69267291802
2.848377339254746	0.03200858	0.693123188625
2.8501226685067405	0.03419449	0.693967765416
2.8518679977587347	0.03477893	0.685983632927
2.853613327010729	0.0303006	0.666976386352
2.855358656262723	0.0300047	0.65059482956
2.8571039855147173	0.03702277	0.644423497737
2.858849314766712	0.04165862	0.641355325071
2.8605946440187062	0.03918773	0.637832443236
2.8623399732707004	0.04089304	0.644419147263
2.8640853025226947	0.05070179	0.661627766293
2.865830631774689	0.05592765	0.672882655029
2.867575961026684	0.05104643	0.670232648306
2.869321290278678	0.05032065	0.667255841519
2.8710666195306724	0.05817223	0.669870368461
2.872811948782666	0.0598439	0.667072521908
2.8745572780346604	0.05050826	0.65750881253
2.8763026072866555	0.0464742	0.658963667171
2.8780479365386498	0.05194028	0.675197805355
2.879793265790644	0.05175002	0.688777649542
2.881538595042638	0.04178395	0.691573527273
2.8832839242946324	0.03802322	0.695885795902
2.885029253546627	0.04393847	0.703404100016
2.8867745827986213	0.04480514	0.699938251122
2.8885199120506155	0.03654627	0.683982972039
2.8902652413026098	0.03429824	0.674275410739
2.892010570554604	0.04139026	0.676840934611
2.8937558998065986	0.0433539	0.678325158781
2.895501229058593	0.035912	0.673482544385
2.897246558310587	0.03416869	0.674261571149
2.8989918875625813	0.04150049	0.680577569151
2.9007372168145755	0.04321187	0.676641239169
2.90248254606657	0.03521977	0.659106022024
2.9042278753185644	0.03296914	0.645089743665
2.9059732045705586	0.03968018	0.641282895144
2.907718533822553	0.04090823	0.637808510968
2.909463863074547	0.03314552	0.633057313264
2.9112091923265417	0.03143138	0.640312654926
2.912954521578536	0.0385292	0.659206608858
2.91469985083053	0.04059913	0.672831384919
2.916445180082525	0.03422037	0.674481534012
2.918190509334519	0.03354548	0.676190955008
2.9199358385865133	0.04119321	0.681419491204
2.921681167838508	0.04369598	0.680249181885
2.923426497090502	0.03744551	0.672560135273
2.9251718263424964	0.03662944	0.674070324868
2.9269171555944906	0.04416918	0.687504494561
2.9286624848464853	0.04627386	0.697853635858
2.9304078140984795	0.03928113	0.698269860755
2.9321531433504737	0.03802596	0.699285937069
2.933898472602468	0.04536526	0.701756537165
2.935643801854462	0.04708181	0.693314911751
2.937389131106457	0.03993536	0.673804857934
2.939134460358451	0.03886939	0.661106016257
2.9408797896104453	0.0461887	0.66089079617
2.9426251188624395	0.04816666	0.662099943804
2.9443704481144337	0.04216725	0.661431860822
2.946115777366429	0.04196787	0.66934021373
2.9478611066184226	0.04907565	0.68397176976
2.949606435870417	0.05102941	0.690850322218
2.951351765122411	0.04557034	0.68681333297
2.9530970943744053	0.04475832	0.684477848755
2.9548424236264004	0.04969294	0.687107765512
2.9565877528783946	0.04965985	0.686918408766
2.9583330821303884	0.04291741	0.68365311046
2.9600784113823826	0.04020593	0.687075639813
2.961823740634377	0.04258693	0.695996901082
2.963569069886372	0.04102981	0.699567798185
2.965314399138366	0.0342203	0.694611077541
2.9670597283903604	0.0315673	0.688783104124
2.968805057642354	0.03384362	0.683372258959
2.970550386894349	0.03328233	0.674094394579
2.9722957161463435	0.02870667	0.66268842078
2.9740410453983377	0.02809312	0.65747493922
2.975786374650332	0.03182083	0.658848946542
2.977531703902326	0.03324638	0.661120627126
2.9792770331543204	0.03135525	0.66211251838
2.981022362406315	0.03271154	0.664987863073
2.9827676916583092	0.03717172	0.668494747936
2.9845130209103035	0.03939582	0.669653451082
2.986258350162298	0.03879168	0.669083524797
2.9880036794142923	0.04015915	0.670731413025
2.9897490086662866	0.04277207	0.67427853138
2.9914943379182812	0.04345266	0.677896369588
2.9932396671702755	0.04228434	0.680548242792
2.9949849964222697	0.04191537	0.682620470703
2.996730325674264	0.04156144	0.68299224084
2.9984756549262586	0.04050192	0.682160918726
3.000220984178253	0.03881037	0.681186905755
3.001966313430247	0.03759271	0.682004744655
3.0037116426822412	0.03679679	0.685110910874
3.0054569719342354	0.0362962	0.69041830891
3.00720230118623	0.03515764	0.695813629953
3.0089476304382243	0.03512597	0.700311442597
3.0106929596902186	0.0368822	0.702486008606
3.0124382889422128	0.03827803	0.701420270996
3.014183618194207	0.03777167	0.69753276579
3.0159289474462017	0.0389745	0.694827748519
3.017674276698196	0.04190991	0.695274615686
3.01941960595019	0.04315712	0.699250927242
3.0211649352021843	0.04269627	0.706399006345
3.0229102644541785	0.04360416	0.715515354384
3.024655593706173	0.04405659	0.722104508861
3.0264009229581674	0.04399336	0.724854593434
3.0281462522101616	0.04549565	0.723978775554
3.029891581462156	0.04628306	0.718099713567
3.03163691071415	0.04317688	0.707629672282
3.0333822399661448	0.04214441	0.700984175455
3.035127569218139	0.0450026	0.702000597869
3.036872898470133	0.04416922	0.705255949702
3.0386182277221274	0.03817409	0.70753780363
3.040363556974122	0.03602812	0.713869840514
3.0421088862261163	0.03750732	0.721910085238
3.0438542154781105	0.03591814	0.722592509628
3.045599544730105	0.03208457	0.714791681541
3.0473448739820994	0.03140168	0.707692705484
3.0490902032340936	0.03233981	0.703619337675
3.0508355324860883	0.03225898	0.697455728681
3.0525808617380825	0.03080446	0.688507059299
3.0543261909900767	0.03062336	0.684783912154
3.056071520242071	0.03324752	0.68737233571
3.057816849494065	0.0351834	0.687540358179
3.05956217874606	0.03257437	0.683293023815
3.0613075079980545	0.03417536	0.688372146979
3.0630528372500487	0.04439811	0.706743324117
3.0647981665020425	0.04914035	0.723774172127
3.0665434957540367	0.04250957	0.733319831477
3.068288825006032	0.04329934	0.748117183752
3.070034154258026	0.05394376	0.765112625056
3.0717794835100203	0.05311043	0.76411001648
3.0735248127620145	0.04042991	0.745736594248
3.0752701420140083	0.03738125	0.7338423165
3.0770154712660034	0.0419209	0.735768059179
3.0787608005179976	0.03965011	0.744269437082
3.080506129769992	0.03486164	0.763103226807
3.082251459021986	0.03608763	0.799616333303
3.0839967882739803	0.03826244	0.840726387077
3.085742117525975	0.03908584	0.864582365091
3.087487446777969	0.03950061	0.860929942632
3.0892327760299634	0.0391118	0.835694964314
3.0909781052819576	0.04024086	0.799464441771
3.092723434533952	0.04184843	0.762981293416
3.0944687637859465	0.03796271	0.743597586909
3.0962140930379407	0.03959307	0.767912310779
3.097959422289935	0.05489287	0.839964860982
3.099704751541929	0.06167189	0.926083218446
3.1014500807939234	0.04992988	0.99249468233
3.103195410045918	0.05044508	1.03144676327
3.1049407392979123	0.06664163	1.02681486636
3.1066860685499065	0.06236373	0.956573316965
3.1084313978019007	0.03978092	0.846981993001
3.1101767270538954	0.03410253	0.767699336682
3.1119220563058896	0.03918648	0.761099980749
3.113667385557884	0.03446224	0.830545922319
3.1154127148098785	0.03039308	0.970499272904
3.1171580440618727	0.03270679	1.15600141719
3.118903373313867	0.03073792	1.31857071871
3.1206487025658616	0.02982608	1.37647932377
3.122394031817856	0.03015918	1.28989958981
3.12413936106985	0.0254541	1.09418206319
3.1258846903218442	0.03196628	0.87426156407
3.1276300195738385	0.04476282	0.718914647753
3.129375348825833	0.03650458	0.740815130557
3.1311206780778273	0.05999594	1.09499432143
3.1328660073298216	0.1653525	1.83762841641
3.134611336581816	0.230113	2.80941464911
3.13635666583381	0.1741041	3.8169290669
3.1381019950858047	0.2057214	4.80378330968
3.139847324337799	0.462403	5.65381308066
3.141592653589793	0.6797562	6.06016574148