# C(3P)-CO2, ground-state PES; differential cross sections (mgacesa, Aug 26 2020)
# theta(rad)                 elastic CS                total CS (both in units of 1E-16 cm^2)
0.	1.584814e6	1.612248456373823e6
0.0017453292519943296	1.445571e6	1.46892062431e6
0.003490658503988659	1.107291e6	1.12172252551e6
0.005235987755982989	729192.5	735789.007339
0.006981317007977318	423181.1	425734.893549
0.008726646259971648	219589.5	221142.431686
0.010471975511965978	104208.5	106185.416736
0.012217304763960306	50301.24	52918.5873907
0.013962634015954637	30833.99	33662.4773694
0.015707963267948967	25434.15	27961.3998422
0.017453292519943295	23460.73	25435.8871729
0.019198621771937624	21067.11	22508.2351025
0.020943951023931956	17415.17	18501.0248602
0.022689280275926284	13174.43	14156.2231129
0.024434609527920613	9468.836	10563.3822089
0.02617993877991494	6840.09	8151.51742483
0.027925268031909273	5264.379	6792.91771661
0.029670597283903602	4591.304	6268.96971115
0.031415926535897934	4520.585	6232.7189885
0.03316125578789226	4612.17	6239.61458901
0.03490658503988659	4574.223	6041.87780581
0.03665191429188092	4324.735	5610.4881875
0.03839724354387525	3844.353	4967.47561182
0.04014257279586957	3194.255	4212.48427131
0.04188790204786391	2551.104	3544.22904909
0.043633231299858244	2062.297	3096.04769502
0.04537856055185257	1762.033	2866.76704462
0.0471238898038469	1644.352	2815.02019863
0.048869219055841226	1682.448	2880.06016011
0.05061454830783556	1786.418	2947.77256302
0.05235987755982988	1853.801	2919.62333218
0.054105206811824215	1838.79	2777.76987345
0.05585053606381855	1727.335	2539.2159384
0.05759586531581287	1513.883	2224.85170408
0.059341194567807204	1236.779	1893.49714949
0.061086523819801536	971.5095	1624.60208391
0.06283185307179587	770.4012	1453.98458485
0.0645771823237902	648.6904	1371.87199214
0.06632251157578452	608.3756	1356.48718
0.06806784082777885	632.0508	1370.10876279
0.06981317007977318	675.7649	1359.12300486
0.0715584993317675	699.6533	1292.12310047
0.07330382858376185	688.0015	1174.56500462
0.07504915783575618	634.5236	1023.04585101
0.0767944870877505	538.6143	856.494110656
0.07853981633974483	418.8462	705.772588641
0.08028514559173915	305.2901	600.281889657
0.08203047484373349	218.1755	547.209117301
0.08377580409572782	165.7973	536.707626375
0.08552113334772216	150.1846	552.935464881
0.08726646259971649	162.4074	572.631546244
0.0890117918517108	183.3629	571.000895286
0.09075712110370514	196.95	537.498570106
0.09250245035569946	195.8626	477.930932933
0.0942477796076938	177.0056	404.666169769
0.09599310885968813	141.9196	333.445497776
0.09773843811168245	99.52173	281.788878073
0.09948376736367678	61.05773	260.443193167
0.10122909661567112	33.8817	268.380457405
0.10297442586766545	21.52474	296.779537911
0.10471975511965977	23.84656	332.282861807
0.10646508437165408	35.48917	358.943082245
0.10821041362364843	48.46034	364.751002135
0.10995574287564278	56.6714	347.006312226
0.1117010721276371	56.81429	310.833222426
0.11344640137963143	48.19134	266.687916589
0.11519173063162574	33.96675	229.07915018
0.11693705988362009	19.79019	211.108721867
0.11868238913561441	10.26476	218.187448668
0.12042771838760875	7.954497	247.886590836
0.12217304763960307	13.76204	292.357255577
0.12391837689159739	25.69699	338.892920938
0.12566370614359174	39.13479	373.330498044
0.12740903539558604	49.83499	386.535760044
0.1291543646475804	55.18087	376.355529243
0.13089969389957473	53.43841	345.616359183
0.13264502315156904	44.99529	302.535813528
0.1343903524035634	33.73455	260.559269109
0.1361356816555577	24.56411	232.463795983
0.13788101090755206	20.54765	224.871157535
0.13962634015954636	23.24799	238.608461607
0.1413716694115407	32.95773	269.703037568
0.143116998663535	47.19878	308.586027001
0.14486232791552936	61.5153	343.034078174
0.1466076571675237	72.417	363.929230886
0.148352986419518	77.78175	366.690759268
0.15009831567151236	75.84469	349.969993758
0.15184364492350666	66.7035	317.237348485
0.153588974175501	53.79655	277.745552192
0.15533430342749535	41.6806	242.089128494
0.15707963267948966	33.51664	217.58342207
0.158824961931484	31.37656	208.084791992
0.1605702911834783	36.29124	214.070228692
0.16231562043547265	46.74688	231.109160498
0.16406094968746698	59.1497	251.333265963
0.16580627893946132	70.23748	267.612762987
0.16755160819145565	77.53008	274.928525535
0.16929693744344995	78.58203	269.753958882
0.1710422666954443	72.30953	251.719692491
0.17278759594743864	60.57046	225.200363441
0.17453292519943298	46.82435	196.855937821
0.17627825445142728	34.09561	172.294757789
0.1780235837034216	24.92428	155.539614427
0.17976891295541597	21.34575	148.856779328
0.18151424220741028	23.60506	151.313576945
0.1832595714594046	29.9676	159.017876629
0.1850049007113989	38.16825	167.527437329
0.18675022996339327	45.95933	173.037899335
0.1884955592153876	50.76774	172.263534021
0.1902408884673819	50.59751	163.5835381
0.19198621771937627	45.40732	148.429611662
0.19373154697137057	36.73604	130.312224239
0.1954768762233649	26.452	112.811366374
0.19722220547535924	16.49959	98.9053319536
0.19896753472735357	8.889103	90.7364968108
0.20071286397934793	4.903226	88.71186809
0.20245819323134223	4.56283	91.2482912723
0.20420352248333656	7.077652	95.8060321234
0.2059488517353309	11.24523	99.7747646722
0.20769418098732523	15.45758	100.804349306
0.20943951023931953	18.13822	97.481632505
0.2111848394913139	18.50028	90.0598175782
0.21293016874330817	16.67289	80.2057414117
0.21467549799530256	13.26305	70.094628631
0.21642082724729686	9.104634	61.7708596418
0.2181661564992912	5.180269	56.7280011647
0.21991148575128555	2.357306	55.4799939891
0.22165681500327983	1.043575	57.3857789325
0.2234021442552742	1.080218	60.9008022661
0.22514747350726852	1.903501	64.0948324175
0.22689280275926285	2.855731	65.3275034581
0.22863813201125716	3.431946	63.7962900129
0.2303834612632515	3.358975	59.6478051038
0.23212879051524585	2.66731	53.839660997
0.23387411976724018	1.767789	47.9591775027
0.23561944901923448	1.280022	43.7523815994
0.23736477827122882	1.681918	42.4085259452
0.23911010752322315	3.198322	44.2286766616
0.2408554367752175	5.812325	48.6993328319
0.24260076602721184	9.073231	54.495823834
0.24434609527920614	12.0641	59.6765073826
0.24609142453120048	13.91347	62.5103754559
0.24783675378319478	14.23016	62.2111694668
0.24958208303518917	12.93785	58.8463331309
0.25132741228718347	10.15677	53.1115568854
0.2530727415391778	6.527454	46.5116017834
0.2548180707911721	3.222422	41.1436647732
0.2565634000431664	1.335995	38.7545337046
0.2583087292951608	1.509598	40.1431964837
0.26005405854715513	4.023879	45.2541480057
0.26179938779914946	8.660895	53.1396115426
0.26354471705114374	14.45291	61.8727790508
0.26529004630313807	20.06584	69.2355888193
0.26703537555513246	24.4235	73.655584534
0.2687807048071268	26.72271	74.3330154814
0.27052603405912107	26.32068	71.0908303966
0.2722713633111154	23.18847	64.754653411
0.27401669256310973	18.23693	57.2800548508
0.2757620218151041	12.81762	50.9070518885
0.2775073510670984	8.154971	47.3181073832
0.2792526803190927	5.314004	47.5191735532
0.28099800957108706	5.077893	51.714786735
0.2827433388230814	7.501334	58.9549036821
0.2844886680750758	11.89131	67.4112575539
0.28623399732707	17.2667	75.2010972067
0.2879793265790644	22.51137	80.7452138174
0.2897246558310587	26.33232	82.8043998837
0.29146998508305305	27.70092	80.9660925909
0.2932153143350474	26.40409	76.0853429686
0.29496064358704166	22.9283	69.838668653
0.296705972839036	18.0533	63.9737325484
0.2984513020910304	12.80263	60.0466848378
0.3001966313430247	8.385116	59.214182656
0.30194196059501904	5.750528	61.7355741525
0.3036872898470133	5.27555	66.8459412767
0.30543261909900765	6.882052	73.2220464534
0.307177948351002	10.0994	79.3344872917
0.3089232776029963	13.9855	83.5910320974
0.3106686068549907	17.39182	84.8178137966
0.312413936106985	19.465	82.829876357
0.3141592653589793	19.79433	78.3823742117
0.31590459461097364	18.29051	72.7319052946
0.317649923862968	15.24247	67.3980460721
0.3193952531149623	11.37402	63.9156219818
0.3211405823669566	7.578213	63.3085715337
0.32288591161895097	4.60411	65.7386966209
0.3246312408709453	2.981852	70.6144482446
0.32637657012293964	2.949358	76.7628428568
0.32812189937493397	4.299367	82.5638523788
0.32986722862692824	6.448285	86.3883960431
0.33161255787892263	8.721711	87.1856302509
0.33335788713091696	10.5139	84.7115385777
0.3351032163829113	11.32691	79.4604855291
0.3368485456349056	10.91499	72.6134466854
0.3385938748868999	9.401819	65.8313750957
0.3403392041388943	7.178591	60.7498871046
0.3420845333908886	4.747274	58.5333728654
0.3438298626428829	2.656538	59.7039082085
0.3455751918948773	1.375624	64.0105645372
0.34732052114687156	1.105017	70.3619718865
0.34906585039886595	1.748794	77.1170915976
0.3508111796508603	3.029474	82.5970296826
0.35255650890285456	4.54545	85.4399525645
0.3543018381548489	5.825499	84.8432508656
0.3560471674068432	6.500206	80.831784423
0.35779249665883756	6.422536	74.2892209458
0.35953782591083194	5.626655	66.6320460699
0.3612831551628262	4.29715	59.4576103333
0.36302848441482055	2.797834	54.3008733559
0.3647738136668149	1.564367	52.2656094436
0.3665191429188092	0.8998065	53.6369077044
0.3682644721708036	0.9180172	57.8582544853
0.3700098014227978	1.595311	63.7947303213
0.3717551306747922	2.745761	69.9567901887
0.37350045992678654	4.020856	74.7695667461
0.3752457891787809	5.06739	77.0280881147
0.3769911184307752	5.651322	76.2147784251
0.3787364476827695	5.629898	72.4737278371
0.3804817769347638	4.97128	66.5304985171
0.38222710618675815	3.866433	59.6603464167
0.38397243543875254	2.680514	53.3896642919
0.38571776469074687	1.746665	48.9774781568
0.38746309394274114	1.286331	47.1363260324
0.3892084231947355	1.446809	48.0277415584
0.3909537524467298	2.237474	51.2207471308
0.39269908169872414	3.453808	55.7053122329
0.39444441095071847	4.78627	60.2160107834
0.3961897402027128	5.951619	63.6157971782
0.39793506945470714	6.677126	65.043328775
0.3996803987067014	6.728446	64.0356557591
0.40142572795869585	6.080785	60.7636360558
0.4031710572106902	4.960931	56.0228815401
0.40491638646268446	3.671478	50.8629719183
0.4066617157146788	2.489616	46.2824689391
0.4084070449666731	1.709004	43.1443239754
0.41015237421866746	1.577129	42.0072653699
0.4118977034706618	2.141214	42.8831295423
0.41364303272265607	3.258235	45.271070937
0.41538836197465046	4.705612	48.4023130881
0.41713369122664473	6.175826	51.37371094
0.41887902047863906	7.278344	53.27045169
0.4206243497306334	7.720291	53.4816896871
0.4223696789826278	7.44758	51.9294858319
0.4241150082346221	6.553929	48.9449383702
0.42586033748661634	5.188758	45.0785354458
0.4276056667386108	3.62356	41.0815990478
0.4293509959906051	2.248476	37.8033275561
0.4310963252425994	1.391558	35.8773785994
0.4328416544945937	1.210743	35.5290879161
0.43458698374658805	1.739096	36.6338357961
0.4363323129985824	2.87775	38.7686427694
0.4380776422505767	4.340978	41.2278334973
0.4398229715025711	5.754245	43.2279547907
0.44156830075456543	6.824332	44.1961747719
0.44331363000655966	7.351352	43.8421753612
0.445058959258554	7.181506	42.109456698
0.4468042885105484	6.29794	39.2445550898
0.4485496177625427	4.911575	35.8353763821
0.45029494701453704	3.356788	32.6020639439
0.45204027626653137	1.941415	30.1372732193
0.4537856055185257	0.9285381	28.8285858288
0.45553093477052004	0.5296124	28.8341382147
0.4572762640225143	0.8104798	29.9965283811
0.45902159327450864	1.656866	31.8607918708
0.460766922526503	2.861456	33.8549266345
0.4625122517784973	4.174526	35.4292639163
0.4642575810304917	5.292315	36.1062635176
0.466002910282486	5.929832	35.5951768395
0.46774823953448036	5.954121	33.9336998335
0.46949356878647464	5.40024	31.4576352104
0.47123889803846897	4.388785	28.6379871222
0.47298422729046335	3.102962	25.9791651847
0.47472955654245763	1.803887	23.9642157311
0.47647488579445196	0.765688	22.9342652383
0.4782202150464463	0.1755779	22.9732033332
0.4799655442984406	0.1101762	23.9166981682
0.481710873550435	0.5502831	25.4243189957
0.48345620280242924	1.370116	27.0369525107
0.4852015320544237	2.352269	28.2698513691
0.48694686130641796	3.26431	28.7555575018
0.4886921905584123	3.920892	28.3319430699
0.4904375198104066	4.191867	27.0372465023
0.49218284906240095	4.016133	25.0865888911
0.4939281783143953	3.435962	22.8447817519
0.49567350756638956	2.592153	20.7434506505
0.4974188368183839	1.668573	19.1601120151
0.49916416607037833	0.8432349	18.3339801013
0.5009094953223726	0.2634125	18.330192617
0.5026548245743669	0.02170657	19.0312885511
0.5044001538263613	0.1339833	20.1659066905
0.5061454830783556	0.5384256	21.3790777919
0.5078908123303499	1.114992	22.3148116334
0.5096361415823442	1.716071	22.6926598733
0.5113814708343386	2.203285	22.3732994363
0.5131268000863328	2.475005	21.3849044689
0.5148721293383272	2.479575	19.9001181852
0.5166174585903216	2.223967	18.1914438513
0.5183627878423159	1.775619	16.5784701888
0.5201081170943103	1.24049	15.3514914864
0.5218534463463045	0.7300093	14.6956791083
0.5235987755982989	0.3416902	14.6603844458
0.5253441048502933	0.1443044	15.1635869886
0.5270894341022875	0.1563814	16.0050305862
0.5288347633542818	0.3427765	16.9095221048
0.5305800926062761	0.6409735	17.6094718204
0.5323254218582705	0.9782152	17.9069955899
0.5340707511102649	1.269156	17.690225488
0.5358160803622593	1.434279	16.9520840591
0.5375614096142536	1.440167	15.8171548538
0.5393067388662478	1.305322	14.5106054811
0.5410520681182421	1.0683	13.272935607
0.5427973973702365	0.775656	12.3044696809
0.5445427266222308	0.4919637	11.7507525264
0.5462880558742251	0.2838405	11.6718337876
0.5480333851262195	0.1869679	12.0098640923
0.5497787143782138	0.2056452	12.6157885119
0.5515240436302082	0.3280805	13.3046692561
0.5532693728822025	0.5185087	13.8809622492
0.5550147021341968	0.7140238	14.1651649858
0.5567600313861911	0.8588323	14.0578137119
0.5585053606381855	0.9303551	13.5750203384
0.5602506898901798	0.9205364	12.8088809817
0.5619960191421741	0.8220662	11.8844249621
0.5637413483941685	0.6517163	10.9603344734
0.5654866776461628	0.4599053	10.2110034957
0.5672320068981571	0.297252	9.7602469398
0.5689773361501516	0.1914256	9.64291337849
0.5707226654021459	0.1587219	9.82474211886
0.57246799465414	0.2068689	10.2193951895
0.5742133239061344	0.3182682	10.6888485234
0.5759586531581288	0.4558568	11.0796418779
0.5777039824101231	0.5886879	11.2802185814
0.5794493116621174	0.6924142	11.2327969735
0.5811946409141118	0.7366561	10.918134669
0.5829399701661061	0.7009018	10.3714819683
0.5846852994181004	0.5986215	9.69989326048
0.5864306286700948	0.4634992	9.04110665965
0.5881759579220891	0.3215602	8.50472068558
0.5899212871740833	0.1933291	8.16104282564
0.5916666164260777	0.106141	8.05008955323
0.593411945678072	0.08116807	8.16382783369
0.5951572749300664	0.1167416	8.43419576719
0.5969026041820608	0.1969189	8.76268646975
0.598647933434055	0.3028719	9.05266985753
0.6003932626860494	0.4086517	9.21637205371
0.6021385919380438	0.4833372	9.18917177136
0.6038839211900381	0.5092981	8.96117548167
0.6056292504420324	0.4874965	8.57942330825
0.6073745796940266	0.4238751	8.11427817553
0.609119908946021	0.3259344	7.63990850857
0.6108652381980153	0.2133561	7.23811522224
0.6126105674500096	0.1152309	6.98370888759
0.614355896702004	0.05218891	6.91015660116
0.6161012259539983	0.0306737	7.00058995949
0.6178465552059926	0.05043336	7.20746137435
0.6195918844579871	0.10554	7.4660203817
0.6213372137099814	0.1797511	7.69856639447
0.6230825429619757	0.252153	7.83351166002
0.62482787221397	0.3067996	7.82912516064
0.6265732014659643	0.3327452	7.67671782678
0.6283185307179586	0.3220029	7.39330582906
0.630063859969953	0.2755274	7.02367802676
0.6318091892219473	0.2072516	6.63854289472
0.6335545184739416	0.1356398	6.31063731309
0.635299847725936	0.07487508	6.08943623122
0.6370451769779303	0.03574044	5.99776867352
0.6387905062299246	0.0277893	6.03805569489
0.6405358354819191	0.05404919	6.18787946445
0.6422811647339132	0.1070701	6.39677805352
0.6440264939859075	0.1734461	6.60128541916
0.6457718232379019	0.2392813	6.74617325389
0.6475171524898963	0.2909856	6.79356471016
0.6492624817418906	0.3168151	6.72479714434
0.6510078109938849	0.3124764	6.54648312336
0.6527531402458793	0.2824071	6.29149577496
0.6544984694978736	0.2347687	6.00669656035
0.6562437987498679	0.1786628	5.73913747488
0.6579891280018623	0.1270741	5.5322757631
0.6597344572538565	0.09547645	5.42083390877
0.6614797865058508	0.09284664	5.41638315953
0.6632251157578453	0.1173518	5.50080107812
0.6649704450098396	0.162573	5.63954423524
0.6667157742618339	0.2227958	5.79687970396
0.6684611035138281	0.2889163	5.93562911876
0.6702064327658226	0.346438	6.01702273983
0.6719517620178169	0.3829391	6.01517572563
0.6736970912698113	0.3944556	5.92977721821
0.6754424205218056	0.3821128	5.7792964898
0.6771877497737998	0.3490798	5.58952423738
0.6789330790257941	0.3039047	5.39283609097
0.6806784082777886	0.2595717	5.22520731085
0.6824237375297829	0.2255912	5.11243315291
0.6841690667817772	0.2062775	5.06309136333
0.6859143960337715	0.2072799	5.07635679405
0.6876597252857658	0.2335537	5.14359271239
0.6894050545377601	0.2793773	5.23965101461
0.6911503837897546	0.330172	5.32806254394
0.6928957130417489	0.3764766	5.38282338031
0.6946410422937431	0.4164776	5.3955547633
0.6963863715457375	0.4450938	5.36214346551
0.6981317007977319	0.4533263	5.27986909478
0.6998770300497262	0.4401028	5.16094388919
0.7016223593017206	0.4142204	5.03304947169
0.7033676885537148	0.3835683	4.92113169903
0.7051130178057091	0.3527644	4.83958062629
0.7068583470577035	0.3292019	4.79889030424
0.7086036763096978	0.3201119	4.80367495673
0.7103490055616921	0.3246936	4.84359087438
0.7120943348136864	0.3388081	4.89975485535
0.7138396640656808	0.3632425	4.95825879846
0.7155849933176751	0.3970441	5.00652731519
0.7173303225696696	0.4291137	5.02528092216
0.7190756518216639	0.4480454	5.00065485474
0.7208209810736581	0.4551295	4.93983341025
0.7225663103256524	0.4566625	4.86087331927
0.7243116395776468	0.4510246	4.77444692095
0.7260569688296411	0.4346025	4.68787501658
0.7278022980816354	0.4134934	4.6171291197
0.7295476273336298	0.3977568	4.57847089707
0.7312929565856241	0.3900957	4.57368518006
0.7330382858376184	0.3893237	4.59443583551
0.7347836150896128	0.3971903	4.6325937729
0.7365289443416072	0.4134507	4.67702326521
0.7382742735936013	0.431667	4.71051524211
0.7400196028455956	0.4475377	4.72120202507
0.7417649320975901	0.4628123	4.7087926426
0.7435102613495844	0.4757557	4.67411306163
0.7452555906015788	0.4781244	4.61472258816
0.7470009198535731	0.4678054	4.53772674561
0.7487462491055674	0.4538065	4.46345169309
0.7504915783575618	0.4426924	4.40787651222
0.7522369076095561	0.4310797	4.37249250859
0.7539822368615504	0.4168409	4.35613563498
0.7557275661135446	0.4067124	4.36326686154
0.757472895365539	0.4060992	4.39308547222
0.7592182246175333	0.4114337	4.43276297436
0.7609635538695276	0.4177988	4.46807188583
0.7627088831215221	0.4251018	4.49156763785
0.7644542123735163	0.4324705	4.49737138285
0.7661995416255106	0.4356785	4.47969981491
0.7679448708775051	0.4338637	4.44081467409
0.7696902001294994	0.4301654	4.39028193876
0.7714355293814937	0.4240786	4.33458951739
0.773180858633488	0.4120653	4.2769653075
0.7749261878854823	0.39712	4.22713821549
0.7766715171374766	0.3873864	4.198090739
0.778416846389471	0.3841643	4.1916921015
0.7801621756414654	0.3811956	4.19855982805
0.7819075048934596	0.3768551	4.21253937332
0.783652834145454	0.3764947	4.23372443222
0.7853981633974483	0.3810378	4.25700865707
0.7871434926494427	0.3837915	4.27059551328
0.7888888219014369	0.380462	4.26781273733
0.7906341511534312	0.3734498	4.25097380302
0.7923794804054256	0.3644331	4.22312555946
0.7941248096574199	0.3516595	4.1860800702
0.7958701389094143	0.33568	4.14595187145
0.7976154681614087	0.3199508	4.11093873009
0.7993607974134028	0.3051992	4.08381081347
0.8011061266653973	0.290414	4.06439796339
0.8028514559173917	0.2786519	4.05656835543
0.8045967851693859	0.2738629	4.06311678652
0.8063421144213804	0.273462	4.07714715737
0.8080874436733746	0.2717044	4.08808237855
0.8098327729253689	0.2689379	4.09360866665
0.8115781021773633	0.2691461	4.09639393987
0.8133234314293576	0.2705084	4.09337998756
0.815068760681352	0.2669506	4.07862480021
0.8168140899333463	0.2576768	4.0538186132
0.8185594191853405	0.247156	4.02658681453
0.8203047484373349	0.2369206	4.00095631321
0.8220500776893291	0.2250588	3.97768240902
0.8237954069413236	0.2121282	3.95987771746
0.8255407361933178	0.2009072	3.95045089603
0.8272860654453121	0.1915789	3.94718039658
0.8290313946973066	0.1831632	3.9470769845
0.8307767239493009	0.1771798	3.95083077813
0.8325220532012952	0.1745754	3.95720031177
0.8342673824532895	0.1720803	3.95912044286
0.8360127117052839	0.166774	3.9518436508
0.8377580409572781	0.160882	3.93918191424
0.8395033702092726	0.1569113	3.92566717041
0.8412486994612668	0.1523162	3.90942548826
0.8429940287132611	0.143932	3.88858057212
0.8447393579652556	0.1339174	3.86814921742
0.8464846872172498	0.126061	3.85402719888
0.8482300164692442	0.1200593	3.84601381247
0.8499753457212387	0.1139352	3.84173991556
0.8517206749732327	0.1084658	3.84147783273
0.8534660042252271	0.1051369	3.84464488943
0.8552113334772216	0.1029954	3.84735556372
0.8569566627292158	0.101033	3.84738987211
0.8587019919812102	0.1000051	3.84569895778
0.8604473212332044	0.09955822	3.8409913864
0.8621926504851988	0.09721825	3.82938866633
0.8639379797371932	0.09254834	3.81176962527
0.8656833089891874	0.08814619	3.79429689838
0.8674286382411819	0.08487261	3.77981275243
0.8691739674931761	0.08042097	3.76574710082
0.8709192967451703	0.07408838	3.75188551666
0.8726646259971648	0.06864011	3.74276911412
0.8744099552491592	0.06574287	3.74029159177
0.8761552845011534	0.06392026	3.74096005207
0.8779006137531478	0.06206043	3.74179602203
0.8796459430051422	0.06115427	3.74288688723
0.8813912722571364	0.06146844	3.74315489004
0.8831366015091309	0.0618158	3.7399433334
0.8848819307611251	0.0620772	3.73325947203
0.8866272600131193	0.06299357	3.72489624096
0.8883725892651138	0.06365296	3.7140310797
0.890117918517108	0.06255814	3.69925459858
0.8918632477691024	0.06081272	3.68379880041
0.8936085770210968	0.06051902	3.67239759071
0.895353906273091	0.0610721	3.66456318279
0.8970992355250854	0.06046405	3.6567852609
0.8988445647770799	0.05931018	3.64967325561
0.9005898940290741	0.05980598	3.64644373765
0.9023352232810685	0.061855	3.64608368252
0.9040805525330627	0.06374097	3.64428260846
0.905825881785057	0.06534254	3.63962534324
0.9075712110370514	0.067585	3.63347045555
0.9093165402890457	0.06999272	3.62540418288
0.9110618695410401	0.07190444	3.61428101032
0.9128071987930344	0.07419823	3.60153432621
0.9145525280450286	0.07734047	3.58895186724
0.9162978572970231	0.07978702	3.57559781565
0.9180431865490173	0.08092755	3.56126758725
0.9197885158010117	0.0829228	3.54947313365
0.921533845053006	0.0870241	3.54248967891
0.9232791743050003	0.09110811	3.53729568942
0.9250245035569946	0.09341275	3.53079301293
0.9267698328089891	0.09571876	3.5250842054
0.9285151620609834	0.09986801	3.52270225541
0.9302604913129776	0.1044604	3.52106773804
0.932005820564972	0.1076304	3.51645742671
0.9337511498169663	0.1101769	3.50972139399
0.9354964790689607	0.1133192	3.50340758816
0.9372418083209549	0.116411	3.49707464462
0.9389871375729493	0.1190907	3.48964320357
0.9407324668249436	0.1224812	3.48246936774
0.9424777960769379	0.1266023	3.47655474173
0.9442231253289324	0.1298584	3.47048734594
0.9459684545809267	0.132655	3.46425827984
0.9477137838329208	0.1374553	3.46037163834
0.9494591130849153	0.1441327	3.45867001391
0.9512044423369097	0.1495027	3.45507933719
0.9529497715889039	0.1528577	3.44819879053
0.9546951008408984	0.1572477	3.44156693774
0.9564404300928926	0.1637395	3.43669297201
0.9581857593448869	0.1693432	3.42986309758
0.9599310885968813	0.1722727	3.41876773723
0.9616764178488756	0.1746895	3.40664160961
0.96342174710087	0.1782484	3.39649525627
0.9651670763528643	0.1815534	3.38688411213
0.9669124056048585	0.1835772	3.3762037823
0.9686577348568529	0.1854865	3.36606189578
0.9704030641088474	0.1876832	3.35766130867
0.9721483933608416	0.1891341	3.34976049466
0.9738937226128359	0.1904723	3.34223402091
0.9756390518648302	0.1934619	3.33661177059
0.9773843811168246	0.1971603	3.33190682471
0.979129710368819	0.1990246	3.32510569279
0.9808750396208132	0.2000222	3.31688888092
0.9826203688728075	0.2034864	3.31094829666
0.9843656981248019	0.2090258	3.30708719643
0.9861110273767961	0.2128863	3.30117475198
0.9878563566287906	0.2146187	3.29281715104
0.9896016858807848	0.2177564	3.28646839527
0.9913470151327791	0.2233227	3.28372509056
0.9930923443847736	0.2282827	3.28109211317
0.9948376736367678	0.2311022	3.27662700443
0.9965830028887622	0.2337461	3.27272650074
0.9983283321407567	0.2371958	3.27071729995
1.0000736613927508	0.2399558	3.26858862978
1.0018189906447452	0.241513	3.26520017291
1.0035643198967397	0.2429002	3.26156734308
1.0053096491487339	0.243613	3.257264775
1.0070549784007283	0.2423328	3.25070592983
1.0088003076527225	0.2404181	3.24312412321
1.0105456369047168	0.2401008	3.23697142865
1.0122909661567112	0.2400793	3.23094505015
1.0140362954087054	0.2376068	3.22201305629
1.0157816246606999	0.2341331	3.21173597336
1.017526953912694	0.2334507	3.20436322269
1.0192722831646883	0.2351846	3.19947704823
1.0210176124166828	0.2356109	3.19280376811
1.0227629416686772	0.2344275	3.18391489404
1.0245082709206714	0.2350458	3.17665431012
1.0262536001726656	0.2382898	3.17197755736
1.02799892942466	0.2413462	3.16672934922
1.0297442586766543	0.24296	3.1595975954
1.0314895879286488	0.2447661	3.15264596491
1.0332349171806432	0.2472312	3.14664936627
1.0349802464326374	0.249003	3.14032241777
1.0367255756846319	0.2500619	3.13390525827
1.038470904936626	0.251351	3.12869711659
1.0402162341886205	0.2518172	3.12364353049
1.041961563440615	0.2499769	3.11712680579
1.043706892692609	0.2474332	3.11095338604
1.0454522219446034	0.2464231	3.10752998462
1.0471975511965979	0.2453434	3.10482438149
1.048942880448592	0.2412714	3.09930973503
1.0506882097005865	0.2356112	3.09231834155
1.0524335389525807	0.2320448	3.08766158095
1.054178868204575	0.2302137	3.08464029327
1.0559241974565694	0.2266686	3.07928904135
1.0576695267085636	0.2212482	3.07139357865
1.059414855960558	0.2172199	3.0644062373
1.0611601852125523	0.2154932	3.05916878359
1.0629055144645467	0.2137891	3.05334371779
1.064650843716541	0.2112459	3.04633162674
1.0663961729685354	0.2093949	3.03982715094
1.0681415022205298	0.2086016	3.03401584863
1.069886831472524	0.207753	3.02786790686
1.0716321607245185	0.2070026	3.02211326478
1.0733774899765127	0.2071319	3.01778833888
1.0751228192285072	0.206932	3.01326784045
1.0768681484805014	0.2048837	3.00687411766
1.0786134777324956	0.2023456	3.00058705295
1.08035880698449	0.2012056	2.99675467502
1.0821041362364843	0.1998799	2.99341859561
1.0838494654884787	0.1956282	2.98744106567
1.085594794740473	0.1895519	2.98022429774
1.0873401239924672	0.1848012	2.97524605514
1.0890854532444616	0.181093	2.9719296665
1.0908307824964558	0.1754944	2.96697009712
1.0925761117484503	0.1678438	2.96021676005
1.0943214410004447	0.1609219	2.95432074196
1.096066770252439	0.1556087	2.94968464475
1.0978120995044334	0.1501293	2.94441352409
1.0995574287564276	0.1438249	2.93814557361
1.101302758008422	0.1380265	2.93199249746
1.1030480872604165	0.1331811	2.92566742111
1.1047934165124107	0.1285093	2.91841134804
1.106538745764405	0.1241676	2.91129493233
1.1082840750163994	0.1208424	2.90530260037
1.1100294042683936	0.1177355	2.89889101638
1.111774733520388	0.1137419	2.89073873535
1.1135200627723822	0.1098437	2.88285563325
1.1152653920243765	0.1074244	2.87738724526
1.117010721276371	0.1053512	2.87270354034
1.1187560505283651	0.1016061	2.86625654113
1.1205013797803596	0.09686666	2.85922728797
1.1222467090323538	0.09324917	2.85432313957
1.1239920382843482	0.09049551	2.8510043953
1.1257373675363425	0.08654428	2.84677443009
1.127482696788337	0.08121752	2.84157837893
1.1292280260403311	0.07628419	2.8372255805
1.1309733552923256	0.07225301	2.83379335922
1.13271868454432	0.06800762	2.83006391226
1.1344640137963142	0.06322178	2.82610307452
1.1362093430483085	0.05874359	2.82256215709
1.1379546723003031	0.05476807	2.81875058879
1.1397000015522971	0.05087546	2.81412311828
1.1414453308042918	0.04738915	2.80989528628
1.143190660056286	0.04481936	2.80676951687
1.14493598930828	0.0425684	2.80306322995
1.1466813185602747	0.03994259	2.79753934212
1.1484266478122689	0.03769076	2.79191941179
1.1501719770642633	0.03670282	2.78788670071
1.1519173063162575	0.03622094	2.78400651535
1.1536626355682518	0.03503124	2.77829861551
1.1554079648202462	0.03356466	2.77177404163
1.1571532940722404	0.03293139	2.76645580646
1.1588986233242349	0.03286006	2.76194558814
1.160643952576229	0.03231722	2.75671237121
1.1623892818282235	0.03133116	2.75101385099
1.1641346110802178	0.03060866	2.74598979268
1.1658799403322122	0.03009146	2.74144457385
1.1676252695842066	0.02940702	2.73686935969
1.1693705988362009	0.02881769	2.7328643042
1.171115928088195	0.02857622	2.72969522213
1.1728612573401895	0.02818896	2.72621867068
1.1746065865921838	0.02749597	2.7220935192
1.1763519158441782	0.02731723	2.71884947563
1.1780972450961724	0.02801834	2.71706478533
1.1798425743481666	0.0286848	2.71487999193
1.181587903600161	0.02873416	2.71112913974
1.1833332328521553	0.02905626	2.70749035289
1.18507856210415	0.03038163	2.7054190261
1.186823891356144	0.03197812	2.70354255753
1.1885692206081382	0.03299478	2.70017246047
1.1903145498601329	0.03386881	2.69616691421
1.192059879112127	0.03523277	2.6930078909
1.1938052083641215	0.03674271	2.69021433897
1.1955505376161157	0.03795526	2.68672531025
1.19729586686811	0.03913436	2.68289766931
1.1990411961201044	0.04039066	2.67931759374
1.2007865253720988	0.04124332	2.67547378351
1.2025318546240933	0.04178645	2.67126224136
1.2042771838760875	0.04279188	2.6676888565
1.2060225131280817	0.04418208	2.66483215425
1.2077678423800762	0.04490278	2.66126692676
1.2095131716320704	0.04492778	2.65684784534
1.2112585008840648	0.04556969	2.65348762823
1.213003830136059	0.04719948	2.65185304137
1.2147491593880533	0.04854809	2.65001252261
1.2164944886400477	0.04898596	2.64686046388
1.218239817892042	0.04964387	2.64416571136
1.2199851471440364	0.05131581	2.64336987579
1.2217304763960306	0.05317493	2.64312551976
1.2234758056480248	0.05441914	2.64183912697
1.2252211349000193	0.05556157	2.64028565684
1.2269664641520137	0.05712215	2.63968852053
1.228711793404008	0.05868798	2.63948160557
1.2304571226560024	0.0600246	2.63875886872
1.2322024519079966	0.06155017	2.63787357145
1.233947781159991	0.06315506	2.63709014076
1.2356931104119853	0.06412559	2.63564063734
1.23743843966398	0.06474911	2.63349393635
1.2391837689159741	0.06611048	2.63176936103
1.2409290981679681	0.06802493	2.63037587947
1.2426744274199628	0.06910742	2.62761189023
1.244419756671957	0.06935397	2.62327297941
1.2461650859239515	0.07040441	2.61939215996
1.2479104151759457	0.07271179	2.6166731815
1.24965574442794	0.07477028	2.61309801639
1.2514010736799344	0.075852	2.6075258023
1.2531464029319286	0.07727219	2.60182409135
1.254891732183923	0.07995036	2.5975882721
1.2566370614359172	0.08297344	2.59360308542
1.2583823906879115	0.08548263	2.58839533734
1.260127719939906	0.08805177	2.58286667596
1.2618730491919004	0.09119219	2.57838101322
1.2636183784438946	0.09440748	2.57453723594
1.265363707695889	0.09751291	2.57062032281
1.2671090369478832	0.101029	2.56714113
1.2688543661998777	0.1047106	2.5644261554
1.270599695451872	0.1075913	2.56171919284
1.2723450247038663	0.1100126	2.55906418639
1.2740903539558606	0.1133382	2.55771115825
1.2758356832078548	0.1173224	2.55758128748
1.2775810124598492	0.1201625	2.55680783118
1.2793263417118435	0.1217543	2.55504591066
1.2810716709638381	0.1241549	2.55437126593
1.2828170002158321	0.1280281	2.55550883758
1.2845623294678263	0.1314697	2.55619314313
1.286307658719821	0.1334331	2.55494837604
1.288052987971815	0.1355969	2.55356624319
1.2897983172238097	0.1393489	2.55370950463
1.2915436464758039	0.1435843	2.55395815001
1.293288975727798	0.1469976	2.55241583525
1.2950343049797925	0.1502961	2.54981449988
1.296779634231787	0.1544872	2.54765317781
1.2985249634837812	0.1590937	2.54548611116
1.3002702927357757	0.1635252	2.54225157116
1.3020156219877699	0.1682259	2.53829072427
1.3037609512397643	0.1732475	2.53413923893
1.3055062804917585	0.1776556	2.52919295044
1.307251609743753	0.1815053	2.52335202904
1.3089969389957472	0.1860931	2.51781709493
1.3107422682477414	0.1912996	2.51278335088
1.3124875974997359	0.1951557	2.50662663875
1.31423292675173	0.1972663	2.4990105019
1.3159782560037245	0.1998277	2.49213231266
1.3177235852557188	0.2037656	2.48707615392
1.319468914507713	0.2068446	2.48176469907
1.3212142437597074	0.2074928	2.47465648363
1.3229595730117016	0.2076572	2.46772856765
1.324704902263696	0.2094223	2.46313797306
1.3264502315156905	0.2115148	2.45960067402
1.3281955607676847	0.2117938	2.45488101582
1.3299408900196792	0.2110238	2.44970787301
1.3316862192716734	0.2112778	2.4461650037
1.3334315485236679	0.212416	2.44403926161
1.335176877775662	0.212934	2.44169446329
1.3369222070276563	0.2128416	2.43906761281
1.338667536279651	0.2131726	2.43715421989
1.3404128655316452	0.2138171	2.43575778955
1.3421581947836396	0.2142001	2.43422607555
1.3439035240356338	0.214794	2.43301881164
1.345648853287628	0.2159519	2.43245893142
1.3473941825396225	0.2165899	2.43137311563
1.3491395117916167	0.2160861	2.42910810389
1.3508848410436112	0.2158386	2.42712422574
1.3526301702956054	0.2167865	2.42637841946
1.3543754995475996	0.2172178	2.42509811996
1.356120828799594	0.2154579	2.42160301884
1.3578661580515883	0.2129732	2.41742421625
1.3596114873035827	0.211891	2.41468936432
1.3613568165555772	0.2111503	2.41230490151
1.3631021458075714	0.2082525	2.4078407789
1.3648474750595658	0.2036305	2.4017936651
1.36659280431156	0.1998236	2.39658162281
1.3683381335635545	0.1970996	2.39235851245
1.3700834628155487	0.193324	2.38716182823
1.371828792067543	0.1878798	2.3805706596
1.3735741213195374	0.1825252	2.37413994657
1.3753194505715316	0.178172	2.36845477409
1.3770647798235263	0.1737766	2.36263123653
1.3788101090755203	0.1686938	2.35645755085
1.3805554383275145	0.1636743	2.35061472223
1.3823007675795091	0.1591058	2.34498481039
1.3840460968315031	0.1545045	2.33903992587
1.3857914260834978	0.1499773	2.33343996069
1.387536755335492	0.1461453	2.32902959409
1.3892820845874863	0.1425846	2.32492613593
1.3910274138394807	0.1383249	2.31986984238
1.392772743091475	0.1338815	2.31478262945
1.3945180723434694	0.130568	2.31137259498
1.3962634015954638	0.1279565	2.30898133862
1.398008730847458	0.1243086	2.3055334077
1.3997540600994525	0.1196179	2.3011719799
1.4014993893514467	0.1156937	2.29797190026
1.4032447186034411	0.112936	2.29623209305
1.4049900478554354	0.1095842	2.2940257239
1.4067353771074296	0.1047711	2.29058087808
1.408480706359424	0.09993303	2.28734630353
1.4102260356114182	0.0961832	2.28516971324
1.4119713648634127	0.09254842	2.28303370415
1.413716694115407	0.08790748	2.28014208424
1.4154620233674011	0.08287082	2.27709746191
1.4172073526193956	0.07844594	2.27434078837
1.4189526818713898	0.07439685	2.27141554426
1.4206980111233842	0.07010084	2.26825660777
1.4224433403753785	0.06576139	2.26538582464
1.424188669627373	0.06176789	2.26255559208
1.4259339988793673	0.05789774	2.25894911461
1.4276793281313616	0.05405992	2.25494705229
1.429424657383356	0.05071626	2.25171237685
1.4311699866353502	0.04792859	2.24898237368
1.4329153158873444	0.04501708	2.24528385476
1.434660645139339	0.04183797	2.24057800104
1.436405974391333	0.03921531	2.23645524955
1.4381513036433278	0.03746394	2.23333342069
1.439896632895322	0.0357045	2.22972459718
1.4416419621473162	0.03334898	2.22486940793
1.4433872913993107	0.03112454	2.21998654769
1.4451326206513049	0.02972006	2.21600819343
1.4468779499032993	0.02858222	2.21212067023
1.4486232791552935	0.02692405	2.2074487862
1.4503686084072878	0.02503165	2.20251449025
1.4521139376592822	0.02357382	2.1980073395
1.4538592669112764	0.02242588	2.19364366765
1.4556045961632709	0.0210819	2.18911236539
1.457349925415265	0.01957824	2.18476868458
1.4590952546672595	0.01823581	2.18070802533
1.460840583919254	0.01698806	2.17643494578
1.4625859131712482	0.0157002	2.17208502567
1.4643312424232426	0.01456741	2.16849544128
1.4660765716752369	0.01369172	2.16562880209
1.467821900927231	0.01276086	2.16241060016
1.4695672301792255	0.01167509	2.15870230258
1.4713125594312197	0.01086977	2.15574440926
1.4730578886832144	0.0105539	2.15398376428
1.4748032179352084	0.0102866	2.15220400269
1.4765485471872026	0.009750776	2.14962090193
1.4782938764391973	0.009339999	2.14720910929
1.4800392056911913	0.009419707	2.145860044
1.481784534943186	0.00970157	2.14483943945
1.4835298641951802	0.009803352	2.14315566401
1.4852751934471744	0.009888983	2.14115763466
1.4870205226991688	0.0102268	2.13957090934
1.488765851951163	0.0106838	2.13814016482
1.4905111812031575	0.01109659	2.13632145616
1.4922565104551517	0.01158934	2.13426158411
1.4940018397071462	0.01218915	2.13217014657
1.4957471689591406	0.01264113	2.12967936815
1.4974924982111348	0.0129757	2.12672010628
1.4992378274631293	0.01357158	2.12389238079
1.5009831567151235	0.01442391	2.12127134792
1.5027284859671177	0.01501305	2.11799594697
1.5044738152191122	0.01524575	2.11385960934
1.5062191444711064	0.01572378	2.10995715527
1.5079644737231008	0.01669911	2.10684847404
1.509709802975095	0.01760715	2.10350804915
1.5114551322270893	0.01806515	2.09914440073
1.5132004614790837	0.01856422	2.09472421828
1.514945790731078	0.01956935	2.09134146226
1.5166911199830724	0.02076034	2.08840670505
1.5184364492350666	0.02169789	2.08482716217
1.520181778487061	0.02258682	2.08094950978
1.5219271077390553	0.0237631	2.0778051512
1.5236724369910497	0.02508636	2.07532082695
1.5254177662430441	0.02638086	2.07272950702
1.5271630954950384	0.02782023	2.07001556249
1.5289084247470326	0.02943865	2.06766052903
1.5306537539990273	0.03089682	2.06554877159
1.5323990832510213	0.0322199	2.06338478542
1.534144412503016	0.03392501	2.06145851322
1.5358897417550101	0.03602818	2.05995128895
1.5376350710070041	0.03779074	2.0582201779
1.5393804002589988	0.03900714	2.05590614972
1.541125729510993	0.04051609	2.05382475668
1.5428710587629875	0.04274928	2.05254689457
1.5446163880149817	0.04486256	2.05113001004
1.546361717266976	0.04614377	2.0486145096
1.5481070465189704	0.04729657	2.04582315157
1.5498523757709646	0.04920505	2.04399029555
1.551597705022959	0.05140376	2.04256494232
1.5533430342749532	0.05293437	2.04014299128
1.5550883635269477	0.0540085	2.03693782881
1.556833692778942	0.05551412	2.0343554989
1.5585790220309363	0.0574537	2.03255134257
1.5603243512829308	0.05914043	2.03035578473
1.562069680534925	0.06049378	2.02742591842
1.5638150097869192	0.06199834	2.02467648746
1.5655603390389137	0.06368126	2.022514958
1.567305668290908	0.06526676	2.02037502764
1.5690509975429023	0.06692134	2.01801612081
1.5707963267948966	0.06887925	2.01583789576
1.5725416560468908	0.07073895	2.01382478165
1.5742869852988854	0.07218406	2.01160619017
1.5760323145508797	0.07383715	2.00948609889
1.5777776438028739	0.07625185	2.00799543113
1.579522973054868	0.07871356	2.00662958599
1.5812683023068623	0.08033134	2.00451510465
1.583013631558857	0.08174842	2.00215749761
1.5847589608108512	0.08414781	2.0007431599
1.5865042900628454	0.08711329	1.9999263402
1.5882496193148399	0.08921658	1.99819874978
1.589994948566834	0.09049716	1.99552752193
1.5917402778188285	0.09240458	1.99349967914
1.593485607070823	0.09525075	1.99253430061
1.5952309363228174	0.09769286	1.9911162433
1.5969762655748114	0.09907228	1.98842194521
1.5987215948268056	0.1004371	1.98568100939
1.6004669240788003	0.1025732	1.98392407552
1.6022122533307945	0.1047568	1.98230464455
1.6039575825827892	0.1061999	1.97975932252
1.6057029118347834	0.1073256	1.97678345174
1.6074482410867772	0.1087308	1.97428260182
1.6091935703387719	0.1101576	1.97202488787
1.610938899590766	0.1112837	1.96942229859
1.6126842288427607	0.1123876	1.9666789047
1.614429558094755	0.113564	1.96411892904
1.6161748873467492	0.1143608	1.9614177784
1.6179202165987434	0.1148523	1.95850141403
1.6196655458507379	0.1158028	1.95601255928
1.6214108751027323	0.1172159	1.95405259656
1.6231562043547265	0.1180447	1.95168388112
1.624901533606721	0.118084	1.94865699543
1.6266468628587152	0.118614	1.94618971528
1.6283921921107094	0.1202297	1.94491139539
1.630137521362704	0.1216364	1.94356066505
1.6318828506146983	0.1218224	1.94109588512
1.6336281798666925	0.1219254	1.93865803931
1.6353735091186867	0.1233061	1.93766089749
1.637118838370681	0.1251689	1.93730347393
1.6388641676226756	0.1259237	1.93592959421
1.6406094968746698	0.125912	1.9338850435
1.642354826126664	0.1266983	1.93280896823
1.6441001553786583	0.1283333	1.93275757968
1.6458454846306525	0.1294093	1.93224614986
1.6475908138826472	0.1295238	1.93084533491
1.6493361431346414	0.1297345	1.92965968646
1.6510814723866356	0.130526	1.92917845474
1.6528268016386303	0.1311626	1.92861230961
1.6545721308906243	0.1311863	1.92748139315
1.6563174601426187	0.1310394	1.92623766355
1.6580627893946132	0.1309398	1.92506005409
1.6598081186466074	0.1305503	1.92356120995
1.6615534478986018	0.1299205	1.92181461645
1.6632987771505963	0.1294561	1.92025402363
1.6650441064025905	0.1288928	1.91853866927
1.6667894356545847	0.1276029	1.91595060874
1.668534764906579	0.1259742	1.91292759954
1.6702800941585736	0.1249731	1.91053209738
1.6720254234105678	0.1243466	1.90846336533
1.673770752662562	0.1228588	1.90536252086
1.6755160819145563	0.1205372	1.90128120427
1.6772614111665505	0.1188457	1.8978224301
1.6790067404185451	0.1181886	1.89541732695
1.6807520696705394	0.1171354	1.89254321516
1.6824973989225336	0.1148965	1.88840618557
1.684242728174528	0.1127569	1.88440600254
1.6859880574265222	0.1118647	1.88174769893
1.6877333866785167	0.1112996	1.87948484262
1.6894787159305111	0.1097317	1.87631574848
1.6912240451825054	0.1076817	1.87283781515
1.6929693744344996	0.1064691	1.87036612313
1.6947147036864938	0.1059478	1.86872840561
1.6964600329384885	0.1049557	1.86686261183
1.6982053621904827	0.1033424	1.864729378
1.6999506914424773	0.1019668	1.86309879197
1.7016960206944716	0.1010457	1.86204173953
1.7034413499464653	0.09999092	1.86107451722
1.70518667919846	0.09860574	1.86021879362
1.7069320084504542	0.09722972	1.85973545804
1.708677337702449	0.09583847	1.85929440343
1.7104226669544431	0.09415522	1.85859005333
1.7121679962064373	0.09240754	1.85813973717
1.7139133254584316	0.09092607	1.85833092949
1.7156586547104258	0.08929618	1.85839075278
1.7174039839624204	0.08698078	1.8575514668
1.7191493132144147	0.08447398	1.85653326855
1.7208946424664089	0.08258114	1.85635195648
1.7226399717184033	0.08092199	1.85638465945
1.7243853009703975	0.07846983	1.8552643598
1.726130630222392	0.07542161	1.853251753
1.7278759594743864	0.07298536	1.85180373099
1.7296212887263807	0.07131764	1.85101655803
1.7313666179783749	0.06925094	1.84945263832
1.733111947230369	0.066347	1.84663018984
1.7348572764823638	0.06367892	1.84378640215
1.736602605734358	0.06197386	1.84167346166
1.7383479349863522	0.06045639	1.83940714501
1.7400932642383464	0.05828699	1.83616206719
1.7418385934903406	0.05597207	1.83253671056
1.7435839227423353	0.05435447	1.82933563706
1.7453292519943295	0.05321108	1.82629488454
1.7470745812463238	0.05182875	1.82287237604
1.7488199104983184	0.05024209	1.81926788372
1.7505652397503124	0.04895445	1.81585317374
1.7523105690023069	0.04796117	1.8124675364
1.7540558982543013	0.046941	1.80902652229
1.7558012275062955	0.04592196	1.8059131978
1.75754655675829	0.04506082	1.80319091065
1.7592918860102844	0.04414596	1.80029661448
1.7610372152622786	0.04302613	1.79716802478
1.7627825445142729	0.04203743	1.79462473347
1.764527873766267	0.04137638	1.79296379913
1.7662732030182617	0.04056357	1.79127254313
1.768018532270256	0.0392177	1.78897732233
1.7697638615222502	0.03783898	1.78697962919
1.7715091907742444	0.03698561	1.78613918825
1.7732545200262386	0.03624036	1.78572227976
1.7749998492782333	0.03487652	1.78460782203
1.7767451785302275	0.0331633	1.78321547612
1.7784905077822217	0.03193175	1.78271534743
1.780235837034216	0.03115509	1.7829701255
1.7819811662862104	0.03004005	1.7828067329
1.7837264955382048	0.02843254	1.78200557501
1.785471824790199	0.02705585	1.78149297829
1.7872171540421935	0.02624226	1.7815985716
1.7889624832941877	0.0254772	1.78158923779
1.790707812546182	0.02438719	1.78101173675
1.7924531417981766	0.02333489	1.78028979507
1.7941984710501708	0.02267408	1.77971647069
1.7959438003021653	0.02220771	1.77898564062
1.7976891295541597	0.02169178	1.77792626305
1.7994344588061535	0.0212528	1.77675366529
1.8011797880581482	0.02099845	1.77541138813
1.8029251173101424	0.02076972	1.77356798353
1.804670446562137	0.02055972	1.77141040035
1.8064157758141313	0.02058769	1.76944473579
1.8081611050661255	0.02079128	1.76747472012
1.8099064343181197	0.02078606	1.76478275987
1.811651763570114	0.0205775	1.76149557929
1.8133970928221086	0.02063322	1.75855449701
1.8151424220741028	0.02102735	1.75610823755
1.816887751326097	0.0211958	1.75318715726
1.8186330805780915	0.02088092	1.74942282968
1.8203784098300857	0.02062052	1.74581721072
1.8221237390820801	0.02080932	1.74308255841
1.8238690683340746	0.02099574	1.74047633729
1.8256143975860688	0.02065221	1.73715719197
1.827359726838063	0.02009121	1.73368869933
1.8291050560900572	0.01989056	1.73105213225
1.830850385342052	0.0199205	1.72903792578
1.8325957145940461	0.01964835	1.72677582626
1.8343410438460404	0.01908209	1.72428321025
1.8360863730980346	0.01868412	1.7223064164
1.8378317023500288	0.01854854	1.72098336647
1.8395770316020235	0.01837316	1.7197973086
1.8413223608540177	0.01807618	1.71858819324
1.843067690106012	0.01787357	1.71767302418
1.8448130193580066	0.01779721	1.71707570636
1.8465583486100006	0.01772271	1.71655817417
1.848303677861995	0.01773296	1.71620868166
1.8500490071139892	0.01796709	1.71621133305
1.8517943363659837	0.0182408	1.71624339228
1.8535396656179781	0.01833391	1.71592510114
1.8552849948699723	0.01849528	1.71561451183
1.8570303241219668	0.01905589	1.71581110432
1.858775653373961	0.01976274	1.71609477131
1.8605209826259552	0.02011705	1.71566040019
1.8622663118779499	0.02027592	1.71474134356
1.864011641129944	0.02082226	1.71426173786
1.8657569703819383	0.02172314	1.71417496809
1.8675022996339325	0.02231974	1.71343182163
1.8692476288859268	0.02244489	1.71176598643
1.8709929581379214	0.0227085	1.7101717913
1.8727382873899157	0.02341679	1.70917656359
1.8744836166419099	0.02405387	1.7079624538
1.876228945893904	0.02417949	1.70581527095
1.8779742751458985	0.02415684	1.70334438626
1.879719604397893	0.02445363	1.70137280339
1.8814649336498872	0.02487017	1.69960366795
1.8832102629018816	0.02497765	1.69730126974
1.8849555921538759	0.02486025	1.69459404505
1.88670092140587	0.02486253	1.69212890961
1.8884462506578648	0.02497102	1.68995166751
1.890191579909859	0.02498249	1.68766000981
1.8919369091618534	0.02493949	1.68523870077
1.8936822384138474	0.02497388	1.68296859377
1.8954275676658416	0.02497429	1.68079617727
1.8971728969178363	0.0248782	1.67857379857
1.8989182261698305	0.02492746	1.67653258258
1.9006635554218252	0.02523942	1.6748524546
1.9024088846738194	0.02547793	1.67314580958
1.9041542139258136	0.02542911	1.67110692936
1.9058995431778079	0.02550303	1.6692280197
1.907644872429802	0.02607212	1.66800749285
1.9093902016817967	0.0267519	1.6669459732
1.911135530933791	0.02699354	1.66528330186
1.9128808601857852	0.02708407	1.66338515517
1.9146261894377794	0.02769268	1.66218395229
1.9163715186897738	0.02869538	1.66152583809
1.9181168479417683	0.02934084	1.66034590991
1.9198621771937625	0.02953385	1.65849123668
1.921607506445757	0.02998704	1.65699687943
1.9233528356977512	0.03096653	1.65628489296
1.9250981649497454	0.03185042	1.65545333142
1.92684349420174	0.0322025	1.65384001587
1.9285888234537343	0.03247059	1.65212016296
1.9303341527057285	0.03312928	1.65106275858
1.9320794819577227	0.03389751	1.6502652433
1.933824811209717	0.0343028	1.64896249494
1.9355701404617116	0.03446801	1.64732450359
1.9373154697137058	0.03476591	1.64600579157
1.9390607989657	0.03515095	1.64499600481
1.9408061282176947	0.03537645	1.64382484365
1.9425514574696887	0.03547992	1.64245233772
1.9442967867216832	0.03560621	1.64117778093
1.9460421159736774	0.03564811	1.63996699186
1.9477874452256718	0.03554234	1.63864534287
1.9495327744776663	0.03552293	1.63737573997
1.9512781037296605	0.03569001	1.63630608435
1.953023432981655	0.03570307	1.63509254587
1.9547687622336491	0.0353853	1.63348169886
1.9565140914856434	0.03518465	1.63193218598
1.958259420737638	0.03545667	1.63086275359
1.9600047499896323	0.03577119	1.62976615802
1.9617500792416265	0.03559757	1.62796391764
1.9634954084936207	0.03530898	1.62587530765
1.965240737745615	0.03561294	1.62438284842
1.9669860669976096	0.0363209	1.62326126761
1.9687313962496038	0.03662399	1.62146449321
1.970476725501598	0.03649695	1.61893783512
1.9722220547535922	0.03676552	1.61676851485
1.9739673840055865	0.03768219	1.61532440914
1.9757127132575811	0.03850013	1.61362675331
1.9774580425095754	0.03875351	1.61104567525
1.9792033717615696	0.03902142	1.60838530305
1.980948701013564	0.0398679	1.60647568309
1.9826940302655582	0.04090355	1.60481997745
1.9844393595175527	0.04150716	1.60255101792
1.9861846887695471	0.04185038	1.59992217489
1.9879300180215416	0.04246946	1.59776879114
1.9896753472735356	0.04331902	1.59609441746
1.9914206765255298	0.04396445	1.59424965197
1.9931660057775245	0.04435436	1.59212305212
1.9949113350295187	0.04476977	1.59019797811
1.9966566642815133	0.04522386	1.58861000802
1.9984019935335076	0.0455461	1.58707241869
2.0001473227855016	0.04579689	1.58554018609
2.0018926520374962	0.04609904	1.58420927999
2.0036379812894904	0.04626455	1.58297048293
2.0053833105414847	0.04614176	1.581620147
2.0071286397934793	0.04604444	1.58041378194
2.0088739690454736	0.04625348	1.57965544766
2.0106192982974678	0.04641529	1.57898359546
2.012364627549462	0.0460877	1.57787681276
2.0141099568014567	0.04562939	1.57668579096
2.015855286053451	0.04568847	1.57613426807
2.017600615305445	0.0460586	1.57598541151
2.0193459445574393	0.04595673	1.57529827909
2.0210912738094335	0.04541341	1.57406679495
2.022836603061428	0.04531092	1.5733244402
2.0245819323134224	0.04588989	1.57336201297
2.0263272615654166	0.04631266	1.57314858507
2.028072590817411	0.04609644	1.57206225512
2.029817920069405	0.0459684	1.57098103589
2.0315632493213998	0.04661342	1.57076170252
2.033308578573394	0.04752159	1.57076669629
2.035053907825388	0.04788256	1.56995488799
2.036799237077383	0.04795616	1.56863803151
2.0385445663293766	0.04855064	1.56785892242
2.0402898955813713	0.04963143	1.56758968459
2.0420352248333655	0.05045822	1.56685991761
2.0437805540853597	0.05085761	1.56542309231
2.0455258833373544	0.05139849	1.5640419882
2.0472712125893486	0.05232053	1.56307599303
2.049016541841343	0.05321352	1.56197947358
2.050761871093337	0.05380288	1.56034840679
2.0525072003453313	0.05432788	1.55851943591
2.054252529597326	0.0549574	1.55680709265
2.05599785884932	0.05552162	1.5550168186
2.0577431881013144	0.05595341	1.55299131325
2.0594885173533086	0.05640539	1.55091573707
2.0612338466053033	0.05681775	1.54882745434
2.0629791758572975	0.05693942	1.54649307166
2.0647245051092917	0.05690268	1.54402672994
2.0664698343612864	0.05709829	1.54186148155
2.0682151636132806	0.05741872	1.53993546568
2.069960492865275	0.05731021	1.53767134222
2.0717058221172695	0.05678834	1.53508307539
2.0734511513692637	0.05655516	1.53296198614
2.075196480621258	0.05680846	1.5315566342
2.076941809873252	0.05680743	1.53004024987
2.0786871391252464	0.05612778	1.52791988634
2.080432468377241	0.05549866	1.52602318822
2.0821777976292353	0.05561214	1.52515000336
2.08392312688123	0.05591944	1.52466013927
2.0856684561332237	0.05554096	1.5235114637
2.087413785385218	0.05481495	1.52207601907
2.0891591146372126	0.05475143	1.52152142242
2.090904443889207	0.0553199	1.52179789565
2.0926497731412015	0.05551916	1.52170594084
2.0943951023931957	0.05509888	1.52092715359
2.0961404316451895	0.05496258	1.52051169162
2.097885760897184	0.05559554	1.521021726
2.0996310901491784	0.05629261	1.52160786129
2.101376419401173	0.056403	1.5214851964
2.1031217486531673	0.05638759	1.52119189151
2.1048670779051615	0.05692199	1.52152590523
2.1066124071571557	0.05776748	1.52219881554
2.10835773640915	0.05827866	1.52244000308
2.1101030656611446	0.05848484	1.52228358578
2.111848394913139	0.05888257	1.52231805396
2.113593724165133	0.05951615	1.52259251995
2.1153390534171272	0.06002249	1.52267367976
2.1170843826691215	0.06031276	1.52245730228
2.118829711921116	0.06059638	1.52218616816
2.1205750411731104	0.0608642	1.52183668626
2.1223203704251046	0.0609692	1.5212267527
2.124065699677099	0.0610147	1.52048096459
2.1258110289290935	0.06114289	1.51976212989
2.1275563581810877	0.06112292	1.51877571751
2.129301687433082	0.06071419	1.51722272187
2.1310470166850766	0.06022834	1.51547967749
2.132792345937071	0.06006158	1.51402470692
2.134537675189065	0.05991979	1.51249768363
2.1362830044410597	0.05922935	1.5102084038
2.138028333693054	0.05821301	1.50743705548
2.139773662945048	0.05762498	1.50510741465
2.141518992197043	0.05745599	1.50322188154
2.143264321449037	0.05687442	1.5008000402
2.1450096507010312	0.05566867	1.49761637045
2.1467549799530254	0.05470747	1.49474090483
2.1485003092050197	0.05449466	1.49280100885
2.1502456384570143	0.05429538	1.49094545047
2.1519909677090086	0.05338198	1.48834166116
2.1537362969610028	0.05231973	1.48569140884
2.155481626212997	0.05201879	1.48408980036
2.157226955464991	0.0521999	1.48321781265
2.158972284716986	0.05188895	1.48194776781
2.16071761396898	0.05108293	1.48029297373
2.1624629432209743	0.0507177	1.47934034267
2.1642082724729685	0.05105452	1.47937204517
2.1659536017249628	0.05128961	1.47944856682
2.1676989309769574	0.05094199	1.47901804999
2.1694442602289516	0.05060295	1.47873243433
2.171189589480946	0.05083441	1.47917567599
2.17293491873294	0.05125375	1.47987924681
2.1746802479849343	0.05125706	1.48016991505
2.176425577236929	0.05099991	1.48020618483
2.178170906488923	0.050987	1.48047148945
2.179916235740918	0.05118308	1.48086607991
2.1816615649929116	0.05118509	1.48097951222
2.183406894244906	0.05093284	1.48078810855
2.1851522234969005	0.05068262	1.48050177135
2.1868975527488947	0.05046125	1.48004784844
2.1886428820008894	0.05011407	1.47929964565
2.1903882112528836	0.04967367	1.47842347629
2.192133540504878	0.04925093	1.47753226226
2.193878869756872	0.04870992	1.47633429005
2.1956241990088667	0.04792115	1.47467262736
2.197369528260861	0.04712589	1.47299040081
2.199114857512855	0.04656076	1.47164424992
2.20086018676485	0.04595986	1.47020611396
2.202605516016844	0.04495846	1.46815932885
2.2043508452688383	0.04382926	1.46593958842
2.206096174520833	0.04310826	1.46432321176
2.207841503772827	0.04265607	1.46309550762
2.2095868330248214	0.04182708	1.461358173
2.2113321622768156	0.04061329	1.45912576444
2.21307749152881	0.03974713	1.45741217308
2.2148228207808045	0.03947075	1.45653360876
2.2165681500327987	0.0390867	1.45554620896
2.218313479284793	0.03813403	1.45385485135
2.220058808536787	0.03721902	1.45227704813
2.2218041377887814	0.0369931	1.45166163878
2.223549467040776	0.03704032	1.45145833722
2.2252947962927703	0.0365714	1.45066492962
2.2270401255447645	0.0357681	1.44953672918
2.2287854547967587	0.03544856	1.44910999973
2.230530784048753	0.03566416	1.4494333494
2.2322761133007476	0.03563314	1.44953877184
2.234021442552742	0.0350657	1.44909262287
2.235766771804736	0.03460511	1.44887577761
2.2375121010567303	0.03467806	1.44936754668
2.239257430308725	0.03481021	1.44998396729
2.241002759560719	0.03446924	1.45011654114
2.2427480888127134	0.03392794	1.45007691655
2.2444934180647076	0.0337043	1.45039450553
2.246238747316702	0.0336923	1.4508958182
2.2479840765686965	0.03343148	1.45108992817
2.2497294058206907	0.03289673	1.45097029958
2.251474735072685	0.0324443	1.45083996849
2.253220064324679	0.03215481	1.45068078058
2.254965393576674	0.03179807	1.45028433113
2.256710722828668	0.031297	1.44967626781
2.2584560520806622	0.03080431	1.44896878017
2.260201381332657	0.03034478	1.44802067132
2.261946710584651	0.02982604	1.44674312576
2.2636920398366454	0.02931217	1.44541749214
2.26543736908864	0.02892056	1.44424656616
2.2671826983406342	0.02852642	1.442915821
2.2689280275926285	0.02794998	1.44114141385
2.2706733568446227	0.02737007	1.43934652558
2.272418686096617	0.02707356	1.43807495108
2.2741640153486116	0.02691219	1.43706110557
2.2759093446006062	0.02648009	1.43565663306
2.2776546738526	0.02585466	1.43405900186
2.2794000031045942	0.02553418	1.4331192864
2.2811453323565885	0.0255777	1.43292913268
2.2828906616085836	0.02543669	1.43262324985
2.284635990860578	0.02487563	1.43185966763
2.286381320112572	0.02442381	1.43146252533
2.288126649364566	0.02448083	1.43201410208
2.28987197861656	0.02460804	1.4328093978
2.291617307868555	0.02424143	1.43298041671
2.2933626371205493	0.02366873	1.43292629745
2.2951079663725436	0.02353967	1.43355087221
2.2968532956245378	0.02375704	1.43464520152
2.2985986248765315	0.023638	1.43516957649
2.3003439541285267	0.02307537	1.43493328347
2.302089283380521	0.0227058	1.43479501863
2.303834612632515	0.02281148	1.43509654994
2.3055799418845093	0.02287493	1.43506946903
2.3073252711365035	0.02247739	1.43411791542
2.309070600388498	0.02199326	1.43274629129
2.3108159296404924	0.02190607	1.43159494985
2.3125612588924866	0.0220203	1.43038895617
2.314306588144481	0.02185433	1.42850713122
2.316051917396475	0.02145898	1.42605448825
2.3177972466484698	0.02126372	1.42361226594
2.319542575900464	0.02133157	1.42127694832
2.321287905152458	0.02133657	1.41868349216
2.3230332344044524	0.02115445	1.41575361811
2.324778563656447	0.0210157	1.41281308993
2.3265238929084413	0.02103917	1.41000894998
2.3282692221604355	0.02108723	1.40722111522
2.33001455141243	0.02107502	1.40445832647
2.3317598806644244	0.02109037	1.40187974276
2.3335052099164186	0.02114467	1.39944626178
2.3352505391684133	0.02114257	1.39703089414
2.3369958684204075	0.02113192	1.39481229384
2.3387411976724017	0.02124122	1.39304323925
2.340486526924396	0.02138303	1.39153844883
2.34223185617639	0.02133163	1.38991338484
2.343977185428385	0.02116568	1.38833354488
2.345722514680379	0.02118831	1.38731988466
2.3474678439323733	0.02137975	1.38681522995
2.3492131731843675	0.02134982	1.38615949762
2.3509585024363617	0.02100726	1.38520531203
2.3527038316883564	0.02078059	1.3846421244
2.3544491609403506	0.02089785	1.38481458187
2.356194490192345	0.02095385	1.38504403568
2.357939819444339	0.02056904	1.38471046233
2.3596851486963333	0.02008439	1.38433698296
2.361430477948328	0.02000895	1.38470302703
2.363175807200322	0.02015118	1.38547204515
2.3649211364523164	0.01992139	1.38568966053
2.3666664657043106	0.01935425	1.38538434005
2.368411794956305	0.01907523	1.3855035124
2.3701571242083	0.01924605	1.3862657343
2.371902453460294	0.01929957	1.38675368502
2.373647782712288	0.01890822	1.38643171213
2.375393111964282	0.01855182	1.38601667363
2.3771384412162764	0.01869125	1.38619922595
2.3788837704682715	0.01901113	1.3864661823
2.3806290997202657	0.01897306	1.38596868143
2.38237442897226	0.0187284	1.38492997742
2.384119758224254	0.0188233	1.38418998788
2.3858650874762484	0.019271	1.3837705879
2.387610416728243	0.01957068	1.38290510875
2.3893557459802373	0.01956013	1.38136010939
2.3911010752322315	0.0196418	1.37977782788
2.3928464044842257	0.02004944	1.37854940349
2.39459173373622	0.02049302	1.37725866069
2.3963370629882146	0.02067963	1.37549313413
2.398082392240209	0.02077315	1.3735460617
2.3998277214922035	0.02103195	1.3718601131
2.4015730507441977	0.02137423	1.37035227675
2.403318379996192	0.02157691	1.36872028294
2.4050637092481866	0.02164953	1.36702002201
2.406809038500181	0.02173941	1.36551303484
2.408554367752175	0.0218331	1.3642104154
2.4102996970041692	0.02184569	1.36300393303
2.4120450262561635	0.02180494	1.36195667821
2.413790355508158	0.02176315	1.36115729312
2.4155356847601523	0.02163249	1.36047175911
2.4172810140121466	0.02136853	1.35982467271
2.419026343264141	0.02112294	1.35943850311
2.420771672516135	0.02099202	1.35944238103
2.4225170017681297	0.02079198	1.35952220843
2.424262331020124	0.02035578	1.35938770748
2.426007660272118	0.01989978	1.35933624666
2.4277529895241123	0.01970034	1.35975857177
2.4294983187761066	0.01960136	1.36036822229
2.4312436480281012	0.01923424	1.36055245248
2.4329889772800954	0.01869304	1.3604143415
2.4347343065320897	0.0184368	1.36062577616
2.436479635784084	0.01851723	1.36122895342
2.438224965036078	0.01845201	1.36144247765
2.4399702942880728	0.01804255	1.36093188031
2.441715623540067	0.01776469	1.36040885234
2.443460952792061	0.01797646	1.36041098484
2.4452062820440554	0.01829447	1.36033203099
2.4469516112960497	0.0182137	1.35938991052
2.4486969405480443	0.01798698	1.35797678111
2.4504422698000385	0.01820413	1.35701277622
2.4521875990520328	0.01878496	1.35638836935
2.4539329283040274	0.01909113	1.35514167028
2.4556782575560216	0.01899874	1.35311125869
2.457423586808016	0.01910495	1.35124794044
2.4591689160600105	0.01969638	1.35003015101
2.4609142453120048	0.02026153	1.3487094269
2.462659574563999	0.02034117	1.34662554632
2.464404903815993	0.02029457	1.34437281588
2.466150233067988	0.02065341	1.34281233021
2.467895562319982	0.02122425	1.34168856876
2.4696408915719763	0.02142548	1.3401503525
2.4713862208239705	0.021263	1.33824359364
2.4731315500759647	0.02127859	1.33683013015
2.47487687932796	0.02161332	1.33615404335
2.476622208579954	0.02180962	1.33553087307
2.4783675378319483	0.02159953	1.33456128899
2.480112867083942	0.02133035	1.33377921605
2.4818581963359363	0.02132873	1.33368586616
2.4836035255879314	0.02138994	1.33395254848
2.4853488548399256	0.02117738	1.33403560055
2.48709418409192	0.02079032	1.33405460773
2.488839513343914	0.02053851	1.33445750031
2.490584842595908	0.02042186	1.33520966039
2.492330171847903	0.02021308	1.33590246635
2.494075501099897	0.01987456	1.33641675226
2.4958208303518914	0.01958046	1.33697920872
2.4975661596038856	0.01937596	1.33763315093
2.49931148885588	0.01917193	1.33818205182
2.5010568181078745	0.01896354	1.33854242179
2.5028021473598687	0.01882625	1.33879055104
2.504547476611863	0.01871654	1.33886778322
2.506292805863857	0.01856171	1.33864780104
2.5080381351158514	0.01846947	1.33822904857
2.509783464367846	0.01856446	1.33776472505
2.5115287936198403	0.01871555	1.33709700629
2.5132741228718345	0.01871006	1.33595736093
2.5150194521238287	0.01868174	1.33452356524
2.516764781375823	0.01892965	1.33320704711
2.5185101106278176	0.01937908	1.33194052797
2.520255439879812	0.01962938	1.33022742451
2.522000769131806	0.01964672	1.32805171034
2.5237460983838007	0.01987986	1.32604227076
2.525491427635795	0.0204953	1.32445998356
2.527236756887789	0.02103009	1.32272337696
2.528982086139784	0.02113545	1.32039832098
2.530727415391778	0.02121465	1.31805272172
2.5324727446437723	0.02175434	1.31637072632
2.5342180738957665	0.02246837	1.31499362369
2.535963403147761	0.02272441	1.31309002811
2.5377087323997554	0.02262895	1.31081728766
2.5394540616517496	0.0228716	1.30912258996
2.541199390903744	0.02354835	1.30815100183
2.542944720155738	0.0239654	1.30696861682
2.5446900494077327	0.02379848	1.30513706058
2.546435378659727	0.02366585	1.30350179968
2.548180707911721	0.02407751	1.30277072247
2.5499260371637154	0.02457172	1.30231635781
2.5516713664157096	0.02448247	1.30122197252
2.5534166956677042	0.02408051	1.29985783048
2.5551620249196985	0.02410837	1.29926089448
2.5569073541716927	0.02453124	1.29939415556
2.558652683423687	0.02461189	1.29922712966
2.560398012675681	0.02416559	1.29849197877
2.5621433419276762	0.0238654	1.29813744067
2.56388867117967	0.02408918	1.29871266633
2.5656340004316642	0.02432079	1.29947843355
2.5673793296836585	0.02404462	1.29967304289
2.5691246589356527	0.02361378	1.29978644889
2.570869988187648	0.02361228	1.30067252015
2.572615317439642	0.02389356	1.30211067116
2.5743606466916362	0.02387956	1.30320473271
2.57610597594363	0.02354453	1.30386841936
2.5778513051956247	0.02340995	1.30487421114
2.5795966344476193	0.02364057	1.30647456566
2.5813419636996136	0.02383229	1.30799733259
2.5830872929516078	0.02372519	1.3089608276
2.584832622203602	0.02360691	1.30978817464
2.586577951455596	0.02375843	1.31095652773
2.588323280707591	0.02401895	1.31218139145
2.590068609959585	0.02411895	1.31291964651
2.5918139392115793	0.02412499	1.31322886993
2.593559268463574	0.0242475	1.31353543837
2.595304597715568	0.02446542	1.31386017394
2.5970499269675624	0.02463822	1.31385559154
2.598795256219557	0.02476548	1.31341223288
2.6005405854715513	0.02493022	1.3127704936
2.6022859147235455	0.02508712	1.31203590076
2.6040312439755398	0.02519148	1.31108515953
2.6057765732275344	0.0253312	1.30987850381
2.6075219024795286	0.02555709	1.30853521062
2.609267231731523	0.02571479	1.30706690778
2.611012560983517	0.02570229	1.30539992141
2.6127578902355113	0.02571754	1.30365004171
2.614503219487506	0.02593796	1.30199999055
2.6162485487395	0.02616542	1.30036244852
2.6179938779914944	0.02610799	1.29850438453
2.6197392072434886	0.02593294	1.29656542613
2.621484536495483	0.02602801	1.29492899626
2.6232298657474775	0.02632763	1.29357906765
2.6249751949994717	0.02635945	1.29206278515
2.626720524251466	0.0260561	1.29029538927
2.62846585350346	0.02593045	1.28881047565
2.6302111827554544	0.02621699	1.2878813506
2.631956512007449	0.02643527	1.28699559482
2.6337018412594433	0.02617021	1.28567294899
2.6354471705114375	0.02582695	1.28434851044
2.6371924997634317	0.0259715	1.28367334992
2.638937829015426	0.02636331	1.28337613237
2.6406831582674206	0.02631732	1.28263710758
2.642428487519415	0.02588077	1.28148543446
2.644173816771409	0.02579022	1.28079717415
2.6459191460234033	0.02622955	1.28080284233
2.647664475275398	0.02649403	1.28063406174
2.649409804527392	0.02616312	1.27975096995
2.6511551337793864	0.02584658	1.27889923268
2.652900463031381	0.02615943	1.27885751945
2.6546457922833753	0.02668013	1.27909745085
2.6563911215353695	0.02663376	1.2786236377
2.658136450787364	0.02621674	1.27767487324
2.6598817800393584	0.02627433	1.27734265522
2.6616271092913526	0.02687324	1.27772351513
2.663372438543347	0.02717793	1.27772930566
2.665117767795341	0.02685286	1.27691331203
2.6668630970473357	0.02664273	1.27625114632
2.6686084262993304	0.0271045	1.27648759686
2.670353755551324	0.02767604	1.27688200986
2.6720990848033184	0.02761181	1.27643928296
2.6738444140553126	0.0272503	1.27560462255
2.6755897433073077	0.02742705	1.27550100752
2.677335072559302	0.02806957	1.27603675898
2.679080401811296	0.0283273	1.27606232082
2.6808257310632904	0.02800651	1.27530760022
2.682571060315284	0.02788793	1.27482736648
2.6843163895672792	0.02839104	1.2751975048
2.6860617188192735	0.02889454	1.27556668803
2.6878070480712677	0.02878912	1.27509049651
2.689552377323262	0.02850368	1.27434712266
2.691297706575256	0.02874536	1.27431392282
2.693043035827251	0.0293259	1.27473095465
2.694788365079245	0.02950895	1.2745638351
2.6965336943312392	0.0292555	1.27374338888
2.6982790235832335	0.02925527	1.27323488656
2.7000243528352277	0.0297453	1.27338248972
2.7017696820872223	0.03016116	1.27338052849
2.7035150113392166	0.03010607	1.27264802483
2.705260340591211	0.03000027	1.27178230139
2.707005669843205	0.03031912	1.2714910845
2.7087509990951992	0.03082839	1.27144312564
2.710496328347194	0.03102403	1.27088348367
2.712241657599188	0.03097853	1.26990845203
2.7139869868511823	0.03115823	1.26924191837
2.7157323161031766	0.03162402	1.2690105774
2.7174776453551712	0.03199458	1.26861828019
2.7192229746071654	0.03210561	1.26778368181
2.7209683038591597	0.03224425	1.26697628767
2.7227136331111543	0.03260198	1.26656439441
2.7244589623631486	0.03300238	1.26626367872
2.7262042916151428	0.0332435	1.2656808128
2.7279496208671374	0.03342053	1.2649625166
2.7296949501191317	0.03368753	1.26446094506
2.731440279371126	0.0339948	1.2641387401
2.73318560862312	0.03424097	1.26371419576
2.7349309378751143	0.03445115	1.26314451354
2.736676267127109	0.03467786	1.26262282454
2.738421596379103	0.03485436	1.26217648988
2.7401669256310974	0.03496716	1.26168591602
2.7419122548830916	0.03511567	1.26112839857
2.743657584135086	0.03532026	1.26057821535
2.7454029133870805	0.03541202	1.25998166718
2.7471482426390748	0.03533162	1.25926163211
2.748893571891069	0.03529376	1.25853179947
2.750638901143063	0.03542876	1.25791593571
2.7523842303950574	0.03550969	1.25727611624
2.7541295596470525	0.03529589	1.25640817756
2.7558748888990463	0.03500568	1.2554878071
2.7576202181510405	0.03497904	1.25483984481
2.7593655474030347	0.03508594	1.2543850316
2.761110876655029	0.03488504	1.25371898985
2.762856205907024	0.03439973	1.2528604013
2.7646015351590183	0.03413708	1.25232577593
2.766346864411012	0.0342391	1.25229012759
2.7680921936630063	0.03420042	1.25225062265
2.7698375229150005	0.0337007	1.25186520002
2.7715828521669956	0.03321288	1.2516290646
2.77332818141899	0.03323082	1.25208049093
2.775073510670984	0.03342379	1.25286487352
2.7768188399229783	0.03314452	1.25325570186
2.7785641691749725	0.03256179	1.25341193204
2.780309498426967	0.032423	1.25414670028
2.7820548276789614	0.03279883	1.25552386615
2.7838001569309556	0.03292192	1.25665066595
2.78554548618295	0.03247011	1.25712405772
2.7872908154349445	0.03216915	1.25773573295
2.7890361446869387	0.03258281	1.25910396825
2.790781473938933	0.03314415	1.26055102805
2.7925268031909276	0.03306215	1.26113649008
2.794272132442922	0.03269519	1.26124454799
2.796017461694916	0.03297489	1.26193070263
2.7977627909469107	0.03383079	1.26309889491
2.799508120198905	0.0342592	1.2635762694
2.801253449450899	0.0340069	1.26306297169
2.8029987787028934	0.03404002	1.26267697288
2.8047441079548876	0.03491243	1.26306517411
2.8064894372068823	0.03580533	1.26328836448
2.8082347664588765	0.03585916	1.26236658024
2.8099800957108707	0.03565539	1.26099115367
2.811725424962865	0.03624101	1.26039435814
2.813470754214859	0.03735234	1.26029317077
2.815216083466854	0.03781093	1.25935026016
2.816961412718848	0.03750737	1.25746526152
2.8187067419708423	0.03760643	1.25600780758
2.8204520712228365	0.03857093	1.25553573317
2.8221974004748307	0.03936237	1.25487191098
2.8239427297268254	0.0391584	1.25308785154
2.8256880589788196	0.03876507	1.2511307793
2.827433388230814	0.03924532	1.25024428919
2.829178717482808	0.04012877	1.24989875422
2.8309240467348022	0.04017848	1.24867419199
2.832669375986797	0.03948589	1.24668122337
2.834414705238791	0.03931845	1.24539297653
2.8361600344907854	0.03997796	1.24516685561
2.8379053637427796	0.04030078	1.24465327438
2.839650692994774	0.03961203	1.24306198716
2.8413960222467685	0.03888108	1.24151722357
2.8431413514987627	0.03906758	1.24114284586
2.844886680750757	0.03953338	1.24119116336
2.8466320100027516	0.03912095	1.24029219569
2.848377339254746	0.03812174	1.23877423034
2.8501226685067405	0.03776823	1.2380892745
2.8518679977587347	0.03816726	1.23836515532
2.853613327010729	0.03815463	1.23820580039
2.855358656262723	0.03726437	1.23703484364
2.8571039855147173	0.03651499	1.23606074552
2.858849314766712	0.03666839	1.23620309911
2.8605946440187062	0.03699456	1.23657456848
2.8623399732707004	0.03651403	1.23596920956
2.8640853025226947	0.03565747	1.23489641088
2.865830631774689	0.03550271	1.23467902713
2.867575961026684	0.03597806	1.23523594111
2.869321290278678	0.03601929	1.23524719094
2.8710666195306724	0.0353646	1.23437980541
2.872811948782666	0.03497461	1.23383521836
2.8745572780346604	0.03538443	1.23430179727
2.8763026072866555	0.03585062	1.2348552553
2.8780479365386498	0.03560489	1.23453085296
2.879793265790644	0.03514351	1.23396366487
2.881538595042638	0.03533927	1.23428233501
2.8832839242946324	0.03599295	1.23524974305
2.885029253546627	0.03619058	1.2357055858
2.8867745827986213	0.03583626	1.23553178951
2.8885199120506155	0.03577861	1.23582448324
2.8902652413026098	0.03635342	1.23702301912
2.892010570554604	0.03685999	1.23821943813
2.8937558998065986	0.03673266	1.23867589731
2.895501229058593	0.03648409	1.23904012877
2.897246558310587	0.03678688	1.24016732638
2.8989918875625813	0.03736928	1.24168278399
2.9007372168145755	0.03748587	1.24259668256
2.90248254606657	0.03716961	1.2429239613
2.9042278753185644	0.0371375	1.24356224291
2.9059732045705586	0.037567	1.24471223967
2.907718533822553	0.03784151	1.24554716517
2.909463863074547	0.03758471	1.24555919253
2.9112091923265417	0.03728752	1.24536063963
2.912954521578536	0.03743127	1.24556060059
2.91469985083053	0.03772201	1.24577096707
2.916445180082525	0.03760289	1.24527536508
2.918190509334519	0.03719842	1.24424175777
2.9199358385865133	0.03706229	1.24340068139
2.921681167838508	0.03724706	1.24284492346
2.923426497090502	0.03726982	1.24197731203
2.9251718263424964	0.03693082	1.24057123504
2.9269171555944906	0.03663956	1.23918950564
2.9286624848464853	0.03667947	1.238241966
2.9304078140984795	0.03679291	1.23742576583
2.9321531433504737	0.03663563	1.23631711169
2.933898472602468	0.03636409	1.23513977605
2.935643801854462	0.03631838	1.23436562425
2.937389131106457	0.03646719	1.23396826114
2.939134460358451	0.03651545	1.23354589052
2.9408797896104453	0.03640533	1.23300324512
2.9426251188624395	0.03638891	1.23266738937
2.9443704481144337	0.03655933	1.23265985676
2.946115777366429	0.03676159	1.23273055986
2.9478611066184226	0.03686278	1.23264640695
2.949606435870417	0.03697433	1.23252989603
2.951351765122411	0.03719782	1.23252605546
2.9530970943744053	0.03748043	1.23254209418
2.9548424236264004	0.03774247	1.23241409896
2.9565877528783946	0.0380062	1.23215410187
2.9583330821303884	0.03831913	1.23187296716
2.9600784113823826	0.03863331	1.23155610831
2.961823740634377	0.03894609	1.23118817442
2.963569069886372	0.03929568	1.23082277841
2.965314399138366	0.03968901	1.23054392547
2.9670597283903604	0.04001811	1.23031748574
2.968805057642354	0.04027487	1.23017589993
2.970550386894349	0.04058205	1.23028456767
2.9722957161463435	0.04097916	1.23074509641
2.9740410453983377	0.04131032	1.23144554017
2.975786374650332	0.04145613	1.23227871141
2.977531703902326	0.04158774	1.23343435469
2.9792770331543204	0.04186312	1.23508586282
2.981022362406315	0.0421564	1.23707152836
2.9827676916583092	0.04219965	1.23903713969
2.9845130209103035	0.04208077	1.24101079419
2.986258350162298	0.04210614	1.24326739005
2.9880036794142923	0.04228931	1.24573220511
2.9897490086662866	0.04227863	1.24788883634
2.9914943379182812	0.0419381	1.24946992635
2.9932396671702755	0.04163759	1.25081128179
2.9949849964222697	0.04162673	1.2521209826
2.996730325674264	0.04161264	1.25297640291
2.9984756549262586	0.04118716	1.2528460414
3.000220984178253	0.04058765	1.2519875175
3.001966313430247	0.04031783	1.25099985937
3.0037116426822412	0.04031724	1.2498435959
3.0054569719342354	0.0400006	1.24790350708
3.00720230118623	0.0392577	1.24515486188
3.0089476304382243	0.03871544	1.24244294276
3.0106929596902186	0.03869046	1.24026172528
3.0124382889422128	0.03864019	1.23813403042
3.014183618194207	0.03801083	1.23558953027
3.0159289474462017	0.03726751	1.23329986807
3.017674276698196	0.03713063	1.23218977051
3.01941960595019	0.0373749	1.23209699266
3.0211649352021843	0.0371215	1.23211830641
3.0229102644541785	0.03635286	1.2322699426
3.024655593706173	0.03601139	1.23356403643
3.0264009229581674	0.03641192	1.23627249161
3.0281462522101616	0.03667034	1.23933309121
3.029891581462156	0.0361283	1.24190210954
3.03163691071415	0.03556191	1.24464473426
3.0333822399661448	0.03586785	1.24832357364
3.035127569218139	0.03655578	1.25220993069
3.036872898470133	0.03647415	1.25487779063
3.0386182277221274	0.03580112	1.25633454324
3.040363556974122	0.03577899	1.25774915781
3.0421088862261163	0.03661386	1.25923130308
3.0438542154781105	0.03708423	1.25941710252
3.045599544730105	0.03655346	1.25761540517
3.0473448739820994	0.0361269	1.25506635084
3.0490902032340936	0.03675504	1.25292290718
3.0508355324860883	0.03765314	1.25052585761
3.0525808617380825	0.03753643	1.24670005601
3.0543261909900767	0.03685138	1.24218691187
3.056071520242071	0.0370146	1.23884525353
3.057816849494065	0.03803598	1.2370085154
3.05956217874606	0.03847343	1.23535460969
3.0613075079980545	0.03784068	1.23356902953
3.0630528372500487	0.0374858	1.23338156014
3.0647981665020425	0.03827244	1.23595094603
3.0665434957540367	0.03917298	1.24016397931
3.068288825006032	0.03891476	1.24448582187
3.070034154258026	0.03819961	1.24959364031
3.0717794835100203	0.03847781	1.25701427681
3.0735248127620145	0.03954275	1.26622398086
3.0752701420140083	0.03983326	1.27494707784
3.0770154712660034	0.03905233	1.28236193914
3.0787608005179976	0.03871587	1.28986834733
3.080506129769992	0.03956221	1.2979439064
3.082251459021986	0.04035193	1.30459747327
3.0839967882739803	0.03983699	1.30786341425
3.085742117525975	0.03897368	1.30863115815
3.087487446777969	0.03927374	1.30863877761
3.0892327760299634	0.04032101	1.30729977012
3.0909781052819576	0.04035192	1.3024682691
3.092723434533952	0.03924627	1.29425587788
3.0944687637859465	0.03882466	1.28539075808
3.0962140930379407	0.03978323	1.27731767799
3.097959422289935	0.04050698	1.26870343032
3.099704751541929	0.03961866	1.25869179894
3.1014500807939234	0.03851321	1.24994555748
3.103195410045918	0.03901194	1.24564919256
3.1049407392979123	0.04035847	1.24579039327
3.1066860685499065	0.04022603	1.2484895586
3.1084313978019007	0.03873891	1.25476355219
3.1101767270538954	0.03844582	1.26829691132
3.1119220563058896	0.04005841	1.29034945583
3.113667385557884	0.04109427	1.31829721411
3.1154127148098785	0.03980819	1.350233104
3.1171580440618727	0.03852523	1.38857309574
3.118903373313867	0.03975718	1.43555379816
3.1206487025658616	0.04199471	1.48866451324
3.122394031817856	0.04168882	1.54303184428
3.12413936106985	0.03950119	1.59818904111
3.1258846903218442	0.03951358	1.6570636555
3.1276300195738385	0.04244719	1.71879197651
3.129375348825833	0.0439299	1.77713708096
3.1311206780778273	0.04136012	1.82780044833
3.1328660073298216	0.0392059	1.873868153
3.134611336581816	0.04179077	1.9182682352
3.13635666583381	0.04609933	1.95659362229
3.1381019950858047	0.04439876	1.97988013285
3.139847324337799	0.03723986	1.98796474903
3.141592653589793	0.03347014	1.98934798818