# C(3P)-CO2, ground-state PES; differential cross sections (mgacesa, Aug 26 2020)
# theta(rad)                 elastic CS                total CS (both in units of 1E-16 cm^2)
0.	2.495175e6	2.5377404782331097e6
0.0017453292519943296	2.103764e6	2.13521122788e6
0.003490658503988659	1.282241e6	1.2944293263e6
0.005235987755982989	593928.4	596790.278473
0.006981317007977318	225534.2	228277.218575
0.008726646259971648	82905.88	87283.8630959
0.010471975511965978	46911.4	51443.3300618
0.012217304763960306	41031.73	44288.1609836
0.013962634015954637	33152.24	35103.7705648
0.015707963267948967	22728.41	24341.2471688
0.017453292519943295	14598.91	16659.5148634
0.019198621771937624	10024.89	12785.1840897
0.020943951023931956	8840.347	12082.3984966
0.022689280275926284	8910.937	12124.8802175
0.024434609527920613	8277.756	11087.2139226
0.02617993877991494	6887.76	9206.08745902
0.027925268031909273	5130.131	7061.7764725
0.029670597283903602	3605.022	5400.37280387
0.031415926535897934	3017.603	4899.97192105
0.03316125578789226	3182.978	5173.51615872
0.03490658503988659	3493.614	5480.69447697
0.03665191429188092	3589.644	5431.55183889
0.03839724354387525	3204.453	4793.68002467
0.04014257279586957	2431.457	3787.84999321
0.04188790204786391	1733.182	2974.09538163
0.043633231299858244	1352.366	2568.48180174
0.04537856055185257	1291.449	2504.34337037
0.0471238898038469	1477.371	2640.47548176
0.048869219055841226	1650.967	2673.87106826
0.05061454830783556	1590.671	2426.94160464
0.05235987755982988	1329.829	2022.56335741
0.054105206811824215	969.2449	1608.70992964
0.05585053606381855	620.4774	1294.9414368
0.05759586531581287	431.305	1180.16212764
0.059341194567807204	423.3957	1206.40289348
0.061086523819801536	493.6255	1229.41714558
0.06283185307179587	557.4449	1185.82162449
0.0645771823237902	545.8208	1056.47117579
0.06632251157578452	423.6796	863.166879246
0.06806784082777885	253.104	699.741950808
0.06981317007977318	118.4326	627.932420447
0.0715584993317675	51.39572	627.575861581
0.07330382858376185	51.41723	653.303780121
0.07504915783575618	86.82953	652.232934098
0.0767944870877505	106.645	591.83975057
0.07853981633974483	90.79999	500.249514568
0.08028514559173915	53.12982	430.760167592
0.08203047484373349	15.78058	416.214439648
0.08377580409572782	0.1230022	458.569385193
0.08552113334772216	12.27652	521.46180501
0.08726646259971649	38.31193	553.962817446
0.0890117918517108	58.25513	529.719750461
0.09075712110370514	56.82861	455.152355318
0.09250245035569946	36.4096	369.738114198
0.0942477796076938	18.00866	327.916507461
0.09599310885968813	19.20824	353.712606274
0.09773843811168245	45.1089	430.070451119
0.09948376736367678	89.84717	517.956150026
0.10122909661567112	131.3506	567.250835832
0.10297442586766545	147.8445	548.873920705
0.10471975511965977	138.6014	481.541852988
0.10646508437165408	113.0595	405.415087247
0.10821041362364843	84.59255	357.522841679
0.10995574287564278	75.11798	366.99664275
0.1117010721276371	94.90073	429.55779708
0.11344640137963143	131.7061	504.664709249
0.11519173063162574	169.1823	553.374056461
0.11693705988362009	191.0649	553.088389032
0.11868238913561441	182.6105	500.01997428
0.12042771838760875	150.2037	425.17768634
0.12217304763960307	116.3266	374.433359696
0.12391837689159739	95.54367	369.335131078
0.12566370614359174	94.67898	406.739096303
0.12740903539558604	114.0355	466.302096371
0.1291543646475804	138.4706	510.62076217
0.13089969389957473	150.736	512.504796108
0.13264502315156904	146.3081	475.152560351
0.1343903524035634	125.699	416.49445005
0.1361356816555577	94.54528	360.673198465
0.13788101090755206	68.56553	335.158428086
0.13962634015954636	58.9959	348.482451078
0.1413716694115407	64.2735	384.552430858
0.143116998663535	78.48814	421.233346348
0.14486232791552936	91.7471	437.339200624
0.1466076571675237	91.9082	419.215146064
0.148352986419518	77.35014	375.54703211
0.15009831567151236	56.30575	329.417280091
0.15184364492350666	36.36116	298.451434945
0.153588974175501	24.34601	291.472635569
0.15533430342749535	24.73901	306.448070313
0.15707963267948966	33.3954	327.231566292
0.158824961931484	42.43034	336.567494946
0.1605702911834783	46.85955	327.797837077
0.16231562043547265	43.05365	302.200286411
0.16406094968746698	30.86977	268.687934369
0.16580627893946132	16.64118	242.459921005
0.16755160819145565	7.10575	233.119334067
0.16929693744344995	4.804089	238.983849094
0.1710422666954443	9.492114	251.821037194
0.17278759594743864	17.52127	259.781659975
0.17453292519943298	22.83593	252.646694827
0.17627825445142728	22.31289	230.177414427
0.1780235837034216	16.85197	201.064442099
0.17976891295541597	8.953541	175.927482952
0.18151424220741028	2.358219	163.532422242
0.1832595714594046	0.4876189	166.7077551
0.1850049007113989	3.608459	179.554084601
0.18675022996339327	9.363374	191.729614644
0.1884955592153876	14.58061	194.218610087
0.1902408884673819	16.27509	182.457184852
0.19198621771937627	13.42957	158.920931529
0.19373154697137057	7.820125	132.297148798
0.1954768762233649	2.473848	112.151302805
0.19722220547535924	0.1038642	104.484006741
0.19896753472735357	1.922316	109.566294665
0.20071286397934793	6.820848	121.646154591
0.20245819323134223	12.20332	132.214140281
0.20420352248333656	15.42965	134.497162121
0.2059488517353309	14.78154	125.902229242
0.20769418098732523	10.62162	109.034243282
0.20943951023931953	5.29279	90.3628778813
0.2111848394913139	1.319771	76.2867411935
0.21293016874330817	0.3749113	70.3262533298
0.21467549799530256	2.91752	72.3815534226
0.21642082724729686	7.508843	78.6912228873
0.2181661564992912	11.68605	84.0009602703
0.21991148575128555	13.69425	84.7468683772
0.22165681500327983	12.68672	79.9013054112
0.2234021442552742	8.876517	70.8097124329
0.22514747350726852	4.183985	61.051143497
0.22689280275926285	0.9498318	54.1655470529
0.22863813201125716	0.243529	51.3504074855
0.2303834612632515	2.064711	51.8515977861
0.23212879051524585	5.488558	53.687500489
0.23387411976724018	8.553108	54.1722214773
0.23561944901923448	9.74046	51.9369988118
0.23736477827122882	8.906693	47.7629089706
0.23911010752322315	6.438284	43.0580890234
0.2408554367752175	3.180758	39.2261118948
0.24260076602721184	0.7017522	37.6063250234
0.24434609527920614	0.02292848	38.1470836702
0.24609142453120048	0.9772909	39.3267510422
0.24783675378319478	2.973247	39.688110103
0.24958208303518917	5.048042	38.2190549792
0.25132741228718347	5.962306	34.5077606391
0.2530727415391778	5.378911	29.713130482
0.2548180707911721	3.915605	25.8478851371
0.2565634000431664	2.136167	24.0391092917
0.2583087292951608	0.6027702	24.4572586537
0.26005405854715513	0.006326509	26.6092977565
0.26179938779914946	0.4104076	29.0055860912
0.26354471705114374	1.318367	30.0335081542
0.26529004630313807	2.320119	29.0983733316
0.26703537555513246	2.946405	26.3339243547
0.2687807048071268	2.746441	22.4223499036
0.27052603405912107	1.924242	18.8565133134
0.2722713633111154	1.037658	16.9784745847
0.27401669256310973	0.3566404	17.0045164318
0.2757620218151041	0.04064067	18.4234535208
0.2775073510670984	0.2077662	20.354232526
0.2792526803190927	0.6214533	21.6007537482
0.28099800957108706	0.9700049	21.4503807834
0.2827433388230814	1.171625	20.0894344945
0.2844886680750758	1.134077	18.0196856795
0.28623399732707	0.7974622	15.8589256638
0.2879793265790644	0.399524	14.4198266798
0.2897246558310587	0.1834417	14.1051626452
0.29146998508305305	0.1573867	14.6256988174
0.2932153143350474	0.2990109	15.4885820106
0.29496064358704166	0.5499397	16.1862317729
0.296705972839036	0.7125655	16.2251090522
0.2984513020910304	0.7129312	15.5715151632
0.3001966313430247	0.6552142	14.6395115128
0.30194196059501904	0.5655107	13.7528776842
0.3036872898470133	0.4441842	13.0907404365
0.30543261909900765	0.407827	12.8425217697
0.307177948351002	0.4917128	12.9464749902
0.3089232776029963	0.6087074	13.0942672234
0.3106686068549907	0.7322615	13.0987226052
0.312413936106985	0.8352375	12.8979959367
0.3141592653589793	0.8221191	12.4515540493
0.31590459461097364	0.7345775	11.9466315707
0.317649923862968	0.7174438	11.6892297948
0.3193952531149623	0.7733253	11.7166921769
0.3211405823669566	0.8375688	11.8720359413
0.32288591161895097	0.9371313	12.0613064749
0.3246312408709453	1.052206	12.1449230038
0.32637657012293964	1.098144	11.9514632358
0.32812189937493397	1.087421	11.5161287716
0.32986722862692824	1.058556	10.9987747873
0.33161255787892263	0.9758534	10.4978326523
0.33335788713091696	0.8938509	10.1747869107
0.3351032163829113	0.936123	10.1995265175
0.3368485456349056	1.065407	10.4732748171
0.3385938748868999	1.163041	10.7462609751
0.3403392041388943	1.232671	10.9124206159
0.3420845333908886	1.281079	10.9172625164
0.3438298626428829	1.248909	10.6924877617
0.3455751918948773	1.16194	10.3270868101
0.34732052114687156	1.089761	9.99112581225
0.34906585039886595	1.013676	9.73854391679
0.3508111796508603	0.957695	9.62712645361
0.35255650890285456	1.01027	9.73780622749
0.3543018381548489	1.121144	9.95529363735
0.3560471674068432	1.163432	10.0695543461
0.35779249665883756	1.151305	10.0515249715
0.35953782591083194	1.130008	9.93893643058
0.3612831551628262	1.061027	9.71035509409
0.36302848441482055	0.9612398	9.4326345914
0.3647738136668149	0.9006097	9.2255737134
0.3665191429188092	0.8625719	9.08814151369
0.3682644721708036	0.8416461	9.01948415032
0.3700098014227978	0.8962823	9.07750988648
0.3717551306747922	0.9826983	9.18878082605
0.37350045992678654	0.9917249	9.21321212734
0.3752457891787809	0.9463768	9.17622644825
0.3769911184307752	0.9073488	9.14578873872
0.3787364476827695	0.8450578	9.08986772863
0.3804817769347638	0.7603494	9.01607908718
0.38222710618675815	0.7105933	8.97734336071
0.38397243543875254	0.6832315	8.93169125024
0.38571776469074687	0.6616989	8.85190739997
0.38746309394274114	0.6879345	8.79416377746
0.3892084231947355	0.7348898	8.73295881717
0.3909537524467298	0.7208961	8.5934533046
0.39269908169872414	0.6701352	8.43743419976
0.39444441095071847	0.6392859	8.34926231034
0.3961897402027128	0.6008192	8.30102984964
0.39793506945470714	0.5409282	8.27765645056
0.3996803987067014	0.5007391	8.30494164905
0.40142572795869585	0.4733629	8.33561201907
0.4031710572106902	0.4420646	8.33480184781
0.40491638646268446	0.4378203	8.34381439846
0.4066617157146788	0.4498992	8.3458380212
0.4084070449666731	0.4254159	8.28100288794
0.41015237421866746	0.3854314	8.19533275936
0.4118977034706618	0.3724669	8.15008396107
0.41364303272265607	0.3621035	8.11150333145
0.41538836197465046	0.3366226	8.05801056666
0.41713369122664473	0.3213687	8.01273171503
0.41887902047863906	0.3086084	7.9491683662
0.4206243497306334	0.2850471	7.85413096113
0.4223696789826278	0.2753154	7.77777136474
0.4241150082346221	0.27579	7.72171903943
0.42586033748661634	0.25214	7.64536058551
0.4276056667386108	0.223494	7.58663636162
0.4293509959906051	0.220937	7.58984756698
0.4310963252425994	0.2248566	7.61731877364
0.4328416544945937	0.2221661	7.64090768917
0.43458698374658805	0.2291454	7.67157932439
0.4363323129985824	0.2340158	7.6801190436
0.4380776422505767	0.2265509	7.64946999507
0.4398229715025711	0.228725	7.6167694828
0.44156830075456543	0.2352955	7.57769456864
0.44331363000655966	0.216161	7.49236357546
0.445058959258554	0.1890717	7.39300585484
0.4468042885105484	0.1810378	7.3232406923
0.4485496177625427	0.1760644	7.2590635482
0.45029494701453704	0.166032	7.18808565778
0.45204027626653137	0.1678351	7.13614731625
0.4537856055185257	0.1725845	7.09223821636
0.45553093477052004	0.1735085	7.04896769223
0.4572762640225143	0.1909984	7.04057410403
0.45902159327450864	0.2177147	7.05871264611
0.460766922526503	0.222832	7.05669871834
0.4625122517784973	0.2190882	7.05046859174
0.4642575810304917	0.2272255	7.06814469441
0.466002910282486	0.2299354	7.07665831444
0.46774823953448036	0.2202252	7.05520062388
0.46949356878647464	0.2156219	7.02495710892
0.47123889803846897	0.2102147	6.97750367645
0.47298422729046335	0.2023371	6.9069416884
0.47472955654245763	0.2167288	6.84852625025
0.47647488579445196	0.2487044	6.8021489441
0.4782202150464463	0.2685758	6.73154329938
0.4799655442984406	0.2885371	6.65988625505
0.481710873550435	0.3269692	6.62454428455
0.48345620280242924	0.3615484	6.60087305771
0.4852015320544237	0.379642	6.5702854669
0.48694686130641796	0.3947114	6.55572701131
0.4886921905584123	0.3970648	6.54987755896
0.4904375198104066	0.3826797	6.53847004512
0.49218284906240095	0.3790766	6.54484420758
0.4939281783143953	0.3849196	6.56191488327
0.49567350756638956	0.3715154	6.54553813921
0.4974188368183839	0.3582366	6.51043832104
0.49916416607037833	0.3755809	6.49305777381
0.5009094953223726	0.4026683	6.46806338424
0.5026548245743669	0.4212858	6.41295938128
0.5044001538263613	0.4480735	6.35741456695
0.5061454830783556	0.4763111	6.30804579702
0.5078908123303499	0.4913465	6.25348633053
0.5096361415823442	0.5104304	6.21740230675
0.5113814708343386	0.5306518	6.20391052617
0.5131268000863328	0.5186006	6.17699624746
0.5148721293383272	0.4898926	6.14960585141
0.5166174585903216	0.4824507	6.15932849677
0.5183627878423159	0.4788447	6.17919848787
0.5201081170943103	0.4566212	6.17432044051
0.5218534463463045	0.4429578	6.16861216066
0.5235987755982989	0.4493109	6.17125016152
0.5253441048502933	0.4582188	6.15932748667
0.5270894341022875	0.4768791	6.14071203946
0.5288347633542818	0.5087382	6.12368712216
0.5305800926062761	0.5236658	6.0808980164
0.5323254218582705	0.5243679	6.02168334214
0.5340707511102649	0.541435	5.98591210878
0.5358160803622593	0.5560736	5.9578091023
0.5375614096142536	0.5359216	5.90578568536
0.5393067388662478	0.5063985	5.85843593462
0.5410520681182421	0.4919578	5.83858504432
0.5427973973702365	0.4746004	5.82343512587
0.5445427266222308	0.4520945	5.80944425049
0.5462880558742251	0.4413766	5.80927371976
0.5480333851262195	0.4314995	5.80372348504
0.5497787143782138	0.419061	5.78930111427
0.5515240436302082	0.4258884	5.79200145707
0.5532693728822025	0.4409137	5.79771862729
0.5550147021341968	0.4319284	5.77239763665
0.5567600313861911	0.4135616	5.73633499977
0.5585053606381855	0.4093306	5.71486365533
0.5602506898901798	0.3991191	5.68696605592
0.5619960191421741	0.3683061	5.64292689722
0.5637413483941685	0.3363608	5.6025907505
0.5654866776461628	0.3078017	5.5631305194
0.5672320068981571	0.2756252	5.5200323255
0.5689773361501516	0.2516342	5.49321414834
0.5707226654021459	0.2381005	5.47938683977
0.57246799465414	0.2177162	5.45346270311
0.5742133239061344	0.1975781	5.42878805463
0.5759586531581288	0.194551	5.42655241331
0.5777039824101231	0.1943044	5.42693034389
0.5794493116621174	0.1804162	5.41361448932
0.5811946409141118	0.1649375	5.40110255008
0.5829399701661061	0.1534668	5.38877911713
0.5846852994181004	0.1368387	5.3667394626
0.5864306286700948	0.1178844	5.34538846547
0.5881759579220891	0.1022274	5.32544079558
0.5899212871740833	0.08329878	5.28971802163
0.5916666164260777	0.06503689	5.24883829992
0.593411945678072	0.05812558	5.22304493885
0.5951572749300664	0.05647435	5.20043409221
0.5969026041820608	0.05148438	5.16931475129
0.598647933434055	0.04979087	5.14468462257
0.6003932626860494	0.05244354	5.12948883598
0.6021385919380438	0.05281202	5.11464702628
0.6038839211900381	0.05276068	5.10673148494
0.6056292504420324	0.05351652	5.10602215275
0.6073745796940266	0.04801353	5.09574579107
0.609119908946021	0.0402466	5.0812255057
0.6108652381980153	0.03901216	5.07782904454
0.6126105674500096	0.03984866	5.07280382908
0.614355896702004	0.03852858	5.05257146388
0.6161012259539983	0.04201942	5.03043861162
0.6178465552059926	0.04977197	5.01100588649
0.6195918844579871	0.05767132	4.98592900611
0.6213372137099814	0.07067722	4.96191012362
0.6230825429619757	0.08708276	4.94301573845
0.62482787221397	0.09509993	4.91630821927
0.6265732014659643	0.09940248	4.88821679528
0.6283185307179586	0.1106831	4.8765097463
0.630063859969953	0.120821	4.87006981894
0.6318091892219473	0.1222049	4.85323517087
0.6335545184739416	0.1250944	4.83946209402
0.635299847725936	0.1323819	4.83549822974
0.6370451769779303	0.1390207	4.82881392292
0.6387905062299246	0.151121	4.82029661536
0.6405358354819191	0.1700471	4.8147568006
0.6422811647339132	0.1829945	4.79959531459
0.6440264939859075	0.1942663	4.77724489754
0.6457718232379019	0.217917	4.76527474254
0.6475171524898963	0.2426566	4.75413349619
0.6492624817418906	0.2527618	4.72584982412
0.6510078109938849	0.2602621	4.69608083343
0.6527531402458793	0.273782	4.67896135456
0.6544984694978736	0.2823247	4.66086758591
0.6562437987498679	0.2855624	4.63805644676
0.6579891280018623	0.2914614	4.62148180061
0.6597344572538565	0.2928988	4.60495715105
0.6614797865058508	0.2908821	4.58593739936
0.6632251157578453	0.3005858	4.57874068137
0.6649704450098396	0.3152095	4.57703505684
0.6667157742618339	0.3165107	4.56061957725
0.6684611035138281	0.316528	4.54166174775
0.6702064327658226	0.3302172	4.53722774661
0.6719517620178169	0.3421899	4.5308484916
0.6736970912698113	0.3416366	4.51031770266
0.6754424205218056	0.3412616	4.49038594138
0.6771877497737998	0.3422095	4.47316904307
0.6789330790257941	0.3372163	4.45020531099
0.6806784082777886	0.3340886	4.4297473276
0.6824237375297829	0.3342051	4.41367361071
0.6841690667817772	0.3242108	4.38735729967
0.6859143960337715	0.3117821	4.35909253116
0.6876597252857658	0.3138374	4.34749774827
0.6894050545377601	0.3182635	4.33952280825
0.6911503837897546	0.309706	4.31906245001
0.6928957130417489	0.302396	4.30200648056
0.6946410422937431	0.3052147	4.29742507092
0.6963863715457375	0.3050993	4.29142153525
0.6981317007977319	0.299479	4.28240023847
0.6998770300497262	0.2957698	4.2772730583
0.7016223593017206	0.2879793	4.26729773465
0.7033676885537148	0.2757533	4.25253065496
0.7051130178057091	0.2708396	4.2462849686
0.7068583470577035	0.2676454	4.24032645864
0.7086036763096978	0.2526577	4.21886192873
0.7103490055616921	0.2378423	4.19591489593
0.7120943348136864	0.2361344	4.18517116548
0.7138396640656808	0.2347427	4.17269067664
0.7155849933176751	0.224962	4.15152219537
0.7173303225696696	0.2178237	4.13410487785
0.7190756518216639	0.2147818	4.12030339895
0.7208209810736581	0.2088133	4.10488542245
0.7225663103256524	0.2036897	4.09554576077
0.7243116395776468	0.200018	4.09082090335
0.7260569688296411	0.1884719	4.07792810659
0.7278022980816354	0.1740314	4.06451856891
0.7295476273336298	0.1677406	4.06321187344
0.7312929565856241	0.1614008	4.06183240037
0.7330382858376184	0.1453946	4.04916815783
0.7347836150896128	0.1302829	4.03698055248
0.7365289443416072	0.1227552	4.02984014597
0.7382742735936013	0.1147376	4.01894141497
0.7400196028455956	0.1046377	4.00593466499
0.7417649320975901	0.09766813	3.99480854321
0.7435102613495844	0.09064269	3.97862125091
0.7452555906015788	0.08263561	3.96049128074
0.7470009198535731	0.0791292	3.95112053421
0.7487462491055674	0.07678031	3.94374927133
0.7504915783575618	0.06833482	3.92832413008
0.7522369076095561	0.0594451	3.91483662411
0.7539822368615504	0.05565465	3.91014369983
0.7557275661135446	0.05101246	3.90499341194
0.757472895365539	0.04266844	3.89682710345
0.7592182246175333	0.03597781	3.89120320501
0.7609635538695276	0.03103398	3.8842193121
0.7627088831215221	0.02589867	3.87435056632
0.7644542123735163	0.02323586	3.86819951088
0.7661995416255106	0.0227318	3.86197061405
0.7679448708775051	0.02050827	3.8468500729
0.7696902001294994	0.01920652	3.83022056916
0.7714355293814937	0.02160779	3.81958855151
0.773180858633488	0.023997	3.80737512846
0.7749261878854823	0.02471008	3.79031421833
0.7766715171374766	0.02647783	3.77578696151
0.778416846389471	0.0278643	3.76325507201
0.7801621756414654	0.02813091	3.75020788037
0.7819075048934596	0.03068319	3.7419809875
0.783652834145454	0.03429083	3.73718939755
0.7853981633974483	0.03465994	3.72760647644
0.7871434926494427	0.03574966	3.71853825425
0.7888888219014369	0.04155185	3.71739028391
0.7906341511534312	0.04781237	3.7156818752
0.7923794804054256	0.05254513	3.70690175978
0.7941248096574199	0.05947038	3.69858427717
0.7958701389094143	0.06707635	3.69196820777
0.7976154681614087	0.07363258	3.68163957816
0.7993607974134028	0.0829837	3.67055802767
0.8011061266653973	0.0933637	3.6602774745
0.8028514559173917	0.09790958	3.6442186312
0.8045967851693859	0.1013306	3.62672416333
0.8063421144213804	0.1107307	3.61731735136
0.8080874436733746	0.1193885	3.60913942866
0.8098327729253689	0.1213961	3.59390618297
0.8115781021773633	0.1245512	3.5813950224
0.8133234314293576	0.1320878	3.57732613165
0.815068760681352	0.1383572	3.57293855078
0.8168140899333463	0.1442406	3.56635956268
0.8185594191853405	0.1526245	3.56260684756
0.8203047484373349	0.1585084	3.55735514725
0.8220500776893291	0.1632773	3.54939927151
0.8237954069413236	0.1744365	3.54573405583
0.8255407361933178	0.1862094	3.54168398102
0.8272860654453121	0.1891127	3.52726300668
0.8290313946973066	0.1915743	3.5111475125
0.8307767239493009	0.2015051	3.50288588401
0.8325220532012952	0.2092508	3.49273793625
0.8342673824532895	0.2093298	3.47471559476
0.8360127117052839	0.210308	3.4591638698
0.8377580409572781	0.213408	3.44859716955
0.8395033702092726	0.2136607	3.43718993905
0.8412486994612668	0.2143755	3.42802484129
0.8429940287132611	0.2165837	3.42278333651
0.8447393579652556	0.2134931	3.41411442835
0.8464846872172498	0.2092606	3.40544188585
0.8482300164692442	0.2127456	3.40551190446
0.8499753457212387	0.2163231	3.40582283014
0.8517206749732327	0.2110354	3.39638263471
0.8534660042252271	0.2066345	3.38706456334
0.8552113334772216	0.2096913	3.38434305438
0.8569566627292158	0.2105958	3.37810948461
0.8587019919812102	0.205804	3.36532287485
0.8604473212332044	0.2025073	3.35359438585
0.8621926504851988	0.1998367	3.34164393821
0.8639379797371932	0.1945877	3.32728054182
0.8656833089891874	0.1911183	3.31654523617
0.8674286382411819	0.1883842	3.30779042923
0.8691739674931761	0.1795659	3.29331117733
0.8709192967451703	0.1701831	3.28014543529
0.8726646259971648	0.167965	3.27679277183
0.8744099552491592	0.1651939	3.27403226733
0.8761552845011534	0.1552126	3.26475141174
0.8779006137531478	0.1468269	3.25820233918
0.8796459430051422	0.1442381	3.25742870794
0.8813912722571364	0.1401299	3.2546514385
0.8831366015091309	0.1332844	3.24973698178
0.8848819307611251	0.1282355	3.24600568046
0.8866272600131193	0.1227633	3.23909177937
0.8883725892651138	0.1160112	3.22988856936
0.890117918517108	0.1123085	3.22478925287
0.8918632477691024	0.1090874	3.21902143722
0.8936085770210968	0.1007771	3.20558683465
0.895353906273091	0.09279144	3.19252776983
0.8970992355250854	0.09034261	3.18613564184
0.8988445647770799	0.08717887	3.17859682339
0.9005898940290741	0.0796051	3.1666903078
0.9023352232810685	0.07366994	3.15751451528
0.9040805525330627	0.07073889	3.15129087788
0.905825881785057	0.0667282	3.14442515269
0.9075712110370514	0.06236526	3.1397035431
0.9093165402890457	0.05917907	3.13691565094
0.9110618695410401	0.05439018	3.13064583871
0.9128071987930344	0.04921417	3.12442078849
0.9145525280450286	0.04711599	3.12366481123
0.9162978572970231	0.04497577	3.12196918708
0.9180431865490173	0.03943495	3.11402624504
0.9197885158010117	0.03486816	3.10666857749
0.921533845053006	0.03357932	3.10261588741
0.9232791743050003	0.03176365	3.09608456147
0.9250245035569946	0.02869205	3.08690827145
0.9267698328089891	0.02705351	3.07864855737
0.9285151620609834	0.02580707	3.06906556859
0.9302604913129776	0.02427315	3.05861457454
0.932005820564972	0.02442063	3.05189495587
0.9337511498169663	0.02494586	3.04610900972
0.9354964790689607	0.02312486	3.03653861457
0.9372418083209549	0.02166887	3.02893054567
0.9389871375729493	0.02269575	3.02757133345
0.9407324668249436	0.02316587	3.02635569143
0.9424777960769379	0.02201239	3.02259197743
0.9442231253289324	0.02199548	3.02122156994
0.9459684545809267	0.02277671	3.02177518566
0.9477137838329208	0.0233584	3.02102192132
0.9494591130849153	0.02552137	3.02078134285
0.9512044423369097	0.0286366	3.02040984891
0.9529497715889039	0.02986911	3.0153447783
0.9546951008408984	0.03162216	3.00867701354
0.9564404300928926	0.03658853	3.00503428263
0.9581857593448869	0.04113243	2.999217415
0.9599310885968813	0.04280793	2.98729567132
0.9616764178488756	0.04524059	2.97587846076
0.96342174710087	0.04918632	2.96789478922
0.9651670763528643	0.05193799	2.95877741221
0.9669124056048585	0.0542837	2.94892813301
0.9686577348568529	0.05733319	2.94189523687
0.9704030641088474	0.05870971	2.93568968131
0.9721483933608416	0.05985721	2.93060952607
0.9738937226128359	0.06437012	2.93065679337
0.9756390518648302	0.06901809	2.93249944649
0.9773843811168246	0.06989668	2.93072167008
0.979129710368819	0.07183638	2.93035766155
0.9808750396208132	0.07797359	2.93525888741
0.9826203688728075	0.08305559	2.93826352099
0.9843656981248019	0.08498629	2.93567297396
0.9861110273767961	0.08805324	2.93317726879
0.9878563566287906	0.09209568	2.93130341938
0.9896016858807848	0.09457695	2.92599194464
0.9913470151327791	0.09728141	2.91889253211
0.9930923443847736	0.1001922	2.91144430203
0.9948376736367678	0.09981975	2.90043041493
0.9965830028887622	0.09900397	2.88872980175
0.9983283321407567	0.1020833	2.88170446118
1.0000736613927508	0.1043384	2.87485300443
1.0018189906447452	0.1015916	2.8635851713
1.0035643198967397	0.1000381	2.85499852344
1.0053096491487339	0.1029488	2.85305135531
1.0070549784007283	0.1044706	2.85078969791
1.0088003076527225	0.1029455	2.84583860367
1.0105456369047168	0.102973	2.8433129015
1.0122909661567112	0.1040694	2.84235104222
1.0140362954087054	0.1039609	2.83966675355
1.0157816246606999	0.1047501	2.83724759541
1.017526953912694	0.1058754	2.83430472056
1.0192722831646883	0.1036351	2.82639086306
1.0210176124166828	0.1012292	2.81710441588
1.0227629416686772	0.1027454	2.81131399053
1.0245082709206714	0.1031244	2.80343856481
1.0262536001726656	0.09854684	2.78946795426
1.02799892942466	0.09511967	2.77687580349
1.0297442586766543	0.09558606	2.76914514608
1.0314895879286488	0.09450244	2.76048544999
1.0332349171806432	0.09081769	2.75027867153
1.0349802464326374	0.08868021	2.74329494414
1.0367255756846319	0.08738287	2.73843894443
1.038470904936626	0.08525584	2.73413100869
1.0402162341886205	0.08442554	2.73303350797
1.041961563440615	0.08399386	2.7331872977
1.043706892692609	0.0806461	2.72993107793
1.0454522219446034	0.07753569	2.72703572469
1.0471975511965979	0.07798874	2.7280824367
1.048942880448592	0.07731908	2.7265570607
1.0506882097005865	0.0725718	2.71855261533
1.0524335389525807	0.06901174	2.71026764881
1.054178868204575	0.06850404	2.70357429891
1.0559241974565694	0.06673312	2.69342026689
1.0576695267085636	0.0633998	2.680093415
1.059414855960558	0.06151689	2.66727838484
1.0611601852125523	0.06003032	2.65382143358
1.0629055144645467	0.05828182	2.64025504365
1.064650843716541	0.05838011	2.63038544827
1.0663961729685354	0.05877793	2.62228969154
1.0681415022205298	0.0565155	2.61258398541
1.069886831472524	0.05474844	2.6063025375
1.0716321607245185	0.05599831	2.60694847077
1.0733774899765127	0.05598312	2.60851847439
1.0751228192285072	0.05260972	2.60797728786
1.0768681484805014	0.05017887	2.61030021516
1.0786134777324956	0.04967611	2.61565971667
1.08035880698449	0.04806815	2.61918343936
1.0821041362364843	0.04589069	2.62078588281
1.0838494654884787	0.04499434	2.62162562792
1.085594794740473	0.04400676	2.61894494251
1.0873401239924672	0.04345333	2.61344006338
1.0890854532444616	0.04557026	2.60825015313
1.0908307824964558	0.04806066	2.60031943005
1.0925761117484503	0.04816526	2.58665046754
1.0943214410004447	0.04920058	2.57294323818
1.096066770252439	0.05301833	2.56282183636
1.0978120995044334	0.05530316	2.55157042914
1.0995574287564276	0.05437955	2.53812786344
1.101302758008422	0.05384341	2.52807442899
1.1030480872604165	0.0540066	2.52214528563
1.1047934165124107	0.05256406	2.517480516
1.106538745764405	0.05051388	2.5152799965
1.1082840750163994	0.04900781	2.51618794835
1.1100294042683936	0.04666468	2.51735213032
1.111774733520388	0.0449158	2.5199518863
1.1135200627723822	0.04619386	2.52633467407
1.1152653920243765	0.04796061	2.53201117114
1.117010721276371	0.04782058	2.53317395053
1.1187560505283651	0.04927941	2.53427279674
1.1205013797803596	0.05383614	2.53713620797
1.1222467090323538	0.05719564	2.53622647416
1.1239920382843482	0.05780865	2.53007929875
1.1257373675363425	0.05868291	2.52301823403
1.127482696788337	0.05963239	2.51506534943
1.1292280260403311	0.05846541	2.50413782812
1.1309733552923256	0.05604959	2.49210731622
1.13271868454432	0.05317505	2.4798001692
1.1344640137963142	0.04862943	2.4654666866
1.1362093430483085	0.04401318	2.4518725523
1.1379546723003031	0.04163563	2.44237721688
1.1397000015522971	0.03945716	2.43372436153
1.1414453308042918	0.03587373	2.42372355898
1.143190660056286	0.03423154	2.41744199788
1.14493598930828	0.03579719	2.41677241913
1.1466813185602747	0.03707879	2.41695203079
1.1484266478122689	0.03700008	2.41685578262
1.1501719770642633	0.03783564	2.41962471735
1.1519173063162575	0.03903706	2.42413775118
1.1536626355682518	0.03879501	2.42786791239
1.1554079648202462	0.03771494	2.43149517538
1.1571532940722404	0.0359538	2.43399460394
1.1588986233242349	0.0323426	2.43248484323
1.160643952576229	0.02837126	2.42883307982
1.1623892818282235	0.02582087	2.42517299419
1.1641346110802178	0.02303364	2.41780765804
1.1658799403322122	0.0191558	2.40490703911
1.1676252695842066	0.01699233	2.39141059257
1.1693705988362009	0.01734085	2.3793662979
1.171115928088195	0.01795331	2.36569204521
1.1728612573401895	0.01859985	2.35101767388
1.1746065865921838	0.0204525	2.33908006344
1.1763519158441782	0.02244761	2.32980252608
1.1780972450961724	0.02397026	2.32272821417
1.1798425743481666	0.02588784	2.31974279073
1.181587903600161	0.02707279	2.31979104576
1.1833332328521553	0.02602854	2.32022319655
1.18507856210415	0.02495707	2.32315587321
1.186823891356144	0.02545526	2.32989791903
1.1885692206081382	0.02526843	2.33548945457
1.1903145498601329	0.02381637	2.33708141106
1.192059879112127	0.02410162	2.33812529175
1.1938052083641215	0.02659816	2.3388714926
1.1955505376161157	0.02941455	2.33517395702
1.19729586686811	0.03292857	2.32698277856
1.1990411961201044	0.03773114	2.31699954322
1.2007865253720988	0.04218187	2.30471206365
1.2025318546240933	0.04651152	2.29051364522
1.2042771838760875	0.05200314	2.27729462779
1.2060225131280817	0.05616745	2.26459295121
1.2077678423800762	0.05678295	2.25105111719
1.2095131716320704	0.05718556	2.24091075221
1.2112585008840648	0.05932173	2.23707588099
1.213003830136059	0.05952071	2.23531390973
1.2147491593880533	0.05685259	2.23365139539
1.2164944886400477	0.05578829	2.23655617671
1.218239817892042	0.05733772	2.24434245338
1.2199851471440364	0.05867412	2.25187287619
1.2217304763960306	0.06024122	2.25805473948
1.2234758056480248	0.0638476	2.26466247431
1.2252211349000193	0.06808741	2.26967607379
1.2269664641520137	0.07250681	2.27148123928
1.228711793404008	0.07834699	2.27136837972
1.2304571226560024	0.08328558	2.26784373703
1.2322024519079966	0.08461447	2.25867214667
1.233947781159991	0.08531909	2.24756167822
1.2356931104119853	0.08731795	2.23758605553
1.23743843966398	0.08622375	2.22508974177
1.2391837689159741	0.08047625	2.20908336042
1.2409290981679681	0.07533135	2.19578282812
1.2426744274199628	0.07246862	2.18738232234
1.244419756671957	0.06812729	2.17988826172
1.2461650859239515	0.06252106	2.17343813389
1.2479104151759457	0.05940024	2.17180888699
1.24965574442794	0.05848366	2.17419661052
1.2514010736799344	0.05812128	2.178412366
1.2531464029319286	0.0593013	2.1851609434
1.254891732183923	0.06152389	2.19321007082
1.2566370614359172	0.06256525	2.199537346
1.2583823906879115	0.06373577	2.20548131276
1.260127719939906	0.0663306	2.21227269879
1.2618730491919004	0.06677053	2.21542303836
1.2636183784438946	0.06315037	2.21261879734
1.265363707695889	0.05944363	2.20844072732
1.2671090369478832	0.05706186	2.20443247407
1.2688543661998777	0.05241256	2.19657175846
1.270599695451872	0.04540975	2.18508710083
1.2723450247038663	0.0400111	2.17462792573
1.2740903539558606	0.0365874	2.16576077358
1.2758356832078548	0.0333298	2.15712695817
1.2775810124598492	0.03118802	2.15047432283
1.2793263417118435	0.03093784	2.14660999073
1.2810716709638381	0.03117591	2.14399587088
1.2828170002158321	0.03236517	2.14394541626
1.2845623294678263	0.03544911	2.14779800575
1.286307658719821	0.0378856	2.15185922276
1.288052987971815	0.03788524	2.15361291321
1.2897983172238097	0.03807279	2.15623232178
1.2915436464758039	0.0392864	2.16020260779
1.293288975727798	0.0383772	2.1608155802
1.2950343049797925	0.03500215	2.15716371131
1.296779634231787	0.03233922	2.15282305216
1.2985249634837812	0.0307126	2.14783186771
1.3002702927357757	0.02861396	2.14031837566
1.3020156219877699	0.027015	2.13178940845
1.3037609512397643	0.02688526	2.12369646329
1.3055062804917585	0.02723569	2.11529454736
1.307251609743753	0.02864835	2.10821109709
1.3089969389957472	0.03215003	2.10448517646
1.3107422682477414	0.03550732	2.10168785921
1.3124875974997359	0.03699891	2.09806833853
1.31423292675173	0.03900302	2.09698014225
1.3159782560037245	0.04220096	2.0991745153
1.3177235852557188	0.04320611	2.09994737069
1.319468914507713	0.04131137	2.09791852694
1.3212142437597074	0.039665	2.09634350252
1.3229595730117016	0.03862109	2.09483702987
1.324704902263696	0.03620022	2.09035019913
1.3264502315156905	0.03319634	2.08350426148
1.3281955607676847	0.03130037	2.07598956294
1.3299408900196792	0.02997276	2.06709793976
1.3316862192716734	0.02939981	2.05770698305
1.3334315485236679	0.03070406	2.0499634991
1.335176877775662	0.03251349	2.04270292815
1.3369222070276563	0.03334387	2.0349587154
1.338667536279651	0.03511798	2.03030045052
1.3404128655316452	0.03848132	2.03026301796
1.3421581947836396	0.0401478	2.03099609636
1.3439035240356338	0.03903697	2.03132771586
1.345648853287628	0.03806563	2.03471614704
1.3473941825396225	0.03757596	2.04083950911
1.3491395117916167	0.03502966	2.04564931229
1.3508848410436112	0.03080702	2.04863723273
1.3526301702956054	0.02724739	2.05127651049
1.3543754995475996	0.02425171	2.05211377125
1.356120828799594	0.02133889	2.04999529892
1.3578661580515883	0.01960693	2.04588204467
1.3596114873035827	0.01898597	2.03898604111
1.3613568165555772	0.01853571	2.02821782225
1.3631021458075714	0.01942063	2.01630251046
1.3648474750595658	0.02226175	2.00520553851
1.36659280431156	0.02466216	1.99263000054
1.3683381335635545	0.02551445	1.97852243377
1.3700834628155487	0.02687341	1.96737352878
1.371828792067543	0.02882736	1.96048185688
1.3735741213195374	0.02891599	1.95513644246
1.3753194505715316	0.02712162	1.95174795331
1.3770647798235263	0.02540619	1.95299793261
1.3788101090755203	0.02365622	1.95809858707
1.3805554383275145	0.02125659	1.96516111961
1.3823007675795091	0.01924426	1.97432517205
1.3840460968315031	0.01796908	1.98452844385
1.3857914260834978	0.01686082	1.99343629578
1.387536755335492	0.01708055	2.00138307933
1.3892820845874863	0.01947325	2.00854755092
1.3910274138394807	0.02211892	2.01153569581
1.392772743091475	0.02404239	2.00880132573
1.3945180723434694	0.02717866	2.00350053005
1.3962634015954638	0.03157743	1.99653709959
1.398008730847458	0.03455957	1.98511769169
1.3997540600994525	0.03574533	1.96995602087
1.4014993893514467	0.03695272	1.95517308639
1.4032447186034411	0.03785071	1.94167598809
1.4049900478554354	0.03728	1.9286059775
1.4067353771074296	0.03605163	1.91769889076
1.408480706359424	0.03477584	1.91045691124
1.4102260356114182	0.03294887	1.90618425209
1.4119713648634127	0.03165619	1.90550877641
1.413716694115407	0.0320768	1.90920322114
1.4154620233674011	0.03266527	1.91459074879
1.4172073526193956	0.03259991	1.91957498533
1.4189526818713898	0.03427329	1.92605535867
1.4206980111233842	0.03815972	1.9338393761
1.4224433403753785	0.04116822	1.93849096277
1.424188669627373	0.04261447	1.93880475945
1.4259339988793673	0.04498399	1.93791223911
1.4276793281313616	0.04801536	1.93579552942
1.429424657383356	0.04921832	1.9297672867
1.4311699866353502	0.04885786	1.92077196817
1.4329153158873444	0.04847452	1.91151027365
1.434660645139339	0.04754021	1.90199383561
1.436405974391333	0.04581675	1.89236792979
1.4381513036433278	0.04440594	1.88436531958
1.439896632895322	0.04291802	1.87776877582
1.4416419621473162	0.04066034	1.87171104341
1.4433872913993107	0.0395027	1.86823567133
1.4451326206513049	0.04037666	1.86816940692
1.4468779499032993	0.04081079	1.8681589237
1.4486232791552935	0.04006084	1.86692522213
1.4503686084072878	0.04089306	1.86744463122
1.4521139376592822	0.0434625	1.86961246836
1.4538592669112764	0.04461317	1.86951577274
1.4556045961632709	0.04410757	1.86688295026
1.457349925415265	0.04436659	1.86458700985
1.4590952546672595	0.04500204	1.86222287847
1.460840583919254	0.04415768	1.85790720521
1.4625859131712482	0.04244403	1.85263932518
1.4643312424232426	0.0408707	1.84753480501
1.4660765716752369	0.03884956	1.84191453893
1.467821900927231	0.03671742	1.83655252148
1.4695672301792255	0.03543401	1.83265708483
1.4713125594312197	0.03400082	1.82860652493
1.4730578886832144	0.03177179	1.82350011893
1.4748032179352084	0.03072298	1.81998075471
1.4765485471872026	0.0313995	1.81862130822
1.4782938764391973	0.03133055	1.81607912942
1.4800392056911913	0.03009756	1.81188253192
1.481784534943186	0.03012494	1.8092067441
1.4835298641951802	0.03131937	1.80792652442
1.4852751934471744	0.03128153	1.8051532911
1.4870205226991688	0.0301698	1.80130347348
1.488765851951163	0.02968658	1.79847142822
1.4905111812031575	0.02935563	1.79603545907
1.4922565104551517	0.02824391	1.79316042607
1.4940018397071462	0.02700621	1.79080401132
1.4957471689591406	0.0258067	1.78876245425
1.4974924982111348	0.02407675	1.7861688762
1.4992378274631293	0.02264951	1.78446530666
1.5009831567151235	0.02216665	1.78442093228
1.5027284859671177	0.02124476	1.78362247785
1.5044738152191122	0.01948305	1.78136777099
1.5062191444711064	0.01876026	1.78040649106
1.5079644737231008	0.01928056	1.78084562679
1.509709802975095	0.01905114	1.77951006247
1.5114551322270893	0.01807684	1.77630079697
1.5132004614790837	0.01811236	1.77376661311
1.514945790731078	0.01885944	1.77142418938
1.5166911199830724	0.01898386	1.76728888976
1.5184364492350666	0.01889732	1.76207020899
1.520181778487061	0.01920307	1.75689485789
1.5219271077390553	0.01931681	1.75118464634
1.5236724369910497	0.01934685	1.74539407451
1.5254177662430441	0.01983305	1.74071762133
1.5271630954950384	0.0198903	1.73630631295
1.5289084247470326	0.01901938	1.73178468029
1.5306537539990273	0.01869407	1.72959769957
1.5323990832510213	0.01926674	1.73047666255
1.534144412503016	0.01894199	1.73175923615
1.5358897417550101	0.01764021	1.73309585263
1.5376350710070041	0.0173365	1.73714410057
1.5393804002589988	0.01799578	1.74341130557
1.541125729510993	0.01799231	1.74865155445
1.5428710587629875	0.01768845	1.7526032433
1.5446163880149817	0.01831624	1.75670836863
1.546361717266976	0.01939403	1.75975074496
1.5481070465189704	0.02037863	1.76006843192
1.5498523757709646	0.02178631	1.75813424725
1.551597705022959	0.02325859	1.75398617294
1.5533430342749532	0.02410112	1.74696526667
1.5550883635269477	0.02525184	1.73842818169
1.556833692778942	0.02711571	1.72968981639
1.5585790220309363	0.02790938	1.71954465307
1.5603243512829308	0.02723157	1.70823181622
1.562069680534925	0.02722309	1.69915388145
1.5638150097869192	0.02806696	1.69327180141
1.5655603390389137	0.0275325	1.68811389141
1.567305668290908	0.02582051	1.6839810547
1.5690509975429023	0.0252411	1.68384561162
1.5707963267948966	0.025627	1.68718952082
1.5725416560468908	0.02535626	1.69108461964
1.5742869852988854	0.0250029	1.69547746118
1.5760323145508797	0.02568878	1.70137396146
1.5777776438028739	0.02680213	1.70729106513
1.579522973054868	0.02801225	1.71178505072
1.5812683023068623	0.02983939	1.71506185548
1.583013631558857	0.03153695	1.71634251859
1.5847589608108512	0.03235775	1.71463837855
1.5865042900628454	0.03353479	1.71131767991
1.5882496193148399	0.03538448	1.70717891765
1.589994948566834	0.03579117	1.70033482687
1.5917402778188285	0.03446855	1.69088405071
1.593485607070823	0.03386412	1.68219116173
1.5952309363228174	0.03409685	1.67492948327
1.5969762655748114	0.03278673	1.66660664036
1.5987215948268056	0.03031219	1.65787395591
1.6004669240788003	0.02917832	1.65194732495
1.6022122533307945	0.02915425	1.64860397268
1.6039575825827892	0.02852716	1.64559038534
1.6057029118347834	0.02792427	1.64351391831
1.6074482410867772	0.02850654	1.64374997661
1.6091935703387719	0.02959041	1.64529059594
1.610938899590766	0.03071789	1.64726785036
1.6126842288427607	0.03234118	1.65008714381
1.614429558094755	0.03374983	1.65286144838
1.6161748873467492	0.0342108	1.6545292122
1.6179202165987434	0.03483004	1.65619485208
1.6196655458507379	0.03586991	1.65804929878
1.6214108751027323	0.03538827	1.65760775212
1.6231562043547265	0.03322064	1.65445250774
1.624901533606721	0.03170664	1.65123613871
1.6266468628587152	0.03096184	1.64796909711
1.6283921921107094	0.02883026	1.64190734232
1.630137521362704	0.02578721	1.63359733537
1.6318828506146983	0.02422056	1.62607337424
1.6336281798666925	0.02388747	1.6192473567
1.6353735091186867	0.02315804	1.61142304619
1.637118838370681	0.0226202	1.60376491323
1.6388641676226756	0.02336241	1.59813107443
1.6406094968746698	0.02468865	1.59418260515
1.642354826126664	0.02602626	1.59173701069
1.6441001553786583	0.02771819	1.59165786595
1.6458454846306525	0.02916574	1.59342574132
1.6475908138826472	0.02968895	1.59625459989
1.6493361431346414	0.0301485	1.60116434159
1.6510814723866356	0.03074041	1.60805995812
1.6528268016386303	0.02984856	1.61424732337
1.6545721308906243	0.02740623	1.61891247993
1.6563174601426187	0.02543918	1.62392710675
1.6580627893946132	0.02405276	1.62860881302
1.6598081186466074	0.0214759	1.62983703396
1.6615534478986018	0.01822772	1.62768671012
1.6632987771505963	0.01637933	1.62455698548
1.6650441064025905	0.01570115	1.62003988977
1.6667894356545847	0.01482114	1.61245847924
1.668534764906579	0.01427663	1.60298890922
1.6702800941585736	0.0149632	1.59355730553
1.6720254234105678	0.01623768	1.58415932435
1.673770752662562	0.01758994	1.5750381427
1.6755160819145563	0.01927991	1.567492087
1.6772614111665505	0.02074832	1.56159578229
1.6790067404185451	0.02141361	1.55717482284
1.6807520696705394	0.022008	1.55563445551
1.6824973989225336	0.02266092	1.55727139681
1.684242728174528	0.02199593	1.55994056044
1.6859880574265222	0.02002372	1.56314905131
1.6877333866785167	0.01847861	1.56869494092
1.6894787159305111	0.01741031	1.5758363397
1.6912240451825054	0.01535183	1.58148706965
1.6929693744344996	0.01282246	1.5854637663
1.6947147036864938	0.01153842	1.5895996741
1.6964600329384885	0.01124247	1.59296553083
1.6982053621904827	0.01083057	1.59340044869
1.6999506914424773	0.01079299	1.59147887583
1.7016960206944716	0.01176319	1.58852862588
1.7034413499464653	0.01315059	1.58405529842
1.70518667919846	0.01465527	1.5778483897
1.7069320084504542	0.01650381	1.57091616379
1.708677337702449	0.01803527	1.56333926925
1.7104226669544431	0.01878165	1.55505954148
1.7121679962064373	0.01960529	1.54760614297
1.7139133254584316	0.02060614	1.54166709439
1.7156586547104258	0.02038156	1.53577555374
1.7174039839624204	0.01901741	1.53008058537
1.7191493132144147	0.01827534	1.52691326331
1.7208946424664089	0.01813085	1.52612950618
1.7226399717184033	0.01704664	1.52522271638
1.7243853009703975	0.01554211	1.52442583192
1.726130630222392	0.01532932	1.52584258166
1.7278759594743864	0.01606075	1.52859502944
1.7296212887263807	0.01650435	1.53028052429
1.7313666179783749	0.01713903	1.53121473507
1.733111947230369	0.01867132	1.53254470125
1.7348572764823638	0.02048134	1.53329134001
1.736602605734358	0.02216815	1.53246544138
1.7383479349863522	0.02400599	1.53062739612
1.7400932642383464	0.02547081	1.52776403866
1.7418385934903406	0.02612033	1.52346882973
1.7435839227423353	0.0268018	1.5187607444
1.7453292519943295	0.02768459	1.51430351028
1.7470745812463238	0.02739551	1.5089326118
1.7488199104983184	0.02602163	1.50287669282
1.7505652397503124	0.02543324	1.49849323438
1.7523105690023069	0.02561111	1.49591705318
1.7540558982543013	0.02476579	1.49290304714
1.7558012275062955	0.02338712	1.48986061448
1.75754655675829	0.02351981	1.48920557383
1.7592918860102844	0.02475526	1.49021136889
1.7610372152622786	0.0253004	1.49024245018
1.7627825445142729	0.02564181	1.48966369462
1.764527873766267	0.02710654	1.49012205744
1.7662732030182617	0.02899341	1.49061505718
1.768018532270256	0.03016393	1.48954709566
1.7697638615222502	0.03101946	1.48756401632
1.7715091907742444	0.0318556	1.48536651429
1.7732545200262386	0.03211681	1.48244070288
1.7749998492782333	0.03188253	1.47905332635
1.7767451785302275	0.03152152	1.47597521517
1.7784905077822217	0.03041856	1.47267703373
1.780235837034216	0.02849572	1.46912188043
1.7819811662862104	0.02702749	1.46692345526
1.7837264955382048	0.02618504	1.46620843998
1.785471824790199	0.02459412	1.46497315319
1.7872171540421935	0.02256332	1.46329792554
1.7889624832941877	0.0219372	1.46324512254
1.790707812546182	0.02245115	1.46412955367
1.7924531417981766	0.02224472	1.46325291802
1.7941984710501708	0.02169502	1.46094079555
1.7959438003021653	0.02244781	1.45925808215
1.7976891295541597	0.02386541	1.45744335942
1.7994344588061535	0.02427541	1.45363320488
1.8011797880581482	0.02412157	1.44877490839
1.8029251173101424	0.02447334	1.44454197533
1.804670446562137	0.02469946	1.44054631901
1.8064157758141313	0.02397531	1.43635641495
1.8081611050661255	0.02281625	1.4329753572
1.8099064343181197	0.02158422	1.43079305503
1.811651763570114	0.01999468	1.42951665135
1.8133970928221086	0.01832293	1.42974515633
1.8151424220741028	0.01695551	1.43166154113
1.816887751326097	0.01540374	1.43386243024
1.8186330805780915	0.01369617	1.43601711693
1.8203784098300857	0.01287718	1.43941621779
1.8221237390820801	0.0129341	1.44348173339
1.8238690683340746	0.01261674	1.4458263183
1.8256143975860688	0.01208061	1.44651750709
1.827359726838063	0.01258329	1.44741365468
1.8291050560900572	0.0136984	1.44784732054
1.830850385342052	0.0139722	1.44580854956
1.8325957145940461	0.01375109	1.44211854606
1.8343410438460404	0.01414297	1.43870622725
1.8360863730980346	0.01461128	1.43508776904
1.8378317023500288	0.01416763	1.43021222749
1.8395770316020235	0.01331782	1.42509202369
1.8413223608540177	0.01270943	1.42076025724
1.843067690106012	0.01201215	1.41685223482
1.8448130193580066	0.01114136	1.41339722913
1.8465583486100006	0.0105399	1.41096222392
1.848303677861995	0.01002624	1.40907753728
1.8500490071139892	0.009490357	1.40751162183
1.8517943363659837	0.009659347	1.40730864758
1.8535396656179781	0.01061096	1.40841139998
1.8552849948699723	0.01126826	1.40908117643
1.8570303241219668	0.01167349	1.40933336039
1.858775653373961	0.01300078	1.41084227125
1.8605209826259552	0.01487789	1.41297089301
1.8622663118779499	0.01578097	1.41344370336
1.864011641129944	0.01605226	1.41270077694
1.8657569703819383	0.01701645	1.41258612544
1.8675022996339325	0.01812245	1.41222455871
1.8692476288859268	0.01808369	1.40969151996
1.8709929581379214	0.01748398	1.40577087089
1.8727382873899157	0.01734464	1.40197386425
1.8744836166419099	0.01723954	1.39775362094
1.876228945893904	0.01672645	1.39248987598
1.8779742751458985	0.01640146	1.38718863335
1.879719604397893	0.0164105	1.38246281808
1.8814649336498872	0.01648569	1.37818175725
1.8832102629018816	0.01711824	1.37504677867
1.8849555921538759	0.01853343	1.37363650273
1.88670092140587	0.01974697	1.37309215136
1.8884462506578648	0.02068405	1.37335243795
1.890191579909859	0.02259203	1.37576067191
1.8919369091618534	0.02512843	1.3798139228
1.8936822384138474	0.02643471	1.38315624473
1.8954275676658416	0.02685397	1.38581368878
1.8971728969178363	0.02824324	1.38950557239
1.8989182261698305	0.02996667	1.39309947281
1.9006635554218252	0.02997471	1.39386014329
1.9024088846738194	0.0289753	1.39228354536
1.9041542139258136	0.02888136	1.39037315681
1.9058995431778079	0.02901491	1.38728848346
1.907644872429802	0.02787702	1.38138171769
1.9093902016817967	0.02641528	1.37396114082
1.911135530933791	0.02596509	1.36690829231
1.9128808601857852	0.02588137	1.35990268504
1.9146261894377794	0.0254463	1.35258487407
1.9163715186897738	0.02531485	1.34618195602
1.9181168479417683	0.02570965	1.34137315711
1.9198621771937625	0.02617217	1.33795744004
1.921607506445757	0.02693172	1.33641903267
1.9233528356977512	0.02811041	1.33697884468
1.9250981649497454	0.02874179	1.33844653495
1.92684349420174	0.02874691	1.34053762557
1.9285888234537343	0.02931552	1.34435050571
1.9303341527057285	0.03018974	1.34920198316
1.9320794819577227	0.02974048	1.35275014708
1.933824811209717	0.02839758	1.35506790011
1.9355701404617116	0.02794723	1.35786224546
1.9373154697137058	0.02783785	1.36015154187
1.9390607989657	0.02628586	1.35960509382
1.9408061282176947	0.02415477	1.35711638585
1.9425514574696887	0.02334196	1.35489149203
1.9442967867216832	0.02315528	1.35221017709
1.9460421159736774	0.02202303	1.34747687384
1.9477874452256718	0.02075909	1.34195337079
1.9495327744776663	0.02066204	1.33744169753
1.9512781037296605	0.02097935	1.33343857183
1.953023432981655	0.02068883	1.329259401
1.9547687622336491	0.02038089	1.32591846489
1.9565140914856434	0.02053663	1.3240371603
1.958259420737638	0.02058758	1.32315332495
1.9600047499896323	0.02027327	1.32331376364
1.9617500792416265	0.01988423	1.32474519935
1.9634954084936207	0.01919029	1.32665108716
1.965240737745615	0.01807168	1.32871861405
1.9669860669976096	0.01708567	1.33167364149
1.9687313962496038	0.01626342	1.33499133601
1.970476725501598	0.01484494	1.33685974235
1.9722220547535922	0.01310991	1.33737038071
1.9739673840055865	0.01212454	1.33793166155
1.9757127132575811	0.01164872	1.3377894725
1.9774580425095754	0.01063437	1.33506879115
1.9792033717615696	0.009567751	1.33056386953
1.980948701013564	0.009552017	1.32616463112
1.9826940302655582	0.0100648	1.32127579141
1.9844393595175527	0.009986021	1.3145653588
1.9861846887695471	0.009796906	1.3072854911
1.9879300180215416	0.01033105	1.30120356529
1.9896753472735356	0.01101415	1.29593115533
1.9914206765255298	0.01106064	1.29082052284
1.9931660057775245	0.01090126	1.28688402011
1.9949113350295187	0.01094654	1.28485749241
1.9966566642815133	0.01081275	1.28426685959
1.9984019935335076	0.01031502	1.28494033662
2.0001473227855016	0.009780571	1.28709123411
2.0018926520374962	0.009154609	1.29008199404
2.0036379812894904	0.00837245	1.29343251066
2.0053833105414847	0.007860772	1.29750434696
2.0071286397934793	0.007686188	1.30178080495
2.0088739690454736	0.007253078	1.30467715071
2.0106192982974678	0.00676047	1.30621477385
2.012364627549462	0.007042711	1.30761018768
2.0141099568014567	0.007835861	1.30822564494
2.015855286053451	0.008147199	1.30639591662
2.017600615305445	0.008332038	1.30291468307
2.0193459445574393	0.009317903	1.29963434928
2.0210912738094335	0.01056786	1.29601284887
2.022836603061428	0.01102629	1.29073372337
2.0245819323134224	0.01119618	1.28505981649
2.0263272615654166	0.0119012	1.28078157813
2.028072590817411	0.01261086	1.2773501032
2.029817920069405	0.01264956	1.27382205873
2.0315632493213998	0.0125325	1.27114082345
2.033308578573394	0.01267392	1.27010959156
2.035053907825388	0.01274536	1.27003853171
2.036799237077383	0.01271992	1.27044750985
2.0385445663293766	0.01293579	1.27163037281
2.0402898955813713	0.01314359	1.27317796418
2.0420352248333655	0.01327727	1.27455517293
2.0437805540853597	0.01395021	1.27604667413
2.0455258833373544	0.01507342	1.27740840104
2.0472712125893486	0.01566189	1.27740514619
2.049016541841343	0.0159861	1.27619096528
2.050761871093337	0.01720225	1.27508586477
2.0525072003453313	0.01878943	1.27361678117
2.054252529597326	0.01925051	1.27018191919
2.05599785884932	0.01917338	1.26564855951
2.0577431881013144	0.02001397	1.26201177674
2.0594885173533086	0.0210041	1.25862282319
2.0612338466053033	0.02062596	1.25384477996
2.0629791758572975	0.01977429	1.24893976031
2.0647245051092917	0.0198968	1.24588399056
2.0664698343612864	0.02020839	1.24379489383
2.0682151636132806	0.0195462	1.24115647282
2.069960492865275	0.01880335	1.23904392263
2.0717058221172695	0.018952	1.23871548703
2.0734511513692637	0.01933568	1.23918032961
2.075196480621258	0.01938163	1.23938844746
2.076941809873252	0.01968709	1.23999352651
2.0786871391252464	0.0204313	1.24129144908
2.080432468377241	0.02120083	1.24252817563
2.0821777976292353	0.02208651	1.24346901558
2.08392312688123	0.02319263	1.24429992214
2.0856684561332237	0.02389372	1.24446099153
2.087413785385218	0.02420696	1.24382938105
2.0891591146372126	0.02493047	1.24320102538
2.090904443889207	0.02575171	1.24239395255
2.0926497731412015	0.02548032	1.24021193395
2.0943951023931957	0.02459268	1.23719411359
2.0961404316451895	0.02441407	1.23492542606
2.097885760897184	0.02434095	1.23286254155
2.0996310901491784	0.02297144	1.22944423943
2.101376419401173	0.02119753	1.22573508558
2.1031217486531673	0.02058586	1.22366498196
2.1048670779051615	0.02035692	1.22234063922
2.1066124071571557	0.0190937	1.22000663405
2.10835773640915	0.01775509	1.21779640186
2.1101030656611446	0.01770296	1.21738950119
2.111848394913139	0.01806957	1.21766431632
2.113593724165133	0.01764963	1.2170425202
2.1153390534171272	0.01728448	1.21653915485
2.1170843826691215	0.01789568	1.21729538392
2.118829711921116	0.01869208	1.2182705061
2.1205750411731104	0.01886127	1.21843457971
2.1223203704251046	0.01897853	1.21853042435
2.124065699677099	0.01943598	1.219040733
2.1258110289290935	0.01973028	1.21935356347
2.1275563581810877	0.01962987	1.21928767294
2.129301687433082	0.01945302	1.21925440582
2.1310470166850766	0.01909781	1.21902954744
2.132792345937071	0.01845168	1.21851711426
2.134537675189065	0.01787239	1.21831574692
2.1362830044410597	0.01737488	1.21833588024
2.138028333693054	0.01639975	1.21763650642
2.139773662945048	0.01522906	1.2166060413
2.141518992197043	0.01470037	1.21643200077
2.143264321449037	0.01450934	1.2165210592
2.1450096507010312	0.01370917	1.21539492556
2.1467549799530254	0.01284045	1.21380228057
2.1485003092050197	0.01296634	1.21323240961
2.1502456384570143	0.01345419	1.2127280627
2.1519909677090086	0.01311028	1.21064100875
2.1537362969610028	0.01264636	1.20804236159
2.155481626212997	0.01317859	1.20653448987
2.157226955464991	0.01392072	1.20510401226
2.158972284716986	0.01372027	1.20233256447
2.16071761396898	0.01334608	1.19937818682
2.1624629432209743	0.01374197	1.19756088988
2.1642082724729685	0.01414452	1.19596108216
2.1659536017249628	0.01370433	1.19361654868
2.1676989309769574	0.01313877	1.19149898023
2.1694442602289516	0.01306441	1.19034797891
2.171189589480946	0.01293952	1.18949669664
2.17293491873294	0.01241129	1.18858117512
2.1746802479849343	0.01196166	1.1881205304
2.176425577236929	0.01168931	1.18807383039
2.178170906488923	0.01136951	1.18817490398
2.179916235740918	0.01119464	1.18875259562
2.1816615649929116	0.01127564	1.18981008177
2.183406894244906	0.0111541	1.19058896068
2.1851522234969005	0.01097083	1.19130906296
2.1868975527488947	0.0113938	1.19289585624
2.1886428820008894	0.01210287	1.19479199461
2.1903882112528836	0.01215404	1.19562922557
2.192133540504878	0.01202968	1.19604443898
2.193878869756872	0.01273446	1.19735528853
2.1956241990088667	0.01361569	1.19858191948
2.197369528260861	0.01350745	1.19808889904
2.199114857512855	0.01318767	1.1968772575
2.20086018676485	0.01379516	1.19644062714
2.202605516016844	0.01450529	1.1956443852
2.2043508452688383	0.01417849	1.1929787169
2.206096174520833	0.01369451	1.18967546197
2.207841503772827	0.01405899	1.18719302769
2.2095868330248214	0.01446538	1.18457986564
2.2113321622768156	0.01406156	1.18083973811
2.21307749152881	0.01365159	1.177235684
2.2148228207808045	0.01387718	1.17486561079
2.2165681500327987	0.01411272	1.17305267528
2.218313479284793	0.01394218	1.17133677237
2.220058808536787	0.01388174	1.17055516897
2.2218041377887814	0.01405645	1.1710335572
2.223549467040776	0.01417596	1.17233110319
2.2252947962927703	0.01435998	1.17443445119
2.2270401255447645	0.01473916	1.17744558873
2.2287854547967587	0.01489284	1.18074005841
2.230530784048753	0.0149298	1.18413176304
2.2322761133007476	0.01547016	1.18803952808
2.234021442552742	0.01620809	1.1918784384
2.235766771804736	0.01624274	1.19435329742
2.2375121010567303	0.01609294	1.1958255832
2.239257430308725	0.01678805	1.19735565871
2.241002759560719	0.01765722	1.1980821399
2.2427480888127134	0.01749841	1.19656176002
2.2444934180647076	0.01716231	1.19386883635
2.246238747316702	0.01788805	1.19164807342
2.2479840765686965	0.0187294	1.18897155816
2.2497294058206907	0.01835724	1.18447549278
2.251474735072685	0.0178047	1.17968123279
2.253220064324679	0.01832429	1.17639890101
2.254965393576674	0.01888283	1.17361797688
2.256710722828668	0.0182765	1.17006459168
2.2584560520806622	0.0175735	1.16718879822
2.260201381332657	0.01783044	1.16637382179
2.261946710584651	0.01808822	1.16644132487
2.2636920398366454	0.01743586	1.16620467144
2.26543736908864	0.01678972	1.16667753798
2.2671826983406342	0.01685044	1.16857342622
2.2689280275926285	0.01690097	1.17081525964
2.2706733568446227	0.01645817	1.17261197163
2.272418686096617	0.01614151	1.17453810963
2.2741640153486116	0.01618202	1.17670372625
2.2759093446006062	0.01619297	1.17848330915
2.2776546738526	0.01614826	1.17975312664
2.2794000031045942	0.01626096	1.18070204083
2.2811453323565885	0.01626811	1.18095418579
2.2828906616085836	0.01617975	1.18053311369
2.284635990860578	0.0164221	1.18003283554
2.286381320112572	0.01680246	1.1792383181
2.288126649364566	0.01664598	1.17732774135
2.28987197861656	0.0163568	1.1748953633
2.291617307868555	0.01672027	1.17304688664
2.2933626371205493	0.01716915	1.17111504956
2.2951079663725436	0.01671931	1.16790650253
2.2968532956245378	0.0161067	1.16447880797
2.2985986248765315	0.01636682	1.16229112284
2.3003439541285267	0.01667918	1.16037310759
2.302089283380521	0.01592551	1.15738030669
2.303834612632515	0.01507911	1.15467328861
2.3055799418845093	0.01526917	1.15378929364
2.3073252711365035	0.01552642	1.15351433363
2.309070600388498	0.0147244	1.15243018125
2.3108159296404924	0.01391853	1.15187252575
2.3125612588924866	0.0141678	1.15310978804
2.314306588144481	0.0144772	1.15475848252
2.316051917396475	0.0138425	1.15544091126
2.3177972466484698	0.01326272	1.1562355369
2.319542575900464	0.01359348	1.1579745057
2.321287905152458	0.01393598	1.15937275798
2.3230332344044524	0.01351919	1.15940964355
2.324778563656447	0.01316082	1.1589496717
2.3265238929084413	0.01341095	1.15851481552
2.3282692221604355	0.01358253	1.15735598547
2.33001455141243	0.01323048	1.15517686428
2.3317598806644244	0.012916	1.15270534804
2.3335052099164186	0.01285348	1.1502069437
2.3352505391684133	0.01267392	1.14757946362
2.3369958684204075	0.01231087	1.14516548257
2.3387411976724017	0.01200754	1.14325103396
2.340486526924396	0.01162003	1.14154275417
2.34223185617639	0.01113187	1.14029770578
2.343977185428385	0.01083933	1.14014598248
2.345722514680379	0.01064498	1.14066348322
2.3474678439323733	0.01008393	1.14089063065
2.3492131731843675	0.009492902	1.14133466341
2.3509585024363617	0.009468262	1.1428247271
2.3527038316883564	0.009583449	1.14438801534
2.3544491609403506	0.009113804	1.14470967322
2.356194490192345	0.008675313	1.14469434453
2.357939819444339	0.009036909	1.14547680883
2.3596851486963333	0.009493532	1.14590035293
2.361430477948328	0.009163473	1.14466832624
2.363175807200322	0.008847111	1.1430841871
2.3649211364523164	0.009370162	1.14247608534
2.3666664657043106	0.009881523	1.14164509319
2.368411794956305	0.00950127	1.13939919761
2.3701571242083	0.009107782	1.13711611381
2.371902453460294	0.009459663	1.13596703789
2.373647782712288	0.009703959	1.13473855133
2.375393111964282	0.009107016	1.13241334864
2.3771384412162764	0.008505217	1.13023603647
2.3788837704682715	0.008488004	1.12910741834
2.3806290997202657	0.008359568	1.12806510438
2.38237442897226	0.007657252	1.12650339436
2.384119758224254	0.007043599	1.12544007343
2.3858650874762484	0.006834488	1.1254141657
2.387610416728243	0.00658957	1.12581716925
2.3893557459802373	0.006161243	1.12642261843
2.3911010752322315	0.005910739	1.1277217708
2.3928464044842257	0.005809443	1.12962454311
2.39459173373622	0.005731789	1.13175243406
2.3963370629882146	0.00585046	1.13408889754
2.398082392240209	0.006157052	1.13640222782
2.3998277214922035	0.006275946	1.13794737532
2.4015730507441977	0.006422869	1.13869545251
2.403318379996192	0.007055978	1.1390069212
2.4050637092481866	0.007788036	1.13823749014
2.406809038500181	0.007950825	1.13545851995
2.408554367752175	0.008084183	1.13142012019
2.4102996970041692	0.0088673	1.12721832205
2.4120450262561635	0.009611847	1.12224223838
2.413790355508158	0.00948538	1.11574949902
2.4155356847601523	0.009297961	1.10924897044
2.4172810140121466	0.009860907	1.10430941903
2.419026343264141	0.01030718	1.10014110416
2.420771672516135	0.009777045	1.09583849904
2.4225170017681297	0.009245028	1.09294198277
2.424262331020124	0.009536925	1.09272375251
2.426007660272118	0.009737542	1.09379085846
2.4277529895241123	0.009075479	1.09476748833
2.4294983187761066	0.008537024	1.09677955882
2.4312436480281012	0.00882813	1.10057871324
2.4329889772800954	0.009106855	1.10447386728
2.4347343065320897	0.008773942	1.10708075698
2.436479635784084	0.00866666	1.10939692778
2.438224965036078	0.009253793	1.11205307649
2.4399702942880728	0.009854663	1.11374937244
2.441715623540067	0.01007471	1.11366912092
2.443460952792061	0.01048007	1.11290323182
2.4452062820440554	0.01125324	1.11210738319
2.4469516112960497	0.01196102	1.11057905605
2.4486969405480443	0.01245882	1.108065977
2.4504422698000385	0.01300985	1.10543950948
2.4521875990520328	0.01352908	1.10303480823
2.4539329283040274	0.01390343	1.10050910467
2.4556782575560216	0.01426919	1.09789451382
2.457423586808016	0.01459323	1.09551908693
2.4591689160600105	0.01455883	1.09322726487
2.4609142453120048	0.01439782	1.09103898764
2.462659574563999	0.01451928	1.08931781378
2.464404903815993	0.01460552	1.08794727488
2.466150233067988	0.01413398	1.08646764281
2.467895562319982	0.01366285	1.0854240969
2.4696408915719763	0.01383842	1.0855814753
2.4713862208239705	0.01405526	1.08640906808
2.4731315500759647	0.01357572	1.0871053289
2.47487687932796	0.0132335	1.08854747348
2.476622208579954	0.01385855	1.0916229502
2.4783675378319483	0.01454782	1.09518302876
2.480112867083942	0.0143569	1.09793437184
2.4818581963359363	0.01435839	1.10087736816
2.4836035255879314	0.01551546	1.10488459999
2.4853488548399256	0.01665233	1.10832539137
2.48709418409192	0.01667159	1.10968948975
2.488839513343914	0.01685107	1.11029359672
2.490584842595908	0.01823818	1.1112533528
2.492330171847903	0.01946464	1.11095742612
2.494075501099897	0.01937631	1.10815485369
2.4958208303518914	0.01939041	1.10465014202
2.4975661596038856	0.02056042	1.10188157481
2.49931148885588	0.02144092	1.09846015555
2.5010568181078745	0.02094957	1.09344606479
2.5028021473598687	0.02055433	1.08879311407
2.504547476611863	0.02122644	1.08583726785
2.506292805863857	0.02159952	1.08318270007
2.5080381351158514	0.02078862	1.07990015181
2.509783464367846	0.02015395	1.07753134183
2.5115287936198403	0.02045654	1.07687109613
2.5132741228718345	0.02055061	1.07646062766
2.5150194521238287	0.01982976	1.0753986269
2.516764781375823	0.01936613	1.07472406864
2.5185101106278176	0.01960134	1.07479674078
2.520255439879812	0.01972606	1.07450956615
2.522000769131806	0.01944737	1.07337883966
2.5237460983838007	0.01941313	1.07216450269
2.525491427635795	0.0197025	1.07105416936
2.527236756887789	0.01992976	1.06961012599
2.528982086139784	0.02012494	1.06790930669
2.530727415391778	0.02045326	1.066373018
2.5324727446437723	0.02065053	1.06492176849
2.5342180738957665	0.02079316	1.06366019481
2.535963403147761	0.02121505	1.06299144574
2.5377087323997554	0.02162358	1.06275292009
2.5394540616517496	0.02148417	1.06242591393
2.541199390903744	0.02132103	1.06249223093
2.542944720155738	0.02172501	1.06354386684
2.5446900494077327	0.02201546	1.06484984877
2.546435378659727	0.0214655	1.06556493099
2.548180707911721	0.02097468	1.06660228394
2.5499260371637154	0.02131568	1.06880760776
2.5516713664157096	0.02149389	1.07107622375
2.5534166956677042	0.02064123	1.07240238036
2.5551620249196985	0.01993006	1.07409840089
2.5569073541716927	0.02024534	1.07717989664
2.558652683423687	0.02036407	1.08018646252
2.560398012675681	0.01933546	1.08190353567
2.5621433419276762	0.01852333	1.08378903515
2.56388867117967	0.01887373	1.08679419347
2.5656340004316642	0.01900891	1.08908040582
2.5673793296836585	0.01793776	1.08924878773
2.5691246589356527	0.01714607	1.08885531379
2.570869988187648	0.01760171	1.08888628231
2.572615317439642	0.01784191	1.08751047049
2.5743606466916362	0.01687816	1.08357378672
2.57610597594363	0.0162494	1.07900864325
2.5778513051956247	0.01689576	1.07512795359
2.5795966344476193	0.01732734	1.07049975538
2.5813419636996136	0.01659856	1.06443433423
2.5830872929516078	0.01623478	1.05910727022
2.584832622203602	0.01710121	1.05587315875
2.586577951455596	0.01774189	1.05340328054
2.588323280707591	0.01728511	1.0509792574
2.590068609959585	0.01715701	1.05027756419
2.5918139392115793	0.01809335	1.05200768217
2.593559268463574	0.01873958	1.05450620912
2.595304597715568	0.01834671	1.05670880179
2.5970499269675624	0.01818223	1.0595547585
2.598795256219557	0.01882638	1.06316929114
2.6005405854715513	0.01911898	1.06599389517
2.6022859147235455	0.01849499	1.06720956884
2.6040312439755398	0.01801142	1.06761832917
2.6057765732275344	0.01807923	1.06745375717
2.6075219024795286	0.01782768	1.06600696198
2.609267231731523	0.01692503	1.06324726852
2.611012560983517	0.01615647	1.06006768713
2.6127578902355113	0.01573809	1.05683151583
2.614503219487506	0.01514228	1.05351316899
2.6162485487395	0.01427266	1.05043674915
2.6179938779914944	0.01357535	1.04796551671
2.6197392072434886	0.0130453	1.04596320606
2.621484536495483	0.01251401	1.04452436715
2.6232298657474775	0.01209367	1.04386851632
2.6249751949994717	0.01184096	1.04358370608
2.626720524251466	0.01151958	1.04306464608
2.62846585350346	0.01131069	1.04276511219
2.6302111827554544	0.01149654	1.04319948414
2.631956512007449	0.0117432	1.04373315335
2.6337018412594433	0.01161416	1.04385999674
2.6354471705114375	0.01161519	1.04477777674
2.6371924997634317	0.01216127	1.04747069744
2.638937829015426	0.01259113	1.05110007078
2.6406831582674206	0.01234431	1.05500535707
2.642428487519415	0.01220631	1.06050425148
2.644173816771409	0.01268733	1.06827073653
2.6459191460234033	0.01290175	1.07657450572
2.647664475275398	0.01224259	1.08397642884
2.649409804527392	0.01170285	1.09135843444
2.6511551337793864	0.01185343	1.09888461448
2.652900463031381	0.01169543	1.10426803128
2.6546457922833753	0.01063243	1.10596307407
2.6563911215353695	0.009779404	1.10525196007
2.658136450787364	0.00973108	1.10287645769
2.6598817800393584	0.009445045	1.09727917362
2.6616271092913526	0.008345945	1.08793240915
2.663372438543347	0.007593377	1.07723584648
2.665117767795341	0.007772433	1.06687195606
2.6668630970473357	0.007812139	1.05602164271
2.6686084262993304	0.007124959	1.04465343694
2.670353755551324	0.006850416	1.03524003472
2.6720990848033184	0.007530929	1.02912455663
2.6738444140553126	0.008050027	1.02493536171
2.6755897433073077	0.007790954	1.02188704156
2.677335072559302	0.00786758	1.02143560583
2.679080401811296	0.00878296	1.02391268675
2.6808257310632904	0.009396483	1.02727286144
2.682571060315284	0.009103316	1.03029278968
2.6843163895672792	0.009014895	1.03404128212
2.6860617188192735	0.009610493	1.03878072817
2.6878070480712677	0.009798786	1.04295155499
2.689552377323262	0.009067627	1.0459607322
2.691297706575256	0.008507676	1.04922614293
2.693043035827251	0.008546589	1.05336715763
2.694788365079245	0.008223549	1.05744189955
2.6965336943312392	0.007169309	1.06118517396
2.6982790235832335	0.006352357	1.06564083142
2.7000243528352277	0.006079871	1.07092662545
2.7017696820872223	0.005603227	1.07594236497
2.7035150113392166	0.004715654	1.08006665315
2.705260340591211	0.004127925	1.08347393687
2.707005669843205	0.003965572	1.08571803376
2.7087509990951992	0.003761038	1.08596120833
2.710496328347194	0.003459712	1.08395453656
2.712241657599188	0.003423508	1.07993687429
2.7139869868511823	0.003591971	1.07398493859
2.7157323161031766	0.003809818	1.066552883
2.7174776453551712	0.004136188	1.05849497273
2.7192229746071654	0.004579218	1.05046994307
2.7209683038591597	0.004943981	1.04300028421
2.7227136331111543	0.005353769	1.03722758185
2.7244589623631486	0.005932697	1.03407326297
2.7262042916151428	0.006425988	1.0333735055
2.7279496208671374	0.006584063	1.03475041472
2.7296949501191317	0.006733612	1.03869191121
2.731440279371126	0.00703859	1.04514527783
2.73318560862312	0.007120295	1.05260941736
2.7349309378751143	0.006743363	1.05977104779
2.736676267127109	0.006365295	1.0668506048
2.738421596379103	0.006195788	1.07369240133
2.7401669256310974	0.005824794	1.07872182844
2.7419122548830916	0.005035122	1.0810496219
2.743657584135086	0.004373481	1.08186549199
2.7454029133870805	0.004108128	1.08193799948
2.7471482426390748	0.003777217	1.08030359598
2.748893571891069	0.003109594	1.07668746404
2.750638901143063	0.002735733	1.07294701061
2.7523842303950574	0.002980532	1.0701001501
2.7541295596470525	0.003215299	1.06687080849
2.7558748888990463	0.003034076	1.06257853921
2.7576202181510405	0.003203976	1.05880662818
2.7593655474030347	0.004109843	1.05611654047
2.761110876655029	0.004863572	1.05258110238
2.762856205907024	0.004924042	1.04718712303
2.7646015351590183	0.005272715	1.04166380783
2.766346864411012	0.006360664	1.03681796031
2.7680921936630063	0.007060589	1.03099122481
2.7698375229150005	0.006794913	1.02375045052
2.7715828521669956	0.006773154	1.01759905986
2.77332818141899	0.007479764	1.01390106525
2.775073510670984	0.007668725	1.01130211128
2.7768188399229783	0.00683371	1.00953254498
2.7785641691749725	0.006288131	1.01093314352
2.780309498426967	0.006468441	1.016291486
2.7820548276789614	0.006182093	1.0235084904
2.7838001569309556	0.005061918	1.03145484393
2.78554548618295	0.004318384	1.04138013577
2.7872908154349445	0.004260919	1.0530535522
2.7890361446869387	0.003906428	1.06382494859
2.790781473938933	0.003033225	1.07229573748
2.7925268031909276	0.002580737	1.07950689152
2.794272132442922	0.00271385	1.08546577732
2.796017461694916	0.002739506	1.08842642502
2.7977627909469107	0.002530804	1.08800375144
2.799508120198905	0.002695176	1.08598979261
2.801253449450899	0.00328511	1.08325071824
2.8029987787028934	0.003855695	1.07909495241
2.8047441079548876	0.004297186	1.0737683935
2.8064894372068823	0.004954374	1.0690281369
2.8082347664588765	0.005827785	1.0655385354
2.8099800957108707	0.006611991	1.06243947097
2.811725424962865	0.007176771	1.0594458421
2.813470754214859	0.007754189	1.05739427808
2.815216083466854	0.008354682	1.05620884221
2.816961412718848	0.008738273	1.05472230637
2.8187067419708423	0.008797081	1.05243753287
2.8204520712228365	0.008770688	1.0499576173
2.8221974004748307	0.008692961	1.04736051339
2.8239427297268254	0.008397832	1.04415276142
2.8256880589788196	0.007869235	1.04051253199
2.827433388230814	0.007329422	1.0373939702
2.829178717482808	0.006769004	1.03525257845
2.8309240467348022	0.006165469	1.03415074378
2.832669375986797	0.005628368	1.03441332113
2.834414705238791	0.005192488	1.03643275765
2.8361600344907854	0.004705489	1.04001591135
2.8379053637427796	0.004392239	1.04485781215
2.839650692994774	0.004480143	1.05063809195
2.8413960222467685	0.004635282	1.0566490822
2.8431413514987627	0.004523949	1.06199239452
2.844886680750757	0.00471625	1.06643839301
2.8466320100027516	0.005532303	1.06979637413
2.848377339254746	0.006209418	1.07129072996
2.8501226685067405	0.006295571	1.07052173751
2.8518679977587347	0.006730606	1.0684488135
2.853613327010729	0.007886074	1.06583720126
2.855358656262723	0.00865796	1.06233595545
2.8571039855147173	0.008572172	1.05807894146
2.858849314766712	0.008840921	1.05469076596
2.8605946440187062	0.009836485	1.05298638031
2.8623399732707004	0.01028699	1.05198426382
2.8640853025226947	0.009766683	1.05118279187
2.865830631774689	0.009604957	1.05171245772
2.867575961026684	0.01015273	1.05363744864
2.869321290278678	0.01012546	1.05507343232
2.8710666195306724	0.009156607	1.05504096524
2.872811948782666	0.008595271	1.05473554802
2.8745572780346604	0.008800149	1.05445195324
2.8763026072866555	0.008528834	1.05261818789
2.8780479365386498	0.007427734	1.0489308928
2.879793265790644	0.006855694	1.04556889677
2.881538595042638	0.00720286	1.04360994852
2.8832839242946324	0.007179173	1.04183563961
2.885029253546627	0.006366209	1.04013203096
2.8867745827986213	0.006193213	1.04074377459
2.8885199120506155	0.007080255	1.04429890233
2.8902652413026098	0.007552641	1.04857963669
2.892010570554604	0.007088748	1.05246507937
2.8937558998065986	0.007268777	1.05744515061
2.895501229058593	0.008533871	1.06337974654
2.897246558310587	0.009180475	1.06734058035
2.8989918875625813	0.008649125	1.06809694968
2.9007372168145755	0.008724826	1.06771032457
2.90248254606657	0.009865725	1.06682593135
2.9042278753185644	0.0102241	1.06338923613
2.9059732045705586	0.009292861	1.05735475422
2.907718533822553	0.009000691	1.0520668193
2.909463863074547	0.009793703	1.0490262778
2.9112091923265417	0.009811457	1.04650257041
2.912954521578536	0.008629509	1.04441459242
2.91469985083053	0.008175212	1.04563540256
2.916445180082525	0.008849488	1.05064673716
2.918190509334519	0.008854658	1.05637092983
2.9199358385865133	0.00780041	1.06139531776
2.921681167838508	0.007536347	1.06745669308
2.923426497090502	0.008450234	1.07419678543
2.9251718263424964	0.008792776	1.07815977539
2.9269171555944906	0.008141876	1.07817386293
2.9286624848464853	0.008333958	1.07681613787
2.9304078140984795	0.00979406	1.0749307575
2.9321531433504737	0.01067985	1.07039328841
2.933898472602468	0.01047491	1.0634082965
2.935643801854462	0.01114011	1.0577748091
2.937389131106457	0.01313838	1.05500622951
2.939134460358451	0.0143692	1.05294295016
2.9408797896104453	0.01421862	1.05125605439
2.9426251188624395	0.01486367	1.0528032967
2.9443704481144337	0.01676145	1.05770131147
2.946115777366429	0.0175568	1.06223350472
2.9478611066184226	0.01667068	1.06482742191
2.949606435870417	0.01648505	1.06754443437
2.951351765122411	0.01741721	1.07018800889
2.9530970943744053	0.01710464	1.06944540063
2.9548424236264004	0.01517264	1.06483971694
2.9565877528783946	0.01399281	1.05983442663
2.9583330821303884	0.01387953	1.05578895677
2.9600784113823826	0.01278831	1.0510515573
2.961823740634377	0.01058845	1.04635792926
2.963569069886372	0.009263052	1.04542978322
2.965314399138366	0.008938748	1.04920432909
2.9670597283903604	0.008084569	1.0551859709
2.968805057642354	0.006684687	1.06248514262
2.970550386894349	0.006081754	1.07249611052
2.9722957161463435	0.00626061	1.08405231389
2.9740410453983377	0.006220226	1.09326620408
2.975786374650332	0.0059239	1.09831340041
2.977531703902326	0.006214394	1.10030053139
2.9792770331543204	0.007127824	1.09899422468
2.981022362406315	0.007962135	1.09249132859
2.9827676916583092	0.0085534	1.08136986073
2.9845130209103035	0.009666892	1.06930573895
2.986258350162298	0.01150622	1.05854648675
2.9880036794142923	0.01319489	1.04897898339
2.9897490086662866	0.01434507	1.0419351086
2.9914943379182812	0.01602667	1.0407952574
2.9932396671702755	0.01853496	1.04631531979
2.9949849964222697	0.02042261	1.0557903809
2.996730325674264	0.02114422	1.06752325552
2.9984756549262586	0.02227087	1.08195519195
3.000220984178253	0.0240884	1.09721621883
3.001966313430247	0.02469012	1.10884110079
3.0037116426822412	0.02368117	1.11480535638
3.0054569719342354	0.02302922	1.11657044663
3.00720230118623	0.02295271	1.11441223887
3.0089476304382243	0.02164952	1.10709629971
3.0106929596902186	0.0191382	1.09626463008
3.0124382889422128	0.01723614	1.08647551127
3.014183618194207	0.01595224	1.08032512157
3.0159289474462017	0.01413937	1.07806020511
3.017674276698196	0.01212393	1.08103206658
3.01941960595019	0.01081109	1.09134499818
3.0211649352021843	0.009875892	1.10814799063
3.0229102644541785	0.009098013	1.12807696952
3.024655593706173	0.008825504	1.14834015838
3.0264009229581674	0.008755056	1.16692004925
3.0281462522101616	0.008429979	1.18062230476
3.029891581462156	0.008527177	1.18600257868
3.03163691071415	0.009261972	1.18163136185
3.0333822399661448	0.009640564	1.16830308497
3.035127569218139	0.009485207	1.14742310514
3.036872898470133	0.009884965	1.12093915439
3.0386182277221274	0.01082444	1.09227190274
3.040363556974122	0.01147942	1.06607055244
3.0421088862261163	0.01207041	1.04603073395
3.0438542154781105	0.01317112	1.033987124
3.045599544730105	0.01440129	1.03102923922
3.0473448739820994	0.01572862	1.03794773187
3.0490902032340936	0.01751164	1.05316575383
3.0508355324860883	0.01912429	1.07247782996
3.0525808617380825	0.01995737	1.09189069664
3.0543261909900767	0.02100622	1.10906343101
3.056071520242071	0.02254572	1.12111688229
3.057816849494065	0.02301165	1.12477735987
3.05956217874606	0.02206881	1.11973729965
3.0613075079980545	0.02144211	1.10920069876
3.0630528372500487	0.02122993	1.09637506598
3.0647981665020425	0.0199165	1.08395775174
3.0665434957540367	0.01775962	1.07636332738
3.068288825006032	0.01621118	1.07876703555
3.070034154258026	0.01501601	1.09347313671
3.0717794835100203	0.01362729	1.11991109293
3.0735248127620145	0.01266093	1.15644252096
3.0752701420140083	0.01211253	1.19985110414
3.0770154712660034	0.01131539	1.24426911391
3.0787608005179976	0.01116178	1.28295532012
3.080506129769992	0.01221129	1.30996663719
3.082251459021986	0.01271554	1.32051314054
3.0839967882739803	0.01201158	1.31183253925
3.085742117525975	0.01233792	1.28463488949
3.087487446777969	0.01399441	1.2425520436
3.0892327760299634	0.01438017	1.19141250426
3.0909781052819576	0.01337958	1.13931218814
3.092723434533952	0.01366829	1.09563849189
3.0944687637859465	0.01513693	1.06841202361
3.0962140930379407	0.01560938	1.06312026172
3.097959422289935	0.01549313	1.08239661291
3.099704751541929	0.01644481	1.12496331754
3.1014500807939234	0.01786563	1.1849646904
3.103195410045918	0.01890359	1.25337895371
3.1049407392979123	0.02003387	1.31914033229
3.1066860685499065	0.02112126	1.37028371358
3.1084313978019007	0.02151599	1.39660769701
3.1101767270538954	0.02184329	1.39235786085
3.1119220563058896	0.02227357	1.35648045259
3.113667385557884	0.02175483	1.29331362563
3.1154127148098785	0.02042586	1.21411779075
3.1171580440618727	0.01929754	1.13615129155
3.118903373313867	0.01790312	1.07932127067
3.1206487025658616	0.01636129	1.06447964772
3.122394031817856	0.01600134	1.11136361604
3.12413936106985	0.01557382	1.2343625021
3.1258846903218442	0.0134707	1.44010698971
3.1276300195738385	0.01348067	1.72782665237
3.129375348825833	0.01789975	2.08677497984
3.1311206780778273	0.0198838	2.49400986486
3.1328660073298216	0.0163013	2.92009515244
3.134611336581816	0.01765478	3.33540529749
3.13635666583381	0.02782213	3.70697307699
3.1381019950858047	0.03038412	3.99731010086
3.139847324337799	0.01731778	4.17812391612
3.141592653589793	0.01064342	4.24179706744