# C(3P)-CO2, ground-state PES; differential cross sections (mgacesa, Aug 26 2020)
# theta(rad)                 elastic CS                total CS (both in units of 1E-16 cm^2)
0.	4.916007e6	4.943990186351719e6
0.0017453292519943296	3.101474e6	3.11631149753e6
0.003490658503988659	709202.9	723894.783555
0.005235987755982989	149972.1	165871.101119
0.006981317007977318	100100.8	104099.637779
0.008726646259971648	44375.05	56641.8879513
0.010471975511965978	42462.35	58277.2937283
0.012217304763960306	25543.33	33906.2213861
0.013962634015954637	18994.16	24973.2145654
0.015707963267948967	12154.1	19985.7574328
0.017453292519943295	13725.5	21987.0507482
0.019198621771937624	12265.21	17463.9298772
0.020943951023931956	6456.604	10930.1687257
0.022689280275926284	8367.531	14218.4813189
0.024434609527920613	8515.293	13656.0388085
0.02617993877991494	6088.801	9890.60852696
0.027925268031909273	3984.562	7660.72234862
0.029670597283903602	2943.387	7303.26269464
0.031415926535897934	3599.26	7549.53303806
0.03316125578789226	2230.408	4804.12097709
0.03490658503988659	820.1154	3179.06544141
0.03665191429188092	1175.718	3903.77907243
0.03839724354387525	1393.992	3847.04056319
0.04014257279586957	1087.87	2932.80054456
0.04188790204786391	398.3495	1880.50505791
0.043633231299858244	187.1043	1724.57650153
0.04537856055185257	487.7645	1892.4822771
0.0471238898038469	318.5479	1300.2669091
0.048869219055841226	56.95875	903.140942357
0.05061454830783556	8.876382	865.649435632
0.05235987755982988	81.09933	788.827788962
0.054105206811824215	161.5874	660.112654223
0.05585053606381855	59.33409	472.913078119
0.05759586531581287	23.95484	517.825854163
0.059341194567807204	77.71913	552.103154237
0.061086523819801536	32.70155	310.725415955
0.06283185307179587	11.59442	179.023162122
0.0645771823237902	13.87463	217.605577166
0.06632251157578452	24.83044	276.838538195
0.06806784082777885	53.62769	275.22187479
0.06981317007977318	24.6758	163.489961886
0.0715584993317675	11.20393	122.050467957
0.07330382858376185	35.1177	165.1083482
0.07504915783575618	20.99278	146.214483968
0.0767944870877505	6.108187	116.055692427
0.07853981633974483	7.365933	109.288279918
0.08028514559173915	10.80938	108.206989503
0.08203047484373349	24.80947	120.421614947
0.08377580409572782	18.09796	105.342192107
0.08552113334772216	0.4338567	84.6004701528
0.08726646259971649	2.984138	93.200823827
0.0890117918517108	5.017883	89.2076380708
0.09075712110370514	3.511058	77.5488768323
0.09250245035569946	6.811483	80.7192840151
0.0942477796076938	4.002131	78.7165639134
0.09599310885968813	5.112849	79.3455439597
0.09773843811168245	6.693116	77.3526201081
0.09948376736367678	0.9084738	64.3726476784
0.10122909661567112	3.124912	66.2124754451
0.10297442586766545	7.498763	71.9483948335
0.10471975511965977	5.954763	64.8268894445
0.10646508437165408	9.316211	63.5694202547
0.10821041362364843	7.97506	60.1049678461
0.10995574287564278	5.44937	55.831377259
0.1117010721276371	10.14478	61.0453203524
0.11344640137963143	8.082858	57.8033438881
0.11519173063162574	5.761568	52.6994409756
0.11693705988362009	10.50573	56.3095285965
0.11868238913561441	7.991736	51.8941018456
0.12042771838760875	7.840073	50.3948691403
0.12217304763960307	10.7488	53.7629089771
0.12391837689159739	5.650976	48.6875145996
0.12566370614359174	5.226927	47.9822171369
0.12740903539558604	8.444255	49.5472182373
0.1291543646475804	5.349512	43.9004517064
0.13089969389957473	7.3666	45.4233844072
0.13264502315156904	8.630697	46.694031159
0.1343903524035634	4.096983	42.1080688559
0.1361356816555577	4.602476	42.5044635672
0.13788101090755206	5.130393	40.8836647563
0.13962634015954636	2.895469	36.9965265911
0.1413716694115407	5.247992	39.5521065284
0.143116998663535	4.821204	39.1420122112
0.14486232791552936	2.350361	37.8901266849
0.1466076571675237	2.805215	39.1003314613
0.148352986419518	1.661727	36.1801573426
0.15009831567151236	0.7094558	34.4501334424
0.15184364492350666	1.973979	35.9380086572
0.153588974175501	1.097219	35.1923870152
0.15533430342749535	1.1226	37.0698927874
0.15707963267948966	1.251695	37.7275581068
0.158824961931484	0.09473456	34.5370878448
0.1605702911834783	0.309484	33.4501551894
0.16231562043547265	0.3784914	32.2874900639
0.16406094968746698	0.2604998	31.177971627
0.16580627893946132	2.088677	33.8233727923
0.16755160819145565	2.055313	33.5396494621
0.16929693744344995	1.864616	31.5790373242
0.1710422666954443	2.237897	30.4759824506
0.17278759594743864	0.8751998	27.2327648444
0.17453292519943298	1.224569	26.2962777981
0.17627825445142728	3.259807	28.5641768468
0.1780235837034216	3.166668	28.4808262047
0.17976891295541597	4.149745	29.1867028557
0.18151424220741028	4.029209	28.5977520861
0.1832595714594046	1.566228	25.046277335
0.1850049007113989	1.761371	24.5571026529
0.18675022996339327	2.830526	25.6054858672
0.1884955592153876	2.717046	25.8080929191
0.1902408884673819	4.554291	28.3792052459
0.19198621771937627	4.138403	28.2046709202
0.19373154697137057	1.653414	25.3854312121
0.1954768762233649	1.611847	24.8498825314
0.19722220547535924	1.616568	24.0812586812
0.19896753472735357	1.503297	23.7157786955
0.20071286397934793	3.402556	25.9639260264
0.20245819323134223	2.990279	25.5873477429
0.20420352248333656	1.36772	23.9982990028
0.2059488517353309	1.192896	23.4690895933
0.20769418098732523	0.6026045	21.9049469963
0.20943951023931953	0.5290792	21.4851331427
0.2111848394913139	1.773568	22.7835588687
0.21293016874330817	1.493074	22.4308716444
0.21467549799530256	1.014152	22.2885221373
0.21642082724729686	0.7726454	21.8541560795
0.2181661564992912	0.09649523	20.409989098
0.21991148575128555	0.1669475	20.4067592042
0.22165681500327983	0.6161178	20.9593422751
0.2234021442552742	0.522333	20.9682728748
0.22514747350726852	0.9047285	21.8875778098
0.22689280275926285	0.5767975	21.3753000381
0.22863813201125716	0.07531228	20.1315764734
0.2303834612632515	0.2715889	20.0435614403
0.23212879051524585	0.2057615	19.6644678487
0.23387411976724018	0.3554173	19.6322290701
0.23561944901923448	1.10092	20.5799569204
0.23736477827122882	0.7149289	19.8277075783
0.23911010752322315	0.4832876	18.9296064392
0.2408554367752175	0.608431	18.6080333094
0.24260076602721184	0.2913183	17.7560048132
0.24434609527920614	0.7046103	17.8771812288
0.24609142453120048	1.466406	18.5898168816
0.24783675378319478	1.177354	17.9393467312
0.24958208303518917	1.259707	17.6292820821
0.25132741228718347	1.059981	17.0457884959
0.2530727415391778	0.4588175	16.0247043101
0.2548180707911721	0.9126931	16.4136103051
0.2565634000431664	1.46849	17.0546782489
0.2583087292951608	1.401264	17.0052106706
0.26005405854715513	1.814126	17.5092272919
0.26179938779914946	1.3025	16.8184132949
0.26354471705114374	0.4223691	15.5993363129
0.26529004630313807	0.6217185	15.6339696306
0.26703537555513246	0.8042602	15.6400718625
0.2687807048071268	0.9033955	15.6939049777
0.27052603405912107	1.558266	16.5075041037
0.2722713633111154	1.060545	15.9512836299
0.27401669256310973	0.2911425	15.0357623385
0.2757620218151041	0.310152	14.8588479956
0.2775073510670984	0.2301463	14.3794274026
0.2792526803190927	0.4281469	14.3186086661
0.28099800957108706	1.105767	14.8891133908
0.2827433388230814	0.7809659	14.4059374678
0.2844886680750758	0.3579026	13.9877863455
0.28623399732707	0.2899285	13.8460072104
0.2879793265790644	0.09781848	13.4274313574
0.2897246558310587	0.3389523	13.6729141941
0.29146998508305305	0.8542399	14.2293240699
0.2932153143350474	0.6792692	14.0577461145
0.29496064358704166	0.5430201	14.1108156501
0.296705972839036	0.335684	13.8438079547
0.2984513020910304	0.04726003	13.3118700609
0.3001966313430247	0.1886369	13.4880270466
0.30194196059501904	0.4033239	13.734437549
0.3036872898470133	0.3463255	13.6999234317
0.30543261909900765	0.4573589	14.0206369768
0.307177948351002	0.2253134	13.6820930095
0.3089232776029963	0.03121869	13.155078588
0.3106686068549907	0.1381778	13.1130888012
0.312413936106985	0.1202469	12.850624461
0.3141592653589793	0.2042913	12.6080651634
0.31590459461097364	0.5153682	12.7134531039
0.317649923862968	0.3150084	12.1430969637
0.3193952531149623	0.2722886	11.73893356
0.3211405823669566	0.3849804	11.787116774
0.32288591161895097	0.2502953	11.6496254755
0.3246312408709453	0.4757276	11.8108578261
0.32637657012293964	0.9186413	12.0743182786
0.32812189937493397	0.7412144	11.459296592
0.32986722862692824	0.7201592	10.9990521196
0.33161255787892263	0.6849182	10.7889096813
0.33335788713091696	0.3559066	10.6429724287
0.3351032163829113	0.4950795	11.2957203488
0.3368485456349056	0.8592039	12.1388828393
0.3385938748868999	0.7215918	12.1431200423
0.3403392041388943	0.7601267	12.0030121914
0.3420845333908886	0.6486414	11.4311744023
0.3438298626428829	0.2502267	10.6968106431
0.3455751918948773	0.2342824	10.8499342645
0.34732052114687156	0.3686643	11.4251793142
0.34906585039886595	0.2587534	11.7585205722
0.3508111796508603	0.4082534	12.1357392508
0.35255650890285456	0.3440319	11.7307126825
0.3543018381548489	0.08653034	10.8405503023
0.3560471674068432	0.08253932	10.4058726604
0.35779249665883756	0.09331754	10.2094467129
0.35953782591083194	0.06827505	10.2180105455
0.3612831551628262	0.3310612	10.6344505034
0.36302848441482055	0.3099761	10.4534576029
0.3647738136668149	0.1790438	9.90940356419
0.3665191429188092	0.1847237	9.52307729548
0.3682644721708036	0.09727009	9.12406166931
0.3700098014227978	0.1093026	9.07468387827
0.3717551306747922	0.4060647	9.52736151093
0.37350045992678654	0.4205069	9.57632408759
0.3752457891787809	0.4035951	9.44778022597
0.3769911184307752	0.3929308	9.23279299644
0.3787364476827695	0.1945156	8.80852992948
0.3804817769347638	0.1359044	8.78598313159
0.38222710618675815	0.312051	9.27204816472
0.38397243543875254	0.2948747	9.58868983326
0.38571776469074687	0.3810683	9.94048818249
0.38746309394274114	0.3966721	9.96461156171
0.3892084231947355	0.1913181	9.50364042113
0.3909537524467298	0.1275212	9.26386341783
0.39269908169872414	0.1900059	9.34633019053
0.39444441095071847	0.1125236	9.43565620785
0.3961897402027128	0.2392779	9.87027838884
0.39793506945470714	0.2660832	10.037013434
0.3996803987067014	0.1099276	9.68476260281
0.40142572795869585	0.1109618	9.35982072987
0.4031710572106902	0.1435965	9.04439185639
0.40491638646268446	0.05460685	8.7118838789
0.4066617157146788	0.1978495	8.89606460638
0.4084070449666731	0.2285738	9.03994388474
0.41015237421866746	0.139571	8.91137282576
0.4118977034706618	0.19277	8.76079428218
0.41364303272265607	0.1956728	8.36317215388
0.41538836197465046	0.1009091	7.83079666969
0.41713369122664473	0.2267887	7.77581079524
0.41887902047863906	0.2390386	7.85436976531
0.4206243497306334	0.2241352	8.04226071518
0.4223696789826278	0.3335637	8.33952816833
0.4241150082346221	0.3223283	8.28405204525
0.42586033748661634	0.2339216	7.95435018086
0.4276056667386108	0.30868	7.80316902655
0.4293509959906051	0.2219332	7.62342229723
0.4310963252425994	0.1888152	7.75157511203
0.4328416544945937	0.3174099	8.21932338964
0.43458698374658805	0.3318875	8.50341635945
0.4363323129985824	0.3109959	8.60374750542
0.4380776422505767	0.3881172	8.64693279501
0.4398229715025711	0.2134054	8.31028203989
0.44156830075456543	0.08808427	8.12325067702
0.44331363000655966	0.1490283	8.28181291173
0.445058959258554	0.1567341	8.41637578339
0.4468042885105484	0.1921196	8.56796439476
0.4485496177625427	0.3122432	8.67985156556
0.45029494701453704	0.1667737	8.30997104824
0.45204027626653137	0.03684324	7.94704917438
0.4537856055185257	0.04092361	7.82531802321
0.45553093477052004	0.0233836	7.74899815098
0.4572762640225143	0.06672421	7.80715735339
0.45902159327450864	0.1865772	7.86957048969
0.460766922526503	0.1098289	7.50230244271
0.4625122517784973	0.05757606	7.07596493419
0.4642575810304917	0.04427775	6.75306510815
0.466002910282486	0.01275138	6.55083398097
0.46774823953448036	0.08033819	6.67040735504
0.46949356878647464	0.201824	6.92977043127
0.47123889803846897	0.1820205	6.9061842871
0.47298422729046335	0.2058801	6.77122567836
0.47472955654245763	0.1562857	6.45017710237
0.47647488579445196	0.05561978	6.10040984303
0.4782202150464463	0.11143	6.14121183105
0.4799655442984406	0.2272774	6.4753682212
0.481710873550435	0.2343983	6.7847097516
0.48345620280242924	0.3204158	7.13525461307
0.4852015320544237	0.2777791	7.15990133404
0.48694686130641796	0.1277274	6.90097695017
0.4886921905584123	0.1325025	6.82451144264
0.4904375198104066	0.1885694	6.92822419771
0.49218284906240095	0.1398808	7.08406057572
0.4939281783143953	0.2113563	7.48183169084
0.49567350756638956	0.207403	7.70676027144
0.4974188368183839	0.1054749	7.63445632663
0.49916416607037833	0.1154821	7.55555532422
0.5009094953223726	0.1418816	7.43215372352
0.5026548245743669	0.05309957	7.24654967732
0.5044001538263613	0.07761002	7.3312237205
0.5061454830783556	0.08038917	7.42285296907
0.5078908123303499	0.04128898	7.38633694317
0.5096361415823442	0.07773078	7.31640864747
0.5113814708343386	0.1019391	7.07976476167
0.5131268000863328	0.03909282	6.68901778184
0.5148721293383272	0.06932614	6.49774393978
0.5166174585903216	0.06946257	6.38472293428
0.5183627878423159	0.07266095	6.34690999781
0.5201081170943103	0.1412046	6.39015483477
0.5218534463463045	0.1662383	6.27013363784
0.5235987755982989	0.1257928	5.95685795418
0.5253441048502933	0.154419	5.70992580174
0.5270894341022875	0.1030584	5.44752304669
0.5288347633542818	0.08011113	5.3595286338
0.5305800926062761	0.1694442	5.53569279871
0.5323254218582705	0.2263889	5.68990013617
0.5340707511102649	0.2228645	5.70836919755
0.5358160803622593	0.2583359	5.68684524227
0.5375614096142536	0.1527048	5.44845641305
0.5393067388662478	0.0494349	5.26960622517
0.5410520681182421	0.08624604	5.39257364506
0.5427973973702365	0.1326067	5.62882202584
0.5445427266222308	0.1480465	5.87094710799
0.5462880558742251	0.2138533	6.11581442301
0.5480333851262195	0.138181	6.05416978924
0.5497787143782138	0.03365253	5.87088258007
0.5515240436302082	0.03015311	5.83284934916
0.5532693728822025	0.03803014	5.88116337829
0.5550147021341968	0.04144041	6.02405664294
0.5567600313861911	0.115608	6.29431409468
0.5585053606381855	0.08082548	6.34893815005
0.5602506898901798	0.02316969	6.23815847344
0.5619960191421741	0.02612411	6.10913334776
0.5637413483941685	0.0210714	5.93397942849
0.5654866776461628	0.03157925	5.83093989724
0.5672320068981571	0.1210925	5.92966699934
0.5689773361501516	0.1078387	5.96270517025
0.5707226654021459	0.07867915	5.93891681131
0.57246799465414	0.09265173	5.8700610206
0.5742133239061344	0.0733015	5.64785355131
0.5759586531581288	0.06637148	5.39640831968
0.5777039824101231	0.1434948	5.30522876483
0.5794493116621174	0.1262946	5.22716759074
0.5811946409141118	0.1079394	5.25077685427
0.5829399701661061	0.1465686	5.355230664
0.5846852994181004	0.1404466	5.33123509983
0.5864306286700948	0.1119871	5.19504354053
0.5881759579220891	0.1461751	5.07943428768
0.5899212871740833	0.09521505	4.89009491889
0.5916666164260777	0.05568166	4.8276793062
0.593411945678072	0.09277528	4.96725174713
0.5951572749300664	0.1074911	5.12120137252
0.5969026041820608	0.09349892	5.23286802192
0.598647933434055	0.1224879	5.31761417651
0.6003932626860494	0.06821969	5.2040301614
0.6021385919380438	0.01953951	5.08369007575
0.6038839211900381	0.03514012	5.10277656982
0.6056292504420324	0.04368164	5.17589367008
0.6073745796940266	0.04715852	5.30330746716
0.609119908946021	0.09566658	5.48693632922
0.6108652381980153	0.05929169	5.49155774755
0.6126105674500096	0.02095532	5.42490906264
0.614355896702004	0.03079167	5.40016213265
0.6161012259539983	0.02981633	5.35673467466
0.6178465552059926	0.03816334	5.34538011105
0.6195918844579871	0.1017853	5.42603382126
0.6213372137099814	0.08006279	5.38903253345
0.6230825429619757	0.0503346	5.306292848
0.62482787221397	0.06448576	5.25542361552
0.6265732014659643	0.05657229	5.15694329866
0.6283185307179586	0.04542897	5.05467828711
0.630063859969953	0.09581247	5.04391993257
0.6318091892219473	0.07986535	4.9595577692
0.6335545184739416	0.06298089	4.85967760753
0.635299847725936	0.09316135	4.79639783756
0.6370451769779303	0.09447559	4.67832001542
0.6387905062299246	0.06687578	4.53565343289
0.6405358354819191	0.08749084	4.4803886481
0.6422811647339132	0.05768238	4.39230813381
0.6440264939859075	0.04030692	4.33472831395
0.6457718232379019	0.07941561	4.33894902777
0.6475171524898963	0.1002449	4.29229859
0.6492624817418906	0.08709193	4.19953426392
0.6510078109938849	0.104065	4.16336803538
0.6527531402458793	0.05957042	4.08979558633
0.6544984694978736	0.02279765	4.07554464731
0.6562437987498679	0.05061005	4.17179518779
0.6579891280018623	0.07759852	4.24553845129
0.6597344572538565	0.08267713	4.25512619454
0.6614797865058508	0.118484	4.27129419487
0.6632251157578453	0.08011122	4.1957705453
0.6649704450098396	0.02842304	4.15798400078
0.6667157742618339	0.03807918	4.28024292388
0.6684611035138281	0.05301536	4.45446910581
0.6702064327658226	0.04738222	4.59731854065
0.6719517620178169	0.08714247	4.73131836239
0.6736970912698113	0.07134885	4.70195344009
0.6754424205218056	0.03230845	4.59052049703
0.6771877497737998	0.04001312	4.56805042642
0.6789330790257941	0.04620115	4.62357663698
0.6806784082777886	0.01842563	4.73569153281
0.6824237375297829	0.04037769	4.96263252596
0.6841690667817772	0.03717467	5.11662805115
0.6859143960337715	0.0196014	5.14211828871
0.6876597252857658	0.03741707	5.10349899275
0.6894050545377601	0.04819521	4.98663798529
0.6911503837897546	0.01718123	4.83643070093
0.6928957130417489	0.0294654	4.84162399559
0.6946410422937431	0.02773982	4.94399103587
0.6963863715457375	0.02229604	5.09707857123
0.6981317007977319	0.05576494	5.27475231328
0.6998770300497262	0.08048685	5.33357921977
0.7016223593017206	0.05194543	5.19669602014
0.7033676885537148	0.05478671	5.02751497174
0.7051130178057091	0.04099144	4.86288753564
0.7068583470577035	0.02713728	4.7915824991
0.7086036763096978	0.07228737	4.90865797343
0.7103490055616921	0.1229377	5.10231058932
0.7120943348136864	0.1033591	5.20119872307
0.7138396640656808	0.0990915	5.23707472451
0.7155849933176751	0.07755573	5.14987847758
0.7173303225696696	0.04100112	4.98163613012
0.7190756518216639	0.06069629	4.89365936896
0.7208209810736581	0.1088183	4.91026876321
0.7225663103256524	0.09186554	4.94779356921
0.7243116395776468	0.0898825	5.06853958312
0.7260569688296411	0.09025529	5.18292908286
0.7278022980816354	0.06219965	5.20799749584
0.7295476273336298	0.05171567	5.1979083441
0.7312929565856241	0.07011935	5.17251442137
0.7330382858376184	0.04226502	5.08744570057
0.7347836150896128	0.03486148	5.07337416174
0.7365289443416072	0.04905871	5.13051839051
0.7382742735936013	0.04437482	5.19074330695
0.7400196028455956	0.034121	5.26236404171
0.7417649320975901	0.04228072	5.32858859965
0.7435102613495844	0.01651518	5.30185441665
0.7452555906015788	0.009166991	5.27899232634
0.7470009198535731	0.0193601	5.2812362451
0.7487462491055674	0.02044217	5.26892688064
0.7504915783575618	0.02268951	5.26945803928
0.7522369076095561	0.03971455	5.28909607735
0.7539822368615504	0.0182047	5.24042742217
0.7557275661135446	0.01219603	5.21099474354
0.757472895365539	0.02343619	5.23095505265
0.7592182246175333	0.02576185	5.24682921365
0.7609635538695276	0.03570245	5.26412115232
0.7627088831215221	0.063928	5.2831120346
0.7644542123735163	0.03999493	5.19252701382
0.7661995416255106	0.02448119	5.06991316169
0.7679448708775051	0.04183244	4.98977480696
0.7696902001294994	0.04937002	4.92749768218
0.7714355293814937	0.05007686	4.90659658876
0.773180858633488	0.07579641	4.96911292456
0.7749261878854823	0.05348064	4.98740512608
0.7766715171374766	0.03014046	4.95903635594
0.778416846389471	0.0517663	4.91355913356
0.7801621756414654	0.06808441	4.79512951631
0.7819075048934596	0.0537349	4.61973846652
0.783652834145454	0.06546571	4.52161001863
0.7853981633974483	0.05032545	4.47663163761
0.7871434926494427	0.02660091	4.49503570953
0.7888888219014369	0.04255068	4.58830732054
0.7906341511534312	0.06259449	4.64388210407
0.7923794804054256	0.04284902	4.56727134281
0.7941248096574199	0.04664501	4.44502996162
0.7958701389094143	0.04300945	4.29104924526
0.7976154681614087	0.02613369	4.1610825125
0.7993607974134028	0.0329074	4.14588344843
0.8011061266653973	0.04882003	4.21468114297
0.8028514559173917	0.02727657	4.25916345004
0.8045967851693859	0.02763299	4.294884502
0.8063421144213804	0.03373998	4.26909848391
0.8080874436733746	0.02725403	4.16541217345
0.8098327729253689	0.03203998	4.06443789516
0.8115781021773633	0.0453923	4.01312194988
0.8133234314293576	0.02030827	3.97933613792
0.815068760681352	0.01325205	4.02024699687
0.8168140899333463	0.02231795	4.09111728171
0.8185594191853405	0.02358166	4.11151283189
0.8203047484373349	0.03065612	4.08187255197
0.8220500776893291	0.04750563	4.02340864639
0.8237954069413236	0.02277882	3.91610102628
0.8255407361933178	0.007851475	3.86607592995
0.8272860654453121	0.01489304	3.903925973
0.8290313946973066	0.01771777	3.97117122334
0.8307767239493009	0.02350005	4.0362494112
0.8325220532012952	0.04602763	4.07334369467
0.8342673824532895	0.02867595	3.99842044939
0.8360127117052839	0.01243353	3.8887540874
0.8377580409572781	0.02063099	3.82283293463
0.8395033702092726	0.02310061	3.79736889812
0.8412486994612668	0.02036236	3.82727248557
0.8429940287132611	0.04386548	3.9276369608
0.8447393579652556	0.03652954	3.97901658371
0.8464846872172498	0.02514872	3.97400187071
0.8482300164692442	0.04440195	3.94825926896
0.8499753457212387	0.05415195	3.86559610206
0.8517206749732327	0.03394034	3.74281368166
0.8534660042252271	0.04236875	3.69885729032
0.8552113334772216	0.04069475	3.70464065508
0.8569566627292158	0.03408947	3.74655221157
0.8587019919812102	0.06571768	3.84218932971
0.8604473212332044	0.09564027	3.89655083915
0.8621926504851988	0.06607864	3.81463164446
0.8639379797371932	0.05230383	3.70326621262
0.8656833089891874	0.05386604	3.60260218346
0.8674286382411819	0.04440227	3.51680854982
0.8691739674931761	0.05682882	3.51122480704
0.8709192967451703	0.08880633	3.57537859746
0.8726646259971648	0.06778792	3.58636757366
0.8744099552491592	0.05120822	3.5735938143
0.8761552845011534	0.06873735	3.55143858786
0.8779006137531478	0.06947893	3.46118267269
0.8796459430051422	0.04799213	3.33062969616
0.8813912722571364	0.05063332	3.25432234048
0.8831366015091309	0.03581148	3.20442800301
0.8848819307611251	0.02154492	3.19785241587
0.8866272600131193	0.03918655	3.24336560682
0.8883725892651138	0.05387966	3.25671331658
0.890117918517108	0.03088052	3.17572597829
0.8918632477691024	0.02180001	3.0682611199
0.8936085770210968	0.01766088	2.95192601978
0.895353906273091	0.009387756	2.85627372695
0.8970992355250854	0.007485357	2.82286565955
0.8988445647770799	0.01351404	2.84101102817
0.9005898940290741	0.004033016	2.84937994872
0.9023352232810685	0.004048169	2.84403290798
0.9040805525330627	0.003819603	2.79044633276
0.905825881785057	0.002186032	2.69014681223
0.9075712110370514	0.001696668	2.5828854327
0.9093165402890457	0.005985119	2.50784782213
0.9110618695410401	0.004445664	2.47041466384
0.9128071987930344	0.01541202	2.49236020672
0.9145525280450286	0.01474365	2.52106274254
0.9162978572970231	0.01137735	2.5239499565
0.9180431865490173	0.02480468	2.50198829932
0.9197885158010117	0.03799214	2.44337171181
0.921533845053006	0.02062832	2.33913056146
0.9232791743050003	0.02017086	2.27727074052
0.9250245035569946	0.03082688	2.27501013212
0.9267698328089891	0.03659089	2.30670063714
0.9285151620609834	0.05864268	2.3696826545
0.9302604913129776	0.08901331	2.42615829947
0.932005820564972	0.0666581	2.38937368661
0.9337511498169663	0.04479805	2.32236715348
0.9354964790689607	0.05867829	2.28887625788
0.9372418083209549	0.0625415	2.26672684179
0.9389871375729493	0.04990876	2.26819388218
0.9407324668249436	0.06860587	2.34036729552
0.9424777960769379	0.07297364	2.40507387343
0.9442231253289324	0.06811817	2.44238071411
0.9459684545809267	0.09441364	2.48266151766
0.9477137838329208	0.1082615	2.47591173426
0.9494591130849153	0.06241849	2.39336030043
0.9512044423369097	0.0371228	2.35570549207
0.9529497715889039	0.04250223	2.38765838157
0.9546951008408984	0.04295205	2.45048778734
0.9564404300928926	0.0560232	2.55101118237
0.9581857593448869	0.08327815	2.65160215595
0.9599310885968813	0.06408189	2.65407428975
0.9616764178488756	0.04146668	2.6132921797
0.96342174710087	0.04816357	2.58527190944
0.9651670763528643	0.04287203	2.54578627379
0.9669124056048585	0.01843384	2.52027552216
0.9686577348568529	0.02245469	2.57260237795
0.9704030641088474	0.02337597	2.64452616363
0.9721483933608416	0.02095699	2.71455926739
0.9738937226128359	0.03780629	2.78672951547
0.9756390518648302	0.04660965	2.79643732307
0.9773843811168246	0.01920541	2.71011823669
0.979129710368819	0.007461583	2.62501034073
0.9808750396208132	0.007986665	2.57143378453
0.9826203688728075	0.00665855	2.5547730486
0.9843656981248019	0.01911377	2.60714069912
0.9861110273767961	0.03819423	2.6963125263
0.9878563566287906	0.02449162	2.73035657951
0.9896016858807848	0.01538753	2.72805472033
0.9913470151327791	0.02095315	2.69444124039
0.9930923443847736	0.01834558	2.60168064721
0.9948376736367678	0.01504595	2.49045139811
0.9965830028887622	0.02901887	2.43062885323
0.9983283321407567	0.02368339	2.40182705095
1.0000736613927508	0.02084242	2.42291901365
1.0018189906447452	0.04108441	2.49598602257
1.0035643198967397	0.05106384	2.53708246505
1.0053096491487339	0.0333218	2.48829809495
1.0070549784007283	0.03070063	2.40200111992
1.0088003076527225	0.02792753	2.28761490993
1.0105456369047168	0.02187115	2.17069609219
1.0122909661567112	0.03597592	2.11341268946
1.0140362954087054	0.05427979	2.11641893832
1.0157816246606999	0.03857686	2.1205724594
1.017526953912694	0.03279781	2.14295862292
1.0192722831646883	0.04616211	2.16239647927
1.0210176124166828	0.0469814	2.11864068193
1.0227629416686772	0.03737005	2.01644191259
1.0245082709206714	0.04019901	1.91066918582
1.0262536001726656	0.02744676	1.80332150801
1.02799892942466	0.01799023	1.7385667986
1.0297442586766543	0.03372439	1.7473672956
1.0314895879286488	0.04672851	1.7817553127
1.0332349171806432	0.03322926	1.78664103703
1.0349802464326374	0.0311321	1.77815791063
1.0367255756846319	0.03326425	1.73422459936
1.038470904936626	0.02639147	1.64763034456
1.0402162341886205	0.02266929	1.55711022337
1.041961563440615	0.02609983	1.49039194264
1.043706892692609	0.01300716	1.43756034791
1.0454522219446034	0.009599485	1.43317834521
1.0471975511965979	0.02250846	1.46919243546
1.048942880448592	0.02922294	1.49462267314
1.0506882097005865	0.02193419	1.48336628595
1.0524335389525807	0.02101962	1.44730061187
1.054178868204575	0.01272945	1.37373826504
1.0559241974565694	0.005068957	1.29670159696
1.0576695267085636	0.008922483	1.25407779143
1.059414855960558	0.01588587	1.2425161559
1.0611601852125523	0.01087088	1.2435150128
1.0629055144645467	0.01377747	1.26985751549
1.064650843716541	0.01708461	1.29050744584
1.0663961729685354	0.01488502	1.28271313148
1.0681415022205298	0.01252048	1.25379268521
1.069886831472524	0.01397911	1.21242451982
1.0716321607245185	0.00458809	1.15398601036
1.0733774899765127	0.003119954	1.12217934986
1.0751228192285072	0.01174095	1.12934078657
1.0768681484805014	0.01784311	1.15024230227
1.0786134777324956	0.01621989	1.16706730041
1.08035880698449	0.01908527	1.18226150045
1.0821041362364843	0.01286292	1.16865304248
1.0838494654884787	0.006776124	1.13759095539
1.085594794740473	0.01023625	1.11269778776
1.0873401239924672	0.01484267	1.09309237324
1.0890854532444616	0.007274528	1.07115412855
1.0908307824964558	0.008480601	1.07803852547
1.0925761117484503	0.01412398	1.10414905137
1.0943214410004447	0.01565697	1.12360622242
1.096066770252439	0.01505825	1.12778879208
1.0978120995044334	0.01758833	1.11926016892
1.0995574287564276	0.008591741	1.08392586701
1.101302758008422	0.003373836	1.05016761518
1.1030480872604165	0.008134549	1.04010273374
1.1047934165124107	0.01165609	1.04714842067
1.106538745764405	0.005490168	1.05888652851
1.1082840750163994	0.006950406	1.08663682453
1.1100294042683936	0.008840453	1.10855086245
1.111774733520388	0.008857652	1.10723780772
1.1135200627723822	0.009236895	1.08297664796
1.1152653920243765	0.01093659	1.04846034743
1.117010721276371	0.003592189	1.00869629537
1.1187560505283651	0.0006601785	0.993404301985
1.1205013797803596	0.002480579	1.01050492568
1.1222467090323538	0.004152695	1.04664871676
1.1239920382843482	0.001692159	1.07852150295
1.1257373675363425	0.003739211	1.0984122875
1.127482696788337	0.003547906	1.08913236979
1.1292280260403311	0.004057437	1.05395271656
1.1309733552923256	0.00328395	1.00577797513
1.13271868454432	0.003323791	0.970077670963
1.1344640137963142	0.001045472	0.959198574482
1.1362093430483085	0.001796938	0.981170080992
1.1379546723003031	2.702066e-7	1.01973721514
1.1397000015522971	0.0004868171	1.05917859415
1.1414453308042918	0.001054336	1.07606768616
1.143190660056286	0.002239419	1.063082549
1.14493598930828	0.0009874157	1.0229830877
1.1466813185602747	0.00275456	0.976684880355
1.1484266478122689	0.0005153297	0.937101849301
1.1501719770642633	0.0001029992	0.927285948882
1.1519173063162575	0.00316253	0.951183246197
1.1536626355682518	0.006245098	0.992858210004
1.1554079648202462	0.001186136	1.02455053335
1.1571532940722404	0.0002407776	1.04122318198
1.1588986233242349	0.001385743	1.03101377886
1.160643952576229	0.001522177	0.995304217742
1.1623892818282235	0.0005192757	0.94999240173
1.1641346110802178	0.00357983	0.918692553272
1.1658799403322122	0.00148195	0.904479580186
1.1676252695842066	0.001608031	0.91985284837
1.1693705988362009	0.005996047	0.958891887062
1.171115928088195	0.008617926	0.996137918163
1.1728612573401895	0.002330764	1.00660822266
1.1746065865921838	0.0005277755	0.99821301344
1.1763519158441782	0.001536372	0.971587737873
1.1780972450961724	0.002149445	0.934564278712
1.1798425743481666	0.001127127	0.903823195183
1.181587903600161	0.003909779	0.897115668478
1.1833332328521553	0.003701874	0.907610944933
1.18507856210415	0.004526093	0.935706501931
1.186823891356144	0.006034886	0.969875071879
1.1885692206081382	0.007122744	0.989851332182
1.1903145498601329	0.002392996	0.980594834361
1.192059879112127	0.0007453556	0.958366350834
1.1938052083641215	0.002077205	0.932264286411
1.1955505376161157	0.004033042	0.911017693414
1.19729586686811	0.001380509	0.902820666645
1.1990411961201044	0.002274174	0.917285066615
1.2007865253720988	0.00483415	0.941772491885
1.2025318546240933	0.006417249	0.967541088877
1.2042771838760875	0.003973878	0.983415883407
1.2060225131280817	0.004219877	0.983247456471
1.2077678423800762	0.00254169	0.963479846245
1.2095131716320704	0.001622328	0.942411248707
1.2112585008840648	0.003156648	0.930775575752
1.213003830136059	0.00597788	0.932518810542
1.2147491593880533	0.001690243	0.9430870894
1.2164944886400477	0.0009298485	0.96431400457
1.218239817892042	0.005501709	0.983712459393
1.2199851471440364	0.007674754	0.992047678719
1.2217304763960306	0.002581716	0.985025160853
1.2234758056480248	0.002519836	0.972140725132
1.2252211349000193	0.004043102	0.957288362837
1.2269664641520137	0.004534527	0.951375290033
1.228711793404008	0.005182489	0.957147329559
1.2304571226560024	0.007809194	0.972150205972
1.2322024519079966	0.004084076	0.983998651098
1.233947781159991	0.002563121	0.992407816665
1.2356931104119853	0.006306485	0.993052991025
1.23743843966398	0.008351065	0.984200863759
1.2391837689159741	0.002456112	0.966662201431
1.2409290981679681	0.002238527	0.956019100072
1.2426744274199628	0.007244817	0.955707108675
1.244419756671957	0.010016	0.963809129369
1.2461650859239515	0.007816599	0.973911521548
1.2479104151759457	0.008796099	0.985205301315
1.24965574442794	0.007791812	0.987228329737
1.2514010736799344	0.005870661	0.980065103932
1.2531464029319286	0.006180484	0.967258720652
1.254891732183923	0.007965824	0.953776048028
1.2566370614359172	0.002979943	0.93912696447
1.2583823906879115	0.002845954	0.937073420563
1.260127719939906	0.01137869	0.948943133147
1.2618730491919004	0.01640188	0.96277345071
1.2636183784438946	0.009965718	0.967004746477
1.265363707695889	0.00855277	0.968190936839
1.2671090369478832	0.01104492	0.961891712179
1.2688543661998777	0.008945204	0.947498131906
1.270599695451872	0.005336174	0.932723277936
1.2723450247038663	0.007168432	0.925998479335
1.2740903539558606	0.004186025	0.921724051051
1.2758356832078548	0.004527146	0.927746751952
1.2775810124598492	0.01527099	0.943605897209
1.2793263417118435	0.02143534	0.953719457131
1.2810716709638381	0.01162056	0.947456265591
1.2828170002158321	0.008188941	0.94012893128
1.2845623294678263	0.01297642	0.933128678354
1.286307658719821	0.01085792	0.923214134542
1.288052987971815	0.004382773	0.916037602095
1.2897983172238097	0.006209749	0.918802786788
1.2915436464758039	0.006001872	0.921503786387
1.293288975727798	0.007321397	0.927188779884
1.2950343049797925	0.0173895	0.936429768195
1.296779634231787	0.02311829	0.937941917825
1.2985249634837812	0.01286992	0.925205828825
1.3002702927357757	0.008478638	0.916149675087
1.3020156219877699	0.01339129	0.913688359761
1.3037609512397643	0.01157578	0.911757531558
1.3055062804917585	0.00361501	0.911220158314
1.307251609743753	0.004938401	0.917617270304
1.3089969389957472	0.008176886	0.921075806801
1.3107422682477414	0.01095445	0.921137664375
1.3124875974997359	0.01747391	0.919045630668
1.31423292675173	0.02189529	0.911701530736
1.3159782560037245	0.01463243	0.89708935494
1.3177235852557188	0.01032441	0.88983146224
1.319468914507713	0.01337057	0.8924030059
1.3212142437597074	0.01198974	0.898051796003
1.3229595730117016	0.003619363	0.901778506548
1.324704902263696	0.004067718	0.906813136005
1.3264502315156905	0.0108124	0.906438308593
1.3281955607676847	0.01509584	0.898375770457
1.3299408900196792	0.01661306	0.884818571434
1.3316862192716734	0.019331	0.872400760627
1.3334315485236679	0.01664457	0.862400063059
1.335176877775662	0.01281379	0.861231766656
1.3369222070276563	0.01266056	0.868624896097
1.338667536279651	0.01153752	0.879148081137
1.3404128655316452	0.003989361	0.883901313271
1.3421581947836396	0.003555088	0.884709766702
1.3439035240356338	0.01214436	0.879897231643
1.345648853287628	0.01701023	0.867066735554
1.3473941825396225	0.01380441	0.848007046498
1.3491395117916167	0.01478915	0.836106627785
1.3508848410436112	0.01676082	0.834518675067
1.3526301702956054	0.01405263	0.840936419307
1.3543754995475996	0.01041789	0.852002242988
1.356120828799594	0.009319646	0.865437887997
1.3578661580515883	0.004106799	0.870389051607
1.3596114873035827	0.00295609	0.866120345063
1.3613568165555772	0.01074212	0.855870717478
1.3631021458075714	0.01547681	0.840551438861
1.3648474750595658	0.009826509	0.822127116692
1.36659280431156	0.01004466	0.816922895419
1.3683381335635545	0.01641942	0.827642807924
1.3700834628155487	0.01564308	0.842339179704
1.371828792067543	0.00879204	0.852818837241
1.3735741213195374	0.007394462	0.861551795839
1.3753194505715316	0.005615527	0.86077049362
1.3770647798235263	0.00409133	0.849800880223
1.3788101090755203	0.009186157	0.837228569522
1.3805554383275145	0.01368796	0.827522688916
1.3823007675795091	0.008187607	0.818631576616
1.3840460968315031	0.008445533	0.822203592664
1.3857914260834978	0.01774885	0.838636799881
1.387536755335492	0.01859417	0.85167675254
1.3892820845874863	0.009100439	0.853648896157
1.3910274138394807	0.007008368	0.854940189088
1.392772743091475	0.008369246	0.85236695754
1.3945180723434694	0.006556915	0.842115574741
1.3962634015954638	0.007977731	0.831706297793
1.398008730847458	0.01172896	0.826643558991
1.3997540600994525	0.007819849	0.822487129482
1.4014993893514467	0.008153047	0.82788352245
1.4032447186034411	0.01763426	0.844508107167
1.4049900478554354	0.01909775	0.856816552012
1.4067353771074296	0.008598502	0.856124331624
1.408480706359424	0.005857608	0.853404847563
1.4102260356114182	0.009114341	0.847033206833
1.4119713648634127	0.007211104	0.832307812186
1.413716694115407	0.004988004	0.8182576855
1.4154620233674011	0.007475693	0.815412263472
1.4172073526193956	0.006207976	0.819960406328
1.4189526818713898	0.006852924	0.833405333112
1.4206980111233842	0.0142007	0.852536647209
1.4224433403753785	0.0160615	0.862026573632
1.424188669627373	0.00739962	0.853308103789
1.4259339988793673	0.004841443	0.838817601814
1.4276793281313616	0.008839032	0.82405956556
1.429424657383356	0.007287449	0.808942086145
1.4311699866353502	0.002273111	0.801013190599
1.4329153158873444	0.003425276	0.808780632587
1.434660645139339	0.005455657	0.824637903672
1.436405974391333	0.006915313	0.840949146838
1.4381513036433278	0.01114271	0.852282334173
1.439896632895322	0.01357476	0.852041900621
1.4416419621473162	0.008821186	0.837550081586
1.4433872913993107	0.006829067	0.820192633908
1.4451326206513049	0.009888804	0.80753554378
1.4468779499032993	0.008469349	0.800348508446
1.4486232791552935	0.001976359	0.80058699402
1.4503686084072878	0.001886577	0.813372176252
1.4521139376592822	0.006386178	0.832591668546
1.4538592669112764	0.008493034	0.848349037201
1.4556045961632709	0.009241431	0.854968153265
1.457349925415265	0.01153925	0.852735406242
1.4590952546672595	0.01097227	0.841109118928
1.460840583919254	0.009412866	0.825009165061
1.4625859131712482	0.009727586	0.81193483919
1.4643312424232426	0.008195221	0.808041361141
1.4660765716752369	0.002443289	0.814043242876
1.467821900927231	0.001332349	0.831063510122
1.4695672301792255	0.006084359	0.853881752745
1.4713125594312197	0.008219698	0.870827266531
1.4730578886832144	0.005984171	0.873134689436
1.4748032179352084	0.007657491	0.86531246036
1.4765485471872026	0.01143605	0.851403304258
1.4782938764391973	0.01100481	0.832869691288
1.4800392056911913	0.007949331	0.817557772381
1.481784534943186	0.00665871	0.81762789479
1.4835298641951802	0.004054981	0.831206451738
1.4852751934471744	0.002236244	0.850389375002
1.4870205226991688	0.005033846	0.86951759498
1.488765851951163	0.007013596	0.880162984199
1.4905111812031575	0.003581313	0.873683870865
1.4922565104551517	0.004981315	0.858041191266
1.4940018397071462	0.01263606	0.842491525299
1.4957471689591406	0.01380779	0.825601040648
1.4974924982111348	0.007725698	0.812028589553
1.4992378274631293	0.006693469	0.816673325837
1.5009831567151235	0.008063422	0.835708399894
1.5027284859671177	0.005717507	0.85322892628
1.5044738152191122	0.004935291	0.864485905237
1.5062191444711064	0.006404719	0.868672814119
1.5079644737231008	0.003767947	0.859110329538
1.509709802975095	0.004800346	0.842525793754
1.5114551322270893	0.01338551	0.830445560752
1.5132004614790837	0.0154099	0.82076071968
1.514945790731078	0.007856557	0.813734629243
1.5166911199830724	0.006821193	0.822978641877
1.5184364492350666	0.0112514	0.844794152428
1.520181778487061	0.008810788	0.859702928917
1.5219271077390553	0.00392334	0.863881686072
1.5236724369910497	0.004341974	0.864664612199
1.5254177662430441	0.004298628	0.858417760209
1.5271630954950384	0.004775668	0.845976655068
1.5289084247470326	0.01050504	0.837442173579
1.5306537539990273	0.0129005	0.833896926561
1.5323990832510213	0.007383771	0.832395083855
1.534144412503016	0.00684499	0.840911248406
1.5358897417550101	0.01253562	0.858005523546
1.5376350710070041	0.01091406	0.867194946375
1.5393804002589988	0.003438476	0.86453966419
1.541125729510993	0.002786376	0.861360275022
1.5428710587629875	0.006134755	0.857496092464
1.5446163880149817	0.006349566	0.847376779785
1.546361717266976	0.007061034	0.837686368109
1.5481070465189704	0.009632791	0.835795894965
1.5498523757709646	0.009290284	0.838076610152
1.551597705022959	0.009482462	0.842825992326
1.5533430342749532	0.0131939	0.850099943311
1.5550883635269477	0.01252529	0.852434558717
1.556833692778942	0.005733149	0.845904048843
1.5585790220309363	0.004156613	0.839550952819
1.5603243512829308	0.008821237	0.83720977414
1.562069680534925	0.008794822	0.83179394244
1.5638150097869192	0.004782163	0.824835631547
1.5655603390389137	0.006510042	0.826862507099
1.567305668290908	0.01144201	0.835451999153
1.5690509975429023	0.01198233	0.839171987366
1.5707963267948966	0.01074326	0.837648831603
1.5725416560468908	0.01089464	0.835967004659
1.5742869852988854	0.009159147	0.831765803054
1.5760323145508797	0.007421874	0.825181106683
1.5777776438028739	0.009665575	0.822815425614
1.579522973054868	0.009762829	0.823990457208
1.5812683023068623	0.004770476	0.825352114034
1.583013631558857	0.005296081	0.833012787041
1.5847589608108512	0.01305845	0.846415094427
1.5865042900628454	0.01424079	0.849392166075
1.5882496193148399	0.008629961	0.838545116827
1.589994948566834	0.009708029	0.829034119665
1.5917402778188285	0.0152402	0.823641539167
1.593485607070823	0.01432101	0.813898114937
1.5952309363228174	0.01155706	0.807421769863
1.5969762655748114	0.01221033	0.814198268996
1.5987215948268056	0.01103157	0.826361042766
1.6004669240788003	0.01030918	0.836346448146
1.6022122533307945	0.01545623	0.844437674943
1.6039575825827892	0.01647063	0.840987755136
1.6057029118347834	0.009806699	0.821830809225
1.6074482410867772	0.01046715	0.804425458425
1.6091935703387719	0.01945369	0.797720568583
1.610938899590766	0.01928102	0.78926240326
1.6126842288427607	0.01197734	0.781966108834
1.614429558094755	0.01250502	0.791962324239
1.6161748873467492	0.01676821	0.811660630383
1.6179202165987434	0.01468196	0.821480713607
1.6196655458507379	0.01217013	0.822728942993
1.6214108751027323	0.01211503	0.819999973435
1.6231562043547265	0.009539505	0.808164916757
1.624901533606721	0.008975645	0.792180565228
1.6266468628587152	0.01496851	0.78291512889
1.6283921921107094	0.01604341	0.775095759827
1.630137521362704	0.009659214	0.768314257944
1.6318828506146983	0.01050307	0.778166669603
1.6336281798666925	0.01885833	0.802895684594
1.6353735091186867	0.01758048	0.818237897774
1.637118838370681	0.009173338	0.820141866335
1.6388641676226756	0.008907918	0.821084680977
1.6406094968746698	0.01344347	0.816392540828
1.642354826126664	0.01218834	0.796697799164
1.6441001553786583	0.01118745	0.774918129335
1.6458454846306525	0.01396208	0.763514865671
1.6475908138826472	0.01471447	0.761584625242
1.6493361431346414	0.01639395	0.771585657724
1.6510814723866356	0.02342456	0.794356933427
1.6528268016386303	0.02384836	0.811735281001
1.6545721308906243	0.0153508	0.813555836769
1.6563174601426187	0.01398961	0.810590016796
1.6580627893946132	0.02078197	0.804245945066
1.6598081186466074	0.0185914	0.78147304898
1.6615534478986018	0.01113703	0.752544138573
1.6632987771505963	0.01361797	0.74080202211
1.6650441064025905	0.02131991	0.746313041194
1.6667894356545847	0.02233688	0.75545090732
1.668534764906579	0.02172141	0.769378671761
1.6702800941585736	0.02262447	0.786826809397
1.6720254234105678	0.02023821	0.796069275008
1.673770752662562	0.01731695	0.79402447466
1.6755160819145563	0.01917387	0.786273513908
1.6772614111665505	0.01712998	0.767940563826
1.6790067404185451	0.009736852	0.742594254693
1.6807520696705394	0.01044481	0.730312234743
1.6824973989225336	0.01997015	0.736921236881
1.684242728174528	0.02073014	0.744963737832
1.6859880574265222	0.01422743	0.753413950812
1.6877333866785167	0.01607811	0.77362652916
1.6894787159305111	0.02281273	0.795090642641
1.6912240451825054	0.02027803	0.796879705067
1.6929693744344996	0.01487778	0.783623588216
1.6947147036864938	0.01457308	0.766109770717
1.6964600329384885	0.01414969	0.744862835055
1.6982053621904827	0.01323584	0.727008597691
1.6999506914424773	0.01806108	0.725537349042
1.7016960206944716	0.01952306	0.733657143464
1.7034413499464653	0.01403096	0.744839761367
1.70518667919846	0.01564031	0.766294972237
1.7069320084504542	0.025318	0.790715609486
1.708677337702449	0.02366473	0.791900698026
1.7104226669544431	0.01405386	0.771760670043
1.7121679962064373	0.01453231	0.752968095185
1.7139133254584316	0.02082022	0.738811512731
1.7156586547104258	0.01845318	0.721801215659
1.7174039839624204	0.0146479	0.714459009825
1.7191493132144147	0.01578295	0.724306874906
1.7208946424664089	0.01599162	0.741276005537
1.7226399717184033	0.01529513	0.758782002334
1.7243853009703975	0.01910901	0.776592234956
1.726130630222392	0.01871373	0.78152467526
1.7278759594743864	0.01229709	0.770611818321
1.7296212887263807	0.01256373	0.759707219755
1.7313666179783749	0.02009298	0.753784528557
1.733111947230369	0.01816061	0.739784743237
1.7348572764823638	0.009956921	0.725664491199
1.736602605734358	0.01062354	0.73014116608
1.7383479349863522	0.01660751	0.748705376532
1.7400932642383464	0.0144642	0.763675802404
1.7418385934903406	0.01049874	0.776318332837
1.7435839227423353	0.01188979	0.787781660276
1.7453292519943295	0.01381606	0.789210380749
1.7470745812463238	0.01389812	0.77917346651
1.7488199104983184	0.01718519	0.767089034641
1.7505652397503124	0.01758603	0.751922135517
1.7523105690023069	0.01281826	0.737407260595
1.7540558982543013	0.01248178	0.737345792721
1.7558012275062955	0.01805914	0.751809486028
1.75754655675829	0.01550249	0.761078963083
1.7592918860102844	0.007919078	0.763530056354
1.7610372152622786	0.009247151	0.770138429264
1.7627825445142729	0.01659066	0.776351164413
1.764527873766267	0.01630681	0.769370300955
1.7662732030182617	0.01348831	0.757564217702
1.768018532270256	0.0153787	0.750442283282
1.7697638615222502	0.01733402	0.744802746973
1.7715091907742444	0.01497974	0.738286385244
1.7732545200262386	0.01393378	0.737281241645
1.7749998492782333	0.01183863	0.737816745086
1.7767451785302275	0.007054195	0.73815567998
1.7784905077822217	0.006645892	0.746050935101
1.780235837034216	0.01288055	0.761171705868
1.7819811662862104	0.01293392	0.766501122253
1.7837264955382048	0.007902973	0.762125318286
1.785471824790199	0.010108	0.760765857352
1.7872171540421935	0.01694207	0.760524917774
1.7889624832941877	0.01404388	0.749776054823
1.790707812546182	0.00742515	0.738050417535
1.7924531417981766	0.006758858	0.736216669677
1.7941984710501708	0.007831422	0.7406751055
1.7959438003021653	0.005844914	0.746804271959
1.7976891295541597	0.007182312	0.758780723092
1.7994344588061535	0.008491837	0.769487143399
1.8011797880581482	0.006783456	0.77375386504
1.8029251173101424	0.008600561	0.776924845569
1.804670446562137	0.01499218	0.779045822858
1.8064157758141313	0.013077	0.767139690594
1.8081611050661255	0.006033207	0.747283641008
1.8099064343181197	0.005523139	0.736183164356
1.811651763570114	0.009112869	0.735289363966
1.8133970928221086	0.006525369	0.735118250811
1.8151424220741028	0.003714092	0.74152903954
1.816887751326097	0.005696647	0.757269752836
1.8186330805780915	0.008847995	0.772954150885
1.8203784098300857	0.009347361	0.779550259535
1.8221237390820801	0.01045994	0.778888064631
1.8238690683340746	0.009783221	0.768187948418
1.8256143975860688	0.006970119	0.749978837293
1.827359726838063	0.005257118	0.734796586728
1.8291050560900572	0.006817874	0.729553438445
1.830850385342052	0.0052104	0.727446954938
1.8325957145940461	0.001903136	0.731399324403
1.8343410438460404	0.003588083	0.748745412328
1.8360863730980346	0.009713186	0.773127766042
1.8378317023500288	0.009447107	0.786715983331
1.8395770316020235	0.005800921	0.789375787051
1.8413223608540177	0.006581834	0.786066635928
1.843067690106012	0.009129471	0.774361256025
1.8448130193580066	0.006180618	0.753349819898
1.8465583486100006	0.004057592	0.736393514394
1.848303677861995	0.004032687	0.729061981663
1.8500490071139892	0.003187094	0.732613797274
1.8517943363659837	0.004318131	0.749798189418
1.8535396656179781	0.01023131	0.776250041636
1.8552849948699723	0.01009807	0.791869958694
1.8570303241219668	0.005296576	0.792023365914
1.858775653373961	0.005959659	0.784801230107
1.8605209826259552	0.009842494	0.770968737811
1.8622663118779499	0.006214889	0.746048424216
1.864011641129944	0.002014159	0.72436105033
1.8657569703819383	0.002800927	0.71742879382
1.8675022996339325	0.004852896	0.722597983479
1.8692476288859268	0.005175782	0.732722690462
1.8709929581379214	0.007401573	0.747368805843
1.8727382873899157	0.007486376	0.758569376606
1.8744836166419099	0.005489293	0.762175069508
1.876228945893904	0.004716567	0.760437359834
1.8779742751458985	0.005943851	0.75561153818
1.879719604397893	0.003615973	0.742084544845
1.8814649336498872	0.0006598655	0.725892677997
1.8832102629018816	0.001076821	0.717752576655
1.8849555921538759	0.004737139	0.720313781447
1.88670092140587	0.004685166	0.725627303834
1.8884462506578648	0.003075086	0.736719017342
1.890191579909859	0.004662809	0.755944820241
1.8919369091618534	0.008354234	0.77480815053
1.8936822384138474	0.006536779	0.780139782684
1.8954275676658416	0.003726661	0.774856627516
1.8971728969178363	0.003348647	0.762780963582
1.8989182261698305	0.003219865	0.747652131667
1.9006635554218252	0.002560152	0.737275214778
1.9024088846738194	0.006057965	0.740522982683
1.9041542139258136	0.006776328	0.74952640376
1.9058995431778079	0.004280029	0.76059362662
1.907644872429802	0.006617742	0.77558297017
1.9093902016817967	0.01263416	0.787271115019
1.911135530933791	0.00953534	0.780242760563
1.9128808601857852	0.003658743	0.762969482085
1.9146261894377794	0.003884434	0.749971902396
1.9163715186897738	0.006199162	0.742833992535
1.9181168479417683	0.004578112	0.737318451648
1.9198621771937625	0.005183422	0.739983471755
1.921607506445757	0.00623318	0.747752732004
1.9233528356977512	0.005804835	0.754112961232
1.9250981649497454	0.006236333	0.75734477171
1.92684349420174	0.008907644	0.758652538783
1.9285888234537343	0.006684326	0.750598207033
1.9303341527057285	0.002769731	0.737631904882
1.9320794819577227	0.002703171	0.729858017856
1.933824811209717	0.005774169	0.728903186457
1.9355701404617116	0.004220972	0.725856645851
1.9373154697137058	0.001697325	0.726333940309
1.9390607989657	0.003377076	0.736808222166
1.9408061282176947	0.007803339	0.751614622986
1.9425514574696887	0.006786555	0.75771393158
1.9442967867216832	0.004661694	0.757462854268
1.9460421159736774	0.005573191	0.752930155021
1.9477874452256718	0.007260437	0.742916771677
1.9495327744776663	0.005975428	0.729008352526
1.9512781037296605	0.006948862	0.721460618845
1.953023432981655	0.007085728	0.719932348321
1.9547687622336491	0.005376031	0.725391295826
1.9565140914856434	0.006809323	0.740952137847
1.958259420737638	0.01232594	0.761933782339
1.9600047499896323	0.01031004	0.770569610614
1.9617500792416265	0.00510112	0.767514973784
1.9634954084936207	0.006551372	0.762250331863
1.965240737745615	0.01133213	0.754212214984
1.9669860669976096	0.008704453	0.736263430803
1.9687313962496038	0.005773246	0.721096847795
1.970476725501598	0.00740315	0.719260241341
1.9722220547535922	0.009837954	0.728176119545
1.9739673840055865	0.008644269	0.740428066162
1.9757127132575811	0.008569337	0.757850162625
1.9774580425095754	0.007687029	0.77327152717
1.9792033717615696	0.005802309	0.77997841864
1.980948701013564	0.00525207	0.77757014229
1.9826940302655582	0.008119144	0.76904510052
1.9844393595175527	0.006786715	0.748877904726
1.9861846887695471	0.003647748	0.726617342731
1.9879300180215416	0.006039102	0.71857500952
1.9896753472735356	0.01263997	0.726197975486
1.9914206765255298	0.01083881	0.733816070591
1.9931660057775245	0.006143405	0.743814578473
1.9949113350295187	0.008137743	0.760765739092
1.9966566642815133	0.01262196	0.773832909078
1.9984019935335076	0.009261597	0.769251326023
2.0001473227855016	0.006272993	0.75722039324
2.0018926520374962	0.007533689	0.745262949322
2.0036379812894904	0.009138808	0.733456640785
2.0053833105414847	0.009582179	0.723896649848
2.0071286397934793	0.01325088	0.72316483091
2.0088739690454736	0.01309336	0.72371544924
2.0106192982974678	0.009968287	0.725905222
2.012364627549462	0.01103518	0.73679744678
2.0141099568014567	0.01555984	0.753338611782
2.015855286053451	0.01172552	0.758710526185
2.017600615305445	0.005798998	0.757089256411
2.0193459445574393	0.007535143	0.758584234993
2.0210912738094335	0.01315797	0.758677375127
2.022836603061428	0.01079175	0.745837511244
2.0245819323134224	0.007552433	0.732622530874
2.0263272615654166	0.01030809	0.730812517119
2.028072590817411	0.01467334	0.736431888035
2.029817920069405	0.01288567	0.739782716462
2.0315632493213998	0.01167834	0.745531110324
2.033308578573394	0.01201897	0.751365823138
2.035053907825388	0.01161982	0.753191519932
2.036799237077383	0.0111002	0.75242711451
2.0385445663293766	0.01409149	0.754384197915
2.0402898955813713	0.01244103	0.751080585786
2.0420352248333655	0.008326951	0.744978054038
2.0437805540853597	0.01028059	0.744908777628
2.0455258833373544	0.0164637	0.747794352471
2.0472712125893486	0.01321474	0.737826187434
2.049016541841343	0.007770181	0.724994245304
2.050761871093337	0.01079346	0.72557990988
2.0525072003453313	0.01705866	0.735434802035
2.054252529597326	0.01397775	0.739013015782
2.05599785884932	0.009986826	0.744555606006
2.0577431881013144	0.01183736	0.757468613274
2.0594885173533086	0.01470115	0.767644797667
2.0612338466053033	0.01181155	0.765270834424
2.0629791758572975	0.010344	0.759347597211
2.0647245051092917	0.01010676	0.750802451264
2.0664698343612864	0.009291844	0.739926255806
2.0682151636132806	0.01018924	0.733128518794
2.069960492865275	0.01580333	0.735011236028
2.0717058221172695	0.01543876	0.733527590074
2.0734511513692637	0.01198415	0.732952594343
2.075196480621258	0.01609703	0.745049374216
2.076941809873252	0.02383609	0.762444729468
2.0786871391252464	0.01868387	0.763270332013
2.080432468377241	0.01051227	0.75561289074
2.0821777976292353	0.01195568	0.752351614437
2.08392312688123	0.01622247	0.746437900767
2.0856684561332237	0.01205753	0.727208734085
2.087413785385218	0.009827905	0.710862309733
2.0891591146372126	0.01316437	0.707554283953
2.090904443889207	0.0169682	0.71305898224
2.0926497731412015	0.01750786	0.721202788386
2.0943951023931957	0.01907418	0.735507320483
2.0961404316451895	0.01781351	0.74870132944
2.097885760897184	0.01474021	0.756602573044
2.0996310901491784	0.01274274	0.760289779885
2.101376419401173	0.01347257	0.761009437521
2.1031217486531673	0.009680337	0.749608203188
2.1048670779051615	0.005427637	0.733659651168
2.1066124071571557	0.008215077	0.727639802371
2.10835773640915	0.01634483	0.732023707791
2.1101030656611446	0.01549828	0.73179107781
2.111848394913139	0.01204038	0.735897924742
2.113593724165133	0.01764031	0.755770644785
2.1153390534171272	0.02548494	0.778070093368
2.1170843826691215	0.01986788	0.779951895218
2.118829711921116	0.01265244	0.771389491383
2.1205750411731104	0.01318284	0.763088446164
2.1223203704251046	0.01454214	0.75042713971
2.124065699677099	0.01147935	0.731417780279
2.1258110289290935	0.01292852	0.721251054383
2.1275563581810877	0.01424842	0.719632680676
2.129301687433082	0.01380449	0.723565095845
2.1310470166850766	0.01693671	0.734956110085
2.132792345937071	0.02278069	0.750729516246
2.134537675189065	0.01856903	0.75346229547
2.1362830044410597	0.011739	0.747770155473
2.138028333693054	0.01242606	0.745905442814
2.139773662945048	0.0160408	0.743558316585
2.141518992197043	0.01069997	0.72658272036
2.143264321449037	0.005626542	0.709808087239
2.1450096507010312	0.009039916	0.709301602905
2.1467549799530254	0.01573377	0.719400208242
2.1485003092050197	0.01398562	0.725191378707
2.1502456384570143	0.0117153	0.73551382334
2.1519909677090086	0.01535136	0.753903626472
2.1537362969610028	0.01960168	0.767772114091
2.155481626212997	0.01632895	0.764655659904
2.157226955464991	0.01417501	0.754127256206
2.158972284716986	0.01396849	0.740325391662
2.16071761396898	0.01308476	0.726141248414
2.1624629432209743	0.01341714	0.718474194856
2.1642082724729685	0.01832552	0.723828966056
2.1659536017249628	0.01678051	0.730787727165
2.1676989309769574	0.0127274	0.739456901434
2.1694442602289516	0.01637308	0.755198752735
2.171189589480946	0.02272262	0.7696081266
2.17293491873294	0.01660435	0.763715032905
2.1746802479849343	0.009317329	0.748962447604
2.176425577236929	0.01167104	0.74113804097
2.178170906488923	0.0163281	0.734926123131
2.179916235740918	0.01196574	0.717621016309
2.1816615649929116	0.008834444	0.705169482208
2.183406894244906	0.01190482	0.709125159589
2.1851522234969005	0.01597217	0.72116572208
2.1868975527488947	0.01408607	0.72869466862
2.1886428820008894	0.01302533	0.738634903611
2.1903882112528836	0.01335602	0.748924899138
2.192133540504878	0.01327187	0.751733656662
2.193878869756872	0.01172488	0.744507040261
2.1956241990088667	0.01321124	0.734633358035
2.197369528260861	0.01166183	0.718686574015
2.199114857512855	0.009236434	0.703886215297
2.20086018676485	0.01297704	0.70240111747
2.202605516016844	0.02100811	0.713170669133
2.2043508452688383	0.01822314	0.718472693548
2.206096174520833	0.01306002	0.724799002865
2.207841503772827	0.01770631	0.741655037985
2.2095868330248214	0.02402147	0.756744675252
2.2113321622768156	0.01691301	0.750883000349
2.21307749152881	0.01000289	0.738397490134
2.2148228207808045	0.01233365	0.732254797638
2.2165681500327987	0.0159469	0.726073023187
2.218313479284793	0.01301208	0.711787403921
2.220058808536787	0.01294059	0.704067154451
2.2218041377887814	0.01527846	0.70766008215
2.223549467040776	0.01703961	0.716737244981
2.2252947962927703	0.0173819	0.725222367193
2.2270401255447645	0.01926833	0.736244443656
2.2287854547967587	0.01675216	0.742562105351
2.230530784048753	0.01309663	0.742959817888
2.2322761133007476	0.01298436	0.740897615442
2.234021442552742	0.01586801	0.738198233534
2.235766771804736	0.01178325	0.72570567753
2.2375121010567303	0.007597892	0.712878318348
2.239257430308725	0.01215552	0.712800031435
2.241002759560719	0.02040714	0.721352222685
2.2427480888127134	0.01725533	0.721271656444
2.2444934180647076	0.01305772	0.723300324222
2.246238747316702	0.01879676	0.737956695054
2.2479840765686965	0.02556111	0.751435282198
2.2497294058206907	0.01941423	0.744678813033
2.251474735072685	0.01379406	0.732488299798
2.253220064324679	0.01587808	0.725978909092
2.254965393576674	0.01816241	0.718986008668
2.256710722828668	0.01518344	0.706542639587
2.2584560520806622	0.01600081	0.702064953106
2.260201381332657	0.01710375	0.704590493711
2.261946710584651	0.01720017	0.709145772868
2.2636920398366454	0.01983706	0.71482597075
2.26543736908864	0.02511287	0.722737584054
2.2671826983406342	0.02151992	0.722366633363
2.2689280275926285	0.01626097	0.719680715069
2.2706733568446227	0.01888051	0.724155643547
2.272418686096617	0.02383929	0.731449376133
2.2741640153486116	0.01730735	0.726299644687
2.2759093446006062	0.01107406	0.720176381763
2.2776546738526	0.01582288	0.725800250313
2.2794000031045942	0.02313433	0.735565674223
2.2811453323565885	0.01846282	0.733861997448
2.2828906616085836	0.01438047	0.734823560642
2.284635990860578	0.02016685	0.748185235334
2.286381320112572	0.0267368	0.76035298287
2.288126649364566	0.02228364	0.754437243029
2.28987197861656	0.01913522	0.744274549287
2.291617307868555	0.02193699	0.738418119329
2.2933626371205493	0.02427982	0.731469646716
2.2951079663725436	0.02219789	0.719515067011
2.2968532956245378	0.02350644	0.713961832143
2.2985986248765315	0.02329938	0.711600397307
2.3003439541285267	0.02182252	0.709170336151
2.302089283380521	0.02451837	0.709088661793
2.303834612632515	0.03032484	0.713028765722
2.3055799418845093	0.02566003	0.709602374923
2.3073252711365035	0.01974947	0.707055859392
2.309070600388498	0.02453488	0.716153621193
2.3108159296404924	0.03168897	0.727694694944
2.3125612588924866	0.02441291	0.721794772511
2.314306588144481	0.0175218	0.712662371114
2.316051917396475	0.02392361	0.716111413686
2.3177972466484698	0.03194323	0.723051351237
2.319542575900464	0.02528115	0.718159049107
2.321287905152458	0.01968614	0.719508784481
2.3230332344044524	0.02558047	0.737136462655
2.324778563656447	0.03177778	0.754536785146
2.3265238929084413	0.02627125	0.754002864058
2.3282692221604355	0.02311729	0.749552484183
2.33001455141243	0.02676107	0.748041668033
2.3317598806644244	0.02996077	0.743101280986
2.3335052099164186	0.0289909	0.731125705274
2.3352505391684133	0.03168003	0.723406612826
2.3369958684204075	0.03235492	0.716920906052
2.3387411976724017	0.03146423	0.710316648004
2.340486526924396	0.03475646	0.707698614834
2.34223185617639	0.04049121	0.71138337918
2.343977185428385	0.0346262	0.710045228197
2.345722514680379	0.02757371	0.711658979627
2.3474678439323733	0.03207594	0.725655379941
2.3492131731843675	0.03888988	0.740677722432
2.3509585024363617	0.03033869	0.734940723427
2.3527038316883564	0.02291256	0.723252159613
2.3544491609403506	0.03108352	0.722700526347
2.356194490192345	0.04111427	0.722726342326
2.357939819444339	0.03411654	0.70656117874
2.3596851486963333	0.02830982	0.696374861464
2.361430477948328	0.03686973	0.706907104628
2.363175807200322	0.04503996	0.720534146754
2.3649211364523164	0.03712171	0.718047333201
2.3666664657043106	0.03122282	0.717393816893
2.368411794956305	0.03555608	0.72681754909
2.3701571242083	0.03895003	0.733578710629
2.371902453460294	0.03456504	0.728495977644
2.373647782712288	0.03473365	0.724407330037
2.375393111964282	0.03691012	0.720166077226
2.3771384412162764	0.0381494	0.712500074576
2.3788837704682715	0.0417256	0.705132606785
2.3806290997202657	0.04833994	0.704886419465
2.38237442897226	0.04509274	0.703982991837
2.384119758224254	0.04015774	0.709328504153
2.3858650874762484	0.04488018	0.728502454284
2.387610416728243	0.05088495	0.750656973277
2.3893557459802373	0.04090143	0.753272722906
2.3911010752322315	0.03173215	0.748006326259
2.3928464044842257	0.03887696	0.749605962953
2.39459173373622	0.04831131	0.746419317953
2.3963370629882146	0.03974696	0.720786879221
2.398082392240209	0.03347977	0.697945941297
2.3998277214922035	0.04559008	0.69794571546
2.4015730507441977	0.05780388	0.702855928469
2.403318379996192	0.04927839	0.69053939158
2.4050637092481866	0.04227192	0.683772304844
2.406809038500181	0.05043748	0.695986405898
2.408554367752175	0.05633649	0.708078842526
2.4102996970041692	0.04624219	0.70416787581
2.4120450262561635	0.0402335	0.704041695732
2.413790355508158	0.04368847	0.712627627025
2.4155356847601523	0.04624387	0.717580305255
2.4172810140121466	0.04442851	0.713801152353
2.419026343264141	0.04751838	0.713800316831
2.420771672516135	0.04913925	0.715179208605
2.4225170017681297	0.04956748	0.718781588601
2.424262331020124	0.05414699	0.729070467676
2.426007660272118	0.06038646	0.74424036051
2.4277529895241123	0.05434415	0.748006592888
2.4294983187761066	0.04745579	0.746877645046
2.4312436480281012	0.05262045	0.750764956442
2.4329889772800954	0.05942829	0.750104267852
2.4347343065320897	0.04892418	0.727517624186
2.436479635784084	0.04053716	0.705296369687
2.438224965036078	0.05172024	0.703999951792
2.4399702942880728	0.0641717	0.707293229502
2.441715623540067	0.05426804	0.691441439216
2.443460952792061	0.04668308	0.681220785379
2.4452062820440554	0.05966159	0.694615968496
2.4469516112960497	0.07039966	0.708030113274
2.4486969405480443	0.05737032	0.698579617797
2.4504422698000385	0.04776267	0.693694592745
2.4521875990520328	0.05609561	0.70780359573
2.4539329283040274	0.06235348	0.719158510065
2.4556782575560216	0.05260032	0.712033168235
2.457423586808016	0.04849045	0.710021506862
2.4591689160600105	0.05551798	0.720808079733
2.4609142453120048	0.06105216	0.731598473221
2.462659574563999	0.05910472	0.735293362563
2.464404903815993	0.0607808	0.743057360989
2.466150233067988	0.06236652	0.749050798757
2.467895562319982	0.0617507	0.747686229202
2.4696408915719763	0.0622281	0.740448030496
2.4713862208239705	0.06515184	0.73051267267
2.4731315500759647	0.05895192	0.709118979436
2.47487687932796	0.0530351	0.688646306658
2.476622208579954	0.0595035	0.683545538305
2.4783675378319483	0.06832836	0.686293471097
2.480112867083942	0.05945919	0.677654728659
2.4818581963359363	0.05249925	0.676630177415
2.4836035255879314	0.06499213	0.699600076777
2.4853488548399256	0.07647814	0.725273613371
2.48709418409192	0.06305361	0.726835107842
2.488839513343914	0.05264548	0.728839310275
2.490584842595908	0.06476689	0.747826092677
2.492330171847903	0.0747342	0.756592842456
2.494075501099897	0.06024406	0.731825185332
2.4958208303518914	0.05146889	0.70807407274
2.4975661596038856	0.06508249	0.708026466531
2.49931148885588	0.07645611	0.710824829203
2.5010568181078745	0.06624984	0.69887444401
2.5028021473598687	0.0609896	0.699622316789
2.504547476611863	0.07164149	0.720775322215
2.506292805863857	0.07801822	0.736831174984
2.5080381351158514	0.0678542	0.731541649142
2.509783464367846	0.06217182	0.724881090191
2.5115287936198403	0.06476296	0.721004298156
2.5132741228718345	0.06507416	0.711197424896
2.5150194521238287	0.06097544	0.69489923867
2.516764781375823	0.06245214	0.684341638028
2.5185101106278176	0.0626315	0.674837981241
2.520255439879812	0.06281118	0.669356629236
2.522000769131806	0.06917122	0.675554873589
2.5237460983838007	0.07729633	0.691974176411
2.525491427635795	0.07173937	0.703585302309
2.527236756887789	0.06634074	0.721212113672
2.528982086139784	0.07404876	0.752911951012
2.530727415391778	0.08058782	0.77872799955
2.5324727446437723	0.06676633	0.773087615909
2.5342180738957665	0.05651474	0.757933390532
2.535963403147761	0.06770006	0.753141637941
2.5377087323997554	0.07850714	0.740354297477
2.5394540616517496	0.06538161	0.700910628189
2.541199390903744	0.05798375	0.671619451722
2.542944720155738	0.07569077	0.675807457774
2.5446900494077327	0.08953631	0.684738695479
2.546435378659727	0.0744345	0.672109632226
2.548180707911721	0.06444285	0.670557095479
2.5499260371637154	0.07768697	0.695485295062
2.5516713664157096	0.08491935	0.715482193598
2.5534166956677042	0.06714741	0.709286126718
2.5551620249196985	0.05695169	0.707984699657
2.5569073541716927	0.06610357	0.722188943641
2.558652683423687	0.07195302	0.728162774226
2.560398012675681	0.06276472	0.713508948023
2.5621433419276762	0.06087175	0.703354835004
2.56388867117967	0.06963302	0.704478370331
2.5656340004316642	0.07576891	0.706089994062
2.5673793296836585	0.0733112	0.704270808685
2.5691246589356527	0.07437052	0.712290795653
2.570869988187648	0.07642987	0.724803827014
2.572615317439642	0.076243	0.734948923997
2.5743606466916362	0.07544004	0.741118673216
2.57610597594363	0.07734545	0.743615939016
2.5778513051956247	0.07202605	0.731324725384
2.5795966344476193	0.06755146	0.715652862908
2.5813419636996136	0.07442407	0.710408869902
2.5830872929516078	0.0825741	0.707153066129
2.584832622203602	0.07267559	0.687509354374
2.586577951455596	0.06596696	0.673944731459
2.588323280707591	0.07901922	0.683024119449
2.590068609959585	0.08853536	0.691723561484
2.5918139392115793	0.07179691	0.677704749944
2.593559268463574	0.06077784	0.674354780624
2.595304597715568	0.07365081	0.700099505345
2.5970499269675624	0.08166831	0.723426428531
2.598795256219557	0.06328317	0.718189743362
2.6005405854715513	0.05314842	0.717465118089
2.6022859147235455	0.0683011	0.737412207156
2.6040312439755398	0.07914502	0.747353530259
2.6057765732275344	0.06419705	0.727030981108
2.6075219024795286	0.05765469	0.714402586568
2.609267231731523	0.0755454	0.726382445948
2.611012560983517	0.08781163	0.732157481822
2.6127578902355113	0.07456259	0.711211507136
2.614503219487506	0.06925212	0.696911555953
2.6162485487395	0.08375535	0.701712041175
2.6179938779914944	0.09133247	0.701871339722
2.6197392072434886	0.07911625	0.686809652928
2.621484536495483	0.07393524	0.684209067065
2.6232298657474775	0.07955673	0.696906051829
2.6249751949994717	0.08020852	0.70709736182
2.626720524251466	0.07178437	0.708031674421
2.62846585350346	0.06849918	0.712878029812
2.6302111827554544	0.06712918	0.717679223399
2.631956512007449	0.06511083	0.720611862895
2.6337018412594433	0.06402009	0.724044424489
2.6354471705114375	0.0662276	0.728662379122
2.6371924997634317	0.06333385	0.722955500876
2.638937829015426	0.06249066	0.715284381494
2.6406831582674206	0.06993885	0.714077074995
2.642428487519415	0.078048	0.712182952286
2.644173816771409	0.07199318	0.696721030088
2.6459191460234033	0.068782	0.689409072093
2.647664475275398	0.08093622	0.70339995214
2.649409804527392	0.08969857	0.716732188862
2.6511551337793864	0.07494443	0.706277168714
2.652900463031381	0.065778	0.700591049309
2.6546457922833753	0.07918823	0.716473080096
2.6563911215353695	0.08685983	0.725541511044
2.658136450787364	0.06737581	0.706196799768
2.6598817800393584	0.05716227	0.696658283001
2.6616271092913526	0.0729523	0.714325196132
2.663372438543347	0.08206998	0.724359611445
2.665117767795341	0.06354983	0.704483944277
2.6668630970473357	0.05518826	0.695718185004
2.6686084262993304	0.07270828	0.715441023447
2.670353755551324	0.08283195	0.729291666223
2.6720990848033184	0.06534896	0.716247546465
2.6738444140553126	0.05795059	0.713418129794
2.6755897433073077	0.07471665	0.732065272495
2.677335072559302	0.08343177	0.738912532278
2.679080401811296	0.06727326	0.717763401734
2.6808257310632904	0.06114348	0.704398392685
2.682571060315284	0.07423469	0.709101302442
2.6843163895672792	0.08000871	0.707527051117
2.6860617188192735	0.06739708	0.689136871249
2.6878070480712677	0.06294142	0.680617598604
2.689552377323262	0.07029152	0.685993246385
2.691297706575256	0.07286288	0.69014419307
2.693043035827251	0.06457928	0.688122462554
2.694788365079245	0.06247703	0.696317675442
2.6965336943312392	0.0661701	0.711179442492
2.6982790235832335	0.06804652	0.72388472885
2.7000243528352277	0.06632524	0.731487051413
2.7017696820872223	0.06899652	0.738470897753
2.7035150113392166	0.06973949	0.737006888811
2.705260340591211	0.07037863	0.733676033642
2.707005669843205	0.07536897	0.735682125784
2.7087509990951992	0.08058363	0.736848098827
2.710496328347194	0.07287818	0.722655302724
2.712241657599188	0.06749322	0.710378753644
2.7139869868511823	0.07453473	0.710628224553
2.7157323161031766	0.07756139	0.706325170404
2.7174776453551712	0.06128035	0.683047969183
2.7192229746071654	0.05225147	0.671470971564
2.7209683038591597	0.06210139	0.685212649529
2.7227136331111543	0.0673311	0.697561630027
2.7244589623631486	0.05182293	0.68845209114
2.7262042916151428	0.046299	0.68995035097
2.7279496208671374	0.06342617	0.714864530784
2.7296949501191317	0.07487932	0.73147667228
2.731440279371126	0.06075434	0.71923255953
2.73318560862312	0.05663769	0.717103921073
2.7349309378751143	0.07804054	0.740114396395
2.736676267127109	0.08924813	0.749938492336
2.738421596379103	0.06866462	0.724397668329
2.7401669256310974	0.05944892	0.708255733428
2.7419122548830916	0.07718222	0.7187161368
2.743657584135086	0.08341873	0.719582380812
2.7454029133870805	0.06108521	0.695209901416
2.7471482426390748	0.05263728	0.689852669761
2.748893571891069	0.06849608	0.713740865277
2.750638901143063	0.07477039	0.729704916806
2.7523842303950574	0.05744317	0.720397083539
2.7541295596470525	0.05135456	0.72024659636
2.7558748888990463	0.06497495	0.736101132912
2.7576202181510405	0.07046808	0.739423300069
2.7593655474030347	0.05437017	0.718327138809
2.761110876655029	0.04838443	0.704769902514
2.762856205907024	0.06048763	0.705698893975
2.7646015351590183	0.0650119	0.69923124488
2.766346864411012	0.05168051	0.678320195028
2.7680921936630063	0.04929171	0.671219018501
2.7698375229150005	0.06061948	0.681944956725
2.7715828521669956	0.06708277	0.69625345815
2.77332818141899	0.06460141	0.70950783441
2.775073510670984	0.06932069	0.733405978692
2.7768188399229783	0.07630724	0.758306383285
2.7785641691749725	0.07921971	0.774767131102
2.780309498426967	0.07744328	0.7796989736
2.7820548276789614	0.07537419	0.775304552789
2.7838001569309556	0.06808538	0.75601566801
2.78554548618295	0.06068148	0.733161692919
2.7872908154349445	0.05546142	0.715025259446
2.7890361446869387	0.05163484	0.699212477785
2.790781473938933	0.04249993	0.677897707619
2.7925268031909276	0.03854996	0.668167902941
2.794272132442922	0.04516321	0.677183251437
2.796017461694916	0.05259627	0.689938510654
2.7977627909469107	0.04764468	0.691945461805
2.799508120198905	0.04993228	0.706126286908
2.801253449450899	0.06806024	0.738921381315
2.8029987787028934	0.07942584	0.762178019656
2.8047441079548876	0.06779352	0.756049439663
2.8064894372068823	0.0633638	0.751243058119
2.8082347664588765	0.07600829	0.758718605983
2.8099800957108707	0.07779656	0.749968989384
2.811725424962865	0.05533536	0.712674808421
2.813470754214859	0.04479139	0.691042543549
2.815216083466854	0.05736256	0.701596022135
2.816961412718848	0.06246417	0.710686227924
2.8187067419708423	0.0439653	0.699881319185
2.8204520712228365	0.03977192	0.709528975692
2.8221974004748307	0.0614654	0.747304958005
2.8239427297268254	0.07167965	0.767769396757
2.8256880589788196	0.05204654	0.749757267062
2.827433388230814	0.04633543	0.739319081814
2.829178717482808	0.06639756	0.749907484497
2.8309240467348022	0.0719605	0.743767582226
2.832669375986797	0.047948	0.708463770881
2.834414705238791	0.03950026	0.691100275925
2.8361600344907854	0.05637169	0.701299869628
2.8379053637427796	0.06139097	0.700550618945
2.839650692994774	0.04151611	0.675669579934
2.8413960222467685	0.03793667	0.671905601131
2.8431413514987627	0.05915896	0.700917955871
2.844886680750757	0.06923094	0.72676212349
2.8466320100027516	0.05332261	0.732057204809
2.848377339254746	0.05072784	0.750821962847
2.8501226685067405	0.06918287	0.782533494879
2.8518679977587347	0.07363957	0.787766029736
2.853613327010729	0.05270744	0.756142061783
2.855358656262723	0.04515616	0.730819671313
2.8571039855147173	0.05641811	0.723549624507
2.858849314766712	0.05748895	0.71272278481
2.8605946440187062	0.04110057	0.692721255345
2.8623399732707004	0.0379069	0.689224682482
2.8640853025226947	0.04973635	0.698730846788
2.865830631774689	0.05494232	0.700732976059
2.867575961026684	0.04660497	0.691600576927
2.869321290278678	0.0473935	0.695262039668
2.8710666195306724	0.05771135	0.713327046165
2.872811948782666	0.06108576	0.73195959951
2.8745572780346604	0.05235077	0.741301301777
2.8763026072866555	0.05006924	0.748907959946
2.8780479365386498	0.05305201	0.748301387254
2.879793265790644	0.05207863	0.735799173397
2.881538595042638	0.0461125	0.717107297961
2.8832839242946324	0.04580445	0.706744122103
2.885029253546627	0.04674098	0.703124285027
2.8867745827986213	0.04814972	0.708273717409
2.8885199120506155	0.04981572	0.718614651009
2.8902652413026098	0.05323344	0.726088259763
2.892010570554604	0.05257314	0.720241466528
2.8937558998065986	0.0532475	0.71512679695
2.895501229058593	0.05604137	0.718815856331
2.897246558310587	0.05718398	0.724383138974
2.8989918875625813	0.0492276	0.722342376818
2.9007372168145755	0.04519452	0.729337920193
2.90248254606657	0.05023221	0.745340066704
2.9042278753185644	0.05207564	0.747710386905
2.9059732045705586	0.04007369	0.725494080549
2.907718533822553	0.03722087	0.711044922502
2.909463863074547	0.04906004	0.716207042463
2.9112091923265417	0.05344068	0.719691374996
2.912954521578536	0.04070631	0.71063148978
2.91469985083053	0.03924264	0.718048460473
2.916445180082525	0.05241839	0.741688090587
2.918190509334519	0.05668279	0.747445447514
2.9199358385865133	0.04290488	0.722348279304
2.921681167838508	0.0398623	0.707190438712
2.923426497090502	0.05411864	0.717013551261
2.9251718263424964	0.05939859	0.722810929712
2.9269171555944906	0.0417811	0.711184423633
2.9286624848464853	0.03881876	0.723329665684
2.9304078140984795	0.06092863	0.761816124639
2.9321531433504737	0.06789905	0.775429285114
2.933898472602468	0.0440421	0.747270981612
2.935643801854462	0.03817791	0.733708632692
2.937389131106457	0.05752192	0.750042869628
2.939134460358451	0.05839945	0.755837732749
2.9408797896104453	0.03261708	0.740012697231
2.9426251188624395	0.0263281	0.745708967884
2.9443704481144337	0.04291811	0.768395304092
2.946115777366429	0.04643858	0.759310033224
2.9478611066184226	0.02709849	0.709122595827
2.949606435870417	0.02560474	0.677423200752
2.951351765122411	0.0509168	0.686867725406
2.9530970943744053	0.06258996	0.699358852434
2.9548424236264004	0.04260082	0.695934304971
2.9565877528783946	0.04251825	0.720614693078
2.9583330821303884	0.07303102	0.76990424203
2.9600784113823826	0.07882273	0.782449502176
2.961823740634377	0.04632969	0.749023328229
2.963569069886372	0.03694479	0.741756527953
2.965314399138366	0.05553747	0.775434801697
2.9670597283903604	0.0528444	0.798158491688
2.968805057642354	0.02442051	0.791039652571
2.970550386894349	0.01873843	0.791768179816
2.9722957161463435	0.03739717	0.794232342227
2.9740410453983377	0.0430949	0.759177247027
2.975786374650332	0.02540845	0.692046589376
2.977531703902326	0.0269839	0.659009723341
2.9792770331543204	0.05646353	0.677295943534
2.981022362406315	0.06814502	0.698753025787
2.9827676916583092	0.04475659	0.696623053738
2.9845130209103035	0.04232644	0.710652049891
2.986258350162298	0.06875637	0.741675307033
2.9880036794142923	0.06909125	0.744763778083
2.9897490086662866	0.03617211	0.722331346873
2.9914943379182812	0.02813798	0.737374554847
2.9932396671702755	0.04516366	0.78966813136
2.9949849964222697	0.04485765	0.823092556284
2.996730325674264	0.02448492	0.817078128642
2.9984756549262586	0.02418645	0.807178095267
3.000220984178253	0.04451969	0.796362989393
3.001966313430247	0.05236327	0.760708183842
3.0037116426822412	0.03658852	0.707237329494
3.0054569719342354	0.03731299	0.686523439664
3.00720230118623	0.06139131	0.702886705908
3.0089476304382243	0.06588428	0.71367256461
3.0106929596902186	0.03943169	0.702392752228
3.0124382889422128	0.03376395	0.706581176718
3.014183618194207	0.05157905	0.727567433711
3.0159289474462017	0.04966229	0.733315177047
3.017674276698196	0.02643122	0.723315549676
3.01941960595019	0.02455496	0.737628725256
3.0211649352021843	0.04042014	0.773248858725
3.0229102644541785	0.04498342	0.796358823107
3.024655593706173	0.03434662	0.796072869405
3.0264009229581674	0.03736435	0.798889836413
3.0281462522101616	0.05514241	0.802923294883
3.029891581462156	0.06036821	0.785424105271
3.03163691071415	0.04301336	0.747830951877
3.0333822399661448	0.03957955	0.729620772304
3.035127569218139	0.05403409	0.735752991947
3.036872898470133	0.05197679	0.741539069935
3.0386182277221274	0.02944638	0.738109586775
3.040363556974122	0.02574323	0.744356568795
3.0421088862261163	0.03746839	0.75219772877
3.0438542154781105	0.03848621	0.74745804964
3.045599544730105	0.02956724	0.736015854451
3.0473448739820994	0.03399209	0.742562635784
3.0490902032340936	0.0472121	0.765041339293
3.0508355324860883	0.05392725	0.785463851627
3.0525808617380825	0.04794399	0.78951450875
3.0543261909900767	0.04867046	0.789876158938
3.056071520242071	0.05838383	0.790830574002
3.057816849494065	0.05693794	0.788687509363
3.05956217874606	0.03785533	0.787271795928
3.0613075079980545	0.03169027	0.804248243883
3.0630528372500487	0.03845696	0.823245691585
3.0647981665020425	0.03525364	0.818741771769
3.0665434957540367	0.02291317	0.787971294246
3.068288825006032	0.02452757	0.754030603577
3.070034154258026	0.03308137	0.732200055596
3.0717794835100203	0.03891466	0.741099425512
3.0735248127620145	0.04234017	0.779290822597
3.0752701420140083	0.05062034	0.823945408825
3.0770154712660034	0.05961616	0.843544680925
3.0787608005179976	0.06472712	0.830712202151
3.080506129769992	0.05929517	0.793704929365
3.082251459021986	0.05502322	0.76649567141
3.0839967882739803	0.05437725	0.778281441642
3.085742117525975	0.04725078	0.832971418318
3.087487446777969	0.03089922	0.898902553337
3.0892327760299634	0.0250097	0.939500287969
3.0909781052819576	0.02660029	0.922687229467
3.092723434533952	0.02509384	0.858674020434
3.0944687637859465	0.02194387	0.790212911211
3.0962140930379407	0.02696382	0.760874886669
3.097959422289935	0.03362406	0.781007986369
3.099704751541929	0.04252733	0.843103228244
3.1014500807939234	0.05286244	0.904556968264
3.103195410045918	0.06283776	0.917482388453
3.1049407392979123	0.06748069	0.882736977859
3.1066860685499065	0.07058423	0.865500147844
3.1084313978019007	0.06868957	0.906643463082
3.1101767270538954	0.06270837	0.99092346678
3.1119220563058896	0.05303864	1.07071999553
3.113667385557884	0.04429018	1.10206902142
3.1154127148098785	0.0350606	1.04879302409
3.1171580440618727	0.02917177	0.93549015149
3.118903373313867	0.02598592	0.857162985682
3.1206487025658616	0.02532602	0.916388676726
3.122394031817856	0.02451398	1.11535917078
3.12413936106985	0.02843586	1.33777990078
3.1258846903218442	0.03507939	1.41930494503
3.1276300195738385	0.04315226	1.28168877342
3.129375348825833	0.05593758	1.00253981062
3.1311206780778273	0.07060716	0.80188620614
3.1328660073298216	0.07688483	0.988082307729
3.134611336581816	0.08904905	1.82990269963
3.13635666583381	0.1287947	3.3052224424
3.1381019950858047	0.1511949	4.95511733163
3.139847324337799	0.1692611	6.23358606322
3.141592653589793	0.4868258	7.04603802078