# C(3P)-CO2, ground-state PES; differential cross sections (mgacesa, Aug 26 2020)
# theta(rad)                 elastic CS                total CS (both in units of 1E-16 cm^2)
0.	4.728705e6	4.791337809291479e6
0.0017453292519943296	3.31768e6	3.35053978149e6
0.003490658503988659	1.115321e6	1.11939149987e6
0.005235987755982989	226553.8	235864.926191
0.006981317007977318	105305.5	114089.543327
0.008726646259971648	68540.35	71491.1806992
0.010471975511965978	39516.11	42925.7414843
0.012217304763960306	16046.69	23185.9687649
0.013962634015954637	12111.56	20531.0035302
0.015707963267948967	12373.63	17597.0866262
0.017453292519943295	7115.859	10111.3072489
0.019198621771937624	5184.57	9170.52296657
0.020943951023931956	5285.061	10836.2708385
0.022689280275926284	6136.239	11705.510571
0.024434609527920613	5357.101	9264.43832928
0.02617993877991494	2971.869	5958.69449387
0.027925268031909273	3108.372	6741.52204326
0.029670597283903602	3908.321	7880.87745249
0.031415926535897934	3725.189	7145.9073226
0.03316125578789226	3046.931	5733.48035124
0.03490658503988659	2057.786	4581.1276572
0.03665191429188092	2281.843	5265.64359661
0.03839724354387525	2915.872	5967.80076234
0.04014257279586957	2305.965	4790.82656724
0.04188790204786391	1429.748	3472.11337232
0.043633231299858244	962.1596	2968.81478078
0.04537856055185257	1043.403	3204.8629499
0.0471238898038469	1502.949	3617.28193307
0.048869219055841226	1309.924	3073.53886915
0.05061454830783556	630.1449	2163.14435659
0.05235987755982988	318.5048	1868.03436528
0.054105206811824215	340.7656	1865.23824133
0.05585053606381855	501.3034	1837.47856915
0.05759586531581287	525.6859	1610.59654096
0.059341194567807204	252.1346	1235.44607974
0.061086523819801536	58.80218	1128.92116191
0.06283185307179587	95.22155	1169.11298708
0.0645771823237902	152.5618	1015.15589037
0.06632251157578452	152.1948	762.534080348
0.06806784082777885	81.49401	589.228567207
0.06981317007977318	6.259387	584.783978629
0.0715584993317675	18.44889	667.969929807
0.07330382858376185	56.2508	612.074639582
0.07504915783575618	47.51503	413.553129619
0.0767944870877505	17.15721	265.621922441
0.07853981633974483	4.236888	261.776374154
0.08028514559173915	15.22067	331.899036759
0.08203047484373349	26.50277	343.37793033
0.08377580409572782	20.35665	259.942805726
0.08552113334772216	4.776994	165.76015296
0.08726646259971649	1.122424	138.433315982
0.0890117918517108	16.07381	168.302198006
0.09075712110370514	23.41227	183.636268759
0.09250245035569946	12.70414	154.560344206
0.0942477796076938	2.696566	116.823904688
0.09599310885968813	0.7246928	98.5873910559
0.09773843811168245	8.179506	101.880914381
0.09948376736367678	17.7002	106.934590884
0.10122909661567112	12.15578	91.9097711748
0.10297442586766545	2.176828	75.906993483
0.10471975511965977	1.960083	75.8834151063
0.10646508437165408	4.888256	77.4296356526
0.10821041362364843	9.077287	74.3925576369
0.10995574287564278	10.14664	64.7299567439
0.1117010721276371	3.34874	51.0000691799
0.11344640137963143	1.293906	51.4286157519
0.11519173063162574	5.217611	60.4915826643
0.11693705988362009	6.305458	60.7207402081
0.11868238913561441	6.711634	55.6519919326
0.12042771838760875	5.15561	48.5490953919
0.12217304763960307	1.782078	43.2633892476
0.12391837689159739	4.174638	47.8315379851
0.12566370614359174	7.024768	51.319071413
0.12740903539558604	5.768669	46.9929430079
0.1291543646475804	5.440304	43.7489582353
0.13089969389957473	4.540357	41.590619948
0.13264502315156904	3.468566	40.5868199967
0.1343903524035634	6.250905	43.9060212121
0.1361356816555577	6.919631	43.0412186738
0.13788101090755206	4.555804	37.8005928713
0.13962634015954636	4.42695	36.1677312187
0.1413716694115407	4.201056	35.3272078241
0.143116998663535	3.811027	34.3974276919
0.14486232791552936	5.869976	36.0980768766
0.1466076571675237	5.686955	35.177866012
0.148352986419518	3.748907	32.8894669562
0.15009831567151236	4.079807	33.7872100445
0.15184364492350666	4.071712	33.903763407
0.153588974175501	3.741522	33.0324638903
0.15533430342749535	5.211701	33.8868317358
0.15707963267948966	4.825359	32.8068965327
0.158824961931484	3.317903	31.2462331319
0.1605702911834783	3.749731	32.0972456591
0.16231562043547265	3.752231	31.8037085455
0.16406094968746698	3.285583	30.6846229618
0.16580627893946132	4.14328	30.9356062106
0.16755160819145565	3.558265	29.4566164662
0.16929693744344995	2.097872	27.5493908133
0.1710422666954443	2.164776	27.6346559069
0.17278759594743864	2.060552	27.2216365233
0.17453292519943298	1.552743	26.6484077188
0.17627825445142728	1.945043	27.2545204551
0.1780235837034216	1.526807	26.4907572521
0.17976891295541597	0.6727062	25.3265563203
0.18151424220741028	0.6832335	25.3170901217
0.1832595714594046	0.5433833	24.9714889388
0.1850049007113989	0.3309897	25.0905950741
0.18675022996339327	0.6767363	26.2705006987
0.1884955592153876	0.5270548	26.2989734473
0.1902408884673819	0.40803	25.9710448424
0.19198621771937627	0.5702736	25.7777561228
0.19373154697137057	0.3374624	24.5770620372
0.1954768762233649	0.4669989	23.8298932331
0.19722220547535924	1.023141	23.9493020701
0.19896753472735357	0.928371	23.11522832
0.20071286397934793	1.051898	22.510910571
0.20245819323134223	1.257714	22.3327120283
0.20420352248333656	0.9063483	21.3670637571
0.2059488517353309	1.222437	20.9803729061
0.20769418098732523	2.011055	21.2234707325
0.20943951023931953	1.903375	20.3564201137
0.2111848394913139	1.936621	19.7317549853
0.21293016874330817	2.018372	19.6157142744
0.21467549799530256	1.470797	19.0082000054
0.21642082724729686	1.704694	19.2684574377
0.2181661564992912	2.579815	20.2412367735
0.21991148575128555	2.534557	20.0874817952
0.22165681500327983	2.532122	19.9109159161
0.2234021442552742	2.591424	19.8243978866
0.22514747350726852	1.919271	18.9328929528
0.22689280275926285	1.81785	18.7090869301
0.22863813201125716	2.377937	19.2085035175
0.2303834612632515	2.13321	18.7747571888
0.23212879051524585	1.961383	18.4370867788
0.23387411976724018	2.090589	18.3624624772
0.23561944901923448	1.646373	17.5755318376
0.23736477827122882	1.494375	17.1799563019
0.23911010752322315	1.828123	17.3099507421
0.2408554367752175	1.443495	16.6181376786
0.24260076602721184	1.08959	16.0925574094
0.24434609527920614	1.159076	16.0905022308
0.24609142453120048	0.9212892	15.8052364403
0.24783675378319478	0.8790481	15.9570937121
0.24958208303518917	1.204358	16.5467725422
0.25132741228718347	0.955476	16.3866455144
0.2530727415391778	0.6791829	16.1800510393
0.2548180707911721	0.7203387	16.165372936
0.2565634000431664	0.5518777	15.7865432437
0.2583087292951608	0.5238143	15.7632012688
0.26005405854715513	0.7749968	16.1472085238
0.26179938779914946	0.5914752	15.9755243161
0.26354471705114374	0.3815738	15.8118138021
0.26529004630313807	0.3995065	15.7520832956
0.26703537555513246	0.2771592	15.2910202298
0.2687807048071268	0.252234	15.0341370084
0.27052603405912107	0.4084955	15.0424352281
0.2722713633111154	0.2600823	14.5829751453
0.27401669256310973	0.1307323	14.2115862363
0.2757620218151041	0.1345908	14.021093732
0.2775073510670984	0.05992962	13.6159188373
0.2792526803190927	0.1208839	13.4846089766
0.28099800957108706	0.28891	13.6167544765
0.2827433388230814	0.2494638	13.4350064891
0.2844886680750758	0.3004226	13.4250877849
0.28623399732707	0.3245205	13.5167837525
0.2879793265790644	0.2237786	13.367881866
0.2897246558310587	0.4071191	13.479500338
0.29146998508305305	0.7243152	13.7192379189
0.2932153143350474	0.7930728	13.4973823197
0.29496064358704166	0.9569127	13.3411549706
0.296705972839036	0.9725803	13.1913845547
0.2984513020910304	0.6996308	12.7866189337
0.3001966313430247	0.7840763	12.7961014226
0.30194196059501904	1.11369	13.1113003987
0.3036872898470133	1.124195	12.9801821166
0.30543261909900765	1.239867	12.864137489
0.307177948351002	1.343488	12.7462612217
0.3089232776029963	1.09415	12.2375622889
0.3106686068549907	1.059285	11.9473047276
0.312413936106985	1.255966	11.9589773109
0.3141592653589793	1.053021	11.6287251813
0.31590459461097364	0.9111693	11.4746695317
0.317649923862968	1.004559	11.6676723598
0.3193952531149623	0.9029292	11.721065647
0.3211405823669566	0.8882482	11.9119810917
0.32288591161895097	1.057557	12.2355404661
0.3246312408709453	0.8287997	12.0060101117
0.32637657012293964	0.5483079	11.620695629
0.32812189937493397	0.5553441	11.4076330358
0.32986722862692824	0.5069605	11.0869476117
0.33161255787892263	0.4884259	10.9722970186
0.33335788713091696	0.6421212	11.2005642184
0.3351032163829113	0.5158925	11.1693489602
0.3368485456349056	0.292494	11.0719009317
0.3385938748868999	0.2748658	11.0900035905
0.3403392041388943	0.2377284	10.8641209731
0.3420845333908886	0.1991705	10.568151475
0.3438298626428829	0.3118256	10.4206911649
0.3455751918948773	0.266623	10.0575002406
0.34732052114687156	0.1530502	9.75508288485
0.34906585039886595	0.1581948	9.77465825311
0.3508111796508603	0.1303185	9.8159879004
0.35255650890285456	0.09470618	9.90888312826
0.3543018381548489	0.1785694	10.1306808781
0.3560471674068432	0.1631949	10.0736416596
0.35779249665883756	0.1269633	9.90475375345
0.35953782591083194	0.1614577	9.8533172812
0.3612831551628262	0.1374154	9.73976705794
0.36302848441482055	0.1214784	9.69441287289
0.3647738136668149	0.2047107	9.85468185674
0.3665191429188092	0.1779001	9.85478001558
0.3682644721708036	0.1570176	9.80863098333
0.3700098014227978	0.2173029	9.85761383903
0.3717551306747922	0.2110242	9.75108883353
0.37350045992678654	0.2313665	9.58013902921
0.3752457891787809	0.3519576	9.50711733629
0.3769911184307752	0.3055848	9.21995921989
0.3787364476827695	0.2350963	8.90823718741
0.3804817769347638	0.291289	8.83295408861
0.38222710618675815	0.3000816	8.75973058302
0.38397243543875254	0.3261326	8.70387972771
0.38571776469074687	0.4797118	8.80733045977
0.38746309394274114	0.456071	8.70785173294
0.3892084231947355	0.3581007	8.50357988325
0.3909537524467298	0.4152888	8.49137744545
0.39269908169872414	0.4364753	8.46352999524
0.39444441095071847	0.3922815	8.389583827
0.3961897402027128	0.4648679	8.49173387908
0.39793506945470714	0.4262568	8.49590505879
0.3996803987067014	0.3194046	8.43285733895
0.40142572795869585	0.3921915	8.57708423698
0.4031710572106902	0.4712717	8.7106581565
0.40491638646268446	0.4211378	8.68915628223
0.4066617157146788	0.4295218	8.72503603286
0.4084070449666731	0.3627626	8.62332019407
0.41015237421866746	0.2205274	8.38300727414
0.4118977034706618	0.2355363	8.29356620571
0.41364303272265607	0.3086698	8.22547677638
0.41538836197465046	0.2848202	8.02937032213
0.41713369122664473	0.3213209	7.93561032842
0.41887902047863906	0.3133387	7.81963788897
0.4206243497306334	0.2083414	7.63036157348
0.4223696789826278	0.1991472	7.60795212358
0.4241150082346221	0.2365223	7.63753856701
0.42586033748661634	0.1772017	7.51350798743
0.4276056667386108	0.1885766	7.44210619576
0.4293509959906051	0.2177362	7.36063865531
0.4310963252425994	0.1770944	7.19747545795
0.4328416544945937	0.2072318	7.18176833269
0.43458698374658805	0.2683415	7.26640583253
0.4363323129985824	0.1899192	7.23665437422
0.4380776422505767	0.1363342	7.28084791207
0.4398229715025711	0.1374636	7.38511381781
0.44156830075456543	0.1071485	7.41700110745
0.44331363000655966	0.1390002	7.51161918483
0.445058959258554	0.222741	7.63978884401
0.4468042885105484	0.183517	7.58268993709
0.4485496177625427	0.1345935	7.50943021916
0.45029494701453704	0.1288189	7.48215129503
0.45204027626653137	0.09172385	7.39973029329
0.4537856055185257	0.09071135	7.37780827518
0.45553093477052004	0.1522967	7.43316174082
0.4572762640225143	0.1348455	7.35614678472
0.45902159327450864	0.1167986	7.258594667
0.460766922526503	0.1361478	7.19413553659
0.4625122517784973	0.116939	7.04544549284
0.4642575810304917	0.1135864	6.90453937487
0.466002910282486	0.1634401	6.83667342835
0.46774823953448036	0.1343016	6.67306962961
0.46949356878647464	0.1037404	6.53917282165
0.47123889803846897	0.1306465	6.53711815934
0.47298422729046335	0.130222	6.52926410667
0.47472955654245763	0.1318935	6.52988805596
0.47647488579445196	0.1854838	6.58840119466
0.4782202150464463	0.1573888	6.51060607161
0.4799655442984406	0.1115729	6.37869383183
0.481710873550435	0.1370098	6.34511167868
0.48345620280242924	0.1460007	6.31011153941
0.4852015320544237	0.1346785	6.2754390495
0.48694686130641796	0.1774479	6.35048328562
0.4886921905584123	0.1589065	6.38037251424
0.4904375198104066	0.1180377	6.3819325624
0.49218284906240095	0.1583917	6.4750010124
0.4939281783143953	0.1938586	6.53387035449
0.49567350756638956	0.185128	6.49418199238
0.4974188368183839	0.222401	6.48483627527
0.49916416607037833	0.2067419	6.41287855401
0.5009094953223726	0.1528185	6.30096797655
0.5026548245743669	0.1915703	6.31496599763
0.5044001538263613	0.2485061	6.36671472042
0.5061454830783556	0.2328128	6.3389703392
0.5078908123303499	0.2545977	6.3500361104
0.5096361415823442	0.2571184	6.32250798426
0.5113814708343386	0.2064761	6.21139146534
0.5131268000863328	0.228694	6.16956922819
0.5148721293383272	0.283378	6.1559469269
0.5166174585903216	0.2323679	6.03156708552
0.5183627878423159	0.1932718	5.94626602005
0.5201081170943103	0.1951242	5.91962076215
0.5218534463463045	0.1631533	5.86619960748
0.5235987755982989	0.1575147	5.87008853413
0.5253441048502933	0.19486	5.92426578931
0.5270894341022875	0.1530919	5.8718263533
0.5288347633542818	0.1053468	5.81602976517
0.5305800926062761	0.1121717	5.82087840818
0.5323254218582705	0.1010177	5.79845570507
0.5340707511102649	0.07485252	5.78425767637
0.5358160803622593	0.08219887	5.81696875224
0.5375614096142536	0.05587395	5.77626419087
0.5393067388662478	0.03351063	5.72541326747
0.5410520681182421	0.05314081	5.72950869424
0.5427973973702365	0.06445226	5.71164994774
0.5445427266222308	0.0656435	5.68708448241
0.5462880558742251	0.08907299	5.70785595669
0.5480333851262195	0.06600545	5.66228480323
0.5497787143782138	0.03703658	5.59334342597
0.5515240436302082	0.05500875	5.57954129322
0.5532693728822025	0.07421795	5.53645622788
0.5550147021341968	0.09032385	5.44572251512
0.5567600313861911	0.1401342	5.38699992903
0.5585053606381855	0.1337758	5.27743503394
0.5602506898901798	0.09434308	5.15325517117
0.5619960191421741	0.1056819	5.13504379906
0.5637413483941685	0.1171473	5.15286860673
0.5654866776461628	0.09071941	5.13198890855
0.5672320068981571	0.1063711	5.15725747597
0.5689773361501516	0.1149231	5.1657744032
0.5707226654021459	0.09887327	5.12490813165
0.57246799465414	0.1311202	5.12849167508
0.5742133239061344	0.1682542	5.14013044499
0.5759586531581288	0.1292416	5.0756565044
0.5777039824101231	0.1035519	5.04826429636
0.5794493116621174	0.09980939	5.06810526523
0.5811946409141118	0.08152973	5.08654332748
0.5829399701661061	0.1030689	5.16476951007
0.5846852994181004	0.1549233	5.27748262173
0.5864306286700948	0.1385946	5.29551715761
0.5881759579220891	0.1165213	5.28518181933
0.5899212871740833	0.125274	5.27756500046
0.5916666164260777	0.1132179	5.20869330306
0.593411945678072	0.105694	5.12790015518
0.5951572749300664	0.1338403	5.08138053995
0.5969026041820608	0.115627	4.98115961998
0.598647933434055	0.08783065	4.89464841656
0.6003932626860494	0.105456	4.89357613218
0.6021385919380438	0.1111526	4.89283276634
0.6038839211900381	0.08615668	4.86327407637
0.6056292504420324	0.0871862	4.85303460188
0.6073745796940266	0.07114368	4.785594552
0.609119908946021	0.04742364	4.68599135933
0.6108652381980153	0.06544345	4.64472595968
0.6126105674500096	0.08473561	4.6216252365
0.614355896702004	0.06391664	4.58386924706
0.6161012259539983	0.05627678	4.60808671102
0.6178465552059926	0.04392305	4.65097660073
0.6195918844579871	0.02516459	4.68941561588
0.6213372137099814	0.04293471	4.77216506301
0.6230825429619757	0.07672514	4.84923440404
0.62482787221397	0.08139588	4.85067070474
0.6265732014659643	0.09611585	4.84823295627
0.6283185307179586	0.0983528	4.83607418053
0.630063859969953	0.07507546	4.79789545376
0.6318091892219473	0.0779593	4.80465731178
0.6335545184739416	0.1007261	4.84360572451
0.635299847725936	0.08839598	4.82501193793
0.6370451769779303	0.09635275	4.8094690125
0.6387905062299246	0.1293882	4.81001090379
0.6405358354819191	0.140846	4.76239632756
0.6422811647339132	0.1530767	4.69543254673
0.6440264939859075	0.1727362	4.63511525636
0.6457718232379019	0.1297356	4.50849596673
0.6475171524898963	0.07956275	4.38179321035
0.6492624817418906	0.08228526	4.32842037732
0.6510078109938849	0.08924581	4.28806786678
0.6527531402458793	0.08490174	4.24007690871
0.6544984694978736	0.1084836	4.22890069576
0.6562437987498679	0.1053663	4.18934372586
0.6579891280018623	0.07970508	4.12779459267
0.6597344572538565	0.08572528	4.10973262397
0.6614797865058508	0.09001312	4.09703286849
0.6632251157578453	0.05503636	4.05620671819
0.6649704450098396	0.0425337	4.061695375
0.6667157742618339	0.04344156	4.0939391147
0.6684611035138281	0.03740116	4.13269294588
0.6702064327658226	0.05680011	4.2208653077
0.6719517620178169	0.08562057	4.31852265514
0.6736970912698113	0.06990869	4.34668155838
0.6754424205218056	0.05609808	4.36043091659
0.6771877497737998	0.05812907	4.36925795911
0.6789330790257941	0.0492383	4.34298834783
0.6806784082777886	0.04900107	4.32791126492
0.6824237375297829	0.06743655	4.33948178824
0.6841690667817772	0.05531585	4.31178190163
0.6859143960337715	0.04282722	4.29209826669
0.6876597252857658	0.05526382	4.31316825156
0.6894050545377601	0.0591152	4.31299709467
0.6911503837897546	0.05074542	4.28097786174
0.6928957130417489	0.05712354	4.25331364625
0.6946410422937431	0.04424522	4.18758586521
0.6963863715457375	0.02655007	4.11403831688
0.6981317007977319	0.03382513	4.09044044739
0.6998770300497262	0.03997823	4.08200257624
0.7016223593017206	0.02882095	4.05986074599
0.7033676885537148	0.03446956	4.06353326634
0.7051130178057091	0.0337632	4.05467015197
0.7068583470577035	0.02796935	4.02169224639
0.7086036763096978	0.04796973	4.00748870088
0.7103490055616921	0.07055302	3.99257041498
0.7120943348136864	0.06190518	3.94591204098
0.7138396640656808	0.06150748	3.9317914515
0.7155849933176751	0.06203033	3.94973995668
0.7173303225696696	0.0527409	3.97539212022
0.7190756518216639	0.07039108	4.0383059514
0.7208209810736581	0.1071226	4.11071777975
0.7225663103256524	0.107768	4.10841735071
0.7243116395776468	0.1115489	4.07375196061
0.7260569688296411	0.1374864	4.0383966995
0.7278022980816354	0.1427633	3.96293073573
0.7295476273336298	0.1311106	3.87078883268
0.7312929565856241	0.1306637	3.81141173216
0.7330382858376184	0.1036052	3.74447457101
0.7347836150896128	0.07595584	3.69836115717
0.7365289443416072	0.09429851	3.72017167613
0.7382742735936013	0.1189718	3.746522923
0.7400196028455956	0.1112306	3.72175941276
0.7417649320975901	0.111231	3.68962204011
0.7435102613495844	0.1070892	3.63560616401
0.7452555906015788	0.08366854	3.55267622614
0.7470009198535731	0.07040207	3.49341412216
0.7487462491055674	0.06596152	3.46438312431
0.7504915783575618	0.03860441	3.43619094195
0.7522369076095561	0.0241373	3.45624040351
0.7539822368615504	0.03163035	3.52472044688
0.7557275661135446	0.03380283	3.59636966564
0.757472895365539	0.03251082	3.66726004792
0.7592182246175333	0.03721488	3.72887873408
0.7609635538695276	0.02259384	3.73536602297
0.7627088831215221	0.009707763	3.72318286263
0.7644542123735163	0.01387981	3.72643497881
0.7661995416255106	0.01785376	3.73045239499
0.7679448708775051	0.02047706	3.74987496921
0.7696902001294994	0.03397219	3.80622662844
0.7714355293814937	0.03005925	3.84898476753
0.773180858633488	0.02183168	3.88134954326
0.7749261878854823	0.03241517	3.92480119315
0.7766715171374766	0.04236487	3.92967334978
0.778416846389471	0.03976795	3.86684502789
0.7801621756414654	0.05074126	3.7894437431
0.7819075048934596	0.05454339	3.6977734655
0.783652834145454	0.04844294	3.59992410889
0.7853981633974483	0.05958572	3.54647871366
0.7871434926494427	0.07117804	3.52467261433
0.7888888219014369	0.05231126	3.48163694228
0.7906341511534312	0.04426494	3.45260758899
0.7923794804054256	0.05512691	3.44104868298
0.7941248096574199	0.06124424	3.40159562303
0.7958701389094143	0.07482763	3.34242438772
0.7976154681614087	0.09664211	3.28640139458
0.7993607974134028	0.08271175	3.20576360844
0.8011061266653973	0.06066694	3.13915711975
0.8028514559173917	0.06383152	3.12938232724
0.8045967851693859	0.06228118	3.14437572439
0.8063421144213804	0.04658331	3.16490323637
0.8080874436733746	0.05273333	3.21685605892
0.8098327729253689	0.05898601	3.26595017992
0.8115781021773633	0.05907739	3.30158445034
0.8133234314293576	0.07930094	3.35170833352
0.815068760681352	0.09540312	3.39183981677
0.8168140899333463	0.06964332	3.38848794414
0.8185594191853405	0.04600603	3.38962505904
0.8203047484373349	0.04160466	3.40417127776
0.8220500776893291	0.03344524	3.41065922661
0.8237954069413236	0.03106497	3.42897383262
0.8255407361933178	0.0453752	3.46013241644
0.8272860654453121	0.04276239	3.45883347453
0.8290313946973066	0.03689587	3.452888883
0.8307767239493009	0.04774979	3.46691126553
0.8325220532012952	0.04958574	3.46208181095
0.8342673824532895	0.03006119	3.42796771766
0.8360127117052839	0.0200411	3.39827240169
0.8377580409572781	0.0136146	3.35514090348
0.8395033702092726	0.007716613	3.30543863724
0.8412486994612668	0.01485952	3.28117650793
0.8429940287132611	0.02543032	3.26260548376
0.8447393579652556	0.0207553	3.22171752632
0.8464846872172498	0.01933385	3.19278539099
0.8482300164692442	0.0188913	3.1738151722
0.8499753457212387	0.01349306	3.14613820311
0.8517206749732327	0.01479449	3.1258376348
0.8534660042252271	0.02267698	3.11541990459
0.8552113334772216	0.01857219	3.08935455249
0.8569566627292158	0.02002398	3.07672573139
0.8587019919812102	0.0295903	3.09148392846
0.8604473212332044	0.03332288	3.10900557962
0.8621926504851988	0.03792511	3.12891830853
0.8639379797371932	0.04956245	3.16118539957
0.8656833089891874	0.04345004	3.17420772552
0.8674286382411819	0.03776564	3.18058005286
0.8691739674931761	0.05388161	3.20522529682
0.8709192967451703	0.06644311	3.2218602607
0.8726646259971648	0.05993007	3.21409447882
0.8744099552491592	0.06180006	3.21578258654
0.8761552845011534	0.06219174	3.21642754715
0.8779006137531478	0.05589179	3.20790632206
0.8796459430051422	0.06603026	3.21539497363
0.8813912722571364	0.08221786	3.22515214616
0.8831366015091309	0.07184128	3.19995490792
0.8848819307611251	0.06584059	3.17657564393
0.8866272600131193	0.08006465	3.17239137459
0.8883725892651138	0.08371649	3.15378928207
0.890117918517108	0.07218513	3.12050253835
0.8918632477691024	0.06792797	3.09355027862
0.8936085770210968	0.05512113	3.04786912166
0.895353906273091	0.04026063	2.99664667919
0.8970992355250854	0.04541002	2.9707585144
0.8988445647770799	0.05346991	2.94574919202
0.9005898940290741	0.04225264	2.89861485892
0.9023352232810685	0.03774816	2.8657929281
0.9040805525330627	0.04177153	2.84592515266
0.905825881785057	0.03750732	2.81887687961
0.9075712110370514	0.02961585	2.79574772562
0.9093165402890457	0.0255787	2.77674204976
0.9110618695410401	0.01298877	2.73825861293
0.9128071987930344	0.004670319	2.70552391754
0.9145525280450286	0.006974766	2.69463222214
0.9162978572970231	0.009099435	2.68664685567
0.9180431865490173	0.008997093	2.68087567101
0.9197885158010117	0.01360809	2.69206332295
0.921533845053006	0.01017776	2.70020237756
0.9232791743050003	0.005801045	2.70886006307
0.9250245035569946	0.009458769	2.73047750124
0.9267698328089891	0.01250232	2.7461502429
0.9285151620609834	0.01164404	2.74364842504
0.9302604913129776	0.01964791	2.74657129535
0.932005820564972	0.02371616	2.74851058404
0.9337511498169663	0.02561486	2.74821909931
0.9354964790689607	0.04084188	2.76666813815
0.9372418083209549	0.05499709	2.79478893247
0.9389871375729493	0.0464822	2.80620470866
0.9407324668249436	0.04265452	2.82772178384
0.9424777960769379	0.05192726	2.8667260969
0.9442231253289324	0.05528181	2.89394562647
0.9459684545809267	0.05737952	2.90801225473
0.9477137838329208	0.06791615	2.92100374029
0.9494591130849153	0.06390637	2.90929432011
0.9512044423369097	0.05782822	2.888415096
0.9529497715889039	0.07219828	2.88914839082
0.9546951008408984	0.08244913	2.88958568686
0.9564404300928926	0.06827638	2.86982677662
0.9581857593448869	0.06258845	2.86645859709
0.9599310885968813	0.06832645	2.87862850116
0.9616764178488756	0.06624501	2.87992461183
0.96342174710087	0.0639458	2.87563674298
0.9651670763528643	0.06580939	2.8651511363
0.9669124056048585	0.05104519	2.8223218374
0.9686577348568529	0.03670326	2.77176666661
0.9704030641088474	0.03988345	2.73890163942
0.9721483933608416	0.04046737	2.70388077826
0.9738937226128359	0.02874848	2.66118653456
0.9756390518648302	0.02661751	2.63814353393
0.9773843811168246	0.02792472	2.62370309769
0.979129710368819	0.02469578	2.60712080602
0.9808750396208132	0.02485845	2.59718440163
0.9826203688728075	0.02469592	2.58189901314
0.9843656981248019	0.01242587	2.54333000776
0.9861110273767961	0.00484714	2.50685621628
0.9878563566287906	0.005778357	2.48142960426
0.9896016858807848	0.006037429	2.45642212207
0.9913470151327791	0.008717555	2.44010229009
0.9930923443847736	0.01643269	2.43831919343
0.9948376736367678	0.01424314	2.4304089396
0.9965830028887622	0.01133289	2.4265233993
0.9983283321407567	0.01620379	2.43738584693
1.0000736613927508	0.01697386	2.44216222918
1.0018189906447452	0.01106852	2.43351843204
1.0035643198967397	0.01352314	2.43394755159
1.0053096491487339	0.01575117	2.43659438593
1.0070549784007283	0.01793336	2.44000081414
1.0088003076527225	0.03146368	2.46010295767
1.0105456369047168	0.04360845	2.48390343335
1.0122909661567112	0.03608529	2.48665018165
1.0140362954087054	0.03084858	2.49184640983
1.0157816246606999	0.03538121	2.50755573685
1.017526953912694	0.03401793	2.50979049529
1.0192722831646883	0.03021504	2.4996813552
1.0210176124166828	0.03495657	2.49506631674
1.0227629416686772	0.0330694	2.48325541782
1.0245082709206714	0.0311539	2.47316115283
1.0262536001726656	0.042696	2.48377590044
1.02799892942466	0.04951523	2.49626879758
1.0297442586766543	0.03752709	2.49146083383
1.0314895879286488	0.03142523	2.49273016437
1.0332349171806432	0.03376842	2.49825235632
1.0349802464326374	0.03179818	2.48826597712
1.0367255756846319	0.03219539	2.46908744041
1.038470904936626	0.03770269	2.4477319319
1.0402162341886205	0.03147888	2.41160127009
1.041961563440615	0.02564815	2.3813231254
1.043706892692609	0.03147493	2.37535296176
1.0454522219446034	0.03203354	2.37674884029
1.0471975511965979	0.02142778	2.37709397915
1.048942880448592	0.01920514	2.3912833407
1.0506882097005865	0.02059214	2.40443464446
1.0524335389525807	0.02033188	2.40562906379
1.054178868204575	0.02705364	2.4039863487
1.0559241974565694	0.03379048	2.39102547265
1.0576695267085636	0.02518059	2.35391385496
1.059414855960558	0.01848493	2.32301598545
1.0611601852125523	0.02110295	2.31411867998
1.0629055144645467	0.01917635	2.31259256177
1.064650843716541	0.01388794	2.32001567939
1.0663961729685354	0.01684278	2.34535890598
1.0681415022205298	0.01725848	2.36730114216
1.069886831472524	0.01762365	2.38391943348
1.0716321607245185	0.02718902	2.40467090404
1.0733774899765127	0.03268942	2.40914239028
1.0751228192285072	0.02269647	2.38278420502
1.0768681484805014	0.01668436	2.35600698423
1.0786134777324956	0.01750627	2.33822282891
1.08035880698449	0.0150928	2.31699883065
1.0821041362364843	0.01464764	2.30087086003
1.0838494654884787	0.01991177	2.29915912478
1.085594794740473	0.01779085	2.2968560502
1.0873401239924672	0.01672914	2.30239659936
1.0890854532444616	0.02475774	2.32553423327
1.0908307824964558	0.02749305	2.34530065483
1.0925761117484503	0.01916466	2.34844452755
1.0943214410004447	0.01645207	2.35228336848
1.096066770252439	0.01659999	2.35205258299
1.0978120995044334	0.01495264	2.33706678753
1.0995574287564276	0.01880836	2.31600635281
1.101302758008422	0.02417226	2.29290020377
1.1030480872604165	0.01862339	2.26198280052
1.1047934165124107	0.01577246	2.2440060201
1.106538745764405	0.02137693	2.25123948544
1.1082840750163994	0.02259086	2.27250265432
1.1100294042683936	0.01934777	2.30479281956
1.111774733520388	0.0223449	2.35206586168
1.1135200627723822	0.02276409	2.3949729267
1.1152653920243765	0.02229002	2.42691111808
1.117010721276371	0.02993812	2.45220335154
1.1187560505283651	0.03438925	2.45693436598
1.1205013797803596	0.02464074	2.43351501734
1.1222467090323538	0.01967358	2.4108341026
1.1239920382843482	0.02370021	2.40148806567
1.1257373675363425	0.02448074	2.40066306991
1.127482696788337	0.02542624	2.41853766581
1.1292280260403311	0.03265965	2.45883696832
1.1309733552923256	0.03333905	2.49969496349
1.13271868454432	0.03319241	2.54356287044
1.1344640137963142	0.04216136	2.59531740572
1.1362093430483085	0.04467612	2.62557489311
1.1379546723003031	0.03084099	2.61787739824
1.1397000015522971	0.02292346	2.60120345851
1.1414453308042918	0.02484963	2.58331865497
1.143190660056286	0.02376132	2.55368554996
1.14493598930828	0.02318252	2.52564321391
1.1466813185602747	0.02863634	2.51130172554
1.1484266478122689	0.02808262	2.49771478937
1.1501719770642633	0.02673859	2.49460588335
1.1519173063162575	0.03286488	2.51194995771
1.1536626355682518	0.03324166	2.52316993192
1.1554079648202462	0.02038807	2.50961403569
1.1571532940722404	0.01300024	2.49230915621
1.1588986233242349	0.01354047	2.47161007614
1.160643952576229	0.01146764	2.4299051476
1.1623892818282235	0.008636272	2.37380910158
1.1641346110802178	0.009844112	2.31900616884
1.1658799403322122	0.007740389	2.26358299591
1.1676252695842066	0.005553515	2.21872186136
1.1693705988362009	0.006923769	2.19576797269
1.171115928088195	0.006159303	2.18428354133
1.1728612573401895	0.001476469	2.17391287849
1.1746065865921838	0.0006871703	2.17069737107
1.1763519158441782	0.0009305254	2.16550978523
1.1780972450961724	0.0009055248	2.14535077926
1.1798425743481666	0.003266028	2.11103492321
1.181587903600161	0.005293717	2.06779481627
1.1833332328521553	0.002957523	2.01843781822
1.18507856210415	0.003457067	1.97805666474
1.186823891356144	0.006191981	1.95553833132
1.1885692206081382	0.008758211	1.95238178369
1.1903145498601329	0.01555056	1.97108352283
1.192059879112127	0.0244475	2.00578842033
1.1938052083641215	0.02453933	2.03760174024
1.1955505376161157	0.02559223	2.06624288612
1.19729586686811	0.03533397	2.09323282414
1.1990411961201044	0.03859492	2.10168377905
1.2007865253720988	0.02973138	2.08751487173
1.2025318546240933	0.02866075	2.07660156913
1.2042771838760875	0.03635085	2.07742924941
1.2060225131280817	0.04290269	2.08738341923
1.2077678423800762	0.05396723	2.11829770016
1.2095131716320704	0.06930495	2.17093110668
1.2112585008840648	0.07317233	2.22515753924
1.213003830136059	0.07552072	2.28739645154
1.2147491593880533	0.08788589	2.36318195506
1.2164944886400477	0.08922171	2.4189839615
1.218239817892042	0.06934318	2.43590444191
1.2199851471440364	0.05818753	2.44524642733
1.2217304763960306	0.06326062	2.45632372214
1.2234758056480248	0.0642207	2.45120608493
1.2252211349000193	0.06251529	2.44163961213
1.2269664641520137	0.07080456	2.45095092102
1.228711793404008	0.07752571	2.47157863391
1.2304571226560024	0.08017727	2.50549742041
1.2322024519079966	0.08750458	2.56135980134
1.233947781159991	0.08761852	2.61290521034
1.2356931104119853	0.06923898	2.63381462519
1.23743843966398	0.05519379	2.64374653136
1.2391837689159741	0.05544632	2.64844403363
1.2409290981679681	0.05034361	2.62142592091
1.2426744274199628	0.03642795	2.56574461336
1.244419756671957	0.03281703	2.51598107704
1.2461650859239515	0.03678951	2.47846478342
1.2479104151759457	0.03612806	2.44796259163
1.24965574442794	0.03289424	2.4322573853
1.2514010736799344	0.03060496	2.42863814925
1.2531464029319286	0.02394987	2.42045104444
1.254891732183923	0.01749046	2.4087932845
1.2566370614359172	0.01554956	2.39329359161
1.2583823906879115	0.012725	2.3591052998
1.260127719939906	0.00603007	2.3042251733
1.2618730491919004	0.003323826	2.24796064106
1.2636183784438946	0.004973343	2.19730298831
1.265363707695889	0.005146253	2.14945819922
1.2671090369478832	0.002170236	2.10755573557
1.2688543661998777	0.001640709	2.0774388276
1.270599695451872	0.004606243	2.05541435383
1.2723450247038663	0.006966535	2.03501263258
1.2740903539558606	0.00523167	2.01021845664
1.2758356832078548	0.005649038	1.98298226345
1.2775810124598492	0.01088903	1.95616189308
1.2793263417118435	0.01353463	1.92662075527
1.2810716709638381	0.009825776	1.89308792973
1.2828170002158321	0.01009593	1.86828311097
1.2845623294678263	0.01613202	1.85677287561
1.286307658719821	0.02037184	1.85101860497
1.288052987971815	0.02339302	1.85028514168
1.2897983172238097	0.03052256	1.85880612007
1.2915436464758039	0.03599569	1.86748599833
1.293288975727798	0.04011663	1.87398634241
1.2950343049797925	0.0484393	1.88350871706
1.296779634231787	0.05297112	1.88563681278
1.2985249634837812	0.04521774	1.87029448445
1.3002702927357757	0.04123104	1.85914336969
1.3020156219877699	0.04875501	1.86460727766
1.3037609512397643	0.05065381	1.86771480275
1.3055062804917585	0.04267401	1.86536194643
1.307251609743753	0.0436877	1.88133314181
1.3089969389957472	0.05276967	1.91239530029
1.3107422682477414	0.05610338	1.93895963254
1.3124875974997359	0.05659348	1.96195924378
1.31423292675173	0.05934354	1.98217719652
1.3159782560037245	0.05620606	1.98587143963
1.3177235852557188	0.05247592	1.98185148862
1.319468914507713	0.05674131	1.98346896845
1.3212142437597074	0.05667696	1.97511576326
1.3229595730117016	0.04454261	1.95024120246
1.324704902263696	0.03922073	1.93799944455
1.3264502315156905	0.04459557	1.94455716464
1.3281955607676847	0.04254534	1.94531441731
1.3299408900196792	0.03247404	1.93888292113
1.3316862192716734	0.0291855	1.94149066641
1.3334315485236679	0.02894114	1.94463740934
1.335176877775662	0.02611141	1.94007091602
1.3369222070276563	0.02627017	1.93460603676
1.338667536279651	0.02729185	1.92280206162
1.3404128655316452	0.02190664	1.89523266254
1.3421581947836396	0.01913784	1.86759977731
1.3439035240356338	0.02275661	1.8478119461
1.345648853287628	0.02077464	1.82060557454
1.3473941825396225	0.01152853	1.78623975045
1.3491395117916167	0.007376993	1.76483593778
1.3508848410436112	0.007074055	1.75583877826
1.3526301702956054	0.004842811	1.74895083029
1.3543754995475996	0.004191528	1.74645160406
1.356120828799594	0.005890033	1.74752115525
1.3578661580515883	0.00466005	1.7418765166
1.3596114873035827	0.004811862	1.73168233363
1.3613568165555772	0.008408469	1.71958883621
1.3631021458075714	0.008357939	1.69772611905
1.3648474750595658	0.00389132	1.6672284475
1.36659280431156	0.002455615	1.64259101088
1.3683381335635545	0.00241653	1.62672335023
1.3700834628155487	0.001781358	1.61732741081
1.371828792067543	0.003911603	1.61846267817
1.3735741213195374	0.006806389	1.62964421502
1.3753194505715316	0.005726101	1.64333044223
1.3770647798235263	0.006686361	1.66065781723
1.3788101090755203	0.01140693	1.6805849018
1.3805554383275145	0.01199565	1.69347113896
1.3823007675795091	0.008020135	1.69693330664
1.3840460968315031	0.007080309	1.69826011804
1.3857914260834978	0.007287714	1.69651432916
1.387536755335492	0.006376472	1.6905646301
1.3892820845874863	0.007745505	1.6858036102
1.3910274138394807	0.009559421	1.68332898835
1.392772743091475	0.007319632	1.68101530638
1.3945180723434694	0.007277374	1.68684494789
1.3962634015954638	0.0115854	1.70401232462
1.398008730847458	0.01209204	1.72411697632
1.3997540600994525	0.007936113	1.74445334135
1.4014993893514467	0.007361141	1.76994436648
1.4032447186034411	0.008861866	1.79482814605
1.4049900478554354	0.008380164	1.81181409027
1.4067353771074296	0.008547166	1.82136050198
1.408480706359424	0.009452264	1.82150887936
1.4102260356114182	0.007216315	1.80871006869
1.4119713648634127	0.00619114	1.79173873914
1.413716694115407	0.008695217	1.77725197146
1.4154620233674011	0.008488776	1.76139827161
1.4172073526193956	0.004686133	1.74695462099
1.4189526818713898	0.004535128	1.74501218763
1.4206980111233842	0.006871132	1.75417518674
1.4224433403753785	0.007676275	1.76831497415
1.424188669627373	0.009162894	1.78741453107
1.4259339988793673	0.01141398	1.80617049389
1.4276793281313616	0.01031064	1.81434943832
1.429424657383356	0.009985817	1.81452059535
1.4311699866353502	0.01331829	1.80835999052
1.4329153158873444	0.01332638	1.78556606626
1.434660645139339	0.008362676	1.74669024881
1.436405974391333	0.00775689	1.70946485835
1.4381513036433278	0.0115677	1.67956022883
1.439896632895322	0.01311256	1.6536512704
1.4416419621473162	0.01434468	1.63906181979
1.4433872913993107	0.01843149	1.64075207233
1.4451326206513049	0.02071807	1.65016675831
1.4468779499032993	0.02283375	1.66583682299
1.4486232791552935	0.02869942	1.68683693642
1.4503686084072878	0.03081018	1.69499493577
1.4521139376592822	0.0248908	1.67964178518
1.4538592669112764	0.02319111	1.65622247955
1.4556045961632709	0.02868439	1.62984028065
1.457349925415265	0.02882815	1.58796916934
1.4590952546672595	0.02366704	1.53827950489
1.460840583919254	0.02551459	1.50380495316
1.4625859131712482	0.03178515	1.48590776801
1.4643312424232426	0.03479965	1.47836589843
1.4660765716752369	0.03819655	1.4857063251
1.467821900927231	0.04246624	1.50200187566
1.4695672301792255	0.04142379	1.5121775801
1.4713125594312197	0.041119	1.5197008961
1.4730578886832144	0.0466886	1.52600087121
1.4748032179352084	0.04643439	1.5109744151
1.4765485471872026	0.03687363	1.47144106721
1.4782938764391973	0.03429206	1.43429704556
1.4800392056911913	0.04041228	1.40706484432
1.481784534943186	0.03989326	1.37520543349
1.4835298641951802	0.03371861	1.34552807386
1.4852751934471744	0.03431623	1.33563215829
1.4870205226991688	0.03785262	1.33874809211
1.488765851951163	0.03725364	1.34413134194
1.4905111812031575	0.03677041	1.35368353308
1.4922565104551517	0.03661052	1.360395408
1.4940018397071462	0.03194125	1.35385850888
1.4957471689591406	0.02914891	1.34392271156
1.4974924982111348	0.03224024	1.33631313394
1.4992378274631293	0.03096416	1.31596766607
1.5009831567151235	0.02295759	1.28265472518
1.5027284859671177	0.02088746	1.25880488477
1.5044738152191122	0.02503781	1.24694132786
1.5062191444711064	0.02325845	1.23133182812
1.5079644737231008	0.01647165	1.21520210701
1.509709802975095	0.01446824	1.21138992208
1.5114551322270893	0.01507558	1.21431997132
1.5132004614790837	0.01258508	1.21546315313
1.514945790731078	0.009771442	1.216865863
1.5166911199830724	0.008878228	1.21588324164
1.5184364492350666	0.007282227	1.20642426304
1.520181778487061	0.006500878	1.19404494959
1.5219271077390553	0.008327503	1.18262159326
1.5236724369910497	0.008579137	1.16464301647
1.5254177662430441	0.005747219	1.14098231625
1.5271630954950384	0.005249702	1.12470008093
1.5289084247470326	0.007430704	1.11683575052
1.5306537539990273	0.006682994	1.10749648327
1.5323990832510213	0.003241799	1.09701647213
1.534144412503016	0.002356208	1.09189325202
1.5358897417550101	0.003435545	1.08894325125
1.5376350710070041	0.002629035	1.08255182337
1.5393804002589988	0.0006307366	1.07421413854
1.541125729510993	0.0003385946	1.06620633012
1.5428710587629875	0.001220295	1.05717788986
1.5446163880149817	0.001351583	1.04674001076
1.546361717266976	0.0008741841	1.03518303987
1.5481070465189704	0.001585922	1.02178763127
1.5498523757709646	0.003622719	1.00675291068
1.551597705022959	0.005009605	0.991598756369
1.5533430342749532	0.005292112	0.977492555283
1.5550883635269477	0.006630332	0.965931131196
1.556833692778942	0.008825958	0.958123971029
1.5585790220309363	0.009393243	0.954106194122
1.5603243512829308	0.008828153	0.953250258009
1.562069680534925	0.008788456	0.953443478229
1.5638150097869192	0.008089506	0.951624651385
1.5655603390389137	0.007348541	0.948131910506
1.567305668290908	0.008944088	0.944169849864
1.5690509975429023	0.01005073	0.936382703099
1.5707963267948966	0.008440935	0.924289355623
1.5725416560468908	0.01028153	0.915950505005
1.5742869852988854	0.01723693	0.913959624043
1.5760323145508797	0.01999974	0.910192792962
1.5777776438028739	0.01729764	0.903940611914
1.579522973054868	0.01906745	0.903985007784
1.5812683023068623	0.02463353	0.909000555083
1.583013631558857	0.02461091	0.910461324169
1.5847589608108512	0.02144023	0.910577749059
1.5865042900628454	0.02207418	0.914529125197
1.5882496193148399	0.02345	0.918610939687
1.589994948566834	0.02355368	0.921256185436
1.5917402778188285	0.02620395	0.925312805073
1.593485607070823	0.02804563	0.925524543762
1.5952309363228174	0.02537029	0.918280072255
1.5969762655748114	0.02593695	0.913489115153
1.5987215948268056	0.03199699	0.914809493226
1.6004669240788003	0.03203347	0.910840872086
1.6022122533307945	0.0255161	0.902064655058
1.6039575825827892	0.02555785	0.903008604102
1.6057029118347834	0.03144136	0.911882152715
1.6074482410867772	0.03123237	0.914024439605
1.6091935703387719	0.027443	0.910767982353
1.610938899590766	0.02899258	0.910796362318
1.6126842288427607	0.03225697	0.909876586812
1.614429558094755	0.03218518	0.90380892712
1.6161748873467492	0.03243607	0.89827420536
1.6179202165987434	0.03260154	0.893183259942
1.6196655458507379	0.02932052	0.885303621948
1.6214108751027323	0.02789922	0.881827143251
1.6231562043547265	0.03129774	0.885462863071
1.624901533606721	0.03048864	0.883635149879
1.6266468628587152	0.02432962	0.87429865528
1.6283921921107094	0.02453994	0.871537650228
1.630137521362704	0.03100335	0.874929051901
1.6318828506146983	0.03108115	0.869613789184
1.6336281798666925	0.02629443	0.858264944631
1.6353735091186867	0.02745309	0.854076247937
1.637118838370681	0.03164016	0.853742876629
1.6388641676226756	0.03086711	0.848629419047
1.6406094968746698	0.02893051	0.843559030525
1.642354826126664	0.02916776	0.841917951877
1.6441001553786583	0.02795877	0.839422083956
1.6458454846306525	0.0269768	0.838474612945
1.6475908138826472	0.02952242	0.842200349086
1.6493361431346414	0.02904949	0.841387049251
1.6510814723866356	0.02364034	0.832996360933
1.6528268016386303	0.02309496	0.828455766096
1.6545721308906243	0.02799837	0.828313516515
1.6563174601426187	0.02679148	0.819195441604
1.6580627893946132	0.02085647	0.80389734901
1.6598081186466074	0.0213072	0.797215591847
1.6615534478986018	0.02583403	0.797406328233
1.6632987771505963	0.02539604	0.793751202843
1.6650441064025905	0.02321072	0.789705108806
1.6667894356545847	0.02428194	0.790675117308
1.668534764906579	0.02515848	0.791299598394
1.6702800941585736	0.02442044	0.788609444011
1.6720254234105678	0.02508359	0.785815634126
1.673770752662562	0.02414016	0.779501347046
1.6755160819145563	0.01977473	0.767784454469
1.6772614111665505	0.01841242	0.759146016164
1.6790067404185451	0.02145914	0.756072543343
1.6807520696705394	0.0203218	0.748627464402
1.6824973989225336	0.01539027	0.737695280398
1.684242728174528	0.01626235	0.735386575358
1.6859880574265222	0.02176598	0.740342825252
1.6877333866785167	0.0221039	0.74059963209
1.6894787159305111	0.01929936	0.738333266226
1.6912240451825054	0.02086001	0.741848212834
1.6929693744344996	0.02402936	0.746752673727
1.6947147036864938	0.02341135	0.745692418556
1.6964600329384885	0.02220905	0.741758550809
1.6982053621904827	0.0220231	0.736805494069
1.6999506914424773	0.02032354	0.728732208356
1.7016960206944716	0.01933844	0.721454458674
1.7034413499464653	0.02157887	0.719392420199
1.70518667919846	0.02110613	0.717367606483
1.7069320084504542	0.01693359	0.714805152382
1.708677337702449	0.01748426	0.720191817305
1.7104226669544431	0.02275185	0.73188964807
1.7121679962064373	0.02243531	0.736655669667
1.7139133254584316	0.0180631	0.734197872752
1.7156586547104258	0.01931914	0.734022782874
1.7174039839624204	0.02388385	0.733790602352
1.7191493132144147	0.02330617	0.725143062897
1.7208946424664089	0.02079364	0.713184033489
1.7226399717184033	0.02149172	0.705884707204
1.7243853009703975	0.02239312	0.701398303918
1.726130630222392	0.02139259	0.697262701473
1.7278759594743864	0.02141447	0.696516301431
1.7296212887263807	0.02063446	0.697230394519
1.7313666179783749	0.01742984	0.696445864031
1.733111947230369	0.01664201	0.697764599613
1.7348572764823638	0.01957344	0.702152409721
1.736602605734358	0.01878754	0.701599095214
1.7383479349863522	0.01463307	0.696024668057
1.7400932642383464	0.01582739	0.694583326044
1.7418385934903406	0.02143804	0.696548142298
1.7435839227423353	0.0215865	0.69163167483
1.7453292519943295	0.01816685	0.682462414374
1.7470745812463238	0.0198142	0.679380042245
1.7488199104983184	0.02405742	0.680836290484
1.7505652397503124	0.02311998	0.679287125539
1.7523105690023069	0.02024109	0.678733477
1.7540558982543013	0.02032371	0.684550711526
1.7558012275062955	0.02069895	0.693097858309
1.75754655675829	0.01968087	0.700767611534
1.7592918860102844	0.02045078	0.709281148781
1.7610372152622786	0.02079829	0.715529605996
1.7627825445142729	0.01887146	0.716756692741
1.764527873766267	0.02000768	0.717696141193
1.7662732030182617	0.02516611	0.720115318866
1.768018532270256	0.02525202	0.716504676189
1.7697638615222502	0.02076715	0.708496375456
1.7715091907742444	0.02183244	0.707132923551
1.7732545200262386	0.02696967	0.712038705204
1.7749998492782333	0.02535741	0.712529489635
1.7767451785302275	0.02028174	0.711409691218
1.7784905077822217	0.02125969	0.718143741263
1.780235837034216	0.02519661	0.728876196415
1.7819811662862104	0.02462723	0.733946085894
1.7837264955382048	0.02321784	0.735980955941
1.785471824790199	0.0246213	0.739066222153
1.7872171540421935	0.02572776	0.739356850923
1.7889624832941877	0.02534303	0.734408092085
1.790707812546182	0.02596945	0.727947738316
1.7924531417981766	0.02486004	0.719504378405
1.7941984710501708	0.0210677	0.709206721622
1.7959438003021653	0.02001618	0.703523555045
1.7976891295541597	0.02268576	0.704992408259
1.7994344588061535	0.02140603	0.706037679337
1.8011797880581482	0.01725207	0.706759921663
1.8029251173101424	0.0193498	0.715415218345
1.804670446562137	0.02626217	0.728855010056
1.8064157758141313	0.02716297	0.733722632977
1.8081611050661255	0.0243149	0.731492625043
1.8099064343181197	0.02714337	0.732527363418
1.811651763570114	0.03242868	0.734288378983
1.8133970928221086	0.03078261	0.728011494392
1.8151424220741028	0.02618044	0.719632207419
1.816887751326097	0.02516927	0.717688604942
1.8186330805780915	0.02469392	0.719409649351
1.8203784098300857	0.02180543	0.720855096317
1.8221237390820801	0.02066554	0.725456800263
1.8238690683340746	0.02044951	0.73169164444
1.8256143975860688	0.01906608	0.736078720628
1.827359726838063	0.0210575	0.74174091918
1.8291050560900572	0.02746808	0.749617763641
1.830850385342052	0.02898003	0.750862734851
1.8325957145940461	0.02590396	0.745990293379
1.8343410438460404	0.02847796	0.745830686148
1.8360863730980346	0.03463481	0.749453154981
1.8378317023500288	0.03217668	0.745066716362
1.8395770316020235	0.02505176	0.737128649282
1.8413223608540177	0.02460129	0.738370906187
1.843067690106012	0.02735734	0.745481333614
1.8448130193580066	0.02411031	0.747304008325
1.8465583486100006	0.01984333	0.747936081244
1.848303677861995	0.02075974	0.753741284134
1.8500490071139892	0.02312314	0.759033539623
1.8517943363659837	0.02342015	0.757605790223
1.8535396656179781	0.02479488	0.753234089001
1.8552849948699723	0.02610567	0.747126418648
1.8570303241219668	0.02538221	0.738628783053
1.858775653373961	0.0259242	0.73275875262
1.8605209826259552	0.02887521	0.73337677248
1.8622663118779499	0.02753156	0.734638653698
1.864011641129944	0.0228383	0.736549667842
1.8657569703819383	0.02339216	0.746531907455
1.8675022996339325	0.02815534	0.761049538218
1.8692476288859268	0.02680415	0.765912158686
1.8709929581379214	0.02217876	0.762417588248
1.8727382873899157	0.0243729	0.761772320626
1.8744836166419099	0.03007506	0.761299989936
1.876228945893904	0.02864827	0.750747268852
1.8779742751458985	0.0242324	0.737070926688
1.879719604397893	0.02493751	0.731683742928
1.8814649336498872	0.02699207	0.731389972594
1.8832102629018816	0.02438046	0.729164873362
1.8849555921538759	0.0216893	0.729641737624
1.88670092140587	0.02143895	0.735268439956
1.8884462506578648	0.0209934	0.741755417402
1.890191579909859	0.02133491	0.74815882302
1.8919369091618534	0.02477292	0.756058945568
1.8936822384138474	0.02589927	0.759349610373
1.8954275676658416	0.02420367	0.756505189374
1.8971728969178363	0.02685098	0.754588674574
1.8989182261698305	0.03270482	0.753459618567
1.9006635554218252	0.03122591	0.743588507279
1.9024088846738194	0.02527992	0.7298404597
1.9041542139258136	0.025342	0.725878403229
1.9058995431778079	0.02828069	0.730185279909
1.907644872429802	0.02390875	0.731422411532
1.9093902016817967	0.01741618	0.733949143169
1.911135530933791	0.01748852	0.7459274209
1.9128808601857852	0.02030958	0.760036647961
1.9146261894377794	0.01939319	0.764932196152
1.9163715186897738	0.019002	0.764011941161
1.9181168479417683	0.02189271	0.76191539045
1.9198621771937625	0.02490067	0.756092208267
1.921607506445757	0.02673491	0.746226421407
1.9233528356977512	0.02935483	0.73814100898
1.9250981649497454	0.02983055	0.732184603234
1.92684349420174	0.02762404	0.728315945006
1.9285888234537343	0.0270584	0.730690783011
1.9303341527057285	0.028352	0.738960613805
1.9320794819577227	0.02496423	0.743923961333
1.933824811209717	0.01914178	0.745369050932
1.9355701404617116	0.01873397	0.750370910785
1.9373154697137058	0.0219975	0.755539047625
1.9390607989657	0.0200435	0.749475300187
1.9408061282176947	0.01633973	0.736525321524
1.9425514574696887	0.01903492	0.728167184502
1.9442967867216832	0.02459762	0.722209593267
1.9460421159736774	0.02427562	0.710216773731
1.9477874452256718	0.02212603	0.699337549204
1.9495327744776663	0.02425759	0.698944565731
1.9512781037296605	0.02711287	0.70492005765
1.953023432981655	0.02578981	0.709853113795
1.9547687622336491	0.02426436	0.716726150734
1.9565140914856434	0.0241806	0.726076432135
1.958259420737638	0.02343576	0.733001010607
1.9600047499896323	0.02285246	0.736096641439
1.9617500792416265	0.02436	0.737568062204
1.9634954084936207	0.02352558	0.733903378675
1.965240737745615	0.02056163	0.726060846669
1.9669860669976096	0.02145849	0.721534973944
1.9687313962496038	0.02517677	0.72089849792
1.970476725501598	0.0230838	0.7156474518
1.9722220547535922	0.01831101	0.709218204718
1.9739673840055865	0.01959972	0.71157612209
1.9757127132575811	0.02382761	0.719028440358
1.9774580425095754	0.02187584	0.719781325032
1.9792033717615696	0.01848844	0.718170163531
1.980948701013564	0.02111797	0.723004758127
1.9826940302655582	0.0257119	0.728668699904
1.9844393595175527	0.0254038	0.725380751711
1.9861846887695471	0.0243055	0.718722465516
1.9879300180215416	0.025882	0.715548142306
1.9896753472735356	0.02703307	0.712853570059
1.9914206765255298	0.02536715	0.707472064211
1.9931660057775245	0.02377506	0.704412827368
1.9949113350295187	0.02160298	0.704287102925
1.9966566642815133	0.01826795	0.704423212341
1.9984019935335076	0.01652051	0.70538682114
2.0001473227855016	0.01738304	0.707450602056
2.0018926520374962	0.0157015	0.704149532099
2.0036379812894904	0.01291025	0.696476103847
2.0053833105414847	0.01541788	0.692664451502
2.0071286397934793	0.0213593	0.692335426826
2.0088739690454736	0.0215728	0.686296352095
2.0106192982974678	0.01926165	0.679354271354
2.012364627549462	0.02284497	0.682351040927
2.0141099568014567	0.02838494	0.690576655175
2.015855286053451	0.02617065	0.691636002615
2.017600615305445	0.02139978	0.691123858606
2.0193459445574393	0.02195324	0.698691198669
2.0210912738094335	0.02364127	0.708639632767
2.022836603061428	0.02023624	0.711723327425
2.0245819323134224	0.01707966	0.71345060546
2.0263272615654166	0.01744193	0.717958838906
2.028072590817411	0.01822808	0.719739346556
2.029817920069405	0.01858999	0.715274796169
2.0315632493213998	0.02101174	0.708566867343
2.033308578573394	0.02202067	0.698988044542
2.035053907825388	0.02119275	0.687348873638
2.036799237077383	0.02327122	0.680177398946
2.0385445663293766	0.02739269	0.679663789972
2.0402898955813713	0.02561291	0.678713122421
2.0420352248333655	0.02122491	0.679605676465
2.0437805540853597	0.02270629	0.690043620706
2.0455258833373544	0.02679489	0.704560534905
2.0472712125893486	0.02399278	0.709592057668
2.049016541841343	0.01947183	0.709268533413
2.050761871093337	0.0216165	0.713831762756
2.0525072003453313	0.02575665	0.718049195772
2.054252529597326	0.02330422	0.71140594496
2.05599785884932	0.01954761	0.701536046864
2.0577431881013144	0.02052605	0.698003813682
2.0594885173533086	0.02217044	0.69578790662
2.0612338466053033	0.01955014	0.687823323217
2.0629791758572975	0.01724575	0.680642010555
2.0647245051092917	0.01733365	0.678721532749
2.0664698343612864	0.01756124	0.678854076007
2.0682151636132806	0.01798173	0.679809196376
2.069960492865275	0.02076711	0.684833534071
2.0717058221172695	0.02221071	0.690556109454
2.0734511513692637	0.022401	0.695267371646
2.075196480621258	0.02629687	0.702347895271
2.076941809873252	0.03240781	0.710035540597
2.0786871391252464	0.03190269	0.708974376569
2.080432468377241	0.02819042	0.702485647471
2.0821777976292353	0.03010397	0.700744732708
2.08392312688123	0.03364236	0.700977778592
2.0856684561332237	0.02879634	0.693097400485
2.087413785385218	0.02207286	0.684691596398
2.0891591146372126	0.0228459	0.687047246382
2.090904443889207	0.02608074	0.694062169674
2.0926497731412015	0.02351745	0.69409705316
2.0943951023931957	0.0212831	0.692970228021
2.0961404316451895	0.02472856	0.697382703917
2.097885760897184	0.02904718	0.700522656313
2.0996310901491784	0.02948058	0.695034670582
2.101376419401173	0.0298994	0.687411337703
2.1031217486531673	0.03115652	0.682538789124
2.1048670779051615	0.03118878	0.678529384559
2.1066124071571557	0.03019339	0.675027361824
2.10835773640915	0.03000968	0.676072904393
2.1101030656611446	0.02779597	0.679652076665
2.111848394913139	0.02448763	0.684085082054
2.113593724165133	0.02437907	0.691034745628
2.1153390534171272	0.02669664	0.698698371793
2.1170843826691215	0.02464292	0.698959459739
2.118829711921116	0.02131115	0.694144044939
2.1205750411731104	0.02402131	0.692504377822
2.1223203704251046	0.02931046	0.691796957856
2.124065699677099	0.02746209	0.682758813917
2.1258110289290935	0.02378625	0.67212446843
2.1275563581810877	0.02738214	0.670854404418
2.129301687433082	0.0329787	0.673583415174
2.1310470166850766	0.03074395	0.669031275381
2.132792345937071	0.02753353	0.664804540783
2.134537675189065	0.03124403	0.670680012444
2.1362830044410597	0.03613509	0.680064212214
2.138028333693054	0.03509105	0.683412448302
2.139773662945048	0.03403328	0.687356116573
2.141518992197043	0.03639963	0.696870117037
2.143264321449037	0.03807047	0.70533364605
2.1450096507010312	0.03683252	0.707028953747
2.1467549799530254	0.03603231	0.706481026915
2.1485003092050197	0.03424062	0.704560679269
2.1502456384570143	0.03103221	0.699830095572
2.1519909677090086	0.02954208	0.694662493049
2.1537362969610028	0.03003366	0.691932465162
2.155481626212997	0.0268624	0.687596217406
2.157226955464991	0.02284941	0.683373955865
2.158972284716986	0.02472476	0.685285460075
2.16071761396898	0.02951295	0.690354927734
2.1624629432209743	0.02805145	0.68816478717
2.1642082724729685	0.02543125	0.683369053908
2.1659536017249628	0.03063167	0.686157068115
2.1676989309769574	0.03811234	0.691263670779
2.1694442602289516	0.03670756	0.686865378271
2.171189589480946	0.03345955	0.681628187734
2.17293491873294	0.03818648	0.687508576654
2.1746802479849343	0.04394496	0.696582240554
2.176425577236929	0.04035595	0.696091853946
2.178170906488923	0.03555192	0.694465056419
2.179916235740918	0.03740095	0.700410986257
2.1816615649929116	0.03951226	0.705509680131
2.183406894244906	0.0357848	0.701240001368
2.1851522234969005	0.03301182	0.695940015237
2.1868975527488947	0.03363781	0.694752138496
2.1886428820008894	0.03404111	0.693681415132
2.1903882112528836	0.034309	0.691756658027
2.192133540504878	0.03696769	0.693662259478
2.193878869756872	0.03756486	0.696726843346
2.1956241990088667	0.03684309	0.699699544125
2.197369528260861	0.04058444	0.706025159642
2.199114857512855	0.0462658	0.713576711416
2.20086018676485	0.04445025	0.712916304136
2.202605516016844	0.04038399	0.708094265844
2.2043508452688383	0.04351839	0.708783634296
2.206096174520833	0.04800537	0.710392724237
2.207841503772827	0.04271706	0.70179881676
2.2095868330248214	0.03584152	0.691717600478
2.2113321622768156	0.03787976	0.692022277713
2.21307749152881	0.04167438	0.695003402226
2.2148228207808045	0.03663692	0.688229978463
2.2165681500327987	0.03163634	0.68142838716
2.218313479284793	0.03569174	0.685341659256
2.220058808536787	0.04143595	0.691448440407
2.2218041377887814	0.04001652	0.689000309262
2.223549467040776	0.03901503	0.686716872725
2.2252947962927703	0.04394274	0.691309081045
2.2270401255447645	0.04863534	0.694800212808
2.2287854547967587	0.04803791	0.690275995681
2.230530784048753	0.04759315	0.684868379838
2.2322761133007476	0.04845514	0.682149705662
2.234021442552742	0.04793533	0.679617183774
2.235766771804736	0.04669231	0.677835079002
2.2375121010567303	0.04690546	0.681031427437
2.239257430308725	0.04461841	0.686387761701
2.241002759560719	0.0413411	0.693183813047
2.2427480888127134	0.04264342	0.703924356928
2.2444934180647076	0.04607701	0.715108206815
2.246238747316702	0.0429199	0.717014181326
2.2479840765686965	0.03852641	0.713234792016
2.2497294058206907	0.0417285	0.712306149194
2.251474735072685	0.04646996	0.709967471789
2.253220064324679	0.04182122	0.696801306358
2.254965393576674	0.03616351	0.682619428124
2.256710722828668	0.03979225	0.679675752972
2.2584560520806622	0.04499678	0.681153551301
2.260201381332657	0.04089143	0.675432115111
2.261946710584651	0.03693112	0.672335161355
2.2636920398366454	0.04246769	0.682004354012
2.26543736908864	0.0492028	0.694466338136
2.2671826983406342	0.04737236	0.697282195493
2.2689280275926285	0.0455067	0.699227300324
2.2706733568446227	0.05025774	0.707848245494
2.272418686096617	0.0543382	0.714069156256
2.2741640153486116	0.0511799	0.709574758161
2.2759093446006062	0.04781832	0.703465608781
2.2776546738526	0.04757778	0.70157153625
2.2794000031045942	0.04635601	0.699358889779
2.2811453323565885	0.04276448	0.694693600535
2.2828906616085836	0.04099019	0.693596758629
2.284635990860578	0.03939748	0.695575432876
2.286381320112572	0.0377535	0.698577943125
2.288126649364566	0.03973994	0.704305172129
2.28987197861656	0.04451145	0.712217748361
2.291617307868555	0.04445976	0.714742809788
2.2933626371205493	0.04355103	0.714415172565
2.2951079663725436	0.04981452	0.71847928702
2.2968532956245378	0.05737756	0.721967233161
2.2985986248765315	0.0546709	0.713875964508
2.3003439541285267	0.05016776	0.703031516108
2.302089283380521	0.05498162	0.701770649795
2.303834612632515	0.06025225	0.702528659074
2.3055799418845093	0.05371788	0.693273113541
2.3073252711365035	0.04682954	0.686200567967
2.309070600388498	0.05085501	0.693369028361
2.3108159296404924	0.0556933	0.703261584216
2.3125612588924866	0.05021055	0.70210384394
2.314306588144481	0.04543265	0.700625630707
2.316051917396475	0.04971743	0.707706962255
2.3177972466484698	0.05377609	0.712615710984
2.319542575900464	0.04956673	0.706146912777
2.321287905152458	0.04597583	0.699462756199
2.3230332344044524	0.04769956	0.699562445526
2.324778563656447	0.04873504	0.699672331681
2.3265238929084413	0.04571046	0.695186027405
2.3282692221604355	0.04429163	0.692855663506
2.33001455141243	0.04475074	0.6935833294
2.3317598806644244	0.0450319	0.693891223154
2.3335052099164186	0.04627201	0.69399911499
2.3352505391684133	0.04954289	0.696450742581
2.3369958684204075	0.05003677	0.697641101776
2.3387411976724017	0.04972186	0.698881143899
2.340486526924396	0.05378584	0.704374808205
2.34223185617639	0.05859128	0.710660138046
2.343977185428385	0.05540181	0.708687911822
2.345722514680379	0.05074636	0.703712272776
2.3474678439323733	0.05345113	0.703977450012
2.3492131731843675	0.05654542	0.703562625827
2.3509585024363617	0.04953609	0.692936764462
2.3527038316883564	0.04260064	0.682904217873
2.3544491609403506	0.0461045	0.684649813945
2.356194490192345	0.05072071	0.689247263701
2.357939819444339	0.04531208	0.684762655669
2.3596851486963333	0.04089209	0.681971427631
2.361430477948328	0.04673085	0.690506042297
2.363175807200322	0.05261241	0.69949728437
2.3649211364523164	0.04833363	0.697735147628
2.3666664657043106	0.04447776	0.69698114191
2.368411794956305	0.0487234	0.706243248148
2.3701571242083	0.05222983	0.715414368213
2.371902453460294	0.04737724	0.714954339703
2.373647782712288	0.04347371	0.714629779398
2.375393111964282	0.04575684	0.720011853172
2.3771384412162764	0.0476713	0.72270945473
2.3788837704682715	0.04486628	0.717041744377
2.3806290997202657	0.04386192	0.711185698698
2.38237442897226	0.04588022	0.708076124415
2.384119758224254	0.04745156	0.70399889628
2.3858650874762484	0.04828878	0.698548699116
2.387610416728243	0.05064058	0.695888233535
2.3893557459802373	0.05082431	0.693717188187
2.3911010752322315	0.04987763	0.692421362858
2.3928464044842257	0.05228778	0.695736770067
2.39459173373622	0.05552147	0.701852605428
2.3963370629882146	0.05183326	0.70296747916
2.398082392240209	0.04761819	0.703897505681
2.3998277214922035	0.05125685	0.711745201767
2.4015730507441977	0.05560704	0.719238821326
2.403318379996192	0.05012977	0.715333854541
2.4050637092481866	0.04505795	0.709940084543
2.406809038500181	0.05028212	0.71354529118
2.408554367752175	0.05545239	0.716386136865
2.4102996970041692	0.04916503	0.706975310901
2.4120450262561635	0.04355168	0.69829564489
2.413790355508158	0.04841204	0.701172883558
2.4155356847601523	0.05258597	0.704024331603
2.4172810140121466	0.04567612	0.69574602194
2.419026343264141	0.04004118	0.689955080632
2.420771672516135	0.04419784	0.696338135983
2.4225170017681297	0.04785168	0.703761757678
2.424262331020124	0.04268314	0.702642636914
2.426007660272118	0.0395682	0.704004694787
2.4277529895241123	0.04429355	0.713091040978
2.4294983187761066	0.04850842	0.719277460282
2.4312436480281012	0.0467605	0.715336737454
2.4329889772800954	0.04672549	0.709882647773
2.4347343065320897	0.05028146	0.706510525039
2.436479635784084	0.05247562	0.70101212839
2.438224965036078	0.0517165	0.692702733695
2.4399702942880728	0.0516939	0.687732770476
2.441715623540067	0.05067605	0.685727319711
2.443460952792061	0.04849567	0.685107004752
2.4452062820440554	0.04751226	0.686359263274
2.4469516112960497	0.04725488	0.689022234483
2.4486969405480443	0.0430323	0.688359615019
2.4504422698000385	0.038972	0.687695186387
2.4521875990520328	0.04010046	0.692206394504
2.4539329283040274	0.04208307	0.698915121918
2.4556782575560216	0.03775485	0.700781607808
2.457423586808016	0.0343082	0.703834004229
2.4591689160600105	0.03860782	0.713491003194
2.4609142453120048	0.04329387	0.720944456371
2.462659574563999	0.03923474	0.715733240168
2.464404903815993	0.03617381	0.707891879553
2.466150233067988	0.04255682	0.707569700449
2.467895562319982	0.048524	0.707022058754
2.4696408915719763	0.04365428	0.697783863381
2.4713862208239705	0.03990334	0.69369532564
2.4731315500759647	0.0463904	0.70427874768
2.47487687932796	0.0516195	0.716259006003
2.476622208579954	0.04548256	0.716658240959
2.4783675378319483	0.04091813	0.716818304583
2.480112867083942	0.04594458	0.724199844481
2.4818581963359363	0.04940012	0.727005828341
2.4836035255879314	0.04337145	0.717449994415
2.4853488548399256	0.03943635	0.709730908808
2.48709418409192	0.0429195	0.711408492855
2.488839513343914	0.04512955	0.712778573237
2.490584842595908	0.04104707	0.706858078277
2.492330171847903	0.03892569	0.702168770731
2.494075501099897	0.0410733	0.701066911756
2.4958208303518914	0.04230851	0.697073673032
2.4975661596038856	0.04032167	0.688369855065
2.49931148885588	0.03973868	0.682890475374
2.5010568181078745	0.040212	0.682556030272
2.5028021473598687	0.04007359	0.685785712186
2.504547476611863	0.03976847	0.692268395257
2.506292805863857	0.04052282	0.701863878149
2.5080381351158514	0.03913388	0.708739538519
2.509783464367846	0.03769784	0.712570278729
2.5115287936198403	0.03988837	0.715886821958
2.5132741228718345	0.04284043	0.716451649675
2.5150194521238287	0.04000766	0.709492622407
2.516764781375823	0.03773489	0.703306704903
2.5185101106278176	0.04243445	0.705482033431
2.520255439879812	0.0466344	0.709190744841
2.522000769131806	0.04146248	0.704896529468
2.5237460983838007	0.03722085	0.701136194604
2.525491427635795	0.04161638	0.704250949185
2.527236756887789	0.04435662	0.703905905435
2.528982086139784	0.03665443	0.691740029754
2.530727415391778	0.0308334	0.681676918569
2.5324727446437723	0.03426667	0.683291464678
2.5342180738957665	0.0363752	0.68655496314
2.535963403147761	0.02933858	0.682500539221
2.5377087323997554	0.02496415	0.682705649429
2.5394540616517496	0.02966875	0.692910529116
2.541199390903744	0.03357975	0.700641837288
2.542944720155738	0.02923352	0.696874728393
2.5446900494077327	0.02742074	0.694294429648
2.546435378659727	0.0339835	0.700560895943
2.548180707911721	0.03934893	0.706031917841
2.5499260371637154	0.03629636	0.703558679526
2.5516713664157096	0.03510429	0.704375949167
2.5534166956677042	0.04062723	0.712853563007
2.5551620249196985	0.04400682	0.718355264654
2.5569073541716927	0.03992902	0.714405064902
2.558652683423687	0.03751686	0.71076671083
2.560398012675681	0.03938798	0.711123378192
2.5621433419276762	0.03952528	0.709827606078
2.56388867117967	0.03594287	0.705064717234
2.5656340004316642	0.03421898	0.703634998175
2.5673793296836585	0.03371528	0.705263357675
2.5691246589356527	0.03272787	0.706542169622
2.570869988187648	0.03207982	0.706715536728
2.572615317439642	0.0325495	0.707013496588
2.5743606466916362	0.03089584	0.704365863461
2.57610597594363	0.02961304	0.700669725147
2.5778513051956247	0.03136391	0.698939875677
2.5795966344476193	0.03323483	0.697425320944
2.5813419636996136	0.03046292	0.691501506919
2.5830872929516078	0.02862215	0.686847698691
2.584832622203602	0.03183048	0.688029618612
2.586577951455596	0.03454477	0.689425394546
2.588323280707591	0.03053412	0.684431370368
2.590068609959585	0.02793952	0.681868771009
2.5918139392115793	0.03240475	0.687721263641
2.593559268463574	0.03579358	0.69299332421
2.595304597715568	0.0305152	0.689155626557
2.5970499269675624	0.02725095	0.687011325728
2.598795256219557	0.0325383	0.693005884924
2.6005405854715513	0.03597121	0.696058185836
2.6022859147235455	0.02961745	0.687973679512
2.6040312439755398	0.02576195	0.682308101953
2.6057765732275344	0.03070702	0.686574029664
2.6075219024795286	0.03339985	0.689518926771
2.609267231731523	0.02670103	0.683543596962
2.611012560983517	0.02281694	0.682035691775
2.6127578902355113	0.02718189	0.691088562952
2.614503219487506	0.02955941	0.699014022121
2.6162485487395	0.02372878	0.69829868968
2.6179938779914944	0.02076793	0.700796456756
2.6197392072434886	0.02522216	0.71090286915
2.621484536495483	0.02802191	0.717352192799
2.6232298657474775	0.0237973	0.713249560968
2.6249751949994717	0.02233867	0.709115598604
2.626720524251466	0.0270334	0.708886423051
2.62846585350346	0.03016845	0.704616212194
2.6302111827554544	0.02771512	0.693056244274
2.631956512007449	0.02750834	0.684656636851
2.6337018412594433	0.03104644	0.682792358472
2.6354471705114375	0.03292931	0.682011801313
2.6371924997634317	0.03103759	0.679786017634
2.638937829015426	0.03033873	0.681731815207
2.6406831582674206	0.03056563	0.687281765989
2.642428487519415	0.02970375	0.6927524074
2.644173816771409	0.02754851	0.696917537761
2.6459191460234033	0.02616421	0.702104337421
2.647664475275398	0.02403981	0.706157504037
2.649409804527392	0.02216813	0.708823696066
2.6511551337793864	0.02168103	0.710499693304
2.652900463031381	0.02193242	0.710081255023
2.6546457922833753	0.01988922	0.704036728003
2.6563911215353695	0.01897856	0.696667385889
2.658136450787364	0.02175619	0.69214375461
2.6598817800393584	0.02460153	0.688188305953
2.6616271092913526	0.02252075	0.68102455333
2.663372438543347	0.02185697	0.67840838071
2.665117767795341	0.02668172	0.684502813244
2.6668630970473357	0.02997545	0.690988015
2.6686084262993304	0.02547351	0.68999919304
2.670353755551324	0.02275494	0.690483157816
2.6720990848033184	0.02675505	0.697187435984
2.6738444140553126	0.02834165	0.70055857294
2.6755897433073077	0.02160021	0.694387983001
2.677335072559302	0.01776088	0.691205518726
2.679080401811296	0.0214324	0.696475052492
2.6808257310632904	0.02309979	0.698952998847
2.682571060315284	0.01723515	0.691377211124
2.6843163895672792	0.01465896	0.686118435135
2.6860617188192735	0.01961333	0.688873275128
2.6878070480712677	0.0227139	0.689532976523
2.689552377323262	0.01803433	0.682765761595
2.691297706575256	0.01636649	0.682405100703
2.693043035827251	0.02229748	0.693624080711
2.694788365079245	0.02572837	0.703685874584
2.6965336943312392	0.0204433	0.703995657013
2.6982790235832335	0.01810991	0.705409505072
2.7000243528352277	0.0231014	0.711334896609
2.7017696820872223	0.02520432	0.710805861622
2.7035150113392166	0.01966536	0.69995505307
2.705260340591211	0.01764454	0.693179435836
2.707005669843205	0.0217567	0.695874114616
2.7087509990951992	0.02375036	0.699470591247
2.710496328347194	0.02061436	0.699307623935
2.712241657599188	0.02009904	0.703265038301
2.7139869868511823	0.02293782	0.711061769553
2.7157323161031766	0.02405799	0.714104586567
2.7174776453551712	0.02126939	0.708991238523
2.7192229746071654	0.01977916	0.703881454372
2.7209683038591597	0.02055266	0.701524287266
2.7227136331111543	0.02038532	0.698514545616
2.7244589623631486	0.01702018	0.693200335645
2.7262042916151428	0.01520182	0.690725357203
2.7279496208671374	0.01576706	0.690302453133
2.7296949501191317	0.01562553	0.687819191021
2.731440279371126	0.01347752	0.682111564787
2.73318560862312	0.01328193	0.677561824999
2.7349309378751143	0.01394116	0.674539828119
2.736676267127109	0.01464159	0.674688653105
2.738421596379103	0.01655392	0.680094793485
2.7401669256310974	0.01942363	0.690199557161
2.7419122548830916	0.01922235	0.699779752105
2.743657584135086	0.01963542	0.709825823717
2.7454029133870805	0.02321657	0.720047523568
2.7471482426390748	0.02491342	0.724563184694
2.748893571891069	0.02052874	0.718974731157
2.750638901143063	0.01770633	0.711638156579
2.7523842303950574	0.01896728	0.707492782067
2.7541295596470525	0.01828538	0.702332181148
2.7558748888990463	0.01285579	0.693457438405
2.7576202181510405	0.01018612	0.689799662742
2.7593655474030347	0.01197902	0.693738364071
2.761110876655029	0.01292749	0.696972100866
2.762856205907024	0.009692995	0.693962411944
2.7646015351590183	0.009099941	0.693733915
2.766346864411012	0.01393193	0.700005593962
2.7680921936630063	0.01769463	0.704226039642
2.7698375229150005	0.01499903	0.700833063513
2.7715828521669956	0.014941	0.700928808808
2.77332818141899	0.021571	0.708199182972
2.775073510670984	0.02484388	0.710657203919
2.7768188399229783	0.01882529	0.701666345489
2.7785641691749725	0.01586329	0.69470361209
2.780309498426967	0.01989386	0.695085830914
2.7820548276789614	0.02010646	0.69250817092
2.7838001569309556	0.01264252	0.683645096989
2.78554548618295	0.009540407	0.683407534049
2.7872908154349445	0.01306293	0.695598328004
2.7890361446869387	0.01429664	0.707756990697
2.790781473938933	0.009985925	0.712831645155
2.7925268031909276	0.009175821	0.720368798726
2.794272132442922	0.01381518	0.73105594708
2.796017461694916	0.01644309	0.732649093657
2.7977627909469107	0.01281622	0.720094725683
2.799508120198905	0.0120636	0.707079301857
2.801253449450899	0.01740784	0.699543949885
2.8029987787028934	0.01985563	0.689010139578
2.8047441079548876	0.01443494	0.672556928242
2.8064894372068823	0.01221892	0.663955304762
2.8082347664588765	0.01605323	0.666352068236
2.8099800957108707	0.01620318	0.668588151416
2.811725424962865	0.009785884	0.666629363533
2.813470754214859	0.007333839	0.672010765478
2.815216083466854	0.009642789	0.686588300453
2.816961412718848	0.01014279	0.702177666769
2.8187067419708423	0.007911025	0.715991300582
2.8204520712228365	0.008702905	0.734524152632
2.8221974004748307	0.0116218	0.75490804092
2.8239427297268254	0.01383624	0.767857645018
2.8256880589788196	0.01400581	0.768131928838
2.827433388230814	0.01501052	0.759808570567
2.829178717482808	0.01700467	0.744076133002
2.8309240467348022	0.01803645	0.720850721191
2.832669375986797	0.01591021	0.693660420322
2.834414705238791	0.01467601	0.672757768092
2.8361600344907854	0.01510585	0.662098716564
2.8379053637427796	0.01425245	0.660259423848
2.839650692994774	0.01098339	0.664911437766
2.8413960222467685	0.009645659	0.676301234374
2.8431413514987627	0.009225742	0.689523687152
2.844886680750757	0.008713061	0.701281974959
2.8466320100027516	0.00910342	0.710969501084
2.848377339254746	0.01056839	0.719476733778
2.8501226685067405	0.009918449	0.725311295799
2.8518679977587347	0.01044149	0.731441257291
2.853613327010729	0.01341053	0.737760643926
2.855358656262723	0.01486491	0.739473121768
2.8571039855147173	0.01238353	0.731798331589
2.858849314766712	0.01155726	0.718594448764
2.8605946440187062	0.01253704	0.702080936579
2.8623399732707004	0.01188934	0.682745633046
2.8640853025226947	0.0087508	0.664002312791
2.865830631774689	0.007181987	0.656366324939
2.867575961026684	0.007106489	0.66361085197
2.869321290278678	0.006833044	0.680811082015
2.8710666195306724	0.004491917	0.700684821564
2.872811948782666	0.003941481	0.723666138264
2.8745572780346604	0.007061419	0.746137936467
2.8763026072866555	0.009804767	0.757905642341
2.8780479365386498	0.007746299	0.754052690925
2.879793265790644	0.008636211	0.746788014262
2.881538595042638	0.01558581	0.742874735869
2.8832839242946324	0.01926339	0.735035349139
2.885029253546627	0.01481863	0.719624042957
2.8867745827986213	0.01406133	0.708927811636
2.8885199120506155	0.01918998	0.704372963147
2.8902652413026098	0.019452	0.693445960121
2.892010570554604	0.01236517	0.673819434343
2.8937558998065986	0.009342647	0.662434951714
2.895501229058593	0.0111364	0.665590063619
2.897246558310587	0.01000089	0.675243893709
2.8989918875625813	0.004495763	0.688255155593
2.9007372168145755	0.002819695	0.713250602683
2.90248254606657	0.005796648	0.745756882281
2.9042278753185644	0.007302653	0.768213499328
2.9059732045705586	0.004173238	0.771517801863
2.907718533822553	0.004397292	0.766430117714
2.909463863074547	0.01021229	0.757983394216
2.9112091923265417	0.01311972	0.739452501966
2.912954521578536	0.008641588	0.711638203628
2.91469985083053	0.008105336	0.692361240627
2.916445180082525	0.01417687	0.685690957117
2.918190509334519	0.01561149	0.677295723553
2.9199358385865133	0.008912109	0.661516663357
2.921681167838508	0.007040284	0.653519931372
2.923426497090502	0.01142909	0.657624492121
2.9251718263424964	0.01151868	0.663533863528
2.9269171555944906	0.005340053	0.670627026085
2.9286624848464853	0.003888043	0.694296557018
2.9304078140984795	0.007772649	0.73335556874
2.9321531433504737	0.008764313	0.768475645584
2.933898472602468	0.00460815	0.788408377527
2.935643801854462	0.004361209	0.80114557017
2.937389131106457	0.009238554	0.806329228565
2.939134460358451	0.01113477	0.793283605443
2.9408797896104453	0.006715386	0.763814808608
2.9426251188624395	0.006180528	0.738988657323
2.9443704481144337	0.01142247	0.725786811602
2.946115777366429	0.01264302	0.712734269658
2.9478611066184226	0.006793329	0.695157024674
2.949606435870417	0.005496425	0.684928287356
2.951351765122411	0.009737723	0.681671944952
2.9530970943744053	0.009990632	0.673926705861
2.9548424236264004	0.004956168	0.662760860919
2.9565877528783946	0.004543356	0.66521813217
2.9583330821303884	0.008267381	0.684356665945
2.9600784113823826	0.00969183	0.709377162192
2.961823740634377	0.008072553	0.733698159907
2.963569069886372	0.009260441	0.760315587684
2.965314399138366	0.01238398	0.782543237058
2.9670597283903604	0.01352791	0.788398425789
2.968805057642354	0.01101848	0.776177593215
2.970550386894349	0.009926835	0.75976753131
2.9722957161463435	0.01128462	0.746550978682
2.9740410453983377	0.01082514	0.733643411006
2.975786374650332	0.006019791	0.720435998577
2.977531703902326	0.004452483	0.71616941757
2.9792770331543204	0.007569634	0.718855413301
2.981022362406315	0.007988238	0.715894873126
2.9827676916583092	0.003210841	0.703985255862
2.9845130209103035	0.00244409	0.696675551369
2.986258350162298	0.005812841	0.698617359567
2.9880036794142923	0.006209038	0.704408621266
2.9897490086662866	0.003301824	0.714047790603
2.9914943379182812	0.0042678	0.734926163688
2.9932396671702755	0.007449424	0.760894816117
2.9949849964222697	0.009363744	0.779062727893
2.996730325674264	0.01018733	0.784258954554
2.9984756549262586	0.01198526	0.781481588372
3.000220984178253	0.0127414	0.771898886055
3.001966313430247	0.01284366	0.756993077336
3.0037116426822412	0.0119527	0.741116693623
3.0054569719342354	0.01069079	0.730988607242
3.00720230118623	0.009081592	0.725997695955
3.0089476304382243	0.007912165	0.72228853976
3.0106929596902186	0.005762251	0.716122289427
3.0124382889422128	0.004811922	0.709295393828
3.014183618194207	0.005297137	0.702301405876
3.0159289474462017	0.005519924	0.696437322373
3.017674276698196	0.004282405	0.694555083778
3.01941960595019	0.004940854	0.702736788377
3.0211649352021843	0.00643909	0.720555519144
3.0229102644541785	0.007526544	0.744085936215
3.024655593706173	0.008382103	0.767999019571
3.0264009229581674	0.009818138	0.789066397204
3.0281462522101616	0.009528555	0.801724228999
3.029891581462156	0.009493216	0.803830585398
3.03163691071415	0.01000458	0.795452664969
3.0333822399661448	0.009168634	0.780331403733
3.035127569218139	0.006135076	0.761324846063
3.036872898470133	0.004730222	0.742609688825
3.0386182277221274	0.00403285	0.725744996078
3.040363556974122	0.003046487	0.712714859225
3.0421088862261163	0.002036523	0.702667486082
3.0438542154781105	0.002058786	0.695565467374
3.045599544730105	0.001634486	0.691057542387
3.0473448739820994	0.002163234	0.691282517261
3.0490902032340936	0.002805301	0.697098553854
3.0508355324860883	0.003974473	0.713239828589
3.0525808617380825	0.006615162	0.742252958815
3.0543261909900767	0.009910058	0.780640195903
3.056071520242071	0.01024391	0.820485156572
3.057816849494065	0.01271195	0.86005189101
3.05956217874606	0.01919567	0.891678005021
3.0613075079980545	0.0215452	0.900675829818
3.0630528372500487	0.01621111	0.881884871982
3.0647981665020425	0.01472799	0.849774786679
3.0665434957540367	0.01771039	0.813775122797
3.068288825006032	0.01502444	0.775501435978
3.070034154258026	0.007172036	0.743016027498
3.0717794835100203	0.004736297	0.729415943482
3.0735248127620145	0.005331841	0.729620951912
3.0752701420140083	0.003779698	0.729775759762
3.0770154712660034	0.001542013	0.723917230399
3.0787608005179976	0.001547575	0.716986415176
3.080506129769992	0.001583847	0.713856270502
3.082251459021986	0.001953889	0.723116381852
3.0839967882739803	0.001607553	0.754062641921
3.085742117525975	0.001974347	0.812717917641
3.087487446777969	0.004562515	0.889416684147
3.0892327760299634	0.006540877	0.95977348736
3.0909781052819576	0.003798662	0.997470891563
3.092723434533952	0.004488474	0.994631675869
3.0944687637859465	0.01104886	0.953733204871
3.0962140930379407	0.01241555	0.883951090248
3.097959422289935	0.005589695	0.811783456625
3.099704751541929	0.005353307	0.779194327661
3.1014500807939234	0.01206359	0.800349131019
3.103195410045918	0.01212743	0.849987357277
3.1049407392979123	0.005184473	0.896147965958
3.1066860685499065	0.00547941	0.923585686882
3.1084313978019007	0.01231567	0.914279909333
3.1101767270538954	0.01380311	0.858494429186
3.1119220563058896	0.008390918	0.791585356473
3.113667385557884	0.00975099	0.787313023921
3.1154127148098785	0.01938336	0.886835001002
3.1171580440618727	0.02159861	1.07059970275
3.118903373313867	0.01222878	1.29126058059
3.1206487025658616	0.01143247	1.491286935
3.122394031817856	0.02103992	1.58277913214
3.12413936106985	0.01853171	1.4916942321
3.1258846903218442	0.004231464	1.24055862564
3.1276300195738385	0.002029328	0.952384358998
3.129375348825833	0.007946623	0.778633753625
3.1311206780778273	0.006343318	0.862393899823
3.1328660073298216	0.007369371	1.30790896632
3.134611336581816	0.01408486	2.10707872038
3.13635666583381	0.01282072	3.11554281183
3.1381019950858047	0.01706148	4.11145695465
3.139847324337799	0.06122654	4.87113540194
3.141592653589793	0.1811457	5.25676189109