# C(3P)-CO2, ground-state PES; differential cross sections (mgacesa, Aug 26 2020)
# theta(rad)                 elastic CS                total CS (both in units of 1E-16 cm^2)
0.	3.711376e6	3.79199739107044e6
0.0017453292519943296	2.870947e6	2.92745164654e6
0.003490658503988659	1.349524e6	1.36988426104e6
0.005235987755982989	430750.	438049.492206
0.006981317007977318	134016.9	139498.204804
0.008726646259971648	66587.6	71404.7160576
0.010471975511965978	56631.06	61287.2001386
0.012217304763960306	45918.82	49424.3668408
0.013962634015954637	30131.94	32329.5990859
0.015707963267948967	19571.84	21328.3692129
0.017453292519943295	12733.06	14967.8354979
0.019198621771937624	9939.226	12886.0256757
0.020943951023931956	9314.615	12004.7788034
0.022689280275926284	7055.609	8806.30045359
0.024434609527920613	4424.204	5753.33454535
0.02617993877991494	2599.409	4351.03193552
0.027925268031909273	1735.35	4297.10435753
0.029670597283903602	1964.406	4894.76162628
0.031415926535897934	1985.771	4478.56842058
0.03316125578789226	1297.539	3139.43330223
0.03490658503988659	662.7729	2258.21458986
0.03665191429188092	410.7506	2227.98491368
0.03839724354387525	647.8406	2827.4943047
0.04014257279586957	1021.544	3248.17212837
0.04188790204786391	964.7217	2868.55350002
0.043633231299858244	645.1306	2217.60304333
0.04537856055185257	451.6136	1923.81172453
0.0471238898038469	547.2594	2124.300199
0.048869219055841226	898.9563	2584.27036823
0.05061454830783556	1108.531	2706.17571974
0.05235987755982988	954.6107	2339.19821986
0.054105206811824215	671.6997	1924.72095283
0.05585053606381855	496.5986	1764.20055956
0.05759586531581287	571.6512	1925.44840835
0.059341194567807204	829.682	2198.71518935
0.061086523819801536	945.7367	2188.08127492
0.06283185307179587	803.7706	1893.75433117
0.0645771823237902	555.1344	1604.05357514
0.06632251157578452	354.931	1474.60843298
0.06806784082777885	344.7769	1548.81218375
0.06981317007977318	491.5244	1669.44055566
0.0715584993317675	575.5795	1594.18035656
0.07330382858376185	510.6406	1366.3279497
0.07504915783575618	354.4985	1168.202673
0.0767944870877505	190.9835	1086.6613993
0.07853981633974483	135.8536	1139.25243578
0.08028514559173915	195.0585	1199.81189132
0.08203047484373349	249.4191	1110.42327134
0.08377580409572782	240.6213	915.356180556
0.08552113334772216	174.6699	745.703753089
0.08726646259971649	82.61199	677.708859133
0.0890117918517108	35.82424	729.091126084
0.09075712110370514	51.62444	799.414062338
0.09250245035569946	77.1463	763.139339943
0.0942477796076938	83.16213	628.69149992
0.09599310885968813	63.38698	479.091372113
0.09773843811168245	25.70988	389.96572653
0.09948376736367678	5.158824	401.488754063
0.10122909661567112	11.63022	459.976640764
0.10297442586766545	22.45726	474.487379228
0.10471975511965977	26.2843	421.651040962
0.10646508437165408	19.37888	331.064656003
0.10821041362364843	5.275097	251.824859481
0.10995574287564278	0.6240696	227.26285429
0.1117010721276371	7.389273	244.689205727
0.11344640137963143	13.44506	257.994747422
0.11519173063162574	14.23436	245.279112758
0.11693705988362009	8.843598	209.279181697
0.11868238913561441	1.282268	169.439712304
0.12042771838760875	1.430233	150.368770056
0.12217304763960307	8.515689	150.303170904
0.12391837689159739	13.97804	148.943196257
0.12566370614359174	14.19267	136.623879687
0.12740903539558604	8.697315	115.473302761
0.1291543646475804	1.583403	96.0691383288
0.13089969389957473	0.726366	91.237018382
0.13264502315156904	6.524864	98.2658281078
0.1343903524035634	12.74179	102.25076774
0.1361356816555577	14.79069	94.2180820019
0.13788101090755206	10.92865	75.6706490346
0.13962634015954636	3.803455	56.3347178899
0.1413716694115407	0.02653639	48.4436967328
0.143116998663535	2.563353	54.3878025639
0.14486232791552936	8.289809	64.5607335217
0.1466076571675237	12.43847	68.0176756704
0.148352986419518	11.91254	60.7821560086
0.15009831567151236	6.982566	46.9234738791
0.15184364492350666	1.800409	35.4832002514
0.153588974175501	0.6898543	33.1597626024
0.15533430342749535	3.829734	38.3557183662
0.15707963267948966	7.861759	43.9362025062
0.158824961931484	9.795246	44.8632683105
0.1605702911834783	8.439692	40.5714115073
0.16231562043547265	4.808968	33.919374197
0.16406094968746698	2.080801	29.6012534949
0.16580627893946132	2.25718	29.5222876311
0.16755160819145565	3.981407	30.9054677742
0.16929693744344995	5.640781	31.3927075602
0.1710422666954443	6.430999	30.7246962851
0.17278759594743864	5.46781	28.9060519115
0.17453292519943298	3.573161	27.3421688939
0.17627825445142728	2.64652	27.4931815585
0.1780235837034216	2.569514	27.808516222
0.17976891295541597	2.820268	27.0054251517
0.18151424220741028	3.586449	25.8506965201
0.1832595714594046	3.900657	24.4418371951
0.1850049007113989	3.123567	23.1732439968
0.18675022996339327	2.385663	23.4021531292
0.1884955592153876	1.996852	24.2909008694
0.1902408884673819	1.686589	24.3611279329
0.19198621771937627	1.971547	23.9199208875
0.19373154697137057	2.443513	22.9333776415
0.1954768762233649	2.163387	21.3281836539
0.19722220547535924	1.69094	20.6062361974
0.19896753472735357	1.458064	21.081844869
0.20071286397934793	1.173232	21.6505913489
0.20245819323134223	1.201107	22.1403406036
0.20420352248333656	1.559335	22.1851291666
0.2059488517353309	1.490005	21.0458667605
0.20769418098732523	1.217295	19.7041743788
0.20943951023931953	1.170349	19.1259098124
0.2111848394913139	1.038195	18.9262371486
0.21293016874330817	0.9126353	19.0980466404
0.21467549799530256	1.012644	19.5657161256
0.21642082724729686	0.8999598	19.4377916419
0.2181661564992912	0.6709698	18.9278419725
0.21991148575128555	0.7271258	18.760371725
0.22165681500327983	0.8043709	18.6194757331
0.2234021442552742	0.771317	18.3871800724
0.22514747350726852	0.8228683	18.3229508841
0.22689280275926285	0.6937783	17.9419363618
0.22863813201125716	0.4162785	17.2945876292
0.2303834612632515	0.3896316	17.0642693744
0.23212879051524585	0.4880071	17.0523407789
0.23387411976724018	0.5496302	16.9366352178
0.23561944901923448	0.7452448	16.9772015145
0.23736477827122882	0.8173663	16.8666333354
0.23911010752322315	0.6564478	16.4336472009
0.2408554367752175	0.6451504	16.2485368142
0.24260076602721184	0.7326987	16.261123912
0.24434609527920614	0.6861514	16.0391534857
0.24609142453120048	0.7690374	15.8788431524
0.24783675378319478	0.9230007	15.7717473626
0.24958208303518917	0.9282365	15.4239208964
0.25132741228718347	1.072099	15.220615464
0.2530727415391778	1.341384	15.2637182136
0.2548180707911721	1.303143	15.0503749771
0.2565634000431664	1.170728	14.8017852248
0.2583087292951608	1.194547	14.8020199448
0.26005405854715513	1.147845	14.6951748753
0.26179938779914946	1.145894	14.5364287879
0.26354471705114374	1.359546	14.5513954913
0.26529004630313807	1.404733	14.3353075022
0.26703537555513246	1.314739	13.9619457795
0.2687807048071268	1.447346	13.9057367567
0.27052603405912107	1.567111	13.9132144554
0.2722713633111154	1.485883	13.749610206
0.27401669256310973	1.466141	13.7045367364
0.2757620218151041	1.387169	13.6036957169
0.2775073510670984	1.181109	13.3263448042
0.2792526803190927	1.221444	13.2897844961
0.28099800957108706	1.425531	13.3938795193
0.2827433388230814	1.421249	13.2284748444
0.2844886680750758	1.395338	13.0495595046
0.28623399732707	1.427072	12.966135467
0.2879793265790644	1.316385	12.755411121
0.2897246558310587	1.247902	12.6370333131
0.29146998508305305	1.32069	12.690213568
0.2932153143350474	1.215896	12.5193373819
0.29496064358704166	1.048008	12.2649221894
0.296705972839036	1.088254	12.2306764033
0.2984513020910304	1.131281	12.1918551455
0.3001966313430247	1.081712	12.1014989731
0.30194196059501904	1.098783	12.1394039141
0.3036872898470133	1.018403	12.062178132
0.30543261909900765	0.81667	11.8473512846
0.307177948351002	0.7728372	11.8101970818
0.3089232776029963	0.8098603	11.8182343294
0.3106686068549907	0.7132581	11.6585249643
0.312413936106985	0.6377774	11.5404839984
0.3141592653589793	0.611985	11.4493438966
0.31590459461097364	0.5156389	11.2739431454
0.317649923862968	0.4565098	11.2161256605
0.3193952531149623	0.4591395	11.2569482577
0.3211405823669566	0.355104	11.1453484981
0.32288591161895097	0.2365311	11.0157959022
0.3246312408709453	0.2162885	10.9741581564
0.32637657012293964	0.196547	10.8792498012
0.32812189937493397	0.1727624	10.7994812527
0.32986722862692824	0.1962981	10.8015840756
0.33161255787892263	0.1640759	10.6934428736
0.33335788713091696	0.1006379	10.5396086153
0.3351032163829113	0.09621176	10.4984559771
0.3368485456349056	0.09663083	10.4481848183
0.3385938748868999	0.09319695	10.3576040223
0.3403392041388943	0.1469089	10.3288668865
0.3420845333908886	0.1720264	10.2286873383
0.3438298626428829	0.164479	10.0563329931
0.3455751918948773	0.2118982	9.99335306336
0.34732052114687156	0.2562425	9.95992340349
0.34906585039886595	0.2520573	9.84659273918
0.3508111796508603	0.2829465	9.78158812113
0.35255650890285456	0.2972714	9.72072328494
0.3543018381548489	0.2756856	9.5988739207
0.3560471674068432	0.3426096	9.57179259602
0.35779249665883756	0.4560858	9.60700886045
0.35953782591083194	0.4844851	9.51663489073
0.3612831551628262	0.5104734	9.41270777519
0.36302848441482055	0.5502805	9.36586095276
0.3647738136668149	0.5299431	9.26681092474
0.3665191429188092	0.547722	9.19610968511
0.3682644721708036	0.6345414	9.20931072567
0.3700098014227978	0.6298419	9.12170950488
0.3717551306747922	0.601232	8.9953619568
0.37350045992678654	0.6789093	9.00085390368
0.3752457891787809	0.7511846	9.01573698809
0.3769911184307752	0.7795248	8.97317247503
0.3787364476827695	0.8519637	8.98289200345
0.3804817769347638	0.8576643	8.93853216712
0.38222710618675815	0.7849243	8.80818030221
0.38397243543875254	0.8184297	8.78108163384
0.38571776469074687	0.8993917	8.79907943051
0.38746309394274114	0.8654222	8.69152829817
0.3892084231947355	0.8348907	8.59344271166
0.3909537524467298	0.8557302	8.56202891476
0.39269908169872414	0.8279623	8.49590799715
0.39444441095071847	0.8242323	8.48069336646
0.3961897402027128	0.8791233	8.54626830495
0.39793506945470714	0.8279486	8.50769228233
0.3996803987067014	0.7258335	8.42369053475
0.40142572795869585	0.7283751	8.44236711955
0.4031710572106902	0.7366027	8.44917167248
0.40491638646268446	0.6693295	8.3840073732
0.4066617157146788	0.6244806	8.34781668673
0.4084070449666731	0.5691941	8.2725527468
0.41015237421866746	0.469267	8.14064447943
0.4118977034706618	0.4327397	8.09472569179
0.41364303272265607	0.4400612	8.09243653544
0.41538836197465046	0.3760271	8.01224078783
0.41713369122664473	0.3108372	7.95146510095
0.41887902047863906	0.2980812	7.94410378538
0.4206243497306334	0.2684428	7.91576193182
0.4223696789826278	0.2278859	7.91627149228
0.4241150082346221	0.2094806	7.95721026415
0.42586033748661634	0.1556193	7.9224854354
0.4276056667386108	0.09145169	7.85624192533
0.4293509959906051	0.07682271	7.83496485051
0.4310963252425994	0.07492041	7.78863040544
0.4328416544945937	0.06422988	7.70818843651
0.43458698374658805	0.07749099	7.65236500459
0.4363323129985824	0.07786711	7.56077773768
0.4380776422505767	0.0589811	7.44637032635
0.4398229715025711	0.06352713	7.40382855401
0.44156830075456543	0.07132171	7.38945632193
0.44331363000655966	0.05876958	7.34417116751
0.445058959258554	0.06805002	7.33014246947
0.4468042885105484	0.08267603	7.32350923758
0.4485496177625427	0.08747241	7.28500249175
0.45029494701453704	0.1262315	7.27949330209
0.45204027626653137	0.1786002	7.28737145514
0.4537856055185257	0.1821383	7.21623718836
0.45553093477052004	0.1760991	7.12698867238
0.4572762640225143	0.1805324	7.06717681128
0.45902159327450864	0.1664021	6.98737940393
0.460766922526503	0.1682101	6.9194606507
0.4625122517784973	0.2047157	6.89832600183
0.4642575810304917	0.2107859	6.84371766818
0.466002910282486	0.2096223	6.78159720422
0.46774823953448036	0.2526637	6.79072225383
0.46949356878647464	0.2883566	6.80664154577
0.47123889803846897	0.2898156	6.7800963405
0.47298422729046335	0.3004817	6.76595523096
0.47472955654245763	0.2878224	6.72723145659
0.47647488579445196	0.2500318	6.64519884659
0.4782202150464463	0.2621043	6.60551191809
0.4799655442984406	0.3018712	6.58958278393
0.481710873550435	0.2988937	6.51604501554
0.48345620280242924	0.3026782	6.45460113469
0.4852015320544237	0.331102	6.44476972549
0.48694686130641796	0.3349591	6.42831173509
0.4886921905584123	0.3411044	6.42797758073
0.4904375198104066	0.3673063	6.46086961211
0.49218284906240095	0.3433063	6.43509294159
0.4939281783143953	0.3019587	6.3741704392
0.49567350756638956	0.3189776	6.36057671402
0.4974188368183839	0.3444605	6.33747718062
0.49916416607037833	0.3370647	6.26419948552
0.5009094953223726	0.3457033	6.21058581405
0.5026548245743669	0.3462662	6.16082015704
0.5044001538263613	0.3171631	6.09784998772
0.5061454830783556	0.3198442	6.09568722736
0.5078908123303499	0.3413965	6.13286933303
0.5096361415823442	0.3115981	6.11879835193
0.5113814708343386	0.2819715	6.10295199367
0.5131268000863328	0.2949582	6.12152886192
0.5148721293383272	0.300234	6.11205441471
0.5166174585903216	0.29722	6.08161784467
0.5183627878423159	0.3109417	6.06141459982
0.5201081170943103	0.2893996	5.99318083656
0.5218534463463045	0.2440237	5.90269003939
0.5235987755982989	0.2396888	5.8719132724
0.5253441048502933	0.2449281	5.8621728577
0.5270894341022875	0.2164655	5.82880010966
0.5288347633542818	0.2023945	5.8262360721
0.5305800926062761	0.205196	5.84341083445
0.5323254218582705	0.1941929	5.84536905321
0.5340707511102649	0.1953094	5.87001091577
0.5358160803622593	0.2058174	5.90130393686
0.5375614096142536	0.1736036	5.8682413883
0.5393067388662478	0.1295152	5.8119425797
0.5410520681182421	0.115855	5.77749991917
0.5427973973702365	0.1033028	5.72803922374
0.5445427266222308	0.08292652	5.67075528213
0.5462880558742251	0.0824363	5.64295089416
0.5480333851262195	0.07936206	5.61025575851
0.5497787143782138	0.06820929	5.58205947879
0.5515240436302082	0.07559309	5.60585596556
0.5532693728822025	0.08295973	5.64339497823
0.5550147021341968	0.06339182	5.64818703156
0.5567600313861911	0.04600761	5.65134517865
0.5585053606381855	0.03777201	5.642996621
0.5602506898901798	0.02823392	5.59949028386
0.5619960191421741	0.03474104	5.55523214155
0.5637413483941685	0.05670049	5.5116826232
0.5654866776461628	0.0649383	5.43076937832
0.5672320068981571	0.07203375	5.35412239184
0.5689773361501516	0.08582822	5.31792481023
0.5707226654021459	0.08706625	5.29384274361
0.57246799465414	0.08294958	5.28463095949
0.5742133239061344	0.0872083	5.3059553318
0.5759586531581288	0.07811345	5.31265267281
0.5777039824101231	0.07046333	5.30490532349
0.5794493116621174	0.093042	5.31797597821
0.5811946409141118	0.123218	5.31661766923
0.5829399701661061	0.1408901	5.26795411395
0.5846852994181004	0.1639153	5.212340673
0.5864306286700948	0.1746103	5.15200164311
0.5881759579220891	0.1639262	5.07832647771
0.5899212871740833	0.1657627	5.03516650051
0.5916666164260777	0.17422	5.02341721807
0.593411945678072	0.1545482	4.99562894642
0.5951572749300664	0.1415144	4.98313121891
0.5969026041820608	0.1610278	5.01429665462
0.598647933434055	0.1819201	5.04294097059
0.6003932626860494	0.2008421	5.0544226563
0.6021385919380438	0.2300844	5.06707296803
0.6038839211900381	0.2322326	5.04396086876
0.6056292504420324	0.2120976	4.98859676508
0.6073745796940266	0.2142303	4.95322892063
0.609119908946021	0.217264	4.91835283485
0.6108652381980153	0.1885479	4.84905599034
0.6126105674500096	0.1700572	4.7948974109
0.614355896702004	0.1756639	4.77434845293
0.6161012259539983	0.1784459	4.75929745574
0.6178465552059926	0.1901203	4.76590289332
0.6195918844579871	0.2126334	4.79604280267
0.6213372137099814	0.2029658	4.79748482815
0.6230825429619757	0.177577	4.78475299811
0.62482787221397	0.1754853	4.79479786111
0.6265732014659643	0.170412	4.79004516378
0.6283185307179586	0.1437124	4.74804849282
0.630063859969953	0.1306201	4.70800284157
0.6318091892219473	0.1283219	4.6660270802
0.6335545184739416	0.1223158	4.61625301792
0.635299847725936	0.1331452	4.59659511241
0.6370451769779303	0.1508097	4.59869947175
0.6387905062299246	0.1376934	4.58014295177
0.6405358354819191	0.1169103	4.56941275943
0.6422811647339132	0.1130902	4.58659126561
0.6440264939859075	0.1043453	4.59500968704
0.6457718232379019	0.08962899	4.58959767524
0.6475171524898963	0.08985596	4.58700845773
0.6492624817418906	0.08809049	4.56040331149
0.6510078109938849	0.08356824	4.51835170836
0.6527531402458793	0.09792461	4.49969119055
0.6544984694978736	0.1121323	4.48516143849
0.6562437987498679	0.09977898	4.44888021029
0.6579891280018623	0.08466007	4.42425280284
0.6597344572538565	0.07655342	4.41618865346
0.6614797865058508	0.06350066	4.40369426977
0.6632251157578453	0.0576782	4.40079616852
0.6649704450098396	0.06585933	4.40649107853
0.6667157742618339	0.06609125	4.38624438031
0.6684611035138281	0.06682034	4.35861822939
0.6702064327658226	0.08240181	4.3506559398
0.6719517620178169	0.09181674	4.33750333257
0.6736970912698113	0.08304703	4.30945989552
0.6754424205218056	0.07359284	4.2910576978
0.6771877497737998	0.06056724	4.27103738678
0.6789330790257941	0.04458395	4.24560983936
0.6806784082777886	0.04431482	4.23918106213
0.6824237375297829	0.05526927	4.23806808654
0.6841690667817772	0.05889155	4.21298843741
0.6859143960337715	0.06702688	4.18804058179
0.6876597252857658	0.08153131	4.17520213888
0.6894050545377601	0.0858757	4.15428519296
0.6911503837897546	0.08253121	4.13223224888
0.6928957130417489	0.07811791	4.11971619049
0.6946410422937431	0.06052346	4.09428489335
0.6963863715457375	0.04277618	4.06689018313
0.6981317007977319	0.04456063	4.06234319663
0.6998770300497262	0.05404843	4.05833691872
0.7016223593017206	0.06085357	4.03580068001
0.7033676885537148	0.0759484	4.01665552807
0.7051130178057091	0.08824933	3.99666150495
0.7068583470577035	0.08922372	3.96564980509
0.7086036763096978	0.09289489	3.94408938764
0.7103490055616921	0.09412205	3.92986609801
0.7120943348136864	0.07533759	3.8979223531
0.7138396640656808	0.05907633	3.87208654737
0.7155849933176751	0.06254358	3.87374543101
0.7173303225696696	0.07032311	3.87896685459
0.7190756518216639	0.08075146	3.88057321785
0.7208209810736581	0.1017043	3.89238053979
0.7225663103256524	0.1124858	3.89420820317
0.7243116395776468	0.1125636	3.88289747891
0.7260569688296411	0.1224791	3.88179313659
0.7278022980816354	0.1276891	3.87453070784
0.7295476273336298	0.1085877	3.83580452975
0.7312929565856241	0.09252336	3.79567428592
0.7330382858376184	0.09293576	3.77087175537
0.7347836150896128	0.09408914	3.74441389419
0.7365289443416072	0.1004829	3.72475898937
0.7382742735936013	0.1171873	3.72288047554
0.7400196028455956	0.1206762	3.71516747411
0.7417649320975901	0.1161349	3.70832901143
0.7435102613495844	0.1244247	3.72428953704
0.7452555906015788	0.1272579	3.73698001839
0.7470009198535731	0.1076302	3.72166861506
0.7487462491055674	0.09139094	3.70240795676
0.7504915783575618	0.08643202	3.68314159579
0.7522369076095561	0.08017855	3.65103226993
0.7539822368615504	0.08039421	3.62224158912
0.7557275661135446	0.08878807	3.60295055399
0.757472895365539	0.08459952	3.57345686172
0.7592182246175333	0.07649033	3.55175701842
0.7609635538695276	0.08049646	3.55937866637
0.7627088831215221	0.08017721	3.5725838852
0.7644542123735163	0.06587146	3.57590222752
0.7661995416255106	0.05656978	3.58535992111
0.7679448708775051	0.05219291	3.59166862064
0.7696902001294994	0.04656266	3.58523859185
0.7714355293814937	0.0496121	3.58147950809
0.773180858633488	0.05728887	3.5750067227
0.7749261878854823	0.05262792	3.54692863223
0.7766715171374766	0.0470321	3.51963489754
0.778416846389471	0.05006696	3.51031267215
0.7801621756414654	0.04920127	3.50235252234
0.7819075048934596	0.04373159	3.49440382639
0.783652834145454	0.04453047	3.49828190065
0.7853981633974483	0.04348656	3.49904002189
0.7871434926494427	0.0419583	3.49587767568
0.7888888219014369	0.05191714	3.50441120188
0.7906341511534312	0.06261951	3.50925926768
0.7923794804054256	0.05970315	3.49152535078
0.7941248096574199	0.05715658	3.47226070096
0.7958701389094143	0.05944779	3.46000864336
0.7976154681614087	0.05742085	3.44235649939
0.7993607974134028	0.05758333	3.42750810636
0.8011061266653973	0.06469109	3.42269152755
0.8028514559173917	0.06509415	3.41112238026
0.8045967851693859	0.06604971	3.40157140624
0.8063421144213804	0.08074531	3.41097651717
0.8080874436733746	0.09306297	3.41919742135
0.8098327729253689	0.08957776	3.40944580512
0.8115781021773633	0.08583765	3.40005265796
0.8133234314293576	0.08384567	3.39164986606
0.815068760681352	0.07630786	3.37418428623
0.8168140899333463	0.07289746	3.35999260998
0.8185594191853405	0.07606598	3.35185230421
0.8203047484373349	0.07173028	3.3339124735
0.8220500776893291	0.06957513	3.3216624108
0.8237954069413236	0.08160322	3.33208706195
0.8255407361933178	0.09074179	3.3451685337
0.8272860654453121	0.08523483	3.34788247261
0.8290313946973066	0.07902624	3.35370122448
0.8307767239493009	0.0725965	3.35565943348
0.8325220532012952	0.06046878	3.34399949028
0.8342673824532895	0.05168946	3.32923261404
0.8360127117052839	0.04812362	3.30855375448
0.8377580409572781	0.039743	3.26872338511
0.8395033702092726	0.03548042	3.22942014089
0.8412486994612668	0.04261079	3.207968652
0.8429940287132611	0.0482095	3.19275580908
0.8447393579652556	0.04586057	3.18209763573
0.8464846872172498	0.04369447	3.18826544091
0.8482300164692442	0.03845053	3.20135002817
0.8499753457212387	0.02945948	3.21514334456
0.8517206749732327	0.02543454	3.2359682813
0.8534660042252271	0.02479369	3.25001036292
0.8552113334772216	0.0207977	3.23933007153
0.8569566627292158	0.02198722	3.21789622927
0.8587019919812102	0.03004801	3.19444092709
0.8604473212332044	0.03611783	3.16062590059
0.8621926504851988	0.04011491	3.12419913713
0.8639379797371932	0.04382417	3.09853007985
0.8656833089891874	0.03919695	3.07795334879
0.8674286382411819	0.03208557	3.06969023568
0.8691739674931761	0.03314226	3.08640088924
0.8709192967451703	0.03582886	3.11211252328
0.8726646259971648	0.03455221	3.12872576947
0.8744099552491592	0.03973679	3.14510849088
0.8761552845011534	0.04974828	3.15797458331
0.8779006137531478	0.0569575	3.15265268246
0.8796459430051422	0.0652561	3.13380732417
0.8813912722571364	0.07231814	3.10659703608
0.8831366015091309	0.06628742	3.06294350562
0.8848819307611251	0.05759566	3.01856298309
0.8866272600131193	0.059156	2.99389383455
0.8883725892651138	0.06076791	2.97894929158
0.890117918517108	0.05709241	2.96545234882
0.8918632477691024	0.06138578	2.96850767814
0.8936085770210968	0.07134404	2.98448093801
0.895353906273091	0.07894491	2.99841705689
0.8970992355250854	0.08937858	3.01187481995
0.8988445647770799	0.09841143	3.0196851932
0.9005898940290741	0.09178626	3.00480604786
0.9023352232810685	0.081179	2.97919635025
0.9040805525330627	0.08041901	2.95990450287
0.905825881785057	0.07737555	2.93609239523
0.9075712110370514	0.06641535	2.90467774294
0.9093165402890457	0.06342536	2.88716277107
0.9110618695410401	0.06807614	2.88604334913
0.9128071987930344	0.07172442	2.89352301534
0.9145525280450286	0.07873051	2.91511433217
0.9162978572970231	0.08591501	2.94452616992
0.9180431865490173	0.07979863	2.96187363075
0.9197885158010117	0.0696343	2.97304041843
0.921533845053006	0.06697912	2.98582543836
0.9232791743050003	0.06067882	2.98299100532
0.9250245035569946	0.04589591	2.95829854443
0.9267698328089891	0.03765091	2.93000166159
0.9285151620609834	0.03683221	2.90171024908
0.9302604913129776	0.03642218	2.87275248993
0.932005820564972	0.04009962	2.85583027617
0.9337511498169663	0.04575727	2.85128716523
0.9354964790689607	0.0425584	2.84705051088
0.9372418083209549	0.03713899	2.85200998789
0.9389871375729493	0.0370809	2.87141467684
0.9407324668249436	0.03355049	2.88625354328
0.9424777960769379	0.02394534	2.88678415258
0.9442231253289324	0.01931516	2.88151208187
0.9459684545809267	0.01889116	2.86605442637
0.9477137838329208	0.0193372	2.83835193903
0.9494591130849153	0.02527206	2.8105732512
0.9512044423369097	0.03287606	2.78347027797
0.9529497715889039	0.03242761	2.7509742232
0.9546951008408984	0.03085931	2.72913203825
0.9564404300928926	0.03354497	2.72811530494
0.9581857593448869	0.03217097	2.734717789
0.9599310885968813	0.02575578	2.74320585189
0.9616764178488756	0.02311262	2.75920016938
0.96342174710087	0.02209126	2.77304663473
0.9651670763528643	0.02199161	2.77848738963
0.9669124056048585	0.02856633	2.78120245119
0.9686577348568529	0.0365082	2.77459911851
0.9704030641088474	0.03651108	2.74955584381
0.9721483933608416	0.03629746	2.72183837744
0.9738937226128359	0.04010217	2.70287924137
0.9756390518648302	0.03928328	2.68480564672
0.9773843811168246	0.03357109	2.66915668483
0.979129710368819	0.03079191	2.66640756135
0.9808750396208132	0.02819301	2.67080271209
0.9826203688728075	0.02660413	2.67929503389
0.9843656981248019	0.03263828	2.69671764857
0.9861110273767961	0.0404535	2.71221566102
0.9878563566287906	0.04118871	2.71205683675
0.9896016858807848	0.0429972	2.70632116398
0.9913470151327791	0.04924315	2.70057356896
0.9930923443847736	0.0506796	2.68420054049
0.9948376736367678	0.04703057	2.6587837531
0.9965830028887622	0.04519767	2.63579148489
0.9983283321407567	0.04177348	2.61298246499
1.0000736613927508	0.03843993	2.5930795154
1.0018189906447452	0.04269706	2.58592296674
1.0035643198967397	0.04855983	2.5840735736
1.0053096491487339	0.04744217	2.57625476145
1.0070549784007283	0.04855754	2.5727806106
1.0088003076527225	0.05565436	2.57707203789
1.0105456369047168	0.05835348	2.57517861405
1.0122909661567112	0.05529759	2.56486083492
1.0140362954087054	0.05357064	2.55408867989
1.0157816246606999	0.04992742	2.53850560834
1.017526953912694	0.04486673	2.51960288497
1.0192722831646883	0.0453686	2.50723938461
1.0210176124166828	0.0468008	2.49619103546
1.0227629416686772	0.04168902	2.47824223777
1.0245082709206714	0.03914508	2.46573371722
1.0262536001726656	0.04340999	2.46390888863
1.02799892942466	0.04472817	2.46035814581
1.0297442586766543	0.04133247	2.45284038661
1.0314895879286488	0.04018566	2.4484674463
1.0332349171806432	0.03840622	2.44201611296
1.0349802464326374	0.0352418	2.43287791042
1.0367255756846319	0.03631639	2.42865969227
1.038470904936626	0.03790189	2.42381906072
1.0402162341886205	0.03340428	2.41038724956
1.041961563440615	0.0308435	2.39992271974
1.043706892692609	0.03422459	2.39779552257
1.0454522219446034	0.03507411	2.39286341003
1.0471975511965979	0.03193389	2.38341973354
1.048942880448592	0.03132153	2.37671255309
1.0506882097005865	0.03068003	2.36808594572
1.0524335389525807	0.02908634	2.35655972367
1.054178868204575	0.03143739	2.3489991379
1.0559241974565694	0.03417352	2.34030498225
1.0576695267085636	0.03095998	2.32306130062
1.059414855960558	0.02911613	2.30859081089
1.0611601852125523	0.03248695	2.30280783523
1.0629055144645467	0.03296639	2.29552560433
1.064650843716541	0.02892258	2.28534638578
1.0663961729685354	0.02711761	2.28023405337
1.0681415022205298	0.0258525	2.27641786409
1.069886831472524	0.02368514	2.27185853718
1.0716321607245185	0.02475078	2.27197789824
1.0733774899765127	0.0265705	2.27184282872
1.0751228192285072	0.0236244	2.26368561765
1.0768681484805014	0.02194164	2.25683472852
1.0786134777324956	0.02476551	2.25628441593
1.08035880698449	0.02497883	2.25213055451
1.0821041362364843	0.02111271	2.24279010024
1.0838494654884787	0.01929243	2.23649007889
1.085594794740473	0.01813266	2.23065070065
1.0873401239924672	0.01645723	2.22349850998
1.0890854532444616	0.0180655	2.2205918578
1.0908307824964558	0.02077149	2.21844750488
1.0925761117484503	0.01955921	2.21028816067
1.0943214410004447	0.01979312	2.20490742035
1.096066770252439	0.02408465	2.207181063
1.0978120995044334	0.02572514	2.20744013592
1.0995574287564276	0.02349324	2.20354937042
1.101302758008422	0.02287259	2.20318256661
1.1030480872604165	0.02223386	2.20345742343
1.1047934165124107	0.02111048	2.20146217703
1.106538745764405	0.02391274	2.20177431764
1.1082840750163994	0.027968	2.2007445668
1.1100294042683936	0.02782989	2.1911481382
1.111774733520388	0.02969196	2.18142302344
1.1135200627723822	0.03665192	2.17708691288
1.1152653920243765	0.04043018	2.16860775945
1.117010721276371	0.03873366	2.1540043672
1.1187560505283651	0.03823016	2.143195119
1.1205013797803596	0.03777038	2.135496674
1.1222467090323538	0.03553209	2.12768673921
1.1239920382843482	0.03607583	2.12464085436
1.1257373675363425	0.03816664	2.12466340329
1.127482696788337	0.03639996	2.12056562548
1.1292280260403311	0.03710851	2.11915005669
1.1309733552923256	0.0445655	2.12531959419
1.13271868454432	0.04941223	2.12797310653
1.1344640137963142	0.0475051	2.12247312765
1.1362093430483085	0.0470723	2.11864916635
1.1379546723003031	0.04817963	2.11643277041
1.1397000015522971	0.04583512	2.11020765051
1.1414453308042918	0.04313424	2.10400457717
1.143190660056286	0.0420457	2.09967271562
1.14493598930828	0.03833035	2.09217206514
1.1466813185602747	0.03632257	2.08756630034
1.1484266478122689	0.04091933	2.09211628943
1.1501719770642633	0.04433525	2.09673331221
1.1519173063162575	0.04143816	2.09618701422
1.1536626355682518	0.04055739	2.10024959017
1.1554079648202462	0.04312274	2.10953201272
1.1571532940722404	0.04173273	2.1155272978
1.1588986233242349	0.03706755	2.11931027964
1.160643952576229	0.03401536	2.12423026684
1.1623892818282235	0.0302058	2.1257343303
1.1641346110802178	0.02652647	2.12635069805
1.1658799403322122	0.02703686	2.13144109574
1.1676252695842066	0.02773717	2.13442876094
1.1693705988362009	0.02424741	2.13029105745
1.171115928088195	0.02271503	2.12797935475
1.1728612573401895	0.02502945	2.12947382812
1.1746065865921838	0.02444558	2.12656089277
1.1763519158441782	0.02018512	2.11959422493
1.1780972450961724	0.01746606	2.11408345812
1.1798425743481666	0.01521575	2.10759150554
1.181587903600161	0.012311	2.10116109086
1.1833332328521553	0.01137239	2.09989708254
1.18507856210415	0.01122765	2.10001185481
1.186823891356144	0.009015092	2.09694851856
1.1885692206081382	0.008320418	2.09737988043
1.1903145498601329	0.01036016	2.10234677838
1.192059879112127	0.01086082	2.10275791875
1.1938052083641215	0.009406537	2.09653666593
1.1955505376161157	0.009185832	2.08766474737
1.19729586686811	0.008796975	2.0732136737
1.1990411961201044	0.008170638	2.05318215481
1.2007865253720988	0.009835928	2.03329474469
1.2025318546240933	0.01178119	2.01286794717
1.2042771838760875	0.01117753	1.99040661065
1.2060225131280817	0.01217317	1.97557651719
1.2077678423800762	0.01603746	1.97310314779
1.2095131716320704	0.01813926	1.97577875908
1.2112585008840648	0.01821199	1.98145885257
1.213003830136059	0.01964954	1.99396141844
1.2147491593880533	0.02066782	2.00802676335
1.2164944886400477	0.02128955	2.01789781991
1.218239817892042	0.02473969	2.02416616753
1.2199851471440364	0.0281115	2.02271103095
1.2217304763960306	0.02734635	2.00827203398
1.2234758056480248	0.02822566	1.98876299309
1.2252211349000193	0.03344224	1.97081646052
1.2269664641520137	0.03562582	1.94927892718
1.228711793404008	0.03297936	1.92525317478
1.2304571226560024	0.03240297	1.91033525311
1.2322024519079966	0.03359293	1.90609331115
1.233947781159991	0.0331415	1.90769335094
1.2356931104119853	0.03380123	1.9167029647
1.23743843966398	0.03596917	1.93192154921
1.2391837689159741	0.03553908	1.94577201921
1.2409290981679681	0.03626862	1.95913336797
1.2426744274199628	0.04161255	1.97367119173
1.244419756671957	0.04402935	1.97966983357
1.2461650859239515	0.03971105	1.97237173712
1.2479104151759457	0.03705011	1.96159840588
1.24965574442794	0.03770403	1.95036984147
1.2514010736799344	0.03504391	1.93311516464
1.2531464029319286	0.03034871	1.91347183508
1.254891732183923	0.02886259	1.89903796206
1.2566370614359172	0.02834303	1.88880756385
1.2583823906879115	0.02866337	1.88429128161
1.260127719939906	0.03303247	1.88976678318
1.2618730491919004	0.0370106	1.89947302415
1.2636183784438946	0.03574968	1.90683405978
1.265363707695889	0.03540779	1.91713548362
1.2671090369478832	0.03829389	1.93028992323
1.2688543661998777	0.03663555	1.93509267227
1.270599695451872	0.02963356	1.92899351966
1.2723450247038663	0.02510133	1.91902115592
1.2740903539558606	0.02311073	1.90470124683
1.2758356832078548	0.02059632	1.88487735271
1.2775810124598492	0.02027934	1.86562643287
1.2793263417118435	0.02237564	1.84917111162
1.2810716709638381	0.02292144	1.83400910557
1.2828170002158321	0.02466423	1.82703418445
1.2845623294678263	0.02975014	1.83196927031
1.286307658719821	0.03142882	1.83997241495
1.288052987971815	0.02694515	1.84628699178
1.2897983172238097	0.02340406	1.85595578217
1.2915436464758039	0.02202139	1.86594657929
1.293288975727798	0.01798156	1.86778748093
1.2950343049797925	0.01292961	1.86168583441
1.296779634231787	0.0108763	1.85019363982
1.2985249634837812	0.009951788	1.83149931715
1.3002702927357757	0.01012732	1.80994971815
1.3020156219877699	0.01332665	1.7920445985
1.3037609512397643	0.01593626	1.775775814
1.3055062804917585	0.01483857	1.76067434173
1.307251609743753	0.01433968	1.75533030281
1.3089969389957472	0.01544185	1.76113794655
1.3107422682477414	0.01356412	1.77028413919
1.3124875974997359	0.009263744	1.78092096053
1.31423292675173	0.006915762	1.79480186481
1.3159782560037245	0.005742733	1.80677610422
1.3177235852557188	0.005125658	1.81349599891
1.319468914507713	0.007121148	1.81623380758
1.3212142437597074	0.009905475	1.81160772857
1.3229595730117016	0.01063649	1.79692745035
1.324704902263696	0.01247091	1.77961571144
1.3264502315156905	0.016291	1.76416328308
1.3281955607676847	0.01734244	1.74650220006
1.3299408900196792	0.01526153	1.72846754834
1.3316862192716734	0.01436491	1.7181898486
1.3334315485236679	0.0141033	1.71564107804
1.335176877775662	0.0133653	1.71768157205
1.3369222070276563	0.0146293	1.72568858944
1.338667536279651	0.01706099	1.73731326275
1.3404128655316452	0.01775333	1.74659857034
1.3421581947836396	0.02027926	1.75508775917
1.3439035240356338	0.02646689	1.76350683959
1.345648853287628	0.03000677	1.76369944266
1.3473941825396225	0.02885069	1.75312027135
1.3491395117916167	0.02925597	1.74025218426
1.3508848410436112	0.03149803	1.72728522214
1.3526301702956054	0.03091606	1.71039412856
1.3543754995475996	0.02914805	1.69342957357
1.356120828799594	0.02921251	1.68228123639
1.3578661580515883	0.02890348	1.67579012457
1.3596114873035827	0.02923764	1.67501883858
1.3613568165555772	0.03295233	1.68263366653
1.3631021458075714	0.03561259	1.69285874277
1.3648474750595658	0.03389967	1.70017773243
1.36659280431156	0.03405085	1.70917423963
1.3683381335635545	0.03773836	1.71962721423
1.3700834628155487	0.03762583	1.72194070487
1.371828792067543	0.03314998	1.71462452841
1.3735741213195374	0.03123359	1.70494949659
1.3753194505715316	0.03140696	1.69293376247
1.3770647798235263	0.0298659	1.67622369348
1.3788101090755203	0.02867974	1.65927298454
1.3805554383275145	0.02892213	1.64479245685
1.3823007675795091	0.02777064	1.63134587523
1.3840460968315031	0.02737401	1.62330590127
1.3857914260834978	0.02998091	1.62378430747
1.387536755335492	0.03045838	1.62608436437
1.3892820845874863	0.02657229	1.62657406026
1.3910274138394807	0.02461803	1.63079078681
1.392772743091475	0.02556935	1.63740100238
1.3945180723434694	0.02364175	1.6378670248
1.3962634015954638	0.01928229	1.63152250313
1.398008730847458	0.01728081	1.62249507887
1.3997540600994525	0.01647004	1.60921134836
1.4014993893514467	0.0150471	1.59176828423
1.4032447186034411	0.01488201	1.57467026377
1.4049900478554354	0.01519637	1.55805051532
1.4067353771074296	0.01373921	1.54128536328
1.408480706359424	0.01341152	1.53089347464
1.4102260356114182	0.01554597	1.52952947874
1.4119713648634127	0.01570148	1.53082721642
1.413716694115407	0.01293874	1.53285511779
1.4154620233674011	0.01174115	1.53997805875
1.4172073526193956	0.01196946	1.54965818193
1.4189526818713898	0.01049826	1.55589875539
1.4206980111233842	0.008488284	1.55887890867
1.4224433403753785	0.007699522	1.55938766177
1.424188669627373	0.006740413	1.5551451344
1.4259339988793673	0.006432127	1.54863030871
1.4276793281313616	0.008303943	1.54337748446
1.429424657383356	0.009799682	1.53668522013
1.4311699866353502	0.009405562	1.52804348591
1.4329153158873444	0.01040562	1.52413693356
1.434660645139339	0.01298578	1.52627300754
1.436405974391333	0.0134506	1.52908889122
1.4381513036433278	0.0119868	1.53265147103
1.439896632895322	0.01128538	1.54046599986
1.4416419621473162	0.01049641	1.55019687695
1.4433872913993107	0.009219396	1.55944377319
1.4451326206513049	0.009322173	1.5693682331
1.4468779499032993	0.009956135	1.57777286324
1.4486232791552935	0.009628998	1.58158699553
1.4503686084072878	0.01131899	1.58421842992
1.4521139376592822	0.01595676	1.58711059041
1.4538592669112764	0.01902465	1.58481653949
1.4556045961632709	0.01938408	1.57691303872
1.457349925415265	0.02086397	1.57017510536
1.4590952546672595	0.0228991	1.56548956789
1.460840583919254	0.02215944	1.55946258724
1.4625859131712482	0.01990539	1.55449197646
1.4643312424232426	0.01823185	1.55378153836
1.4660765716752369	0.01609585	1.55541643792
1.467821900927231	0.01475576	1.55938155876
1.4695672301792255	0.0163816	1.56680255128
1.4713125594312197	0.01824279	1.57295522296
1.4730578886832144	0.01853637	1.57436370584
1.4748032179352084	0.02141267	1.57524284515
1.4765485471872026	0.02718873	1.57603384123
1.4782938764391973	0.0298119	1.57045033653
1.4800392056911913	0.02855145	1.55909067492
1.481784534943186	0.02828067	1.54908141083
1.4835298641951802	0.02836296	1.54089593783
1.4852751934471744	0.025481	1.5318370892
1.4870205226991688	0.02164853	1.52461437357
1.488765851951163	0.0191638	1.52098896554
1.4905111812031575	0.01678872	1.51848662305
1.4922565104551517	0.01584671	1.51800362937
1.4940018397071462	0.01819575	1.52061464411
1.4957471689591406	0.02030193	1.52109226447
1.4974924982111348	0.02013555	1.5170995814
1.4992378274631293	0.0219615	1.51419884702
1.5009831567151235	0.02591893	1.5130729515
1.5027284859671177	0.02608942	1.50789582075
1.5044738152191122	0.02240397	1.49970024271
1.5062191444711064	0.02008688	1.49453378528
1.5079644737231008	0.01871572	1.49171899157
1.509709802975095	0.01546669	1.4885630997
1.5114551322270893	0.01237384	1.48715190249
1.5132004614790837	0.01115065	1.48786857449
1.514945790731078	0.01022795	1.48835271539
1.5166911199830724	0.01056942	1.49058527647
1.5184364492350666	0.01333711	1.49587213632
1.520181778487061	0.01500017	1.49926357957
1.5219271077390553	0.01394347	1.499156079
1.5236724369910497	0.01396877	1.50069803189
1.5254177662430441	0.01524468	1.50374497608
1.5271630954950384	0.01365095	1.50287151854
1.5289084247470326	0.009966239	1.49890114242
1.5306537539990273	0.008031249	1.49606821297
1.5323990832510213	0.007221008	1.4933909018
1.534144412503016	0.006262298	1.48995511414
1.5358897417550101	0.006705713	1.48831977008
1.5376350710070041	0.008059124	1.48810651887
1.5393804002589988	0.008549599	1.48780211064
1.541125729510993	0.009957709	1.49061323638
1.5428710587629875	0.0128254	1.49730614039
1.5446163880149817	0.01336151	1.50224265502
1.546361717266976	0.01108857	1.50390935005
1.5481070465189704	0.009967938	1.506517561
1.5498523757709646	0.009967699	1.5088171849
1.551597705022959	0.008400873	1.50596043028
1.5533430342749532	0.006736336	1.49926187627
1.5550883635269477	0.007002038	1.49196782978
1.556833692778942	0.007899599	1.48330008664
1.5585790220309363	0.00948237	1.47410748607
1.5603243512829308	0.01277142	1.46728950618
1.562069680534925	0.01511886	1.46153431741
1.5638150097869192	0.01496219	1.45586702011
1.5655603390389137	0.01557668	1.45449771903
1.567305668290908	0.01732517	1.4577920813
1.5690509975429023	0.01602209	1.45964562547
1.5707963267948966	0.01225512	1.45911333303
1.5725416560468908	0.01060264	1.46050717323
1.5742869852988854	0.01072351	1.46212958775
1.5760323145508797	0.01005498	1.4592149522
1.5777776438028739	0.01005629	1.45308129242
1.579522973054868	0.01182119	1.44624111347
1.5812683023068623	0.01355892	1.43757900088
1.583013631558857	0.01554435	1.42820098652
1.5847589608108512	0.01855314	1.42088955339
1.5865042900628454	0.01962965	1.4141414489
1.5882496193148399	0.01767461	1.40739006848
1.589994948566834	0.01646801	1.40528053443
1.5917402778188285	0.01661008	1.40835316498
1.593485607070823	0.01440218	1.41083027471
1.5952309363228174	0.01064554	1.41186210773
1.5969762655748114	0.009530775	1.41536180677
1.5987215948268056	0.01051529	1.4194327513
1.6004669240788003	0.01095819	1.41937500357
1.6022122533307945	0.01177582	1.41625405615
1.6039575825827892	0.01372321	1.41240005063
1.6057029118347834	0.01514284	1.40695829869
1.6074482410867772	0.01609259	1.4010903348
1.6091935703387719	0.01732413	1.3974784823
1.610938899590766	0.01682385	1.39492518109
1.6126842288427607	0.01408914	1.39293449881
1.614429558094755	0.01238197	1.39533489683
1.6161748873467492	0.0123199	1.4020515173
1.6179202165987434	0.01090191	1.40736225914
1.6196655458507379	0.008725305	1.41027121438
1.6214108751027323	0.00911016	1.41420362567
1.6231562043547265	0.01129608	1.41730763097
1.624901533606721	0.01249582	1.41521989479
1.6266468628587152	0.01330529	1.40929283805
1.6283921921107094	0.01471471	1.40223806263
1.630137521362704	0.01541597	1.39343244396
1.6318828506146983	0.01519894	1.38370254544
1.6336281798666925	0.01507292	1.37563611348
1.6353735091186867	0.01394574	1.36844938781
1.637118838370681	0.01142509	1.36177939662
1.6388641676226756	0.01024852	1.35940651546
1.6406094968746698	0.01112417	1.36192880702
1.642354826126664	0.01106166	1.36454064097
1.6441001553786583	0.01006539	1.36669006538
1.6458454846306525	0.0113363	1.37219204904
1.6475908138826472	0.01421541	1.37937598844
1.6493361431346414	0.01527533	1.38307426987
1.6510814723866356	0.01496397	1.38348339277
1.6528268016386303	0.01534696	1.38261676762
1.6545721308906243	0.01542286	1.3787040551
1.6563174601426187	0.01419376	1.37088087948
1.6580627893946132	0.0129638	1.36125113426
1.6598081186466074	0.01173201	1.34994741665
1.6615534478986018	0.009897454	1.33729106019
1.6632987771505963	0.009320197	1.32753156854
1.6650441064025905	0.01073575	1.32267014236
1.6667894356545847	0.01128646	1.31953590918
1.668534764906579	0.01062275	1.31837749461
1.6702800941585736	0.01186119	1.323243085
1.6720254234105678	0.0144208	1.3323859934
1.673770752662562	0.01456405	1.33991699608
1.6755160819145563	0.01296758	1.34538631339
1.6772614111665505	0.01250436	1.35059896221
1.6790067404185451	0.01226712	1.35318470417
1.6807520696705394	0.01072758	1.35123960078
1.6824973989225336	0.009399635	1.34674990255
1.684242728174528	0.008759937	1.34036354193
1.6859880574265222	0.007888153	1.33213944455
1.6877333866785167	0.008049003	1.32555780999
1.6894787159305111	0.009929741	1.32250026502
1.6912240451825054	0.01075121	1.31985498171
1.6929693744344996	0.01000056	1.31745610333
1.6947147036864938	0.01071947	1.31918116621
1.6964600329384885	0.01251946	1.32373494522
1.6982053621904827	0.01196235	1.32572976211
1.6999506914424773	0.009918749	1.32532280436
1.7016960206944716	0.009301693	1.32537851508
1.7034413499464653	0.009269818	1.32429948703
1.70518667919846	0.008432743	1.32019258302
1.7069320084504542	0.008186525	1.31507462137
1.708677337702449	0.008639057	1.3097710766
1.7104226669544431	0.008725968	1.30373510608
1.7121679962064373	0.009694058	1.29919987514
1.7139133254584316	0.0120046	1.29740344226
1.7156586547104258	0.01269273	1.29517002318
1.7174039839624204	0.01150425	1.2922186196
1.7191493132144147	0.01175579	1.29244985981
1.7208946424664089	0.01307627	1.29503911171
1.7226399717184033	0.01202003	1.29499606418
1.7243853009703975	0.00970119	1.29293684524
1.726130630222392	0.009256606	1.29241166695
1.7278759594743864	0.009750634	1.2918231506
1.7296212887263807	0.009401325	1.28825099557
1.7313666179783749	0.009470873	1.28320299955
1.733111947230369	0.01030126	1.27779827832
1.7348572764823638	0.0107274	1.27091303449
1.736602605734358	0.01149708	1.26358775073
1.7383479349863522	0.01315388	1.25734042367
1.7400932642383464	0.01334365	1.25032146266
1.7418385934903406	0.01182337	1.24267106077
1.7435839227423353	0.01157505	1.23842741552
1.7453292519943295	0.01247455	1.2378282139
1.7470745812463238	0.01135179	1.23674202963
1.7488199104983184	0.009115984	1.23575257447
1.7505652397503124	0.008923736	1.23842738348
1.7523105690023069	0.009906162	1.24285048805
1.7540558982543013	0.009638488	1.24464607752
1.7558012275062955	0.009216408	1.24443998672
1.75754655675829	0.009868316	1.24372183924
1.7592918860102844	0.01046592	1.24077813233
1.7610372152622786	0.01063263	1.23501547464
1.7627825445142729	0.01116507	1.22823830181
1.764527873766267	0.01104169	1.22028117087
1.7662732030182617	0.009827168	1.21139222011
1.768018532270256	0.009508666	1.20494270795
1.7697638615222502	0.01038079	1.20203939388
1.7715091907742444	0.009879776	1.19953066425
1.7732545200262386	0.008379746	1.19767168536
1.7749998492782333	0.008811927	1.19999062146
1.7767451785302275	0.01059663	1.20507842286
1.7784905077822217	0.01079731	1.20823215656
1.780235837034216	0.01024076	1.21003431805
1.7819811662862104	0.01107941	1.213218644
1.7837264955382048	0.01223433	1.21625560214
1.785471824790199	0.0121594	1.21710950527
1.7872171540421935	0.01194681	1.21747142479
1.7889624832941877	0.01192708	1.21808755667
1.790707812546182	0.01136536	1.21796713628
1.7924531417981766	0.01123058	1.21807540774
1.7941984710501708	0.01227134	1.21907690717
1.7959438003021653	0.01241507	1.21815466242
1.7976891295541597	0.01153618	1.21496081546
1.7994344588061535	0.01258928	1.21313732095
1.8011797880581482	0.01528505	1.21267356712
1.8029251173101424	0.01584471	1.20973242217
1.804670446562137	0.01487646	1.20590333009
1.8064157758141313	0.0159005	1.20608186339
1.8081611050661255	0.01783763	1.20946787666
1.8099064343181197	0.01740308	1.21241999036
1.811651763570114	0.01601162	1.2162122604
1.8133970928221086	0.01603826	1.22260518851
1.8151424220741028	0.0163101	1.22909621768
1.816887751326097	0.01584067	1.23353669942
1.8186330805780915	0.01597828	1.23647461442
1.8203784098300857	0.01632298	1.236779164
1.8221237390820801	0.01607305	1.23366498187
1.8238690683340746	0.01690308	1.2298099936
1.8256143975860688	0.01909892	1.22650710108
1.827359726838063	0.01944134	1.22127870493
1.8291050560900572	0.01804473	1.2155013939
1.830850385342052	0.01858313	1.21415665643
1.8325957145940461	0.02037285	1.21675965749
1.8343410438460404	0.01925816	1.21860827261
1.8360863730980346	0.01649416	1.220572927
1.8378317023500288	0.01605645	1.22596801884
1.8395770316020235	0.01674529	1.23241737265
1.8413223608540177	0.01538441	1.23587679721
1.843067690106012	0.01359294	1.23751553401
1.8448130193580066	0.01360737	1.23896205845
1.8465583486100006	0.01410245	1.23881390562
1.848303677861995	0.01384113	1.23674206317
1.8500490071139892	0.01386317	1.23431916006
1.8517943363659837	0.01393105	1.2310441081
1.8535396656179781	0.01332505	1.22695338372
1.8552849948699723	0.01300755	1.22468695594
1.8570303241219668	0.01325661	1.22474621699
1.858775653373961	0.0121443	1.22425911474
1.8605209826259552	0.009969748	1.22393390537
1.8622663118779499	0.009123172	1.2271405342
1.864011641129944	0.009239662	1.23264404685
1.8657569703819383	0.007839056	1.23634766143
1.8675022996339325	0.005812518	1.23889720809
1.8692476288859268	0.005491856	1.24252940076
1.8709929581379214	0.00602215	1.24534680112
1.8727382873899157	0.005296378	1.2447876098
1.8744836166419099	0.004241384	1.24228601886
1.876228945893904	0.004235895	1.23936726513
1.8779742751458985	0.004458384	1.23583632213
1.879719604397893	0.003844556	1.232590195
1.8814649336498872	0.003113063	1.23140834347
1.8832102629018816	0.002650667	1.23201960602
1.8849555921538759	0.002121637	1.23461111695
1.88670092140587	0.00150183	1.24072921067
1.8884462506578648	0.00112221	1.24953592442
1.890191579909859	0.0006758351	1.25753043177
1.8919369091618534	0.0002326829	1.26398181374
1.8936822384138474	0.0001247147	1.26986146487
1.8954275676658416	0.0002616848	1.27330905769
1.8971728969178363	0.0002147664	1.27156310443
1.8989182261698305	0.0002377086	1.26577160014
1.9006635554218252	0.000359117	1.25807744243
1.9024088846738194	0.0004006608	1.24868665245
1.9041542139258136	0.0004796014	1.23821587009
1.9058995431778079	0.0008391793	1.22908793292
1.907644872429802	0.0008812111	1.22235962942
1.9093902016817967	0.0006810778	1.21849082379
1.911135530933791	0.001080199	1.21890826637
1.9128808601857852	0.002031432	1.22368483235
1.9146261894377794	0.002361249	1.23017364262
1.9163715186897738	0.002448919	1.23758037141
1.9181168479417683	0.003379817	1.24682250961
1.9198621771937625	0.004722369	1.25584851157
1.921607506445757	0.005346855	1.260665696
1.9233528356977512	0.005854628	1.26126692789
1.9250981649497454	0.006810153	1.25936401558
1.92684349420174	0.00769229	1.25384131043
1.9285888234537343	0.008333035	1.24332076034
1.9303341527057285	0.009294703	1.23013342181
1.9320794819577227	0.009879301	1.21666783984
1.933824811209717	0.009907951	1.20361805341
1.9355701404617116	0.01079037	1.19251128605
1.9373154697137058	0.01261416	1.18544011043
1.9390607989657	0.01305008	1.18196841129
1.9408061282176947	0.01254362	1.18202519643
1.9425514574696887	0.01400061	1.18720047115
1.9442967867216832	0.01674938	1.19624457679
1.9460421159736774	0.01724405	1.20449011419
1.9477874452256718	0.01666888	1.21105655779
1.9495327744776663	0.01863175	1.21791024662
1.9512781037296605	0.02173097	1.22268074135
1.953023432981655	0.02223688	1.22075798606
1.9547687622336491	0.02186433	1.21378473947
1.9565140914856434	0.0237158	1.20591595637
1.958259420737638	0.02609306	1.19649140861
1.9600047499896323	0.02639164	1.18369256066
1.9617500792416265	0.0262975	1.17085556985
1.9634954084936207	0.02719547	1.16135790662
1.965240737745615	0.02780462	1.1546446717
1.9669860669976096	0.02782424	1.15021208139
1.9687313962496038	0.02833519	1.14945501551
1.970476725501598	0.02828622	1.15155845494
1.9722220547535922	0.02741582	1.15516189396
1.9739673840055865	0.02803372	1.16092121078
1.9757127132575811	0.03004951	1.1679776503
1.9774580425095754	0.02994234	1.17238350989
1.9792033717615696	0.0286437	1.17401013719
1.980948701013564	0.0303728	1.17607395255
1.9826940302655582	0.03366688	1.17724631144
1.9844393595175527	0.03343427	1.17311239916
1.9861846887695471	0.03157704	1.16586540931
1.9879300180215416	0.03294209	1.1606436209
1.9896753472735356	0.03528101	1.15623764654
1.9914206765255298	0.03377946	1.14902332898
1.9931660057775245	0.03095708	1.14197635185
1.9949113350295187	0.03082034	1.13909868848
1.9966566642815133	0.03118134	1.13845922839
1.9984019935335076	0.02908176	1.13721030429
2.0001473227855016	0.02686799	1.13701048692
2.0018926520374962	0.02636095	1.13863725176
2.0036379812894904	0.0260369	1.1400416261
2.0053833105414847	0.02537426	1.14043822003
2.0071286397934793	0.0255392	1.14045352101
2.0088739690454736	0.02553847	1.13868935844
2.0106192982974678	0.0249046	1.13506239729
2.012364627549462	0.02543517	1.13207152798
2.0141099568014567	0.0268568	1.12984422197
2.015855286053451	0.02606582	1.12561007703
2.017600615305445	0.02396384	1.1208359649
2.0193459445574393	0.02401413	1.11927644711
2.0210912738094335	0.02491248	1.11944933457
2.022836603061428	0.02276724	1.11720361516
2.0245819323134224	0.01958626	1.11425012708
2.0263272615654166	0.01927969	1.11390707825
2.028072590817411	0.02001891	1.11399605899
2.029817920069405	0.01820948	1.11111071337
2.0315632493213998	0.01600438	1.10738405406
2.033308578573394	0.01631405	1.10531800292
2.035053907825388	0.01725277	1.10340084618
2.036799237077383	0.01638146	1.10016589768
2.0385445663293766	0.01533819	1.09715647262
2.0402898955813713	0.01536934	1.09471568279
2.0420352248333655	0.01520408	1.09188180383
2.0437805540853597	0.01416709	1.08891053176
2.0455258833373544	0.01322407	1.08616769662
2.0472712125893486	0.01207349	1.08214930261
2.049016541841343	0.01050056	1.07726655837
2.050761871093337	0.009516513	1.07379642046
2.0525072003453313	0.009237556	1.07144246911
2.054252529597326	0.008068022	1.06777016403
2.05599785884932	0.006606251	1.06412859938
2.0577431881013144	0.00671376	1.06320584933
2.0594885173533086	0.00758722	1.06350878283
2.0612338466053033	0.006917861	1.06196736555
2.0629791758572975	0.005812236	1.06000772112
2.0647245051092917	0.006217311	1.05972246938
2.0664698343612864	0.006929316	1.05955499983
2.0682151636132806	0.005940842	1.05766038085
2.069960492865275	0.00459584	1.05575926433
2.0717058221172695	0.00432761	1.05505567186
2.0734511513692637	0.004169558	1.05461453173
2.075196480621258	0.003160276	1.05397538611
2.076941809873252	0.00235193	1.05368658868
2.0786871391252464	0.002059825	1.05270972135
2.080432468377241	0.001809526	1.05046812373
2.0821777976292353	0.001727694	1.04782700857
2.08392312688123	0.002117319	1.04456559972
2.0856684561332237	0.002112399	1.03896887661
2.087413785385218	0.001858323	1.03246122047
2.0891591146372126	0.002284695	1.02803450934
2.090904443889207	0.00301917	1.02551698629
2.0926497731412015	0.002670355	1.02299930323
2.0943951023931957	0.001969188	1.02217989397
2.0961404316451895	0.002112716	1.02506090891
2.097885760897184	0.002448919	1.02958805437
2.0996310901491784	0.001826788	1.03268791791
2.101376419401173	0.001198532	1.0348615661
2.1031217486531673	0.001331297	1.03660282419
2.1048670779051615	0.001638679	1.03624371473
2.1066124071571557	0.00160279	1.03284968962
2.10835773640915	0.001846385	1.02796485323
2.1101030656611446	0.002248776	1.02238935833
2.111848394913139	0.002548654	1.0165620958
2.113593724165133	0.003000187	1.01179863459
2.1153390534171272	0.003677449	1.00882874035
2.1170843826691215	0.003668157	1.00640222801
2.118829711921116	0.003285694	1.00474989786
2.1205750411731104	0.003528431	1.00515275374
2.1223203704251046	0.004049919	1.0064301976
2.124065699677099	0.003495832	1.00584454848
2.1258110289290935	0.002702219	1.00447215294
2.1275563581810877	0.003055008	1.00470984198
2.129301687433082	0.003864688	1.00544333827
2.1310470166850766	0.003607984	1.00432393073
2.132792345937071	0.003274606	1.00315047381
2.134537675189065	0.00406363	1.00404349423
2.1362830044410597	0.005070063	1.00526070484
2.138028333693054	0.005004116	1.00445235885
2.139773662945048	0.004813263	1.00295302016
2.141518992197043	0.005180841	1.00192099173
2.143264321449037	0.005422082	1.00030003215
2.1450096507010312	0.005049178	0.997638526913
2.1467549799530254	0.004786748	0.995601979713
2.1485003092050197	0.004536048	0.994727434261
2.1502456384570143	0.004141951	0.994978636807
2.1519909677090086	0.004108307	0.996980645316
2.1537362969610028	0.004546122	1.00055649917
2.155481626212997	0.004334723	1.00355588856
2.157226955464991	0.003915808	1.00562294668
2.158972284716986	0.004560282	1.00768567903
2.16071761396898	0.005621227	1.00836364974
2.1624629432209743	0.005258897	1.00509311744
2.1642082724729685	0.004493392	0.99963021203
2.1659536017249628	0.004981757	0.995167322065
2.1676989309769574	0.005662524	0.991248765769
2.1694442602289516	0.004735694	0.986241907126
2.171189589480946	0.003587472	0.982723054954
2.17293491873294	0.003695912	0.983199037277
2.1746802479849343	0.004006942	0.985809615913
2.176425577236929	0.003245059	0.987859283436
2.178170906488923	0.002639394	0.990302512638
2.179916235740918	0.002984804	0.99371575638
2.1816615649929116	0.003513374	0.996138646955
2.183406894244906	0.003591133	0.996153723997
2.1851522234969005	0.003886605	0.994933173292
2.1868975527488947	0.004399422	0.992953173247
2.1886428820008894	0.004803846	0.989959233345
2.1903882112528836	0.005069538	0.986378462098
2.192133540504878	0.005367485	0.982810437219
2.193878869756872	0.005160395	0.978457398531
2.1956241990088667	0.004647739	0.973626603752
2.197369528260861	0.004401766	0.969569191044
2.199114857512855	0.004316012	0.966063039052
2.20086018676485	0.003513555	0.961703532035
2.202605516016844	0.002628575	0.958049485211
2.2043508452688383	0.002696108	0.957527680584
2.206096174520833	0.003248796	0.959409601695
2.207841503772827	0.002943117	0.961494159972
2.2095868330248214	0.002656743	0.965081025021
2.2113321622768156	0.003616157	0.971568822343
2.21307749152881	0.004888437	0.97837907223
2.2148228207808045	0.00482968	0.982117564526
2.2165681500327987	0.004517528	0.983633110114
2.218313479284793	0.005128312	0.984121492589
2.220058808536787	0.00561634	0.982012234975
2.2218041377887814	0.004777628	0.976243362357
2.223549467040776	0.003836364	0.969358363782
2.2252947962927703	0.003499344	0.963361231541
2.2270401255447645	0.003097795	0.958354215151
2.2287854547967587	0.002390626	0.954746489413
2.230530784048753	0.002137559	0.953766204155
2.2322761133007476	0.001970933	0.954837615484
2.234021442552742	0.001817697	0.957274249714
2.235766771804736	0.002335771	0.961103518733
2.2375121010567303	0.003291614	0.965337070343
2.239257430308725	0.003283771	0.967732616707
2.241002759560719	0.003007008	0.968799442565
2.2427480888127134	0.003709087	0.970191308891
2.2444934180647076	0.004466562	0.971009544972
2.246238747316702	0.003702941	0.969373479053
2.2479840765686965	0.002713765	0.967168130322
2.2497294058206907	0.002757707	0.9665404743
2.251474735072685	0.002832013	0.965977330014
2.253220064324679	0.001873987	0.963317647098
2.254965393576674	0.001123979	0.960275444758
2.256710722828668	0.001222106	0.958424827913
2.2584560520806622	0.00147851	0.956385697583
2.260201381332657	0.001425542	0.952918354398
2.261946710584651	0.001707561	0.949971660435
2.2636920398366454	0.002257876	0.9488889507
2.26543736908864	0.002841826	0.948958252244
2.2671826983406342	0.003409556	0.949553814016
2.2689280275926285	0.00405481	0.951481440541
2.2706733568446227	0.004316108	0.954401056871
2.272418686096617	0.004361892	0.957325397285
2.2741640153486116	0.004468871	0.959739512249
2.2759093446006062	0.004530525	0.961447806226
2.2776546738526	0.003921812	0.961456561008
2.2794000031045942	0.003150375	0.960169447798
2.2811453323565885	0.002942694	0.958948229309
2.2828906616085836	0.003059026	0.958005443548
2.284635990860578	0.002512121	0.956483733633
2.286381320112572	0.002127844	0.956024874607
2.288126649364566	0.003071556	0.958617747326
2.28987197861656	0.00457262	0.963049724274
2.291617307868555	0.004961465	0.966705670498
2.2933626371205493	0.005339727	0.97053337942
2.2951079663725436	0.007078053	0.975674882762
2.2968532956245378	0.008804427	0.9795452776
2.2985986248765315	0.008663021	0.979197809171
2.3003439541285267	0.008162166	0.976384880729
2.302089283380521	0.008597349	0.973060702013
2.303834612632515	0.008661356	0.967935037184
2.3055799418845093	0.007300327	0.960101659629
2.3073252711365035	0.006055369	0.952455317275
2.309070600388498	0.005481057	0.947002827322
2.3108159296404924	0.004896721	0.943183341309
2.3125612588924866	0.004393335	0.940734195522
2.314306588144481	0.004570167	0.940863685585
2.316051917396475	0.00458947	0.943129518662
2.3177972466484698	0.004645935	0.946544965178
2.319542575900464	0.005791438	0.950811103874
2.321287905152458	0.007334552	0.955246366681
2.3230332344044524	0.007402225	0.957971794087
2.324778563656447	0.007198766	0.95918864161
2.3265238929084413	0.008421036	0.960022606603
2.3282692221604355	0.009585875	0.959539054038
2.33001455141243	0.008603891	0.955960665938
2.3317598806644244	0.007391516	0.95110641236
2.3335052099164186	0.007820636	0.947194978361
2.3352505391684133	0.008227069	0.942994742918
2.3369958684204075	0.006755486	0.936639133347
2.3387411976724017	0.005430152	0.930565802686
2.340486526924396	0.005903203	0.927229148876
2.34223185617639	0.006626528	0.925191234354
2.343977185428385	0.005996599	0.922691787738
2.345722514680379	0.005776309	0.922302702888
2.3474678439323733	0.007231019	0.926066513642
2.3492131731843675	0.008920264	0.931991916479
2.3509585024363617	0.00941411	0.937774421781
2.3527038316883564	0.01009431	0.944754423412
2.3544491609403506	0.01173546	0.953340886177
2.356194490192345	0.01312218	0.960834164938
2.357939819444339	0.01334258	0.964977033973
2.3596851486963333	0.01347414	0.9666531483
2.361430477948328	0.01371116	0.966109827321
2.363175807200322	0.01350551	0.962508335954
2.3649211364523164	0.01299265	0.95616002452
2.3666664657043106	0.012706	0.948837516673
2.368411794956305	0.01194252	0.941167571049
2.3701571242083	0.01111924	0.934154576759
2.371902453460294	0.01144674	0.929363468443
2.373647782712288	0.01231737	0.926938002456
2.375393111964282	0.01183416	0.925330383237
2.3771384412162764	0.01138264	0.925267938266
2.3788837704682715	0.01293821	0.927901537279
2.3806290997202657	0.01468545	0.931225934775
2.38237442897226	0.01397554	0.932336903969
2.384119758224254	0.01313512	0.932891518084
2.3858650874762484	0.01458957	0.93497013459
2.387610416728243	0.01587701	0.936359995416
2.3893557459802373	0.01430982	0.934494301642
2.3911010752322315	0.01277206	0.932226177139
2.3928464044842257	0.013697	0.932149968022
2.39459173373622	0.01454837	0.931870290093
2.3963370629882146	0.01298297	0.9289605608
2.398082392240209	0.01183356	0.926421815681
2.3998277214922035	0.01311395	0.926585168188
2.4015730507441977	0.01449494	0.927138045984
2.403318379996192	0.01401928	0.926084973868
2.4050637092481866	0.01402444	0.926129930108
2.406809038500181	0.01588476	0.928855311686
2.408554367752175	0.01762433	0.931946984895
2.4102996970041692	0.01775923	0.933481307663
2.4120450262561635	0.01802431	0.934956756972
2.413790355508158	0.01911418	0.936634316099
2.4155356847601523	0.01969338	0.936612135006
2.4172810140121466	0.01913688	0.933957126096
2.419026343264141	0.01861169	0.929895730351
2.420771672516135	0.01808868	0.924647934649
2.4225170017681297	0.01725711	0.918389789019
2.424262331020124	0.01664962	0.912285859542
2.426007660272118	0.01650103	0.907269518024
2.4277529895241123	0.01569182	0.902842459008
2.4294983187761066	0.01503231	0.900169406206
2.4312436480281012	0.01608043	0.900790244998
2.4329889772800954	0.0176527	0.903443980403
2.4347343065320897	0.0174024	0.905573101911
2.436479635784084	0.0172823	0.908505775041
2.438224965036078	0.01960982	0.913805575535
2.4399702942880728	0.02185996	0.918669811738
2.441715623540067	0.0209695	0.919854211136
2.443460952792061	0.01996667	0.919870921049
2.4452062820440554	0.02162386	0.921117503002
2.4469516112960497	0.02274066	0.920615988453
2.4486969405480443	0.02031275	0.915565484797
2.4504422698000385	0.01800864	0.90957046221
2.4521875990520328	0.01858838	0.905556793581
2.4539329283040274	0.01883689	0.900870095461
2.4556782575560216	0.01621047	0.893445997645
2.457423586808016	0.01426469	0.88725197774
2.4591689160600105	0.0152455	0.885020214273
2.4609142453120048	0.01625182	0.884277858032
2.462659574563999	0.01516049	0.883085458744
2.464404903815993	0.0148295	0.884314242606
2.466150233067988	0.01679165	0.889227518981
2.467895562319982	0.0185798	0.894901692598
2.4696408915719763	0.0184415	0.899071978701
2.4713862208239705	0.01855762	0.903270068621
2.4731315500759647	0.01996967	0.907773215374
2.47487687932796	0.02083893	0.910441569713
2.476622208579954	0.02000245	0.910148182002
2.4783675378319483	0.01920878	0.908388318169
2.480112867083942	0.01910534	0.905604486026
2.4818581963359363	0.01859412	0.90140045846
2.4836035255879314	0.01727189	0.896207265323
2.4853488548399256	0.01629671	0.891198622684
2.48709418409192	0.01560819	0.886347911607
2.488839513343914	0.01494316	0.882339896993
2.490584842595908	0.01475308	0.880317873277
2.492330171847903	0.01513908	0.880073721367
2.494075501099897	0.01497694	0.880242478671
2.4958208303518914	0.01502333	0.881970111183
2.4975661596038856	0.0165537	0.88645857686
2.49931148885588	0.01828647	0.891659551322
2.5010568181078745	0.018102	0.894847397559
2.5028021473598687	0.01793889	0.897691000581
2.504547476611863	0.01976628	0.901682135518
2.506292805863857	0.02116118	0.903930782046
2.5080381351158514	0.01956705	0.901750138407
2.509783464367846	0.01801288	0.898259281182
2.5115287936198403	0.01888679	0.896016527333
2.5132741228718345	0.01921683	0.892478804645
2.5150194521238287	0.01654105	0.885679923907
2.516764781375823	0.01439604	0.879517778063
2.5185101106278176	0.01508705	0.876562519608
2.520255439879812	0.01550836	0.874023874414
2.522000769131806	0.0133642	0.869784710628
2.5237460983838007	0.01198795	0.867131201134
2.525491427635795	0.01329789	0.867825709673
2.527236756887789	0.01430935	0.868929629068
2.528982086139784	0.01289233	0.868386251895
2.530727415391778	0.01203993	0.868902339952
2.5324727446437723	0.0134247	0.871676485879
2.5342180738957665	0.01435929	0.87405408933
2.535963403147761	0.01295982	0.874242838118
2.5377087323997554	0.01199729	0.874322405512
2.5394540616517496	0.01295225	0.875022688282
2.541199390903744	0.01344954	0.874430133671
2.542944720155738	0.01195951	0.871657363729
2.5446900494077327	0.01097325	0.868752745602
2.546435378659727	0.01157267	0.866576621204
2.548180707911721	0.01184638	0.864557042899
2.5499260371637154	0.01084957	0.862828845252
2.5516713664157096	0.0104551	0.862684249205
2.5534166956677042	0.01102277	0.863961679786
2.5551620249196985	0.01140449	0.866263416284
2.5569073541716927	0.01135256	0.869482436957
2.558652683423687	0.01167695	0.873092912251
2.560398012675681	0.011903	0.875687503785
2.5621433419276762	0.01192311	0.877608370648
2.56388867117967	0.01215436	0.87950526253
2.5656340004316642	0.01232289	0.880477742005
2.5673793296836585	0.01145331	0.879378900569
2.5691246589356527	0.01051586	0.878022503246
2.570869988187648	0.01039568	0.877771681663
2.572615317439642	0.01008663	0.877088468672
2.5743606466916362	0.008474839	0.874379562813
2.57610597594363	0.007171557	0.871586674749
2.5778513051956247	0.007157417	0.869825988933
2.5795966344476193	0.007041516	0.867114367896
2.5813419636996136	0.005659481	0.862097056726
2.5830872929516078	0.004765102	0.857476942421
2.584832622203602	0.005293998	0.855033183618
2.586577951455596	0.005715395	0.853288557847
2.588323280707591	0.004777858	0.85118824682
2.590068609959585	0.004296855	0.851190605153
2.5918139392115793	0.005313289	0.854261160206
2.593559268463574	0.006140826	0.857884561185
2.595304597715568	0.005336829	0.859980935074
2.5970499269675624	0.004945631	0.86215936645
2.598795256219557	0.006209045	0.865049500816
2.6005405854715513	0.007133015	0.866604385878
2.6022859147235455	0.006116182	0.865786635168
2.6040312439755398	0.005554044	0.865232563982
2.6057765732275344	0.006785653	0.866377008168
2.6075219024795286	0.007554041	0.86785678662
2.609267231731523	0.006317565	0.868704135674
2.611012560983517	0.005616899	0.870435273209
2.6127578902355113	0.006588871	0.872927220475
2.614503219487506	0.007016448	0.87400543156
2.6162485487395	0.005675861	0.872344143578
2.6179938779914944	0.004839009	0.868981928859
2.6197392072434886	0.005236462	0.864258770423
2.621484536495483	0.00515493	0.858163085502
2.6232298657474775	0.00386722	0.851593129709
2.6249751949994717	0.003050014	0.846397124327
2.626720524251466	0.003016049	0.843224212025
2.62846585350346	0.002773162	0.842470897767
2.6302111827554544	0.001967906	0.844110718548
2.631956512007449	0.001557147	0.847373090769
2.6337018412594433	0.001538954	0.85059664637
2.6354471705114375	0.001507816	0.853298919321
2.6371924997634317	0.001271866	0.855125976383
2.638937829015426	0.001280759	0.855328879111
2.6406831582674206	0.001412864	0.853553268005
2.642428487519415	0.0016078	0.8516434647
2.644173816771409	0.001726116	0.85105110112
2.6459191460234033	0.00197285	0.851621912931
2.647664475275398	0.002164255	0.852756789827
2.649409804527392	0.002368857	0.855299759114
2.6511551337793864	0.002478445	0.858824039061
2.652900463031381	0.002573362	0.861053354974
2.6546457922833753	0.002403022	0.860072366787
2.6563911215353695	0.002193366	0.856705737845
2.658136450787364	0.001996786	0.851707691832
2.6598817800393584	0.001795212	0.844952578239
2.6616271092913526	0.001263009	0.837191340141
2.663372438543347	0.000869172	0.831576118546
2.665117767795341	0.0008106932	0.830009898883
2.6668630970473357	0.0008156779	0.832012540402
2.6686084262993304	0.0004051019	0.836541334517
2.670353755551324	0.0002315299	0.843815909299
2.6720990848033184	0.0005061584	0.852500693256
2.6738444140553126	0.0007150558	0.859720868426
2.6755897433073077	0.0003494962	0.863437495452
2.677335072559302	0.0002088457	0.864232027942
2.679080401811296	0.0004947697	0.862593533316
2.6808257310632904	0.0006751387	0.858732897751
2.682571060315284	0.0003408016	0.853641359246
2.6843163895672792	0.0002663737	0.849565370629
2.6860617188192735	0.0005520267	0.84733371733
2.6878070480712677	0.0007409559	0.846567026174
2.689552377323262	0.0004799261	0.846425324199
2.691297706575256	0.0003913974	0.84637882105
2.693043035827251	0.0005150997	0.845184356379
2.694788365079245	0.0005491042	0.842195240564
2.6965336943312392	0.0002115569	0.837555733987
2.6982790235832335	0.0000669137	0.832354550369
2.7000243528352277	0.0001761932	0.827723874249
2.7017696820872223	0.0003088919	0.825584450811
2.7035150113392166	0.0001705925	0.827228050911
2.705260340591211	0.0002441193	0.832665243903
2.707005669843205	0.0005002368	0.840529189783
2.7087509990951992	0.0006893992	0.84975421388
2.710496328347194	0.0005564713	0.858383515493
2.712241657599188	0.0005150219	0.863605620596
2.7139869868511823	0.0004544951	0.863197629467
2.7157323161031766	0.0003396229	0.857860894466
2.7174776453551712	0.0001595515	0.84893203758
2.7192229746071654	0.0001477953	0.837204787965
2.7209683038591597	0.00002060606	0.824066454435
2.7227136331111543	0.00005078259	0.81313906326
2.7244589623631486	0.0003580743	0.8065045944
2.7262042916151428	0.0007139159	0.80318271213
2.7279496208671374	0.0006130517	0.801624023668
2.7296949501191317	0.0006439066	0.802471175845
2.731440279371126	0.0009642895	0.805095974502
2.73318560862312	0.001085524	0.80689842886
2.7349309378751143	0.0006162927	0.806725394109
2.736676267127109	0.0003647866	0.807199838367
2.738421596379103	0.0004141935	0.810104136088
2.7401669256310974	0.0003669627	0.814959802053
2.7419122548830916	0.00004645192	0.821646957932
2.743657584135086	8.408432e-7	0.831880295854
2.7454029133870805	0.00003461066	0.844880996013
2.7471482426390748	0.00005607833	0.85706321898
2.748893571891069	0.00003969742	0.865341013224
2.750638901143063	0.0001178023	0.869327403636
2.7523842303950574	0.0000124744	0.868261665633
2.7541295596470525	0.00004798692	0.861117733494
2.7558748888990463	0.0002586929	0.848815852042
2.7576202181510405	0.0005594163	0.835185442407
2.7593655474030347	0.0007390484	0.823180362069
2.761110876655029	0.001148992	0.814046110638
2.762856205907024	0.001612874	0.808534831358
2.7646015351590183	0.002039417	0.807912739478
2.766346864411012	0.00227321	0.811303302201
2.7680921936630063	0.002447176	0.816144574302
2.7698375229150005	0.00233984	0.820264036273
2.7715828521669956	0.002141767	0.823458619745
2.77332818141899	0.00178419	0.825376658945
2.775073510670984	0.00140044	0.825903717793
2.7768188399229783	0.0009946537	0.825851233043
2.7785641691749725	0.0007565699	0.826956411739
2.780309498426967	0.0003891013	0.829570432538
2.7820548276789614	0.0002185399	0.833302016483
2.7838001569309556	0.0004320527	0.837106479685
2.78554548618295	0.0007072013	0.839484013609
2.7872908154349445	0.000426148	0.838326320107
2.7890361446869387	0.0004315534	0.833072872879
2.790781473938933	0.001123368	0.824021888743
2.7925268031909276	0.001644895	0.811857122313
2.794272132442922	0.001289689	0.798011417297
2.796017461694916	0.001414407	0.786075004456
2.7977627909469107	0.002441368	0.778731399897
2.799508120198905	0.003102762	0.77628049342
2.801253449450899	0.002658937	0.778057423324
2.8029987787028934	0.00263354	0.784613224535
2.8047441079548876	0.003380011	0.794693780939
2.8064894372068823	0.003564441	0.804790132272
2.8082347664588765	0.002552942	0.812376906446
2.8099800957108707	0.002002455	0.818650242582
2.811725424962865	0.002389168	0.824414454418
2.813470754214859	0.002431032	0.828567390609
2.815216083466854	0.001463816	0.831017017616
2.816961412718848	0.001211083	0.83473264581
2.8187067419708423	0.002164761	0.840376137031
2.8204520712228365	0.002744122	0.844699635691
2.8221974004748307	0.002057479	0.845058101058
2.8239427297268254	0.001991507	0.84278068471
2.8256880589788196	0.00308879	0.837934046207
2.827433388230814	0.003522253	0.828061346585
2.829178717482808	0.002438335	0.813373335158
2.8309240467348022	0.002058727	0.799409771913
2.832669375986797	0.002992203	0.789821890362
2.834414705238791	0.003299148	0.783868960424
2.8361600344907854	0.002184262	0.78145938435
2.8379053637427796	0.001887965	0.785708444723
2.839650692994774	0.002880395	0.795927381239
2.8413960222467685	0.003191137	0.806470249401
2.8431413514987627	0.002065216	0.813593990929
2.844886680750757	0.001693994	0.819075149822
2.8466320100027516	0.002581338	0.823339916807
2.848377339254746	0.002918342	0.823917291318
2.8501226685067405	0.002026455	0.821350770511
2.8518679977587347	0.002095621	0.821279492829
2.853613327010729	0.003617198	0.826032838623
2.855358656262723	0.004662845	0.832403414029
2.8571039855147173	0.004385525	0.837925586603
2.858849314766712	0.004867214	0.843940639916
2.8605946440187062	0.006461073	0.848590735231
2.8623399732707004	0.00712728	0.846256183881
2.8640853025226947	0.006095428	0.834951678918
2.865830631774689	0.005568186	0.819331072156
2.867575961026684	0.00598903	0.802800631146
2.869321290278678	0.005578726	0.785574767031
2.8710666195306724	0.003831307	0.770134465357
2.872811948782666	0.002900312	0.762543261076
2.8745572780346604	0.003147144	0.764219521529
2.8763026072866555	0.002931857	0.770738748681
2.8780479365386498	0.001718284	0.778403269892
2.879793265790644	0.001339019	0.787269396908
2.881538595042638	0.002020563	0.795112648202
2.8832839242946324	0.002268533	0.797522190852
2.885029253546627	0.001595697	0.794059541379
2.8867745827986213	0.0017284	0.789991755058
2.8885199120506155	0.0028868	0.788872774
2.8902652413026098	0.003744549	0.790916712079
2.892010570554604	0.003888288	0.797174550802
2.8937558998065986	0.004759381	0.810423075094
2.895501229058593	0.006282118	0.828974911962
2.897246558310587	0.007310736	0.847047812185
2.8989918875625813	0.007554497	0.860210925459
2.9007372168145755	0.007946876	0.86761810311
2.90248254606657	0.00821037	0.867776419668
2.9042278753185644	0.007927566	0.859286565168
2.9059732045705586	0.007178378	0.844030552655
2.907718533822553	0.006403989	0.827197202082
2.909463863074547	0.005389644	0.812310150646
2.9112091923265417	0.004445496	0.800765192471
2.912954521578536	0.003649138	0.793388750238
2.91469985083053	0.002986715	0.791006937382
2.916445180082525	0.002334556	0.791840782969
2.918190509334519	0.002030908	0.792656947156
2.9199358385865133	0.001818882	0.791134569165
2.921681167838508	0.001811968	0.787412864053
2.923426497090502	0.002075275	0.781767248469
2.9251718263424964	0.002511253	0.774738701201
2.9269171555944906	0.002754738	0.767954278317
2.9286624848464853	0.003366757	0.764246037356
2.9304078140984795	0.004281383	0.76463777793
2.9321531433504737	0.005101066	0.768748567945
2.933898472602468	0.005744028	0.775822424371
2.935643801854462	0.006564319	0.785178109573
2.937389131106457	0.006968478	0.795051366446
2.939134460358451	0.007292985	0.804579082426
2.9408797896104453	0.008079252	0.813591015303
2.9426251188624395	0.008505108	0.821722714391
2.9443704481144337	0.007543239	0.828379549686
2.946115777366429	0.007137229	0.834681238298
2.9478611066184226	0.008125803	0.840612546705
2.949606435870417	0.008134755	0.843879266079
2.951351765122411	0.006171874	0.842678910708
2.9530970943744053	0.005381065	0.838347469029
2.9548424236264004	0.006270779	0.831267028582
2.9565877528783946	0.005937806	0.820406891296
2.9583330821303884	0.003981696	0.806968957873
2.9600784113823826	0.003402416	0.795438929748
2.961823740634377	0.004161076	0.787902413333
2.963569069886372	0.004176564	0.783420918605
2.965314399138366	0.003407561	0.78129258934
2.9670597283903604	0.00361384	0.782221427488
2.968805057642354	0.004561919	0.784271229767
2.970550386894349	0.005123369	0.783589140679
2.9722957161463435	0.004921098	0.778437324859
2.9740410453983377	0.005198447	0.771414589762
2.975786374650332	0.006346956	0.764849737311
2.977531703902326	0.007000046	0.75925419612
2.9792770331543204	0.006126833	0.756489314497
2.981022362406315	0.006172928	0.761499496881
2.9827676916583092	0.008179676	0.775182727692
2.9845130209103035	0.008983196	0.792247387203
2.986258350162298	0.007124689	0.808077427433
2.9880036794142923	0.006872059	0.822949609816
2.9897490086662866	0.009144	0.834456439361
2.9914943379182812	0.009240254	0.836828927243
2.9932396671702755	0.006233064	0.82999484597
2.9949849964222697	0.005233489	0.821792742966
2.996730325674264	0.006575662	0.816770108047
2.9984756549262586	0.00595995	0.814036237974
3.000220984178253	0.003292593	0.814849734785
3.001966313430247	0.00258212	0.823320403681
3.0037116426822412	0.003616931	0.836735820416
3.0054569719342354	0.003547388	0.846342158943
3.00720230118623	0.00222121	0.846900413338
3.0089476304382243	0.002194513	0.839929712525
3.0106929596902186	0.003664434	0.825978655136
3.0124382889422128	0.004380898	0.803982632482
3.014183618194207	0.003402993	0.778407524234
3.0159289474462017	0.003921532	0.760465523839
3.017674276698196	0.007141074	0.756172990364
3.01941960595019	0.008995747	0.762348646254
3.0211649352021843	0.00760056	0.775957913946
3.0229102644541785	0.00854936	0.79845477504
3.024655593706173	0.01320857	0.824285357732
3.0264009229581674	0.01461914	0.840320344258
3.0281462522101616	0.01109973	0.841319555881
3.029891581462156	0.01043413	0.8347006358
3.03163691071415	0.01334997	0.824962844275
3.0333822399661448	0.01235165	0.811079717792
3.035127569218139	0.007292851	0.799184942975
3.036872898470133	0.005470778	0.801859928759
3.0386182277221274	0.006539651	0.820771610633
3.040363556974122	0.005222632	0.846390971199
3.0421088862261163	0.002151461	0.872039668951
3.0438542154781105	0.001395871	0.896341360149
3.045599544730105	0.002133995	0.912658611645
3.0473448739820994	0.001867763	0.911903859379
3.0490902032340936	0.0006349235	0.894473079026
3.0508355324860883	0.0005332204	0.871241975283
3.0525808617380825	0.001954303	0.850363420223
3.0543261909900767	0.002819398	0.833609229035
3.056071520242071	0.001822704	0.824699694027
3.057816849494065	0.002723496	0.831166621762
3.05956217874606	0.007200679	0.850720734641
3.0613075079980545	0.009726886	0.869459898018
3.0630528372500487	0.007868209	0.878770351933
3.0647981665020425	0.009310409	0.882692543236
3.0665434957540367	0.01572731	0.881600488923
3.068288825006032	0.0174573	0.869220262444
3.070034154258026	0.01270675	0.850669654481
3.0717794835100203	0.01233368	0.843891317434
3.0735248127620145	0.01709464	0.854775461522
3.0752701420140083	0.01628797	0.873297399205
3.0770154712660034	0.009757995	0.894377198115
3.0787608005179976	0.008005937	0.920867862745
3.080506129769992	0.01067326	0.943796428521
3.082251459021986	0.009130743	0.945927072897
3.0839967882739803	0.003951598	0.925014306155
3.085742117525975	0.002800505	0.895587655049
3.087487446777969	0.005126473	0.867433023437
3.0892327760299634	0.004837005	0.843031978471
3.0909781052819576	0.001906358	0.831896307575
3.092723434533952	0.002059068	0.847963048761
3.0944687637859465	0.005370925	0.888254963351
3.0962140930379407	0.00611484	0.93267998628
3.097959422289935	0.003343268	0.965641698754
3.099704751541929	0.00339085	0.983517532271
3.1014500807939234	0.006926437	0.97932074143
3.103195410045918	0.006995401	0.944429530969
3.1049407392979123	0.002779308	0.889752757987
3.1066860685499065	0.002364725	0.845736181152
3.1084313978019007	0.006349715	0.83317606865
3.1101767270538954	0.006678932	0.854177882792
3.1119220563058896	0.002810667	0.909877329406
3.113667385557884	0.003294476	1.00107594385
3.1154127148098785	0.008398051	1.10436187729
3.1171580440618727	0.009240302	1.1763093884
3.118903373313867	0.00461646	1.18977122357
3.1206487025658616	0.004537757	1.14804658363
3.122394031817856	0.0110612	1.06156183772
3.12413936106985	0.0123574	0.943984542766
3.1258846903218442	0.005323422	0.840100829713
3.1276300195738385	0.006942465	0.823268370245
3.129375348825833	0.02263539	0.941470175281
3.1311206780778273	0.02911063	1.19225340949
3.1328660073298216	0.01866329	1.56134056119
3.134611336581816	0.02397059	2.03712608337
3.13635666583381	0.05563045	2.5579293404
3.1381019950858047	0.06448061	2.99917076764
3.139847324337799	0.02855897	3.26756826215
3.141592653589793	0.01928071	3.37087893872