# C+CO2(ji) -> C+CO2(jf) molscat cross sections, CS8_JMAX90 approx. (written on 08/06/2020); 
# E=31240.000000 (1/cm) = 3.87326632657 eV
# ji  jf sigma(ji,jf) (1e-16 cm^2)
  0    0 1.44905e+02
  0    2 1.90214e+01
  0    4 5.63175e+00
  0    6 2.21576e+00
  0    8 1.59927e+00
  0   10 1.90736e+00
  0   12 1.27880e+00
  0   14 1.03150e+00
  0   16 1.15540e+00
  0   18 9.34882e-01
  0   20 7.59027e-01
  0   22 8.04131e-01
  0   24 7.12242e-01
  0   26 7.28940e-01
  0   28 6.52514e-01
  0   30 6.13885e-01
  0   32 7.26262e-01
  0   34 6.24210e-01
  0   36 7.87049e-01
  0   38 5.47468e-01
  0   40 5.62820e-01
  0   42 5.11005e-01
  0   44 6.24473e-01
  0   46 5.81205e-01
  0   48 6.71613e-01
  0   50 7.22081e-01
  0   52 6.88073e-01
  0   54 7.11924e-01
  0   56 6.04981e-01
  0   58 4.89933e-01
  0   60 5.02099e-01
  0   62 4.36992e-01
  0   64 3.86288e-01
  0   66 4.93074e-01
  0   68 5.64298e-01
  0   70 3.63802e-01
  0   72 3.57834e-01
  0   74 5.09821e-01
  0   76 3.85074e-01
  0   78 5.25355e-01
  0   80 4.18826e-01
  0   82 3.31628e-01
  0   84 4.21263e-01
  0   86 3.37220e-01
  0   88 3.68897e-01
  0   90 3.14615e-01
  1    1 1.52509e+02
  1    3 1.38851e+01
  1    5 4.17148e+00
  1    7 1.89186e+00
  1    9 1.77327e+00
  1   11 1.63041e+00
  1   13 1.18161e+00
  1   15 1.12554e+00
  1   17 1.07186e+00
  1   19 8.90393e-01
  1   21 8.03635e-01
  1   23 7.71022e-01
  1   25 7.59136e-01
  1   27 7.92363e-01
  1   29 6.70961e-01
  1   31 6.67603e-01
  1   33 6.48860e-01
  1   35 6.34544e-01
  1   37 6.10679e-01
  1   39 5.30322e-01
  1   41 5.38730e-01
  1   43 5.76015e-01
  1   45 6.40995e-01
  1   47 6.42236e-01
  1   49 6.83786e-01
  1   51 6.82423e-01
  1   53 6.89488e-01
  1   55 5.57036e-01
  1   57 6.27654e-01
  1   59 4.64649e-01
  1   61 4.46337e-01
  1   63 4.35107e-01
  1   65 4.58839e-01
  1   67 5.54387e-01
  1   69 5.21987e-01
  1   71 4.01496e-01
  1   73 5.26371e-01
  1   75 4.00609e-01
  1   77 4.53940e-01
  1   79 4.25084e-01
  1   81 3.17120e-01
  1   83 3.56299e-01
  1   85 3.98960e-01
  1   87 3.64464e-01
  1   89 3.37612e-01
  2    0 3.80457e+00
  2    2 1.51822e+02
  2    4 1.19817e+01
  2    6 3.58368e+00
  2    8 1.98123e+00
  2   10 1.60714e+00
  2   12 1.48766e+00
  2   14 1.25944e+00
  2   16 1.07592e+00
  2   18 1.04378e+00
  2   20 8.31121e-01
  2   22 8.02148e-01
  2   24 7.04974e-01
  2   26 7.75289e-01
  2   28 6.69542e-01
  2   30 7.12117e-01
  2   32 6.82550e-01
  2   34 6.40686e-01
  2   36 6.46154e-01
  2   38 6.22565e-01
  2   40 5.53108e-01
  2   42 5.55974e-01
  2   44 5.98412e-01
  2   46 5.82168e-01
  2   48 6.01636e-01
  2   50 6.59623e-01
  2   52 7.49454e-01
  2   54 6.56462e-01
  2   56 6.15888e-01
  2   58 4.86994e-01
  2   60 5.10171e-01
  2   62 4.30104e-01
  2   64 4.30903e-01
  2   66 4.52397e-01
  2   68 4.79776e-01
  2   70 3.98186e-01
  2   72 4.05481e-01
  2   74 4.42854e-01
  2   76 3.71422e-01
  2   78 5.01897e-01
  2   80 4.31599e-01
  2   82 3.44250e-01
  2   84 3.55087e-01
  2   86 4.08718e-01
  2   88 3.52990e-01
  2   90 3.36153e-01
  3    1 5.95151e+00
  3    3 1.51451e+02
  3    5 1.10860e+01
  3    7 3.59097e+00
  3    9 1.82489e+00
  3   11 1.46352e+00
  3   13 1.45670e+00
  3   15 1.16120e+00
  3   17 1.04640e+00
  3   19 9.31008e-01
  3   21 8.40679e-01
  3   23 7.81938e-01
  3   25 7.24142e-01
  3   27 7.57813e-01
  3   29 6.98991e-01
  3   31 7.56210e-01
  3   33 6.35265e-01
  3   35 6.11280e-01
  3   37 6.20901e-01
  3   39 5.71078e-01
  3   41 5.61994e-01
  3   43 6.17303e-01
  3   45 6.55606e-01
  3   47 6.06379e-01
  3   49 6.81218e-01
  3   51 6.78158e-01
  3   53 6.72138e-01
  3   55 5.74065e-01
  3   57 5.91178e-01
  3   59 5.17428e-01
  3   61 4.69250e-01
  3   63 4.35356e-01
  3   65 4.37776e-01
  3   67 4.87465e-01
  3   69 4.73596e-01
  3   71 4.45658e-01
  3   73 4.64985e-01
  3   75 3.81443e-01
  3   77 5.04345e-01
  3   79 3.98423e-01
  3   81 3.32705e-01
  3   83 3.99898e-01
  3   85 3.98520e-01
  3   87 3.66198e-01
  3   89 3.64995e-01
  4    0 6.25906e-01
  4    2 6.65769e+00
  4    4 1.51264e+02
  4    6 1.07200e+01
  4    8 3.31640e+00
  4   10 1.75830e+00
  4   12 1.48834e+00
  4   14 1.37331e+00
  4   16 1.15747e+00
  4   18 9.71855e-01
  4   20 9.08640e-01
  4   22 8.37877e-01
  4   24 7.13832e-01
  4   26 7.77521e-01
  4   28 6.73735e-01
  4   30 7.12922e-01
  4   32 6.99365e-01
  4   34 6.34444e-01
  4   36 6.19244e-01
  4   38 6.22783e-01
  4   40 6.21957e-01
  4   42 5.41175e-01
  4   44 6.07471e-01
  4   46 6.09156e-01
  4   48 6.51311e-01
  4   50 6.50902e-01
  4   52 7.04864e-01
  4   54 6.25032e-01
  4   56 5.97724e-01
  4   58 5.67997e-01
  4   60 5.29575e-01
  4   62 4.48293e-01
  4   64 4.11690e-01
  4   66 4.42579e-01
  4   68 4.32667e-01
  4   70 4.79063e-01
  4   72 4.45137e-01
  4   74 4.72096e-01
  4   76 3.76634e-01
  4   78 4.71021e-01
  4   80 4.33794e-01
  4   82 3.28813e-01
  4   84 3.75009e-01
  4   86 3.59795e-01
  4   88 3.70687e-01
  4   90 3.42538e-01
  5    1 1.13807e+00
  5    3 7.05633e+00
  5    5 1.51386e+02
  5    7 1.03684e+01
  5    9 3.22927e+00
  5   11 1.74181e+00
  5   13 1.45297e+00
  5   15 1.32708e+00
  5   17 1.05888e+00
  5   19 9.38536e-01
  5   21 9.07348e-01
  5   23 8.33315e-01
  5   25 7.71263e-01
  5   27 7.55793e-01
  5   29 7.19576e-01
  5   31 7.34933e-01
  5   33 6.66288e-01
  5   35 6.10470e-01
  5   37 5.74660e-01
  5   39 6.20837e-01
  5   41 5.63784e-01
  5   43 6.16451e-01
  5   45 6.21811e-01
  5   47 6.73526e-01
  5   49 6.71666e-01
  5   51 6.54044e-01
  5   53 6.28462e-01
  5   55 5.51937e-01
  5   57 6.25123e-01
  5   59 5.38108e-01
  5   61 4.77124e-01
  5   63 4.18635e-01
  5   65 4.69714e-01
  5   67 5.14840e-01
  5   69 4.78787e-01
  5   71 4.44709e-01
  5   73 4.75807e-01
  5   75 4.19270e-01
  5   77 4.70691e-01
  5   79 3.78149e-01
  5   81 3.35557e-01
  5   83 3.79877e-01
  5   85 4.32406e-01
  5   87 3.57783e-01
  5   89 3.89364e-01
  6    0 1.70532e-01
  6    2 1.37896e+00
  6    4 7.42355e+00
  6    6 1.51262e+02
  6    8 1.01676e+01
  6   10 3.16624e+00
  6   12 1.73420e+00
  6   14 1.38871e+00
  6   16 1.28110e+00
  6   18 1.04604e+00
  6   20 8.90128e-01
  6   22 9.28193e-01
  6   24 8.41872e-01
  6   26 7.63104e-01
  6   28 7.42957e-01
  6   30 7.30619e-01
  6   32 6.75557e-01
  6   34 6.92480e-01
  6   36 6.20255e-01
  6   38 6.49438e-01
  6   40 5.79938e-01
  6   42 5.74195e-01
  6   44 5.91521e-01
  6   46 6.07276e-01
  6   48 6.70176e-01
  6   50 6.27411e-01
  6   52 6.60189e-01
  6   54 5.78597e-01
  6   56 6.12784e-01
  6   58 5.61543e-01
  6   60 5.45724e-01
  6   62 4.40689e-01
  6   64 4.11694e-01
  6   66 4.46886e-01
  6   68 4.52553e-01
  6   70 4.85428e-01
  6   72 4.50730e-01
  6   74 5.07522e-01
  6   76 4.03316e-01
  6   78 4.07764e-01
  6   80 4.34031e-01
  6   82 3.28631e-01
  6   84 3.65063e-01
  6   86 3.87605e-01
  6   88 3.46086e-01
  6   90 3.88593e-01
  7    1 3.78628e-01
  7    3 1.67671e+00
  7    5 7.60599e+00
  7    7 1.51340e+02
  7    9 1.00244e+01
  7   11 3.11407e+00
  7   13 1.67274e+00
  7   15 1.34588e+00
  7   17 1.26689e+00
  7   19 1.03062e+00
  7   21 9.11960e-01
  7   23 9.00209e-01
  7   25 8.15145e-01
  7   27 7.70580e-01
  7   29 7.69158e-01
  7   31 7.14856e-01
  7   33 6.82972e-01
  7   35 6.55025e-01
  7   37 5.92885e-01
  7   39 6.26224e-01
  7   41 5.81970e-01
  7   43 6.39340e-01
  7   45 6.52241e-01
  7   47 6.51361e-01
  7   49 6.58307e-01
  7   51 6.25520e-01
  7   53 6.33239e-01
  7   55 5.77146e-01
  7   57 5.74667e-01
  7   59 5.53674e-01
  7   61 5.09882e-01
  7   63 4.27687e-01
  7   65 4.38470e-01
  7   67 4.81142e-01
  7   69 4.83490e-01
  7   71 4.68859e-01
  7   73 4.78786e-01
  7   75 4.08539e-01
  7   77 4.40488e-01
  7   79 3.79184e-01
  7   81 3.49699e-01
  7   83 3.79088e-01
  7   85 4.50154e-01
  7   87 3.82704e-01
  7   89 3.79321e-01
  8    0 9.41592e-02
  8    2 5.83196e-01
  8    4 1.75688e+00
  8    6 7.77811e+00
  8    8 1.51342e+02
  8   10 9.89630e+00
  8   12 3.04688e+00
  8   14 1.63132e+00
  8   16 1.31284e+00
  8   18 1.25785e+00
  8   20 9.93518e-01
  8   22 8.95689e-01
  8   24 8.82482e-01
  8   26 7.88293e-01
  8   28 7.71098e-01
  8   30 7.29644e-01
  8   32 7.13481e-01
  8   34 6.82908e-01
  8   36 6.35397e-01
  8   38 6.41592e-01
  8   40 6.21143e-01
  8   42 6.11800e-01
  8   44 6.16837e-01
  8   46 6.35891e-01
  8   48 6.34869e-01
  8   50 6.09642e-01
  8   52 6.22840e-01
  8   54 5.85475e-01
  8   56 5.75437e-01
  8   58 5.63836e-01
  8   60 5.66976e-01
  8   62 4.88294e-01
  8   64 4.16397e-01
  8   66 4.34021e-01
  8   68 4.42118e-01
  8   70 5.28228e-01
  8   72 4.80238e-01
  8   74 4.94492e-01
  8   76 3.87041e-01
  8   78 4.37025e-01
  8   80 4.21278e-01
  8   82 3.27268e-01
  8   84 3.54734e-01
  8   86 3.91311e-01
  8   88 3.67619e-01
  8   90 3.92703e-01
  9    1 2.80299e-01
  9    3 6.72986e-01
  9    5 1.87098e+00
  9    7 7.91734e+00
  9    9 1.31206e+02
  9   11 9.29824e+00
  9   13 2.76401e+00
  9   15 1.43816e+00
  9   17 1.17906e+00
  9   19 1.13880e+00
  9   21 8.81393e-01
  9   23 8.02601e-01
  9   25 7.87886e-01
  9   27 7.11488e-01
  9   29 6.71438e-01
  9   31 6.60919e-01
  9   33 6.28127e-01
  9   35 6.03017e-01
  9   37 5.82773e-01
  9   39 5.72160e-01
  9   41 5.75831e-01
  9   43 5.99446e-01
  9   45 6.03582e-01
  9   47 5.71132e-01
  9   49 5.63122e-01
  9   51 5.59584e-01
  9   53 5.54628e-01
  9   55 5.15251e-01
  9   57 5.50739e-01
  9   59 5.39052e-01
  9   61 4.92446e-01
  9   63 4.28283e-01
  9   65 4.23109e-01
  9   67 4.54205e-01
  9   69 4.41784e-01
  9   71 4.66502e-01
  9   73 4.10858e-01
  9   75 3.66488e-01
  9   77 4.20398e-01
  9   79 3.25800e-01
  9   81 3.08028e-01
  9   83 3.30118e-01
  9   85 3.93239e-01
  9   87 3.07194e-01
  9   89 3.77689e-01
 10    0 9.09518e-02
 10    2 3.83149e-01
 10    4 7.54406e-01
 10    6 1.96172e+00
 10    8 8.01510e+00
 10   10 1.15951e+02
 10   12 8.80901e+00
 10   14 2.56325e+00
 10   16 1.28698e+00
 10   18 1.06092e+00
 10   20 1.01062e+00
 10   22 7.89149e-01
 10   24 7.18162e-01
 10   26 7.05195e-01
 10   28 6.33113e-01
 10   30 6.04084e-01
 10   32 5.43457e-01
 10   34 5.64545e-01
 10   36 5.09460e-01
 10   38 5.24542e-01
 10   40 5.26744e-01
 10   42 5.22745e-01
 10   44 5.61028e-01
 10   46 5.32853e-01
 10   48 4.94523e-01
 10   50 4.86559e-01
 10   52 4.87624e-01
 10   54 4.74568e-01
 10   56 4.71194e-01
 10   58 4.96040e-01
 10   60 4.81950e-01
 10   62 4.28306e-01
 10   64 3.73740e-01
 10   66 3.71962e-01
 10   68 3.75754e-01
 10   70 4.21750e-01
 10   72 3.81686e-01
 10   74 3.91590e-01
 10   76 3.28581e-01
 10   78 3.19686e-01
 10   80 2.81731e-01
 10   82 2.60221e-01
 10   84 2.45396e-01
 10   86 3.10039e-01
 10   88 2.45078e-01
 10   90 3.40712e-01
 11    1 2.13009e-01
 11    3 4.46088e-01
 11    5 8.34101e-01
 11    7 2.03284e+00
 11    9 7.68519e+00
 11   11 1.04144e+02
 11   13 8.28263e+00
 11   15 2.42001e+00
 11   17 1.18370e+00
 11   19 9.88603e-01
 11   21 9.42877e-01
 11   23 7.31135e-01
 11   25 6.54126e-01
 11   27 6.15678e-01
 11   29 5.64845e-01
 11   31 5.46189e-01
 11   33 5.03408e-01
 11   35 5.29937e-01
 11   37 5.32702e-01
 11   39 4.90881e-01
 11   41 4.74508e-01
 11   43 4.74341e-01
 11   45 5.28415e-01
 11   47 4.54547e-01
 11   49 4.46773e-01
 11   51 4.37034e-01
 11   53 4.49376e-01
 11   55 4.08187e-01
 11   57 4.47330e-01
 11   59 4.05630e-01
 11   61 3.76408e-01
 11   63 3.57256e-01
 11   65 3.54878e-01
 11   67 3.75228e-01
 11   69 3.38512e-01
 11   71 3.41468e-01
 11   73 3.55447e-01
 11   75 2.93378e-01
 11   77 3.16946e-01
 11   79 2.50838e-01
 11   81 2.30530e-01
 11   83 2.39586e-01
 11   85 3.21719e-01
 11   87 2.26007e-01
 11   89 3.26813e-01
 12    0 5.12518e-02
 12    2 2.98090e-01
 12    4 5.36715e-01
 12    6 9.03073e-01
 12    8 2.07406e+00
 12   10 7.40383e+00
 12   12 9.46740e+01
 12   14 7.78912e+00
 12   16 2.26925e+00
 12   18 1.08965e+00
 12   20 9.06398e-01
 12   22 8.53113e-01
 12   24 6.97821e-01
 12   26 5.93870e-01
 12   28 5.62813e-01
 12   30 5.23485e-01
 12   32 4.65059e-01
 12   34 4.58315e-01
 12   36 4.62208e-01
 12   38 4.59246e-01
 12   40 4.56077e-01
 12   42 4.27507e-01
 12   44 4.45045e-01
 12   46 4.49471e-01
 12   48 3.96477e-01
 12   50 3.76957e-01
 12   52 3.67856e-01
 12   54 3.91617e-01
 12   56 3.72508e-01
 12   58 3.71130e-01
 12   60 3.44816e-01
 12   62 3.46080e-01
 12   64 3.24438e-01
 12   66 3.33199e-01
 12   68 3.29806e-01
 12   70 3.09690e-01
 12   72 2.69893e-01
 12   74 3.41676e-01
 12   76 2.41990e-01
 12   78 2.84636e-01
 12   80 2.16958e-01
 12   82 2.13778e-01
 12   84 2.19860e-01
 12   86 2.69147e-01
 12   88 1.95693e-01
 12   90 2.95645e-01
 13    1 1.31586e-01
 13    3 3.78467e-01
 13    5 5.93077e-01
 13    7 9.30767e-01
 13    9 1.94729e+00
 13   11 7.05999e+00
 13   13 8.69410e+01
 13   15 7.32504e+00
 13   17 2.17347e+00
 13   19 1.00286e+00
 13   21 8.36685e-01
 13   23 7.87227e-01
 13   25 6.23283e-01
 13   27 5.39342e-01
 13   29 5.09359e-01
 13   31 4.83992e-01
 13   33 4.35865e-01
 13   35 4.34341e-01
 13   37 4.28473e-01
 13   39 4.49271e-01
 13   41 4.28822e-01
 13   43 3.79403e-01
 13   45 3.82103e-01
 13   47 3.62140e-01
 13   49 3.51066e-01
 13   51 3.41780e-01
 13   53 3.39108e-01
 13   55 3.32876e-01
 13   57 3.43898e-01
 13   59 3.52564e-01
 13   61 3.06791e-01
 13   63 2.94350e-01
 13   65 3.12087e-01
 13   67 3.45461e-01
 13   69 3.35851e-01
 13   71 2.79652e-01
 13   73 3.12730e-01
 13   75 2.47248e-01
 13   77 2.83647e-01
 13   79 2.26985e-01
 13   81 2.38529e-01
 13   83 1.85496e-01
 13   85 2.88247e-01
 13   87 2.01337e-01
 13   89 2.73764e-01
 14    0 3.56625e-02
 14    2 2.17699e-01
 14    4 4.27214e-01
 14    6 6.23834e-01
 14    8 9.57947e-01
 14   10 1.85847e+00
 14   12 6.71930e+00
 14   14 8.02614e+01
 14   16 6.91674e+00
 14   18 2.03911e+00
 14   20 9.61856e-01
 14   22 7.78507e-01
 14   24 7.36959e-01
 14   26 5.74360e-01
 14   28 5.00534e-01
 14   30 4.91779e-01
 14   32 4.40991e-01
 14   34 3.83772e-01
 14   36 4.00494e-01
 14   38 4.01410e-01
 14   40 4.01152e-01
 14   42 3.86538e-01
 14   44 3.45208e-01
 14   46 3.28013e-01
 14   48 3.24667e-01
 14   50 3.19978e-01
 14   52 2.96998e-01
 14   54 2.84746e-01
 14   56 2.89178e-01
 14   58 3.21392e-01
 14   60 3.14902e-01
 14   62 2.91664e-01
 14   64 2.80045e-01
 14   66 3.02251e-01
 14   68 3.18049e-01
 14   70 2.70383e-01
 14   72 2.46739e-01
 14   74 2.88086e-01
 14   76 2.06681e-01
 14   78 2.75788e-01
 14   80 1.87936e-01
 14   82 2.30290e-01
 14   84 1.69921e-01
 14   86 2.63167e-01
 14   88 1.81552e-01
 14   90 2.58824e-01
 15    1 1.09248e-01
 15    3 2.62955e-01
 15    5 4.72138e-01
 15    7 6.52732e-01
 15    9 8.83111e-01
 15   11 1.79792e+00
 15   13 6.38451e+00
 15   15 7.47103e+01
 15   17 6.52106e+00
 15   19 1.97355e+00
 15   21 9.11839e-01
 15   23 7.22879e-01
 15   25 6.78260e-01
 15   27 5.35709e-01
 15   29 4.59909e-01
 15   31 4.62410e-01
 15   33 4.12295e-01
 15   35 3.93485e-01
 15   37 3.90700e-01
 15   39 3.63289e-01
 15   41 3.80589e-01
 15   43 3.42979e-01
 15   45 2.94190e-01
 15   47 2.70797e-01
 15   49 2.68559e-01
 15   51 2.61991e-01
 15   53 2.70232e-01
 15   55 2.78215e-01
 15   57 2.67750e-01
 15   59 3.08929e-01
 15   61 2.80816e-01
 15   63 2.63856e-01
 15   65 2.67474e-01
 15   67 3.10349e-01
 15   69 2.95718e-01
 15   71 2.55529e-01
 15   73 2.76889e-01
 15   75 2.11572e-01
 15   77 2.73019e-01
 15   79 1.91304e-01
 15   81 2.33936e-01
 15   83 1.68078e-01
 15   85 2.39851e-01
 15   87 1.75512e-01
 15   89 2.57960e-01
 16    0 3.51313e-02
 16    2 1.63562e-01
 16    4 3.16671e-01
 16    6 5.06132e-01
 16    8 6.78006e-01
 16   10 8.20650e-01
 16   12 1.72163e+00
 16   14 6.08307e+00
 16   16 6.97093e+01
 16   18 6.16598e+00
 16   20 1.88809e+00
 16   22 8.64708e-01
 16   24 6.51129e-01
 16   26 6.65916e-01
 16   28 4.90273e-01
 16   30 4.35506e-01
 16   32 4.40636e-01
 16   34 3.81785e-01
 16   36 3.63264e-01
 16   38 3.60143e-01
 16   40 3.56266e-01
 16   42 3.40848e-01
 16   44 2.93751e-01
 16   46 2.82791e-01
 16   48 2.58674e-01
 16   50 2.43969e-01
 16   52 2.52187e-01
 16   54 2.31437e-01
 16   56 2.34184e-01
 16   58 2.50083e-01
 16   60 2.81841e-01
 16   62 2.50003e-01
 16   64 2.69443e-01
 16   66 2.45811e-01
 16   68 2.77661e-01
 16   70 2.53385e-01
 16   72 2.27960e-01
 16   74 2.18812e-01
 16   76 1.93731e-01
 16   78 2.41672e-01
 16   80 1.79734e-01
 16   82 2.22018e-01
 16   84 1.61953e-01
 16   86 2.20969e-01
 16   88 1.69125e-01
 16   90 2.42798e-01
 17    1 9.22234e-02
 17    3 2.10052e-01
 17    5 3.33941e-01
 17    7 5.44656e-01
 17    9 6.41796e-01
 17   11 7.79558e-01
 17   13 1.67928e+00
 17   15 5.78058e+00
 17   17 6.54949e+01
 17   19 5.81618e+00
 17   21 1.82491e+00
 17   23 8.10438e-01
 17   25 6.19066e-01
 17   27 6.19632e-01
 17   29 4.69382e-01
 17   31 4.01345e-01
 17   33 4.23292e-01
 17   35 3.83874e-01
 17   37 3.68592e-01
 17   39 3.34354e-01
 17   41 3.09798e-01
 17   43 3.16920e-01
 17   45 2.56085e-01
 17   47 2.42496e-01
 17   49 2.36696e-01
 17   51 2.38250e-01
 17   53 2.16301e-01
 17   55 2.38611e-01
 17   57 2.33513e-01
 17   59 2.69190e-01
 17   61 2.39751e-01
 17   63 2.64383e-01
 17   65 2.32482e-01
 17   67 2.65118e-01
 17   69 2.34717e-01
 17   71 2.19934e-01
 17   73 2.41998e-01
 17   75 2.06301e-01
 17   77 2.47390e-01
 17   79 1.63832e-01
 17   81 2.13218e-01
 17   83 1.54281e-01
 17   85 2.16950e-01
 17   87 1.46886e-01
 17   89 2.40048e-01
 18    0 2.53755e-02
 18    2 1.41646e-01
 18    4 2.37352e-01
 18    6 3.68911e-01
 18    8 5.79891e-01
 18   10 6.03894e-01
 18   12 7.37969e-01
 18   14 1.60087e+00
 18   16 5.50421e+00
 18   18 6.16610e+01
 18   20 5.51892e+00
 18   22 1.73683e+00
 18   24 7.79407e-01
 18   26 5.96644e-01
 18   28 5.96565e-01
 18   30 4.40760e-01
 18   32 3.96193e-01
 18   34 3.76544e-01
 18   36 3.85784e-01
 18   38 3.25159e-01
 18   40 2.97278e-01
 18   42 2.99316e-01
 18   44 2.63136e-01
 18   46 2.81652e-01
 18   48 2.35512e-01
 18   50 2.32570e-01
 18   52 1.96681e-01
 18   54 2.07920e-01
 18   56 2.30494e-01
 18   58 2.28575e-01
 18   60 2.35284e-01
 18   62 2.13946e-01
 18   64 2.22313e-01
 18   66 2.23635e-01
 18   68 2.38526e-01
 18   70 1.96489e-01
 18   72 2.09938e-01
 18   74 2.14919e-01
 18   76 1.74727e-01
 18   78 2.14516e-01
 18   80 1.67720e-01
 18   82 2.07057e-01
 18   84 1.48810e-01
 18   86 2.20106e-01
 18   88 1.41742e-01
 18   90 2.28436e-01
 19    1 6.88167e-02
 19    3 1.67876e-01
 19    5 2.65878e-01
 19    7 3.98005e-01
 19    9 5.56817e-01
 19   11 5.84837e-01
 19   13 6.96015e-01
 19   15 1.57147e+00
 19   17 5.22450e+00
 19   19 5.84092e+01
 19   21 5.23849e+00
 19   23 1.66485e+00
 19   25 7.35892e-01
 19   27 5.81073e-01
 19   29 5.68555e-01
 19   31 4.33836e-01
 19   33 3.78358e-01
 19   35 3.69672e-01
 19   37 3.54108e-01
 19   39 3.10962e-01
 19   41 2.74022e-01
 19   43 2.58504e-01
 19   45 2.63454e-01
 19   47 2.39966e-01
 19   49 2.05594e-01
 19   51 2.00642e-01
 19   53 2.03466e-01
 19   55 2.10576e-01
 19   57 2.29362e-01
 19   59 2.34251e-01
 19   61 2.24316e-01
 19   63 2.21165e-01
 19   65 2.11189e-01
 19   67 1.97970e-01
 19   69 2.11081e-01
 19   71 1.95617e-01
 19   73 2.28436e-01
 19   75 1.72951e-01
 19   77 2.08961e-01
 19   79 1.48922e-01
 19   81 2.21784e-01
 19   83 1.51405e-01
 19   85 2.14066e-01
 19   87 1.49082e-01
 19   89 2.06437e-01
 20    0 1.86105e-02
 20    2 1.01883e-01
 20    4 2.00460e-01
 20    6 2.83575e-01
 20    8 4.13747e-01
 20   10 5.19649e-01
 20   12 5.54514e-01
 20   14 6.82131e-01
 20   16 1.52251e+00
 20   18 4.98536e+00
 20   20 5.54551e+01
 20   22 4.99010e+00
 20   24 1.59775e+00
 20   26 7.01046e-01
 20   28 5.44219e-01
 20   30 5.61636e-01
 20   32 4.28065e-01
 20   34 3.74548e-01
 20   36 3.59596e-01
 20   38 3.18895e-01
 20   40 2.70854e-01
 20   42 2.64853e-01
 20   44 2.45072e-01
 20   46 2.29541e-01
 20   48 2.17128e-01
 20   50 1.89469e-01
 20   52 1.63208e-01
 20   54 1.76855e-01
 20   56 1.97763e-01
 20   58 1.96155e-01
 20   60 2.43626e-01
 20   62 2.11604e-01
 20   64 2.00693e-01
 20   66 1.89912e-01
 20   68 1.79673e-01
 20   70 2.01246e-01
 20   72 1.91958e-01
 20   74 2.18327e-01
 20   76 1.56987e-01
 20   78 2.09668e-01
 20   80 1.52158e-01
 20   82 1.97340e-01
 20   84 1.44449e-01
 20   86 1.92958e-01
 20   88 1.46778e-01
 20   90 1.96648e-01
 21    1 5.63916e-02
 21    3 1.37628e-01
 21    5 2.33372e-01
 21    7 3.19748e-01
 21    9 3.91273e-01
 21   11 5.06421e-01
 21   13 5.27209e-01
 21   15 6.59206e-01
 21   17 1.48830e+00
 21   19 4.75608e+00
 21   21 5.28077e+01
 21   23 4.75332e+00
 21   25 1.53887e+00
 21   27 6.62021e-01
 21   29 5.50641e-01
 21   31 5.39344e-01
 21   33 4.10274e-01
 21   35 3.48101e-01
 21   37 3.34827e-01
 21   39 2.98033e-01
 21   41 2.84266e-01
 21   43 2.41605e-01
 21   45 2.28082e-01
 21   47 2.15922e-01
 21   49 1.92839e-01
 21   51 1.64226e-01
 21   53 1.79074e-01
 21   55 1.87924e-01
 21   57 2.18427e-01
 21   59 2.07237e-01
 21   61 2.23960e-01
 21   63 1.82860e-01
 21   65 1.89258e-01
 21   67 1.67255e-01
 21   69 1.89685e-01
 21   71 1.46689e-01
 21   73 2.31622e-01
 21   75 1.45375e-01
 21   77 2.31328e-01
 21   79 1.13618e-01
 21   81 2.10950e-01
 21   83 1.56191e-01
 21   85 2.03851e-01
 21   87 1.37997e-01
 21   89 1.87517e-01
 22    0 1.79832e-02
 22    2 8.96877e-02
 22    4 1.68599e-01
 22    6 2.69709e-01
 22    8 3.40217e-01
 22   10 3.70103e-01
 22   12 4.76037e-01
 22   14 5.03571e-01
 22   16 6.35984e-01
 22   18 1.43100e+00
 22   20 4.55145e+00
 22   22 5.04012e+01
 22   24 4.54595e+00
 22   26 1.47368e+00
 22   28 6.43210e-01
 22   30 4.94758e-01
 22   32 5.37982e-01
 22   34 3.84871e-01
 22   36 3.19192e-01
 22   38 3.04578e-01
 22   40 2.92565e-01
 22   42 2.47577e-01
 22   44 2.36504e-01
 22   46 2.30257e-01
 22   48 1.90671e-01
 22   50 1.72275e-01
 22   52 1.48177e-01
 22   54 1.74920e-01
 22   56 1.70599e-01
 22   58 1.95846e-01
 22   60 1.76273e-01
 22   62 2.00271e-01
 22   64 1.78632e-01
 22   66 2.13676e-01
 22   68 1.52231e-01
 22   70 1.93584e-01
 22   72 1.42807e-01
 22   74 2.21285e-01
 22   76 1.29553e-01
 22   78 2.02207e-01
 22   80 1.35480e-01
 22   82 1.94942e-01
 22   84 1.42494e-01
 22   86 1.82000e-01
 22   88 1.36973e-01
 22   90 1.73859e-01
 23    1 4.95546e-02
 23    3 1.17250e-01
 23    5 1.96312e-01
 23    7 2.89093e-01
 23    9 3.26341e-01
 23   11 3.59680e-01
 23   13 4.54341e-01
 23   15 4.78664e-01
 23   17 6.05385e-01
 23   19 1.38446e+00
 23   21 4.35371e+00
 23   23 4.82845e+01
 23   25 4.36851e+00
 23   27 1.41948e+00
 23   29 6.07253e-01
 23   31 4.95342e-01
 23   33 5.03854e-01
 23   35 3.78310e-01
 23   37 2.93631e-01
 23   39 3.07439e-01
 23   41 2.55806e-01
 23   43 2.48352e-01
 23   45 2.21086e-01
 23   47 1.99278e-01
 23   49 1.77030e-01
 23   51 1.60617e-01
 23   53 1.58134e-01
 23   55 1.61611e-01
 23   57 1.98024e-01
 23   59 1.85777e-01
 23   61 1.67816e-01
 23   63 1.68268e-01
 23   65 1.91575e-01
 23   67 1.59462e-01
 23   69 1.71905e-01
 23   71 1.38354e-01
 23   73 2.12065e-01
 23   75 1.38088e-01
 23   77 1.94076e-01
 23   79 1.72878e-01
 23   81 1.90637e-01
 23   83 1.53896e-01
 23   85 1.95068e-01
 23   87 1.35801e-01
 23   89 1.51128e-01
 24    0 1.46453e-02
 24    2 7.24739e-02
 24    4 1.32069e-01
 24    6 2.24922e-01
 24    8 3.08202e-01
 24   10 3.09682e-01
 24   12 3.58020e-01
 24   14 4.38300e-01
 24   16 4.40326e-01
 24   18 5.90442e-01
 24   20 1.33992e+00
 24   22 4.17979e+00
 24   24 4.62700e+01
 24   26 4.17370e+00
 24   28 1.37732e+00
 24   30 5.91741e-01
 24   32 4.67912e-01
 24   34 4.84450e-01
 24   36 3.32980e-01
 24   38 2.86817e-01
 24   40 2.68417e-01
 24   42 2.52518e-01
 24   44 2.20807e-01
 24   46 2.07648e-01
 24   48 1.81160e-01
 24   50 1.57722e-01
 24   52 1.64798e-01
 24   54 1.56303e-01
 24   56 1.81393e-01
 24   58 1.75499e-01
 24   60 1.86027e-01
 24   62 1.79181e-01
 24   64 1.50396e-01
 24   66 1.77047e-01
 24   68 1.38597e-01
 24   70 1.70167e-01
 24   72 1.23573e-01
 24   74 2.12404e-01
 24   76 1.23284e-01
 24   78 2.05887e-01
 24   80 1.36166e-01
 24   82 1.73471e-01
 24   84 1.42345e-01
 24   86 1.78109e-01
 24   88 1.25455e-01
 24   90 1.34234e-01
 25    1 4.50195e-02
 25    3 1.00191e-01
 25    5 1.67650e-01
 25    7 2.41542e-01
 25    9 2.95596e-01
 25   11 2.96922e-01
 25   13 3.31918e-01
 25   15 4.14404e-01
 25   17 4.26690e-01
 25   19 5.64654e-01
 25   21 1.30055e+00
 25   23 4.03085e+00
 25   25 4.45270e+01
 25   27 4.01783e+00
 25   29 1.33426e+00
 25   31 5.48703e-01
 25   33 4.61068e-01
 25   35 4.65133e-01
 25   37 3.21252e-01
 25   39 2.76901e-01
 25   41 2.67894e-01
 25   43 2.31014e-01
 25   45 2.04871e-01
 25   47 1.84145e-01
 25   49 1.66420e-01
 25   51 1.53436e-01
 25   53 1.60537e-01
 25   55 1.61855e-01
 25   57 1.66370e-01
 25   59 1.94890e-01
 25   61 1.62505e-01
 25   63 1.70030e-01
 25   65 1.39341e-01
 25   67 1.35908e-01
 25   69 1.56065e-01
 25   71 1.59171e-01
 25   73 1.76840e-01
 25   75 1.41149e-01
 25   77 1.82083e-01
 25   79 1.72356e-01
 25   81 1.70329e-01
 25   83 1.37052e-01
 25   85 1.56233e-01
 25   87 1.41367e-01
 25   89 1.42113e-01
 26    0 1.38753e-02
 26    2 7.37819e-02
 26    4 1.33166e-01
 26    6 1.88733e-01
 26    8 2.54856e-01
 26   10 2.81501e-01
 26   12 2.82054e-01
 26   14 3.16221e-01
 26   16 4.16873e-01
 26   18 4.18415e-01
 26   20 5.44246e-01
 26   22 1.25433e+00
 26   24 3.86366e+00
 26   26 4.27641e+01
 26   28 3.87159e+00
 26   30 1.27266e+00
 26   32 5.23720e-01
 26   34 4.13988e-01
 26   36 4.55574e-01
 26   38 3.15838e-01
 26   40 2.66590e-01
 26   42 2.56405e-01
 26   44 2.22550e-01
 26   46 1.78286e-01
 26   48 1.76100e-01
 26   50 1.75885e-01
 26   52 1.43211e-01
 26   54 1.55288e-01
 26   56 1.48884e-01
 26   58 1.65574e-01
 26   60 1.58263e-01
 26   62 1.73880e-01
 26   64 1.42024e-01
 26   66 1.31389e-01
 26   68 1.34710e-01
 26   70 1.63908e-01
 26   72 1.30743e-01
 26   74 1.62276e-01
 26   76 1.41729e-01
 26   78 1.65139e-01
 26   80 1.73588e-01
 26   82 1.56719e-01
 26   84 1.27288e-01
 26   86 1.52347e-01
 26   88 1.29950e-01
 26   90 1.49509e-01
 27    1 4.36308e-02
 27    3 9.73538e-02
 27    5 1.52542e-01
 27    7 2.12013e-01
 27    9 2.47851e-01
 27   11 2.59491e-01
 27   13 2.66684e-01
 27   15 3.03910e-01
 27   17 3.96549e-01
 27   19 4.13987e-01
 27   21 5.19499e-01
 27   23 1.21613e+00
 27   25 3.73060e+00
 27   27 4.12816e+01
 27   29 3.74560e+00
 27   31 1.22378e+00
 27   33 4.73058e-01
 27   35 3.98844e-01
 27   37 4.33378e-01
 27   39 2.98847e-01
 27   41 2.55756e-01
 27   43 2.48824e-01
 27   45 1.99750e-01
 27   47 1.81779e-01
 27   49 1.73773e-01
 27   51 1.53950e-01
 27   53 1.48856e-01
 27   55 1.61882e-01
 27   57 1.37537e-01
 27   59 1.66724e-01
 27   61 1.64478e-01
 27   63 1.53509e-01
 27   65 1.51831e-01
 27   67 1.44172e-01
 27   69 1.47929e-01
 27   71 1.44964e-01
 27   73 1.51577e-01
 27   75 1.53261e-01
 27   77 1.43555e-01
 27   79 1.81394e-01
 27   81 1.43613e-01
 27   83 1.42603e-01
 27   85 1.39467e-01
 27   87 1.23997e-01
 27   89 1.50214e-01
 28    0 1.15649e-02
 28    2 5.93291e-02
 28    4 1.07442e-01
 28    6 1.71093e-01
 28    8 2.32124e-01
 28   10 2.35319e-01
 28   12 2.48891e-01
 28   14 2.56592e-01
 28   16 2.85776e-01
 28   18 3.89540e-01
 28   20 3.93392e-01
 28   22 5.09758e-01
 28   24 1.18718e+00
 28   26 3.60490e+00
 28   28 3.98351e+01
 28   30 3.57077e+00
 28   32 1.16338e+00
 28   34 4.56867e-01
 28   36 3.84741e-01
 28   38 4.14451e-01
 28   40 2.84458e-01
 28   42 2.57698e-01
 28   44 2.21575e-01
 28   46 2.09140e-01
 28   48 1.69925e-01
 28   50 1.65036e-01
 28   52 1.68621e-01
 28   54 1.42810e-01
 28   56 1.54312e-01
 28   58 1.33863e-01
 28   60 1.44246e-01
 28   62 1.36606e-01
 28   64 1.52101e-01
 28   66 1.32656e-01
 28   68 1.30703e-01
 28   70 1.28015e-01
 28   72 1.45667e-01
 28   74 1.47540e-01
 28   76 1.52187e-01
 28   78 1.24853e-01
 28   80 1.80745e-01
 28   82 1.46738e-01
 28   84 1.44451e-01
 28   86 1.37198e-01
 28   88 1.24823e-01
 28   90 1.27328e-01
 29    1 3.44906e-02
 29    3 8.38296e-02
 29    5 1.35581e-01
 29    7 1.97559e-01
 29    9 2.18356e-01
 29   11 2.22246e-01
 29   13 2.35122e-01
 29   15 2.43569e-01
 29   17 2.80430e-01
 29   19 3.78150e-01
 29   21 4.03382e-01
 29   23 4.85687e-01
 29   25 1.15655e+00
 29   27 3.49669e+00
 29   29 3.85123e+01
 29   31 3.45333e+00
 29   33 1.12367e+00
 29   35 4.33701e-01
 29   37 3.67104e-01
 29   39 3.88717e-01
 29   41 2.73022e-01
 29   43 2.23865e-01
 29   45 2.31922e-01
 29   47 1.94325e-01
 29   49 1.67366e-01
 29   51 1.58498e-01
 29   53 1.53149e-01
 29   55 1.50084e-01
 29   57 1.48648e-01
 29   59 1.36651e-01
 29   61 1.32639e-01
 29   63 1.50182e-01
 29   65 1.34258e-01
 29   67 1.29406e-01
 29   69 1.19513e-01
 29   71 1.41173e-01
 29   73 1.38708e-01
 29   75 1.52793e-01
 29   77 1.29831e-01
 29   79 1.61031e-01
 29   81 1.37320e-01
 29   83 1.49182e-01
 29   85 1.47200e-01
 29   87 1.17093e-01
 29   89 1.53322e-01
 30    0 1.01820e-02
 30    2 5.90518e-02
 30    4 1.06395e-01
 30    6 1.57453e-01
 30    8 2.05548e-01
 30   10 2.10119e-01
 30   12 2.16641e-01
 30   14 2.35924e-01
 30   16 2.37561e-01
 30   18 2.69333e-01
 30   20 3.79926e-01
 30   22 3.66941e-01
 30   24 4.77316e-01
 30   26 1.10894e+00
 30   28 3.34160e+00
 30   30 3.72429e+01
 30   32 3.33133e+00
 30   34 1.08671e+00
 30   36 4.22797e-01
 30   38 3.52340e-01
 30   40 3.77091e-01
 30   42 2.52331e-01
 30   44 2.18527e-01
 30   46 2.11121e-01
 30   48 1.90471e-01
 30   50 1.61545e-01
 30   52 1.52243e-01
 30   54 1.48593e-01
 30   56 1.53555e-01
 30   58 1.31078e-01
 30   60 1.37482e-01
 30   62 1.26172e-01
 30   64 1.28760e-01
 30   66 1.29310e-01
 30   68 1.23934e-01
 30   70 1.26836e-01
 30   72 1.38418e-01
 30   74 1.21730e-01
 30   76 1.41554e-01
 30   78 1.49472e-01
 30   80 1.59867e-01
 30   82 1.25646e-01
 30   84 1.44490e-01
 30   86 1.40724e-01
 30   88 1.08309e-01
 30   90 1.40549e-01
 31    1 3.21887e-02
 31    3 8.50647e-02
 31    5 1.29883e-01
 31    7 1.72219e-01
 31    9 2.01599e-01
 31   11 2.01571e-01
 31   13 2.09550e-01
 31   15 2.29699e-01
 31   17 2.24904e-01
 31   19 2.70644e-01
 31   21 3.70591e-01
 31   23 3.71597e-01
 31   25 4.46109e-01
 31   27 1.07157e+00
 31   29 3.23906e+00
 31   31 3.60991e+01
 31   33 3.22616e+00
 31   35 1.04579e+00
 31   37 3.88988e-01
 31   39 3.28820e-01
 31   41 3.55248e-01
 31   43 2.37260e-01
 31   45 2.00704e-01
 31   47 2.24652e-01
 31   49 1.86716e-01
 31   51 1.71960e-01
 31   53 1.40727e-01
 31   55 1.60219e-01
 31   57 1.36690e-01
 31   59 1.44745e-01
 31   61 1.34914e-01
 31   63 1.16695e-01
 31   65 1.34047e-01
 31   67 1.25362e-01
 31   69 1.44173e-01
 31   71 1.08726e-01
 31   73 1.22029e-01
 31   75 1.42065e-01
 31   77 1.56118e-01
 31   79 1.48226e-01
 31   81 1.11251e-01
 31   83 1.55722e-01
 31   85 1.42697e-01
 31   87 1.05871e-01
 31   89 1.54688e-01
 32    0 1.13226e-02
 32    2 5.32016e-02
 32    4 9.81050e-02
 32    6 1.36846e-01
 32    8 1.88927e-01
 32   10 1.77681e-01
 32   12 1.80906e-01
 32   14 1.98857e-01
 32   16 2.25928e-01
 32   18 2.27563e-01
 32   20 2.72184e-01
 32   22 3.75042e-01
 32   24 3.54769e-01
 32   26 4.28947e-01
 32   28 1.02334e+00
 32   30 3.13131e+00
 32   32 3.49570e+01
 32   34 3.11730e+00
 32   36 1.02103e+00
 32   38 3.73363e-01
 32   40 3.13133e-01
 32   42 3.40896e-01
 32   44 2.32752e-01
 32   46 1.98538e-01
 32   48 2.09419e-01
 32   50 1.97100e-01
 32   52 1.51167e-01
 32   54 1.41014e-01
 32   56 1.28621e-01
 32   58 1.33805e-01
 32   60 1.22298e-01
 32   62 1.29506e-01
 32   64 1.32282e-01
 32   66 1.27601e-01
 32   68 1.22806e-01
 32   70 1.29813e-01
 32   72 1.25394e-01
 32   74 1.15066e-01
 32   76 1.37705e-01
 32   78 1.23549e-01
 32   80 1.51617e-01
 32   82 1.21225e-01
 32   84 1.50948e-01
 32   86 1.28629e-01
 32   88 1.03028e-01
 32   90 1.39004e-01
 33    1 2.94656e-02
 33    3 6.73042e-02
 33    5 1.10904e-01
 33    7 1.54969e-01
 33    9 1.80454e-01
 33   11 1.74979e-01
 33   13 1.77739e-01
 33   15 1.92895e-01
 33   17 2.23408e-01
 33   19 2.22308e-01
 33   21 2.65511e-01
 33   23 3.56002e-01
 33   25 3.53061e-01
 33   27 3.90132e-01
 33   29 9.92663e-01
 33   31 3.03855e+00
 33   33 3.39586e+01
 33   35 3.02576e+00
 33   37 9.76580e-01
 33   39 3.53191e-01
 33   41 3.17138e-01
 33   43 3.39195e-01
 33   45 2.28306e-01
 33   47 2.10185e-01
 33   49 2.11952e-01
 33   51 1.85482e-01
 33   53 1.42450e-01
 33   55 1.43568e-01
 33   57 1.32921e-01
 33   59 1.26593e-01
 33   61 1.33324e-01
 33   63 1.19544e-01
 33   65 1.26739e-01
 33   67 1.12419e-01
 33   69 1.28640e-01
 33   71 1.15590e-01
 33   73 1.23483e-01
 33   75 1.16928e-01
 33   77 1.03490e-01
 33   79 1.71348e-01
 33   81 1.09266e-01
 33   83 1.47634e-01
 33   85 1.45040e-01
 33   87 1.11625e-01
 33   89 1.37530e-01
 34    0 9.18302e-03
 34    2 4.71234e-02
 34    4 8.39812e-02
 34    6 1.32366e-01
 34    8 1.70638e-01
 34   10 1.74171e-01
 34   12 1.68233e-01
 34   14 1.63299e-01
 34   16 1.84718e-01
 34   18 2.04086e-01
 34   20 2.24731e-01
 34   22 2.53180e-01
 34   24 3.46604e-01
 34   26 3.19958e-01
 34   28 3.79220e-01
 34   30 9.63884e-01
 34   32 2.94158e+00
 34   34 3.29812e+01
 34   36 2.91923e+00
 34   38 9.39942e-01
 34   40 3.39400e-01
 34   42 2.90695e-01
 34   44 3.24323e-01
 34   46 2.32337e-01
 34   48 1.97611e-01
 34   50 1.99594e-01
 34   52 1.75533e-01
 34   54 1.42960e-01
 34   56 1.28194e-01
 34   58 1.21003e-01
 34   60 1.28284e-01
 34   62 1.26103e-01
 34   64 1.19569e-01
 34   66 1.24830e-01
 34   68 1.19276e-01
 34   70 1.24910e-01
 34   72 1.05553e-01
 34   74 1.10504e-01
 34   76 1.12176e-01
 34   78 1.16455e-01
 34   80 1.49663e-01
 34   82 1.01637e-01
 34   84 1.41648e-01
 34   86 1.51228e-01
 34   88 1.10055e-01
 34   90 1.36071e-01
 35    1 2.72398e-02
 35    3 6.12215e-02
 35    5 9.60561e-02
 35    7 1.40500e-01
 35    9 1.63767e-01
 35   11 1.74127e-01
 35   13 1.67432e-01
 35   15 1.74027e-01
 35   17 1.91525e-01
 35   19 2.05327e-01
 35   21 2.12957e-01
 35   23 2.52681e-01
 35   25 3.36696e-01
 35   27 3.10940e-01
 35   29 3.62183e-01
 35   31 9.31110e-01
 35   33 2.86029e+00
 35   35 3.20500e+01
 35   37 2.82792e+00
 35   39 9.04011e-01
 35   41 3.27129e-01
 35   43 3.08409e-01
 35   45 3.27016e-01
 35   47 2.25539e-01
 35   49 1.93888e-01
 35   51 1.95066e-01
 35   53 1.62782e-01
 35   55 1.45142e-01
 35   57 1.34796e-01
 35   59 1.24312e-01
 35   61 1.25868e-01
 35   63 1.40518e-01
 35   65 1.09679e-01
 35   67 1.08831e-01
 35   69 1.14178e-01
 35   71 1.06957e-01
 35   73 1.09875e-01
 35   75 1.24978e-01
 35   77 9.44916e-02
 35   79 1.58443e-01
 35   81 1.09342e-01
 35   83 1.52198e-01
 35   85 1.34620e-01
 35   87 1.18554e-01
 35   89 1.18775e-01
 36    0 1.09639e-02
 36    2 4.50026e-02
 36    4 7.76175e-02
 36    6 1.12266e-01
 36    8 1.50337e-01
 36   10 1.48832e-01
 36   12 1.60655e-01
 36   14 1.61368e-01
 36   16 1.66426e-01
 36   18 1.97993e-01
 36   20 2.04304e-01
 36   22 1.98826e-01
 36   24 2.25585e-01
 36   26 3.33406e-01
 36   28 3.02399e-01
 36   30 3.55100e-01
 36   32 9.12328e-01
 36   34 2.76425e+00
 36   36 3.11749e+01
 36   38 2.74078e+00
 36   40 8.90733e-01
 36   42 3.19832e-01
 36   44 2.86200e-01
 36   46 3.10005e-01
 36   48 2.14919e-01
 36   50 1.87755e-01
 36   52 1.81543e-01
 36   54 1.60425e-01
 36   56 1.28646e-01
 36   58 1.30899e-01
 36   60 1.09513e-01
 36   62 1.28688e-01
 36   64 1.17827e-01
 36   66 1.21462e-01
 36   68 1.07911e-01
 36   70 1.11390e-01
 36   72 1.02792e-01
 36   74 1.05961e-01
 36   76 1.06315e-01
 36   78 9.83037e-02
 36   80 1.60294e-01
 36   82 1.04111e-01
 36   84 1.40098e-01
 36   86 1.32488e-01
 36   88 1.09675e-01
 36   90 1.22685e-01
 37    1 2.48632e-02
 37    3 5.89778e-02
 37    5 8.57580e-02
 37    7 1.20612e-01
 37    9 1.50106e-01
 37   11 1.66008e-01
 37   13 1.56651e-01
 37   15 1.63883e-01
 37   17 1.74415e-01
 37   19 1.86538e-01
 37   21 1.94271e-01
 37   23 1.86007e-01
 37   25 2.20551e-01
 37   27 3.20437e-01
 37   29 2.90756e-01
 37   31 3.28470e-01
 37   33 8.75562e-01
 37   35 2.68206e+00
 37   37 3.03665e+01
 37   39 2.68153e+00
 37   41 8.58313e-01
 37   43 3.18176e-01
 37   45 2.73943e-01
 37   47 3.13695e-01
 37   49 2.01887e-01
 37   51 1.73841e-01
 37   53 1.77720e-01
 37   55 1.57963e-01
 37   57 1.27744e-01
 37   59 1.30614e-01
 37   61 1.17319e-01
 37   63 1.31131e-01
 37   65 1.26908e-01
 37   67 1.19752e-01
 37   69 1.07442e-01
 37   71 1.20896e-01
 37   73 1.06098e-01
 37   75 1.13844e-01
 37   77 1.00019e-01
 37   79 1.57557e-01
 37   81 1.20792e-01
 37   83 1.39453e-01
 37   85 1.07136e-01
 37   87 9.18822e-02
 37   89 1.32681e-01
 38    0 7.24407e-03
 38    2 4.11857e-02
 38    4 7.41471e-02
 38    6 1.11655e-01
 38    8 1.44192e-01
 38   10 1.45555e-01
 38   12 1.51622e-01
 38   14 1.53628e-01
 38   16 1.56724e-01
 38   18 1.58512e-01
 38   20 1.72096e-01
 38   22 1.80211e-01
 38   24 1.84568e-01
 38   26 2.19553e-01
 38   28 3.09417e-01
 38   30 2.81087e-01
 38   32 3.16885e-01
 38   34 8.45416e-01
 38   36 2.60337e+00
 38   38 2.96045e+01
 38   40 2.58444e+00
 38   42 8.37874e-01
 38   44 3.00875e-01
 38   46 2.70729e-01
 38   48 3.04240e-01
 38   50 1.98242e-01
 38   52 1.57134e-01
 38   54 1.71510e-01
 38   56 1.55789e-01
 38   58 1.22333e-01
 38   60 1.21126e-01
 38   62 1.11096e-01
 38   64 1.26316e-01
 38   66 1.06435e-01
 38   68 1.23776e-01
 38   70 1.00086e-01
 38   72 1.04962e-01
 38   74 1.14106e-01
 38   76 1.31944e-01
 38   78 9.28132e-02
 38   80 1.49123e-01
 38   82 1.18219e-01
 38   84 1.30554e-01
 38   86 1.12220e-01
 38   88 9.59770e-02
 38   90 1.19484e-01
 39    1 2.05385e-02
 39    3 5.15997e-02
 39    5 8.81305e-02
 39    7 1.21181e-01
 39    9 1.40185e-01
 39   11 1.45515e-01
 39   13 1.56244e-01
 39   15 1.44954e-01
 39   17 1.50498e-01
 39   19 1.55820e-01
 39   21 1.64489e-01
 39   23 1.85255e-01
 39   25 1.80831e-01
 39   27 2.10189e-01
 39   29 2.92860e-01
 39   31 2.64121e-01
 39   33 3.01214e-01
 39   35 8.15570e-01
 39   37 2.55075e+00
 39   39 2.88732e+01
 39   41 2.52078e+00
 39   43 8.11865e-01
 39   45 2.96607e-01
 39   47 2.66115e-01
 39   49 3.05184e-01
 39   51 1.92986e-01
 39   53 1.73921e-01
 39   55 1.76307e-01
 39   57 1.61750e-01
 39   59 1.13545e-01
 39   61 1.19388e-01
 39   63 1.16848e-01
 39   65 1.21434e-01
 39   67 1.20815e-01
 39   69 1.05343e-01
 39   71 1.09033e-01
 39   73 1.05664e-01
 39   75 1.18993e-01
 39   77 1.04482e-01
 39   79 1.42661e-01
 39   81 1.06546e-01
 39   83 1.15475e-01
 39   85 1.23922e-01
 39   87 9.76520e-02
 39   89 1.10747e-01
 40    0 7.09370e-03
 40    2 3.48539e-02
 40    4 7.05339e-02
 40    6 9.49732e-02
 40    8 1.32970e-01
 40   10 1.39228e-01
 40   12 1.43428e-01
 40   14 1.46241e-01
 40   16 1.47678e-01
 40   18 1.38041e-01
 40   20 1.39232e-01
 40   22 1.64887e-01
 40   24 1.64529e-01
 40   26 1.76522e-01
 40   28 2.02288e-01
 40   30 2.86553e-01
 40   32 2.53151e-01
 40   34 2.90778e-01
 40   36 8.05913e-01
 40   38 2.46176e+00
 40   40 2.81649e+01
 40   42 2.44869e+00
 40   44 7.95807e-01
 40   46 2.90917e-01
 40   48 2.54222e-01
 40   50 2.92855e-01
 40   52 1.91946e-01
 40   54 1.69334e-01
 40   56 1.71833e-01
 40   58 1.60365e-01
 40   60 1.11347e-01
 40   62 1.13078e-01
 40   64 1.19634e-01
 40   66 1.13620e-01
 40   68 1.14092e-01
 40   70 1.13207e-01
 40   72 1.15568e-01
 40   74 9.57878e-02
 40   76 1.01636e-01
 40   78 1.17983e-01
 40   80 1.30597e-01
 40   82 9.79940e-02
 40   84 1.13088e-01
 40   86 1.13232e-01
 40   88 8.98540e-02
 40   90 1.10343e-01
 41    1 1.98997e-02
 41    3 4.84317e-02
 41    5 7.63322e-02
 41    7 1.07412e-01
 41    9 1.34563e-01
 41   11 1.34159e-01
 41   13 1.42239e-01
 41   15 1.44837e-01
 41   17 1.32999e-01
 41   19 1.30963e-01
 41   21 1.49639e-01
 41   23 1.47017e-01
 41   25 1.66862e-01
 41   27 1.71567e-01
 41   29 1.96187e-01
 41   31 2.72159e-01
 41   33 2.57964e-01
 41   35 2.81484e-01
 41   37 7.78713e-01
 41   39 2.40426e+00
 41   41 2.74856e+01
 41   43 2.39133e+00
 41   45 7.67984e-01
 41   47 2.81766e-01
 41   49 2.49525e-01
 41   51 2.97101e-01
 41   53 1.91496e-01
 41   55 1.79818e-01
 41   57 1.52888e-01
 41   59 1.36912e-01
 41   61 1.33449e-01
 41   63 1.25601e-01
 41   65 1.22622e-01
 41   67 1.10960e-01
 41   69 1.16752e-01
 41   71 1.08180e-01
 41   73 1.00070e-01
 41   75 1.06488e-01
 41   77 1.34407e-01
 41   79 1.23568e-01
 41   81 8.92810e-02
 41   83 1.13779e-01
 41   85 1.01250e-01
 41   87 9.79150e-02
 41   89 1.13311e-01
 42    0 6.15057e-03
 42    2 3.34566e-02
 42    4 5.86087e-02
 42    6 8.97977e-02
 42    8 1.25071e-01
 42   10 1.31948e-01
 42   12 1.28388e-01
 42   14 1.34568e-01
 42   16 1.34923e-01
 42   18 1.32728e-01
 42   20 1.30015e-01
 42   22 1.33248e-01
 42   24 1.47813e-01
 42   26 1.62131e-01
 42   28 1.75004e-01
 42   30 1.83112e-01
 42   32 2.63183e-01
 42   34 2.37834e-01
 42   36 2.76343e-01
 42   38 7.62158e-01
 42   40 2.33841e+00
 42   42 2.68829e+01
 42   44 2.31913e+00
 42   46 7.53238e-01
 42   48 2.65270e-01
 42   50 2.55254e-01
 42   52 2.66907e-01
 42   54 2.00087e-01
 42   56 1.68142e-01
 42   58 1.49470e-01
 42   60 1.35556e-01
 42   62 1.24295e-01
 42   64 1.21294e-01
 42   66 1.12281e-01
 42   68 1.16217e-01
 42   70 1.08859e-01
 42   72 1.09147e-01
 42   74 9.87484e-02
 42   76 1.03760e-01
 42   78 1.06129e-01
 42   80 1.07150e-01
 42   82 9.82297e-02
 42   84 1.14834e-01
 42   86 1.11186e-01
 42   88 1.01190e-01
 42   90 1.00905e-01
 43    1 2.03428e-02
 43    3 5.08626e-02
 43    5 7.97987e-02
 43    7 1.12820e-01
 43    9 1.33932e-01
 43   11 1.28224e-01
 43   13 1.20322e-01
 43   15 1.24794e-01
 43   17 1.30083e-01
 43   19 1.18123e-01
 43   21 1.21599e-01
 43   23 1.36467e-01
 43   25 1.37574e-01
 43   27 1.59589e-01
 43   29 1.53801e-01
 43   31 1.73787e-01
 43   33 2.63792e-01
 43   35 2.53725e-01
 43   37 2.75995e-01
 43   39 7.40342e-01
 43   41 2.28634e+00
 43   43 2.62586e+01
 43   45 2.26630e+00
 43   47 7.27551e-01
 43   49 2.72199e-01
 43   51 2.54627e-01
 43   53 2.78390e-01
 43   55 1.80186e-01
 43   57 1.49828e-01
 43   59 1.50792e-01
 43   61 1.38621e-01
 43   63 1.23007e-01
 43   65 1.19522e-01
 43   67 1.15730e-01
 43   69 1.00986e-01
 43   71 1.14436e-01
 43   73 1.00314e-01
 43   75 1.06648e-01
 43   77 1.00906e-01
 43   79 1.24961e-01
 43   81 9.37955e-02
 43   83 1.19455e-01
 43   85 8.94840e-02
 43   87 8.49835e-02
 43   89 1.09262e-01
 44    0 7.19448e-03
 44    2 3.44686e-02
 44    4 6.29717e-02
 44    6 8.85465e-02
 44    8 1.20702e-01
 44   10 1.35548e-01
 44   12 1.27933e-01
 44   14 1.15033e-01
 44   16 1.11302e-01
 44   18 1.11688e-01
 44   20 1.15154e-01
 44   22 1.21838e-01
 44   24 1.23716e-01
 44   26 1.34699e-01
 44   28 1.44030e-01
 44   30 1.51791e-01
 44   32 1.71999e-01
 44   34 2.53986e-01
 44   36 2.36697e-01
 44   38 2.61968e-01
 44   40 7.27428e-01
 44   42 2.21983e+00
 44   44 2.57220e+01
 44   46 2.19988e+00
 44   48 7.07567e-01
 44   50 2.57970e-01
 44   52 2.49761e-01
 44   54 2.73335e-01
 44   56 1.87275e-01
 44   58 1.54630e-01
 44   60 1.43027e-01
 44   62 1.32833e-01
 44   64 1.26400e-01
 44   66 1.05259e-01
 44   68 1.23878e-01
 44   70 1.00623e-01
 44   72 1.16857e-01
 44   74 8.74517e-02
 44   76 9.79830e-02
 44   78 9.60489e-02
 44   80 1.29988e-01
 44   82 9.27041e-02
 44   84 1.15148e-01
 44   86 8.41496e-02
 44   88 8.51825e-02
 44   90 1.04788e-01
 45    1 2.16921e-02
 45    3 5.17620e-02
 45    5 7.71300e-02
 45    7 1.10289e-01
 45    9 1.29222e-01
 45   11 1.36874e-01
 45   13 1.16116e-01
 45   15 1.02570e-01
 45   17 1.00722e-01
 45   19 1.15355e-01
 45   21 1.09997e-01
 45   23 1.16410e-01
 45   25 1.16908e-01
 45   27 1.22762e-01
 45   29 1.52681e-01
 45   31 1.40869e-01
 45   33 1.70137e-01
 45   35 2.57794e-01
 45   37 2.27700e-01
 45   39 2.59178e-01
 45   41 7.03595e-01
 45   43 2.17163e+00
 45   45 2.51989e+01
 45   47 2.15536e+00
 45   49 7.03878e-01
 45   51 2.59238e-01
 45   53 2.49503e-01
 45   55 2.75252e-01
 45   57 1.75973e-01
 45   59 1.41615e-01
 45   61 1.54074e-01
 45   63 1.48340e-01
 45   65 1.09086e-01
 45   67 1.19031e-01
 45   69 1.06355e-01
 45   71 1.08851e-01
 45   73 9.27912e-02
 45   75 1.03094e-01
 45   77 9.16225e-02
 45   79 1.32389e-01
 45   81 8.74998e-02
 45   83 1.02049e-01
 45   85 9.80389e-02
 45   87 8.82940e-02
 45   89 9.94783e-02
 46    0 6.42297e-03
 46    2 3.21657e-02
 46    4 6.05715e-02
 46    6 8.71983e-02
 46    8 1.19357e-01
 46   10 1.23491e-01
 46   12 1.23937e-01
 46   14 1.04847e-01
 46   16 1.02780e-01
 46   18 1.14673e-01
 46   20 1.03458e-01
 46   22 1.13783e-01
 46   24 1.11600e-01
 46   26 1.03508e-01
 46   28 1.30404e-01
 46   30 1.40667e-01
 46   32 1.40734e-01
 46   34 1.74530e-01
 46   36 2.45930e-01
 46   38 2.26109e-01
 46   40 2.55077e-01
 46   42 6.91589e-01
 46   44 2.11017e+00
 46   46 2.46270e+01
 46   48 2.10336e+00
 46   50 6.88239e-01
 46   52 2.59898e-01
 46   54 2.37339e-01
 46   56 2.51507e-01
 46   58 1.81283e-01
 46   60 1.37216e-01
 46   62 1.47230e-01
 46   64 1.31318e-01
 46   66 1.09855e-01
 46   68 1.17213e-01
 46   70 1.03366e-01
 46   72 1.05765e-01
 46   74 9.07603e-02
 46   76 9.94400e-02
 46   78 9.70573e-02
 46   80 1.19792e-01
 46   82 8.43752e-02
 46   84 1.04610e-01
 46   86 9.97482e-02
 46   88 8.42845e-02
 46   90 9.24053e-02
 47    1 2.08687e-02
 47    3 4.59693e-02
 47    5 8.02185e-02
 47    7 1.05755e-01
 47    9 1.17406e-01
 47   11 1.13052e-01
 47   13 1.05668e-01
 47   15 9.06551e-02
 47   17 9.15797e-02
 47   19 1.00888e-01
 47   21 9.99869e-02
 47   23 1.00750e-01
 47   25 1.00897e-01
 47   27 1.07269e-01
 47   29 1.22836e-01
 47   31 1.51400e-01
 47   33 1.50396e-01
 47   35 1.70718e-01
 47   37 2.50360e-01
 47   39 2.23275e-01
 47   41 2.47864e-01
 47   43 6.69401e-01
 47   45 2.06954e+00
 47   47 2.41880e+01
 47   49 2.06878e+00
 47   51 6.74911e-01
 47   53 2.43960e-01
 47   55 2.15671e-01
 47   57 2.52920e-01
 47   59 1.68771e-01
 47   61 1.41424e-01
 47   63 1.53596e-01
 47   65 1.37085e-01
 47   67 1.18276e-01
 47   69 1.14163e-01
 47   71 1.12229e-01
 47   73 9.16540e-02
 47   75 9.95911e-02
 47   77 9.46863e-02
 47   79 1.10515e-01
 47   81 9.44593e-02
 47   83 1.06722e-01
 47   85 9.96700e-02
 47   87 9.51804e-02
 47   89 8.84853e-02
 48    0 7.13341e-03
 48    2 3.19484e-02
 48    4 6.22444e-02
 48    6 9.24873e-02
 48    8 1.14530e-01
 48   10 1.10150e-01
 48   12 1.05072e-01
 48   14 9.97412e-02
 48   16 9.03580e-02
 48   18 9.21580e-02
 48   20 9.40574e-02
 48   22 9.05572e-02
 48   24 9.35773e-02
 48   26 9.82628e-02
 48   28 1.01832e-01
 48   30 1.21973e-01
 48   32 1.42673e-01
 48   34 1.42671e-01
 48   36 1.63867e-01
 48   38 2.44214e-01
 48   40 2.14233e-01
 48   42 2.34087e-01
 48   44 6.52319e-01
 48   46 2.02155e+00
 48   48 2.36645e+01
 48   50 2.01656e+00
 48   52 6.54616e-01
 48   54 2.42962e-01
 48   56 2.15344e-01
 48   58 2.45622e-01
 48   60 1.64238e-01
 48   62 1.33590e-01
 48   64 1.50671e-01
 48   66 1.40800e-01
 48   68 1.23709e-01
 48   70 9.78101e-02
 48   72 1.05132e-01
 48   74 8.05263e-02
 48   76 1.06969e-01
 48   78 9.40207e-02
 48   80 1.18226e-01
 48   82 9.30761e-02
 48   84 9.48894e-02
 48   86 9.78765e-02
 48   88 8.34361e-02
 48   90 1.02360e-01
 49    1 2.13744e-02
 49    3 4.96800e-02
 49    5 7.69566e-02
 49    7 1.02820e-01
 49    9 1.11360e-01
 49   11 1.06896e-01
 49   13 9.85432e-02
 49   15 8.64890e-02
 49   17 8.59923e-02
 49   19 8.31517e-02
 49   21 8.59038e-02
 49   23 8.60998e-02
 49   25 8.77200e-02
 49   27 9.86476e-02
 49   29 1.01774e-01
 49   31 1.21051e-01
 49   33 1.45897e-01
 49   35 1.41183e-01
 49   37 1.55002e-01
 49   39 2.46324e-01
 49   41 2.11160e-01
 49   43 2.40925e-01
 49   45 6.50167e-01
 49   47 1.99015e+00
 49   49 2.32624e+01
 49   51 1.95843e+00
 49   53 6.40789e-01
 49   55 2.30619e-01
 49   57 2.12531e-01
 49   59 2.31685e-01
 49   61 1.73194e-01
 49   63 1.44767e-01
 49   65 1.64430e-01
 49   67 1.28727e-01
 49   69 1.03496e-01
 49   71 1.05385e-01
 49   73 9.47081e-02
 49   75 1.04548e-01
 49   77 9.64315e-02
 49   79 1.01291e-01
 49   81 9.67697e-02
 49   83 1.01657e-01
 49   85 8.79581e-02
 49   87 8.01812e-02
 49   89 1.08957e-01
 50    0 7.38453e-03
 50    2 3.37264e-02
 50    4 5.98944e-02
 50    6 8.33689e-02
 50    8 1.05894e-01
 50   10 1.04350e-01
 50   12 9.61881e-02
 50   14 9.46485e-02
 50   16 8.20553e-02
 50   18 8.76261e-02
 50   20 7.90268e-02
 50   22 7.87805e-02
 50   24 7.84436e-02
 50   26 9.44967e-02
 50   28 9.52276e-02
 50   30 9.96061e-02
 50   32 1.29291e-01
 50   34 1.38749e-01
 50   36 1.37837e-01
 50   38 1.53217e-01
 50   40 2.37621e-01
 50   42 2.16880e-01
 50   44 2.28992e-01
 50   46 6.36897e-01
 50   48 1.94165e+00
 50   50 2.28272e+01
 50   52 1.91104e+00
 50   54 6.21154e-01
 50   56 2.28775e-01
 50   58 2.05326e-01
 50   60 2.27269e-01
 50   62 1.67771e-01
 50   64 1.48774e-01
 50   66 1.49000e-01
 50   68 1.27535e-01
 50   70 1.10391e-01
 50   72 9.68356e-02
 50   74 9.64017e-02
 50   76 9.59819e-02
 50   78 1.00383e-01
 50   80 9.34031e-02
 50   82 9.49096e-02
 50   84 9.93430e-02
 50   86 8.55314e-02
 50   88 9.15060e-02
 50   90 9.12934e-02
 51    1 2.05569e-02
 51    3 4.76602e-02
 51    5 7.22153e-02
 51    7 9.41502e-02
 51    9 1.06641e-01
 51   11 1.00767e-01
 51   13 9.24515e-02
 51   15 8.13087e-02
 51   17 8.34125e-02
 51   19 7.82010e-02
 51   21 7.04999e-02
 51   23 7.52795e-02
 51   25 7.79381e-02
 51   27 8.42200e-02
 51   29 9.28803e-02
 51   31 1.07435e-01
 51   33 1.23038e-01
 51   35 1.36881e-01
 51   37 1.28620e-01
 51   39 1.50107e-01
 51   41 2.42288e-01
 51   43 2.17185e-01
 51   45 2.30757e-01
 51   47 6.25675e-01
 51   49 1.88728e+00
 51   51 2.23897e+01
 51   53 1.86915e+00
 51   55 6.15387e-01
 51   57 2.17639e-01
 51   59 2.08327e-01
 51   61 2.32494e-01
 51   63 1.71397e-01
 51   65 1.48545e-01
 51   67 1.38939e-01
 51   69 1.22207e-01
 51   71 1.07942e-01
 51   73 1.00536e-01
 51   75 1.03999e-01
 51   77 9.89381e-02
 51   79 1.08674e-01
 51   81 8.02400e-02
 51   83 9.63080e-02
 51   85 9.49998e-02
 51   87 9.03122e-02
 51   89 9.72629e-02
 52    0 6.78671e-03
 52    2 3.69579e-02
 52    4 6.25552e-02
 52    6 8.46073e-02
 52    8 1.04342e-01
 52   10 1.00863e-01
 52   12 9.05304e-02
 52   14 8.47297e-02
 52   16 8.18056e-02
 52   18 7.14711e-02
 52   20 6.56545e-02
 52   22 6.53526e-02
 52   24 7.90509e-02
 52   26 7.42083e-02
 52   28 9.38388e-02
 52   30 9.05353e-02
 52   32 9.56375e-02
 52   34 1.17687e-01
 52   36 1.28541e-01
 52   38 1.17131e-01
 52   40 1.50210e-01
 52   42 2.18723e-01
 52   44 2.13827e-01
 52   46 2.31964e-01
 52   48 6.07901e-01
 52   50 1.84313e+00
 52   52 2.20240e+01
 52   54 1.81973e+00
 52   56 6.04737e-01
 52   58 2.13850e-01
 52   60 2.09635e-01
 52   62 2.28028e-01
 52   64 1.72422e-01
 52   66 1.46635e-01
 52   68 1.30927e-01
 52   70 1.16392e-01
 52   72 1.13516e-01
 52   74 1.02528e-01
 52   76 1.04404e-01
 52   78 1.00873e-01
 52   80 9.77939e-02
 52   82 8.80552e-02
 52   84 9.70257e-02
 52   86 9.72982e-02
 52   88 7.68340e-02
 52   90 1.05948e-01
 53    1 2.00476e-02
 53    3 4.55950e-02
 53    5 6.69784e-02
 53    7 9.19985e-02
 53    9 1.02022e-01
 53   11 1.00011e-01
 53   13 8.85399e-02
 53   15 8.09506e-02
 53   17 7.30953e-02
 53   19 7.65449e-02
 53   21 7.42015e-02
 53   23 7.15392e-02
 53   25 7.87104e-02
 53   27 7.86022e-02
 53   29 8.66256e-02
 53   31 8.48649e-02
 53   33 9.12084e-02
 53   35 1.10256e-01
 53   37 1.26920e-01
 53   39 1.30575e-01
 53   41 1.50737e-01
 53   43 2.29198e-01
 53   45 2.14371e-01
 53   47 2.18300e-01
 53   49 5.96044e-01
 53   51 1.80417e+00
 53   53 2.16408e+01
 53   55 1.79688e+00
 53   57 6.00995e-01
 53   59 2.21690e-01
 53   61 2.10636e-01
 53   63 2.26697e-01
 53   65 1.60374e-01
 53   67 1.36145e-01
 53   69 1.44419e-01
 53   71 1.17808e-01
 53   73 8.59427e-02
 53   75 9.22099e-02
 53   77 1.13878e-01
 53   79 1.11067e-01
 53   81 8.10016e-02
 53   83 7.66189e-02
 53   85 1.02098e-01
 53   87 8.31487e-02
 53   89 8.78567e-02
 54    0 6.78305e-03
 54    2 3.12707e-02
 54    4 5.35831e-02
 54    6 7.16280e-02
 54    8 9.47453e-02
 54   10 9.48226e-02
 54   12 9.30991e-02
 54   14 7.84704e-02
 54   16 7.25204e-02
 54   18 7.29845e-02
 54   20 6.87238e-02
 54   22 7.45229e-02
 54   24 7.24248e-02
 54   26 7.77285e-02
 54   28 7.67711e-02
 54   30 8.53580e-02
 54   32 8.61788e-02
 54   34 9.25872e-02
 54   36 1.09724e-01
 54   38 1.23497e-01
 54   40 1.28006e-01
 54   42 1.58387e-01
 54   44 2.26048e-01
 54   46 2.04623e-01
 54   48 2.17948e-01
 54   50 5.78701e-01
 54   52 1.75782e+00
 54   54 2.12438e+01
 54   56 1.74537e+00
 54   58 5.94325e-01
 54   60 2.18425e-01
 54   62 2.05728e-01
 54   64 2.18578e-01
 54   66 1.53010e-01
 54   68 1.34019e-01
 54   70 1.34660e-01
 54   72 1.23749e-01
 54   74 8.74221e-02
 54   76 9.21986e-02
 54   78 9.64958e-02
 54   80 1.14649e-01
 54   82 7.71555e-02
 54   84 8.40012e-02
 54   86 9.50832e-02
 54   88 8.80243e-02
 54   90 8.11446e-02
 55    1 1.56570e-02
 55    3 3.76451e-02
 55    5 5.68636e-02
 55    7 8.10565e-02
 55    9 9.16219e-02
 55   11 8.78184e-02
 55   13 8.40181e-02
 55   15 8.05663e-02
 55   17 7.79489e-02
 55   19 7.65811e-02
 55   21 7.52753e-02
 55   23 7.06771e-02
 55   25 7.67135e-02
 55   27 8.26335e-02
 55   29 8.20644e-02
 55   31 9.34017e-02
 55   33 8.88622e-02
 55   35 9.50338e-02
 55   37 1.09053e-01
 55   39 1.27957e-01
 55   41 1.36831e-01
 55   43 1.43407e-01
 55   45 2.28618e-01
 55   47 1.86559e-01
 55   49 2.07370e-01
 55   51 5.74210e-01
 55   53 1.73703e+00
 55   55 2.09357e+01
 55   57 1.72270e+00
 55   59 5.76164e-01
 55   61 2.09057e-01
 55   63 1.97610e-01
 55   65 2.12610e-01
 55   67 1.46107e-01
 55   69 1.23444e-01
 55   71 1.36274e-01
 55   73 1.04215e-01
 55   75 9.58318e-02
 55   77 8.95803e-02
 55   79 1.08157e-01
 55   81 9.09023e-02
 55   83 9.66772e-02
 55   85 8.02738e-02
 55   87 8.42710e-02
 55   89 8.27730e-02
 56    0 5.57613e-03
 56    2 2.83812e-02
 56    4 4.95708e-02
 56    6 7.33863e-02
 56    8 9.00840e-02
 56   10 9.10781e-02
 56   12 8.56683e-02
 56   14 7.70928e-02
 56   16 7.09880e-02
 56   18 7.82699e-02
 56   20 7.43424e-02
 56   22 7.03115e-02
 56   24 8.13096e-02
 56   26 7.20928e-02
 56   28 8.02488e-02
 56   30 8.53318e-02
 56   32 7.60415e-02
 56   34 8.03166e-02
 56   36 8.51186e-02
 56   38 1.08518e-01
 56   40 1.25659e-01
 56   42 1.28759e-01
 56   44 1.49826e-01
 56   46 2.09766e-01
 56   48 1.86873e-01
 56   50 2.06188e-01
 56   52 5.65111e-01
 56   54 1.68845e+00
 56   56 2.05622e+01
 56   58 1.68081e+00
 56   60 5.65479e-01
 56   62 2.02726e-01
 56   64 1.97275e-01
 56   66 1.99217e-01
 56   68 1.44924e-01
 56   70 1.17969e-01
 56   72 1.33572e-01
 56   74 1.05020e-01
 56   76 9.49335e-02
 56   78 9.45643e-02
 56   80 1.01985e-01
 56   82 8.64227e-02
 56   84 8.42045e-02
 56   86 8.00409e-02
 56   88 8.41042e-02
 56   90 7.75616e-02
 57    1 1.70784e-02
 57    3 3.75291e-02
 57    5 6.23465e-02
 57    7 7.81306e-02
 57    9 9.48042e-02
 57   11 9.31657e-02
 57   13 8.40275e-02
 57   15 7.50592e-02
 57   17 7.38469e-02
 57   19 8.07489e-02
 57   21 8.46991e-02
 57   23 8.38357e-02
 57   25 7.63345e-02
 57   27 6.79641e-02
 57   29 7.86833e-02
 57   31 7.71401e-02
 57   33 7.96448e-02
 57   35 8.54403e-02
 57   37 8.53734e-02
 57   39 1.13643e-01
 57   41 1.12623e-01
 57   43 1.15436e-01
 57   45 1.41491e-01
 57   47 2.11792e-01
 57   49 1.85002e-01
 57   51 1.96589e-01
 57   53 5.62422e-01
 57   55 1.66768e+00
 57   57 2.02592e+01
 57   59 1.63926e+00
 57   61 5.50261e-01
 57   63 2.08106e-01
 57   65 1.88905e-01
 57   67 1.96624e-01
 57   69 1.38948e-01
 57   71 1.16357e-01
 57   73 1.32642e-01
 57   75 1.18679e-01
 57   77 8.62104e-02
 57   79 7.71038e-02
 57   81 8.63478e-02
 57   83 9.64574e-02
 57   85 7.80161e-02
 57   87 8.33215e-02
 57   89 9.56395e-02
 58    0 4.37444e-03
 58    2 2.17394e-02
 58    4 4.56316e-02
 58    6 6.51454e-02
 58    8 8.55060e-02
 58   10 9.28805e-02
 58   12 8.26809e-02
 58   14 8.30000e-02
 58   16 7.34355e-02
 58   18 7.51896e-02
 58   20 7.14307e-02
 58   22 7.81914e-02
 58   24 7.62059e-02
 58   26 7.76655e-02
 58   28 6.74365e-02
 58   30 7.05619e-02
 58   32 7.66312e-02
 58   34 7.34390e-02
 58   36 8.38996e-02
 58   38 8.25476e-02
 58   40 1.13604e-01
 58   42 1.10879e-01
 58   44 1.19837e-01
 58   46 1.46465e-01
 58   48 2.06479e-01
 58   50 1.79264e-01
 58   52 1.93584e-01
 58   54 5.56953e-01
 58   56 1.62822e+00
 58   58 1.99569e+01
 58   60 1.59842e+00
 58   62 5.47153e-01
 58   64 1.98095e-01
 58   66 1.92378e-01
 58   68 1.92372e-01
 58   70 1.46669e-01
 58   72 1.13889e-01
 58   74 1.19509e-01
 58   76 1.09116e-01
 58   78 8.62926e-02
 58   80 7.48757e-02
 58   82 8.94732e-02
 58   84 8.92086e-02
 58   86 7.67284e-02
 58   88 7.48261e-02
 58   90 9.85929e-02
 59    1 1.22554e-02
 59    3 3.18403e-02
 59    5 5.20227e-02
 59    7 7.29685e-02
 59    9 8.99476e-02
 59   11 8.18908e-02
 59   13 8.35040e-02
 59   15 8.39479e-02
 59   17 8.25198e-02
 59   19 7.99418e-02
 59   21 7.78961e-02
 59   23 7.62394e-02
 59   25 8.66788e-02
 59   27 7.98608e-02
 59   29 7.01154e-02
 59   31 7.91814e-02
 59   33 7.35274e-02
 59   35 7.63794e-02
 59   37 8.46154e-02
 59   39 7.73292e-02
 59   41 9.77620e-02
 59   43 1.12617e-01
 59   45 1.10374e-01
 59   47 1.36994e-01
 59   49 1.95492e-01
 59   51 1.82409e-01
 59   53 2.01101e-01
 59   55 5.40661e-01
 59   57 1.58901e+00
 59   59 1.96452e+01
 59   61 1.58223e+00
 59   63 5.31389e-01
 59   65 2.03368e-01
 59   67 1.79397e-01
 59   69 2.05445e-01
 59   71 1.46446e-01
 59   73 1.16818e-01
 59   75 1.17080e-01
 59   77 1.08519e-01
 59   79 8.33159e-02
 59   81 8.61928e-02
 59   83 7.18928e-02
 59   85 8.35644e-02
 59   87 8.14117e-02
 59   89 8.34963e-02
 60    0 4.34836e-03
 60    2 2.20897e-02
 60    4 4.12666e-02
 60    6 6.14081e-02
 60    8 8.33988e-02
 60   10 8.75308e-02
 60   12 7.45105e-02
 60   14 7.88804e-02
 60   16 8.02744e-02
 60   18 7.50711e-02
 60   20 8.60519e-02
 60   22 6.82625e-02
 60   24 7.83507e-02
 60   26 7.20056e-02
 60   28 7.04835e-02
 60   30 7.17856e-02
 60   32 6.79367e-02
 60   34 7.55188e-02
 60   36 6.80831e-02
 60   38 7.92775e-02
 60   40 7.65089e-02
 60   42 9.75362e-02
 60   44 1.07515e-01
 60   46 1.07532e-01
 60   48 1.33916e-01
 60   50 1.92460e-01
 60   52 1.84067e-01
 60   54 1.98540e-01
 60   56 5.31327e-01
 60   58 1.55039e+00
 60   60 1.93785e+01
 60   62 1.54280e+00
 60   64 5.24174e-01
 60   66 1.99938e-01
 60   68 1.79120e-01
 60   70 1.98706e-01
 60   72 1.43133e-01
 60   74 1.17379e-01
 60   76 1.17330e-01
 60   78 1.05961e-01
 60   80 8.38346e-02
 60   82 7.25763e-02
 60   84 7.68688e-02
 60   86 8.19633e-02
 60   88 8.29291e-02
 60   90 8.12589e-02
 61    1 1.14257e-02
 61    3 2.80252e-02
 61    5 4.47685e-02
 61    7 6.52182e-02
 61    9 7.97509e-02
 61   11 7.37533e-02
 61   13 7.05227e-02
 61   15 7.40612e-02
 61   17 7.13308e-02
 61   19 7.42968e-02
 61   21 8.17028e-02
 61   23 6.68403e-02
 61   25 7.01468e-02
 61   27 7.64648e-02
 61   29 6.60526e-02
 61   31 7.16297e-02
 61   33 7.51564e-02
 61   35 7.50579e-02
 61   37 7.37644e-02
 61   39 7.89140e-02
 61   41 9.24828e-02
 61   43 1.00478e-01
 61   45 1.16548e-01
 61   47 1.11415e-01
 61   49 1.41834e-01
 61   51 1.97575e-01
 61   53 1.85446e-01
 61   55 1.90398e-01
 61   57 5.17682e-01
 61   59 1.53563e+00
 61   61 1.90602e+01
 61   63 1.51415e+00
 61   65 5.07398e-01
 61   67 1.91104e-01
 61   69 1.87895e-01
 61   71 2.18740e-01
 61   73 1.39447e-01
 61   75 1.10595e-01
 61   77 1.16937e-01
 61   79 1.08967e-01
 61   81 7.12479e-02
 61   83 7.57058e-02
 61   85 8.06640e-02
 61   87 7.92577e-02
 61   89 8.00554e-02
 62    0 3.67525e-03
 62    2 1.80852e-02
 62    4 3.39241e-02
 62    6 4.81572e-02
 62    8 6.97513e-02
 62   10 7.55421e-02
 62   12 7.26244e-02
 62   14 7.09500e-02
 62   16 6.91503e-02
 62   18 6.62917e-02
 62   20 7.25833e-02
 62   22 7.53163e-02
 62   24 7.32880e-02
 62   26 7.68270e-02
 62   28 6.48233e-02
 62   30 6.39781e-02
 62   32 6.98636e-02
 62   34 7.20916e-02
 62   36 7.76938e-02
 62   38 7.06134e-02
 62   40 7.54551e-02
 62   42 8.68511e-02
 62   44 9.69689e-02
 62   46 1.12047e-01
 62   48 1.05781e-01
 62   50 1.37973e-01
 62   52 1.94436e-01
 62   54 1.81600e-01
 62   56 1.84983e-01
 62   58 5.15390e-01
 62   60 1.49825e+00
 62   62 1.87712e+01
 62   64 1.48485e+00
 62   66 5.01997e-01
 62   68 1.89077e-01
 62   70 1.74760e-01
 62   72 2.12394e-01
 62   74 1.42267e-01
 62   76 1.08263e-01
 62   78 1.08165e-01
 62   80 1.05098e-01
 62   82 7.95731e-02
 62   84 7.76630e-02
 62   86 7.66119e-02
 62   88 8.74901e-02
 62   90 7.64882e-02
 63    1 1.08229e-02
 63    3 2.52648e-02
 63    5 3.81684e-02
 63    7 5.31559e-02
 63    9 6.73961e-02
 63   11 6.80188e-02
 63   13 6.57473e-02
 63   15 6.76183e-02
 63   17 7.64324e-02
 63   19 7.11792e-02
 63   21 6.48204e-02
 63   23 6.51227e-02
 63   25 7.13172e-02
 63   27 6.93451e-02
 63   29 7.26715e-02
 63   31 6.02025e-02
 63   33 6.54805e-02
 63   35 8.14218e-02
 63   37 8.01141e-02
 63   39 7.50483e-02
 63   41 8.45800e-02
 63   43 8.66362e-02
 63   45 1.09034e-01
 63   47 1.17579e-01
 63   49 1.15198e-01
 63   51 1.41530e-01
 63   53 1.93936e-01
 63   55 1.74877e-01
 63   57 1.90242e-01
 63   59 5.01138e-01
 63   61 1.47129e+00
 63   63 1.85157e+01
 63   65 1.44769e+00
 63   67 4.99815e-01
 63   69 1.97784e-01
 63   71 1.72828e-01
 63   73 1.91388e-01
 63   75 1.38660e-01
 63   77 1.08254e-01
 63   79 1.12807e-01
 63   81 8.78807e-02
 63   83 7.92206e-02
 63   85 7.88033e-02
 63   87 9.26918e-02
 63   89 8.18234e-02
 64    0 3.15860e-03
 64    2 1.76157e-02
 64    4 3.02893e-02
 64    6 4.37396e-02
 64    8 5.78296e-02
 64   10 6.40880e-02
 64   12 6.61926e-02
 64   14 6.62323e-02
 64   16 7.24581e-02
 64   18 6.69717e-02
 64   20 6.69293e-02
 64   22 6.53133e-02
 64   24 5.98067e-02
 64   26 6.10096e-02
 64   28 7.01722e-02
 64   30 6.34776e-02
 64   32 6.93797e-02
 64   34 6.64579e-02
 64   36 6.91614e-02
 64   38 7.80583e-02
 64   40 7.76128e-02
 64   42 8.24010e-02
 64   44 8.97113e-02
 64   46 9.71636e-02
 64   48 1.15994e-01
 64   50 1.18953e-01
 64   52 1.42940e-01
 64   54 1.87585e-01
 64   56 1.75011e-01
 64   58 1.81415e-01
 64   60 4.94906e-01
 64   62 1.44362e+00
 64   64 1.82540e+01
 64   66 1.41168e+00
 64   68 4.86920e-01
 64   70 1.99705e-01
 64   72 1.71823e-01
 64   74 1.85453e-01
 64   76 1.40384e-01
 64   78 1.08743e-01
 64   80 9.74136e-02
 64   82 8.78788e-02
 64   84 8.34415e-02
 64   86 7.88675e-02
 64   88 8.24957e-02
 64   90 7.91632e-02
 65    1 1.11024e-02
 65    3 2.47133e-02
 65    5 4.16591e-02
 65    7 5.30120e-02
 65    9 6.47686e-02
 65   11 6.57261e-02
 65   13 6.78107e-02
 65   15 6.66785e-02
 65   17 6.53795e-02
 65   19 6.61177e-02
 65   21 6.52615e-02
 65   23 7.21238e-02
 65   25 5.68532e-02
 65   27 6.67189e-02
 65   29 6.31965e-02
 65   31 6.72711e-02
 65   33 6.75308e-02
 65   35 6.18215e-02
 65   37 7.54225e-02
 65   39 7.58695e-02
 65   41 8.03251e-02
 65   43 8.18893e-02
 65   45 7.79975e-02
 65   47 1.02081e-01
 65   49 1.27281e-01
 65   51 1.19320e-01
 65   53 1.33461e-01
 65   55 1.83028e-01
 65   57 1.67986e-01
 65   59 1.86567e-01
 65   61 4.79606e-01
 65   63 1.40827e+00
 65   65 1.80243e+01
 65   67 1.38871e+00
 65   69 4.82459e-01
 65   71 2.02580e-01
 65   73 1.63221e-01
 65   75 1.82612e-01
 65   77 1.29188e-01
 65   79 9.95146e-02
 65   81 1.05909e-01
 65   83 1.01030e-01
 65   85 8.00935e-02
 65   87 9.17009e-02
 65   89 8.04563e-02
 66    0 3.92407e-03
 66    2 1.80003e-02
 66    4 3.16919e-02
 66    6 4.62101e-02
 66    8 5.86669e-02
 66   10 6.20791e-02
 66   12 6.61638e-02
 66   14 6.95744e-02
 66   16 6.43371e-02
 66   18 6.55702e-02
 66   20 6.16420e-02
 66   22 7.60396e-02
 66   24 6.85238e-02
 66   26 5.49332e-02
 66   28 5.95661e-02
 66   30 6.20458e-02
 66   32 6.51365e-02
 66   34 6.75287e-02
 66   36 6.93905e-02
 66   38 6.40154e-02
 66   40 7.17424e-02
 66   42 7.42400e-02
 66   44 7.27108e-02
 66   46 7.91109e-02
 66   48 1.05499e-01
 66   50 1.15951e-01
 66   52 1.18314e-01
 66   54 1.27806e-01
 66   56 1.72012e-01
 66   58 1.71472e-01
 66   60 1.83731e-01
 66   62 4.75020e-01
 66   64 1.37397e+00
 66   66 1.78101e+01
 66   68 1.36177e+00
 66   70 4.66478e-01
 66   72 1.98058e-01
 66   74 1.72380e-01
 66   76 1.79892e-01
 66   78 1.27142e-01
 66   80 1.06687e-01
 66   82 1.01086e-01
 66   84 8.55541e-02
 66   86 7.78358e-02
 66   88 8.35387e-02
 66   90 8.01759e-02
 67    1 1.30628e-02
 67    3 2.67972e-02
 67    5 4.44646e-02
 67    7 5.66465e-02
 67    9 6.77063e-02
 67   11 6.76734e-02
 67   13 7.30947e-02
 67   15 7.53390e-02
 67   17 7.26034e-02
 67   19 6.03544e-02
 67   21 5.61623e-02
 67   23 5.84604e-02
 67   25 5.39993e-02
 67   27 6.16927e-02
 67   29 5.93163e-02
 67   31 6.12640e-02
 67   33 5.83307e-02
 67   35 5.97359e-02
 67   37 6.93045e-02
 67   39 7.35046e-02
 67   41 7.07802e-02
 67   43 7.72131e-02
 67   45 8.28773e-02
 67   47 8.57668e-02
 67   49 9.70332e-02
 67   51 1.08678e-01
 67   53 1.10328e-01
 67   55 1.22481e-01
 67   57 1.70267e-01
 67   59 1.60263e-01
 67   61 1.75902e-01
 67   63 4.73459e-01
 67   65 1.35231e+00
 67   67 1.75604e+01
 67   69 1.34478e+00
 67   71 4.72560e-01
 67   73 1.92655e-01
 67   75 1.60934e-01
 67   77 1.68792e-01
 67   79 1.19938e-01
 67   81 1.11958e-01
 67   83 9.99272e-02
 67   85 8.91663e-02
 67   87 9.34255e-02
 67   89 9.67661e-02
 68    0 4.37539e-03
 68    2 1.85988e-02
 68    4 3.01853e-02
 68    6 4.55924e-02
 68    8 5.82244e-02
 68   10 6.10990e-02
 68   12 6.38057e-02
 68   14 7.13280e-02
 68   16 7.08041e-02
 68   18 6.81377e-02
 68   20 5.68186e-02
 68   22 5.27803e-02
 68   24 5.22626e-02
 68   26 5.48732e-02
 68   28 5.71797e-02
 68   30 5.79367e-02
 68   32 6.10765e-02
 68   34 6.28646e-02
 68   36 6.00633e-02
 68   38 7.25306e-02
 68   40 7.01873e-02
 68   42 7.48667e-02
 68   44 8.33710e-02
 68   46 8.22387e-02
 68   48 9.03091e-02
 68   50 9.66943e-02
 68   52 1.02923e-01
 68   54 1.09064e-01
 68   56 1.21915e-01
 68   58 1.67057e-01
 68   60 1.60367e-01
 68   62 1.74315e-01
 68   64 4.61723e-01
 68   66 1.32674e+00
 68   68 1.73347e+01
 68   70 1.31666e+00
 68   72 4.64665e-01
 68   74 1.87259e-01
 68   76 1.49313e-01
 68   78 1.64385e-01
 68   80 1.14405e-01
 68   82 1.10450e-01
 68   84 1.05060e-01
 68   86 8.73996e-02
 68   88 9.85548e-02
 68   90 8.83034e-02
 69    1 1.19889e-02
 69    3 2.53776e-02
 69    5 4.03071e-02
 69    7 5.54861e-02
 69    9 6.41927e-02
 69   11 5.95107e-02
 69   13 6.92679e-02
 69   15 6.99754e-02
 69   17 6.26554e-02
 69   19 6.27274e-02
 69   21 6.20865e-02
 69   23 6.14315e-02
 69   25 6.04430e-02
 69   27 6.17028e-02
 69   29 5.33990e-02
 69   31 6.86782e-02
 69   33 6.50625e-02
 69   35 6.10887e-02
 69   37 6.06111e-02
 69   39 6.24734e-02
 69   41 7.25955e-02
 69   43 6.56754e-02
 69   45 7.21825e-02
 69   47 8.06948e-02
 69   49 7.60447e-02
 69   51 9.31778e-02
 69   53 1.14080e-01
 69   55 1.00871e-01
 69   57 1.17286e-01
 69   59 1.78900e-01
 69   61 1.68583e-01
 69   63 1.82626e-01
 69   65 4.57956e-01
 69   67 1.31084e+00
 69   69 1.71227e+01
 69   71 1.29747e+00
 69   73 4.49385e-01
 69   75 1.85801e-01
 69   77 1.36722e-01
 69   79 1.57098e-01
 69   81 1.27896e-01
 69   83 1.02230e-01
 69   85 9.41372e-02
 69   87 1.00168e-01
 69   89 8.28528e-02
 70    0 2.75093e-03
 70    2 1.50535e-02
 70    4 3.25943e-02
 70    6 4.76930e-02
 70    8 6.78413e-02
 70   10 6.68793e-02
 70   12 5.84299e-02
 70   14 5.91359e-02
 70   16 6.30133e-02
 70   18 5.47389e-02
 70   20 6.20642e-02
 70   22 6.54550e-02
 70   24 6.25775e-02
 70   26 6.51126e-02
 70   28 5.46165e-02
 70   30 5.78248e-02
 70   32 6.29621e-02
 70   34 6.42033e-02
 70   36 6.04642e-02
 70   38 5.71960e-02
 70   40 6.79177e-02
 70   42 6.83893e-02
 70   44 6.60426e-02
 70   46 7.07271e-02
 70   48 6.96338e-02
 70   50 8.16231e-02
 70   52 8.92305e-02
 70   54 1.06872e-01
 70   56 9.67807e-02
 70   58 1.24213e-01
 70   60 1.73496e-01
 70   62 1.57124e-01
 70   64 1.84680e-01
 70   66 4.43222e-01
 70   68 1.28404e+00
 70   70 1.68843e+01
 70   72 1.26681e+00
 70   74 4.43477e-01
 70   76 1.89827e-01
 70   78 1.39044e-01
 70   80 1.45708e-01
 70   82 1.28222e-01
 70   84 1.03732e-01
 70   86 9.23128e-02
 70   88 9.30839e-02
 70   90 8.53514e-02
 71    1 8.99727e-03
 71    3 2.32999e-02
 71    5 3.65279e-02
 71    7 5.24988e-02
 71    9 6.61361e-02
 71   11 5.85707e-02
 71   13 5.62748e-02
 71   15 5.89954e-02
 71   17 5.72819e-02
 71   19 5.67186e-02
 71   21 4.68460e-02
 71   23 4.82397e-02
 71   25 6.01469e-02
 71   27 5.89960e-02
 71   29 6.15428e-02
 71   31 5.05335e-02
 71   33 5.70407e-02
 71   35 5.58337e-02
 71   37 6.65424e-02
 71   39 6.30899e-02
 71   41 6.56300e-02
 71   43 7.26130e-02
 71   45 7.20805e-02
 71   47 7.73993e-02
 71   49 7.55501e-02
 71   51 8.03007e-02
 71   53 9.07963e-02
 71   55 1.08647e-01
 71   57 9.58284e-02
 71   59 1.24424e-01
 71   61 1.91486e-01
 71   63 1.55703e-01
 71   65 1.87616e-01
 71   67 4.49433e-01
 71   69 1.26592e+00
 71   71 1.66964e+01
 71   73 1.24056e+00
 71   75 4.38080e-01
 71   77 1.81531e-01
 71   79 1.34593e-01
 71   81 1.50869e-01
 71   83 1.25950e-01
 71   85 1.04826e-01
 71   87 1.06788e-01
 71   89 8.66130e-02
 72    0 2.64122e-03
 72    2 1.49634e-02
 72    4 2.95631e-02
 72    6 4.32270e-02
 72    8 6.02057e-02
 72   10 5.90815e-02
 72   12 4.97058e-02
 72   14 5.26766e-02
 72   16 5.53371e-02
 72   18 5.70895e-02
 72   20 5.77868e-02
 72   22 4.71338e-02
 72   24 4.43582e-02
 72   26 5.06981e-02
 72   28 6.06641e-02
 72   30 6.15988e-02
 72   32 5.93673e-02
 72   34 5.29588e-02
 72   36 5.44652e-02
 72   38 5.85505e-02
 72   40 6.76792e-02
 72   42 6.69339e-02
 72   44 7.48670e-02
 72   46 7.06415e-02
 72   48 7.30597e-02
 72   50 6.98910e-02
 72   52 8.49483e-02
 72   54 9.58680e-02
 72   56 1.06966e-01
 72   58 9.41498e-02
 72   60 1.21991e-01
 72   62 1.86402e-01
 72   64 1.55103e-01
 72   66 1.83693e-01
 72   68 4.42338e-01
 72   70 1.23658e+00
 72   72 1.65092e+01
 72   74 1.21705e+00
 72   76 4.32579e-01
 72   78 1.76988e-01
 72   80 1.30095e-01
 72   82 1.49054e-01
 72   84 1.21251e-01
 72   86 9.94000e-02
 72   88 1.00016e-01
 72   90 8.09701e-02
 73    1 1.15193e-02
 73    3 2.37407e-02
 73    5 3.81665e-02
 73    7 5.23542e-02
 73    9 5.68825e-02
 73   11 5.95399e-02
 73   13 6.14565e-02
 73   15 6.24288e-02
 73   17 6.15515e-02
 73   19 6.46823e-02
 73   21 7.22365e-02
 73   23 7.22078e-02
 73   25 6.52578e-02
 73   27 6.02418e-02
 73   29 5.90514e-02
 73   31 5.53873e-02
 73   33 5.95078e-02
 73   35 5.60130e-02
 73   37 5.70293e-02
 73   39 5.97080e-02
 73   41 5.92869e-02
 73   43 6.21609e-02
 73   45 6.00058e-02
 73   47 6.17282e-02
 73   49 6.63050e-02
 73   51 7.30386e-02
 73   53 6.46853e-02
 73   55 8.11407e-02
 73   57 1.06681e-01
 73   59 9.69251e-02
 73   61 1.19212e-01
 73   63 1.68383e-01
 73   65 1.47622e-01
 73   67 1.78933e-01
 73   69 4.28184e-01
 73   71 1.21149e+00
 73   73 1.62796e+01
 73   75 1.19307e+00
 73   77 4.16802e-01
 73   79 1.69671e-01
 73   81 1.51847e-01
 73   83 1.59861e-01
 73   85 1.28650e-01
 73   87 1.15471e-01
 73   89 1.01568e-01
 74    0 3.67649e-03
 74    2 1.59666e-02
 74    4 3.06323e-02
 74    6 4.75539e-02
 74    8 6.05665e-02
 74   10 5.92200e-02
 74   12 6.14785e-02
 74   14 6.00890e-02
 74   16 5.18947e-02
 74   18 5.70994e-02
 74   20 6.42129e-02
 74   22 7.13552e-02
 74   24 7.44916e-02
 74   26 6.14780e-02
 74   28 6.00307e-02
 74   30 5.29260e-02
 74   32 5.32239e-02
 74   34 5.41674e-02
 74   36 5.48529e-02
 74   38 6.21872e-02
 74   40 5.48051e-02
 74   42 5.91636e-02
 74   44 5.47391e-02
 74   46 5.92249e-02
 74   48 5.46732e-02
 74   50 6.79772e-02
 74   52 7.49609e-02
 74   54 6.61676e-02
 74   56 8.21668e-02
 74   58 9.65228e-02
 74   60 9.77396e-02
 74   62 1.21985e-01
 74   64 1.63555e-01
 74   66 1.56199e-01
 74   68 1.74161e-01
 74   70 4.22933e-01
 74   72 1.18905e+00
 74   74 1.60873e+01
 74   76 1.16448e+00
 74   78 4.12128e-01
 74   80 1.66848e-01
 74   82 1.33108e-01
 74   84 1.50669e-01
 74   86 1.31843e-01
 74   88 1.21091e-01
 74   90 9.35458e-02
 75    1 8.56901e-03
 75    3 1.90354e-02
 75    5 3.28718e-02
 75    7 4.36636e-02
 75    9 4.95935e-02
 75   11 4.80328e-02
 75   13 4.74906e-02
 75   15 4.66246e-02
 75   17 5.12868e-02
 75   19 4.78653e-02
 75   21 4.43143e-02
 75   23 4.59567e-02
 75   25 5.09104e-02
 75   27 5.95352e-02
 75   29 6.35783e-02
 75   31 6.30249e-02
 75   33 5.50762e-02
 75   35 6.22731e-02
 75   37 5.98101e-02
 75   39 6.57207e-02
 75   41 6.16646e-02
 75   43 6.45932e-02
 75   45 6.51624e-02
 75   47 6.55586e-02
 75   49 7.15403e-02
 75   51 7.38475e-02
 75   53 6.78346e-02
 75   55 7.29280e-02
 75   57 9.32948e-02
 75   59 9.49485e-02
 75   61 9.24111e-02
 75   63 1.19237e-01
 75   65 1.61429e-01
 75   67 1.46095e-01
 75   69 1.73037e-01
 75   71 4.18151e-01
 75   73 1.16612e+00
 75   75 1.59048e+01
 75   77 1.14368e+00
 75   79 4.08149e-01
 75   81 2.04056e-01
 75   83 1.53195e-01
 75   85 1.59020e-01
 75   87 1.48911e-01
 75   89 1.16909e-01
 76    0 2.71530e-03
 76    2 1.30942e-02
 76    4 2.38961e-02
 76    6 3.69517e-02
 76    8 4.63542e-02
 76   10 4.85890e-02
 76   12 4.25759e-02
 76   14 4.21532e-02
 76   16 4.49272e-02
 76   18 4.53918e-02
 76   20 4.51479e-02
 76   22 4.08489e-02
 76   24 4.22773e-02
 76   26 5.25028e-02
 76   28 6.05477e-02
 76   30 6.01800e-02
 76   32 6.22832e-02
 76   34 5.37675e-02
 76   36 5.38152e-02
 76   38 7.03138e-02
 76   40 5.68611e-02
 76   42 6.07876e-02
 76   44 5.99706e-02
 76   46 6.34495e-02
 76   48 7.10153e-02
 76   50 6.61799e-02
 76   52 7.46388e-02
 76   54 6.82349e-02
 76   56 7.26275e-02
 76   58 8.61741e-02
 76   60 9.55311e-02
 76   62 9.07699e-02
 76   64 1.21062e-01
 76   66 1.59390e-01
 76   68 1.35789e-01
 76   70 1.77018e-01
 76   72 4.13253e-01
 76   74 1.13865e+00
 76   76 1.57275e+01
 76   78 1.12264e+00
 76   80 4.03511e-01
 76   82 2.13138e-01
 76   84 1.58044e-01
 76   86 1.50117e-01
 76   88 1.37618e-01
 76   90 1.23856e-01
 77    1 9.49827e-03
 77    3 2.46205e-02
 77    5 3.60996e-02
 77    7 4.60529e-02
 77    9 5.56496e-02
 77   11 5.07613e-02
 77   13 5.32954e-02
 77   15 5.88553e-02
 77   17 6.01620e-02
 77   19 5.65717e-02
 77   21 6.89794e-02
 77   23 6.31830e-02
 77   25 6.42442e-02
 77   27 5.45500e-02
 77   29 5.28471e-02
 77   31 6.77510e-02
 77   33 4.76849e-02
 77   35 4.60572e-02
 77   37 5.14026e-02
 77   39 5.64493e-02
 77   41 7.61362e-02
 77   43 5.97842e-02
 77   45 5.66503e-02
 77   47 6.09723e-02
 77   49 6.45493e-02
 77   51 6.87237e-02
 77   53 8.19498e-02
 77   55 6.66858e-02
 77   57 6.62946e-02
 77   59 8.60891e-02
 77   61 9.55822e-02
 77   63 9.10624e-02
 77   65 1.11715e-01
 77   67 1.49891e-01
 77   69 1.24556e-01
 77   71 1.69499e-01
 77   73 3.98514e-01
 77   75 1.11877e+00
 77   77 1.55374e+01
 77   79 1.09341e+00
 77   81 4.25010e-01
 77   83 2.15114e-01
 77   85 1.48338e-01
 77   87 1.69026e-01
 77   89 1.11818e-01
 78    0 3.62524e-03
 78    2 1.73155e-02
 78    4 2.92454e-02
 78    6 3.65601e-02
 78    8 5.12210e-02
 78   10 4.62625e-02
 78   12 4.90080e-02
 78   14 5.50447e-02
 78   16 5.48460e-02
 78   18 5.45362e-02
 78   20 5.90087e-02
 78   22 6.23932e-02
 78   24 6.90943e-02
 78   26 5.98667e-02
 78   28 4.86105e-02
 78   30 6.21870e-02
 78   32 5.46852e-02
 78   34 5.46242e-02
 78   36 4.86956e-02
 78   38 4.84026e-02
 78   40 6.45948e-02
 78   42 6.08452e-02
 78   44 5.75295e-02
 78   46 6.06046e-02
 78   48 6.10842e-02
 78   50 6.77338e-02
 78   52 7.05724e-02
 78   54 6.98877e-02
 78   56 7.07977e-02
 78   58 6.66917e-02
 78   60 8.44291e-02
 78   62 8.87477e-02
 78   64 9.17696e-02
 78   66 1.10242e-01
 78   68 1.46298e-01
 78   70 1.26888e-01
 78   72 1.65464e-01
 78   74 3.94367e-01
 78   76 1.09862e+00
 78   78 1.53815e+01
 78   80 1.07084e+00
 78   82 4.11879e-01
 78   84 2.11679e-01
 78   86 1.48542e-01
 78   88 1.66525e-01
 78   90 1.09403e-01
 79    1 8.70765e-03
 79    3 1.90411e-02
 79    5 2.83928e-02
 79    7 3.88108e-02
 79    9 4.22213e-02
 79   11 3.93297e-02
 79   13 4.17531e-02
 79   15 4.03736e-02
 79   17 3.90048e-02
 79   19 3.94706e-02
 79   21 3.31678e-02
 79   23 5.50995e-02
 79   25 5.95349e-02
 79   27 6.74809e-02
 79   29 6.41699e-02
 79   31 6.29746e-02
 79   33 7.72928e-02
 79   35 7.56061e-02
 79   37 7.92721e-02
 79   39 7.54572e-02
 79   41 6.85260e-02
 79   43 7.24807e-02
 79   45 8.01368e-02
 79   47 6.96700e-02
 79   49 6.63778e-02
 79   51 7.39004e-02
 79   53 7.82484e-02
 79   55 7.88237e-02
 79   57 5.80463e-02
 79   59 6.47068e-02
 79   61 8.71968e-02
 79   63 9.28992e-02
 79   65 8.42471e-02
 79   67 1.04270e-01
 79   69 1.40112e-01
 79   71 1.23032e-01
 79   73 1.58818e-01
 79   75 3.90873e-01
 79   77 1.07044e+00
 79   79 1.52402e+01
 79   81 1.06873e+00
 79   83 4.07877e-01
 79   85 2.11960e-01
 79   87 1.76193e-01
 79   89 1.36858e-01
 80    0 2.83050e-03
 80    2 1.45830e-02
 80    4 2.63784e-02
 80    6 3.81124e-02
 80    8 4.83567e-02
 80   10 3.99289e-02
 80   12 3.65847e-02
 80   14 3.67365e-02
 80   16 3.99482e-02
 80   18 4.17596e-02
 80   20 4.19397e-02
 80   22 4.09414e-02
 80   24 4.47536e-02
 80   26 6.16314e-02
 80   28 6.89199e-02
 80   30 6.51394e-02
 80   32 6.57242e-02
 80   34 6.87529e-02
 80   36 7.77649e-02
 80   38 7.61642e-02
 80   40 7.00261e-02
 80   42 6.01633e-02
 80   44 7.62512e-02
 80   46 7.32573e-02
 80   48 7.52256e-02
 80   50 6.17241e-02
 80   52 6.70066e-02
 80   54 8.13219e-02
 80   56 7.47781e-02
 80   58 5.66742e-02
 80   60 6.54209e-02
 80   62 8.44523e-02
 80   64 8.05129e-02
 80   66 9.05974e-02
 80   68 9.97164e-02
 80   70 1.30227e-01
 80   72 1.19115e-01
 80   74 1.56364e-01
 80   76 3.86734e-01
 80   78 1.04875e+00
 80   80 1.50907e+01
 80   82 1.04824e+00
 80   84 4.04294e-01
 80   86 2.08575e-01
 80   88 1.73131e-01
 80   90 1.34032e-01
 81    1 6.36444e-03
 81    3 1.55782e-02
 81    5 2.46843e-02
 81    7 3.50677e-02
 81    9 3.91094e-02
 81   11 3.54131e-02
 81   13 4.29875e-02
 81   15 4.83705e-02
 81   17 4.97342e-02
 81   19 5.75909e-02
 81   21 6.03336e-02
 81   23 5.95285e-02
 81   25 5.76427e-02
 81   27 5.23435e-02
 81   29 5.36125e-02
 81   31 4.63081e-02
 81   33 4.82896e-02
 81   35 5.11188e-02
 81   37 5.95432e-02
 81   39 5.52131e-02
 81   41 4.85087e-02
 81   43 5.33016e-02
 81   45 5.18916e-02
 81   47 5.83419e-02
 81   49 6.21301e-02
 81   51 5.34594e-02
 81   53 5.59105e-02
 81   55 6.49061e-02
 81   57 6.36884e-02
 81   59 6.55848e-02
 81   61 5.58581e-02
 81   63 7.09056e-02
 81   65 8.78437e-02
 81   67 9.53604e-02
 81   69 1.11756e-01
 81   71 1.35115e-01
 81   73 1.39255e-01
 81   75 1.91459e-01
 81   77 4.07651e-01
 81   79 1.04708e+00
 81   81 1.49274e+01
 81   83 1.05187e+00
 81   85 4.13150e-01
 81   87 2.55034e-01
 81   89 1.73668e-01
 82    0 2.19661e-03
 82    2 1.14002e-02
 82    4 1.95967e-02
 82    6 2.82829e-02
 82    8 3.68181e-02
 82   10 3.61464e-02
 82   12 3.53311e-02
 82   14 4.41198e-02
 82   16 4.83642e-02
 82   18 5.05280e-02
 82   20 5.33109e-02
 82   22 5.77385e-02
 82   24 5.58799e-02
 82   26 5.45349e-02
 82   28 5.48393e-02
 82   30 5.01769e-02
 82   32 5.15036e-02
 82   34 4.57613e-02
 82   36 4.95033e-02
 82   38 5.91784e-02
 82   40 5.14987e-02
 82   42 5.40571e-02
 82   44 5.32983e-02
 82   46 5.05719e-02
 82   48 5.80444e-02
 82   50 6.14716e-02
 82   52 5.91332e-02
 82   54 5.36385e-02
 82   56 6.21065e-02
 82   58 6.63755e-02
 82   60 5.55084e-02
 82   62 6.26692e-02
 82   64 7.11869e-02
 82   66 8.41331e-02
 82   68 9.43536e-02
 82   70 1.12318e-01
 82   72 1.33759e-01
 82   74 1.22262e-01
 82   76 2.00211e-01
 82   78 3.95354e-01
 82   80 1.02738e+00
 82   82 1.47784e+01
 82   84 1.03628e+00
 82   86 4.07824e-01
 82   88 2.45756e-01
 82   90 1.79624e-01
 83    1 7.01098e-03
 83    3 1.83584e-02
 83    5 2.73985e-02
 83    7 3.72719e-02
 83    9 4.10948e-02
 83   11 3.60849e-02
 83   13 3.27766e-02
 83   15 3.40739e-02
 83   17 3.52833e-02
 83   19 3.85472e-02
 83   21 4.37989e-02
 83   23 4.71167e-02
 83   25 4.54745e-02
 83   27 5.09594e-02
 83   29 5.71054e-02
 83   31 6.35521e-02
 83   33 6.39712e-02
 83   35 6.97638e-02
 83   37 6.73979e-02
 83   39 5.86710e-02
 83   41 6.06108e-02
 83   43 6.65562e-02
 83   45 5.93373e-02
 83   47 6.46277e-02
 83   49 6.39924e-02
 83   51 6.29105e-02
 83   53 5.18517e-02
 83   55 6.76803e-02
 83   57 6.97545e-02
 83   59 5.36346e-02
 83   61 5.81930e-02
 83   63 6.26690e-02
 83   65 8.21590e-02
 83   67 8.34498e-02
 83   69 8.75835e-02
 83   71 1.10594e-01
 83   73 1.43739e-01
 83   75 1.40928e-01
 83   77 2.02296e-01
 83   79 3.91802e-01
 83   81 1.03131e+00
 83   83 1.45341e+01
 83   85 1.01166e+00
 83   87 4.36478e-01
 83   89 2.26724e-01
 84    0 2.73675e-03
 84    2 1.15333e-02
 84    4 2.19209e-02
 84    6 3.08152e-02
 84    8 3.91421e-02
 84   10 3.34327e-02
 84   12 3.56387e-02
 84   14 3.19292e-02
 84   16 3.46024e-02
 84   18 3.56170e-02
 84   20 3.82732e-02
 84   22 4.13941e-02
 84   24 4.49732e-02
 84   26 4.34430e-02
 84   28 5.29480e-02
 84   30 5.65948e-02
 84   32 6.29007e-02
 84   34 6.25515e-02
 84   36 6.53357e-02
 84   38 6.40987e-02
 84   40 5.82900e-02
 84   42 6.19814e-02
 84   44 6.49310e-02
 84   46 6.14966e-02
 84   48 5.80393e-02
 84   50 6.31078e-02
 84   52 6.39065e-02
 84   54 5.72766e-02
 84   56 5.93507e-02
 84   58 6.49088e-02
 84   60 5.76628e-02
 84   62 5.99907e-02
 84   64 6.62949e-02
 84   66 6.98392e-02
 84   68 8.80259e-02
 84   70 8.91213e-02
 84   72 1.06720e-01
 84   74 1.35735e-01
 84   76 1.45608e-01
 84   78 1.99287e-01
 84   80 3.88642e-01
 84   82 1.01639e+00
 84   84 1.43984e+01
 84   86 9.89375e-01
 84   88 4.23191e-01
 84   90 2.23134e-01
 85    1 7.70241e-03
 85    3 1.79502e-02
 85    5 3.05991e-02
 85    7 4.34246e-02
 85    9 4.80295e-02
 85   11 4.75416e-02
 85   13 4.99720e-02
 85   15 4.77075e-02
 85   17 4.86802e-02
 85   19 5.34727e-02
 85   21 5.60860e-02
 85   23 5.85956e-02
 85   25 5.08615e-02
 85   27 4.88990e-02
 85   29 5.52841e-02
 85   31 5.71381e-02
 85   33 6.16623e-02
 85   35 6.05432e-02
 85   37 5.08028e-02
 85   39 6.17752e-02
 85   41 5.29199e-02
 85   43 4.89175e-02
 85   45 5.59306e-02
 85   47 5.92190e-02
 85   49 5.43250e-02
 85   51 6.08859e-02
 85   53 6.77920e-02
 85   55 5.51373e-02
 85   57 5.53547e-02
 85   59 6.11666e-02
 85   61 6.08352e-02
 85   63 6.11636e-02
 85   65 6.39053e-02
 85   67 7.30593e-02
 85   69 7.91294e-02
 85   71 9.03103e-02
 85   73 1.13494e-01
 85   75 1.43529e-01
 85   77 1.36868e-01
 85   79 1.99768e-01
 85   81 3.97437e-01
 85   83 9.92587e-01
 85   85 1.44488e+01
 85   87 1.03977e+00
 85   89 4.05728e-01
 86    0 2.15020e-03
 86    2 1.30295e-02
 86    4 2.06421e-02
 86    6 3.21121e-02
 86    8 4.23785e-02
 86   10 4.14576e-02
 86   12 4.28200e-02
 86   14 4.85349e-02
 86   16 4.63373e-02
 86   18 5.17058e-02
 86   20 5.01795e-02
 86   22 5.18914e-02
 86   24 5.52305e-02
 86   26 5.10328e-02
 86   28 4.93582e-02
 86   30 5.40990e-02
 86   32 5.26077e-02
 86   34 6.55454e-02
 86   36 6.06428e-02
 86   38 5.40767e-02
 86   40 5.72837e-02
 86   42 5.89015e-02
 86   44 4.65726e-02
 86   46 5.75524e-02
 86   48 5.87577e-02
 86   50 5.33278e-02
 86   52 6.28992e-02
 86   54 6.36323e-02
 86   56 5.53714e-02
 86   58 5.47943e-02
 86   60 6.03458e-02
 86   62 5.80829e-02
 86   64 6.15005e-02
 86   66 6.23620e-02
 86   68 7.18730e-02
 86   70 7.78417e-02
 86   72 8.58674e-02
 86   74 1.16575e-01
 86   76 1.35744e-01
 86   78 1.37256e-01
 86   80 1.96788e-01
 86   82 3.92588e-01
 86   84 9.71054e-01
 86   86 1.42948e+01
 86   88 1.02567e+00
 86   90 3.96410e-01
 87    1 6.90844e-03
 87    3 1.61944e-02
 87    5 2.48579e-02
 87    7 3.62464e-02
 87    9 3.68378e-02
 87   11 3.27906e-02
 87   13 3.42700e-02
 87   15 3.42751e-02
 87   17 3.23594e-02
 87   19 3.65626e-02
 87   21 3.72768e-02
 87   23 4.00510e-02
 87   25 4.51849e-02
 87   27 4.26842e-02
 87   29 4.31769e-02
 87   31 4.16214e-02
 87   33 4.65931e-02
 87   35 5.23479e-02
 87   37 4.27773e-02
 87   39 4.77945e-02
 87   41 5.02457e-02
 87   43 4.56124e-02
 87   45 4.94551e-02
 87   47 5.55230e-02
 87   49 4.86211e-02
 87   51 5.68289e-02
 87   53 5.42057e-02
 87   55 5.68301e-02
 87   57 5.80437e-02
 87   59 5.85070e-02
 87   61 5.86875e-02
 87   63 7.06347e-02
 87   65 7.18359e-02
 87   67 7.51569e-02
 87   69 8.26674e-02
 87   71 9.03273e-02
 87   73 1.00015e-01
 87   75 1.31960e-01
 87   77 1.53120e-01
 87   79 1.63038e-01
 87   81 2.40873e-01
 87   83 4.20460e-01
 87   85 1.02086e+00
 87   87 1.48532e+01
 87   89 1.10597e+00
 88    0 2.31016e-03
 88    2 1.10519e-02
 88    4 2.08871e-02
 88    6 2.81603e-02
 88    8 3.91014e-02
 88   10 3.21857e-02
 88   12 3.05777e-02
 88   14 3.28847e-02
 88   16 3.48321e-02
 88   18 3.27023e-02
 88   20 3.74883e-02
 88   22 3.83559e-02
 88   24 3.82081e-02
 88   26 4.27529e-02
 88   28 4.41041e-02
 88   30 4.08936e-02
 88   32 4.13847e-02
 88   34 4.68480e-02
 88   36 4.93038e-02
 88   38 4.54234e-02
 88   40 4.46448e-02
 88   42 5.26483e-02
 88   44 4.63022e-02
 88   46 4.77616e-02
 88   48 4.91941e-02
 88   50 5.60338e-02
 88   52 4.87827e-02
 88   54 5.78560e-02
 88   56 5.71430e-02
 88   58 5.24813e-02
 88   60 5.99663e-02
 88   62 6.51453e-02
 88   64 6.31807e-02
 88   66 6.57356e-02
 88   68 7.95988e-02
 88   70 7.70899e-02
 88   72 8.48559e-02
 88   74 1.05155e-01
 88   76 1.22219e-01
 88   78 1.51124e-01
 88   80 1.60429e-01
 88   82 2.32349e-01
 88   84 4.07936e-01
 88   86 1.00735e+00
 88   88 1.47061e+01
 88   90 1.09160e+00
 89    1 6.28720e-03
 89    3 1.58580e-02
 89    5 2.65776e-02
 89    7 3.52958e-02
 89    9 4.44967e-02
 89   11 4.65843e-02
 89   13 4.57805e-02
 89   15 4.94925e-02
 89   17 5.19556e-02
 89   19 4.97411e-02
 89   21 4.97651e-02
 89   23 4.37891e-02
 89   25 4.46265e-02
 89   27 5.08021e-02
 89   29 5.55444e-02
 89   31 5.97462e-02
 89   33 5.63990e-02
 89   35 5.15254e-02
 89   37 6.06880e-02
 89   39 5.32527e-02
 89   41 5.71263e-02
 89   43 5.76142e-02
 89   45 5.47422e-02
 89   47 5.07119e-02
 89   49 6.49113e-02
 89   51 6.01290e-02
 89   53 5.62702e-02
 89   55 5.48407e-02
 89   57 6.54560e-02
 89   59 5.89525e-02
 89   61 5.82382e-02
 89   63 6.12587e-02
 89   65 6.19216e-02
 89   67 7.64786e-02
 89   69 6.71779e-02
 89   71 7.19767e-02
 89   73 8.64297e-02
 89   75 1.01783e-01
 89   77 9.95184e-02
 89   79 1.24418e-01
 89   81 1.61147e-01
 89   83 2.14572e-01
 89   85 3.91360e-01
 89   87 1.08657e+00
 89   89 1.59977e+01
 90    0 1.93629e-03
 90    2 1.03434e-02
 90    4 1.89685e-02
 90    6 3.10742e-02
 90    8 4.10499e-02
 90   10 4.39744e-02
 90   12 4.53997e-02
 90   14 4.60736e-02
 90   16 4.91440e-02
 90   18 5.17962e-02
 90   20 4.93604e-02
 90   22 4.78461e-02
 90   24 4.01772e-02
 90   26 4.83402e-02
 90   28 4.42140e-02
 90   30 5.21524e-02
 90   32 5.48735e-02
 90   34 5.69248e-02
 90   36 5.42024e-02
 90   38 5.55747e-02
 90   40 5.38806e-02
 90   42 5.15957e-02
 90   44 5.59775e-02
 90   46 5.14612e-02
 90   48 5.93120e-02
 90   50 5.49405e-02
 90   52 6.61086e-02
 90   54 5.24153e-02
 90   56 5.17899e-02
 90   58 6.79594e-02
 90   60 5.77463e-02
 90   62 5.59721e-02
 90   64 5.95839e-02
 90   66 6.20025e-02
 90   68 7.00905e-02
 90   70 6.94682e-02
 90   72 6.75136e-02
 90   74 7.98360e-02
 90   76 1.08102e-01
 90   78 9.75743e-02
 90   80 1.22059e-01
 90   82 1.66899e-01
 90   84 2.11384e-01
 90   86 3.82622e-01
 90   88 1.07279e+00
