# C+CO2(ji) -> C+CO2(jf) molscat cross sections, CS8_JMAX90 approx. (written on 08/06/2020); 
# E=12240.000000 (1/cm) = 1.51756657609 eV
# ji  jf sigma(ji,jf) (1e-16 cm^2)
  0    0 1.93849e+02
  0    2 2.60470e+01
  0    4 1.01052e+01
  0    6 4.05253e+00
  0    8 2.44427e+00
  0   10 1.59195e+00
  0   12 1.26329e+00
  0   14 1.38627e+00
  0   16 1.08873e+00
  0   18 8.94677e-01
  0   20 1.01698e+00
  0   22 9.47543e-01
  0   24 8.85191e-01
  0   26 8.06275e-01
  0   28 7.88220e-01
  0   30 6.77686e-01
  0   32 7.12077e-01
  0   34 6.31615e-01
  0   36 5.95410e-01
  0   38 6.16715e-01
  0   40 5.58326e-01
  0   42 5.97033e-01
  0   44 5.87729e-01
  0   46 5.64234e-01
  0   48 5.46247e-01
  0   50 5.75339e-01
  0   52 5.84600e-01
  0   54 6.19776e-01
  0   56 6.63933e-01
  0   58 7.60488e-01
  0   60 5.39750e-01
  0   62 8.54023e-01
  0   64 4.12657e-01
  0   66 9.43628e-01
  0   68 4.47355e-01
  0   70 6.34371e-01
  0   72 4.00621e-01
  0   74 4.80581e-01
  0   76 4.88623e-01
  0   78 5.18561e-01
  0   80 4.42019e-01
  0   82 4.99584e-01
  0   84 4.42403e-01
  0   86 5.76273e-01
  0   88 2.69364e-01
  0   90 3.93562e-01
  1    1 2.04351e+02
  1    3 2.00847e+01
  1    5 7.49113e+00
  1    7 3.33592e+00
  1    9 2.07881e+00
  1   11 1.45757e+00
  1   13 1.33682e+00
  1   15 1.25355e+00
  1   17 1.02092e+00
  1   19 9.82337e-01
  1   21 1.00064e+00
  1   23 8.95231e-01
  1   25 8.41443e-01
  1   27 7.93594e-01
  1   29 7.37832e-01
  1   31 6.66161e-01
  1   33 6.43869e-01
  1   35 6.22664e-01
  1   37 5.82706e-01
  1   39 5.72901e-01
  1   41 5.67337e-01
  1   43 5.63747e-01
  1   45 5.98831e-01
  1   47 5.32794e-01
  1   49 6.04575e-01
  1   51 5.69485e-01
  1   53 6.29416e-01
  1   55 6.05480e-01
  1   57 7.63779e-01
  1   59 5.80782e-01
  1   61 8.47858e-01
  1   63 5.21367e-01
  1   65 8.69129e-01
  1   67 5.50269e-01
  1   69 6.36250e-01
  1   71 4.63524e-01
  1   73 4.70156e-01
  1   75 5.51636e-01
  1   77 4.78656e-01
  1   79 4.54813e-01
  1   81 5.11087e-01
  1   83 4.72328e-01
  1   85 5.95623e-01
  1   87 2.70394e-01
  1   89 4.31697e-01
  2    0 5.21039e+00
  2    2 2.04164e+02
  2    4 1.72725e+01
  2    6 6.42187e+00
  2    8 2.90207e+00
  2   10 1.86421e+00
  2   12 1.45858e+00
  2   14 1.25916e+00
  2   16 1.14604e+00
  2   18 1.03127e+00
  2   20 9.46575e-01
  2   22 9.21137e-01
  2   24 8.96288e-01
  2   26 7.92127e-01
  2   28 7.64446e-01
  2   30 6.95646e-01
  2   32 6.84457e-01
  2   34 6.47459e-01
  2   36 5.96175e-01
  2   38 6.06673e-01
  2   40 5.58713e-01
  2   42 5.92645e-01
  2   44 5.78393e-01
  2   46 5.60223e-01
  2   48 5.56981e-01
  2   50 5.95664e-01
  2   52 5.92271e-01
  2   54 6.65568e-01
  2   56 6.23521e-01
  2   58 7.35735e-01
  2   60 5.90853e-01
  2   62 8.30696e-01
  2   64 5.00829e-01
  2   66 8.20059e-01
  2   68 4.94487e-01
  2   70 6.06840e-01
  2   72 4.67517e-01
  2   74 4.59336e-01
  2   76 5.00742e-01
  2   78 4.91295e-01
  2   80 4.35382e-01
  2   82 5.37880e-01
  2   84 4.46775e-01
  2   86 5.73827e-01
  2   88 2.61502e-01
  2   90 4.16226e-01
  3    1 8.61048e+00
  3    3 2.03665e+02
  3    5 1.59534e+01
  3    7 5.80610e+00
  3    9 2.67921e+00
  3   11 1.81036e+00
  3   13 1.39358e+00
  3   15 1.18439e+00
  3   17 1.15549e+00
  3   19 1.02569e+00
  3   21 9.16668e-01
  3   23 9.32163e-01
  3   25 8.70431e-01
  3   27 7.68644e-01
  3   29 7.37815e-01
  3   31 7.14627e-01
  3   33 6.53021e-01
  3   35 6.26319e-01
  3   37 6.10486e-01
  3   39 6.00070e-01
  3   41 5.61788e-01
  3   43 5.63223e-01
  3   45 5.80298e-01
  3   47 5.52472e-01
  3   49 6.03625e-01
  3   51 5.88813e-01
  3   53 5.95106e-01
  3   55 6.29367e-01
  3   57 7.23853e-01
  3   59 6.54705e-01
  3   61 7.69209e-01
  3   63 6.07192e-01
  3   65 7.50154e-01
  3   67 5.76318e-01
  3   69 6.04811e-01
  3   71 5.37651e-01
  3   73 4.59632e-01
  3   75 5.39879e-01
  3   77 4.79884e-01
  3   79 4.48288e-01
  3   81 5.62372e-01
  3   83 4.63679e-01
  3   85 5.96695e-01
  3   87 2.63799e-01
  3   89 4.35431e-01
  4    0 1.12352e+00
  4    2 9.60011e+00
  4    4 2.03292e+02
  4    6 1.51486e+01
  4    8 5.44456e+00
  4   10 2.59077e+00
  4   12 1.74991e+00
  4   14 1.32259e+00
  4   16 1.17697e+00
  4   18 1.13729e+00
  4   20 9.72989e-01
  4   22 9.04738e-01
  4   24 9.05075e-01
  4   26 8.34812e-01
  4   28 7.72785e-01
  4   30 7.12063e-01
  4   32 7.00755e-01
  4   34 6.49178e-01
  4   36 6.11606e-01
  4   38 6.01439e-01
  4   40 5.74451e-01
  4   42 5.88016e-01
  4   44 5.59710e-01
  4   46 5.74702e-01
  4   48 5.75230e-01
  4   50 5.90026e-01
  4   52 5.89171e-01
  4   54 6.33343e-01
  4   56 6.74099e-01
  4   58 6.61886e-01
  4   60 6.65201e-01
  4   62 7.26798e-01
  4   64 6.27795e-01
  4   66 6.73678e-01
  4   68 5.51641e-01
  4   70 5.64309e-01
  4   72 5.36493e-01
  4   74 4.61355e-01
  4   76 5.02162e-01
  4   78 4.80066e-01
  4   80 4.29210e-01
  4   82 5.20710e-01
  4   84 4.62837e-01
  4   86 5.73150e-01
  4   88 2.68422e-01
  4   90 4.27850e-01
  5    1 2.04486e+00
  5    3 1.01580e+01
  5    5 2.03277e+02
  5    7 1.46557e+01
  5    9 5.25691e+00
  5   11 2.47438e+00
  5   13 1.66030e+00
  5   15 1.31938e+00
  5   17 1.14864e+00
  5   19 1.08316e+00
  5   21 9.66537e-01
  5   23 8.95465e-01
  5   25 8.74463e-01
  5   27 8.08104e-01
  5   29 7.45669e-01
  5   31 7.26955e-01
  5   33 6.70577e-01
  5   35 6.31254e-01
  5   37 6.09603e-01
  5   39 6.09623e-01
  5   41 5.66366e-01
  5   43 5.73391e-01
  5   45 5.78348e-01
  5   47 5.84708e-01
  5   49 5.99767e-01
  5   51 5.84530e-01
  5   53 5.92271e-01
  5   55 7.02126e-01
  5   57 6.61995e-01
  5   59 7.04273e-01
  5   61 6.64329e-01
  5   63 6.80094e-01
  5   65 6.59416e-01
  5   67 6.30990e-01
  5   69 5.54015e-01
  5   71 5.94887e-01
  5   73 4.99159e-01
  5   75 5.28668e-01
  5   77 5.00134e-01
  5   79 4.30911e-01
  5   81 5.56585e-01
  5   83 4.74855e-01
  5   85 6.07514e-01
  5   87 2.60218e-01
  5   89 4.40276e-01
  6    0 3.12151e-01
  6    2 2.47279e+00
  6    4 1.04949e+01
  6    6 2.03112e+02
  6    8 1.43443e+01
  6   10 5.08408e+00
  6   12 2.37486e+00
  6   14 1.64915e+00
  6   16 1.29140e+00
  6   18 1.12012e+00
  6   20 1.07125e+00
  6   22 9.48507e-01
  6   24 8.69984e-01
  6   26 8.58900e-01
  6   28 7.90656e-01
  6   30 7.27793e-01
  6   32 7.03305e-01
  6   34 6.67053e-01
  6   36 6.33691e-01
  6   38 6.16154e-01
  6   40 5.89809e-01
  6   42 5.88248e-01
  6   44 5.81480e-01
  6   46 5.81633e-01
  6   48 5.92602e-01
  6   50 5.82130e-01
  6   52 6.18707e-01
  6   54 6.33274e-01
  6   56 6.99368e-01
  6   58 6.22716e-01
  6   60 6.95353e-01
  6   62 6.49079e-01
  6   64 6.90455e-01
  6   66 5.92237e-01
  6   68 6.03470e-01
  6   70 5.35372e-01
  6   72 5.72029e-01
  6   74 4.91991e-01
  6   76 5.03143e-01
  6   78 4.86260e-01
  6   80 4.21472e-01
  6   82 5.28171e-01
  6   84 4.61832e-01
  6   86 6.04121e-01
  6   88 2.59858e-01
  6   90 4.26165e-01
  7    1 6.68334e-01
  7    3 2.71332e+00
  7    5 1.07564e+01
  7    7 2.03265e+02
  7    9 1.40749e+01
  7   11 4.93313e+00
  7   13 2.35237e+00
  7   15 1.62466e+00
  7   17 1.25659e+00
  7   19 1.10616e+00
  7   21 1.05459e+00
  7   23 9.47165e-01
  7   25 8.47278e-01
  7   27 8.50458e-01
  7   29 7.70465e-01
  7   31 7.12190e-01
  7   33 6.95466e-01
  7   35 6.63617e-01
  7   37 6.13839e-01
  7   39 6.19446e-01
  7   41 5.98106e-01
  7   43 5.97335e-01
  7   45 5.82803e-01
  7   47 5.95132e-01
  7   49 5.97739e-01
  7   51 6.06585e-01
  7   53 6.19716e-01
  7   55 6.94513e-01
  7   57 6.11955e-01
  7   59 7.26606e-01
  7   61 6.08824e-01
  7   63 7.09494e-01
  7   65 6.10557e-01
  7   67 6.52595e-01
  7   69 5.45590e-01
  7   71 6.01882e-01
  7   73 5.52221e-01
  7   75 5.31839e-01
  7   77 5.08515e-01
  7   79 4.29910e-01
  7   81 5.51798e-01
  7   83 4.71526e-01
  7   85 6.17887e-01
  7   87 2.69558e-01
  7   89 4.37267e-01
  8    0 1.44112e-01
  8    2 8.55351e-01
  8    4 2.88720e+00
  8    6 1.09797e+01
  8    8 2.03210e+02
  8   10 1.38710e+01
  8   12 4.86350e+00
  8   14 2.29931e+00
  8   16 1.57685e+00
  8   18 1.24299e+00
  8   20 1.08861e+00
  8   22 1.03151e+00
  8   24 9.30602e-01
  8   26 8.43172e-01
  8   28 8.16146e-01
  8   30 7.59451e-01
  8   32 7.16391e-01
  8   34 6.84203e-01
  8   36 6.57977e-01
  8   38 6.25704e-01
  8   40 6.23948e-01
  8   42 5.99184e-01
  8   44 5.91032e-01
  8   46 6.06738e-01
  8   48 6.02062e-01
  8   50 5.90982e-01
  8   52 6.32736e-01
  8   54 6.45471e-01
  8   56 6.65400e-01
  8   58 6.16622e-01
  8   60 7.02450e-01
  8   62 5.86629e-01
  8   64 6.76961e-01
  8   66 5.83966e-01
  8   68 6.26651e-01
  8   70 5.44245e-01
  8   72 5.89704e-01
  8   74 5.23830e-01
  8   76 5.15218e-01
  8   78 4.97684e-01
  8   80 4.18408e-01
  8   82 5.32027e-01
  8   84 4.62382e-01
  8   86 5.98822e-01
  8   88 2.50395e-01
  8   90 4.40934e-01
  9    1 3.29156e-01
  9    3 9.89537e-01
  9    5 3.04931e+00
  9    7 1.11238e+01
  9    9 1.75068e+02
  9   11 1.30551e+01
  9   13 4.52411e+00
  9   15 2.06821e+00
  9   17 1.40273e+00
  9   19 1.08947e+00
  9   21 9.54274e-01
  9   23 9.12452e-01
  9   25 8.14565e-01
  9   27 7.40377e-01
  9   29 7.39255e-01
  9   31 6.80126e-01
  9   33 6.38998e-01
  9   35 6.16402e-01
  9   37 5.75004e-01
  9   39 5.74658e-01
  9   41 5.51232e-01
  9   43 5.61352e-01
  9   45 5.61692e-01
  9   47 5.53322e-01
  9   49 5.66122e-01
  9   51 5.89297e-01
  9   53 5.89282e-01
  9   55 6.06798e-01
  9   57 5.65169e-01
  9   59 6.58437e-01
  9   61 5.64644e-01
  9   63 6.39004e-01
  9   65 5.73179e-01
  9   67 6.07943e-01
  9   69 5.24991e-01
  9   71 5.80196e-01
  9   73 5.17501e-01
  9   75 5.05262e-01
  9   77 4.93621e-01
  9   79 4.11385e-01
  9   81 5.05954e-01
  9   83 4.47633e-01
  9   85 5.66723e-01
  9   87 2.44838e-01
  9   89 3.93884e-01
 10    0 7.60738e-02
 10    2 4.45338e-01
 10    4 1.11353e+00
 10    6 3.15414e+00
 10    8 1.12425e+01
 10   10 1.53758e+02
 10   12 1.22339e+01
 10   14 4.25804e+00
 10   16 1.91319e+00
 10   18 1.28363e+00
 10   20 9.80356e-01
 10   22 8.53669e-01
 10   24 8.23969e-01
 10   26 7.35238e-01
 10   28 6.60545e-01
 10   30 6.41061e-01
 10   32 6.12827e-01
 10   34 5.71760e-01
 10   36 5.49741e-01
 10   38 5.20567e-01
 10   40 5.14098e-01
 10   42 5.06690e-01
 10   44 4.99141e-01
 10   46 5.15766e-01
 10   48 5.17135e-01
 10   50 5.28995e-01
 10   52 5.35968e-01
 10   54 5.22384e-01
 10   56 5.33144e-01
 10   58 5.19511e-01
 10   60 5.62950e-01
 10   62 4.66572e-01
 10   64 5.38752e-01
 10   66 4.86150e-01
 10   68 5.34652e-01
 10   70 4.53053e-01
 10   72 5.06448e-01
 10   74 4.37126e-01
 10   76 4.35019e-01
 10   78 4.14469e-01
 10   80 3.51630e-01
 10   82 4.31720e-01
 10   84 3.65504e-01
 10   86 4.59579e-01
 10   88 1.88705e-01
 10   90 3.15777e-01
 11    1 1.90910e-01
 11    3 5.53096e-01
 11    5 1.18726e+00
 11    7 3.22509e+00
 11    9 1.07992e+01
 11   11 1.37184e+02
 11   13 1.13931e+01
 11   15 4.04596e+00
 11   17 1.80935e+00
 11   19 1.18514e+00
 11   21 9.00923e-01
 11   23 7.88625e-01
 11   25 7.59114e-01
 11   27 6.69619e-01
 11   29 6.11354e-01
 11   31 5.96631e-01
 11   33 5.69450e-01
 11   35 5.34585e-01
 11   37 5.09218e-01
 11   39 4.96192e-01
 11   41 4.75771e-01
 11   43 4.79872e-01
 11   45 4.71770e-01
 11   47 4.90135e-01
 11   49 5.04962e-01
 11   51 4.89769e-01
 11   53 5.05000e-01
 11   55 4.73355e-01
 11   57 4.76663e-01
 11   59 5.02646e-01
 11   61 4.35854e-01
 11   63 4.70088e-01
 11   65 4.35160e-01
 11   67 4.78581e-01
 11   69 4.42451e-01
 11   71 4.66703e-01
 11   73 3.84573e-01
 11   75 4.29400e-01
 11   77 3.68189e-01
 11   79 3.31001e-01
 11   81 3.84734e-01
 11   83 3.39526e-01
 11   85 3.61978e-01
 11   87 1.80356e-01
 11   89 2.61399e-01
 12    0 5.07843e-02
 12    2 2.93117e-01
 12    4 6.32714e-01
 12    6 1.23944e+00
 12    8 3.31608e+00
 12   10 1.02916e+01
 12   12 1.23890e+02
 12   14 1.05935e+01
 12   16 3.82333e+00
 12   18 1.68304e+00
 12   20 1.10312e+00
 12   22 8.43322e-01
 12   24 7.20267e-01
 12   26 6.94570e-01
 12   28 6.05492e-01
 12   30 5.47530e-01
 12   32 5.51838e-01
 12   34 5.30855e-01
 12   36 4.87627e-01
 12   38 4.67959e-01
 12   40 4.55307e-01
 12   42 4.43905e-01
 12   44 4.38764e-01
 12   46 4.51268e-01
 12   48 4.50394e-01
 12   50 4.69766e-01
 12   52 4.37715e-01
 12   54 4.43685e-01
 12   56 4.26199e-01
 12   58 4.28900e-01
 12   60 4.16486e-01
 12   62 3.88482e-01
 12   64 3.91235e-01
 12   66 3.85901e-01
 12   68 4.24793e-01
 12   70 3.71739e-01
 12   72 4.22263e-01
 12   74 3.10125e-01
 12   76 3.83541e-01
 12   78 3.29740e-01
 12   80 2.88553e-01
 12   82 3.12607e-01
 12   84 2.77961e-01
 12   86 3.02512e-01
 12   88 1.49010e-01
 12   90 2.33340e-01
 13    1 1.49392e-01
 13    3 3.63268e-01
 13    5 6.79717e-01
 13    7 1.31215e+00
 13    9 3.19303e+00
 13   11 9.72081e+00
 13   13 1.13223e+02
 13   15 9.85847e+00
 13   17 3.61828e+00
 13   19 1.59986e+00
 13   21 1.05184e+00
 13   23 7.80868e-01
 13   25 6.67269e-01
 13   27 6.42242e-01
 13   29 5.70531e-01
 13   31 5.16106e-01
 13   33 5.19084e-01
 13   35 4.90488e-01
 13   37 4.57186e-01
 13   39 4.44286e-01
 13   41 4.40169e-01
 13   43 4.17764e-01
 13   45 4.13814e-01
 13   47 4.39862e-01
 13   49 4.30458e-01
 13   51 4.03105e-01
 13   53 4.17234e-01
 13   55 3.60052e-01
 13   57 4.19453e-01
 13   59 3.38901e-01
 13   61 3.56925e-01
 13   63 3.27782e-01
 13   65 3.51832e-01
 13   67 3.60850e-01
 13   69 3.36889e-01
 13   71 3.95905e-01
 13   73 2.90092e-01
 13   75 3.69716e-01
 13   77 3.10270e-01
 13   79 3.03851e-01
 13   81 3.12345e-01
 13   83 2.74070e-01
 13   85 2.95555e-01
 13   87 1.52230e-01
 13   89 2.28718e-01
 14    0 4.81248e-02
 14    2 2.18517e-01
 14    4 4.12963e-01
 14    6 7.43258e-01
 14    8 1.35384e+00
 14   10 3.09330e+00
 14   12 9.14818e+00
 14   14 1.04424e+02
 14   16 9.16144e+00
 14   18 3.42061e+00
 14   20 1.51261e+00
 14   22 9.91260e-01
 14   24 7.24943e-01
 14   26 6.15857e-01
 14   28 6.06290e-01
 14   30 5.33280e-01
 14   32 4.78637e-01
 14   34 4.82280e-01
 14   36 4.65494e-01
 14   38 4.27057e-01
 14   40 4.16051e-01
 14   42 4.01462e-01
 14   44 3.98217e-01
 14   46 3.89799e-01
 14   48 4.04031e-01
 14   50 3.85989e-01
 14   52 3.51333e-01
 14   54 3.75322e-01
 14   56 3.04485e-01
 14   58 3.50403e-01
 14   60 2.70056e-01
 14   62 3.15640e-01
 14   64 2.80743e-01
 14   66 3.15187e-01
 14   68 3.14031e-01
 14   70 2.95735e-01
 14   72 3.52405e-01
 14   74 2.53398e-01
 14   76 3.40503e-01
 14   78 3.07017e-01
 14   80 2.87016e-01
 14   82 2.86751e-01
 14   84 2.57255e-01
 14   86 2.64699e-01
 14   88 1.36538e-01
 14   90 2.02165e-01
 15    1 1.22239e-01
 15    3 2.69402e-01
 15    5 4.71326e-01
 15    7 7.90772e-01
 15    9 1.27372e+00
 15   11 3.01226e+00
 15   13 8.60241e+00
 15   15 9.70741e+01
 15   17 8.54855e+00
 15   19 3.23995e+00
 15   21 1.43914e+00
 15   23 9.32149e-01
 15   25 6.88791e-01
 15   27 5.85425e-01
 15   29 5.66039e-01
 15   31 4.98709e-01
 15   33 4.48867e-01
 15   35 4.57242e-01
 15   37 4.37105e-01
 15   39 4.03290e-01
 15   41 3.91713e-01
 15   43 3.82287e-01
 15   45 3.79157e-01
 15   47 3.76855e-01
 15   49 3.60051e-01
 15   51 3.32837e-01
 15   53 3.29938e-01
 15   55 2.95928e-01
 15   57 3.05538e-01
 15   59 2.60241e-01
 15   61 2.86660e-01
 15   63 2.66591e-01
 15   65 2.89057e-01
 15   67 2.84658e-01
 15   69 2.75915e-01
 15   71 3.18026e-01
 15   73 2.75565e-01
 15   75 3.16201e-01
 15   77 3.06173e-01
 15   79 3.05938e-01
 15   81 2.95087e-01
 15   83 2.56216e-01
 15   85 2.58254e-01
 15   87 1.26350e-01
 15   89 2.12675e-01
 16    0 3.32805e-02
 16    2 1.75128e-01
 16    4 3.23594e-01
 16    6 5.12496e-01
 16    8 8.17539e-01
 16   10 1.22383e+00
 16   12 2.90726e+00
 16   14 8.06702e+00
 16   16 9.07402e+01
 16   18 7.99838e+00
 16   20 3.06297e+00
 16   22 1.36428e+00
 16   24 8.79837e-01
 16   26 6.37255e-01
 16   28 5.51038e-01
 16   30 5.41016e-01
 16   32 4.73718e-01
 16   34 4.28916e-01
 16   36 4.38382e-01
 16   38 4.16725e-01
 16   40 3.78239e-01
 16   42 3.77728e-01
 16   44 3.69790e-01
 16   46 3.63255e-01
 16   48 3.42643e-01
 16   50 3.07416e-01
 16   52 3.13069e-01
 16   54 2.83299e-01
 16   56 2.66878e-01
 16   58 2.64361e-01
 16   60 2.43451e-01
 16   62 2.55781e-01
 16   64 2.57174e-01
 16   66 2.89819e-01
 16   68 2.62933e-01
 16   70 2.59510e-01
 16   72 2.74288e-01
 16   74 2.49339e-01
 16   76 2.84607e-01
 16   78 2.67428e-01
 16   80 2.74620e-01
 16   82 2.71187e-01
 16   84 2.33316e-01
 16   86 2.21836e-01
 16   88 1.21282e-01
 16   90 1.92002e-01
 17    1 8.83634e-02
 17    3 2.33286e-01
 17    5 3.64208e-01
 17    7 5.42875e-01
 17    9 7.66780e-01
 17   11 1.19566e+00
 17   13 2.80239e+00
 17   15 7.58766e+00
 17   17 8.52464e+01
 17   19 7.51126e+00
 17   21 2.90408e+00
 17   23 1.29324e+00
 17   25 8.35581e-01
 17   27 6.14892e-01
 17   29 5.21133e-01
 17   31 5.17882e-01
 17   33 4.54602e-01
 17   35 4.16462e-01
 17   37 4.11618e-01
 17   39 3.87597e-01
 17   41 3.67209e-01
 17   43 3.83120e-01
 17   45 3.46958e-01
 17   47 3.36985e-01
 17   49 2.98700e-01
 17   51 2.90371e-01
 17   53 2.76458e-01
 17   55 2.53056e-01
 17   57 2.49814e-01
 17   59 2.40204e-01
 17   61 2.53342e-01
 17   63 2.40633e-01
 17   65 2.61817e-01
 17   67 2.22892e-01
 17   69 2.44228e-01
 17   71 2.17083e-01
 17   73 2.71039e-01
 17   75 2.55693e-01
 17   77 2.72235e-01
 17   79 2.57931e-01
 17   81 2.58297e-01
 17   83 2.56957e-01
 17   85 2.34835e-01
 17   87 1.21935e-01
 17   89 2.01572e-01
 18    0 2.44470e-02
 18    2 1.40870e-01
 18    4 2.79509e-01
 18    6 3.97362e-01
 18    8 5.76075e-01
 18   10 7.33994e-01
 18   12 1.14401e+00
 18   14 2.69243e+00
 18   16 7.14979e+00
 18   18 8.04025e+01
 18   20 7.05929e+00
 18   22 2.74754e+00
 18   24 1.21595e+00
 18   26 7.93775e-01
 18   28 5.85158e-01
 18   30 4.92099e-01
 18   32 5.00862e-01
 18   34 4.43726e-01
 18   36 4.01933e-01
 18   38 3.89599e-01
 18   40 3.77563e-01
 18   42 3.72657e-01
 18   44 3.54416e-01
 18   46 3.33562e-01
 18   48 2.91252e-01
 18   50 2.81908e-01
 18   52 2.64968e-01
 18   54 2.46547e-01
 18   56 2.30206e-01
 18   58 2.30064e-01
 18   60 2.27136e-01
 18   62 2.37129e-01
 18   64 2.22807e-01
 18   66 2.32106e-01
 18   68 1.98861e-01
 18   70 2.23280e-01
 18   72 1.90111e-01
 18   74 2.53400e-01
 18   76 2.34890e-01
 18   78 2.41683e-01
 18   80 2.44910e-01
 18   82 2.23377e-01
 18   84 2.41620e-01
 18   86 2.22544e-01
 18   88 1.15920e-01
 18   90 1.80959e-01
 19    1 7.64861e-02
 19    3 1.86284e-01
 19    5 3.08959e-01
 19    7 4.29895e-01
 19    9 5.35734e-01
 19   11 7.04522e-01
 19   13 1.11467e+00
 19   15 2.58698e+00
 19   17 6.75697e+00
 19   19 7.60998e+01
 19   21 6.66004e+00
 19   23 2.60987e+00
 19   25 1.15632e+00
 19   27 7.67931e-01
 19   29 5.66143e-01
 19   31 4.83960e-01
 19   33 4.80795e-01
 19   35 4.22509e-01
 19   37 3.76403e-01
 19   39 3.92450e-01
 19   41 3.95540e-01
 19   43 3.46775e-01
 19   45 3.22882e-01
 19   47 3.02803e-01
 19   49 2.79385e-01
 19   51 2.60828e-01
 19   53 2.29469e-01
 19   55 2.19417e-01
 19   57 2.21193e-01
 19   59 2.26654e-01
 19   61 2.11655e-01
 19   63 2.09950e-01
 19   65 2.19023e-01
 19   67 1.96692e-01
 19   69 2.22435e-01
 19   71 1.85087e-01
 19   73 2.37529e-01
 19   75 2.40812e-01
 19   77 2.29930e-01
 19   79 2.53814e-01
 19   81 1.95650e-01
 19   83 2.50056e-01
 19   85 2.13306e-01
 19   87 1.15879e-01
 19   89 1.71443e-01
 20    0 2.51410e-02
 20    2 1.16980e-01
 20    4 2.16344e-01
 20    6 3.43813e-01
 20    8 4.56452e-01
 20   10 5.07163e-01
 20   12 6.78372e-01
 20   14 1.07715e+00
 20   16 2.47711e+00
 20   18 6.38663e+00
 20   20 7.22641e+01
 20   22 6.30764e+00
 20   24 2.47247e+00
 20   26 1.09202e+00
 20   28 7.30077e-01
 20   30 5.51254e-01
 20   32 4.64493e-01
 20   34 4.55188e-01
 20   36 4.04872e-01
 20   38 3.67547e-01
 20   40 3.92525e-01
 20   42 3.74025e-01
 20   44 3.29226e-01
 20   46 2.90087e-01
 20   48 2.93781e-01
 20   50 2.48830e-01
 20   52 2.37440e-01
 20   54 2.08265e-01
 20   56 2.12725e-01
 20   58 2.04705e-01
 20   60 2.06168e-01
 20   62 2.06278e-01
 20   64 1.91004e-01
 20   66 2.00395e-01
 20   68 1.79346e-01
 20   70 2.10374e-01
 20   72 1.82791e-01
 20   74 2.32225e-01
 20   76 2.27353e-01
 20   78 2.04330e-01
 20   80 2.29162e-01
 20   82 1.63546e-01
 20   84 2.28108e-01
 20   86 2.02359e-01
 20   88 1.06339e-01
 20   90 1.58909e-01
 21    1 7.08510e-02
 21    3 1.51398e-01
 21    5 2.50710e-01
 21    7 3.72712e-01
 21    9 4.26731e-01
 21   11 4.87035e-01
 21   13 6.66440e-01
 21   15 1.04497e+00
 21   17 2.37572e+00
 21   19 6.05653e+00
 21   21 6.87933e+01
 21   23 5.98381e+00
 21   25 2.35098e+00
 21   27 1.05000e+00
 21   29 6.99925e-01
 21   31 5.31985e-01
 21   33 4.39845e-01
 21   35 4.41457e-01
 21   37 4.15890e-01
 21   39 3.81593e-01
 21   41 3.59428e-01
 21   43 3.32018e-01
 21   45 3.00030e-01
 21   47 2.81878e-01
 21   49 2.63982e-01
 21   51 2.24483e-01
 21   53 2.15636e-01
 21   55 2.03678e-01
 21   57 2.16846e-01
 21   59 1.94827e-01
 21   61 1.98879e-01
 21   63 1.97985e-01
 21   65 1.93970e-01
 21   67 1.82268e-01
 21   69 2.19165e-01
 21   71 1.82596e-01
 21   73 2.11169e-01
 21   75 2.02332e-01
 21   77 1.70936e-01
 21   79 2.49854e-01
 21   81 1.66630e-01
 21   83 2.13276e-01
 21   85 1.90470e-01
 21   87 1.15288e-01
 21   89 1.48562e-01
 22    0 2.14018e-02
 22    2 1.04007e-01
 22    4 1.83797e-01
 22    6 2.78133e-01
 22    8 3.95163e-01
 22   10 4.03490e-01
 22   12 4.73826e-01
 22   14 6.44939e-01
 22   16 1.00806e+00
 22   18 2.27109e+00
 22   20 5.76297e+00
 22   22 6.57003e+01
 22   24 5.68839e+00
 22   26 2.23666e+00
 22   28 9.96124e-01
 22   30 6.86417e-01
 22   32 5.05785e-01
 22   34 4.25562e-01
 22   36 4.42116e-01
 22   38 4.14363e-01
 22   40 3.46171e-01
 22   42 3.39232e-01
 22   44 3.13942e-01
 22   46 2.83631e-01
 22   48 2.56283e-01
 22   50 2.37871e-01
 22   52 2.09981e-01
 22   54 2.00842e-01
 22   56 1.91370e-01
 22   58 1.87236e-01
 22   60 1.89897e-01
 22   62 1.84496e-01
 22   64 1.77054e-01
 22   66 1.73191e-01
 22   68 1.73909e-01
 22   70 1.93751e-01
 22   72 1.73299e-01
 22   74 1.94579e-01
 22   76 1.91409e-01
 22   78 1.72446e-01
 22   80 2.39566e-01
 22   82 1.47506e-01
 22   84 2.02071e-01
 22   86 1.58332e-01
 22   88 1.07685e-01
 22   90 1.39478e-01
 23    1 5.81622e-02
 23    3 1.41266e-01
 23    5 2.13127e-01
 23    7 3.07152e-01
 23    9 3.74394e-01
 23   11 3.91183e-01
 23   13 4.53970e-01
 23   15 6.21046e-01
 23   17 9.70739e-01
 23   19 2.17772e+00
 23   21 5.49054e+00
 23   23 6.27836e+01
 23   25 5.44208e+00
 23   27 2.12989e+00
 23   29 9.50451e-01
 23   31 6.57600e-01
 23   33 4.89098e-01
 23   35 4.17900e-01
 23   37 4.44734e-01
 23   39 3.77719e-01
 23   41 3.30946e-01
 23   43 3.21050e-01
 23   45 3.03142e-01
 23   47 2.56484e-01
 23   49 2.32978e-01
 23   51 2.23823e-01
 23   53 2.02120e-01
 23   55 1.89791e-01
 23   57 1.79385e-01
 23   59 1.93902e-01
 23   61 1.93728e-01
 23   63 1.79026e-01
 23   65 1.70982e-01
 23   67 1.77225e-01
 23   69 1.80818e-01
 23   71 1.88774e-01
 23   73 1.92779e-01
 23   75 1.73422e-01
 23   77 1.65611e-01
 23   79 2.20531e-01
 23   81 1.56366e-01
 23   83 1.80565e-01
 23   85 1.49612e-01
 23   87 1.05013e-01
 23   89 1.46899e-01
 24    0 1.84174e-02
 24    2 9.32237e-02
 24    4 1.69372e-01
 24    6 2.34998e-01
 24    8 3.28402e-01
 24   10 3.58754e-01
 24   12 3.72786e-01
 24   14 4.34486e-01
 24   16 5.98860e-01
 24   18 9.25863e-01
 24   20 2.08090e+00
 24   22 5.24000e+00
 24   24 6.02683e+01
 24   26 5.19688e+00
 24   28 2.03525e+00
 24   30 9.06857e-01
 24   32 6.32947e-01
 24   34 4.74227e-01
 24   36 4.09910e-01
 24   38 4.16254e-01
 24   40 3.64347e-01
 24   42 3.09570e-01
 24   44 3.12889e-01
 24   46 2.74525e-01
 24   48 2.40100e-01
 24   50 2.15353e-01
 24   52 2.08964e-01
 24   54 1.89385e-01
 24   56 1.75098e-01
 24   58 1.78164e-01
 24   60 1.80828e-01
 24   62 1.70645e-01
 24   64 1.72785e-01
 24   66 1.72979e-01
 24   68 1.72802e-01
 24   70 1.79250e-01
 24   72 1.63787e-01
 24   74 1.83416e-01
 24   76 1.54487e-01
 24   78 1.54940e-01
 24   80 2.10734e-01
 24   82 1.49453e-01
 24   84 1.64966e-01
 24   86 1.40521e-01
 24   88 9.92977e-02
 24   90 1.33840e-01
 25    1 5.05408e-02
 25    3 1.21952e-01
 25    5 1.92416e-01
 25    7 2.54018e-01
 25    9 3.08998e-01
 25   11 3.48118e-01
 25   13 3.58642e-01
 25   15 4.24265e-01
 25   17 5.79860e-01
 25   19 8.92017e-01
 25   21 1.99433e+00
 25   23 5.03125e+00
 25   25 5.77865e+01
 25   27 4.97056e+00
 25   29 1.94738e+00
 25   31 8.62686e-01
 25   33 6.19510e-01
 25   35 4.78051e-01
 25   37 3.80993e-01
 25   39 3.92914e-01
 25   41 3.49272e-01
 25   43 2.96506e-01
 25   45 2.82894e-01
 25   47 2.56954e-01
 25   49 2.26692e-01
 25   51 2.04904e-01
 25   53 1.92868e-01
 25   55 1.83143e-01
 25   57 1.86074e-01
 25   59 1.89429e-01
 25   61 1.68365e-01
 25   63 1.79993e-01
 25   65 1.73401e-01
 25   67 1.67524e-01
 25   69 1.77785e-01
 25   71 1.73255e-01
 25   73 1.71996e-01
 25   75 1.55610e-01
 25   77 1.59731e-01
 25   79 1.70336e-01
 25   81 1.55909e-01
 25   83 1.60365e-01
 25   85 1.36222e-01
 25   87 9.58528e-02
 25   89 1.31879e-01
 26    0 1.55610e-02
 26    2 7.64250e-02
 26    4 1.44913e-01
 26    6 2.15208e-01
 26    8 2.76008e-01
 26   10 2.96945e-01
 26   12 3.33461e-01
 26   14 3.42385e-01
 26   16 4.02345e-01
 26   18 5.60650e-01
 26   20 8.52541e-01
 26   22 1.91119e+00
 26   24 4.82064e+00
 26   26 5.57110e+01
 26   28 4.77797e+00
 26   30 1.86908e+00
 26   32 8.22165e-01
 26   34 6.02194e-01
 26   36 4.52867e-01
 26   38 3.60163e-01
 26   40 3.68809e-01
 26   42 3.37566e-01
 26   44 2.77712e-01
 26   46 2.68055e-01
 26   48 2.39430e-01
 26   50 2.16209e-01
 26   52 1.97497e-01
 26   54 1.85349e-01
 26   56 1.74640e-01
 26   58 1.70016e-01
 26   60 1.81808e-01
 26   62 1.62737e-01
 26   64 1.72230e-01
 26   66 1.58491e-01
 26   68 1.63234e-01
 26   70 1.64402e-01
 26   72 1.52976e-01
 26   74 1.63467e-01
 26   76 1.40607e-01
 26   78 1.61061e-01
 26   80 1.66325e-01
 26   82 1.32147e-01
 26   84 1.50993e-01
 26   86 1.26757e-01
 26   88 9.03122e-02
 26   90 1.27920e-01
 27    1 4.43531e-02
 27    3 1.00205e-01
 27    5 1.65454e-01
 27    7 2.37247e-01
 27    9 2.61331e-01
 27   11 2.85730e-01
 27   13 3.21194e-01
 27   15 3.35529e-01
 27   17 3.97047e-01
 27   19 5.51222e-01
 27   21 8.28791e-01
 27   23 1.83222e+00
 27   25 4.62503e+00
 27   27 5.36084e+01
 27   29 4.59929e+00
 27   31 1.78316e+00
 27   33 8.10851e-01
 27   35 5.81489e-01
 27   37 4.32315e-01
 27   39 3.39891e-01
 27   41 3.51393e-01
 27   43 3.19922e-01
 27   45 2.57659e-01
 27   47 2.44933e-01
 27   49 2.28909e-01
 27   51 2.04379e-01
 27   53 1.87163e-01
 27   55 1.90659e-01
 27   57 1.88579e-01
 27   59 1.71317e-01
 27   61 1.66631e-01
 27   63 1.72913e-01
 27   65 1.50914e-01
 27   67 1.60953e-01
 27   69 1.78407e-01
 27   71 1.48361e-01
 27   73 1.62936e-01
 27   75 1.41088e-01
 27   77 1.53351e-01
 27   79 1.51271e-01
 27   81 1.24131e-01
 27   83 1.38446e-01
 27   85 1.33377e-01
 27   87 8.57148e-02
 27   89 1.22216e-01
 28    0 1.41959e-02
 28    2 6.88255e-02
 28    4 1.25181e-01
 28    6 1.84869e-01
 28    8 2.49307e-01
 28   10 2.48950e-01
 28   12 2.71268e-01
 28   14 3.14541e-01
 28   16 3.24660e-01
 28   18 3.85682e-01
 28   20 5.31880e-01
 28   22 7.94289e-01
 28   24 1.76174e+00
 28   26 4.45866e+00
 28   28 5.18392e+01
 28   30 4.42033e+00
 28   32 1.70863e+00
 28   34 7.72306e-01
 28   36 5.49557e-01
 28   38 4.03101e-01
 28   40 3.31607e-01
 28   42 3.29219e-01
 28   44 2.98473e-01
 28   46 2.45749e-01
 28   48 2.34238e-01
 28   50 2.30793e-01
 28   52 1.97028e-01
 28   54 1.83095e-01
 28   56 1.74441e-01
 28   58 1.77609e-01
 28   60 1.66848e-01
 28   62 1.56369e-01
 28   64 1.56903e-01
 28   66 1.49495e-01
 28   68 1.56404e-01
 28   70 1.62085e-01
 28   72 1.41825e-01
 28   74 1.56573e-01
 28   76 1.44108e-01
 28   78 1.37311e-01
 28   80 1.32157e-01
 28   82 1.11498e-01
 28   84 1.34801e-01
 28   86 1.24369e-01
 28   88 8.37996e-02
 28   90 1.14644e-01
 29    1 3.85846e-02
 29    3 9.00000e-02
 29    5 1.42852e-01
 29    7 2.01109e-01
 29    9 2.44154e-01
 29   11 2.44091e-01
 29   13 2.66980e-01
 29   15 3.03554e-01
 29   17 3.14864e-01
 29   19 3.80243e-01
 29   21 5.16939e-01
 29   23 7.65034e-01
 29   25 1.69547e+00
 29   27 4.30350e+00
 29   29 5.00577e+01
 29   31 4.28014e+00
 29   33 1.64456e+00
 29   35 7.34936e-01
 29   37 5.25260e-01
 29   39 3.83468e-01
 29   41 3.03457e-01
 29   43 3.10113e-01
 29   45 2.86306e-01
 29   47 2.32620e-01
 29   49 2.32327e-01
 29   51 2.18046e-01
 29   53 1.98519e-01
 29   55 1.92430e-01
 29   57 1.81036e-01
 29   59 1.71587e-01
 29   61 1.64313e-01
 29   63 1.56681e-01
 29   65 1.50204e-01
 29   67 1.59263e-01
 29   69 1.57507e-01
 29   71 1.35182e-01
 29   73 1.51585e-01
 29   75 1.33738e-01
 29   77 1.29119e-01
 29   79 1.38577e-01
 29   81 1.18412e-01
 29   83 1.22291e-01
 29   85 1.16620e-01
 29   87 8.26613e-02
 29   89 1.08402e-01
 30    0 1.14491e-02
 30    2 5.87511e-02
 30    4 1.08200e-01
 30    6 1.59629e-01
 30    8 2.17616e-01
 30   10 2.26639e-01
 30   12 2.30104e-01
 30   14 2.59524e-01
 30   16 2.99008e-01
 30   18 3.04252e-01
 30   20 3.76723e-01
 30   22 5.13427e-01
 30   24 7.36357e-01
 30   26 1.63612e+00
 30   28 4.14649e+00
 30   30 4.85127e+01
 30   32 4.13021e+00
 30   34 1.57753e+00
 30   36 6.85889e-01
 30   38 5.10014e-01
 30   40 3.64564e-01
 30   42 2.83881e-01
 30   44 2.97364e-01
 30   46 2.73877e-01
 30   48 2.29732e-01
 30   50 2.21420e-01
 30   52 2.08334e-01
 30   54 1.87155e-01
 30   56 1.76238e-01
 30   58 1.70764e-01
 30   60 1.61344e-01
 30   62 1.47774e-01
 30   64 1.53630e-01
 30   66 1.44379e-01
 30   68 1.48211e-01
 30   70 1.45306e-01
 30   72 1.31915e-01
 30   74 1.38755e-01
 30   76 1.29203e-01
 30   78 1.29161e-01
 30   80 1.30327e-01
 30   82 1.06602e-01
 30   84 1.14873e-01
 30   86 1.03739e-01
 30   88 8.06353e-02
 30   90 1.06949e-01
 31    1 3.27558e-02
 31    3 8.19647e-02
 31    5 1.30948e-01
 31    7 1.74794e-01
 31    9 2.11208e-01
 31   11 2.23985e-01
 31   13 2.27086e-01
 31   15 2.51472e-01
 31   17 2.94210e-01
 31   19 3.05630e-01
 31   21 3.69436e-01
 31   23 4.97697e-01
 31   25 7.06228e-01
 31   27 1.56882e+00
 31   29 4.02448e+00
 31   31 4.69974e+01
 31   33 3.97982e+00
 31   35 1.50287e+00
 31   37 6.56467e-01
 31   39 4.87989e-01
 31   41 3.50304e-01
 31   43 2.73926e-01
 31   45 2.90640e-01
 31   47 2.73346e-01
 31   49 2.29924e-01
 31   51 2.31300e-01
 31   53 2.21735e-01
 31   55 1.86755e-01
 31   57 1.70253e-01
 31   59 1.60521e-01
 31   61 1.62149e-01
 31   63 1.48446e-01
 31   65 1.51558e-01
 31   67 1.44394e-01
 31   69 1.29899e-01
 31   71 1.29758e-01
 31   73 1.28157e-01
 31   75 1.10983e-01
 31   77 1.21675e-01
 31   79 1.31360e-01
 31   81 1.10575e-01
 31   83 1.03461e-01
 31   85 9.37230e-02
 31   87 8.51703e-02
 31   89 1.04473e-01
 32    0 1.13367e-02
 32    2 5.44743e-02
 32    4 1.00344e-01
 32    6 1.45367e-01
 32    8 1.93446e-01
 32   10 2.04169e-01
 32   12 2.18547e-01
 32   14 2.19506e-01
 32   16 2.46724e-01
 32   18 2.91822e-01
 32   20 2.99135e-01
 32   22 3.56512e-01
 32   24 4.84322e-01
 32   26 6.78210e-01
 32   28 1.51039e+00
 32   30 3.89216e+00
 32   32 4.56279e+01
 32   34 3.82192e+00
 32   36 1.45071e+00
 32   38 6.29240e-01
 32   40 4.66778e-01
 32   42 3.30152e-01
 32   44 2.57087e-01
 32   46 2.78530e-01
 32   48 2.59126e-01
 32   50 2.14929e-01
 32   52 2.04407e-01
 32   54 2.16110e-01
 32   56 1.78689e-01
 32   58 1.65245e-01
 32   60 1.53121e-01
 32   62 1.54466e-01
 32   64 1.48657e-01
 32   66 1.39256e-01
 32   68 1.39354e-01
 32   70 1.32060e-01
 32   72 1.21788e-01
 32   74 1.25180e-01
 32   76 1.00388e-01
 32   78 1.17499e-01
 32   80 1.23811e-01
 32   82 1.05372e-01
 32   84 1.04516e-01
 32   86 8.99402e-02
 32   88 8.52187e-02
 32   90 8.98536e-02
 33    1 2.98975e-02
 33    3 7.07299e-02
 33    5 1.14070e-01
 33    7 1.61189e-01
 33    9 1.87391e-01
 33   11 2.01881e-01
 33   13 2.15684e-01
 33   15 2.13741e-01
 33   17 2.43886e-01
 33   19 2.86731e-01
 33   21 2.88449e-01
 33   23 3.49565e-01
 33   25 4.78927e-01
 33   27 6.73678e-01
 33   29 1.46026e+00
 33   31 3.75830e+00
 33   33 4.42908e+01
 33   35 3.70388e+00
 33   37 1.38926e+00
 33   39 6.02035e-01
 33   41 4.53568e-01
 33   43 3.25021e-01
 33   45 2.48715e-01
 33   47 2.77529e-01
 33   49 2.63531e-01
 33   51 2.21055e-01
 33   53 2.14199e-01
 33   55 1.90463e-01
 33   57 1.79885e-01
 33   59 1.67522e-01
 33   61 1.54238e-01
 33   63 1.46904e-01
 33   65 1.38090e-01
 33   67 1.29702e-01
 33   69 1.23939e-01
 33   71 1.21324e-01
 33   73 1.20404e-01
 33   75 1.02290e-01
 33   77 1.15693e-01
 33   79 1.17382e-01
 33   81 1.09043e-01
 33   83 9.92670e-02
 33   85 8.78557e-02
 33   87 8.54351e-02
 33   89 9.38794e-02
 34    0 9.51481e-03
 34    2 4.87581e-02
 34    4 8.79583e-02
 34    6 1.30458e-01
 34    8 1.74817e-01
 34   10 1.80241e-01
 34   12 1.98929e-01
 34   14 2.09280e-01
 34   16 2.11374e-01
 34   18 2.44626e-01
 34   20 2.77376e-01
 34   22 2.83831e-01
 34   24 3.43354e-01
 34   26 4.70035e-01
 34   28 6.45983e-01
 34   30 1.40664e+00
 34   32 3.61634e+00
 34   34 4.30472e+01
 34   36 3.58760e+00
 34   38 1.33103e+00
 34   40 5.72702e-01
 34   42 4.32180e-01
 34   44 3.12541e-01
 34   46 2.40693e-01
 34   48 2.60776e-01
 34   50 2.53439e-01
 34   52 2.20805e-01
 34   54 2.05985e-01
 34   56 1.90689e-01
 34   58 1.72524e-01
 34   60 1.57188e-01
 34   62 1.49785e-01
 34   64 1.39974e-01
 34   66 1.31640e-01
 34   68 1.27174e-01
 34   70 1.16492e-01
 34   72 1.11773e-01
 34   74 1.12614e-01
 34   76 9.88048e-02
 34   78 1.10103e-01
 34   80 1.08395e-01
 34   82 1.02069e-01
 34   84 9.41654e-02
 34   86 7.93128e-02
 34   88 7.32849e-02
 34   90 1.05404e-01
 35    1 2.74091e-02
 35    3 6.43094e-02
 35    5 1.01795e-01
 35    7 1.45807e-01
 35    9 1.71363e-01
 35   11 1.79663e-01
 35   13 1.93202e-01
 35   15 2.06404e-01
 35   17 2.11803e-01
 35   19 2.38866e-01
 35   21 2.74448e-01
 35   23 2.83143e-01
 35   25 3.50346e-01
 35   27 4.57990e-01
 35   29 6.18632e-01
 35   31 1.34541e+00
 35   33 3.51124e+00
 35   35 4.19248e+01
 35   37 3.46031e+00
 35   39 1.28354e+00
 35   41 5.59067e-01
 35   43 4.25256e-01
 35   45 3.02366e-01
 35   47 2.40630e-01
 35   49 2.67290e-01
 35   51 2.50171e-01
 35   53 2.00802e-01
 35   55 1.95168e-01
 35   57 2.01997e-01
 35   59 1.67654e-01
 35   61 1.52384e-01
 35   63 1.44598e-01
 35   65 1.27972e-01
 35   67 1.21343e-01
 35   69 1.18944e-01
 35   71 1.12589e-01
 35   73 1.12959e-01
 35   75 9.88904e-02
 35   77 1.10762e-01
 35   79 1.01629e-01
 35   81 1.01622e-01
 35   83 9.08435e-02
 35   85 7.71649e-02
 35   87 7.50666e-02
 35   89 9.69817e-02
 36    0 8.51801e-03
 36    2 4.26366e-02
 36    4 7.86972e-02
 36    6 1.17696e-01
 36    8 1.59656e-01
 36   10 1.64579e-01
 36   12 1.73534e-01
 36   14 1.91830e-01
 36   16 2.05167e-01
 36   18 2.10434e-01
 36   20 2.34298e-01
 36   22 2.80032e-01
 36   24 2.81851e-01
 36   26 3.35690e-01
 36   28 4.36535e-01
 36   30 5.80811e-01
 36   32 1.30360e+00
 36   34 3.40705e+00
 36   36 4.07941e+01
 36   38 3.35385e+00
 36   40 1.23865e+00
 36   42 5.33536e-01
 36   44 4.04301e-01
 36   46 2.94121e-01
 36   48 2.26666e-01
 36   50 2.62014e-01
 36   52 2.40901e-01
 36   54 2.00527e-01
 36   56 1.86658e-01
 36   58 1.90422e-01
 36   60 1.63365e-01
 36   62 1.39097e-01
 36   64 1.33526e-01
 36   66 1.20662e-01
 36   68 1.17572e-01
 36   70 1.15045e-01
 36   72 1.09956e-01
 36   74 1.09120e-01
 36   76 9.71731e-02
 36   78 1.03567e-01
 36   80 1.00522e-01
 36   82 9.32488e-02
 36   84 8.59850e-02
 36   86 7.69354e-02
 36   88 8.00872e-02
 36   90 8.33539e-02
 37    1 2.44005e-02
 37    3 5.96296e-02
 37    5 9.35146e-02
 37    7 1.28300e-01
 37    9 1.52066e-01
 37   11 1.62800e-01
 37   13 1.71311e-01
 37   15 1.87701e-01
 37   17 1.99141e-01
 37   19 2.02432e-01
 37   21 2.45956e-01
 37   23 2.86644e-01
 37   25 2.65612e-01
 37   27 3.23909e-01
 37   29 4.20597e-01
 37   31 5.59052e-01
 37   33 1.25284e+00
 37   35 3.29172e+00
 37   37 3.98236e+01
 37   39 3.26409e+00
 37   41 1.19064e+00
 37   43 5.11038e-01
 37   45 4.00218e-01
 37   47 3.05211e-01
 37   49 2.22609e-01
 37   51 2.40001e-01
 37   53 2.44936e-01
 37   55 2.08936e-01
 37   57 1.86469e-01
 37   59 1.71613e-01
 37   61 1.52539e-01
 37   63 1.30793e-01
 37   65 1.21018e-01
 37   67 1.25612e-01
 37   69 1.16970e-01
 37   71 1.09249e-01
 37   73 1.09781e-01
 37   75 1.02953e-01
 37   77 1.05221e-01
 37   79 1.00942e-01
 37   81 8.74417e-02
 37   83 8.33765e-02
 37   85 8.06875e-02
 37   87 8.18617e-02
 37   89 7.98313e-02
 38    0 8.40646e-03
 38    2 4.13400e-02
 38    4 7.37370e-02
 38    6 1.09038e-01
 38    8 1.44660e-01
 38   10 1.48490e-01
 38   12 1.58676e-01
 38   14 1.67685e-01
 38   16 1.85827e-01
 38   18 1.94351e-01
 38   20 2.02661e-01
 38   22 2.50069e-01
 38   24 2.72707e-01
 38   26 2.54375e-01
 38   28 3.05089e-01
 38   30 4.11500e-01
 38   32 5.38748e-01
 38   34 1.20440e+00
 38   36 3.19558e+00
 38   38 3.88181e+01
 38   40 3.16386e+00
 38   42 1.14742e+00
 38   44 4.92598e-01
 38   46 3.87233e-01
 38   48 2.94020e-01
 38   50 2.14199e-01
 38   52 2.37574e-01
 38   54 2.33635e-01
 38   56 2.01088e-01
 38   58 1.78034e-01
 38   60 1.57267e-01
 38   62 1.45778e-01
 38   64 1.24211e-01
 38   66 1.16643e-01
 38   68 1.19858e-01
 38   70 1.07192e-01
 38   72 1.04726e-01
 38   74 1.03268e-01
 38   76 1.02748e-01
 38   78 1.03499e-01
 38   80 9.30823e-02
 38   82 8.90010e-02
 38   84 8.13244e-02
 38   86 7.85752e-02
 38   88 7.27744e-02
 38   90 7.87997e-02
 39    1 2.28929e-02
 39    3 5.59320e-02
 39    5 8.92412e-02
 39    7 1.23551e-01
 39    9 1.45025e-01
 39   11 1.51382e-01
 39   13 1.58864e-01
 39   15 1.65261e-01
 39   17 1.78944e-01
 39   19 2.01411e-01
 39   21 2.15353e-01
 39   23 2.32318e-01
 39   25 2.61397e-01
 39   27 2.43016e-01
 39   29 2.93017e-01
 39   31 3.96571e-01
 39   33 5.18089e-01
 39   35 1.16517e+00
 39   37 3.11483e+00
 39   39 3.79099e+01
 39   41 3.07508e+00
 39   43 1.12616e+00
 39   45 4.86540e-01
 39   47 3.70626e-01
 39   49 2.74236e-01
 39   51 2.20622e-01
 39   53 2.46556e-01
 39   55 2.30187e-01
 39   57 1.86089e-01
 39   59 1.61602e-01
 39   61 1.55690e-01
 39   63 1.35657e-01
 39   65 1.27973e-01
 39   67 1.18910e-01
 39   69 1.11358e-01
 39   71 1.03802e-01
 39   73 1.04699e-01
 39   75 9.67448e-02
 39   77 1.02907e-01
 39   79 9.50148e-02
 39   81 8.59102e-02
 39   83 7.81199e-02
 39   85 7.54476e-02
 39   87 7.35539e-02
 39   89 8.35317e-02
 40    0 7.27318e-03
 40    2 3.63841e-02
 40    4 6.73062e-02
 40    6 9.97491e-02
 40    8 1.37859e-01
 40   10 1.40145e-01
 40   12 1.47542e-01
 40   14 1.56122e-01
 40   16 1.61189e-01
 40   18 1.79998e-01
 40   20 2.06839e-01
 40   22 1.99654e-01
 40   24 2.28118e-01
 40   26 2.48934e-01
 40   28 2.39853e-01
 40   30 2.81105e-01
 40   32 3.81933e-01
 40   34 4.95242e-01
 40   36 1.12788e+00
 40   38 3.02360e+00
 40   40 3.70155e+01
 40   42 2.98063e+00
 40   44 1.08498e+00
 40   46 4.67197e-01
 40   48 3.60262e-01
 40   50 2.72723e-01
 40   52 2.04832e-01
 40   54 2.30992e-01
 40   56 2.22271e-01
 40   58 1.75368e-01
 40   60 1.57628e-01
 40   62 1.47405e-01
 40   64 1.35574e-01
 40   66 1.22393e-01
 40   68 1.18086e-01
 40   70 1.11680e-01
 40   72 1.05411e-01
 40   74 9.98968e-02
 40   76 9.13773e-02
 40   78 9.83525e-02
 40   80 9.41824e-02
 40   82 8.49916e-02
 40   84 8.12626e-02
 40   86 6.56884e-02
 40   88 7.35333e-02
 40   90 7.79666e-02
 41    1 2.16959e-02
 41    3 5.01127e-02
 41    5 7.93445e-02
 41    7 1.14166e-01
 41    9 1.33132e-01
 41   11 1.38911e-01
 41   13 1.50625e-01
 41   15 1.53616e-01
 41   17 1.62243e-01
 41   19 1.94269e-01
 41   21 1.94124e-01
 41   23 1.94799e-01
 41   25 2.22373e-01
 41   27 2.40438e-01
 41   29 2.21910e-01
 41   31 2.72441e-01
 41   33 3.73543e-01
 41   35 4.85690e-01
 41   37 1.08734e+00
 41   39 2.94288e+00
 41   41 3.62052e+01
 41   43 2.91627e+00
 41   45 1.04314e+00
 41   47 4.40351e-01
 41   49 3.64899e-01
 41   51 2.85740e-01
 41   53 2.01221e-01
 41   55 2.15059e-01
 41   57 2.07128e-01
 41   59 1.61192e-01
 41   61 1.50893e-01
 41   63 1.49697e-01
 41   65 1.37527e-01
 41   67 1.21224e-01
 41   69 1.07287e-01
 41   71 1.03507e-01
 41   73 9.36911e-02
 41   75 8.64548e-02
 41   77 9.38453e-02
 41   79 9.27315e-02
 41   81 8.56623e-02
 41   83 7.97452e-02
 41   85 7.18464e-02
 41   87 7.81082e-02
 41   89 8.67176e-02
 42    0 7.45303e-03
 42    2 3.69842e-02
 42    4 6.60221e-02
 42    6 9.53359e-02
 42    8 1.26866e-01
 42   10 1.32364e-01
 42   12 1.37848e-01
 42   14 1.44364e-01
 42   16 1.54257e-01
 42   18 1.70249e-01
 42   20 1.88871e-01
 42   22 1.87491e-01
 42   24 1.85739e-01
 42   26 2.18343e-01
 42   28 2.28194e-01
 42   30 2.09763e-01
 42   32 2.58875e-01
 42   34 3.58139e-01
 42   36 4.65561e-01
 42   38 1.05082e+00
 42   40 2.85632e+00
 42   42 3.54105e+01
 42   44 2.82912e+00
 42   46 1.00974e+00
 42   48 4.31649e-01
 42   50 3.49664e-01
 42   52 2.73759e-01
 42   54 2.01662e-01
 42   56 2.07718e-01
 42   58 2.02872e-01
 42   60 1.61680e-01
 42   62 1.54705e-01
 42   64 1.43125e-01
 42   66 1.32384e-01
 42   68 1.14682e-01
 42   70 1.05988e-01
 42   72 9.89945e-02
 42   74 8.91379e-02
 42   76 7.94670e-02
 42   78 8.89296e-02
 42   80 8.50015e-02
 42   82 9.05932e-02
 42   84 7.35042e-02
 42   86 6.92399e-02
 42   88 7.23422e-02
 42   90 8.13014e-02
 43    1 2.06860e-02
 43    3 4.82072e-02
 43    5 7.70774e-02
 43    7 1.09404e-01
 43    9 1.30089e-01
 43   11 1.34438e-01
 43   13 1.37173e-01
 43   15 1.43851e-01
 43   17 1.62422e-01
 43   19 1.63425e-01
 43   21 1.72062e-01
 43   23 1.81326e-01
 43   25 1.81138e-01
 43   27 2.10044e-01
 43   29 2.17598e-01
 43   31 2.04417e-01
 43   33 2.56842e-01
 43   35 3.54489e-01
 43   37 4.47814e-01
 43   39 1.03412e+00
 43   41 2.79824e+00
 43   43 3.46353e+01
 43   45 2.75008e+00
 43   47 9.83617e-01
 43   49 4.29609e-01
 43   51 3.43239e-01
 43   53 2.59790e-01
 43   55 1.92306e-01
 43   57 1.95552e-01
 43   59 1.92572e-01
 43   61 1.70325e-01
 43   63 1.45966e-01
 43   65 1.42197e-01
 43   67 1.21478e-01
 43   69 1.07758e-01
 43   71 1.00078e-01
 43   73 8.88283e-02
 43   75 8.32029e-02
 43   77 9.25311e-02
 43   79 8.51247e-02
 43   81 8.90838e-02
 43   83 7.56479e-02
 43   85 6.89387e-02
 43   87 7.92692e-02
 43   89 8.07957e-02
 44    0 7.04862e-03
 44    2 3.46767e-02
 44    4 6.03748e-02
 44    6 9.05364e-02
 44    8 1.20223e-01
 44   10 1.25269e-01
 44   12 1.30898e-01
 44   14 1.37571e-01
 44   16 1.45082e-01
 44   18 1.55554e-01
 44   20 1.59717e-01
 44   22 1.66696e-01
 44   24 1.80354e-01
 44   26 1.72571e-01
 44   28 1.98754e-01
 44   30 2.11093e-01
 44   32 1.93663e-01
 44   34 2.48821e-01
 44   36 3.38930e-01
 44   38 4.33402e-01
 44   40 9.98875e-01
 44   42 2.71797e+00
 44   44 3.39231e+01
 44   46 2.67832e+00
 44   48 9.56347e-01
 44   50 4.12580e-01
 44   52 3.37626e-01
 44   54 2.53325e-01
 44   56 1.82354e-01
 44   58 1.90144e-01
 44   60 1.96480e-01
 44   62 1.59092e-01
 44   64 1.40343e-01
 44   66 1.34901e-01
 44   68 1.18476e-01
 44   70 1.04785e-01
 44   72 9.55684e-02
 44   74 8.69611e-02
 44   76 7.85579e-02
 44   78 8.56173e-02
 44   80 8.68921e-02
 44   82 8.79230e-02
 44   84 6.87316e-02
 44   86 6.87079e-02
 44   88 7.20239e-02
 44   90 8.33020e-02
 45    1 2.11351e-02
 45    3 4.77739e-02
 45    5 7.47780e-02
 45    7 1.02670e-01
 45    9 1.25202e-01
 45   11 1.27126e-01
 45   13 1.30692e-01
 45   15 1.37231e-01
 45   17 1.41480e-01
 45   19 1.46360e-01
 45   21 1.49554e-01
 45   23 1.64680e-01
 45   25 1.66230e-01
 45   27 1.62712e-01
 45   29 1.93230e-01
 45   31 2.08616e-01
 45   33 1.89045e-01
 45   35 2.42434e-01
 45   37 3.37325e-01
 45   39 4.29734e-01
 45   41 9.62736e-01
 45   43 2.64517e+00
 45   45 3.32321e+01
 45   47 2.62432e+00
 45   49 9.35091e-01
 45   51 3.95801e-01
 45   53 3.16213e-01
 45   55 2.45748e-01
 45   57 1.76621e-01
 45   59 1.93038e-01
 45   61 1.92076e-01
 45   63 1.54919e-01
 45   65 1.38871e-01
 45   67 1.28280e-01
 45   69 1.08638e-01
 45   71 9.68240e-02
 45   73 9.08539e-02
 45   75 8.66784e-02
 45   77 9.50083e-02
 45   79 9.14982e-02
 45   81 8.01395e-02
 45   83 6.90597e-02
 45   85 6.46266e-02
 45   87 7.85092e-02
 45   89 7.71528e-02
 46    0 6.51616e-03
 46    2 3.23430e-02
 46    4 5.96953e-02
 46    6 8.72052e-02
 46    8 1.18846e-01
 46   10 1.24646e-01
 46   12 1.29641e-01
 46   14 1.29674e-01
 46   16 1.37238e-01
 46   18 1.40977e-01
 46   20 1.35516e-01
 46   22 1.45023e-01
 46   24 1.52378e-01
 46   26 1.60399e-01
 46   28 1.57583e-01
 46   30 1.87217e-01
 46   32 2.02044e-01
 46   34 1.84522e-01
 46   36 2.37430e-01
 46   38 3.28077e-01
 46   40 4.14186e-01
 46   42 9.34131e-01
 46   44 2.57910e+00
 46   46 3.25926e+01
 46   48 2.55796e+00
 46   50 9.10415e-01
 46   52 3.77252e-01
 46   54 3.05403e-01
 46   56 2.40333e-01
 46   58 1.79520e-01
 46   60 1.80765e-01
 46   62 1.83879e-01
 46   64 1.49973e-01
 46   66 1.32257e-01
 46   68 1.18406e-01
 46   70 1.04407e-01
 46   72 9.51391e-02
 46   74 8.56368e-02
 46   76 8.37185e-02
 46   78 9.46358e-02
 46   80 8.43561e-02
 46   82 7.77528e-02
 46   84 6.90874e-02
 46   86 6.28975e-02
 46   88 7.56130e-02
 46   90 6.97179e-02
 47    1 1.81278e-02
 47    3 4.38463e-02
 47    5 7.28799e-02
 47    7 1.01070e-01
 47    9 1.18898e-01
 47   11 1.27322e-01
 47   13 1.33920e-01
 47   15 1.31490e-01
 47   17 1.32468e-01
 47   19 1.32319e-01
 47   21 1.35450e-01
 47   23 1.34319e-01
 47   25 1.45554e-01
 47   27 1.49110e-01
 47   29 1.51347e-01
 47   31 1.89142e-01
 47   33 2.03355e-01
 47   35 1.85992e-01
 47   37 2.47992e-01
 47   39 3.15574e-01
 47   41 3.91785e-01
 47   43 9.12049e-01
 47   45 2.52988e+00
 47   47 3.19371e+01
 47   49 2.49169e+00
 47   51 8.81513e-01
 47   53 3.56826e-01
 47   55 3.01234e-01
 47   57 2.39277e-01
 47   59 1.71069e-01
 47   61 1.77968e-01
 47   63 1.75620e-01
 47   65 1.49142e-01
 47   67 1.21269e-01
 47   69 1.07959e-01
 47   71 1.02249e-01
 47   73 9.03535e-02
 47   75 8.99752e-02
 47   77 9.95362e-02
 47   79 8.26931e-02
 47   81 7.78536e-02
 47   83 6.77548e-02
 47   85 6.44053e-02
 47   87 7.23393e-02
 47   89 8.11099e-02
 48    0 6.08790e-03
 48    2 3.10317e-02
 48    4 5.76613e-02
 48    6 8.57437e-02
 48    8 1.13807e-01
 48   10 1.20608e-01
 48   12 1.24866e-01
 48   14 1.29710e-01
 48   16 1.24925e-01
 48   18 1.18792e-01
 48   20 1.32444e-01
 48   22 1.26458e-01
 48   24 1.28611e-01
 48   26 1.38262e-01
 48   28 1.44950e-01
 48   30 1.51551e-01
 48   32 1.81397e-01
 48   34 1.92929e-01
 48   36 1.76580e-01
 48   38 2.40395e-01
 48   40 3.08220e-01
 48   42 3.85367e-01
 48   44 8.88723e-01
 48   46 2.46854e+00
 48   48 3.13773e+01
 48   50 2.42546e+00
 48   52 8.48213e-01
 48   54 3.38842e-01
 48   56 2.88922e-01
 48   58 2.31854e-01
 48   60 1.69447e-01
 48   62 1.68330e-01
 48   64 1.69806e-01
 48   66 1.41300e-01
 48   68 1.21353e-01
 48   70 1.08197e-01
 48   72 9.82635e-02
 48   74 8.71198e-02
 48   76 9.00585e-02
 48   78 9.16123e-02
 48   80 8.18800e-02
 48   82 8.23042e-02
 48   84 6.85152e-02
 48   86 6.09512e-02
 48   88 7.51360e-02
 48   90 7.56472e-02
 49    1 1.98713e-02
 49    3 4.62789e-02
 49    5 7.22177e-02
 49    7 9.80643e-02
 49    9 1.17517e-01
 49   11 1.26718e-01
 49   13 1.26605e-01
 49   15 1.21359e-01
 49   17 1.13431e-01
 49   19 1.17939e-01
 49   21 1.22541e-01
 49   23 1.17865e-01
 49   25 1.24050e-01
 49   27 1.34621e-01
 49   29 1.46023e-01
 49   31 1.53693e-01
 49   33 1.86540e-01
 49   35 1.99581e-01
 49   37 1.74731e-01
 49   39 2.25570e-01
 49   41 3.13627e-01
 49   43 3.84820e-01
 49   45 8.70823e-01
 49   47 2.40706e+00
 49   49 3.07696e+01
 49   51 2.36414e+00
 49   53 8.17171e-01
 49   55 3.35934e-01
 49   57 2.79786e-01
 49   59 2.35477e-01
 49   61 1.65128e-01
 49   63 1.65258e-01
 49   65 1.65928e-01
 49   67 1.39608e-01
 49   69 1.11897e-01
 49   71 1.02921e-01
 49   73 9.33658e-02
 49   75 9.58671e-02
 49   77 8.87832e-02
 49   79 8.27219e-02
 49   81 7.77700e-02
 49   83 6.52916e-02
 49   85 6.37130e-02
 49   87 7.90412e-02
 49   89 6.87847e-02
 50    0 6.20049e-03
 50    2 3.20915e-02
 50    4 5.71924e-02
 50    6 8.14485e-02
 50    8 1.08026e-01
 50   10 1.19302e-01
 50   12 1.25938e-01
 50   14 1.19828e-01
 50   16 1.08383e-01
 50   18 1.11186e-01
 50   20 1.08476e-01
 50   22 1.13499e-01
 50   24 1.11548e-01
 50   26 1.20732e-01
 50   28 1.38105e-01
 50   30 1.41246e-01
 50   32 1.45492e-01
 50   34 1.81313e-01
 50   36 1.97381e-01
 50   38 1.69352e-01
 50   40 2.25625e-01
 50   42 3.01869e-01
 50   44 3.70752e-01
 50   46 8.49590e-01
 50   48 2.34541e+00
 50   50 3.02415e+01
 50   52 2.30479e+00
 50   54 7.96674e-01
 50   56 3.23749e-01
 50   58 2.73961e-01
 50   60 2.27348e-01
 50   62 1.62136e-01
 50   64 1.59223e-01
 50   66 1.63177e-01
 50   68 1.33092e-01
 50   70 1.07459e-01
 50   72 1.05185e-01
 50   74 9.46132e-02
 50   76 8.37557e-02
 50   78 8.53827e-02
 50   80 8.12789e-02
 50   82 7.51125e-02
 50   84 6.41358e-02
 50   86 6.33404e-02
 50   88 7.50505e-02
 50   90 7.25812e-02
 51    1 1.81177e-02
 51    3 4.36954e-02
 51    5 6.81255e-02
 51    7 9.63237e-02
 51    9 1.18404e-01
 51   11 1.18964e-01
 51   13 1.14757e-01
 51   15 1.08589e-01
 51   17 1.06731e-01
 51   19 1.06574e-01
 51   21 1.00863e-01
 51   23 1.09602e-01
 51   25 1.08531e-01
 51   27 1.16340e-01
 51   29 1.32651e-01
 51   31 1.49653e-01
 51   33 1.51454e-01
 51   35 1.80807e-01
 51   37 1.82341e-01
 51   39 1.75650e-01
 51   41 2.37713e-01
 51   43 2.97594e-01
 51   45 3.56776e-01
 51   47 8.24259e-01
 51   49 2.28831e+00
 51   51 2.97126e+01
 51   53 2.24893e+00
 51   55 7.78244e-01
 51   57 3.16090e-01
 51   59 2.64963e-01
 51   61 2.30458e-01
 51   63 1.64789e-01
 51   65 1.58636e-01
 51   67 1.50189e-01
 51   69 1.24216e-01
 51   71 1.09783e-01
 51   73 9.57631e-02
 51   75 8.97101e-02
 51   77 9.07952e-02
 51   79 7.93731e-02
 51   81 7.60221e-02
 51   83 6.15116e-02
 51   85 6.37258e-02
 51   87 8.03297e-02
 51   89 8.05293e-02
 52    0 6.10392e-03
 52    2 3.09141e-02
 52    4 5.53295e-02
 52    6 8.38680e-02
 52    8 1.12053e-01
 52   10 1.17107e-01
 52   12 1.13688e-01
 52   14 1.05670e-01
 52   16 1.06935e-01
 52   18 1.01248e-01
 52   20 1.00284e-01
 52   22 9.70687e-02
 52   24 1.04865e-01
 52   26 1.06845e-01
 52   28 1.14225e-01
 52   30 1.28757e-01
 52   32 1.34056e-01
 52   34 1.53042e-01
 52   36 1.75819e-01
 52   38 1.81978e-01
 52   40 1.64177e-01
 52   42 2.28973e-01
 52   44 2.93940e-01
 52   46 3.41074e-01
 52   48 7.94652e-01
 52   50 2.23296e+00
 52   52 2.91979e+01
 52   54 2.19361e+00
 52   56 7.56920e-01
 52   58 3.03359e-01
 52   60 2.62128e-01
 52   62 2.28869e-01
 52   64 1.64831e-01
 52   66 1.52953e-01
 52   68 1.43843e-01
 52   70 1.25552e-01
 52   72 1.03819e-01
 52   74 9.06147e-02
 52   76 8.79435e-02
 52   78 8.73421e-02
 52   80 7.67895e-02
 52   82 7.84266e-02
 52   84 6.08949e-02
 52   86 5.90172e-02
 52   88 7.70200e-02
 52   90 7.38278e-02
 53    1 1.94177e-02
 53    3 4.28246e-02
 53    5 6.69368e-02
 53    7 9.54278e-02
 53    9 1.14814e-01
 53   11 1.18947e-01
 53   13 1.15182e-01
 53   15 1.04382e-01
 53   17 9.85387e-02
 53   19 9.09208e-02
 53   21 9.39535e-02
 53   23 9.59763e-02
 53   25 9.90613e-02
 53   27 1.03313e-01
 53   29 1.17113e-01
 53   31 1.39119e-01
 53   33 1.42312e-01
 53   35 1.40731e-01
 53   37 1.80453e-01
 53   39 1.90351e-01
 53   41 1.62329e-01
 53   43 2.18419e-01
 53   45 2.76401e-01
 53   47 3.23543e-01
 53   49 7.67002e-01
 53   51 2.18080e+00
 53   53 2.87419e+01
 53   55 2.14790e+00
 53   57 7.38307e-01
 53   59 3.00042e-01
 53   61 2.55356e-01
 53   63 2.25067e-01
 53   65 1.57793e-01
 53   67 1.43600e-01
 53   69 1.43171e-01
 53   71 1.21974e-01
 53   73 9.69706e-02
 53   75 9.74049e-02
 53   77 9.96704e-02
 53   79 8.53875e-02
 53   81 7.62606e-02
 53   83 6.47063e-02
 53   85 6.00300e-02
 53   87 8.19080e-02
 53   89 7.68610e-02
 54    0 6.28070e-03
 54    2 3.37173e-02
 54    4 5.77268e-02
 54    6 8.33155e-02
 54    8 1.10943e-01
 54   10 1.10779e-01
 54   12 1.11847e-01
 54   14 1.09561e-01
 54   16 9.39181e-02
 54   18 9.14350e-02
 54   20 8.53727e-02
 54   22 9.01110e-02
 54   24 9.22416e-02
 54   26 9.73217e-02
 54   28 1.03023e-01
 54   30 1.12262e-01
 54   32 1.37559e-01
 54   34 1.38567e-01
 54   36 1.42044e-01
 54   38 1.73693e-01
 54   40 1.79694e-01
 54   42 1.63705e-01
 54   44 2.14054e-01
 54   46 2.67987e-01
 54   48 3.08100e-01
 54   50 7.49120e-01
 54   52 2.12904e+00
 54   54 2.82426e+01
 54   56 2.09686e+00
 54   58 7.18896e-01
 54   60 2.90050e-01
 54   62 2.44367e-01
 54   64 2.19857e-01
 54   66 1.57467e-01
 54   68 1.37382e-01
 54   70 1.34700e-01
 54   72 1.15441e-01
 54   74 9.58424e-02
 54   76 9.09402e-02
 54   78 9.03249e-02
 54   80 8.46223e-02
 54   82 7.29440e-02
 54   84 6.37430e-02
 54   86 6.37559e-02
 54   88 8.09959e-02
 54   90 7.33292e-02
 55    1 1.81449e-02
 55    3 4.39945e-02
 55    5 7.70823e-02
 55    7 1.03886e-01
 55    9 1.14845e-01
 55   11 1.08304e-01
 55   13 9.65526e-02
 55   15 9.09442e-02
 55   17 8.76171e-02
 55   19 8.44509e-02
 55   21 8.62046e-02
 55   23 8.75436e-02
 55   25 9.13753e-02
 55   27 1.02232e-01
 55   29 1.10273e-01
 55   31 1.13820e-01
 55   33 1.22922e-01
 55   35 1.32869e-01
 55   37 1.49528e-01
 55   39 1.72630e-01
 55   41 1.68530e-01
 55   43 1.57057e-01
 55   45 2.08663e-01
 55   47 2.65323e-01
 55   49 3.06289e-01
 55   51 7.33081e-01
 55   53 2.08645e+00
 55   55 2.78499e+01
 55   57 2.05816e+00
 55   59 7.07210e-01
 55   61 2.76336e-01
 55   63 2.38232e-01
 55   65 2.17193e-01
 55   67 1.51336e-01
 55   69 1.30316e-01
 55   71 1.30848e-01
 55   73 1.15991e-01
 55   75 1.03606e-01
 55   77 9.53903e-02
 55   79 8.37603e-02
 55   81 7.37117e-02
 55   83 6.25766e-02
 55   85 6.35944e-02
 55   87 8.06955e-02
 55   89 6.79574e-02
 56    0 6.54115e-03
 56    2 3.07091e-02
 56    4 5.97336e-02
 56    6 8.94533e-02
 56    8 1.11189e-01
 56   10 1.09918e-01
 56   12 1.04452e-01
 56   14 8.64124e-02
 56   16 8.60149e-02
 56   18 8.30017e-02
 56   20 8.47768e-02
 56   22 8.34743e-02
 56   24 8.29123e-02
 56   26 8.91493e-02
 56   28 9.54252e-02
 56   30 1.02775e-01
 56   32 1.10578e-01
 56   34 1.24712e-01
 56   36 1.28545e-01
 56   38 1.45340e-01
 56   40 1.68103e-01
 56   42 1.63934e-01
 56   44 1.49802e-01
 56   46 2.05027e-01
 56   48 2.55407e-01
 56   50 2.95962e-01
 56   52 7.14217e-01
 56   54 2.03857e+00
 56   56 2.73719e+01
 56   58 2.00829e+00
 56   60 6.84798e-01
 56   62 2.70608e-01
 56   64 2.28221e-01
 56   66 2.12256e-01
 56   68 1.50720e-01
 56   70 1.27433e-01
 56   72 1.26382e-01
 56   74 1.14447e-01
 56   76 1.05734e-01
 56   78 9.56258e-02
 56   80 7.88831e-02
 56   82 7.33784e-02
 56   84 6.13029e-02
 56   86 6.09055e-02
 56   88 7.64568e-02
 56   90 7.23754e-02
 57    1 2.22706e-02
 57    3 4.92326e-02
 57    5 7.07136e-02
 57    7 8.90647e-02
 57    9 1.04077e-01
 57   11 1.06116e-01
 57   13 1.09444e-01
 57   15 9.13614e-02
 57   17 8.41586e-02
 57   19 8.28348e-02
 57   21 8.92991e-02
 57   23 8.05090e-02
 57   25 9.03301e-02
 57   27 9.83856e-02
 57   29 1.00942e-01
 57   31 1.00960e-01
 57   33 1.12959e-01
 57   35 1.33804e-01
 57   37 1.29844e-01
 57   39 1.35789e-01
 57   41 1.57931e-01
 57   43 1.55394e-01
 57   45 1.45917e-01
 57   47 2.05059e-01
 57   49 2.48207e-01
 57   51 2.89705e-01
 57   53 6.97815e-01
 57   55 2.00257e+00
 57   57 2.69766e+01
 57   59 1.95774e+00
 57   61 6.63549e-01
 57   63 2.59181e-01
 57   65 2.17363e-01
 57   67 2.02015e-01
 57   69 1.44928e-01
 57   71 1.26935e-01
 57   73 1.24804e-01
 57   75 1.21604e-01
 57   77 1.00976e-01
 57   79 8.31560e-02
 57   81 7.55187e-02
 57   83 6.16620e-02
 57   85 6.37931e-02
 57   87 8.07437e-02
 57   89 6.97280e-02
 58    0 7.29582e-03
 58    2 3.52850e-02
 58    4 5.71124e-02
 58    6 7.75591e-02
 58    8 1.00335e-01
 58   10 1.04297e-01
 58   12 1.02356e-01
 58   14 9.68345e-02
 58   16 8.29680e-02
 58   18 8.07740e-02
 58   20 7.94402e-02
 58   22 7.95281e-02
 58   24 8.21505e-02
 58   26 8.45117e-02
 58   28 9.46085e-02
 58   30 9.69697e-02
 58   32 9.95755e-02
 58   34 1.09871e-01
 58   36 1.27696e-01
 58   38 1.25301e-01
 58   40 1.29150e-01
 58   42 1.55908e-01
 58   44 1.52103e-01
 58   46 1.49129e-01
 58   48 1.99580e-01
 58   50 2.43876e-01
 58   52 2.78734e-01
 58   54 6.80573e-01
 58   56 1.95560e+00
 58   58 2.65512e+01
 58   60 1.91278e+00
 58   62 6.51242e-01
 58   64 2.53504e-01
 58   66 2.14501e-01
 58   68 1.96729e-01
 58   70 1.45110e-01
 58   72 1.22463e-01
 58   74 1.20929e-01
 58   76 1.18289e-01
 58   78 9.57307e-02
 58   80 8.07927e-02
 58   82 7.55536e-02
 58   84 6.01722e-02
 58   86 6.32864e-02
 58   88 7.92325e-02
 58   90 6.83384e-02
 59    1 1.65031e-02
 59    3 4.33946e-02
 59    5 7.33122e-02
 59    7 1.03056e-01
 59    9 1.18162e-01
 59   11 1.09048e-01
 59   13 8.61723e-02
 59   15 7.58334e-02
 59   17 7.88586e-02
 59   19 8.27166e-02
 59   21 7.81863e-02
 59   23 8.48063e-02
 59   25 8.96152e-02
 59   27 8.71017e-02
 59   29 9.32348e-02
 59   31 9.27628e-02
 59   33 1.02514e-01
 59   35 1.08225e-01
 59   37 1.16454e-01
 59   39 1.14915e-01
 59   41 1.19773e-01
 59   43 1.49125e-01
 59   45 1.55415e-01
 59   47 1.42869e-01
 59   49 2.03574e-01
 59   51 2.36656e-01
 59   53 2.76359e-01
 59   55 6.70571e-01
 59   57 1.90784e+00
 59   59 2.61759e+01
 59   61 1.86489e+00
 59   63 6.32306e-01
 59   65 2.43970e-01
 59   67 2.00667e-01
 59   69 2.00384e-01
 59   71 1.47660e-01
 59   73 1.27135e-01
 59   75 1.26579e-01
 59   77 1.12944e-01
 59   79 9.22643e-02
 59   81 7.54931e-02
 59   83 6.50834e-02
 59   85 6.48240e-02
 59   87 8.36847e-02
 59   89 7.32182e-02
 60    0 5.04998e-03
 60    2 2.76352e-02
 60    4 5.59777e-02
 60    6 8.44624e-02
 60    8 1.11471e-01
 60   10 1.10220e-01
 60   12 9.69331e-02
 60   14 7.27832e-02
 60   16 7.45142e-02
 60   18 7.77719e-02
 60   20 7.80276e-02
 60   22 7.86619e-02
 60   24 8.13149e-02
 60   26 8.81364e-02
 60   28 8.66766e-02
 60   30 8.93531e-02
 60   32 8.99853e-02
 60   34 9.76265e-02
 60   36 1.06840e-01
 60   38 1.07946e-01
 60   40 1.13212e-01
 60   42 1.21176e-01
 60   44 1.53281e-01
 60   46 1.46447e-01
 60   48 1.42250e-01
 60   50 1.97372e-01
 60   52 2.34888e-01
 60   54 2.67792e-01
 60   56 6.50324e-01
 60   58 1.86544e+00
 60   60 2.58003e+01
 60   62 1.82360e+00
 60   64 6.23887e-01
 60   66 2.40483e-01
 60   68 1.95549e-01
 60   70 1.96837e-01
 60   72 1.49450e-01
 60   74 1.23904e-01
 60   76 1.18595e-01
 60   78 1.09322e-01
 60   80 8.49270e-02
 60   82 7.29890e-02
 60   84 6.31415e-02
 60   86 6.09908e-02
 60   88 8.03078e-02
 60   90 6.78069e-02
 61    1 2.35131e-02
 61    3 4.97588e-02
 61    5 6.74922e-02
 61    7 8.42754e-02
 61    9 9.88950e-02
 61   11 9.22850e-02
 61   13 8.85742e-02
 61   15 8.15242e-02
 61   17 8.11730e-02
 61   19 7.53863e-02
 61   21 7.78944e-02
 61   23 8.26937e-02
 61   25 7.77356e-02
 61   27 8.26830e-02
 61   29 8.71367e-02
 61   31 9.14519e-02
 61   33 9.21172e-02
 61   35 9.60030e-02
 61   37 1.01023e-01
 61   39 1.08051e-01
 61   41 1.09426e-01
 61   43 1.28728e-01
 61   45 1.50924e-01
 61   47 1.45059e-01
 61   49 1.39326e-01
 61   51 2.00891e-01
 61   53 2.29548e-01
 61   55 2.55723e-01
 61   57 6.31096e-01
 61   59 1.82007e+00
 61   61 2.54361e+01
 61   63 1.78225e+00
 61   65 6.01759e-01
 61   67 2.31785e-01
 61   69 1.99025e-01
 61   71 2.00949e-01
 61   73 1.52258e-01
 61   75 1.27904e-01
 61   77 1.18208e-01
 61   79 9.77272e-02
 61   81 7.85176e-02
 61   83 6.62984e-02
 61   85 6.83602e-02
 61   87 8.84136e-02
 61   89 7.37079e-02
 62    0 7.80395e-03
 62    2 3.79467e-02
 62    4 5.97344e-02
 62    6 7.70023e-02
 62    8 9.09200e-02
 62   10 8.92190e-02
 62   12 8.83061e-02
 62   14 8.30840e-02
 62   16 7.64619e-02
 62   18 7.92996e-02
 62   20 7.62480e-02
 62   22 7.46415e-02
 62   24 7.49458e-02
 62   26 7.70510e-02
 62   28 7.93380e-02
 62   30 7.99286e-02
 62   32 8.86581e-02
 62   34 9.08585e-02
 62   36 8.88468e-02
 62   38 9.77260e-02
 62   40 1.03400e-01
 62   42 1.13244e-01
 62   44 1.21218e-01
 62   46 1.45494e-01
 62   48 1.38016e-01
 62   50 1.37475e-01
 62   52 2.00301e-01
 62   54 2.20351e-01
 62   56 2.50990e-01
 62   58 6.20305e-01
 62   60 1.78106e+00
 62   62 2.51146e+01
 62   64 1.74065e+00
 62   66 5.88980e-01
 62   68 2.27549e-01
 62   70 1.91565e-01
 62   72 1.90716e-01
 62   74 1.48105e-01
 62   76 1.27660e-01
 62   78 1.11722e-01
 62   80 9.79380e-02
 62   82 7.83390e-02
 62   84 6.59130e-02
 62   86 6.49357e-02
 62   88 8.37731e-02
 62   90 7.26138e-02
 63    1 1.41314e-02
 63    3 3.83890e-02
 63    5 6.75296e-02
 63    7 9.59871e-02
 63    9 1.09385e-01
 63   11 9.72801e-02
 63   13 7.95007e-02
 63   15 7.41004e-02
 63   17 7.53555e-02
 63   19 7.30862e-02
 63   21 7.57887e-02
 63   23 7.46884e-02
 63   25 8.12233e-02
 63   27 8.38581e-02
 63   29 8.12084e-02
 63   31 8.18277e-02
 63   33 8.57507e-02
 63   35 8.90358e-02
 63   37 8.46598e-02
 63   39 9.20163e-02
 63   41 1.06101e-01
 63   43 1.07821e-01
 63   45 1.18972e-01
 63   47 1.39905e-01
 63   49 1.36279e-01
 63   51 1.40395e-01
 63   53 1.97739e-01
 63   55 2.15470e-01
 63   57 2.40925e-01
 63   59 6.03140e-01
 63   61 1.74190e+00
 63   63 2.47669e+01
 63   65 1.69597e+00
 63   67 5.80146e-01
 63   69 2.32338e-01
 63   71 1.91257e-01
 63   73 1.97105e-01
 63   75 1.54308e-01
 63   77 1.17236e-01
 63   79 1.00322e-01
 63   81 8.81438e-02
 63   83 6.92616e-02
 63   85 7.20265e-02
 63   87 9.21344e-02
 63   89 7.37563e-02
 64    0 3.68799e-03
 64    2 2.23758e-02
 64    4 5.04643e-02
 64    6 8.01120e-02
 64    8 1.02616e-01
 64   10 1.00759e-01
 64   12 8.69788e-02
 64   14 7.22754e-02
 64   16 7.51900e-02
 64   18 7.28738e-02
 64   20 6.90516e-02
 64   22 7.00576e-02
 64   24 7.42189e-02
 64   26 7.97548e-02
 64   28 7.78602e-02
 64   30 8.12711e-02
 64   32 8.34505e-02
 64   34 8.30423e-02
 64   36 8.34150e-02
 64   38 8.14393e-02
 64   40 9.30127e-02
 64   42 1.02467e-01
 64   44 1.04584e-01
 64   46 1.16060e-01
 64   48 1.36169e-01
 64   50 1.32040e-01
 64   52 1.41088e-01
 64   54 1.93896e-01
 64   56 2.07027e-01
 64   58 2.36159e-01
 64   60 5.95951e-01
 64   62 1.70242e+00
 64   64 2.44503e+01
 64   66 1.65898e+00
 64   68 5.69730e-01
 64   70 2.31287e-01
 64   72 1.85299e-01
 64   74 1.87006e-01
 64   76 1.54946e-01
 64   78 1.15859e-01
 64   80 9.63654e-02
 64   82 8.56087e-02
 64   84 6.66596e-02
 64   86 6.86535e-02
 64   88 8.90986e-02
 64   90 7.17391e-02
 65    1 2.30557e-02
 65    3 4.64175e-02
 65    5 6.40820e-02
 65    7 8.08427e-02
 65    9 9.60274e-02
 65   11 8.81342e-02
 65   13 8.35164e-02
 65   15 7.86339e-02
 65   17 8.02431e-02
 65   19 7.46210e-02
 65   21 7.26707e-02
 65   23 6.98131e-02
 65   25 7.65821e-02
 65   27 7.16301e-02
 65   29 7.61935e-02
 65   31 8.17640e-02
 65   33 7.88891e-02
 65   35 7.71200e-02
 65   37 7.66646e-02
 65   39 8.49554e-02
 65   41 9.53995e-02
 65   43 1.02800e-01
 65   45 1.04377e-01
 65   47 1.16281e-01
 65   49 1.33917e-01
 65   51 1.32274e-01
 65   53 1.35681e-01
 65   55 1.92257e-01
 65   57 1.97749e-01
 65   59 2.27760e-01
 65   61 5.75610e-01
 65   63 1.65985e+00
 65   65 2.41319e+01
 65   67 1.62083e+00
 65   69 5.65833e-01
 65   71 2.31148e-01
 65   73 1.85158e-01
 65   75 1.91335e-01
 65   77 1.45170e-01
 65   79 1.05783e-01
 65   81 9.15921e-02
 65   83 7.70168e-02
 65   85 7.44653e-02
 65   87 9.78495e-02
 65   89 7.61858e-02
 66    0 8.25928e-03
 66    2 3.58817e-02
 66    4 5.30346e-02
 66    6 6.72974e-02
 66    8 8.66922e-02
 66   10 8.90441e-02
 66   12 8.40218e-02
 66   14 7.94678e-02
 66   16 8.29850e-02
 66   18 7.43477e-02
 66   20 7.09510e-02
 66   22 6.71144e-02
 66   24 7.27683e-02
 66   26 7.18775e-02
 66   28 7.26531e-02
 66   30 7.48007e-02
 66   32 7.65592e-02
 66   34 7.64861e-02
 66   36 7.38225e-02
 66   38 7.48983e-02
 66   40 8.22361e-02
 66   42 9.28201e-02
 66   44 9.84529e-02
 66   46 1.00237e-01
 66   48 1.10970e-01
 66   50 1.32525e-01
 66   52 1.28218e-01
 66   54 1.36006e-01
 66   56 1.88570e-01
 66   58 1.95699e-01
 66   60 2.24973e-01
 66   62 5.64153e-01
 66   64 1.62474e+00
 66   66 2.38398e+01
 66   68 1.58295e+00
 66   70 5.53196e-01
 66   72 2.28044e-01
 66   74 1.81942e-01
 66   76 1.85991e-01
 66   78 1.41883e-01
 66   80 1.03335e-01
 66   82 8.95612e-02
 66   84 7.34039e-02
 66   86 7.31877e-02
 66   88 9.46290e-02
 66   90 7.40024e-02
 67    1 1.43052e-02
 67    3 3.49477e-02
 67    5 6.00930e-02
 67    7 8.46805e-02
 67    9 9.98143e-02
 67   11 9.49897e-02
 67   13 8.39437e-02
 67   15 7.58882e-02
 67   17 6.69469e-02
 67   19 6.56723e-02
 67   21 6.69205e-02
 67   23 7.09149e-02
 67   25 7.25068e-02
 67   27 7.48671e-02
 67   29 7.91727e-02
 67   31 7.63410e-02
 67   33 7.26149e-02
 67   35 7.16624e-02
 67   37 7.79830e-02
 67   39 7.73601e-02
 67   41 8.24081e-02
 67   43 8.60640e-02
 67   45 9.44879e-02
 67   47 9.26579e-02
 67   49 1.10421e-01
 67   51 1.22726e-01
 67   53 1.21008e-01
 67   55 1.31282e-01
 67   57 1.80110e-01
 67   59 1.83587e-01
 67   61 2.17278e-01
 67   63 5.56433e-01
 67   65 1.58841e+00
 67   67 2.35475e+01
 67   69 1.55766e+00
 67   71 5.48108e-01
 67   73 2.37446e-01
 67   75 1.80876e-01
 67   77 1.73590e-01
 67   79 1.34239e-01
 67   81 1.00341e-01
 67   83 8.41924e-02
 67   85 8.87914e-02
 67   87 1.04395e-01
 67   89 8.26078e-02
 68    0 3.83972e-03
 68    2 2.12172e-02
 68    4 4.25862e-02
 68    6 6.72456e-02
 68    8 9.12268e-02
 68   10 9.60308e-02
 68   12 9.06981e-02
 68   14 7.76425e-02
 68   16 7.38284e-02
 68   18 6.24651e-02
 68   20 6.22685e-02
 68   22 6.60875e-02
 68   24 7.12858e-02
 68   26 7.25944e-02
 68   28 7.45382e-02
 68   30 7.52984e-02
 68   32 7.51290e-02
 68   34 7.24598e-02
 68   36 7.05389e-02
 68   38 7.54720e-02
 68   40 7.78055e-02
 68   42 7.88508e-02
 68   44 8.47911e-02
 68   46 8.80014e-02
 68   48 9.34588e-02
 68   50 1.05997e-01
 68   52 1.18245e-01
 68   54 1.16360e-01
 68   56 1.31307e-01
 68   58 1.76008e-01
 68   60 1.79393e-01
 68   62 2.13735e-01
 68   64 5.47160e-01
 68   66 1.55228e+00
 68   68 2.32813e+01
 68   70 1.52033e+00
 68   72 5.41783e-01
 68   74 2.35156e-01
 68   76 1.75046e-01
 68   78 1.70219e-01
 68   80 1.32096e-01
 68   82 9.59501e-02
 68   84 8.23263e-02
 68   86 8.01729e-02
 68   88 1.01278e-01
 68   90 7.69414e-02
 69    1 1.62303e-02
 69    3 3.59879e-02
 69    5 5.17730e-02
 69    7 6.94682e-02
 69    9 8.45789e-02
 69   11 8.61721e-02
 69   13 7.69004e-02
 69   15 7.21783e-02
 69   17 7.19797e-02
 69   19 7.28750e-02
 69   21 7.89586e-02
 69   23 7.09958e-02
 69   25 7.55048e-02
 69   27 8.14301e-02
 69   29 7.68320e-02
 69   31 6.73897e-02
 69   33 6.80878e-02
 69   35 6.89285e-02
 69   37 7.12565e-02
 69   39 7.10882e-02
 69   41 7.15664e-02
 69   43 7.49124e-02
 69   45 7.85197e-02
 69   47 8.09414e-02
 69   49 8.68441e-02
 69   51 9.95991e-02
 69   53 1.18384e-01
 69   55 1.10927e-01
 69   57 1.26790e-01
 69   59 1.79891e-01
 69   61 1.83071e-01
 69   63 2.18663e-01
 69   65 5.44118e-01
 69   67 1.52846e+00
 69   69 2.30211e+01
 69   71 1.48939e+00
 69   73 5.34828e-01
 69   75 2.32714e-01
 69   77 1.67498e-01
 69   79 1.52742e-01
 69   81 1.21672e-01
 69   83 9.24662e-02
 69   85 9.20092e-02
 69   87 1.12681e-01
 69   89 8.31707e-02
 70    0 5.34614e-03
 70    2 2.55657e-02
 70    4 4.27740e-02
 70    6 5.85753e-02
 70    8 7.77934e-02
 70   10 7.98988e-02
 70   12 7.79311e-02
 70   14 7.17927e-02
 70   16 7.15457e-02
 70   18 6.88632e-02
 70   20 7.17165e-02
 70   22 7.22921e-02
 70   24 7.26048e-02
 70   26 7.17876e-02
 70   28 7.58444e-02
 70   30 7.24834e-02
 70   32 6.99050e-02
 70   34 6.51700e-02
 70   36 6.77710e-02
 70   38 6.62724e-02
 70   40 7.22500e-02
 70   42 7.15515e-02
 70   44 7.36323e-02
 70   46 7.61897e-02
 70   48 8.18151e-02
 70   50 8.40307e-02
 70   52 1.01338e-01
 70   54 1.12019e-01
 70   56 1.09005e-01
 70   58 1.27471e-01
 70   60 1.77299e-01
 70   62 1.76673e-01
 70   64 2.18096e-01
 70   66 5.32641e-01
 70   68 1.49276e+00
 70   70 2.27629e+01
 70   72 1.45284e+00
 70   74 5.23637e-01
 70   76 2.37370e-01
 70   78 1.58047e-01
 70   80 1.49480e-01
 70   82 1.19402e-01
 70   84 9.15002e-02
 70   86 8.86246e-02
 70   88 1.09063e-01
 70   90 8.15466e-02
 71    1 1.16169e-02
 71    3 3.14308e-02
 71    5 5.46179e-02
 71    7 7.52922e-02
 71    9 9.18340e-02
 71   11 8.93017e-02
 71   13 8.87872e-02
 71   15 8.17357e-02
 71   17 6.28580e-02
 71   19 5.95758e-02
 71   21 6.46305e-02
 71   23 7.28202e-02
 71   25 7.22909e-02
 71   27 6.65286e-02
 71   29 6.47855e-02
 71   31 6.61368e-02
 71   33 6.54823e-02
 71   35 6.41021e-02
 71   37 6.53861e-02
 71   39 6.51028e-02
 71   41 6.78342e-02
 71   43 6.83538e-02
 71   45 6.87541e-02
 71   47 7.53169e-02
 71   49 7.84768e-02
 71   51 8.64834e-02
 71   53 9.90883e-02
 71   55 1.09428e-01
 71   57 1.09102e-01
 71   59 1.30235e-01
 71   61 1.81599e-01
 71   63 1.76845e-01
 71   65 2.18381e-01
 71   67 5.28402e-01
 71   69 1.46328e+00
 71   71 2.25375e+01
 71   73 1.42049e+00
 71   75 5.11962e-01
 71   77 2.21966e-01
 71   79 1.52436e-01
 71   81 1.45039e-01
 71   83 1.16861e-01
 71   85 1.02269e-01
 71   87 1.21035e-01
 71   89 8.58291e-02
 72    0 3.31905e-03
 72    2 1.93626e-02
 72    4 3.99769e-02
 72    6 6.15261e-02
 72    8 8.28638e-02
 72   10 8.78028e-02
 72   12 8.70237e-02
 72   14 8.41012e-02
 72   16 7.43391e-02
 72   18 5.76406e-02
 72   20 6.12582e-02
 72   22 6.35660e-02
 72   24 6.52181e-02
 72   26 6.56671e-02
 72   28 6.52406e-02
 72   30 6.46895e-02
 72   32 6.33761e-02
 72   34 6.14711e-02
 72   36 6.36760e-02
 72   38 6.36510e-02
 72   40 6.70394e-02
 72   42 6.56986e-02
 72   44 6.60187e-02
 72   46 6.82505e-02
 72   48 7.30456e-02
 72   50 8.08596e-02
 72   52 8.23769e-02
 72   54 9.43773e-02
 72   56 1.06276e-01
 72   58 1.05756e-01
 72   60 1.32336e-01
 72   62 1.72911e-01
 72   64 1.71772e-01
 72   66 2.15852e-01
 72   68 5.22948e-01
 72   70 1.42823e+00
 72   72 2.23017e+01
 72   74 1.38567e+00
 72   76 5.03166e-01
 72   78 2.21657e-01
 72   80 1.51848e-01
 72   82 1.38060e-01
 72   84 1.12496e-01
 72   86 9.93520e-02
 72   88 1.19456e-01
 72   90 8.51841e-02
 73    1 1.15905e-02
 73    3 2.64306e-02
 73    5 4.50798e-02
 73    7 6.79505e-02
 73    9 8.05716e-02
 73   11 7.23837e-02
 73   13 6.39938e-02
 73   15 6.96651e-02
 73   17 7.71983e-02
 73   19 7.52062e-02
 73   21 7.35226e-02
 73   23 7.31495e-02
 73   25 7.05928e-02
 73   27 7.18703e-02
 73   29 7.14593e-02
 73   31 6.42529e-02
 73   33 6.39235e-02
 73   35 6.32613e-02
 73   37 6.46305e-02
 73   39 6.45920e-02
 73   41 6.03977e-02
 73   43 5.96784e-02
 73   45 6.34602e-02
 73   47 6.54665e-02
 73   49 7.00276e-02
 73   51 7.42057e-02
 73   53 7.74886e-02
 73   55 9.54175e-02
 73   57 1.05517e-01
 73   59 1.10299e-01
 73   61 1.35349e-01
 73   63 1.79273e-01
 73   65 1.72071e-01
 73   67 2.25168e-01
 73   69 5.16862e-01
 73   71 1.39727e+00
 73   73 2.20829e+01
 73   75 1.34545e+00
 73   77 4.83550e-01
 73   79 2.22919e-01
 73   81 1.50270e-01
 73   83 1.44215e-01
 73   85 1.24977e-01
 73   87 1.27451e-01
 73   89 8.78833e-02
 74    0 3.91873e-03
 74    2 1.87239e-02
 74    4 3.38360e-02
 74    6 5.20832e-02
 74    8 7.24469e-02
 74   10 7.45897e-02
 74   12 6.29059e-02
 74   14 5.95199e-02
 74   16 6.65120e-02
 74   18 7.56181e-02
 74   20 7.65978e-02
 74   22 7.02465e-02
 74   24 7.18826e-02
 74   26 6.90644e-02
 74   28 7.08892e-02
 74   30 6.69707e-02
 74   32 6.41145e-02
 74   34 6.09569e-02
 74   36 6.21957e-02
 74   38 6.17757e-02
 74   40 6.25308e-02
 74   42 5.82246e-02
 74   44 5.91257e-02
 74   46 6.04654e-02
 74   48 6.37408e-02
 74   50 7.15860e-02
 74   52 7.07665e-02
 74   54 7.71193e-02
 74   56 9.47223e-02
 74   58 1.02785e-01
 74   60 1.07986e-01
 74   62 1.32161e-01
 74   64 1.70621e-01
 74   66 1.69500e-01
 74   68 2.23403e-01
 74   70 5.06654e-01
 74   72 1.36383e+00
 74   74 2.18811e+01
 74   76 1.31230e+00
 74   78 4.78464e-01
 74   80 2.21407e-01
 74   82 1.47197e-01
 74   84 1.35948e-01
 74   86 1.22304e-01
 74   88 1.27256e-01
 74   90 8.75011e-02
 75    1 1.33926e-02
 75    3 3.05737e-02
 75    5 4.70196e-02
 75    7 6.44487e-02
 75    9 7.74713e-02
 75   11 7.95934e-02
 75   13 8.03199e-02
 75   15 7.87242e-02
 75   17 7.17214e-02
 75   19 7.50877e-02
 75   21 6.93756e-02
 75   23 6.48053e-02
 75   25 6.28975e-02
 75   27 6.12880e-02
 75   29 6.20884e-02
 75   31 5.47972e-02
 75   33 5.34819e-02
 75   35 5.45414e-02
 75   37 5.96902e-02
 75   39 5.87786e-02
 75   41 5.48864e-02
 75   43 5.50501e-02
 75   45 5.96241e-02
 75   47 6.42022e-02
 75   49 7.08117e-02
 75   51 6.84595e-02
 75   53 7.66536e-02
 75   55 8.39343e-02
 75   57 1.01250e-01
 75   59 1.08149e-01
 75   61 1.11972e-01
 75   63 1.38216e-01
 75   65 1.75112e-01
 75   67 1.68918e-01
 75   69 2.21481e-01
 75   71 4.95945e-01
 75   73 1.32501e+00
 75   75 2.16380e+01
 75   77 1.26837e+00
 75   79 4.59135e-01
 75   81 2.25452e-01
 75   83 1.63787e-01
 75   85 1.51988e-01
 75   87 1.42605e-01
 75   89 8.75588e-02
 76    0 3.92606e-03
 76    2 2.01134e-02
 76    4 3.62905e-02
 76    6 5.24852e-02
 76    8 7.02144e-02
 76   10 7.31452e-02
 76   12 7.66603e-02
 76   14 7.88107e-02
 76   16 7.48101e-02
 76   18 6.90699e-02
 76   20 7.38947e-02
 76   22 6.80920e-02
 76   24 5.96601e-02
 76   26 5.85379e-02
 76   28 6.42919e-02
 76   30 6.14490e-02
 76   32 5.06647e-02
 76   34 5.27005e-02
 76   36 5.45768e-02
 76   38 6.05658e-02
 76   40 5.63619e-02
 76   42 5.11489e-02
 76   44 5.26316e-02
 76   46 5.82469e-02
 76   48 6.49278e-02
 76   50 6.24448e-02
 76   52 6.76764e-02
 76   54 7.21052e-02
 76   56 8.62321e-02
 76   58 9.90707e-02
 76   60 1.01848e-01
 76   62 1.12252e-01
 76   64 1.39303e-01
 76   66 1.70740e-01
 76   68 1.63866e-01
 76   70 2.26315e-01
 76   72 4.87995e-01
 76   74 1.29312e+00
 76   76 2.14457e+01
 76   78 1.23663e+00
 76   80 4.49457e-01
 76   82 2.21224e-01
 76   84 1.55661e-01
 76   86 1.49466e-01
 76   88 1.38864e-01
 76   90 8.73310e-02
 77    1 1.14575e-02
 77    3 2.67942e-02
 77    5 4.38567e-02
 77    7 6.07564e-02
 77    9 7.46229e-02
 77   11 6.72884e-02
 77   13 6.64583e-02
 77   15 7.51564e-02
 77   17 7.52882e-02
 77   19 7.06870e-02
 77   21 5.77871e-02
 77   23 6.10168e-02
 77   25 6.36559e-02
 77   27 6.56790e-02
 77   29 5.91016e-02
 77   31 5.92323e-02
 77   33 5.96395e-02
 77   35 6.02306e-02
 77   37 6.01479e-02
 77   39 6.16437e-02
 77   41 5.87411e-02
 77   43 6.03616e-02
 77   45 6.44357e-02
 77   47 7.00264e-02
 77   49 6.46576e-02
 77   51 6.83140e-02
 77   53 7.73342e-02
 77   55 7.61929e-02
 77   57 8.28938e-02
 77   59 9.51434e-02
 77   61 1.02029e-01
 77   63 1.03534e-01
 77   65 1.30993e-01
 77   67 1.59835e-01
 77   69 1.57173e-01
 77   71 2.12000e-01
 77   73 4.69514e-01
 77   75 1.25055e+00
 77   77 2.12663e+01
 77   79 1.20631e+00
 77   81 4.53151e-01
 77   83 2.45839e-01
 77   85 1.80395e-01
 77   87 1.65552e-01
 77   89 9.98066e-02
 78    0 4.11040e-03
 78    2 1.94677e-02
 78    4 3.42255e-02
 78    6 5.00397e-02
 78    8 6.69096e-02
 78   10 6.87496e-02
 78   12 6.50176e-02
 78   14 7.01015e-02
 78   16 6.93462e-02
 78   18 7.01084e-02
 78   20 6.55159e-02
 78   22 6.05184e-02
 78   24 5.90275e-02
 78   26 6.61488e-02
 78   28 6.04329e-02
 78   30 6.06000e-02
 78   32 5.85004e-02
 78   34 5.79343e-02
 78   36 5.73832e-02
 78   38 6.01854e-02
 78   40 5.98458e-02
 78   42 5.64672e-02
 78   44 5.65873e-02
 78   46 6.49542e-02
 78   48 6.51569e-02
 78   50 6.27989e-02
 78   52 6.63068e-02
 78   54 7.06510e-02
 78   56 7.69361e-02
 78   58 7.90958e-02
 78   60 9.26182e-02
 78   62 9.69118e-02
 78   64 1.02757e-01
 78   66 1.28491e-01
 78   68 1.57198e-01
 78   70 1.48653e-01
 78   72 2.12073e-01
 78   74 4.65109e-01
 78   76 1.21995e+00
 78   78 2.11017e+01
 78   80 1.17613e+00
 78   82 4.45356e-01
 78   84 2.43163e-01
 78   86 1.77857e-01
 78   88 1.63499e-01
 78   90 9.60837e-02
 79    1 1.07459e-02
 79    3 2.47062e-02
 79    5 3.72977e-02
 79    7 5.07003e-02
 79    9 6.13863e-02
 79   11 5.97095e-02
 79   13 6.42414e-02
 79   15 7.41272e-02
 79   17 7.04096e-02
 79   19 7.70202e-02
 79   21 8.33736e-02
 79   23 8.01999e-02
 79   25 6.70040e-02
 79   27 6.39502e-02
 79   29 6.26100e-02
 79   31 6.31199e-02
 79   33 5.97276e-02
 79   35 5.45491e-02
 79   37 5.69551e-02
 79   39 5.61800e-02
 79   41 5.72931e-02
 79   43 5.48118e-02
 79   45 6.12523e-02
 79   47 5.74243e-02
 79   49 5.94640e-02
 79   51 5.89475e-02
 79   53 6.53950e-02
 79   55 6.60380e-02
 79   57 6.73815e-02
 79   59 7.67172e-02
 79   61 8.32606e-02
 79   63 8.74511e-02
 79   65 9.42176e-02
 79   67 1.22003e-01
 79   69 1.41472e-01
 79   71 1.43709e-01
 79   73 2.13649e-01
 79   75 4.46827e-01
 79   77 1.19071e+00
 79   79 2.09809e+01
 79   81 1.17556e+00
 79   83 4.72206e-01
 79   85 2.62601e-01
 79   87 2.00164e-01
 79   89 1.24987e-01
 80    0 3.46029e-03
 80    2 1.70384e-02
 80    4 3.02209e-02
 80    6 4.28353e-02
 80    8 5.55549e-02
 80   10 5.76038e-02
 80   12 5.61916e-02
 80   14 6.47231e-02
 80   16 7.03293e-02
 80   18 7.01648e-02
 80   20 7.25680e-02
 80   22 8.30323e-02
 80   24 7.92896e-02
 80   26 6.74647e-02
 80   28 5.74441e-02
 80   30 6.03901e-02
 80   32 6.08795e-02
 80   34 5.63292e-02
 80   36 5.50062e-02
 80   38 5.34577e-02
 80   40 5.65986e-02
 80   42 5.33046e-02
 80   44 5.67186e-02
 80   46 5.71816e-02
 80   48 5.75138e-02
 80   50 5.90402e-02
 80   52 5.75737e-02
 80   54 6.53708e-02
 80   56 6.26797e-02
 80   58 6.59269e-02
 80   60 7.10593e-02
 80   62 8.39031e-02
 80   64 8.44096e-02
 80   66 9.24224e-02
 80   68 1.20480e-01
 80   70 1.38853e-01
 80   72 1.43484e-01
 80   74 2.12562e-01
 80   76 4.37901e-01
 80   78 1.16157e+00
 80   80 2.08419e+01
 80   82 1.14605e+00
 80   84 4.59089e-01
 80   86 2.56508e-01
 80   88 1.94851e-01
 80   90 1.23262e-01
 81    1 1.19326e-02
 81    3 3.06268e-02
 81    5 4.76053e-02
 81    7 6.43046e-02
 81    9 7.46041e-02
 81   11 6.85810e-02
 81   13 6.52555e-02
 81   15 7.06517e-02
 81   17 6.96749e-02
 81   19 5.86674e-02
 81   21 5.49445e-02
 81   23 5.61921e-02
 81   25 6.06029e-02
 81   27 5.18556e-02
 81   29 5.28663e-02
 81   31 5.25034e-02
 81   33 5.48279e-02
 81   35 5.38999e-02
 81   37 4.87540e-02
 81   39 5.01954e-02
 81   41 5.22990e-02
 81   43 5.66821e-02
 81   45 5.30134e-02
 81   47 5.34236e-02
 81   49 5.52427e-02
 81   51 5.57905e-02
 81   53 5.77138e-02
 81   55 5.74276e-02
 81   57 6.04686e-02
 81   59 6.20290e-02
 81   61 6.61028e-02
 81   63 7.59258e-02
 81   65 8.06129e-02
 81   67 9.01158e-02
 81   69 1.11361e-01
 81   71 1.35116e-01
 81   73 1.42316e-01
 81   75 2.16811e-01
 81   77 4.41995e-01
 81   79 1.16164e+00
 81   81 2.08039e+01
 81   83 1.17747e+00
 81   85 4.65197e-01
 81   87 2.69062e-01
 81   89 1.56805e-01
 82    0 3.86678e-03
 82    2 2.08119e-02
 82    4 3.62495e-02
 82    6 5.30733e-02
 82    8 6.98433e-02
 82   10 6.99256e-02
 82   12 6.01885e-02
 82   14 6.39330e-02
 82   16 6.86658e-02
 82   18 6.32731e-02
 82   20 5.12046e-02
 82   22 5.05475e-02
 82   24 5.55973e-02
 82   26 5.29962e-02
 82   28 4.79174e-02
 82   30 4.88387e-02
 82   32 5.12278e-02
 82   34 5.24427e-02
 82   36 5.04500e-02
 82   38 5.05367e-02
 82   40 5.04986e-02
 82   42 5.61696e-02
 82   44 5.67434e-02
 82   46 5.21104e-02
 82   48 5.71590e-02
 82   50 5.39449e-02
 82   52 5.81371e-02
 82   54 5.57130e-02
 82   56 5.76473e-02
 82   58 6.09556e-02
 82   60 6.03811e-02
 82   62 6.63549e-02
 82   64 7.41407e-02
 82   66 7.91988e-02
 82   68 8.65246e-02
 82   70 1.09662e-01
 82   72 1.28982e-01
 82   74 1.39721e-01
 82   76 2.13103e-01
 82   78 4.34874e-01
 82   80 1.13311e+00
 82   82 2.06694e+01
 82   84 1.14896e+00
 82   86 4.54176e-01
 82   88 2.66970e-01
 82   90 1.52115e-01
 83    1 1.09091e-02
 83    3 2.49806e-02
 83    5 4.01782e-02
 83    7 5.43593e-02
 83    9 6.52952e-02
 83   11 5.98719e-02
 83   13 5.66436e-02
 83   15 6.06855e-02
 83   17 6.85685e-02
 83   19 7.41757e-02
 83   21 6.95695e-02
 83   23 6.41908e-02
 83   25 6.16651e-02
 83   27 5.72138e-02
 83   29 5.40112e-02
 83   31 4.85976e-02
 83   33 4.93757e-02
 83   35 4.76651e-02
 83   37 4.59877e-02
 83   39 4.51531e-02
 83   41 4.81631e-02
 83   43 4.76157e-02
 83   45 4.51928e-02
 83   47 4.59940e-02
 83   49 4.58803e-02
 83   51 4.46564e-02
 83   53 4.84431e-02
 83   55 4.82284e-02
 83   57 4.88427e-02
 83   59 5.29011e-02
 83   61 5.52156e-02
 83   63 5.90197e-02
 83   65 6.70561e-02
 83   67 7.47999e-02
 83   69 8.37204e-02
 83   71 1.07696e-01
 83   73 1.35113e-01
 83   75 1.55817e-01
 83   77 2.37209e-01
 83   79 4.61601e-01
 83   81 1.16481e+00
 83   83 2.07962e+01
 83   85 1.14863e+00
 83   87 4.46465e-01
 83   89 2.03776e-01
 84    0 3.38923e-03
 84    2 1.71103e-02
 84    4 3.18917e-02
 84    6 4.59335e-02
 84    8 6.00808e-02
 84   10 5.85962e-02
 84   12 5.29716e-02
 84   14 5.67711e-02
 84   16 5.84737e-02
 84   18 6.77420e-02
 84   20 7.06892e-02
 84   22 6.85391e-02
 84   24 6.07417e-02
 84   26 5.99357e-02
 84   28 5.73404e-02
 84   30 5.20905e-02
 84   32 5.02930e-02
 84   34 4.78881e-02
 84   36 4.60452e-02
 84   38 4.57063e-02
 84   40 4.77901e-02
 84   42 4.51088e-02
 84   44 4.39049e-02
 84   46 4.58300e-02
 84   48 4.70969e-02
 84   50 4.55913e-02
 84   52 4.46802e-02
 84   54 4.81884e-02
 84   56 4.76689e-02
 84   58 4.80505e-02
 84   60 5.17014e-02
 84   62 5.52598e-02
 84   64 5.71406e-02
 84   66 6.42483e-02
 84   68 7.34811e-02
 84   70 8.31780e-02
 84   72 1.04026e-01
 84   74 1.27726e-01
 84   76 1.48416e-01
 84   78 2.35015e-01
 84   80 4.49272e-01
 84   82 1.13723e+00
 84   84 2.06814e+01
 84   86 1.12229e+00
 84   88 4.35240e-01
 84   90 1.95842e-01
 85    1 1.36238e-02
 85    3 3.18359e-02
 85    5 5.09056e-02
 85    7 7.05434e-02
 85    9 8.18670e-02
 85   11 6.32137e-02
 85   13 6.04933e-02
 85   15 6.05766e-02
 85   17 6.20592e-02
 85   19 6.26622e-02
 85   21 6.15295e-02
 85   23 5.26729e-02
 85   25 5.18749e-02
 85   27 5.45858e-02
 85   29 5.10084e-02
 85   31 4.35976e-02
 85   33 4.32771e-02
 85   35 4.00964e-02
 85   37 4.40741e-02
 85   39 4.31867e-02
 85   41 4.29729e-02
 85   43 4.29730e-02
 85   45 4.18828e-02
 85   47 4.32975e-02
 85   49 4.43380e-02
 85   51 4.58165e-02
 85   53 4.45075e-02
 85   55 4.85389e-02
 85   57 5.00420e-02
 85   59 5.21807e-02
 85   61 5.63822e-02
 85   63 6.07822e-02
 85   65 6.42077e-02
 85   67 7.81230e-02
 85   69 8.25010e-02
 85   71 9.33369e-02
 85   73 1.15957e-01
 85   75 1.43194e-01
 85   77 1.72378e-01
 85   79 2.54221e-01
 85   81 4.55746e-01
 85   83 1.13752e+00
 85   85 2.05864e+01
 85   87 1.10416e+00
 85   89 3.51431e-01
 86    0 4.37449e-03
 86    2 2.17754e-02
 86    4 3.91320e-02
 86    6 5.95366e-02
 86    8 7.70987e-02
 86   10 7.30049e-02
 86   12 5.71237e-02
 86   14 5.78804e-02
 86   16 5.50886e-02
 86   18 6.18237e-02
 86   20 6.21370e-02
 86   22 5.32128e-02
 86   24 5.12681e-02
 86   26 4.98561e-02
 86   28 5.24198e-02
 86   30 4.66123e-02
 86   32 4.28838e-02
 86   34 3.99664e-02
 86   36 4.08228e-02
 86   38 4.37578e-02
 86   40 3.82782e-02
 86   42 4.21037e-02
 86   44 4.34889e-02
 86   46 4.13428e-02
 86   48 4.15148e-02
 86   50 4.46146e-02
 86   52 4.29069e-02
 86   54 4.77580e-02
 86   56 4.69273e-02
 86   58 5.00757e-02
 86   60 4.94841e-02
 86   62 5.39432e-02
 86   64 5.83123e-02
 86   66 6.34739e-02
 86   68 7.09055e-02
 86   70 7.98280e-02
 86   72 9.10323e-02
 86   74 1.13857e-01
 86   76 1.41207e-01
 86   78 1.70328e-01
 86   80 2.48729e-01
 86   82 4.45433e-01
 86   84 1.11204e+00
 86   86 2.04866e+01
 86   88 1.07973e+00
 86   90 3.38708e-01
 87    1 6.13158e-03
 87    3 1.39536e-02
 87    5 2.16171e-02
 87    7 3.05105e-02
 87    9 3.50644e-02
 87   11 3.12254e-02
 87   13 3.08901e-02
 87   15 2.93820e-02
 87   17 3.19463e-02
 87   19 3.37487e-02
 87   21 3.69225e-02
 87   23 3.66534e-02
 87   25 3.61879e-02
 87   27 3.47780e-02
 87   29 3.58443e-02
 87   31 3.92784e-02
 87   33 4.17228e-02
 87   35 3.86707e-02
 87   37 4.43310e-02
 87   39 4.17408e-02
 87   41 4.63165e-02
 87   43 4.89877e-02
 87   45 5.04423e-02
 87   47 4.82131e-02
 87   49 5.45320e-02
 87   51 5.72574e-02
 87   53 6.02062e-02
 87   55 6.10617e-02
 87   57 6.27942e-02
 87   59 6.67836e-02
 87   61 7.22948e-02
 87   63 7.70823e-02
 87   65 8.36452e-02
 87   67 9.10620e-02
 87   69 1.00168e-01
 87   71 1.09514e-01
 87   73 1.17235e-01
 87   75 1.33198e-01
 87   77 1.56835e-01
 87   79 1.92110e-01
 87   81 2.61329e-01
 87   83 4.38346e-01
 87   85 1.09466e+00
 87   87 2.02964e+01
 87   89 1.10635e+00
 88    0 2.02825e-03
 88    2 9.84338e-03
 88    4 1.81788e-02
 88    6 2.54027e-02
 88    8 3.19785e-02
 88   10 2.97344e-02
 88   12 2.79109e-02
 88   14 2.96154e-02
 88   16 2.98750e-02
 88   18 3.19436e-02
 88   20 3.23894e-02
 88   22 3.58992e-02
 88   24 3.59360e-02
 88   26 3.52350e-02
 88   28 3.50355e-02
 88   30 3.59390e-02
 88   32 4.03049e-02
 88   34 3.66310e-02
 88   36 4.21525e-02
 88   38 4.02006e-02
 88   40 4.25040e-02
 88   42 4.36355e-02
 88   44 4.52201e-02
 88   46 4.92999e-02
 88   48 5.07636e-02
 88   50 5.24365e-02
 88   52 5.55439e-02
 88   54 6.01828e-02
 88   56 5.84345e-02
 88   58 6.21876e-02
 88   60 6.46313e-02
 88   62 6.90305e-02
 88   64 7.50675e-02
 88   66 8.14076e-02
 88   68 8.88490e-02
 88   70 9.74459e-02
 88   72 1.08570e-01
 88   74 1.17512e-01
 88   76 1.30133e-01
 88   78 1.55315e-01
 88   80 1.87418e-01
 88   82 2.59720e-01
 88   84 4.27787e-01
 88   86 1.07102e+00
 88   88 2.02106e+01
 88   90 1.06948e+00
 89    1 9.71565e-03
 89    3 2.28587e-02
 89    5 3.62996e-02
 89    7 4.91203e-02
 89    9 5.59852e-02
 89   11 4.49159e-02
 89   13 4.60613e-02
 89   15 4.90843e-02
 89   17 5.24132e-02
 89   19 4.95552e-02
 89   21 4.72205e-02
 89   23 5.08869e-02
 89   25 4.94140e-02
 89   27 4.92148e-02
 89   29 4.66524e-02
 89   31 4.78175e-02
 89   33 4.55015e-02
 89   35 4.95841e-02
 89   37 4.29060e-02
 89   39 4.70461e-02
 89   41 5.10345e-02
 89   43 4.95551e-02
 89   45 4.91975e-02
 89   47 5.36515e-02
 89   49 4.70986e-02
 89   51 5.69675e-02
 89   53 5.60710e-02
 89   55 5.10357e-02
 89   57 5.38190e-02
 89   59 5.79909e-02
 89   61 5.98163e-02
 89   63 6.12421e-02
 89   65 6.46359e-02
 89   67 7.15148e-02
 89   69 7.33779e-02
 89   71 7.70746e-02
 89   73 8.02307e-02
 89   75 8.11672e-02
 89   77 9.38396e-02
 89   79 1.19055e-01
 89   81 1.51151e-01
 89   83 1.98564e-01
 89   85 3.45786e-01
 89   87 1.09802e+00
 89   89 2.04627e+01
 90    0 2.94270e-03
 90    2 1.55579e-02
 90    4 2.87733e-02
 90    6 4.13688e-02
 90    8 5.59189e-02
 90   10 4.94092e-02
 90   12 4.34007e-02
 90   14 4.35432e-02
 90   16 4.69646e-02
 90   18 4.95170e-02
 90   20 4.80630e-02
 90   22 4.61730e-02
 90   24 4.80981e-02
 90   26 4.95587e-02
 90   28 4.75960e-02
 90   30 4.73338e-02
 90   32 4.21998e-02
 90   34 5.23171e-02
 90   36 4.35650e-02
 90   38 4.32245e-02
 90   40 4.47514e-02
 90   42 4.86965e-02
 90   44 5.19352e-02
 90   46 4.51384e-02
 90   48 5.07515e-02
 90   50 5.03566e-02
 90   52 5.28694e-02
 90   54 5.41050e-02
 90   56 5.49282e-02
 90   58 5.32619e-02
 90   60 5.41889e-02
 90   62 5.94165e-02
 90   64 6.00190e-02
 90   66 6.32176e-02
 90   68 6.70266e-02
 90   70 7.23506e-02
 90   72 7.68799e-02
 90   74 8.02358e-02
 90   76 8.12678e-02
 90   78 9.06357e-02
 90   80 1.17731e-01
 90   82 1.46949e-01
 90   84 1.91142e-01
 90   86 3.33626e-01
 90   88 1.06200e+00
