# C+CO2(ji) -> C+CO2(jf) molscat cross sections, CS8_JMAX90 approx. (written on 08/06/2020); 
# E=32240.000000 (1/cm) = 3.99725052396 eV
# ji  jf sigma(ji,jf) (1e-16 cm^2)
  0    0 1.44610e+02
  0    2 1.86927e+01
  0    4 5.51779e+00
  0    6 2.21992e+00
  0    8 1.59468e+00
  0   10 1.89434e+00
  0   12 1.28092e+00
  0   14 1.02110e+00
  0   16 1.13495e+00
  0   18 9.37220e-01
  0   20 7.58676e-01
  0   22 8.01214e-01
  0   24 7.26293e-01
  0   26 7.28262e-01
  0   28 6.76724e-01
  0   30 5.93710e-01
  0   32 7.25918e-01
  0   34 6.35595e-01
  0   36 7.80382e-01
  0   38 5.11139e-01
  0   40 5.82323e-01
  0   42 5.27364e-01
  0   44 6.26029e-01
  0   46 5.80827e-01
  0   48 6.76188e-01
  0   50 7.44583e-01
  0   52 6.96005e-01
  0   54 6.78534e-01
  0   56 5.68313e-01
  0   58 4.84147e-01
  0   60 4.94584e-01
  0   62 4.49614e-01
  0   64 3.80016e-01
  0   66 4.99837e-01
  0   68 5.43625e-01
  0   70 3.91386e-01
  0   72 3.83559e-01
  0   74 5.12445e-01
  0   76 3.80494e-01
  0   78 4.91044e-01
  0   80 4.22918e-01
  0   82 3.20766e-01
  0   84 4.27361e-01
  0   86 3.28973e-01
  0   88 3.71192e-01
  0   90 2.81861e-01
  1    1 1.52045e+02
  1    3 1.36467e+01
  1    5 4.10564e+00
  1    7 1.89340e+00
  1    9 1.74969e+00
  1   11 1.63462e+00
  1   13 1.17697e+00
  1   15 1.12315e+00
  1   17 1.06672e+00
  1   19 8.84903e-01
  1   21 8.00037e-01
  1   23 7.77571e-01
  1   25 7.68713e-01
  1   27 7.86074e-01
  1   29 6.74842e-01
  1   31 6.59034e-01
  1   33 6.47349e-01
  1   35 6.26131e-01
  1   37 6.05189e-01
  1   39 5.23283e-01
  1   41 5.48400e-01
  1   43 5.81379e-01
  1   45 6.60370e-01
  1   47 6.29520e-01
  1   49 6.99407e-01
  1   51 6.92822e-01
  1   53 6.65776e-01
  1   55 5.33293e-01
  1   57 6.07429e-01
  1   59 4.72340e-01
  1   61 4.51030e-01
  1   63 4.50892e-01
  1   65 4.69107e-01
  1   67 5.20438e-01
  1   69 5.12728e-01
  1   71 4.01034e-01
  1   73 5.52120e-01
  1   75 4.11356e-01
  1   77 4.48634e-01
  1   79 4.20635e-01
  1   81 3.10882e-01
  1   83 3.53863e-01
  1   85 3.67661e-01
  1   87 3.52776e-01
  1   89 3.26737e-01
  2    0 3.73881e+00
  2    2 1.51558e+02
  2    4 1.17821e+01
  2    6 3.52889e+00
  2    8 1.98444e+00
  2   10 1.60059e+00
  2   12 1.47489e+00
  2   14 1.25506e+00
  2   16 1.06598e+00
  2   18 1.04448e+00
  2   20 8.24306e-01
  2   22 8.11928e-01
  2   24 7.01447e-01
  2   26 7.84836e-01
  2   28 6.59092e-01
  2   30 7.16943e-01
  2   32 6.84313e-01
  2   34 6.38370e-01
  2   36 6.45591e-01
  2   38 6.04216e-01
  2   40 5.73874e-01
  2   42 5.49331e-01
  2   44 6.09973e-01
  2   46 5.83473e-01
  2   48 6.12409e-01
  2   50 6.74957e-01
  2   52 7.46111e-01
  2   54 6.55573e-01
  2   56 5.76101e-01
  2   58 4.77306e-01
  2   60 5.08891e-01
  2   62 4.39956e-01
  2   64 4.26390e-01
  2   66 4.44049e-01
  2   68 4.70430e-01
  2   70 4.06948e-01
  2   72 4.12758e-01
  2   74 4.56746e-01
  2   76 3.78221e-01
  2   78 4.88736e-01
  2   80 4.18483e-01
  2   82 3.33231e-01
  2   84 3.40907e-01
  2   86 4.08147e-01
  2   88 3.41805e-01
  2   90 3.19227e-01
  3    1 5.84931e+00
  3    3 1.51143e+02
  3    5 1.09129e+01
  3    7 3.52853e+00
  3    9 1.82857e+00
  3   11 1.45057e+00
  3   13 1.44879e+00
  3   15 1.16892e+00
  3   17 1.03262e+00
  3   19 9.32864e-01
  3   21 8.34879e-01
  3   23 7.91702e-01
  3   25 7.19828e-01
  3   27 7.55326e-01
  3   29 7.06260e-01
  3   31 7.39222e-01
  3   33 6.45105e-01
  3   35 5.95682e-01
  3   37 6.21016e-01
  3   39 5.76258e-01
  3   41 5.71396e-01
  3   43 6.14702e-01
  3   45 6.63689e-01
  3   47 6.20612e-01
  3   49 6.75483e-01
  3   51 6.90086e-01
  3   53 6.64310e-01
  3   55 5.64065e-01
  3   57 5.68246e-01
  3   59 5.23700e-01
  3   61 4.63521e-01
  3   63 4.45168e-01
  3   65 4.42346e-01
  3   67 4.69635e-01
  3   69 4.78943e-01
  3   71 4.50435e-01
  3   73 4.67024e-01
  3   75 3.88681e-01
  3   77 5.00396e-01
  3   79 3.90442e-01
  3   81 3.29212e-01
  3   83 3.79673e-01
  3   85 3.84056e-01
  3   87 3.69915e-01
  3   89 3.44553e-01
  4    0 6.13236e-01
  4    2 6.54670e+00
  4    4 1.51110e+02
  4    6 1.05468e+01
  4    8 3.27197e+00
  4   10 1.75391e+00
  4   12 1.48461e+00
  4   14 1.36885e+00
  4   16 1.14765e+00
  4   18 9.72422e-01
  4   20 9.05130e-01
  4   22 8.44135e-01
  4   24 7.20461e-01
  4   26 7.74386e-01
  4   28 6.83498e-01
  4   30 7.09379e-01
  4   32 6.97403e-01
  4   34 6.25926e-01
  4   36 6.29194e-01
  4   38 6.13737e-01
  4   40 6.23304e-01
  4   42 5.33138e-01
  4   44 6.10568e-01
  4   46 6.17171e-01
  4   48 6.60413e-01
  4   50 6.48038e-01
  4   52 7.02534e-01
  4   54 6.23004e-01
  4   56 5.89397e-01
  4   58 5.49053e-01
  4   60 5.25764e-01
  4   62 4.47014e-01
  4   64 4.08049e-01
  4   66 4.45568e-01
  4   68 4.37843e-01
  4   70 4.81218e-01
  4   72 4.51555e-01
  4   74 4.79042e-01
  4   76 3.70273e-01
  4   78 4.74533e-01
  4   80 4.14868e-01
  4   82 3.26584e-01
  4   84 3.55247e-01
  4   86 3.55725e-01
  4   88 3.63226e-01
  4   90 3.29204e-01
  5    1 1.12010e+00
  5    3 6.94606e+00
  5    5 1.51157e+02
  5    7 1.02073e+01
  5    9 3.18691e+00
  5   11 1.73903e+00
  5   13 1.44039e+00
  5   15 1.32421e+00
  5   17 1.06411e+00
  5   19 9.36273e-01
  5   21 9.13194e-01
  5   23 8.34826e-01
  5   25 7.69799e-01
  5   27 7.60494e-01
  5   29 7.18316e-01
  5   31 7.31881e-01
  5   33 6.56782e-01
  5   35 6.06847e-01
  5   37 5.77890e-01
  5   39 6.27892e-01
  5   41 5.60867e-01
  5   43 6.12339e-01
  5   45 6.35259e-01
  5   47 6.77004e-01
  5   49 6.70149e-01
  5   51 6.43436e-01
  5   53 6.19458e-01
  5   55 5.54688e-01
  5   57 6.11359e-01
  5   59 5.29864e-01
  5   61 4.67670e-01
  5   63 4.20429e-01
  5   65 4.66131e-01
  5   67 5.25469e-01
  5   69 4.89272e-01
  5   71 4.41866e-01
  5   73 4.78912e-01
  5   75 4.12949e-01
  5   77 4.67571e-01
  5   79 3.67006e-01
  5   81 3.32371e-01
  5   83 3.76631e-01
  5   85 4.11990e-01
  5   87 3.48752e-01
  5   89 3.84553e-01
  6    0 1.70850e-01
  6    2 1.35786e+00
  6    4 7.30361e+00
  6    6 1.51153e+02
  6    8 1.00069e+01
  6   10 3.12731e+00
  6   12 1.72915e+00
  6   14 1.37706e+00
  6   16 1.28053e+00
  6   18 1.03455e+00
  6   20 8.94455e-01
  6   22 9.34998e-01
  6   24 8.40436e-01
  6   26 7.64462e-01
  6   28 7.42155e-01
  6   30 7.28705e-01
  6   32 6.66372e-01
  6   34 6.95179e-01
  6   36 6.14848e-01
  6   38 6.54173e-01
  6   40 5.78232e-01
  6   42 5.71205e-01
  6   44 5.97252e-01
  6   46 6.23260e-01
  6   48 6.77926e-01
  6   50 6.14302e-01
  6   52 6.62586e-01
  6   54 5.74380e-01
  6   56 6.13246e-01
  6   58 5.48237e-01
  6   60 5.37603e-01
  6   62 4.33541e-01
  6   64 4.06344e-01
  6   66 4.49095e-01
  6   68 4.61994e-01
  6   70 4.83293e-01
  6   72 4.56768e-01
  6   74 4.98002e-01
  6   76 4.06570e-01
  6   78 4.04826e-01
  6   80 4.20243e-01
  6   82 3.18780e-01
  6   84 3.63483e-01
  6   86 3.70464e-01
  6   88 3.56521e-01
  6   90 3.63765e-01
  7    1 3.78927e-01
  7    3 1.64752e+00
  7    5 7.48767e+00
  7    7 1.51160e+02
  7    9 9.86670e+00
  7   11 3.07326e+00
  7   13 1.66407e+00
  7   15 1.33648e+00
  7   17 1.26072e+00
  7   19 1.03746e+00
  7   21 9.05079e-01
  7   23 8.98486e-01
  7   25 8.20131e-01
  7   27 7.64866e-01
  7   29 7.73508e-01
  7   31 7.05475e-01
  7   33 6.82273e-01
  7   35 6.48539e-01
  7   37 5.99875e-01
  7   39 6.25852e-01
  7   41 5.89791e-01
  7   43 6.40735e-01
  7   45 6.54794e-01
  7   47 6.59745e-01
  7   49 6.54969e-01
  7   51 6.20633e-01
  7   53 6.29314e-01
  7   55 5.67683e-01
  7   57 5.88017e-01
  7   59 5.42619e-01
  7   61 5.00325e-01
  7   63 4.22930e-01
  7   65 4.40466e-01
  7   67 4.95868e-01
  7   69 4.86218e-01
  7   71 4.72711e-01
  7   73 4.75017e-01
  7   75 3.97301e-01
  7   77 4.36763e-01
  7   79 3.67596e-01
  7   81 3.38235e-01
  7   83 3.85450e-01
  7   85 4.40769e-01
  7   87 3.75279e-01
  7   89 3.60582e-01
  8    0 9.38863e-02
  8    2 5.84125e-01
  8    4 1.73331e+00
  8    6 7.65511e+00
  8    8 1.51263e+02
  8   10 9.74148e+00
  8   12 3.00686e+00
  8   14 1.62653e+00
  8   16 1.30934e+00
  8   18 1.24786e+00
  8   20 9.95080e-01
  8   22 8.93123e-01
  8   24 8.84329e-01
  8   26 7.94023e-01
  8   28 7.69301e-01
  8   30 7.25766e-01
  8   32 7.13326e-01
  8   34 6.79353e-01
  8   36 6.37746e-01
  8   38 6.34960e-01
  8   40 6.23106e-01
  8   42 6.21383e-01
  8   44 6.14823e-01
  8   46 6.35214e-01
  8   48 6.40397e-01
  8   50 6.07363e-01
  8   52 6.24955e-01
  8   54 5.78299e-01
  8   56 5.75113e-01
  8   58 5.66284e-01
  8   60 5.63164e-01
  8   62 4.72597e-01
  8   64 4.07447e-01
  8   66 4.40603e-01
  8   68 4.49211e-01
  8   70 5.30111e-01
  8   72 4.77180e-01
  8   74 4.87992e-01
  8   76 3.83406e-01
  8   78 4.32808e-01
  8   80 4.06847e-01
  8   82 3.14321e-01
  8   84 3.56957e-01
  8   86 3.85272e-01
  8   88 3.67798e-01
  8   90 3.72366e-01
  9    1 2.76562e-01
  9    3 6.74319e-01
  9    5 1.84640e+00
  9    7 7.79271e+00
  9    9 1.31036e+02
  9   11 9.15467e+00
  9   13 2.72920e+00
  9   15 1.43826e+00
  9   17 1.17213e+00
  9   19 1.12919e+00
  9   21 8.86530e-01
  9   23 7.99058e-01
  9   25 7.83231e-01
  9   27 7.12935e-01
  9   29 6.71092e-01
  9   31 6.57538e-01
  9   33 6.30460e-01
  9   35 6.07232e-01
  9   37 5.79644e-01
  9   39 5.78253e-01
  9   41 5.83606e-01
  9   43 5.98953e-01
  9   45 5.95992e-01
  9   47 5.66525e-01
  9   49 5.66535e-01
  9   51 5.58427e-01
  9   53 5.57103e-01
  9   55 5.07269e-01
  9   57 5.48138e-01
  9   59 5.33838e-01
  9   61 4.85535e-01
  9   63 4.18123e-01
  9   65 4.22972e-01
  9   67 4.64015e-01
  9   69 4.47795e-01
  9   71 4.76346e-01
  9   73 4.02864e-01
  9   75 3.49823e-01
  9   77 4.14117e-01
  9   79 3.14229e-01
  9   81 2.95047e-01
  9   83 3.33460e-01
  9   85 3.95785e-01
  9   87 3.07546e-01
  9   89 3.54389e-01
 10    0 9.03269e-02
 10    2 3.81573e-01
 10    4 7.52496e-01
 10    6 1.93755e+00
 10    8 7.88959e+00
 10   10 1.15788e+02
 10   12 8.66802e+00
 10   14 2.52762e+00
 10   16 1.27632e+00
 10   18 1.05920e+00
 10   20 1.00295e+00
 10   22 7.88293e-01
 10   24 7.17939e-01
 10   26 7.07192e-01
 10   28 6.27636e-01
 10   30 6.04212e-01
 10   32 5.41858e-01
 10   34 5.62585e-01
 10   36 5.09375e-01
 10   38 5.28456e-01
 10   40 5.31312e-01
 10   42 5.28659e-01
 10   44 5.58440e-01
 10   46 5.26202e-01
 10   48 4.92036e-01
 10   50 4.89176e-01
 10   52 4.88299e-01
 10   54 4.76842e-01
 10   56 4.63723e-01
 10   58 4.96161e-01
 10   60 4.78314e-01
 10   62 4.23037e-01
 10   64 3.63941e-01
 10   66 3.73809e-01
 10   68 3.81099e-01
 10   70 4.28847e-01
 10   72 3.79773e-01
 10   74 3.92313e-01
 10   76 3.14745e-01
 10   78 3.15489e-01
 10   80 2.70972e-01
 10   82 2.51573e-01
 10   84 2.49379e-01
 10   86 3.04040e-01
 10   88 2.50499e-01
 10   90 3.23861e-01
 11    1 2.13548e-01
 11    3 4.42121e-01
 11    5 8.32739e-01
 11    7 2.00615e+00
 11    9 7.56640e+00
 11   11 1.03875e+02
 11   13 8.14861e+00
 11   15 2.38161e+00
 11   17 1.18027e+00
 11   19 9.85753e-01
 11   21 9.33555e-01
 11   23 7.36484e-01
 11   25 6.45749e-01
 11   27 6.13754e-01
 11   29 5.58999e-01
 11   31 5.48994e-01
 11   33 5.07799e-01
 11   35 5.33136e-01
 11   37 5.34832e-01
 11   39 4.89577e-01
 11   41 4.80826e-01
 11   43 4.73601e-01
 11   45 5.23003e-01
 11   47 4.53797e-01
 11   49 4.46474e-01
 11   51 4.37504e-01
 11   53 4.52918e-01
 11   55 4.07050e-01
 11   57 4.38271e-01
 11   59 4.00925e-01
 11   61 3.77728e-01
 11   63 3.59702e-01
 11   65 3.49764e-01
 11   67 3.77779e-01
 11   69 3.42133e-01
 11   71 3.42171e-01
 11   73 3.49605e-01
 11   75 2.86701e-01
 11   77 3.00340e-01
 11   79 2.43531e-01
 11   81 2.21024e-01
 11   83 2.44411e-01
 11   85 3.12276e-01
 11   87 2.29416e-01
 11   89 3.26552e-01
 12    0 5.13338e-02
 12    2 2.95514e-01
 12    4 5.35342e-01
 12    6 9.00401e-01
 12    8 2.04675e+00
 12   10 7.28520e+00
 12   12 9.44132e+01
 12   14 7.66240e+00
 12   16 2.23763e+00
 12   18 1.08488e+00
 12   20 8.96655e-01
 12   22 8.53840e-01
 12   24 6.88634e-01
 12   26 5.91351e-01
 12   28 5.65330e-01
 12   30 5.23463e-01
 12   32 4.68448e-01
 12   34 4.58605e-01
 12   36 4.65589e-01
 12   38 4.57929e-01
 12   40 4.60595e-01
 12   42 4.25581e-01
 12   44 4.44502e-01
 12   46 4.43831e-01
 12   48 3.92502e-01
 12   50 3.76536e-01
 12   52 3.71435e-01
 12   54 3.97592e-01
 12   56 3.56284e-01
 12   58 3.66924e-01
 12   60 3.46792e-01
 12   62 3.50043e-01
 12   64 3.29043e-01
 12   66 3.26201e-01
 12   68 3.25717e-01
 12   70 3.06291e-01
 12   72 2.73906e-01
 12   74 3.38730e-01
 12   76 2.37531e-01
 12   78 2.69325e-01
 12   80 2.23493e-01
 12   82 2.01565e-01
 12   84 2.21219e-01
 12   86 2.64161e-01
 12   88 1.99784e-01
 12   90 2.87718e-01
 13    1 1.31060e-01
 13    3 3.76386e-01
 13    5 5.87907e-01
 13    7 9.25897e-01
 13    9 1.92269e+00
 13   11 6.94562e+00
 13   13 8.66425e+01
 13   15 7.21267e+00
 13   17 2.13927e+00
 13   19 1.00075e+00
 13   21 8.30128e-01
 13   23 7.81529e-01
 13   25 6.21508e-01
 13   27 5.32512e-01
 13   29 5.13154e-01
 13   31 4.91245e-01
 13   33 4.34163e-01
 13   35 4.33061e-01
 13   37 4.33472e-01
 13   39 4.53143e-01
 13   41 4.21772e-01
 13   43 3.72405e-01
 13   45 3.81388e-01
 13   47 3.60339e-01
 13   49 3.50965e-01
 13   51 3.44665e-01
 13   53 3.35047e-01
 13   55 3.35861e-01
 13   57 3.32995e-01
 13   59 3.51251e-01
 13   61 3.11299e-01
 13   63 2.98443e-01
 13   65 3.15969e-01
 13   67 3.33927e-01
 13   69 3.29738e-01
 13   71 2.81511e-01
 13   73 3.07441e-01
 13   75 2.53336e-01
 13   77 2.66257e-01
 13   79 2.31743e-01
 13   81 2.18229e-01
 13   83 1.88247e-01
 13   85 2.82490e-01
 13   87 2.07548e-01
 13   89 2.77675e-01
 14    0 3.53000e-02
 14    2 2.16926e-01
 14    4 4.25793e-01
 14    6 6.18564e-01
 14    8 9.55077e-01
 14   10 1.83256e+00
 14   12 6.60984e+00
 14   14 8.00153e+01
 14   16 6.80639e+00
 14   18 2.00963e+00
 14   20 9.56204e-01
 14   22 7.69175e-01
 14   24 7.30697e-01
 14   26 5.70443e-01
 14   28 4.99192e-01
 14   30 4.94000e-01
 14   32 4.39952e-01
 14   34 3.79919e-01
 14   36 4.09357e-01
 14   38 4.03994e-01
 14   40 4.02684e-01
 14   42 3.81373e-01
 14   44 3.35312e-01
 14   46 3.27101e-01
 14   48 3.25438e-01
 14   50 3.22449e-01
 14   52 2.90435e-01
 14   54 2.84970e-01
 14   56 2.89498e-01
 14   58 3.21687e-01
 14   60 3.17188e-01
 14   62 2.97388e-01
 14   64 2.84148e-01
 14   66 3.03540e-01
 14   68 3.10105e-01
 14   70 2.62505e-01
 14   72 2.46905e-01
 14   74 2.84567e-01
 14   76 2.09831e-01
 14   78 2.65552e-01
 14   80 1.86363e-01
 14   82 2.13897e-01
 14   84 1.71127e-01
 14   86 2.63765e-01
 14   88 1.82045e-01
 14   90 2.60865e-01
 15    1 1.09006e-01
 15    3 2.64680e-01
 15    5 4.71077e-01
 15    7 6.48126e-01
 15    9 8.83116e-01
 15   11 1.76932e+00
 15   13 6.28643e+00
 15   15 7.44891e+01
 15   17 6.42241e+00
 15   19 1.94152e+00
 15   21 9.08963e-01
 15   23 7.13105e-01
 15   25 6.72179e-01
 15   27 5.37679e-01
 15   29 4.59191e-01
 15   31 4.57618e-01
 15   33 4.12799e-01
 15   35 3.94880e-01
 15   37 3.94039e-01
 15   39 3.62741e-01
 15   41 3.83029e-01
 15   43 3.31814e-01
 15   45 2.89536e-01
 15   47 2.71020e-01
 15   49 2.72659e-01
 15   51 2.60382e-01
 15   53 2.66926e-01
 15   55 2.76934e-01
 15   57 2.74096e-01
 15   59 3.16654e-01
 15   61 2.78875e-01
 15   63 2.67315e-01
 15   65 2.73424e-01
 15   67 2.99200e-01
 15   69 2.89558e-01
 15   71 2.51403e-01
 15   73 2.62556e-01
 15   75 2.19423e-01
 15   77 2.68142e-01
 15   79 1.91223e-01
 15   81 2.17442e-01
 15   83 1.65461e-01
 15   85 2.35192e-01
 15   87 1.84213e-01
 15   89 2.63076e-01
 16    0 3.45059e-02
 16    2 1.62033e-01
 16    4 3.13953e-01
 16    6 5.05862e-01
 16    8 6.76149e-01
 16   10 8.13805e-01
 16   12 1.69756e+00
 16   14 5.98588e+00
 16   16 6.95351e+01
 16   18 6.07073e+00
 16   20 1.86130e+00
 16   22 8.56299e-01
 16   24 6.46031e-01
 16   26 6.64790e-01
 16   28 4.87707e-01
 16   30 4.34734e-01
 16   32 4.40998e-01
 16   34 3.84252e-01
 16   36 3.67052e-01
 16   38 3.58905e-01
 16   40 3.57223e-01
 16   42 3.31211e-01
 16   44 2.95588e-01
 16   46 2.77534e-01
 16   48 2.58501e-01
 16   50 2.45747e-01
 16   52 2.50322e-01
 16   54 2.23037e-01
 16   56 2.41841e-01
 16   58 2.53316e-01
 16   60 2.89044e-01
 16   62 2.49893e-01
 16   64 2.70798e-01
 16   66 2.46919e-01
 16   68 2.71305e-01
 16   70 2.48796e-01
 16   72 2.20337e-01
 16   74 2.11885e-01
 16   76 1.97266e-01
 16   78 2.31518e-01
 16   80 1.87198e-01
 16   82 2.08962e-01
 16   84 1.61048e-01
 16   86 2.16343e-01
 16   88 1.73025e-01
 16   90 2.45102e-01
 17    1 9.17706e-02
 17    3 2.07260e-01
 17    5 3.35555e-01
 17    7 5.41951e-01
 17    9 6.37968e-01
 17   11 7.77244e-01
 17   13 1.65278e+00
 17   15 5.69298e+00
 17   17 6.53340e+01
 17   19 5.73114e+00
 17   21 1.79414e+00
 17   23 8.07899e-01
 17   25 6.14292e-01
 17   27 6.18250e-01
 17   29 4.69254e-01
 17   31 3.99929e-01
 17   33 4.20864e-01
 17   35 3.85836e-01
 17   37 3.66245e-01
 17   39 3.26955e-01
 17   41 3.06333e-01
 17   43 3.14235e-01
 17   45 2.59232e-01
 17   47 2.42507e-01
 17   49 2.33064e-01
 17   51 2.35880e-01
 17   53 2.14128e-01
 17   55 2.38579e-01
 17   57 2.42331e-01
 17   59 2.74778e-01
 17   61 2.46745e-01
 17   63 2.61185e-01
 17   65 2.26351e-01
 17   67 2.66492e-01
 17   69 2.30402e-01
 17   71 2.12406e-01
 17   73 2.33603e-01
 17   75 2.05268e-01
 17   77 2.47319e-01
 17   79 1.60619e-01
 17   81 2.09404e-01
 17   83 1.54146e-01
 17   85 2.14999e-01
 17   87 1.43405e-01
 17   89 2.49683e-01
 18    0 2.54356e-02
 18    2 1.41722e-01
 18    4 2.37461e-01
 18    6 3.64818e-01
 18    8 5.75222e-01
 18   10 6.02861e-01
 18   12 7.34687e-01
 18   14 1.57764e+00
 18   16 5.41904e+00
 18   18 6.15245e+01
 18   20 5.43030e+00
 18   22 1.71504e+00
 18   24 7.71445e-01
 18   26 5.96210e-01
 18   28 5.93634e-01
 18   30 4.37048e-01
 18   32 3.98090e-01
 18   34 3.78238e-01
 18   36 3.84042e-01
 18   38 3.21143e-01
 18   40 2.91996e-01
 18   42 2.99268e-01
 18   44 2.60845e-01
 18   46 2.84366e-01
 18   48 2.30859e-01
 18   50 2.32016e-01
 18   52 1.94502e-01
 18   54 2.05445e-01
 18   56 2.28980e-01
 18   58 2.33999e-01
 18   60 2.41918e-01
 18   62 2.15926e-01
 18   64 2.23209e-01
 18   66 2.19056e-01
 18   68 2.42734e-01
 18   70 1.94103e-01
 18   72 2.06089e-01
 18   74 2.01218e-01
 18   76 1.75721e-01
 18   78 2.12281e-01
 18   80 1.62536e-01
 18   82 1.99918e-01
 18   84 1.53223e-01
 18   86 2.16846e-01
 18   88 1.45803e-01
 18   90 2.29607e-01
 19    1 6.83823e-02
 19    3 1.68186e-01
 19    5 2.65201e-01
 19    7 4.00594e-01
 19    9 5.52057e-01
 19   11 5.83095e-01
 19   13 6.94496e-01
 19   15 1.54589e+00
 19   17 5.14796e+00
 19   19 5.83130e+01
 19   21 5.15575e+00
 19   23 1.64124e+00
 19   25 7.38820e-01
 19   27 5.75797e-01
 19   29 5.65221e-01
 19   31 4.37736e-01
 19   33 3.79419e-01
 19   35 3.67540e-01
 19   37 3.49365e-01
 19   39 3.07917e-01
 19   41 2.69466e-01
 19   43 2.63704e-01
 19   45 2.59534e-01
 19   47 2.38666e-01
 19   49 2.00100e-01
 19   51 1.95800e-01
 19   53 2.03142e-01
 19   55 2.14439e-01
 19   57 2.32381e-01
 19   59 2.33244e-01
 19   61 2.31958e-01
 19   63 2.20975e-01
 19   65 2.02191e-01
 19   67 2.03894e-01
 19   69 2.03884e-01
 19   71 1.98748e-01
 19   73 2.17117e-01
 19   75 1.71251e-01
 19   77 2.02302e-01
 19   79 1.52763e-01
 19   81 2.14070e-01
 19   83 1.51109e-01
 19   85 2.14139e-01
 19   87 1.46489e-01
 19   89 2.12717e-01
 20    0 1.85988e-02
 20    2 1.01031e-01
 20    4 1.99654e-01
 20    6 2.84912e-01
 20    8 4.14341e-01
 20   10 5.15645e-01
 20   12 5.48497e-01
 20   14 6.78067e-01
 20   16 1.50082e+00
 20   18 4.90516e+00
 20   20 5.53884e+01
 20   22 4.91205e+00
 20   24 1.58218e+00
 20   26 6.96652e-01
 20   28 5.42039e-01
 20   30 5.63667e-01
 20   32 4.24397e-01
 20   34 3.72887e-01
 20   36 3.52089e-01
 20   38 3.18651e-01
 20   40 2.70154e-01
 20   42 2.65313e-01
 20   44 2.46713e-01
 20   46 2.23715e-01
 20   48 2.16169e-01
 20   50 1.86492e-01
 20   52 1.61192e-01
 20   54 1.79689e-01
 20   56 1.98406e-01
 20   58 1.99630e-01
 20   60 2.47592e-01
 20   62 2.18131e-01
 20   64 1.96107e-01
 20   66 1.81177e-01
 20   68 1.82510e-01
 20   70 1.94210e-01
 20   72 1.95503e-01
 20   74 2.01547e-01
 20   76 1.54415e-01
 20   78 2.11411e-01
 20   80 1.47381e-01
 20   82 1.96328e-01
 20   84 1.43183e-01
 20   86 1.97385e-01
 20   88 1.40556e-01
 20   90 2.07598e-01
 21    1 5.61290e-02
 21    3 1.36655e-01
 21    5 2.34836e-01
 21    7 3.17285e-01
 21    9 3.93496e-01
 21   11 5.01349e-01
 21   13 5.23019e-01
 21   15 6.57069e-01
 21   17 1.46312e+00
 21   19 4.68081e+00
 21   21 5.27389e+01
 21   23 4.67821e+00
 21   25 1.51929e+00
 21   27 6.61728e-01
 21   29 5.48487e-01
 21   31 5.37163e-01
 21   33 4.13158e-01
 21   35 3.43093e-01
 21   37 3.30815e-01
 21   39 2.98621e-01
 21   41 2.81604e-01
 21   43 2.41682e-01
 21   45 2.22575e-01
 21   47 2.16245e-01
 21   49 1.88381e-01
 21   51 1.63964e-01
 21   53 1.81276e-01
 21   55 1.92321e-01
 21   57 2.20464e-01
 21   59 2.16166e-01
 21   61 2.17592e-01
 21   63 1.90195e-01
 21   65 1.78526e-01
 21   67 1.67828e-01
 21   69 1.80671e-01
 21   71 1.51794e-01
 21   73 2.25293e-01
 21   75 1.46336e-01
 21   77 2.19986e-01
 21   79 1.14219e-01
 21   81 2.09044e-01
 21   83 1.51799e-01
 21   85 2.05515e-01
 21   87 1.36594e-01
 21   89 1.95068e-01
 22    0 1.79145e-02
 22    2 9.07635e-02
 22    4 1.69826e-01
 22    6 2.71637e-01
 22    8 3.39185e-01
 22   10 3.69644e-01
 22   12 4.76377e-01
 22   14 4.97477e-01
 22   16 6.29742e-01
 22   18 1.41296e+00
 22   20 4.48011e+00
 22   22 5.03333e+01
 22   24 4.47286e+00
 22   26 1.45712e+00
 22   28 6.39488e-01
 22   30 4.94873e-01
 22   32 5.41954e-01
 22   34 3.75107e-01
 22   36 3.16145e-01
 22   38 3.03429e-01
 22   40 2.91182e-01
 22   42 2.47378e-01
 22   44 2.35720e-01
 22   46 2.25885e-01
 22   48 1.86591e-01
 22   50 1.70779e-01
 22   52 1.48876e-01
 22   54 1.74253e-01
 22   56 1.72184e-01
 22   58 2.02056e-01
 22   60 1.71814e-01
 22   62 1.99609e-01
 22   64 1.84282e-01
 22   66 2.05189e-01
 22   68 1.46599e-01
 22   70 1.87626e-01
 22   72 1.47897e-01
 22   74 2.18917e-01
 22   76 1.30558e-01
 22   78 1.90137e-01
 22   80 1.36955e-01
 22   82 1.92910e-01
 22   84 1.38832e-01
 22   86 1.82928e-01
 22   88 1.40519e-01
 22   90 1.79600e-01
 23    1 4.99648e-02
 23    3 1.18689e-01
 23    5 1.96628e-01
 23    7 2.88484e-01
 23    9 3.24842e-01
 23   11 3.62251e-01
 23   13 4.50987e-01
 23   15 4.72134e-01
 23   17 6.03430e-01
 23   19 1.36473e+00
 23   21 4.28476e+00
 23   23 4.82079e+01
 23   25 4.30387e+00
 23   27 1.40024e+00
 23   29 6.07180e-01
 23   31 4.93268e-01
 23   33 4.99208e-01
 23   35 3.77892e-01
 23   37 2.93910e-01
 23   39 3.05777e-01
 23   41 2.54043e-01
 23   43 2.45640e-01
 23   45 2.17948e-01
 23   47 1.92520e-01
 23   49 1.76914e-01
 23   51 1.61795e-01
 23   53 1.57605e-01
 23   55 1.63159e-01
 23   57 2.00612e-01
 23   59 1.81304e-01
 23   61 1.67989e-01
 23   63 1.64702e-01
 23   65 1.94335e-01
 23   67 1.55177e-01
 23   69 1.66420e-01
 23   71 1.38684e-01
 23   73 2.16125e-01
 23   75 1.34533e-01
 23   77 1.90476e-01
 23   79 1.59712e-01
 23   81 1.97899e-01
 23   83 1.58895e-01
 23   85 1.97439e-01
 23   87 1.31260e-01
 23   89 1.53648e-01
 24    0 1.49307e-02
 24    2 7.20945e-02
 24    4 1.33265e-01
 24    6 2.24490e-01
 24    8 3.08783e-01
 24   10 3.09526e-01
 24   12 3.53246e-01
 24   14 4.34510e-01
 24   16 4.36822e-01
 24   18 5.84352e-01
 24   20 1.32677e+00
 24   22 4.11243e+00
 24   24 4.61922e+01
 24   26 4.10711e+00
 24   28 1.36629e+00
 24   30 5.91879e-01
 24   32 4.57358e-01
 24   34 4.84478e-01
 24   36 3.27009e-01
 24   38 2.89672e-01
 24   40 2.68032e-01
 24   42 2.50481e-01
 24   44 2.18540e-01
 24   46 2.01359e-01
 24   48 1.79832e-01
 24   50 1.58428e-01
 24   52 1.65672e-01
 24   54 1.57459e-01
 24   56 1.83638e-01
 24   58 1.73094e-01
 24   60 1.85242e-01
 24   62 1.75795e-01
 24   64 1.49519e-01
 24   66 1.75042e-01
 24   68 1.37796e-01
 24   70 1.65809e-01
 24   72 1.21258e-01
 24   74 2.17289e-01
 24   76 1.17597e-01
 24   78 2.01847e-01
 24   80 1.26929e-01
 24   82 1.76941e-01
 24   84 1.43915e-01
 24   86 1.85472e-01
 24   88 1.24984e-01
 24   90 1.37738e-01
 25    1 4.55758e-02
 25    3 9.95689e-02
 25    5 1.67291e-01
 25    7 2.42963e-01
 25    9 2.93785e-01
 25   11 2.93060e-01
 25   13 3.30912e-01
 25   15 4.10623e-01
 25   17 4.23342e-01
 25   19 5.66841e-01
 25   21 1.28391e+00
 25   23 3.97105e+00
 25   25 4.44368e+01
 25   27 3.96095e+00
 25   29 1.31778e+00
 25   31 5.45031e-01
 25   33 4.54739e-01
 25   35 4.61915e-01
 25   37 3.24762e-01
 25   39 2.74956e-01
 25   41 2.63077e-01
 25   43 2.28090e-01
 25   45 2.01585e-01
 25   47 1.80232e-01
 25   49 1.69899e-01
 25   51 1.54693e-01
 25   53 1.64431e-01
 25   55 1.63728e-01
 25   57 1.64547e-01
 25   59 1.96233e-01
 25   61 1.57934e-01
 25   63 1.65508e-01
 25   65 1.40557e-01
 25   67 1.30894e-01
 25   69 1.59944e-01
 25   71 1.45507e-01
 25   73 1.76453e-01
 25   75 1.40931e-01
 25   77 1.86619e-01
 25   79 1.65660e-01
 25   81 1.73232e-01
 25   83 1.35233e-01
 25   85 1.65592e-01
 25   87 1.42895e-01
 25   89 1.39489e-01
 26    0 1.38585e-02
 26    2 7.46702e-02
 26    4 1.32594e-01
 26    6 1.89020e-01
 26    8 2.56645e-01
 26   10 2.82233e-01
 26   12 2.80798e-01
 26   14 3.14004e-01
 26   16 4.16098e-01
 26   18 4.18052e-01
 26   20 5.40775e-01
 26   22 1.24014e+00
 26   24 3.80186e+00
 26   26 4.27017e+01
 26   28 3.81270e+00
 26   30 1.25843e+00
 26   32 5.19008e-01
 26   34 4.09921e-01
 26   36 4.56047e-01
 26   38 3.13186e-01
 26   40 2.66169e-01
 26   42 2.53695e-01
 26   44 2.18965e-01
 26   46 1.73292e-01
 26   48 1.72840e-01
 26   50 1.78620e-01
 26   52 1.42355e-01
 26   54 1.57882e-01
 26   56 1.44714e-01
 26   58 1.68677e-01
 26   60 1.59569e-01
 26   62 1.71087e-01
 26   64 1.33493e-01
 26   66 1.37798e-01
 26   68 1.25589e-01
 26   70 1.65964e-01
 26   72 1.18931e-01
 26   74 1.66948e-01
 26   76 1.36602e-01
 26   78 1.72291e-01
 26   80 1.64978e-01
 26   82 1.64361e-01
 26   84 1.23406e-01
 26   86 1.57292e-01
 26   88 1.26166e-01
 26   90 1.51779e-01
 27    1 4.32717e-02
 27    3 9.70060e-02
 27    5 1.53448e-01
 27    7 2.10383e-01
 27    9 2.48290e-01
 27   11 2.58617e-01
 27   13 2.63248e-01
 27   15 3.04966e-01
 27   17 3.95594e-01
 27   19 4.10168e-01
 27   21 5.19209e-01
 27   23 1.19955e+00
 27   25 3.67763e+00
 27   27 4.11935e+01
 27   29 3.68717e+00
 27   31 1.20627e+00
 27   33 4.74359e-01
 27   35 4.00566e-01
 27   37 4.30314e-01
 27   39 2.99207e-01
 27   41 2.51215e-01
 27   43 2.44141e-01
 27   45 1.96679e-01
 27   47 1.82016e-01
 27   49 1.69932e-01
 27   51 1.56700e-01
 27   53 1.52354e-01
 27   55 1.59552e-01
 27   57 1.36697e-01
 27   59 1.64360e-01
 27   61 1.66351e-01
 27   63 1.47216e-01
 27   65 1.52362e-01
 27   67 1.34120e-01
 27   69 1.50117e-01
 27   71 1.37981e-01
 27   73 1.51184e-01
 27   75 1.50054e-01
 27   77 1.59009e-01
 27   79 1.78032e-01
 27   81 1.44841e-01
 27   83 1.36316e-01
 27   85 1.40573e-01
 27   87 1.27089e-01
 27   89 1.50858e-01
 28    0 1.19902e-02
 28    2 5.83847e-02
 28    4 1.08966e-01
 28    6 1.70857e-01
 28    8 2.31516e-01
 28   10 2.33218e-01
 28   12 2.49940e-01
 28   14 2.55844e-01
 28   16 2.84220e-01
 28   18 3.87555e-01
 28   20 3.91756e-01
 28   22 5.06748e-01
 28   24 1.17757e+00
 28   26 3.54990e+00
 28   28 3.97578e+01
 28   30 3.51137e+00
 28   32 1.15212e+00
 28   34 4.57084e-01
 28   36 3.83516e-01
 28   38 4.13479e-01
 28   40 2.81614e-01
 28   42 2.51493e-01
 28   44 2.20837e-01
 28   46 2.11171e-01
 28   48 1.64513e-01
 28   50 1.67912e-01
 28   52 1.69789e-01
 28   54 1.41868e-01
 28   56 1.55549e-01
 28   58 1.33386e-01
 28   60 1.43125e-01
 28   62 1.36130e-01
 28   64 1.53774e-01
 28   66 1.22704e-01
 28   68 1.28379e-01
 28   70 1.30585e-01
 28   72 1.37661e-01
 28   74 1.49830e-01
 28   76 1.52739e-01
 28   78 1.33736e-01
 28   80 1.79225e-01
 28   82 1.44350e-01
 28   84 1.38199e-01
 28   86 1.37893e-01
 28   88 1.30316e-01
 28   90 1.24046e-01
 29    1 3.46783e-02
 29    3 8.46730e-02
 29    5 1.35299e-01
 29    7 1.98613e-01
 29    9 2.18176e-01
 29   11 2.19882e-01
 29   13 2.36810e-01
 29   15 2.43129e-01
 29   17 2.80292e-01
 29   19 3.75860e-01
 29   21 4.01740e-01
 29   23 4.85567e-01
 29   25 1.14217e+00
 29   27 3.44199e+00
 29   29 3.84015e+01
 29   31 3.40361e+00
 29   33 1.11197e+00
 29   35 4.34412e-01
 29   37 3.66609e-01
 29   39 3.81420e-01
 29   41 2.73356e-01
 29   43 2.23859e-01
 29   45 2.33502e-01
 29   47 1.91404e-01
 29   49 1.70145e-01
 29   51 1.59121e-01
 29   53 1.52020e-01
 29   55 1.53648e-01
 29   57 1.47155e-01
 29   59 1.30386e-01
 29   61 1.31228e-01
 29   63 1.48326e-01
 29   65 1.27187e-01
 29   67 1.25615e-01
 29   69 1.13362e-01
 29   71 1.46212e-01
 29   73 1.41829e-01
 29   75 1.49839e-01
 29   77 1.31894e-01
 29   79 1.64981e-01
 29   81 1.33222e-01
 29   83 1.48045e-01
 29   85 1.47273e-01
 29   87 1.21870e-01
 29   89 1.49656e-01
 30    0 9.84375e-03
 30    2 5.94305e-02
 30    4 1.05828e-01
 30    6 1.56986e-01
 30    8 2.04387e-01
 30   10 2.10095e-01
 30   12 2.16566e-01
 30   14 2.36923e-01
 30   16 2.37078e-01
 30   18 2.67003e-01
 30   20 3.81223e-01
 30   22 3.66965e-01
 30   24 4.77364e-01
 30   26 1.09644e+00
 30   28 3.28586e+00
 30   30 3.71625e+01
 30   32 3.27994e+00
 30   34 1.07967e+00
 30   36 4.21486e-01
 30   38 3.48063e-01
 30   40 3.74299e-01
 30   42 2.50578e-01
 30   44 2.18003e-01
 30   46 2.08999e-01
 30   48 1.92511e-01
 30   50 1.61973e-01
 30   52 1.51329e-01
 30   54 1.45514e-01
 30   56 1.52596e-01
 30   58 1.29891e-01
 30   60 1.33465e-01
 30   62 1.23963e-01
 30   64 1.29139e-01
 30   66 1.27607e-01
 30   68 1.16973e-01
 30   70 1.21813e-01
 30   72 1.44490e-01
 30   74 1.17131e-01
 30   76 1.38834e-01
 30   78 1.57933e-01
 30   80 1.60819e-01
 30   82 1.22160e-01
 30   84 1.43303e-01
 30   86 1.39554e-01
 30   88 1.12221e-01
 30   90 1.37729e-01
 31    1 3.17631e-02
 31    3 8.31218e-02
 31    5 1.29295e-01
 31    7 1.69896e-01
 31    9 2.00496e-01
 31   11 2.02538e-01
 31   13 2.12623e-01
 31   15 2.27252e-01
 31   17 2.24050e-01
 31   19 2.73011e-01
 31   21 3.69016e-01
 31   23 3.69977e-01
 31   25 4.43064e-01
 31   27 1.05614e+00
 31   29 3.19227e+00
 31   31 3.59941e+01
 31   33 3.17968e+00
 31   35 1.03265e+00
 31   37 3.86331e-01
 31   39 3.24845e-01
 31   41 3.50767e-01
 31   43 2.41553e-01
 31   45 1.99147e-01
 31   47 2.25088e-01
 31   49 1.87329e-01
 31   51 1.70829e-01
 31   53 1.37549e-01
 31   55 1.57370e-01
 31   57 1.34958e-01
 31   59 1.45986e-01
 31   61 1.29028e-01
 31   63 1.18716e-01
 31   65 1.28885e-01
 31   67 1.23054e-01
 31   69 1.39609e-01
 31   71 1.15776e-01
 31   73 1.22936e-01
 31   75 1.42603e-01
 31   77 1.52983e-01
 31   79 1.48838e-01
 31   81 1.12616e-01
 31   83 1.56476e-01
 31   85 1.40348e-01
 31   87 1.10003e-01
 31   89 1.55470e-01
 32    0 1.13125e-02
 32    2 5.33171e-02
 32    4 9.77900e-02
 32    6 1.34931e-01
 32    8 1.88813e-01
 32   10 1.77092e-01
 32   12 1.82160e-01
 32   14 1.98322e-01
 32   16 2.26044e-01
 32   18 2.28589e-01
 32   20 2.69784e-01
 32   22 3.77729e-01
 32   24 3.46705e-01
 32   26 4.25028e-01
 32   28 1.01334e+00
 32   30 3.08285e+00
 32   32 3.48705e+01
 32   34 3.06937e+00
 32   36 1.01007e+00
 32   38 3.70328e-01
 32   40 3.06760e-01
 32   42 3.40703e-01
 32   44 2.34008e-01
 32   46 1.99444e-01
 32   48 2.10303e-01
 32   50 1.91642e-01
 32   52 1.48713e-01
 32   54 1.37517e-01
 32   56 1.26685e-01
 32   58 1.31051e-01
 32   60 1.19144e-01
 32   62 1.29235e-01
 32   64 1.35041e-01
 32   66 1.21970e-01
 32   68 1.22508e-01
 32   70 1.28840e-01
 32   72 1.29821e-01
 32   74 1.18475e-01
 32   76 1.38600e-01
 32   78 1.17374e-01
 32   80 1.53392e-01
 32   82 1.26296e-01
 32   84 1.50958e-01
 32   86 1.26844e-01
 32   88 1.01882e-01
 32   90 1.41020e-01
 33    1 2.93841e-02
 33    3 6.83170e-02
 33    5 1.09275e-01
 33    7 1.54746e-01
 33    9 1.81051e-01
 33   11 1.76436e-01
 33   13 1.76979e-01
 33   15 1.93064e-01
 33   17 2.22055e-01
 33   19 2.22867e-01
 33   21 2.67309e-01
 33   23 3.52640e-01
 33   25 3.48149e-01
 33   27 3.91148e-01
 33   29 9.82229e-01
 33   31 2.99462e+00
 33   33 3.38742e+01
 33   35 2.97758e+00
 33   37 9.64523e-01
 33   39 3.54287e-01
 33   41 3.13849e-01
 33   43 3.40222e-01
 33   45 2.30296e-01
 33   47 2.10882e-01
 33   49 2.06038e-01
 33   51 1.82356e-01
 33   53 1.40925e-01
 33   55 1.37626e-01
 33   57 1.28185e-01
 33   59 1.26506e-01
 33   61 1.30287e-01
 33   63 1.17657e-01
 33   65 1.22407e-01
 33   67 1.14606e-01
 33   69 1.27222e-01
 33   71 1.16802e-01
 33   73 1.27983e-01
 33   75 1.18168e-01
 33   77 1.02689e-01
 33   79 1.67192e-01
 33   81 1.14750e-01
 33   83 1.47098e-01
 33   85 1.46295e-01
 33   87 1.06495e-01
 33   89 1.44154e-01
 34    0 9.34613e-03
 34    2 4.69313e-02
 34    4 8.28155e-02
 34    6 1.32822e-01
 34    8 1.69675e-01
 34   10 1.73492e-01
 34   12 1.68271e-01
 34   14 1.61598e-01
 34   16 1.85844e-01
 34   18 2.04935e-01
 34   20 2.23665e-01
 34   22 2.46690e-01
 34   24 3.46542e-01
 34   26 3.16754e-01
 34   28 3.79344e-01
 34   30 9.57542e-01
 34   32 2.89620e+00
 34   34 3.28957e+01
 34   36 2.86913e+00
 34   38 9.31840e-01
 34   40 3.40693e-01
 34   42 2.88237e-01
 34   44 3.26463e-01
 34   46 2.32553e-01
 34   48 1.92486e-01
 34   50 1.99531e-01
 34   52 1.73640e-01
 34   54 1.38120e-01
 34   56 1.22378e-01
 34   58 1.18516e-01
 34   60 1.27518e-01
 34   62 1.21515e-01
 34   64 1.20171e-01
 34   66 1.19527e-01
 34   68 1.21861e-01
 34   70 1.22788e-01
 34   72 1.09285e-01
 34   74 1.11794e-01
 34   76 1.13510e-01
 34   78 1.15950e-01
 34   80 1.48788e-01
 34   82 1.02386e-01
 34   84 1.40577e-01
 34   86 1.50043e-01
 34   88 1.10104e-01
 34   90 1.44076e-01
 35    1 2.68653e-02
 35    3 5.96300e-02
 35    5 9.54399e-02
 35    7 1.39043e-01
 35    9 1.64835e-01
 35   11 1.75100e-01
 35   13 1.66867e-01
 35   15 1.74574e-01
 35   17 1.92431e-01
 35   19 2.04072e-01
 35   21 2.09827e-01
 35   23 2.52331e-01
 35   25 3.34285e-01
 35   27 3.12220e-01
 35   29 3.62721e-01
 35   31 9.19313e-01
 35   33 2.81459e+00
 35   35 3.19521e+01
 35   37 2.78605e+00
 35   39 8.96033e-01
 35   41 3.28981e-01
 35   43 3.06138e-01
 35   45 3.29865e-01
 35   47 2.20742e-01
 35   49 1.94277e-01
 35   51 1.90339e-01
 35   53 1.60328e-01
 35   55 1.42139e-01
 35   57 1.29270e-01
 35   59 1.20558e-01
 35   61 1.28456e-01
 35   63 1.38362e-01
 35   65 1.09318e-01
 35   67 1.06618e-01
 35   69 1.18973e-01
 35   71 1.05269e-01
 35   73 1.09443e-01
 35   75 1.30396e-01
 35   77 9.69428e-02
 35   79 1.54430e-01
 35   81 1.05887e-01
 35   83 1.50307e-01
 35   85 1.38210e-01
 35   87 1.22834e-01
 35   89 1.18272e-01
 36    0 1.08653e-02
 36    2 4.49399e-02
 36    4 7.88239e-02
 36    6 1.11231e-01
 36    8 1.50818e-01
 36   10 1.48735e-01
 36   12 1.61755e-01
 36   14 1.64866e-01
 36   16 1.68091e-01
 36   18 1.97022e-01
 36   20 1.99967e-01
 36   22 1.96864e-01
 36   24 2.21476e-01
 36   26 3.33669e-01
 36   28 3.01373e-01
 36   30 3.53943e-01
 36   32 9.02432e-01
 36   34 2.71666e+00
 36   36 3.11031e+01
 36   38 2.70115e+00
 36   40 8.83121e-01
 36   42 3.19577e-01
 36   44 2.85546e-01
 36   46 3.09710e-01
 36   48 2.14735e-01
 36   50 1.84033e-01
 36   52 1.78933e-01
 36   54 1.58291e-01
 36   56 1.24255e-01
 36   58 1.28007e-01
 36   60 1.07589e-01
 36   62 1.27283e-01
 36   64 1.16075e-01
 36   66 1.20992e-01
 36   68 1.06402e-01
 36   70 1.13766e-01
 36   72 1.05063e-01
 36   74 1.04729e-01
 36   76 1.09500e-01
 36   78 1.02984e-01
 36   80 1.55804e-01
 36   82 1.02303e-01
 36   84 1.40868e-01
 36   86 1.37003e-01
 36   88 1.05731e-01
 36   90 1.23311e-01
 37    1 2.46260e-02
 37    3 5.89563e-02
 37    5 8.61932e-02
 37    7 1.21969e-01
 37    9 1.49223e-01
 37   11 1.66588e-01
 37   13 1.58402e-01
 37   15 1.65208e-01
 37   17 1.73229e-01
 37   19 1.83965e-01
 37   21 1.91872e-01
 37   23 1.86120e-01
 37   25 2.22894e-01
 37   27 3.18089e-01
 37   29 2.90302e-01
 37   31 3.26172e-01
 37   33 8.64653e-01
 37   35 2.64220e+00
 37   37 3.02878e+01
 37   39 2.64127e+00
 37   41 8.51955e-01
 37   43 3.20937e-01
 37   45 2.66917e-01
 37   47 3.12895e-01
 37   49 1.99338e-01
 37   51 1.72458e-01
 37   53 1.71704e-01
 37   55 1.54269e-01
 37   57 1.24834e-01
 37   59 1.24860e-01
 37   61 1.17145e-01
 37   63 1.33324e-01
 37   65 1.25762e-01
 37   67 1.18008e-01
 37   69 1.07421e-01
 37   71 1.21388e-01
 37   73 1.04580e-01
 37   75 1.14917e-01
 37   77 1.00408e-01
 37   79 1.57117e-01
 37   81 1.21343e-01
 37   83 1.40751e-01
 37   85 1.10352e-01
 37   87 9.26914e-02
 37   89 1.30998e-01
 38    0 6.75941e-03
 38    2 3.99485e-02
 38    4 7.30281e-02
 38    6 1.12405e-01
 38    8 1.42622e-01
 38   10 1.46561e-01
 38   12 1.51108e-01
 38   14 1.54539e-01
 38   16 1.56110e-01
 38   18 1.56484e-01
 38   20 1.71892e-01
 38   22 1.79461e-01
 38   24 1.86340e-01
 38   26 2.17642e-01
 38   28 3.08609e-01
 38   30 2.77614e-01
 38   32 3.14256e-01
 38   34 8.38031e-01
 38   36 2.56556e+00
 38   38 2.95324e+01
 38   40 2.54624e+00
 38   42 8.32545e-01
 38   44 3.00539e-01
 38   46 2.68596e-01
 38   48 2.99800e-01
 38   50 1.98961e-01
 38   52 1.52813e-01
 38   54 1.69060e-01
 38   56 1.56010e-01
 38   58 1.16929e-01
 38   60 1.16196e-01
 38   62 1.12397e-01
 38   64 1.23599e-01
 38   66 1.07380e-01
 38   68 1.21821e-01
 38   70 1.01609e-01
 38   72 1.04175e-01
 38   74 1.12837e-01
 38   76 1.35097e-01
 38   78 9.09789e-02
 38   80 1.49434e-01
 38   82 1.19601e-01
 38   84 1.32369e-01
 38   86 1.13926e-01
 38   88 9.98579e-02
 38   90 1.18035e-01
 39    1 2.02534e-02
 39    3 5.20359e-02
 39    5 8.90781e-02
 39    7 1.21038e-01
 39    9 1.41596e-01
 39   11 1.45046e-01
 39   13 1.57504e-01
 39   15 1.44659e-01
 39   17 1.47094e-01
 39   19 1.54222e-01
 39   21 1.64742e-01
 39   23 1.84180e-01
 39   25 1.79496e-01
 39   27 2.10375e-01
 39   29 2.87283e-01
 39   31 2.60869e-01
 39   33 3.02095e-01
 39   35 8.08276e-01
 39   37 2.51230e+00
 39   39 2.87927e+01
 39   41 2.48541e+00
 39   43 8.04887e-01
 39   45 2.99051e-01
 39   47 2.61800e-01
 39   49 3.01881e-01
 39   51 1.92357e-01
 39   53 1.70021e-01
 39   55 1.71963e-01
 39   57 1.59188e-01
 39   59 1.10422e-01
 39   61 1.19805e-01
 39   63 1.15022e-01
 39   65 1.26297e-01
 39   67 1.20998e-01
 39   69 1.05036e-01
 39   71 1.05587e-01
 39   73 1.02673e-01
 39   75 1.15505e-01
 39   77 1.03937e-01
 39   79 1.49726e-01
 39   81 1.08923e-01
 39   83 1.18290e-01
 39   85 1.22323e-01
 39   87 9.81966e-02
 39   89 1.12000e-01
 40    0 7.33477e-03
 40    2 3.61391e-02
 40    4 7.06415e-02
 40    6 9.46339e-02
 40    8 1.33307e-01
 40   10 1.40350e-01
 40   12 1.44764e-01
 40   14 1.46717e-01
 40   16 1.47994e-01
 40   18 1.35519e-01
 40   20 1.38805e-01
 40   22 1.64033e-01
 40   24 1.64225e-01
 40   26 1.76177e-01
 40   28 2.00199e-01
 40   30 2.84351e-01
 40   32 2.47941e-01
 40   34 2.91833e-01
 40   36 7.98927e-01
 40   38 2.42522e+00
 40   40 2.81030e+01
 40   42 2.41201e+00
 40   44 7.89283e-01
 40   46 2.90496e-01
 40   48 2.52722e-01
 40   50 2.87839e-01
 40   52 1.92225e-01
 40   54 1.66506e-01
 40   56 1.65900e-01
 40   58 1.58462e-01
 40   60 1.09871e-01
 40   62 1.12574e-01
 40   64 1.20481e-01
 40   66 1.14261e-01
 40   68 1.15136e-01
 40   70 1.10557e-01
 40   72 1.13669e-01
 40   74 9.36866e-02
 40   76 9.85682e-02
 40   78 1.16481e-01
 40   80 1.40338e-01
 40   82 9.82028e-02
 40   84 1.15142e-01
 40   86 1.11718e-01
 40   88 8.99519e-02
 40   90 1.12319e-01
 41    1 2.02431e-02
 41    3 4.92086e-02
 41    5 7.58865e-02
 41    7 1.08784e-01
 41    9 1.36292e-01
 41   11 1.35860e-01
 41   13 1.39815e-01
 41   15 1.45680e-01
 41   17 1.31437e-01
 41   19 1.28717e-01
 41   21 1.48163e-01
 41   23 1.45936e-01
 41   25 1.63792e-01
 41   27 1.68455e-01
 41   29 1.96360e-01
 41   31 2.68648e-01
 41   33 2.55227e-01
 41   35 2.83025e-01
 41   37 7.72845e-01
 41   39 2.37037e+00
 41   41 2.74194e+01
 41   43 2.35620e+00
 41   45 7.62546e-01
 41   47 2.80546e-01
 41   49 2.44882e-01
 41   51 2.93253e-01
 41   53 1.88500e-01
 41   55 1.72946e-01
 41   57 1.53651e-01
 41   59 1.35150e-01
 41   61 1.33795e-01
 41   63 1.24293e-01
 41   65 1.22538e-01
 41   67 1.12492e-01
 41   69 1.11078e-01
 41   71 1.07395e-01
 41   73 9.97523e-02
 41   75 1.05737e-01
 41   77 1.35679e-01
 41   79 1.28784e-01
 41   81 9.13336e-02
 41   83 1.15492e-01
 41   85 1.05551e-01
 41   87 9.82340e-02
 41   89 1.14512e-01
 42    0 6.34293e-03
 42    2 3.30333e-02
 42    4 5.76974e-02
 42    6 8.92676e-02
 42    8 1.26943e-01
 42   10 1.33351e-01
 42   12 1.27726e-01
 42   14 1.32685e-01
 42   16 1.31029e-01
 42   18 1.32630e-01
 42   20 1.30169e-01
 42   22 1.33072e-01
 42   24 1.46550e-01
 42   26 1.60347e-01
 42   28 1.70722e-01
 42   30 1.81775e-01
 42   32 2.62955e-01
 42   34 2.35764e-01
 42   36 2.76070e-01
 42   38 7.57212e-01
 42   40 2.30322e+00
 42   42 2.68257e+01
 42   44 2.28660e+00
 42   46 7.47123e-01
 42   48 2.62548e-01
 42   50 2.49914e-01
 42   52 2.65946e-01
 42   54 1.94867e-01
 42   56 1.66736e-01
 42   58 1.46353e-01
 42   60 1.34431e-01
 42   62 1.24779e-01
 42   64 1.21740e-01
 42   66 1.13953e-01
 42   68 1.13191e-01
 42   70 1.06811e-01
 42   72 1.08500e-01
 42   74 9.89474e-02
 42   76 1.02067e-01
 42   78 1.14994e-01
 42   80 1.10100e-01
 42   82 9.91773e-02
 42   84 1.14269e-01
 42   86 1.12773e-01
 42   88 1.00383e-01
 42   90 1.03678e-01
 43    1 2.05169e-02
 43    3 5.06105e-02
 43    5 7.92079e-02
 43    7 1.12984e-01
 43    9 1.33725e-01
 43   11 1.27934e-01
 43   13 1.18022e-01
 43   15 1.20652e-01
 43   17 1.28900e-01
 43   19 1.20426e-01
 43   21 1.21568e-01
 43   23 1.34905e-01
 43   25 1.35765e-01
 43   27 1.56514e-01
 43   29 1.53734e-01
 43   31 1.76867e-01
 43   33 2.64509e-01
 43   35 2.51793e-01
 43   37 2.78335e-01
 43   39 7.33880e-01
 43   41 2.25260e+00
 43   43 2.61969e+01
 43   45 2.23246e+00
 43   47 7.21202e-01
 43   49 2.67225e-01
 43   51 2.48111e-01
 43   53 2.78948e-01
 43   55 1.80334e-01
 43   57 1.47185e-01
 43   59 1.49660e-01
 43   61 1.36146e-01
 43   63 1.25166e-01
 43   65 1.15960e-01
 43   67 1.12051e-01
 43   69 9.95319e-02
 43   71 1.12910e-01
 43   73 9.93976e-02
 43   75 1.11813e-01
 43   77 1.03816e-01
 43   79 1.22910e-01
 43   81 9.69188e-02
 43   83 1.21085e-01
 43   85 8.89534e-02
 43   87 8.92474e-02
 43   89 1.08380e-01
 44    0 7.20674e-03
 44    2 3.51070e-02
 44    4 6.32435e-02
 44    6 8.93355e-02
 44    8 1.20217e-01
 44   10 1.34822e-01
 44   12 1.27684e-01
 44   14 1.11657e-01
 44   16 1.11921e-01
 44   18 1.10644e-01
 44   20 1.15853e-01
 44   22 1.21363e-01
 44   24 1.22379e-01
 44   26 1.32461e-01
 44   28 1.43483e-01
 44   30 1.51363e-01
 44   32 1.72863e-01
 44   34 2.55580e-01
 44   36 2.36094e-01
 44   38 2.61623e-01
 44   40 7.21364e-01
 44   42 2.18854e+00
 44   44 2.56689e+01
 44   46 2.16814e+00
 44   48 7.02169e-01
 44   50 2.55029e-01
 44   52 2.42371e-01
 44   54 2.74104e-01
 44   56 1.83140e-01
 44   58 1.53455e-01
 44   60 1.41545e-01
 44   62 1.30337e-01
 44   64 1.26945e-01
 44   66 1.04337e-01
 44   68 1.22664e-01
 44   70 9.60743e-02
 44   72 1.16067e-01
 44   74 8.77426e-02
 44   76 1.04870e-01
 44   78 9.39163e-02
 44   80 1.27198e-01
 44   82 9.36332e-02
 44   84 1.18787e-01
 44   86 8.54035e-02
 44   88 8.48547e-02
 44   90 1.07877e-01
 45    1 2.23293e-02
 45    3 5.23573e-02
 45    5 7.87342e-02
 45    7 1.10632e-01
 45    9 1.27497e-01
 45   11 1.35368e-01
 45   13 1.15811e-01
 45   15 1.00874e-01
 45   17 1.01888e-01
 45   19 1.13562e-01
 45   21 1.07272e-01
 45   23 1.14688e-01
 45   25 1.14968e-01
 45   27 1.20811e-01
 45   29 1.53647e-01
 45   31 1.39716e-01
 45   33 1.71554e-01
 45   35 2.59955e-01
 45   37 2.21800e-01
 45   39 2.61259e-01
 45   41 6.98514e-01
 45   43 2.13905e+00
 45   45 2.51189e+01
 45   47 2.12175e+00
 45   49 6.94660e-01
 45   51 2.58975e-01
 45   53 2.49830e-01
 45   55 2.71693e-01
 45   57 1.75767e-01
 45   59 1.40183e-01
 45   61 1.53289e-01
 45   63 1.45397e-01
 45   65 1.07467e-01
 45   67 1.15285e-01
 45   69 1.10024e-01
 45   71 1.11980e-01
 45   73 9.70387e-02
 45   75 1.04703e-01
 45   77 8.80121e-02
 45   79 1.33302e-01
 45   81 8.93744e-02
 45   83 1.03426e-01
 45   85 9.97671e-02
 45   87 8.60632e-02
 45   89 1.00442e-01
 46    0 6.41327e-03
 46    2 3.22101e-02
 46    4 6.13162e-02
 46    6 8.94179e-02
 46    8 1.19131e-01
 46   10 1.21850e-01
 46   12 1.22284e-01
 46   14 1.04474e-01
 46   16 1.00793e-01
 46   18 1.15694e-01
 46   20 1.00762e-01
 46   22 1.11549e-01
 46   24 1.08152e-01
 46   26 1.00550e-01
 46   28 1.31599e-01
 46   30 1.39185e-01
 46   32 1.41313e-01
 46   34 1.74624e-01
 46   36 2.45614e-01
 46   38 2.24265e-01
 46   40 2.54655e-01
 46   42 6.85875e-01
 46   44 2.07958e+00
 46   46 2.45543e+01
 46   48 2.07303e+00
 46   50 6.80465e-01
 46   52 2.58066e-01
 46   54 2.34016e-01
 46   56 2.52139e-01
 46   58 1.79811e-01
 46   60 1.34227e-01
 46   62 1.44119e-01
 46   64 1.32466e-01
 46   66 1.06615e-01
 46   68 1.15523e-01
 46   70 1.06097e-01
 46   72 1.07716e-01
 46   74 9.45878e-02
 46   76 1.01391e-01
 46   78 9.48476e-02
 46   80 1.20367e-01
 46   82 8.81746e-02
 46   84 1.02782e-01
 46   86 1.00575e-01
 46   88 8.61736e-02
 46   90 9.22533e-02
 47    1 2.04371e-02
 47    3 4.70062e-02
 47    5 8.05612e-02
 47    7 1.07022e-01
 47    9 1.16359e-01
 47   11 1.12770e-01
 47   13 1.05055e-01
 47   15 9.06564e-02
 47   17 9.15127e-02
 47   19 1.00266e-01
 47   21 1.00064e-01
 47   23 9.72661e-02
 47   25 9.86896e-02
 47   27 1.07344e-01
 47   29 1.20922e-01
 47   31 1.51616e-01
 47   33 1.50826e-01
 47   35 1.67020e-01
 47   37 2.49635e-01
 47   39 2.19593e-01
 47   41 2.46737e-01
 47   43 6.63461e-01
 47   45 2.03712e+00
 47   47 2.40972e+01
 47   49 2.04079e+00
 47   51 6.74677e-01
 47   53 2.44491e-01
 47   55 2.13552e-01
 47   57 2.53597e-01
 47   59 1.68153e-01
 47   61 1.38745e-01
 47   63 1.51030e-01
 47   65 1.35691e-01
 47   67 1.18771e-01
 47   69 1.15421e-01
 47   71 1.13289e-01
 47   73 9.51932e-02
 47   75 9.99404e-02
 47   77 9.69753e-02
 47   79 1.12071e-01
 47   81 9.35302e-02
 47   83 1.04555e-01
 47   85 9.91699e-02
 47   87 9.66612e-02
 47   89 8.62608e-02
 48    0 7.17527e-03
 48    2 3.24901e-02
 48    4 6.30556e-02
 48    6 9.34707e-02
 48    8 1.15422e-01
 48   10 1.09498e-01
 48   12 1.03928e-01
 48   14 9.98923e-02
 48   16 9.02224e-02
 48   18 9.02647e-02
 48   20 9.35695e-02
 48   22 8.85536e-02
 48   24 9.28255e-02
 48   26 9.63794e-02
 48   28 9.85271e-02
 48   30 1.23208e-01
 48   32 1.43200e-01
 48   34 1.38905e-01
 48   36 1.63658e-01
 48   38 2.40565e-01
 48   40 2.12908e-01
 48   42 2.31632e-01
 48   44 6.47244e-01
 48   46 1.99225e+00
 48   48 2.36115e+01
 48   50 1.98905e+00
 48   52 6.52584e-01
 48   54 2.45657e-01
 48   56 2.14934e-01
 48   58 2.45195e-01
 48   60 1.63820e-01
 48   62 1.32480e-01
 48   64 1.45619e-01
 48   66 1.41499e-01
 48   68 1.21490e-01
 48   70 1.02204e-01
 48   72 1.09301e-01
 48   74 8.08991e-02
 48   76 1.02902e-01
 48   78 9.49430e-02
 48   80 1.20374e-01
 48   82 9.14636e-02
 48   84 9.45402e-02
 48   86 9.71328e-02
 48   88 8.31811e-02
 48   90 1.02265e-01
 49    1 2.18413e-02
 49    3 4.92138e-02
 49    5 7.67086e-02
 49    7 1.02201e-01
 49    9 1.11930e-01
 49   11 1.06725e-01
 49   13 9.84256e-02
 49   15 8.77315e-02
 49   17 8.45997e-02
 49   19 8.08626e-02
 49   21 8.38511e-02
 49   23 8.59779e-02
 49   25 8.94890e-02
 49   27 9.64014e-02
 49   29 1.03398e-01
 49   31 1.21377e-01
 49   33 1.41750e-01
 49   35 1.41398e-01
 49   37 1.52980e-01
 49   39 2.43569e-01
 49   41 2.07169e-01
 49   43 2.36468e-01
 49   45 6.41552e-01
 49   47 1.96307e+00
 49   49 2.31522e+01
 49   51 1.93192e+00
 49   53 6.36992e-01
 49   55 2.34467e-01
 49   57 2.10010e-01
 49   59 2.28233e-01
 49   61 1.71655e-01
 49   63 1.44375e-01
 49   65 1.65505e-01
 49   67 1.31830e-01
 49   69 1.06071e-01
 49   71 1.03405e-01
 49   73 9.23013e-02
 49   75 1.06532e-01
 49   77 1.01219e-01
 49   79 1.01600e-01
 49   81 9.59919e-02
 49   83 1.00318e-01
 49   85 8.73476e-02
 49   87 7.88337e-02
 49   89 1.07895e-01
 50    0 7.60689e-03
 50    2 3.44753e-02
 50    4 5.95706e-02
 50    6 8.15452e-02
 50    8 1.05393e-01
 50   10 1.04809e-01
 50   12 9.59885e-02
 50   14 9.52901e-02
 50   16 8.25779e-02
 50   18 8.73397e-02
 50   20 7.77183e-02
 50   22 7.80322e-02
 50   24 7.87331e-02
 50   26 9.58946e-02
 50   28 9.68189e-02
 50   30 9.98042e-02
 50   32 1.25636e-01
 50   34 1.38629e-01
 50   36 1.35037e-01
 50   38 1.53706e-01
 50   40 2.33464e-01
 50   42 2.12278e-01
 50   44 2.26328e-01
 50   46 6.29602e-01
 50   48 1.91500e+00
 50   50 2.27523e+01
 50   52 1.88570e+00
 50   54 6.20064e-01
 50   56 2.29106e-01
 50   58 2.02524e-01
 50   60 2.26707e-01
 50   62 1.66206e-01
 50   64 1.46171e-01
 50   66 1.47926e-01
 50   68 1.33008e-01
 50   70 1.10797e-01
 50   72 9.41259e-02
 50   74 9.56361e-02
 50   76 9.84798e-02
 50   78 1.03598e-01
 50   80 9.32505e-02
 50   82 9.33498e-02
 50   84 9.76234e-02
 50   86 8.46318e-02
 50   88 9.03985e-02
 50   90 9.09135e-02
 51    1 2.08480e-02
 51    3 4.84473e-02
 51    5 7.09694e-02
 51    7 9.33175e-02
 51    9 1.06311e-01
 51   11 1.00774e-01
 51   13 9.31395e-02
 51   15 8.07311e-02
 51   17 8.25049e-02
 51   19 7.62443e-02
 51   21 7.03256e-02
 51   23 7.57677e-02
 51   25 7.85130e-02
 51   27 8.56588e-02
 51   29 9.31783e-02
 51   31 1.06657e-01
 51   33 1.20889e-01
 51   35 1.33489e-01
 51   37 1.27532e-01
 51   39 1.49551e-01
 51   41 2.39059e-01
 51   43 2.11561e-01
 51   45 2.30468e-01
 51   47 6.25357e-01
 51   49 1.86159e+00
 51   51 2.23296e+01
 51   53 1.84495e+00
 51   55 6.10060e-01
 51   57 2.15549e-01
 51   59 2.02415e-01
 51   61 2.32576e-01
 51   63 1.71189e-01
 51   65 1.48914e-01
 51   67 1.39792e-01
 51   69 1.19442e-01
 51   71 1.06995e-01
 51   73 9.99630e-02
 51   75 1.06458e-01
 51   77 1.00341e-01
 51   79 1.10430e-01
 51   81 7.89576e-02
 51   83 9.74893e-02
 51   85 9.45578e-02
 51   87 8.92139e-02
 51   89 9.78426e-02
 52    0 6.85736e-03
 52    2 3.67525e-02
 52    4 6.22801e-02
 52    6 8.48221e-02
 52    8 1.04584e-01
 52   10 1.00895e-01
 52   12 9.13158e-02
 52   14 8.27725e-02
 52   16 8.11196e-02
 52   18 7.06104e-02
 52   20 6.47827e-02
 52   22 6.56015e-02
 52   24 7.94006e-02
 52   26 7.37032e-02
 52   28 9.44149e-02
 52   30 8.99251e-02
 52   32 9.40200e-02
 52   34 1.16343e-01
 52   36 1.26619e-01
 52   38 1.13850e-01
 52   40 1.50360e-01
 52   42 2.17850e-01
 52   44 2.07434e-01
 52   46 2.30273e-01
 52   48 6.05913e-01
 52   50 1.81855e+00
 52   52 2.19513e+01
 52   54 1.79429e+00
 52   56 6.02340e-01
 52   58 2.10808e-01
 52   60 2.05087e-01
 52   62 2.25090e-01
 52   64 1.74985e-01
 52   66 1.47808e-01
 52   68 1.28869e-01
 52   70 1.12161e-01
 52   72 1.13056e-01
 52   74 1.04764e-01
 52   76 1.04515e-01
 52   78 1.01548e-01
 52   80 1.00608e-01
 52   82 8.81539e-02
 52   84 9.83193e-02
 52   86 9.51490e-02
 52   88 7.82383e-02
 52   90 1.06373e-01
 53    1 1.93360e-02
 53    3 4.50125e-02
 53    5 6.59437e-02
 53    7 9.13253e-02
 53    9 1.02363e-01
 53   11 1.00689e-01
 53   13 8.73852e-02
 53   15 7.98760e-02
 53   17 7.22864e-02
 53   19 7.63466e-02
 53   21 7.50414e-02
 53   23 7.12335e-02
 53   25 8.05470e-02
 53   27 8.03805e-02
 53   29 8.59173e-02
 53   31 8.28857e-02
 53   33 9.01680e-02
 53   35 1.08523e-01
 53   37 1.22550e-01
 53   39 1.27579e-01
 53   41 1.48310e-01
 53   43 2.29567e-01
 53   45 2.14582e-01
 53   47 2.18721e-01
 53   49 5.92411e-01
 53   51 1.78066e+00
 53   53 2.15591e+01
 53   55 1.76944e+00
 53   57 5.93087e-01
 53   59 2.22065e-01
 53   61 2.09231e-01
 53   63 2.28077e-01
 53   65 1.60503e-01
 53   67 1.34621e-01
 53   69 1.39107e-01
 53   71 1.16803e-01
 53   73 8.71274e-02
 53   75 9.23416e-02
 53   77 1.10136e-01
 53   79 1.11199e-01
 53   81 8.42147e-02
 53   83 7.68563e-02
 53   85 1.01423e-01
 53   87 8.61372e-02
 53   89 8.98203e-02
 54    0 6.45719e-03
 54    2 3.11912e-02
 54    4 5.33458e-02
 54    6 7.10222e-02
 54    8 9.34749e-02
 54   10 9.51674e-02
 54   12 9.44125e-02
 54   14 7.84447e-02
 54   16 6.98123e-02
 54   18 7.20392e-02
 54   20 6.97531e-02
 54   22 7.41649e-02
 54   24 7.28902e-02
 54   26 7.89543e-02
 54   28 7.61978e-02
 54   30 8.35203e-02
 54   32 8.39758e-02
 54   34 8.93876e-02
 54   36 1.08191e-01
 54   38 1.21658e-01
 54   40 1.25800e-01
 54   42 1.54181e-01
 54   44 2.26592e-01
 54   46 2.01691e-01
 54   48 2.20308e-01
 54   50 5.77584e-01
 54   52 1.73309e+00
 54   54 2.11922e+01
 54   56 1.71883e+00
 54   58 5.87307e-01
 54   60 2.16688e-01
 54   62 2.06630e-01
 54   64 2.19492e-01
 54   66 1.54122e-01
 54   68 1.32251e-01
 54   70 1.34381e-01
 54   72 1.21101e-01
 54   74 8.68139e-02
 54   76 9.31252e-02
 54   78 9.59760e-02
 54   80 1.13263e-01
 54   82 7.73741e-02
 54   84 8.45691e-02
 54   86 9.76345e-02
 54   88 8.82101e-02
 54   90 8.48694e-02
 55    1 1.49711e-02
 55    3 3.69437e-02
 55    5 5.70768e-02
 55    7 7.96304e-02
 55    9 9.00938e-02
 55   11 8.74698e-02
 55   13 8.46723e-02
 55   15 8.01034e-02
 55   17 7.78510e-02
 55   19 7.79008e-02
 55   21 7.69548e-02
 55   23 7.12812e-02
 55   25 7.75246e-02
 55   27 8.13674e-02
 55   29 8.39381e-02
 55   31 9.16629e-02
 55   33 8.51165e-02
 55   35 9.29981e-02
 55   37 1.06429e-01
 55   39 1.24727e-01
 55   41 1.31528e-01
 55   43 1.43454e-01
 55   45 2.25567e-01
 55   47 1.84663e-01
 55   49 2.10775e-01
 55   51 5.69138e-01
 55   53 1.71035e+00
 55   55 2.08349e+01
 55   57 1.70059e+00
 55   59 5.75101e-01
 55   61 2.10570e-01
 55   63 1.96260e-01
 55   65 2.10749e-01
 55   67 1.47766e-01
 55   69 1.26312e-01
 55   71 1.36351e-01
 55   73 1.05265e-01
 55   75 9.46537e-02
 55   77 9.10973e-02
 55   79 1.07513e-01
 55   81 9.22506e-02
 55   83 9.72566e-02
 55   85 8.34341e-02
 55   87 8.53287e-02
 55   89 8.28857e-02
 56    0 5.23143e-03
 56    2 2.65136e-02
 56    4 4.88178e-02
 56    6 7.33483e-02
 56    8 8.99199e-02
 56   10 8.95225e-02
 56   12 8.18368e-02
 56   14 7.70851e-02
 56   16 7.32225e-02
 56   18 7.76661e-02
 56   20 7.45003e-02
 56   22 7.08875e-02
 56   24 8.22291e-02
 56   26 7.00025e-02
 56   28 8.08136e-02
 56   30 8.47207e-02
 56   32 7.48315e-02
 56   34 7.66099e-02
 56   36 8.21506e-02
 56   38 1.08596e-01
 56   40 1.21243e-01
 56   42 1.27609e-01
 56   44 1.46444e-01
 56   46 2.10204e-01
 56   48 1.86452e-01
 56   50 2.06431e-01
 56   52 5.62769e-01
 56   54 1.66262e+00
 56   56 2.05090e+01
 56   58 1.65848e+00
 56   60 5.65922e-01
 56   62 2.05135e-01
 56   64 1.95414e-01
 56   66 1.98912e-01
 56   68 1.47379e-01
 56   70 1.16649e-01
 56   72 1.34290e-01
 56   74 1.05797e-01
 56   76 9.36648e-02
 56   78 9.26432e-02
 56   80 1.03948e-01
 56   82 8.91225e-02
 56   84 8.45670e-02
 56   86 8.09623e-02
 56   88 8.55971e-02
 56   90 7.97705e-02
 57    1 1.65061e-02
 57    3 3.60254e-02
 57    5 6.08931e-02
 57    7 7.98406e-02
 57    9 9.42339e-02
 57   11 9.11619e-02
 57   13 8.12607e-02
 57   15 7.67428e-02
 57   17 7.65425e-02
 57   19 8.17146e-02
 57   21 8.53901e-02
 57   23 8.48362e-02
 57   25 7.54166e-02
 57   27 6.74785e-02
 57   29 7.78159e-02
 57   31 7.60906e-02
 57   33 7.67379e-02
 57   35 8.18692e-02
 57   37 8.33635e-02
 57   39 1.11762e-01
 57   41 1.13111e-01
 57   43 1.13334e-01
 57   45 1.41253e-01
 57   47 2.12267e-01
 57   49 1.82742e-01
 57   51 1.94648e-01
 57   53 5.54918e-01
 57   55 1.64611e+00
 57   57 2.01725e+01
 57   59 1.62122e+00
 57   61 5.48096e-01
 57   63 2.06854e-01
 57   65 1.88672e-01
 57   67 1.96240e-01
 57   69 1.40163e-01
 57   71 1.18520e-01
 57   73 1.31070e-01
 57   75 1.17321e-01
 57   77 8.75558e-02
 57   79 7.71695e-02
 57   81 8.78878e-02
 57   83 9.65155e-02
 57   85 7.95014e-02
 57   87 8.21121e-02
 57   89 9.71077e-02
 58    0 4.31680e-03
 58    2 2.12775e-02
 58    4 4.40490e-02
 58    6 6.35149e-02
 58    8 8.57608e-02
 58   10 9.27786e-02
 58   12 8.16356e-02
 58   14 8.29681e-02
 58   16 7.42899e-02
 58   18 7.68774e-02
 58   20 7.26075e-02
 58   22 8.05753e-02
 58   24 7.50754e-02
 58   26 7.90333e-02
 58   28 6.71245e-02
 58   30 6.98517e-02
 58   32 7.49814e-02
 58   34 7.18639e-02
 58   36 8.19754e-02
 58   38 7.88385e-02
 58   40 1.12172e-01
 58   42 1.08494e-01
 58   44 1.18856e-01
 58   46 1.45200e-01
 58   48 2.06028e-01
 58   50 1.76753e-01
 58   52 1.90778e-01
 58   54 5.50272e-01
 58   56 1.60643e+00
 58   58 1.98831e+01
 58   60 1.58150e+00
 58   62 5.44982e-01
 58   64 1.98268e-01
 58   66 1.91494e-01
 58   68 1.93224e-01
 58   70 1.51521e-01
 58   72 1.12840e-01
 58   74 1.18304e-01
 58   76 1.07509e-01
 58   78 8.59499e-02
 58   80 7.22264e-02
 58   82 9.16243e-02
 58   84 8.97492e-02
 58   86 7.75135e-02
 58   88 7.51003e-02
 58   90 9.81220e-02
 59    1 1.24405e-02
 59    3 3.21802e-02
 59    5 5.11529e-02
 59    7 7.14107e-02
 59    9 8.89530e-02
 59   11 8.08291e-02
 59   13 8.30798e-02
 59   15 8.59319e-02
 59   17 8.41220e-02
 59   19 7.94957e-02
 59   21 8.11507e-02
 59   23 7.43129e-02
 59   25 8.71734e-02
 59   27 7.86388e-02
 59   29 6.68278e-02
 59   31 7.97767e-02
 59   33 7.34040e-02
 59   35 7.40036e-02
 59   37 8.08168e-02
 59   39 7.51410e-02
 59   41 9.64312e-02
 59   43 1.11696e-01
 59   45 1.09192e-01
 59   47 1.36419e-01
 59   49 1.92492e-01
 59   51 1.77167e-01
 59   53 2.01384e-01
 59   55 5.39559e-01
 59   57 1.57136e+00
 59   59 1.95645e+01
 59   61 1.56178e+00
 59   63 5.29799e-01
 59   65 2.05209e-01
 59   67 1.81249e-01
 59   69 2.07425e-01
 59   71 1.44724e-01
 59   73 1.15351e-01
 59   75 1.17053e-01
 59   77 1.07563e-01
 59   79 8.25705e-02
 59   81 8.54818e-02
 59   83 7.13772e-02
 59   85 8.22982e-02
 59   87 8.27742e-02
 59   89 8.15583e-02
 60    0 4.27693e-03
 60    2 2.20017e-02
 60    4 4.09092e-02
 60    6 6.04054e-02
 60    8 8.27175e-02
 60   10 8.67454e-02
 60   12 7.48308e-02
 60   14 7.93417e-02
 60   16 8.22127e-02
 60   18 7.70833e-02
 60   20 8.73373e-02
 60   22 6.64499e-02
 60   24 7.79224e-02
 60   26 7.25120e-02
 60   28 6.98545e-02
 60   30 6.96105e-02
 60   32 6.61137e-02
 60   34 7.49913e-02
 60   36 6.68227e-02
 60   38 7.59827e-02
 60   40 7.54318e-02
 60   42 9.66526e-02
 60   44 1.06327e-01
 60   46 1.05123e-01
 60   48 1.33502e-01
 60   50 1.91895e-01
 60   52 1.80005e-01
 60   54 1.96904e-01
 60   56 5.31638e-01
 60   58 1.53382e+00
 60   60 1.92751e+01
 60   62 1.52265e+00
 60   64 5.21897e-01
 60   66 2.01320e-01
 60   68 1.78993e-01
 60   70 1.98882e-01
 60   72 1.42333e-01
 60   74 1.13935e-01
 60   76 1.16786e-01
 60   78 1.06554e-01
 60   80 8.29634e-02
 60   82 7.25616e-02
 60   84 7.94514e-02
 60   86 8.22926e-02
 60   88 8.03704e-02
 60   90 8.18768e-02
 61    1 1.15282e-02
 61    3 2.76406e-02
 61    5 4.38146e-02
 61    7 6.38988e-02
 61    9 7.85135e-02
 61   11 7.39021e-02
 61   13 7.14543e-02
 61   15 7.34433e-02
 61   17 7.33074e-02
 61   19 7.67212e-02
 61   21 7.92719e-02
 61   23 6.68207e-02
 61   25 6.80861e-02
 61   27 7.72398e-02
 61   29 6.52717e-02
 61   31 6.84265e-02
 61   33 7.33640e-02
 61   35 7.65212e-02
 61   37 7.35824e-02
 61   39 7.91167e-02
 61   41 9.26432e-02
 61   43 9.86065e-02
 61   45 1.15872e-01
 61   47 1.09235e-01
 61   49 1.40496e-01
 61   51 1.97550e-01
 61   53 1.84138e-01
 61   55 1.91718e-01
 61   57 5.15542e-01
 61   59 1.51563e+00
 61   61 1.90035e+01
 61   63 1.49377e+00
 61   65 5.06705e-01
 61   67 1.92759e-01
 61   69 1.85405e-01
 61   71 2.17640e-01
 61   73 1.39928e-01
 61   75 1.07387e-01
 61   77 1.19568e-01
 61   79 1.09810e-01
 61   81 7.08625e-02
 61   83 7.49751e-02
 61   85 8.22762e-02
 61   87 7.73059e-02
 61   89 7.95694e-02
 62    0 3.77539e-03
 62    2 1.84702e-02
 62    4 3.37739e-02
 62    6 4.73016e-02
 62    8 6.74038e-02
 62   10 7.44975e-02
 62   12 7.33437e-02
 62   14 7.22335e-02
 62   16 6.90175e-02
 62   18 6.68078e-02
 62   20 7.47154e-02
 62   22 7.49631e-02
 62   24 7.18057e-02
 62   26 7.54936e-02
 62   28 6.45152e-02
 62   30 6.27809e-02
 62   32 6.96352e-02
 62   34 6.93906e-02
 62   36 7.67641e-02
 62   38 7.13688e-02
 62   40 7.50480e-02
 62   42 8.71132e-02
 62   44 9.50708e-02
 62   46 1.09600e-01
 62   48 1.04834e-01
 62   50 1.36608e-01
 62   52 1.91838e-01
 62   54 1.82324e-01
 62   56 1.87125e-01
 62   58 5.13240e-01
 62   60 1.47853e+00
 62   62 1.87214e+01
 62   64 1.46350e+00
 62   66 4.99797e-01
 62   68 1.91302e-01
 62   70 1.73972e-01
 62   72 2.12618e-01
 62   74 1.42661e-01
 62   76 1.06506e-01
 62   78 1.08082e-01
 62   80 1.10874e-01
 62   82 7.83492e-02
 62   84 7.58425e-02
 62   86 7.54437e-02
 62   88 8.83162e-02
 62   90 7.34042e-02
 63    1 1.11972e-02
 63    3 2.57919e-02
 63    5 3.82694e-02
 63    7 5.24795e-02
 63    9 6.56914e-02
 63   11 6.83755e-02
 63   13 6.65567e-02
 63   15 6.83984e-02
 63   17 7.53928e-02
 63   19 7.10118e-02
 63   21 6.73220e-02
 63   23 6.36516e-02
 63   25 6.93241e-02
 63   27 6.64125e-02
 63   29 7.16798e-02
 63   31 6.11686e-02
 63   33 6.43696e-02
 63   35 8.00804e-02
 63   37 8.13652e-02
 63   39 7.37994e-02
 63   41 8.36186e-02
 63   43 8.80787e-02
 63   45 1.06783e-01
 63   47 1.15528e-01
 63   49 1.14810e-01
 63   51 1.41276e-01
 63   53 1.95020e-01
 63   55 1.73612e-01
 63   57 1.89039e-01
 63   59 4.99534e-01
 63   61 1.45132e+00
 63   63 1.84622e+01
 63   65 1.42886e+00
 63   67 4.97874e-01
 63   69 1.97170e-01
 63   71 1.70896e-01
 63   73 1.90334e-01
 63   75 1.38183e-01
 63   77 1.06571e-01
 63   79 1.13592e-01
 63   81 8.89429e-02
 63   83 7.93507e-02
 63   85 7.67487e-02
 63   87 9.34537e-02
 63   89 8.34981e-02
 64    0 3.10204e-03
 64    2 1.74017e-02
 64    4 2.99707e-02
 64    6 4.30986e-02
 64    8 5.64922e-02
 64   10 6.23044e-02
 64   12 6.70222e-02
 64   14 6.70939e-02
 64   16 7.27065e-02
 64   18 6.71364e-02
 64   20 6.52996e-02
 64   22 6.72780e-02
 64   24 5.93710e-02
 64   26 5.72630e-02
 64   28 7.08461e-02
 64   30 6.35794e-02
 64   32 7.07356e-02
 64   34 6.67108e-02
 64   36 6.80536e-02
 64   38 7.62941e-02
 64   40 7.80804e-02
 64   42 8.26226e-02
 64   44 9.00159e-02
 64   46 9.79306e-02
 64   48 1.12020e-01
 64   50 1.16792e-01
 64   52 1.44978e-01
 64   54 1.88275e-01
 64   56 1.73288e-01
 64   58 1.81515e-01
 64   60 4.92651e-01
 64   62 1.42271e+00
 64   64 1.82127e+01
 64   66 1.39472e+00
 64   68 4.84375e-01
 64   70 2.00655e-01
 64   72 1.67938e-01
 64   74 1.84399e-01
 64   76 1.40483e-01
 64   78 1.09121e-01
 64   80 9.62153e-02
 64   82 8.80857e-02
 64   84 8.38914e-02
 64   86 7.87371e-02
 64   88 8.22922e-02
 64   90 8.01896e-02
 65    1 1.13310e-02
 65    3 2.49277e-02
 65    5 4.12694e-02
 65    7 5.31611e-02
 65    9 6.46363e-02
 65   11 6.46686e-02
 65   13 6.85387e-02
 65   15 6.80488e-02
 65   17 6.35512e-02
 65   19 6.31990e-02
 65   21 6.14639e-02
 65   23 7.30505e-02
 65   25 5.72633e-02
 65   27 6.68546e-02
 65   29 5.97836e-02
 65   31 6.45925e-02
 65   33 6.51368e-02
 65   35 6.15405e-02
 65   37 7.46519e-02
 65   39 7.88184e-02
 65   41 8.01836e-02
 65   43 7.93694e-02
 65   45 7.67687e-02
 65   47 1.00957e-01
 65   49 1.28015e-01
 65   51 1.19534e-01
 65   53 1.33488e-01
 65   55 1.81332e-01
 65   57 1.67709e-01
 65   59 1.88196e-01
 65   61 4.78847e-01
 65   63 1.38979e+00
 65   65 1.79831e+01
 65   67 1.37144e+00
 65   69 4.82177e-01
 65   71 2.00677e-01
 65   73 1.63510e-01
 65   75 1.80259e-01
 65   77 1.28205e-01
 65   79 9.91696e-02
 65   81 1.05516e-01
 65   83 1.03551e-01
 65   85 8.06759e-02
 65   87 9.46443e-02
 65   89 7.99951e-02
 66    0 3.97069e-03
 66    2 1.76362e-02
 66    4 3.18485e-02
 66    6 4.63551e-02
 66    8 5.94504e-02
 66   10 6.22770e-02
 66   12 6.46610e-02
 66   14 6.97502e-02
 66   16 6.45170e-02
 66   18 6.41199e-02
 66   20 5.87100e-02
 66   22 7.29016e-02
 66   24 6.76412e-02
 66   26 5.75244e-02
 66   28 5.50152e-02
 66   30 6.11400e-02
 66   32 6.21750e-02
 66   34 6.45732e-02
 66   36 6.90333e-02
 66   38 6.45044e-02
 66   40 7.20631e-02
 66   42 7.52636e-02
 66   44 7.20000e-02
 66   46 7.67051e-02
 66   48 1.05930e-01
 66   50 1.15024e-01
 66   52 1.19176e-01
 66   54 1.28656e-01
 66   56 1.71659e-01
 66   58 1.70612e-01
 66   60 1.84940e-01
 66   62 4.72834e-01
 66   64 1.35731e+00
 66   66 1.77600e+01
 66   68 1.34566e+00
 66   70 4.64718e-01
 66   72 1.95802e-01
 66   74 1.73618e-01
 66   76 1.79109e-01
 66   78 1.26179e-01
 66   80 1.04846e-01
 66   82 1.03786e-01
 66   84 8.64463e-02
 66   86 7.86308e-02
 66   88 8.20742e-02
 66   90 8.28526e-02
 67    1 1.22399e-02
 67    3 2.57688e-02
 67    5 4.52983e-02
 67    7 5.82724e-02
 67    9 6.90418e-02
 67   11 6.80097e-02
 67   13 7.05274e-02
 67   15 7.25037e-02
 67   17 7.28520e-02
 67   19 6.20537e-02
 67   21 5.62597e-02
 67   23 5.67956e-02
 67   25 5.19230e-02
 67   27 5.73013e-02
 67   29 5.74906e-02
 67   31 6.00467e-02
 67   33 5.93803e-02
 67   35 5.84408e-02
 67   37 6.82054e-02
 67   39 7.35236e-02
 67   41 7.16723e-02
 67   43 7.46748e-02
 67   45 8.01854e-02
 67   47 8.60418e-02
 67   49 9.92833e-02
 67   51 1.09257e-01
 67   53 1.09015e-01
 67   55 1.23793e-01
 67   57 1.69844e-01
 67   59 1.61847e-01
 67   61 1.77366e-01
 67   63 4.71514e-01
 67   65 1.33534e+00
 67   67 1.75043e+01
 67   69 1.32926e+00
 67   71 4.72092e-01
 67   73 1.92533e-01
 67   75 1.57206e-01
 67   77 1.67232e-01
 67   79 1.19339e-01
 67   81 1.12489e-01
 67   83 9.76891e-02
 67   85 9.11783e-02
 67   87 9.08015e-02
 67   89 9.80955e-02
 68    0 4.20697e-03
 68    2 1.82014e-02
 68    4 3.04878e-02
 68    6 4.64547e-02
 68    8 5.90460e-02
 68   10 6.18513e-02
 68   12 6.28969e-02
 68   14 6.94181e-02
 68   16 6.90575e-02
 68   18 6.92151e-02
 68   20 5.76139e-02
 68   22 5.07395e-02
 68   24 5.18727e-02
 68   26 5.10730e-02
 68   28 5.60724e-02
 68   30 5.45973e-02
 68   32 6.08360e-02
 68   34 6.41333e-02
 68   36 5.91406e-02
 68   38 7.12889e-02
 68   40 7.07390e-02
 68   42 7.28289e-02
 68   44 8.24600e-02
 68   46 8.09664e-02
 68   48 8.86015e-02
 68   50 1.00752e-01
 68   52 1.01222e-01
 68   54 1.07547e-01
 68   56 1.23900e-01
 68   58 1.67706e-01
 68   60 1.60183e-01
 68   62 1.76306e-01
 68   64 4.59204e-01
 68   66 1.31090e+00
 68   68 1.72686e+01
 68   70 1.30158e+00
 68   72 4.63514e-01
 68   74 1.87878e-01
 68   76 1.48091e-01
 68   78 1.63075e-01
 68   80 1.15208e-01
 68   82 1.07296e-01
 68   84 1.04930e-01
 68   86 8.81020e-02
 68   88 9.92338e-02
 68   90 8.67034e-02
 69    1 1.17529e-02
 69    3 2.56132e-02
 69    5 4.11085e-02
 69    7 5.56896e-02
 69    9 6.49389e-02
 69   11 6.00308e-02
 69   13 6.78768e-02
 69   15 6.83880e-02
 69   17 6.13888e-02
 69   19 6.04772e-02
 69   21 5.90294e-02
 69   23 5.93660e-02
 69   25 6.18377e-02
 69   27 6.25094e-02
 69   29 5.05669e-02
 69   31 6.63978e-02
 69   33 6.42459e-02
 69   35 6.35595e-02
 69   37 6.05120e-02
 69   39 6.22063e-02
 69   41 6.89773e-02
 69   43 6.46498e-02
 69   45 7.45856e-02
 69   47 8.14949e-02
 69   49 7.78580e-02
 69   51 9.09857e-02
 69   53 1.09792e-01
 69   55 1.03137e-01
 69   57 1.18234e-01
 69   59 1.80524e-01
 69   61 1.66273e-01
 69   63 1.81996e-01
 69   65 4.57581e-01
 69   67 1.29556e+00
 69   69 1.70536e+01
 69   71 1.28355e+00
 69   73 4.45321e-01
 69   75 1.86217e-01
 69   77 1.36373e-01
 69   79 1.58269e-01
 69   81 1.24915e-01
 69   83 1.02369e-01
 69   85 9.31016e-02
 69   87 9.97288e-02
 69   89 8.42993e-02
 70    0 2.95344e-03
 70    2 1.53533e-02
 70    4 3.26741e-02
 70    6 4.73868e-02
 70    8 6.79455e-02
 70   10 6.78683e-02
 70   12 5.76735e-02
 70   14 5.72999e-02
 70   16 6.17517e-02
 70   18 5.39706e-02
 70   20 5.97813e-02
 70   22 6.33231e-02
 70   24 6.08645e-02
 70   26 6.58124e-02
 70   28 5.56164e-02
 70   30 5.54408e-02
 70   32 6.23880e-02
 70   34 6.30125e-02
 70   36 6.16594e-02
 70   38 5.79810e-02
 70   40 6.62353e-02
 70   42 6.70133e-02
 70   44 6.29777e-02
 70   46 7.25095e-02
 70   48 7.26809e-02
 70   50 8.18387e-02
 70   52 8.59058e-02
 70   54 1.06559e-01
 70   56 9.56254e-02
 70   58 1.28236e-01
 70   60 1.73551e-01
 70   62 1.56344e-01
 70   64 1.85493e-01
 70   66 4.41445e-01
 70   68 1.26919e+00
 70   70 1.68142e+01
 70   72 1.25325e+00
 70   74 4.40961e-01
 70   76 1.88041e-01
 70   78 1.37946e-01
 70   80 1.45685e-01
 70   82 1.27250e-01
 70   84 1.02086e-01
 70   86 9.21914e-02
 70   88 9.44162e-02
 70   90 8.50278e-02
 71    1 8.96795e-03
 71    3 2.35000e-02
 71    5 3.62183e-02
 71    7 5.28195e-02
 71    9 6.73914e-02
 71   11 5.85705e-02
 71   13 5.65331e-02
 71   15 5.79257e-02
 71   17 5.52110e-02
 71   19 5.75132e-02
 71   21 4.83827e-02
 71   23 4.82630e-02
 71   25 5.48814e-02
 71   27 5.60522e-02
 71   29 6.36268e-02
 71   31 5.37174e-02
 71   33 5.75427e-02
 71   35 5.48640e-02
 71   37 6.67093e-02
 71   39 6.10046e-02
 71   41 6.50603e-02
 71   43 7.15470e-02
 71   45 7.40566e-02
 71   47 7.80352e-02
 71   49 7.40471e-02
 71   51 7.95126e-02
 71   53 8.99353e-02
 71   55 1.08613e-01
 71   57 9.75338e-02
 71   59 1.22877e-01
 71   61 1.90413e-01
 71   63 1.53890e-01
 71   65 1.85786e-01
 71   67 4.48878e-01
 71   69 1.25219e+00
 71   71 1.66342e+01
 71   73 1.22764e+00
 71   75 4.35238e-01
 71   77 1.81337e-01
 71   79 1.35879e-01
 71   81 1.50186e-01
 71   83 1.25069e-01
 71   85 1.03941e-01
 71   87 1.04861e-01
 71   89 8.63860e-02
 72    0 2.82494e-03
 72    2 1.51989e-02
 72    4 2.99244e-02
 72    6 4.37115e-02
 72    8 5.96939e-02
 72   10 5.86600e-02
 72   12 5.03383e-02
 72   14 5.26018e-02
 72   16 5.33761e-02
 72   18 5.59284e-02
 72   20 5.87355e-02
 72   22 4.87172e-02
 72   24 4.34430e-02
 72   26 4.60300e-02
 72   28 5.72235e-02
 72   30 6.41843e-02
 72   32 6.13548e-02
 72   34 5.47376e-02
 72   36 5.55768e-02
 72   38 5.80190e-02
 72   40 6.64658e-02
 72   42 6.64397e-02
 72   44 7.42577e-02
 72   46 7.18497e-02
 72   48 7.58629e-02
 72   50 6.78567e-02
 72   52 8.45133e-02
 72   54 9.37243e-02
 72   56 1.07446e-01
 72   58 9.32088e-02
 72   60 1.21224e-01
 72   62 1.86490e-01
 72   64 1.51524e-01
 72   66 1.81534e-01
 72   68 4.41134e-01
 72   70 1.22318e+00
 72   72 1.64442e+01
 72   74 1.20457e+00
 72   76 4.30117e-01
 72   78 1.77126e-01
 72   80 1.29935e-01
 72   82 1.50062e-01
 72   84 1.21092e-01
 72   86 9.79443e-02
 72   88 9.83158e-02
 72   90 8.16451e-02
 73    1 1.20557e-02
 73    3 2.37916e-02
 73    5 3.83300e-02
 73    7 5.18268e-02
 73    9 5.56528e-02
 73   11 5.84332e-02
 73   13 6.02859e-02
 73   15 5.90702e-02
 73   17 5.92903e-02
 73   19 6.13486e-02
 73   21 7.01179e-02
 73   23 7.34412e-02
 73   25 6.49857e-02
 73   27 5.99689e-02
 73   29 6.02656e-02
 73   31 5.56956e-02
 73   33 6.15654e-02
 73   35 5.56957e-02
 73   37 5.61185e-02
 73   39 5.79234e-02
 73   41 5.90068e-02
 73   43 6.15011e-02
 73   45 6.26636e-02
 73   47 6.40258e-02
 73   49 6.45384e-02
 73   51 7.25365e-02
 73   53 6.55053e-02
 73   55 8.18757e-02
 73   57 1.05321e-01
 73   59 9.56309e-02
 73   61 1.19539e-01
 73   63 1.67356e-01
 73   65 1.47811e-01
 73   67 1.78753e-01
 73   69 4.24206e-01
 73   71 1.19872e+00
 73   73 1.62302e+01
 73   75 1.18004e+00
 73   77 4.14834e-01
 73   79 1.69177e-01
 73   81 1.53159e-01
 73   83 1.60379e-01
 73   85 1.27681e-01
 73   87 1.16434e-01
 73   89 1.00114e-01
 74    0 3.68689e-03
 74    2 1.64296e-02
 74    4 3.10116e-02
 74    6 4.65550e-02
 74    8 5.96343e-02
 74   10 5.91952e-02
 74   12 6.08115e-02
 74   14 5.92230e-02
 74   16 5.01413e-02
 74   18 5.33433e-02
 74   20 5.91507e-02
 74   22 7.04427e-02
 74   24 7.60470e-02
 74   26 6.31195e-02
 74   28 6.08412e-02
 74   30 5.08274e-02
 74   32 5.46975e-02
 74   34 5.46988e-02
 74   36 5.41183e-02
 74   38 6.13893e-02
 74   40 5.35141e-02
 74   42 5.91886e-02
 74   44 5.48377e-02
 74   46 6.16333e-02
 74   48 5.48511e-02
 74   50 6.73505e-02
 74   52 7.65036e-02
 74   54 6.56341e-02
 74   56 8.26899e-02
 74   58 9.54611e-02
 74   60 9.47935e-02
 74   62 1.22235e-01
 74   64 1.62526e-01
 74   66 1.57243e-01
 74   68 1.74670e-01
 74   70 4.20425e-01
 74   72 1.17671e+00
 74   74 1.60401e+01
 74   76 1.15231e+00
 74   78 4.09765e-01
 74   80 1.67427e-01
 74   82 1.32417e-01
 74   84 1.49977e-01
 74   86 1.30974e-01
 74   88 1.18343e-01
 74   90 9.48921e-02
 75    1 8.77803e-03
 75    3 1.93507e-02
 75    5 3.22998e-02
 75    7 4.23628e-02
 75    9 4.72277e-02
 75   11 4.68307e-02
 75   13 4.85480e-02
 75   15 4.82446e-02
 75   17 5.09151e-02
 75   19 4.72895e-02
 75   21 4.45095e-02
 75   23 4.46768e-02
 75   25 5.07242e-02
 75   27 5.81684e-02
 75   29 6.22225e-02
 75   31 6.31381e-02
 75   33 5.55526e-02
 75   35 6.48510e-02
 75   37 6.02640e-02
 75   39 6.36822e-02
 75   41 6.11260e-02
 75   43 6.76112e-02
 75   45 6.60766e-02
 75   47 6.56915e-02
 75   49 7.27964e-02
 75   51 7.54948e-02
 75   53 6.78483e-02
 75   55 7.19498e-02
 75   57 9.21316e-02
 75   59 9.48376e-02
 75   61 8.96551e-02
 75   63 1.18740e-01
 75   65 1.59250e-01
 75   67 1.42639e-01
 75   69 1.73357e-01
 75   71 4.15330e-01
 75   73 1.15323e+00
 75   75 1.58789e+01
 75   77 1.13061e+00
 75   79 4.06377e-01
 75   81 2.05735e-01
 75   83 1.51444e-01
 75   85 1.57934e-01
 75   87 1.45618e-01
 75   89 1.19551e-01
 76    0 2.67646e-03
 76    2 1.33014e-02
 76    4 2.34354e-02
 76    6 3.71595e-02
 76    8 4.58081e-02
 76   10 4.64315e-02
 76   12 4.16920e-02
 76   14 4.26947e-02
 76   16 4.56401e-02
 76   18 4.55445e-02
 76   20 4.43069e-02
 76   22 4.10735e-02
 76   24 4.02385e-02
 76   26 5.04939e-02
 76   28 6.06385e-02
 76   30 5.89010e-02
 76   32 6.25608e-02
 76   34 5.42996e-02
 76   36 5.53210e-02
 76   38 7.18599e-02
 76   40 5.50462e-02
 76   42 5.96921e-02
 76   44 6.40797e-02
 76   46 6.45921e-02
 76   48 6.82127e-02
 76   50 6.78057e-02
 76   52 7.46185e-02
 76   54 6.88347e-02
 76   56 7.15742e-02
 76   58 8.48147e-02
 76   60 9.49969e-02
 76   62 8.92205e-02
 76   64 1.21057e-01
 76   66 1.58596e-01
 76   68 1.34608e-01
 76   70 1.75283e-01
 76   72 4.10792e-01
 76   74 1.12660e+00
 76   76 1.56944e+01
 76   78 1.11043e+00
 76   80 4.00731e-01
 76   82 2.13715e-01
 76   84 1.58741e-01
 76   86 1.49332e-01
 76   88 1.40675e-01
 76   90 1.20808e-01
 77    1 9.36370e-03
 77    3 2.43665e-02
 77    5 3.57706e-02
 77    7 4.55499e-02
 77    9 5.46824e-02
 77   11 4.79835e-02
 77   13 4.99058e-02
 77   15 5.76643e-02
 77   17 6.00010e-02
 77   19 5.46395e-02
 77   21 6.54443e-02
 77   23 6.18686e-02
 77   25 6.56963e-02
 77   27 6.02890e-02
 77   29 5.35705e-02
 77   31 6.62496e-02
 77   33 4.72177e-02
 77   35 4.71568e-02
 77   37 5.15013e-02
 77   39 5.60481e-02
 77   41 7.67164e-02
 77   43 6.13997e-02
 77   45 5.43261e-02
 77   47 6.23456e-02
 77   49 6.76504e-02
 77   51 6.95972e-02
 77   53 7.91492e-02
 77   55 6.77288e-02
 77   57 6.72500e-02
 77   59 8.52383e-02
 77   61 9.76375e-02
 77   63 8.95691e-02
 77   65 1.10781e-01
 77   67 1.48410e-01
 77   69 1.24173e-01
 77   71 1.69250e-01
 77   73 3.96525e-01
 77   75 1.10583e+00
 77   77 1.55199e+01
 77   79 1.08329e+00
 77   81 4.21336e-01
 77   83 2.13136e-01
 77   85 1.47189e-01
 77   87 1.67274e-01
 77   89 1.11108e-01
 78    0 3.37973e-03
 78    2 1.68180e-02
 78    4 2.93877e-02
 78    6 3.62037e-02
 78    8 5.05973e-02
 78   10 4.55393e-02
 78   12 4.62550e-02
 78   14 5.28693e-02
 78   16 5.24118e-02
 78   18 5.38361e-02
 78   20 5.93553e-02
 78   22 5.85292e-02
 78   24 6.75796e-02
 78   26 6.23151e-02
 78   28 5.19512e-02
 78   30 6.55614e-02
 78   32 5.18393e-02
 78   34 5.42726e-02
 78   36 5.09090e-02
 78   38 4.73514e-02
 78   40 6.36494e-02
 78   42 6.58046e-02
 78   44 5.61511e-02
 78   46 5.91229e-02
 78   48 6.15820e-02
 78   50 6.97943e-02
 78   52 7.09393e-02
 78   54 6.94148e-02
 78   56 6.92695e-02
 78   58 6.63472e-02
 78   60 8.48081e-02
 78   62 8.85919e-02
 78   64 9.20079e-02
 78   66 1.09323e-01
 78   68 1.45037e-01
 78   70 1.25819e-01
 78   72 1.65526e-01
 78   74 3.91998e-01
 78   76 1.08653e+00
 78   78 1.53618e+01
 78   80 1.06038e+00
 78   82 4.09884e-01
 78   84 2.09091e-01
 78   86 1.47318e-01
 78   88 1.63775e-01
 78   90 1.09421e-01
 79    1 8.59368e-03
 79    3 1.86104e-02
 79    5 2.74834e-02
 79    7 3.75258e-02
 79    9 4.06152e-02
 79   11 3.80847e-02
 79   13 4.25183e-02
 79   15 4.02533e-02
 79   17 3.81432e-02
 79   19 4.03871e-02
 79   21 3.32608e-02
 79   23 5.07794e-02
 79   25 5.70847e-02
 79   27 6.60741e-02
 79   29 6.55920e-02
 79   31 6.30915e-02
 79   33 7.52513e-02
 79   35 7.35322e-02
 79   37 7.88846e-02
 79   39 7.90329e-02
 79   41 7.12779e-02
 79   43 7.11554e-02
 79   45 8.05419e-02
 79   47 7.05269e-02
 79   49 6.64690e-02
 79   51 7.49755e-02
 79   53 7.82235e-02
 79   55 7.82432e-02
 79   57 5.80192e-02
 79   59 6.40496e-02
 79   61 8.77729e-02
 79   63 9.34515e-02
 79   65 8.38795e-02
 79   67 1.03668e-01
 79   69 1.41063e-01
 79   71 1.24140e-01
 79   73 1.58290e-01
 79   75 3.89066e-01
 79   77 1.06038e+00
 79   79 1.52066e+01
 79   81 1.05743e+00
 79   83 4.04620e-01
 79   85 2.11118e-01
 79   87 1.75328e-01
 79   89 1.35458e-01
 80    0 2.85037e-03
 80    2 1.41014e-02
 80    4 2.51589e-02
 80    6 3.68017e-02
 80    8 4.65744e-02
 80   10 3.83010e-02
 80   12 3.75863e-02
 80   14 3.63327e-02
 80   16 4.14982e-02
 80   18 4.03640e-02
 80   20 4.05189e-02
 80   22 4.12827e-02
 80   24 4.16138e-02
 80   26 5.84306e-02
 80   28 6.81759e-02
 80   30 6.53726e-02
 80   32 6.63400e-02
 80   34 6.81967e-02
 80   36 7.54203e-02
 80   38 7.61597e-02
 80   40 7.50928e-02
 80   42 6.16954e-02
 80   44 7.44698e-02
 80   46 7.34718e-02
 80   48 7.64553e-02
 80   50 6.15181e-02
 80   52 6.88230e-02
 80   54 8.02162e-02
 80   56 7.61076e-02
 80   58 5.45955e-02
 80   60 6.46606e-02
 80   62 8.89922e-02
 80   64 7.94407e-02
 80   66 8.89526e-02
 80   68 1.00336e-01
 80   70 1.30118e-01
 80   72 1.18903e-01
 80   74 1.56840e-01
 80   76 3.83960e-01
 80   78 1.03836e+00
 80   80 1.50603e+01
 80   82 1.03649e+00
 80   84 4.01441e-01
 80   86 2.07531e-01
 80   88 1.71757e-01
 80   90 1.33585e-01
 81    1 6.22179e-03
 81    3 1.53716e-02
 81    5 2.43819e-02
 81    7 3.38239e-02
 81    9 3.73577e-02
 81   11 3.38596e-02
 81   13 3.92217e-02
 81   15 4.48384e-02
 81   17 4.87136e-02
 81   19 5.54406e-02
 81   21 5.96320e-02
 81   23 6.16366e-02
 81   25 5.84759e-02
 81   27 5.26589e-02
 81   29 5.18847e-02
 81   31 4.67630e-02
 81   33 5.05938e-02
 81   35 4.93898e-02
 81   37 5.96804e-02
 81   39 5.63218e-02
 81   41 4.95188e-02
 81   43 5.49636e-02
 81   45 5.28985e-02
 81   47 5.76582e-02
 81   49 6.15185e-02
 81   51 5.25135e-02
 81   53 5.80323e-02
 81   55 6.57660e-02
 81   57 6.47292e-02
 81   59 6.49548e-02
 81   61 5.54858e-02
 81   63 7.16796e-02
 81   65 8.74266e-02
 81   67 9.57236e-02
 81   69 1.09063e-01
 81   71 1.34411e-01
 81   73 1.40379e-01
 81   75 1.92952e-01
 81   77 4.04011e-01
 81   79 1.03585e+00
 81   81 1.48869e+01
 81   83 1.04230e+00
 81   85 4.11192e-01
 81   87 2.54931e-01
 81   89 1.73247e-01
 82    0 2.11855e-03
 82    2 1.10036e-02
 82    4 1.94081e-02
 82    6 2.73567e-02
 82    8 3.52609e-02
 82   10 3.48462e-02
 82   12 3.32189e-02
 82   14 4.08647e-02
 82   16 4.53942e-02
 82   18 4.86523e-02
 82   20 5.28936e-02
 82   22 5.69836e-02
 82   24 5.68474e-02
 82   26 5.70454e-02
 82   28 5.38088e-02
 82   30 4.86625e-02
 82   32 5.35264e-02
 82   34 4.59875e-02
 82   36 4.85294e-02
 82   38 5.97331e-02
 82   40 5.14935e-02
 82   42 5.44608e-02
 82   44 5.37200e-02
 82   46 5.27426e-02
 82   48 5.69284e-02
 82   50 6.03491e-02
 82   52 5.90946e-02
 82   54 5.37000e-02
 82   56 6.39448e-02
 82   58 6.78698e-02
 82   60 5.54198e-02
 82   62 6.16258e-02
 82   64 7.12705e-02
 82   66 8.62886e-02
 82   68 9.15719e-02
 82   70 1.11374e-01
 82   72 1.34569e-01
 82   74 1.21558e-01
 82   76 2.00666e-01
 82   78 3.93323e-01
 82   80 1.01571e+00
 82   82 1.47363e+01
 82   84 1.02727e+00
 82   86 4.05337e-01
 82   88 2.45893e-01
 82   90 1.79464e-01
 83    1 6.94251e-03
 83    3 1.73786e-02
 83    5 2.70845e-02
 83    7 3.77863e-02
 83    9 4.13898e-02
 83   11 3.67049e-02
 83   13 3.31668e-02
 83   15 3.34474e-02
 83   17 3.51528e-02
 83   19 3.83639e-02
 83   21 4.24495e-02
 83   23 4.85139e-02
 83   25 4.47501e-02
 83   27 4.85834e-02
 83   29 5.65220e-02
 83   31 6.36959e-02
 83   33 6.35792e-02
 83   35 6.87279e-02
 83   37 6.78625e-02
 83   39 5.99606e-02
 83   41 6.13837e-02
 83   43 6.73159e-02
 83   45 6.00096e-02
 83   47 6.31849e-02
 83   49 6.30250e-02
 83   51 6.35618e-02
 83   53 5.19186e-02
 83   55 6.79694e-02
 83   57 6.96836e-02
 83   59 5.31690e-02
 83   61 5.75498e-02
 83   63 6.26897e-02
 83   65 8.41086e-02
 83   67 8.14922e-02
 83   69 8.76176e-02
 83   71 1.09728e-01
 83   73 1.44101e-01
 83   75 1.39237e-01
 83   77 2.00347e-01
 83   79 3.88557e-01
 83   81 1.02177e+00
 83   83 1.44937e+01
 83   85 1.00038e+00
 83   87 4.34198e-01
 83   89 2.27307e-01
 84    0 2.76797e-03
 84    2 1.10393e-02
 84    4 2.07030e-02
 84    6 3.05895e-02
 84    8 3.92691e-02
 84   10 3.38739e-02
 84   12 3.57526e-02
 84   14 3.20610e-02
 84   16 3.43087e-02
 84   18 3.65671e-02
 84   20 3.78292e-02
 84   22 4.02162e-02
 84   24 4.53422e-02
 84   26 4.20020e-02
 84   28 5.05193e-02
 84   30 5.59803e-02
 84   32 6.27405e-02
 84   34 6.19197e-02
 84   36 6.55301e-02
 84   38 6.48310e-02
 84   40 5.92075e-02
 84   42 6.15340e-02
 84   44 6.68330e-02
 84   46 6.02909e-02
 84   48 5.77047e-02
 84   50 6.18908e-02
 84   52 6.46338e-02
 84   54 5.75579e-02
 84   56 5.95023e-02
 84   58 6.51946e-02
 84   60 5.95080e-02
 84   62 5.85000e-02
 84   64 6.65635e-02
 84   66 7.04815e-02
 84   68 8.78199e-02
 84   70 8.76208e-02
 84   72 1.06488e-01
 84   74 1.35014e-01
 84   76 1.46165e-01
 84   78 1.96761e-01
 84   80 3.85782e-01
 84   82 1.00739e+00
 84   84 1.43553e+01
 84   86 9.80196e-01
 84   88 4.21787e-01
 84   90 2.22305e-01
 85    1 7.07609e-03
 85    3 1.72451e-02
 85    5 2.90641e-02
 85    7 4.23880e-02
 85    9 4.81920e-02
 85   11 4.60052e-02
 85   13 4.88252e-02
 85   15 4.66398e-02
 85   17 4.80983e-02
 85   19 5.33328e-02
 85   21 5.63783e-02
 85   23 5.91363e-02
 85   25 5.37546e-02
 85   27 4.91481e-02
 85   29 5.51584e-02
 85   31 5.60451e-02
 85   33 6.20299e-02
 85   35 6.19951e-02
 85   37 5.21943e-02
 85   39 6.08262e-02
 85   41 5.50337e-02
 85   43 4.85128e-02
 85   45 5.67865e-02
 85   47 5.87917e-02
 85   49 5.38330e-02
 85   51 6.04785e-02
 85   53 6.72121e-02
 85   55 5.72009e-02
 85   57 5.63084e-02
 85   59 6.01388e-02
 85   61 6.19535e-02
 85   63 5.94815e-02
 85   65 6.42827e-02
 85   67 7.46151e-02
 85   69 7.81712e-02
 85   71 8.94583e-02
 85   73 1.12542e-01
 85   75 1.42443e-01
 85   77 1.35727e-01
 85   79 1.98883e-01
 85   81 3.95432e-01
 85   83 9.81367e-01
 85   85 1.44237e+01
 85   87 1.03252e+00
 85   89 4.01370e-01
 86    0 2.09093e-03
 86    2 1.29698e-02
 86    4 2.03437e-02
 86    6 3.05948e-02
 86    8 4.15926e-02
 86   10 4.05275e-02
 86   12 4.18955e-02
 86   14 4.84940e-02
 86   16 4.52275e-02
 86   18 5.07843e-02
 86   20 5.11755e-02
 86   22 5.20000e-02
 86   24 5.73439e-02
 86   26 5.25358e-02
 86   28 4.94661e-02
 86   30 5.34977e-02
 86   32 5.17340e-02
 86   34 6.48550e-02
 86   36 6.25420e-02
 86   38 5.47559e-02
 86   40 5.63741e-02
 86   42 5.95944e-02
 86   44 4.71530e-02
 86   46 5.78943e-02
 86   48 5.81800e-02
 86   50 5.26524e-02
 86   52 6.13816e-02
 86   54 6.52092e-02
 86   56 5.59021e-02
 86   58 5.52549e-02
 86   60 6.04849e-02
 86   62 5.71056e-02
 86   64 6.13071e-02
 86   66 6.29120e-02
 86   68 7.23592e-02
 86   70 7.76506e-02
 86   72 8.45240e-02
 86   74 1.15704e-01
 86   76 1.34933e-01
 86   78 1.36042e-01
 86   80 1.95712e-01
 86   82 3.90071e-01
 86   84 9.61891e-01
 86   86 1.42750e+01
 86   88 1.01713e+00
 86   90 3.93161e-01
 87    1 6.66505e-03
 87    3 1.63053e-02
 87    5 2.41516e-02
 87    7 3.54278e-02
 87    9 3.67607e-02
 87   11 3.31780e-02
 87   13 3.52142e-02
 87   15 3.58602e-02
 87   17 3.14930e-02
 87   19 3.58146e-02
 87   21 3.67839e-02
 87   23 3.85933e-02
 87   25 4.55354e-02
 87   27 4.36187e-02
 87   29 4.48069e-02
 87   31 4.31213e-02
 87   33 4.43260e-02
 87   35 5.40876e-02
 87   37 4.30368e-02
 87   39 4.79334e-02
 87   41 5.02789e-02
 87   43 4.77802e-02
 87   45 4.80876e-02
 87   47 5.62530e-02
 87   49 4.76944e-02
 87   51 5.60137e-02
 87   53 5.60347e-02
 87   55 5.74265e-02
 87   57 5.70904e-02
 87   59 5.93768e-02
 87   61 5.71429e-02
 87   63 7.10992e-02
 87   65 7.40291e-02
 87   67 7.29434e-02
 87   69 8.21992e-02
 87   71 8.85944e-02
 87   73 1.00746e-01
 87   75 1.28926e-01
 87   77 1.51418e-01
 87   79 1.62137e-01
 87   81 2.40662e-01
 87   83 4.18130e-01
 87   85 1.01358e+00
 87   87 1.48793e+01
 87   89 1.09201e+00
 88    0 2.31674e-03
 88    2 1.06658e-02
 88    4 2.03983e-02
 88    6 2.89125e-02
 88    8 3.89904e-02
 88   10 3.27887e-02
 88   12 3.11141e-02
 88   14 3.28663e-02
 88   16 3.55196e-02
 88   18 3.35309e-02
 88   20 3.57847e-02
 88   22 3.92245e-02
 88   24 3.79458e-02
 88   26 4.13801e-02
 88   28 4.59050e-02
 88   30 4.22442e-02
 88   32 4.08040e-02
 88   34 4.67337e-02
 88   36 4.73965e-02
 88   38 4.71294e-02
 88   40 4.45725e-02
 88   42 5.20905e-02
 88   44 4.60055e-02
 88   46 4.87102e-02
 88   48 4.89253e-02
 88   50 5.52264e-02
 88   52 4.95626e-02
 88   54 5.78528e-02
 88   56 5.80371e-02
 88   58 5.25697e-02
 88   60 5.80073e-02
 88   62 6.56442e-02
 88   64 6.29203e-02
 88   66 6.44834e-02
 88   68 8.00328e-02
 88   70 7.80910e-02
 88   72 8.33152e-02
 88   74 1.02662e-01
 88   76 1.24820e-01
 88   78 1.48513e-01
 88   80 1.59055e-01
 88   82 2.32367e-01
 88   84 4.06449e-01
 88   86 9.98794e-01
 88   88 1.47352e+01
 88   90 1.08099e+00
 89    1 6.06378e-03
 89    3 1.49185e-02
 89    5 2.61592e-02
 89    7 3.34376e-02
 89    9 4.16097e-02
 89   11 4.63895e-02
 89   13 4.62782e-02
 89   15 5.03052e-02
 89   17 5.38616e-02
 89   19 5.10857e-02
 89   21 5.16003e-02
 89   23 4.43758e-02
 89   25 4.36629e-02
 89   27 5.08596e-02
 89   29 5.40484e-02
 89   31 5.98653e-02
 89   33 5.89382e-02
 89   35 5.11563e-02
 89   37 5.97455e-02
 89   39 5.37030e-02
 89   41 5.75727e-02
 89   43 5.69958e-02
 89   45 5.51281e-02
 89   47 4.93114e-02
 89   49 6.41206e-02
 89   51 6.03435e-02
 89   53 5.73960e-02
 89   55 5.47945e-02
 89   57 6.63209e-02
 89   59 5.74686e-02
 89   61 5.77745e-02
 89   63 6.24002e-02
 89   65 6.14628e-02
 89   67 7.74075e-02
 89   69 6.82515e-02
 89   71 7.16928e-02
 89   73 8.50902e-02
 89   75 1.03972e-01
 89   77 9.87949e-02
 89   79 1.23048e-01
 89   81 1.60654e-01
 89   83 2.15019e-01
 89   85 3.87029e-01
 89   87 1.07267e+00
 89   89 1.59929e+01
 90    0 1.72859e-03
 90    2 9.78804e-03
 90    4 1.81660e-02
 90    6 2.89868e-02
 90    8 3.87881e-02
 90   10 4.16540e-02
 90   12 4.40295e-02
 90   14 4.62770e-02
 90   16 4.94408e-02
 90   18 5.18851e-02
 90   20 5.19339e-02
 90   22 4.92616e-02
 90   24 4.10906e-02
 90   26 4.89148e-02
 90   28 4.29363e-02
 90   30 5.09445e-02
 90   32 5.54964e-02
 90   34 6.00892e-02
 90   36 5.43155e-02
 90   38 5.47393e-02
 90   40 5.46874e-02
 90   42 5.28644e-02
 90   44 5.74698e-02
 90   46 5.12397e-02
 90   48 5.91035e-02
 90   50 5.45748e-02
 90   52 6.62134e-02
 90   54 5.46935e-02
 90   56 5.31456e-02
 90   58 6.74899e-02
 90   60 5.80666e-02
 90   62 5.36112e-02
 90   64 6.02461e-02
 90   66 6.39626e-02
 90   68 6.87105e-02
 90   70 6.91026e-02
 90   72 6.79845e-02
 90   74 8.08862e-02
 90   76 1.05328e-01
 90   78 9.74979e-02
 90   80 1.21554e-01
 90   82 1.66642e-01
 90   84 2.10495e-01
 90   86 3.79358e-01
 90   88 1.06218e+00
