# C+CO2(ji) -> C+CO2(jf) molscat cross sections, CS8_JMAX90 approx. (written on 08/06/2020); 
# E=17240.000000 (1/cm) = 2.13748756306 eV
# ji  jf sigma(ji,jf) (1e-16 cm^2)
  0    0 1.70153e+02
  0    2 2.44478e+01
  0    4 8.18276e+00
  0    6 2.94217e+00
  0    8 2.02725e+00
  0   10 1.62778e+00
  0   12 1.07360e+00
  0   14 1.23862e+00
  0   16 1.21223e+00
  0   18 1.03531e+00
  0   20 9.28741e-01
  0   22 9.88788e-01
  0   24 8.97839e-01
  0   26 7.49261e-01
  0   28 7.12134e-01
  0   30 6.78686e-01
  0   32 6.24400e-01
  0   34 5.79813e-01
  0   36 5.51931e-01
  0   38 5.96303e-01
  0   40 6.17077e-01
  0   42 5.59475e-01
  0   44 6.04398e-01
  0   46 5.32746e-01
  0   48 5.02551e-01
  0   50 6.27788e-01
  0   52 6.87761e-01
  0   54 5.18057e-01
  0   56 6.99635e-01
  0   58 6.90017e-01
  0   60 7.78474e-01
  0   62 5.34309e-01
  0   64 6.15227e-01
  0   66 4.59571e-01
  0   68 5.71727e-01
  0   70 4.26466e-01
  0   72 3.79353e-01
  0   74 5.42779e-01
  0   76 2.65493e-01
  0   78 5.70104e-01
  0   80 3.58032e-01
  0   82 6.74738e-01
  0   84 3.66463e-01
  0   86 6.04215e-01
  0   88 3.05040e-01
  0   90 4.36363e-01
  1    1 1.79911e+02
  1    3 1.82534e+01
  1    5 5.90668e+00
  1    7 2.56826e+00
  1    9 1.85423e+00
  1   11 1.42417e+00
  1   13 1.15077e+00
  1   15 1.20504e+00
  1   17 1.07955e+00
  1   19 9.78664e-01
  1   21 9.27943e-01
  1   23 9.11312e-01
  1   25 8.07867e-01
  1   27 7.34002e-01
  1   29 6.93423e-01
  1   31 6.79400e-01
  1   33 6.33581e-01
  1   35 6.18697e-01
  1   37 5.66841e-01
  1   39 6.12015e-01
  1   41 6.38290e-01
  1   43 5.55265e-01
  1   45 5.57199e-01
  1   47 5.68532e-01
  1   49 6.22163e-01
  1   51 6.54105e-01
  1   53 5.65821e-01
  1   55 6.43064e-01
  1   57 6.35211e-01
  1   59 7.95227e-01
  1   61 5.75988e-01
  1   63 6.33231e-01
  1   65 4.81903e-01
  1   67 5.40849e-01
  1   69 4.87735e-01
  1   71 3.88568e-01
  1   73 5.66958e-01
  1   75 3.02637e-01
  1   77 6.65607e-01
  1   79 3.22925e-01
  1   81 6.82484e-01
  1   83 3.85207e-01
  1   85 5.88325e-01
  1   87 2.85168e-01
  1   89 5.14146e-01
  2    0 4.89022e+00
  2    2 1.79443e+02
  2    4 1.55813e+01
  2    6 5.17657e+00
  2    8 2.33937e+00
  2   10 1.64548e+00
  2   12 1.38535e+00
  2   14 1.17456e+00
  2   16 1.14118e+00
  2   18 1.07140e+00
  2   20 9.96008e-01
  2   22 9.24070e-01
  2   24 8.70015e-01
  2   26 7.58915e-01
  2   28 7.12023e-01
  2   30 6.69849e-01
  2   32 6.07970e-01
  2   34 5.87971e-01
  2   36 6.17151e-01
  2   38 5.89741e-01
  2   40 6.29714e-01
  2   42 5.83657e-01
  2   44 6.11096e-01
  2   46 5.77044e-01
  2   48 5.72446e-01
  2   50 6.10517e-01
  2   52 6.08889e-01
  2   54 5.73977e-01
  2   56 6.50380e-01
  2   58 6.81062e-01
  2   60 6.72816e-01
  2   62 5.68560e-01
  2   64 6.67864e-01
  2   66 4.48234e-01
  2   68 5.14823e-01
  2   70 4.26874e-01
  2   72 4.18542e-01
  2   74 5.10073e-01
  2   76 3.04584e-01
  2   78 6.09196e-01
  2   80 3.42185e-01
  2   82 6.53263e-01
  2   84 3.93810e-01
  2   86 5.99504e-01
  2   88 2.70901e-01
  2   90 4.99169e-01
  3    1 7.82465e+00
  3    3 1.78707e+02
  3    5 1.44407e+01
  3    7 4.78741e+00
  3    9 2.14802e+00
  3   11 1.68005e+00
  3   13 1.38910e+00
  3   15 1.10465e+00
  3   17 1.10023e+00
  3   19 1.09450e+00
  3   21 9.04089e-01
  3   23 8.66478e-01
  3   25 8.66246e-01
  3   27 7.42086e-01
  3   29 6.71179e-01
  3   31 6.55366e-01
  3   33 6.24530e-01
  3   35 6.11928e-01
  3   37 6.57045e-01
  3   39 5.85525e-01
  3   41 5.83697e-01
  3   43 5.80782e-01
  3   45 6.11139e-01
  3   47 5.75976e-01
  3   49 5.92576e-01
  3   51 6.17940e-01
  3   53 5.80374e-01
  3   55 6.48727e-01
  3   57 6.36689e-01
  3   59 6.92257e-01
  3   61 6.36952e-01
  3   63 6.33205e-01
  3   65 5.30140e-01
  3   67 5.65566e-01
  3   69 4.92526e-01
  3   71 4.31752e-01
  3   73 5.26074e-01
  3   75 3.50173e-01
  3   77 6.11768e-01
  3   79 3.48570e-01
  3   81 6.33904e-01
  3   83 4.28362e-01
  3   85 6.01168e-01
  3   87 2.85265e-01
  3   89 4.94800e-01
  4    0 9.09608e-01
  4    2 8.65902e+00
  4    4 1.78656e+02
  4    6 1.37929e+01
  4    8 4.44671e+00
  4   10 2.06292e+00
  4   12 1.62031e+00
  4   14 1.31288e+00
  4   16 1.11368e+00
  4   18 1.12944e+00
  4   20 1.02237e+00
  4   22 8.96761e-01
  4   24 8.69758e-01
  4   26 8.16234e-01
  4   28 6.99287e-01
  4   30 6.59786e-01
  4   32 6.27133e-01
  4   34 6.05694e-01
  4   36 6.50434e-01
  4   38 6.11850e-01
  4   40 6.01196e-01
  4   42 6.15039e-01
  4   44 5.91815e-01
  4   46 5.98472e-01
  4   48 5.87268e-01
  4   50 6.15933e-01
  4   52 6.05410e-01
  4   54 6.07208e-01
  4   56 6.33818e-01
  4   58 6.41721e-01
  4   60 6.09651e-01
  4   62 6.02978e-01
  4   64 6.31388e-01
  4   66 5.19021e-01
  4   68 5.07881e-01
  4   70 4.51054e-01
  4   72 4.45595e-01
  4   74 4.96450e-01
  4   76 3.87398e-01
  4   78 5.89718e-01
  4   80 3.36616e-01
  4   82 6.03775e-01
  4   84 4.01567e-01
  4   86 6.01775e-01
  4   88 2.69102e-01
  4   90 4.99840e-01
  5    1 1.61193e+00
  5    3 9.19331e+00
  5    5 1.78447e+02
  5    7 1.33619e+01
  5    9 4.33491e+00
  5   11 2.04343e+00
  5   13 1.55854e+00
  5   15 1.32271e+00
  5   17 1.12984e+00
  5   19 1.06598e+00
  5   21 9.75848e-01
  5   23 8.44223e-01
  5   25 8.34922e-01
  5   27 8.06753e-01
  5   29 6.90928e-01
  5   31 6.59608e-01
  5   33 6.85243e-01
  5   35 6.01810e-01
  5   37 6.61725e-01
  5   39 5.91302e-01
  5   41 5.93443e-01
  5   43 5.83327e-01
  5   45 6.16463e-01
  5   47 5.83404e-01
  5   49 5.61180e-01
  5   51 6.17587e-01
  5   53 6.34867e-01
  5   55 6.72583e-01
  5   57 6.63211e-01
  5   59 6.38189e-01
  5   61 6.07960e-01
  5   63 5.68874e-01
  5   65 5.67454e-01
  5   67 5.26883e-01
  5   69 5.08500e-01
  5   71 4.46649e-01
  5   73 5.55074e-01
  5   75 4.00824e-01
  5   77 5.71959e-01
  5   79 4.65220e-01
  5   81 5.54206e-01
  5   83 4.06353e-01
  5   85 5.87211e-01
  5   87 2.81874e-01
  5   89 5.17107e-01
  6    0 2.26536e-01
  6    2 1.99261e+00
  6    4 9.55368e+00
  6    6 1.78553e+02
  6    8 1.30767e+01
  6   10 4.20378e+00
  6   12 1.97959e+00
  6   14 1.52163e+00
  6   16 1.27170e+00
  6   18 1.07747e+00
  6   20 1.02612e+00
  6   22 9.83648e-01
  6   24 8.34572e-01
  6   26 8.27138e-01
  6   28 7.80973e-01
  6   30 7.00156e-01
  6   32 6.48346e-01
  6   34 6.38841e-01
  6   36 6.40647e-01
  6   38 6.24942e-01
  6   40 6.00131e-01
  6   42 6.10085e-01
  6   44 6.00689e-01
  6   46 5.89382e-01
  6   48 5.87253e-01
  6   50 6.21921e-01
  6   52 6.36146e-01
  6   54 6.26207e-01
  6   56 6.28748e-01
  6   58 6.10645e-01
  6   60 5.88101e-01
  6   62 6.08469e-01
  6   64 5.60038e-01
  6   66 5.70156e-01
  6   68 4.98763e-01
  6   70 4.83971e-01
  6   72 4.40673e-01
  6   74 5.27485e-01
  6   76 4.33912e-01
  6   78 5.38800e-01
  6   80 3.94534e-01
  6   82 5.80395e-01
  6   84 3.90222e-01
  6   86 6.08316e-01
  6   88 2.77140e-01
  6   90 4.94445e-01
  7    1 5.14280e-01
  7    3 2.23635e+00
  7    5 9.80450e+00
  7    7 1.78464e+02
  7    9 1.28914e+01
  7   11 4.09668e+00
  7   13 1.93196e+00
  7   15 1.52716e+00
  7   17 1.27349e+00
  7   19 1.06450e+00
  7   21 1.00625e+00
  7   23 9.32887e-01
  7   25 8.31268e-01
  7   27 7.95659e-01
  7   29 7.55864e-01
  7   31 6.89266e-01
  7   33 6.96129e-01
  7   35 6.34970e-01
  7   37 6.22282e-01
  7   39 6.31791e-01
  7   41 6.02522e-01
  7   43 6.02815e-01
  7   45 6.13971e-01
  7   47 5.97031e-01
  7   49 5.72380e-01
  7   51 6.41174e-01
  7   53 6.52953e-01
  7   55 6.26736e-01
  7   57 6.44590e-01
  7   59 5.92013e-01
  7   61 6.23263e-01
  7   63 5.57030e-01
  7   65 5.94030e-01
  7   67 5.42574e-01
  7   69 5.50514e-01
  7   71 4.28246e-01
  7   73 5.33132e-01
  7   75 4.68214e-01
  7   77 5.49357e-01
  7   79 4.47440e-01
  7   81 5.83580e-01
  7   83 3.87224e-01
  7   85 5.93374e-01
  7   87 2.89450e-01
  7   89 5.08784e-01
  8    0 1.19445e-01
  8    2 6.89078e-01
  8    4 2.35692e+00
  8    6 1.00067e+01
  8    8 1.78671e+02
  8   10 1.27154e+01
  8   12 4.02611e+00
  8   14 1.93065e+00
  8   16 1.47955e+00
  8   18 1.22745e+00
  8   20 1.02551e+00
  8   22 9.87558e-01
  8   24 9.14387e-01
  8   26 8.48056e-01
  8   28 7.83278e-01
  8   30 7.37291e-01
  8   32 7.03480e-01
  8   34 6.59984e-01
  8   36 6.39459e-01
  8   38 6.26532e-01
  8   40 6.16149e-01
  8   42 6.01125e-01
  8   44 6.09445e-01
  8   46 6.09142e-01
  8   48 5.97154e-01
  8   50 6.14435e-01
  8   52 6.34265e-01
  8   54 6.08466e-01
  8   56 6.02323e-01
  8   58 6.15718e-01
  8   60 5.56782e-01
  8   62 6.10653e-01
  8   64 5.59198e-01
  8   66 5.95788e-01
  8   68 5.31775e-01
  8   70 5.17499e-01
  8   72 4.33614e-01
  8   74 5.27285e-01
  8   76 4.52486e-01
  8   78 5.46824e-01
  8   80 4.44238e-01
  8   82 5.51075e-01
  8   84 3.90047e-01
  8   86 5.83025e-01
  8   88 2.84479e-01
  8   90 4.87464e-01
  9    1 2.93357e-01
  9    3 7.92774e-01
  9    5 2.51310e+00
  9    7 1.01853e+01
  9    9 1.55182e+02
  9   11 1.20034e+01
  9   13 3.71517e+00
  9   15 1.72841e+00
  9   17 1.30876e+00
  9   19 1.09694e+00
  9   21 8.97167e-01
  9   23 8.60662e-01
  9   25 8.06871e-01
  9   27 7.35625e-01
  9   29 6.88407e-01
  9   31 6.63460e-01
  9   33 6.36204e-01
  9   35 6.07298e-01
  9   37 5.94865e-01
  9   39 5.76784e-01
  9   41 5.57575e-01
  9   43 5.86440e-01
  9   45 5.58754e-01
  9   47 5.79228e-01
  9   49 5.59146e-01
  9   51 5.76628e-01
  9   53 5.85117e-01
  9   55 5.45869e-01
  9   57 5.83171e-01
  9   59 5.55607e-01
  9   61 5.57303e-01
  9   63 5.49224e-01
  9   65 5.43976e-01
  9   67 5.26575e-01
  9   69 5.17063e-01
  9   71 4.54061e-01
  9   73 4.63683e-01
  9   75 4.24223e-01
  9   77 5.14959e-01
  9   79 3.78295e-01
  9   81 5.19973e-01
  9   83 3.62118e-01
  9   85 5.46233e-01
  9   87 2.59500e-01
  9   89 4.78403e-01
 10    0 7.77067e-02
 10    2 3.92705e-01
 10    4 8.85915e-01
 10    6 2.60636e+00
 10    8 1.03023e+01
 10   10 1.37631e+02
 10   12 1.13357e+01
 10   14 3.51722e+00
 10   16 1.55910e+00
 10   18 1.15836e+00
 10   20 9.83590e-01
 10   22 7.76212e-01
 10   24 7.80215e-01
 10   26 7.20095e-01
 10   28 6.41160e-01
 10   30 6.22324e-01
 10   32 6.06399e-01
 10   34 5.60873e-01
 10   36 5.44640e-01
 10   38 5.18716e-01
 10   40 5.20228e-01
 10   42 4.86579e-01
 10   44 5.06795e-01
 10   46 4.92628e-01
 10   48 5.18513e-01
 10   50 5.26517e-01
 10   52 5.32504e-01
 10   54 5.06403e-01
 10   56 4.87738e-01
 10   58 5.24713e-01
 10   60 4.75896e-01
 10   62 5.02151e-01
 10   64 4.60532e-01
 10   66 4.86824e-01
 10   68 4.46984e-01
 10   70 4.69246e-01
 10   72 3.93429e-01
 10   74 3.99442e-01
 10   76 3.74696e-01
 10   78 4.25046e-01
 10   80 3.26878e-01
 10   82 4.02948e-01
 10   84 3.00975e-01
 10   86 4.49830e-01
 10   88 2.27623e-01
 10   90 3.57859e-01
 11    1 1.86309e-01
 11    3 5.12714e-01
 11    5 9.79554e-01
 11    7 2.67636e+00
 11    9 9.92532e+00
 11   11 1.23695e+02
 11   13 1.05798e+01
 11   15 3.30720e+00
 11   17 1.44754e+00
 11   19 1.06814e+00
 11   21 9.05153e-01
 11   23 7.31590e-01
 11   25 7.22800e-01
 11   27 6.54402e-01
 11   29 6.03895e-01
 11   31 5.52710e-01
 11   33 5.48917e-01
 11   35 5.11945e-01
 11   37 4.89988e-01
 11   39 4.78599e-01
 11   41 4.86716e-01
 11   43 4.80751e-01
 11   45 4.74571e-01
 11   47 4.64207e-01
 11   49 4.95605e-01
 11   51 4.80681e-01
 11   53 4.64281e-01
 11   55 4.46736e-01
 11   57 4.55350e-01
 11   59 4.63786e-01
 11   61 4.57729e-01
 11   63 4.61996e-01
 11   65 4.33898e-01
 11   67 4.44908e-01
 11   69 3.84149e-01
 11   71 4.50755e-01
 11   73 3.30170e-01
 11   75 3.70641e-01
 11   77 3.64482e-01
 11   79 3.10150e-01
 11   81 3.40103e-01
 11   83 2.90081e-01
 11   85 3.59156e-01
 11   87 1.94110e-01
 11   89 3.44057e-01
 12    0 4.30962e-02
 12    2 2.78014e-01
 12    4 5.85112e-01
 12    6 1.03205e+00
 12    8 2.74298e+00
 12   10 9.53196e+00
 12   12 1.12253e+02
 12   14 9.90351e+00
 12   16 3.14869e+00
 12   18 1.33415e+00
 12   20 9.93041e-01
 12   22 8.13482e-01
 12   24 6.59202e-01
 12   26 6.63762e-01
 12   28 6.11195e-01
 12   30 5.57400e-01
 12   32 5.09856e-01
 12   34 4.88845e-01
 12   36 4.62620e-01
 12   38 4.36917e-01
 12   40 4.48479e-01
 12   42 4.36181e-01
 12   44 4.42945e-01
 12   46 4.22923e-01
 12   48 4.49674e-01
 12   50 4.38868e-01
 12   52 4.19353e-01
 12   54 3.97126e-01
 12   56 4.03095e-01
 12   58 3.96932e-01
 12   60 4.17339e-01
 12   62 3.83443e-01
 12   64 4.21341e-01
 12   66 3.45978e-01
 12   68 4.05595e-01
 12   70 3.24629e-01
 12   72 4.19729e-01
 12   74 2.71062e-01
 12   76 3.25048e-01
 12   78 3.00134e-01
 12   80 2.75834e-01
 12   82 2.83656e-01
 12   84 2.63790e-01
 12   86 3.06841e-01
 12   88 1.73351e-01
 12   90 3.04984e-01
 13    1 1.28386e-01
 13    3 3.61528e-01
 13    5 6.37154e-01
 13    7 1.07638e+00
 13    9 2.61985e+00
 13   11 9.02267e+00
 13   13 1.02714e+02
 13   15 9.27136e+00
 13   17 2.97917e+00
 13   19 1.27091e+00
 13   21 9.20718e-01
 13   23 7.83219e-01
 13   25 6.32254e-01
 13   27 6.35094e-01
 13   29 5.81562e-01
 13   31 4.98820e-01
 13   33 4.76466e-01
 13   35 4.46380e-01
 13   37 4.17126e-01
 13   39 4.04488e-01
 13   41 4.27862e-01
 13   43 4.09744e-01
 13   45 4.09257e-01
 13   47 3.98684e-01
 13   49 4.03261e-01
 13   51 4.27091e-01
 13   53 3.59503e-01
 13   55 3.56808e-01
 13   57 3.16643e-01
 13   59 3.60493e-01
 13   61 3.33732e-01
 13   63 4.18334e-01
 13   65 2.99170e-01
 13   67 4.02274e-01
 13   69 2.70469e-01
 13   71 4.13180e-01
 13   73 2.96277e-01
 13   75 3.35163e-01
 13   77 2.74890e-01
 13   79 2.69379e-01
 13   81 3.10096e-01
 13   83 2.57269e-01
 13   85 3.13837e-01
 13   87 1.70164e-01
 13   89 2.92002e-01
 14    0 4.29152e-02
 14    2 2.03449e-01
 14    4 4.09205e-01
 14    6 6.84715e-01
 14    8 1.13531e+00
 14   10 2.55274e+00
 14   12 8.54799e+00
 14   14 9.47162e+01
 14   16 8.67124e+00
 14   18 2.81809e+00
 14   20 1.18472e+00
 14   22 8.76478e-01
 14   24 7.11510e-01
 14   26 6.01847e-01
 14   28 5.84987e-01
 14   30 5.44984e-01
 14   32 4.58389e-01
 14   34 4.50402e-01
 14   36 4.36066e-01
 14   38 3.88972e-01
 14   40 3.76839e-01
 14   42 3.79931e-01
 14   44 3.73716e-01
 14   46 3.83465e-01
 14   48 3.53206e-01
 14   50 3.53221e-01
 14   52 3.24685e-01
 14   54 3.30132e-01
 14   56 3.18099e-01
 14   58 2.75201e-01
 14   60 3.21448e-01
 14   62 2.61446e-01
 14   64 3.78370e-01
 14   66 2.64132e-01
 14   68 3.65285e-01
 14   70 2.40787e-01
 14   72 3.92372e-01
 14   74 2.71307e-01
 14   76 2.93612e-01
 14   78 2.59089e-01
 14   80 2.38901e-01
 14   82 3.00503e-01
 14   84 2.29584e-01
 14   86 2.72899e-01
 14   88 1.52919e-01
 14   90 2.54490e-01
 15    1 1.17249e-01
 15    3 2.50732e-01
 15    5 4.71591e-01
 15    7 7.42043e-01
 15    9 1.06296e+00
 15   11 2.45976e+00
 15   13 8.08571e+00
 15   15 8.78667e+01
 15   17 8.13762e+00
 15   19 2.66865e+00
 15   21 1.13614e+00
 15   23 8.39296e-01
 15   25 6.84249e-01
 15   27 5.72348e-01
 15   29 5.30014e-01
 15   31 4.92980e-01
 15   33 4.33228e-01
 15   35 4.38408e-01
 15   37 3.93827e-01
 15   39 3.70918e-01
 15   41 3.58561e-01
 15   43 3.59116e-01
 15   45 3.59505e-01
 15   47 3.61692e-01
 15   49 3.38680e-01
 15   51 3.14291e-01
 15   53 2.79480e-01
 15   55 2.85861e-01
 15   57 2.60619e-01
 15   59 2.98485e-01
 15   61 2.39206e-01
 15   63 3.20859e-01
 15   65 2.54592e-01
 15   67 3.75113e-01
 15   69 2.31454e-01
 15   71 3.63727e-01
 15   73 2.93880e-01
 15   75 3.13579e-01
 15   77 2.66469e-01
 15   79 2.58300e-01
 15   81 2.71333e-01
 15   83 2.43441e-01
 15   85 2.55710e-01
 15   87 1.49705e-01
 15   89 2.18008e-01
 16    0 3.69620e-02
 16    2 1.73953e-01
 16    4 3.05475e-01
 16    6 5.03597e-01
 16    8 7.65662e-01
 16   10 9.95815e-01
 16   12 2.39168e+00
 16   14 7.63094e+00
 16   16 8.20661e+01
 16   18 7.63871e+00
 16   20 2.53954e+00
 16   22 1.08099e+00
 16   24 7.98377e-01
 16   26 6.35031e-01
 16   28 5.19524e-01
 16   30 4.96779e-01
 16   32 4.72750e-01
 16   34 4.29228e-01
 16   36 3.90779e-01
 16   38 3.80496e-01
 16   40 3.55401e-01
 16   42 3.37599e-01
 16   44 3.33929e-01
 16   46 3.42771e-01
 16   48 3.10708e-01
 16   50 2.97322e-01
 16   52 2.62818e-01
 16   54 2.84821e-01
 16   56 2.61623e-01
 16   58 2.38684e-01
 16   60 2.55878e-01
 16   62 2.29129e-01
 16   64 3.16756e-01
 16   66 2.31046e-01
 16   68 3.23004e-01
 16   70 2.13405e-01
 16   72 3.21663e-01
 16   74 2.58149e-01
 16   76 2.94704e-01
 16   78 2.35739e-01
 16   80 2.15436e-01
 16   82 2.59675e-01
 16   84 2.22962e-01
 16   86 2.37188e-01
 16   88 1.21757e-01
 16   90 2.10750e-01
 17    1 9.31736e-02
 17    3 2.21521e-01
 17    5 3.57326e-01
 17    7 5.48893e-01
 17    9 7.13966e-01
 17   11 9.55011e-01
 17   13 2.30471e+00
 17   15 7.21845e+00
 17   17 7.69674e+01
 17   19 7.20115e+00
 17   21 2.43172e+00
 17   23 1.03495e+00
 17   25 7.53172e-01
 17   27 6.25682e-01
 17   29 4.96004e-01
 17   31 4.71087e-01
 17   33 4.52728e-01
 17   35 3.91030e-01
 17   37 3.72691e-01
 17   39 3.68570e-01
 17   41 3.44660e-01
 17   43 3.18168e-01
 17   45 3.26210e-01
 17   47 2.95182e-01
 17   49 3.01768e-01
 17   51 2.59118e-01
 17   53 2.55622e-01
 17   55 2.47473e-01
 17   57 2.47909e-01
 17   59 2.45827e-01
 17   61 2.23757e-01
 17   63 2.65167e-01
 17   65 2.40339e-01
 17   67 2.67442e-01
 17   69 2.37321e-01
 17   71 2.46300e-01
 17   73 2.61473e-01
 17   75 2.65182e-01
 17   77 2.63404e-01
 17   79 2.44571e-01
 17   81 2.63104e-01
 17   83 2.20290e-01
 17   85 2.15610e-01
 17   87 1.38570e-01
 17   89 2.06299e-01
 18    0 2.81997e-02
 18    2 1.45893e-01
 18    4 2.76745e-01
 18    6 3.81161e-01
 18    8 5.67436e-01
 18   10 6.60927e-01
 18   12 9.05280e-01
 18   14 2.21542e+00
 18   16 6.82378e+00
 18   18 7.24603e+01
 18   20 6.80955e+00
 18   22 2.32714e+00
 18   24 9.73415e-01
 18   26 7.21387e-01
 18   28 5.92919e-01
 18   30 4.55934e-01
 18   32 4.70679e-01
 18   34 4.32283e-01
 18   36 3.69176e-01
 18   38 3.57578e-01
 18   40 3.55125e-01
 18   42 3.22563e-01
 18   44 3.04308e-01
 18   46 2.83767e-01
 18   48 2.79671e-01
 18   50 2.59432e-01
 18   52 2.50615e-01
 18   54 2.35498e-01
 18   56 2.38970e-01
 18   58 2.28834e-01
 18   60 2.22548e-01
 18   62 2.19617e-01
 18   64 2.38285e-01
 18   66 2.17928e-01
 18   68 2.29415e-01
 18   70 2.37784e-01
 18   72 2.30049e-01
 18   74 2.29476e-01
 18   76 2.62106e-01
 18   78 2.38906e-01
 18   80 2.39798e-01
 18   82 2.08269e-01
 18   84 2.21118e-01
 18   86 2.02450e-01
 18   88 1.26958e-01
 18   90 1.68867e-01
 19    1 7.59315e-02
 19    3 1.98100e-01
 19    5 3.03065e-01
 19    7 4.12451e-01
 19    9 5.37946e-01
 19   11 6.33497e-01
 19   13 8.83840e-01
 19   15 2.12801e+00
 19   17 6.47349e+00
 19   19 6.85464e+01
 19   21 6.44247e+00
 19   23 2.22873e+00
 19   25 9.24856e-01
 19   27 6.71604e-01
 19   29 5.84690e-01
 19   31 4.47188e-01
 19   33 4.44022e-01
 19   35 4.10937e-01
 19   37 3.45880e-01
 19   39 3.44277e-01
 19   41 3.52192e-01
 19   43 3.17316e-01
 19   45 2.64198e-01
 19   47 2.59163e-01
 19   49 2.50993e-01
 19   51 2.49810e-01
 19   53 2.76749e-01
 19   55 2.15523e-01
 19   57 2.17263e-01
 19   59 2.13881e-01
 19   61 2.28134e-01
 19   63 2.23144e-01
 19   65 2.17671e-01
 19   67 1.98244e-01
 19   69 2.42098e-01
 19   71 2.12416e-01
 19   73 2.07139e-01
 19   75 2.37750e-01
 19   77 2.04148e-01
 19   79 2.72662e-01
 19   81 2.12801e-01
 19   83 2.17615e-01
 19   85 1.86733e-01
 19   87 1.30167e-01
 19   89 1.77100e-01
 20    0 2.28696e-02
 20    2 1.22614e-01
 20    4 2.26475e-01
 20    6 3.28165e-01
 20    8 4.28591e-01
 20   10 5.07359e-01
 20   12 6.09165e-01
 20   14 8.41994e-01
 20   16 2.05093e+00
 20   18 6.15616e+00
 20   20 6.49336e+01
 20   22 6.10831e+00
 20   24 2.12010e+00
 20   26 8.82606e-01
 20   28 6.62037e-01
 20   30 5.52300e-01
 20   32 4.23775e-01
 20   34 4.36080e-01
 20   36 4.03631e-01
 20   38 3.46577e-01
 20   40 3.34304e-01
 20   42 3.35436e-01
 20   44 2.70515e-01
 20   46 2.42102e-01
 20   48 2.35861e-01
 20   50 2.25929e-01
 20   52 2.35440e-01
 20   54 2.28709e-01
 20   56 1.90889e-01
 20   58 2.00714e-01
 20   60 2.01567e-01
 20   62 2.04562e-01
 20   64 1.97279e-01
 20   66 2.09034e-01
 20   68 2.04448e-01
 20   70 2.25256e-01
 20   72 1.92385e-01
 20   74 2.11541e-01
 20   76 2.00399e-01
 20   78 1.95674e-01
 20   80 2.57807e-01
 20   82 2.05689e-01
 20   84 1.97481e-01
 20   86 1.76003e-01
 20   88 1.32755e-01
 20   90 1.53925e-01
 21    1 6.54214e-02
 21    3 1.48692e-01
 21    5 2.52102e-01
 21    7 3.54275e-01
 21    9 3.99796e-01
 21   11 4.87806e-01
 21   13 5.81828e-01
 21   15 8.23240e-01
 21   17 1.98637e+00
 21   19 5.85413e+00
 21   21 6.17979e+01
 21   23 5.81865e+00
 21   25 2.03052e+00
 21   27 8.19545e-01
 21   29 6.31776e-01
 21   31 5.45643e-01
 21   33 4.18688e-01
 21   35 4.20767e-01
 21   37 3.93153e-01
 21   39 3.21690e-01
 21   41 3.18395e-01
 21   43 3.02141e-01
 21   45 2.60595e-01
 21   47 2.22474e-01
 21   49 2.35298e-01
 21   51 2.07498e-01
 21   53 2.10067e-01
 21   55 2.01710e-01
 21   57 2.29552e-01
 21   59 1.89024e-01
 21   61 2.14365e-01
 21   63 1.99244e-01
 21   65 2.08917e-01
 21   67 1.66843e-01
 21   69 2.14547e-01
 21   71 1.78475e-01
 21   73 1.93888e-01
 21   75 1.99464e-01
 21   77 1.81931e-01
 21   79 2.68230e-01
 21   81 1.73330e-01
 21   83 2.27845e-01
 21   85 1.69228e-01
 21   87 1.42968e-01
 21   89 1.62610e-01
 22    0 2.22276e-02
 22    2 1.03850e-01
 22    4 1.81348e-01
 22    6 2.87184e-01
 22    8 3.76785e-01
 22   10 3.65517e-01
 22   12 4.55556e-01
 22   14 5.68669e-01
 22   16 7.96977e-01
 22   18 1.92061e+00
 22   20 5.57631e+00
 22   22 5.89174e+01
 22   24 5.55315e+00
 22   26 1.91204e+00
 22   28 7.80139e-01
 22   30 6.24463e-01
 22   32 5.22174e-01
 22   34 3.99707e-01
 22   36 3.96131e-01
 22   38 3.78460e-01
 22   40 3.11638e-01
 22   42 2.84080e-01
 22   44 2.67839e-01
 22   46 2.53589e-01
 22   48 2.13979e-01
 22   50 2.06859e-01
 22   52 2.00138e-01
 22   54 2.18245e-01
 22   56 1.95213e-01
 22   58 2.00400e-01
 22   60 1.81369e-01
 22   62 1.92651e-01
 22   64 1.79728e-01
 22   66 1.95052e-01
 22   68 1.56658e-01
 22   70 1.92064e-01
 22   72 1.67698e-01
 22   74 1.79505e-01
 22   76 1.99544e-01
 22   78 1.73249e-01
 22   80 2.52444e-01
 22   82 1.74830e-01
 22   84 1.98186e-01
 22   86 1.50817e-01
 22   88 1.20420e-01
 22   90 1.58573e-01
 23    1 5.89021e-02
 23    3 1.30647e-01
 23    5 1.99948e-01
 23    7 3.01115e-01
 23    9 3.51611e-01
 23   11 3.61459e-01
 23   13 4.53750e-01
 23   15 5.57537e-01
 23   17 7.75053e-01
 23   19 1.85666e+00
 23   21 5.33443e+00
 23   23 5.63745e+01
 23   25 5.27372e+00
 23   27 1.83078e+00
 23   29 7.49848e-01
 23   31 6.04499e-01
 23   33 4.89146e-01
 23   35 3.89738e-01
 23   37 3.98861e-01
 23   39 3.60951e-01
 23   41 2.85339e-01
 23   43 2.68367e-01
 23   45 2.57786e-01
 23   47 2.50847e-01
 23   49 2.02194e-01
 23   51 2.12500e-01
 23   53 1.97115e-01
 23   55 1.94331e-01
 23   57 2.00344e-01
 23   59 1.78189e-01
 23   61 1.84489e-01
 23   63 1.64712e-01
 23   65 1.79948e-01
 23   67 1.54672e-01
 23   69 1.74748e-01
 23   71 1.60005e-01
 23   73 1.80125e-01
 23   75 1.91019e-01
 23   77 1.75217e-01
 23   79 2.34375e-01
 23   81 1.67351e-01
 23   83 2.00313e-01
 23   85 1.61151e-01
 23   87 1.20283e-01
 23   89 1.61108e-01
 24    0 1.85755e-02
 24    2 8.99870e-02
 24    4 1.61878e-01
 24    6 2.24252e-01
 24    8 3.21080e-01
 24   10 3.38137e-01
 24   12 3.39754e-01
 24   14 4.24866e-01
 24   16 5.41729e-01
 24   18 7.39379e-01
 24   20 1.78129e+00
 24   22 5.11083e+00
 24   24 5.40054e+01
 24   26 5.05747e+00
 24   28 1.75977e+00
 24   30 7.16376e-01
 24   32 5.65446e-01
 24   34 4.88620e-01
 24   36 3.75132e-01
 24   38 3.63969e-01
 24   40 3.32360e-01
 24   42 2.70447e-01
 24   44 2.45965e-01
 24   46 2.44353e-01
 24   48 2.20754e-01
 24   50 2.03515e-01
 24   52 1.85786e-01
 24   54 1.94607e-01
 24   56 1.90258e-01
 24   58 1.84640e-01
 24   60 1.64848e-01
 24   62 1.81112e-01
 24   64 1.69988e-01
 24   66 1.65897e-01
 24   68 1.41166e-01
 24   70 1.66749e-01
 24   72 1.43189e-01
 24   74 1.77665e-01
 24   76 1.79027e-01
 24   78 1.61588e-01
 24   80 2.06310e-01
 24   82 1.54359e-01
 24   84 2.12758e-01
 24   86 1.39510e-01
 24   88 1.07658e-01
 24   90 1.57933e-01
 25    1 4.82290e-02
 25    3 1.20639e-01
 25    5 1.82646e-01
 25    7 2.47827e-01
 25    9 3.04466e-01
 25   11 3.29848e-01
 25   13 3.38321e-01
 25   15 4.19833e-01
 25   17 5.20967e-01
 25   19 7.11630e-01
 25   21 1.71940e+00
 25   23 4.87104e+00
 25   25 5.19201e+01
 25   27 4.86509e+00
 25   29 1.68330e+00
 25   31 6.76633e-01
 25   33 5.34227e-01
 25   35 4.69170e-01
 25   37 3.50067e-01
 25   39 3.51726e-01
 25   41 3.28462e-01
 25   43 2.68489e-01
 25   45 2.38722e-01
 25   47 2.35560e-01
 25   49 2.14998e-01
 25   51 2.01832e-01
 25   53 1.81036e-01
 25   55 1.86836e-01
 25   57 1.86011e-01
 25   59 1.59982e-01
 25   61 1.68727e-01
 25   63 1.48198e-01
 25   65 1.73294e-01
 25   67 1.47186e-01
 25   69 1.70582e-01
 25   71 1.49137e-01
 25   73 1.94657e-01
 25   75 1.77915e-01
 25   77 1.49333e-01
 25   79 2.07568e-01
 25   81 1.40963e-01
 25   83 1.97892e-01
 25   85 1.56223e-01
 25   87 1.03488e-01
 25   89 1.49685e-01
 26    0 1.43652e-02
 26    2 7.27419e-02
 26    4 1.40780e-01
 26    6 2.05963e-01
 26    8 2.75959e-01
 26   10 2.89206e-01
 26   12 3.17027e-01
 26   14 3.33039e-01
 26   16 3.99307e-01
 26   18 5.07780e-01
 26   20 6.87199e-01
 26   22 1.63075e+00
 26   24 4.68675e+00
 26   26 4.99529e+01
 26   28 4.67076e+00
 26   30 1.60712e+00
 26   32 6.39801e-01
 26   34 5.22827e-01
 26   36 4.40763e-01
 26   38 3.19699e-01
 26   40 3.35885e-01
 26   42 3.17404e-01
 26   44 2.52431e-01
 26   46 2.27189e-01
 26   48 2.19087e-01
 26   50 2.02516e-01
 26   52 1.92584e-01
 26   54 1.83668e-01
 26   56 1.75803e-01
 26   58 1.64145e-01
 26   60 1.56685e-01
 26   62 1.62192e-01
 26   64 1.41855e-01
 26   66 1.57337e-01
 26   68 1.27983e-01
 26   70 1.56810e-01
 26   72 1.58914e-01
 26   74 1.83102e-01
 26   76 1.64633e-01
 26   78 1.43004e-01
 26   80 1.91053e-01
 26   82 1.43966e-01
 26   84 1.72604e-01
 26   86 1.47997e-01
 26   88 9.94961e-02
 26   90 1.30152e-01
 27    1 4.07317e-02
 27    3 9.60655e-02
 27    5 1.64048e-01
 27    7 2.20496e-01
 27    9 2.58022e-01
 27   11 2.77591e-01
 27   13 3.15894e-01
 27   15 3.26429e-01
 27   17 4.02287e-01
 27   19 4.80352e-01
 27   21 6.45073e-01
 27   23 1.57184e+00
 27   25 4.52228e+00
 27   27 4.81928e+01
 27   29 4.48206e+00
 27   31 1.54378e+00
 27   33 6.27004e-01
 27   35 5.05992e-01
 27   37 4.26962e-01
 27   39 3.12611e-01
 27   41 3.09511e-01
 27   43 2.94025e-01
 27   45 2.54874e-01
 27   47 2.37489e-01
 27   49 2.17584e-01
 27   51 1.99470e-01
 27   53 1.78165e-01
 27   55 1.77646e-01
 27   57 1.67504e-01
 27   59 1.49526e-01
 27   61 1.52254e-01
 27   63 1.42807e-01
 27   65 1.68419e-01
 27   67 1.33290e-01
 27   69 1.79957e-01
 27   71 1.54881e-01
 27   73 1.86944e-01
 27   75 1.50348e-01
 27   77 1.49353e-01
 27   79 1.82217e-01
 27   81 1.31792e-01
 27   83 1.64342e-01
 27   85 1.33141e-01
 27   87 1.03056e-01
 27   89 1.25412e-01
 28    0 1.27275e-02
 28    2 6.36189e-02
 28    4 1.12430e-01
 28    6 1.81279e-01
 28    8 2.37595e-01
 28   10 2.40040e-01
 28   12 2.72123e-01
 28   14 3.01756e-01
 28   16 3.04522e-01
 28   18 3.89048e-01
 28   20 4.80506e-01
 28   22 6.20245e-01
 28   24 1.52018e+00
 28   26 4.35401e+00
 28   28 4.65010e+01
 28   30 4.31694e+00
 28   32 1.48654e+00
 28   34 5.91669e-01
 28   36 4.78836e-01
 28   38 4.00136e-01
 28   40 3.02494e-01
 28   42 3.04640e-01
 28   44 2.84401e-01
 28   46 2.39885e-01
 28   48 2.17793e-01
 28   50 2.06266e-01
 28   52 1.92491e-01
 28   54 1.75595e-01
 28   56 1.61242e-01
 28   58 1.57791e-01
 28   60 1.37313e-01
 28   62 1.39862e-01
 28   64 1.32696e-01
 28   66 1.55753e-01
 28   68 1.25809e-01
 28   70 1.73725e-01
 28   72 1.44913e-01
 28   74 1.70199e-01
 28   76 1.56923e-01
 28   78 1.37220e-01
 28   80 1.79788e-01
 28   82 1.25343e-01
 28   84 1.59451e-01
 28   86 1.37318e-01
 28   88 8.94685e-02
 28   90 1.19681e-01
 29    1 3.59654e-02
 29    3 8.12090e-02
 29    5 1.31315e-01
 29    7 1.95780e-01
 29    9 2.25683e-01
 29   11 2.39428e-01
 29   13 2.70366e-01
 29   15 2.82533e-01
 29   17 2.98071e-01
 29   19 3.90863e-01
 29   21 4.64785e-01
 29   23 6.01723e-01
 29   25 1.46244e+00
 29   27 4.18919e+00
 29   29 4.50066e+01
 29   31 4.18333e+00
 29   33 1.42836e+00
 29   35 5.57064e-01
 29   37 4.54256e-01
 29   39 3.80371e-01
 29   41 2.80787e-01
 29   43 2.89731e-01
 29   45 2.76181e-01
 29   47 2.31386e-01
 29   49 2.22620e-01
 29   51 2.09696e-01
 29   53 1.90297e-01
 29   55 1.68452e-01
 29   57 1.54029e-01
 29   59 1.51600e-01
 29   61 1.49130e-01
 29   63 1.28056e-01
 29   65 1.50655e-01
 29   67 1.58146e-01
 29   69 1.72295e-01
 29   71 1.33796e-01
 29   73 1.59925e-01
 29   75 1.35568e-01
 29   77 1.33119e-01
 29   79 1.78216e-01
 29   81 1.37934e-01
 29   83 1.43369e-01
 29   85 1.22545e-01
 29   87 9.50062e-02
 29   89 1.23312e-01
 30    0 1.13652e-02
 30    2 5.60786e-02
 30    4 9.93936e-02
 30    6 1.52277e-01
 30    8 2.09551e-01
 30   10 2.18305e-01
 30   12 2.32531e-01
 30   14 2.63404e-01
 30   16 2.72838e-01
 30   18 2.80310e-01
 30   20 3.75596e-01
 30   22 4.65186e-01
 30   24 5.79840e-01
 30   26 1.40372e+00
 30   28 4.04487e+00
 30   30 4.35837e+01
 30   32 4.01982e+00
 30   34 1.35672e+00
 30   36 5.21583e-01
 30   38 4.48062e-01
 30   40 3.66225e-01
 30   42 2.71478e-01
 30   44 2.79015e-01
 30   46 2.63378e-01
 30   48 2.29969e-01
 30   50 2.03988e-01
 30   52 1.97383e-01
 30   54 1.80137e-01
 30   56 1.51522e-01
 30   58 1.37911e-01
 30   60 1.38273e-01
 30   62 1.43938e-01
 30   64 1.28196e-01
 30   66 1.49266e-01
 30   68 1.49671e-01
 30   70 1.70673e-01
 30   72 1.29852e-01
 30   74 1.59420e-01
 30   76 1.28712e-01
 30   78 1.28640e-01
 30   80 1.61397e-01
 30   82 1.15184e-01
 30   84 1.38914e-01
 30   86 1.20924e-01
 30   88 9.57033e-02
 30   90 1.22924e-01
 31    1 3.30940e-02
 31    3 7.44708e-02
 31    5 1.17735e-01
 31    7 1.67667e-01
 31    9 2.04270e-01
 31   11 2.05801e-01
 31   13 2.17789e-01
 31   15 2.46801e-01
 31   17 2.65872e-01
 31   19 2.80753e-01
 31   21 3.76993e-01
 31   23 4.55570e-01
 31   25 5.52088e-01
 31   27 1.35511e+00
 31   29 3.92879e+00
 31   31 4.22990e+01
 31   33 3.87580e+00
 31   35 1.31260e+00
 31   37 5.01402e-01
 31   39 4.21228e-01
 31   41 3.54012e-01
 31   43 2.60516e-01
 31   45 2.73826e-01
 31   47 2.67877e-01
 31   49 2.18301e-01
 31   51 1.96863e-01
 31   53 1.86989e-01
 31   55 1.72796e-01
 31   57 1.49733e-01
 31   59 1.56485e-01
 31   61 1.32477e-01
 31   63 1.45637e-01
 31   65 1.64484e-01
 31   67 1.41399e-01
 31   69 1.52600e-01
 31   71 1.25965e-01
 31   73 1.46050e-01
 31   75 1.28804e-01
 31   77 1.24274e-01
 31   79 1.46079e-01
 31   81 1.16395e-01
 31   83 1.36132e-01
 31   85 1.13831e-01
 31   87 1.04577e-01
 31   89 1.22966e-01
 32    0 9.84138e-03
 32    2 4.79056e-02
 32    4 8.89198e-02
 32    6 1.32718e-01
 32    8 1.88185e-01
 32   10 2.00211e-01
 32   12 2.00191e-01
 32   14 2.08524e-01
 32   16 2.44375e-01
 32   18 2.72361e-01
 32   20 2.71246e-01
 32   22 3.66116e-01
 32   24 4.30766e-01
 32   26 5.25967e-01
 32   28 1.31096e+00
 32   30 3.78346e+00
 32   32 4.09966e+01
 32   34 3.74397e+00
 32   36 1.25241e+00
 32   38 4.83688e-01
 32   40 4.09050e-01
 32   42 3.44364e-01
 32   44 2.50769e-01
 32   46 2.59618e-01
 32   48 2.55991e-01
 32   50 2.04998e-01
 32   52 1.84288e-01
 32   54 1.79836e-01
 32   56 1.65074e-01
 32   58 1.43776e-01
 32   60 1.46799e-01
 32   62 1.37446e-01
 32   64 1.45383e-01
 32   66 1.61955e-01
 32   68 1.46960e-01
 32   70 1.49106e-01
 32   72 1.25005e-01
 32   74 1.51171e-01
 32   76 1.23122e-01
 32   78 1.16976e-01
 32   80 1.42995e-01
 32   82 1.16798e-01
 32   84 1.27637e-01
 32   86 1.09993e-01
 32   88 9.00019e-02
 32   90 1.00597e-01
 33    1 2.91072e-02
 33    3 6.69315e-02
 33    5 1.15356e-01
 33    7 1.59708e-01
 33    9 1.84740e-01
 33   11 1.92767e-01
 33   13 1.96200e-01
 33   15 2.04555e-01
 33   17 2.40982e-01
 33   19 2.62914e-01
 33   21 2.72829e-01
 33   23 3.47675e-01
 33   25 4.11108e-01
 33   27 5.19080e-01
 33   29 1.26517e+00
 33   31 3.65541e+00
 33   33 3.98434e+01
 33   35 3.62009e+00
 33   37 1.22433e+00
 33   39 4.75503e-01
 33   41 3.97140e-01
 33   43 3.43126e-01
 33   45 2.43277e-01
 33   47 2.52405e-01
 33   49 2.48707e-01
 33   51 1.93924e-01
 33   53 1.83694e-01
 33   55 1.84756e-01
 33   57 1.62249e-01
 33   59 1.40063e-01
 33   61 1.37751e-01
 33   63 1.71717e-01
 33   65 1.53590e-01
 33   67 1.37655e-01
 33   69 1.29520e-01
 33   71 1.32146e-01
 33   73 1.31426e-01
 33   75 1.25386e-01
 33   77 1.34795e-01
 33   79 1.29234e-01
 33   81 9.74011e-02
 33   83 1.19863e-01
 33   85 9.60671e-02
 33   87 9.43810e-02
 33   89 1.03909e-01
 34    0 8.63568e-03
 34    2 4.37800e-02
 34    4 8.11536e-02
 34    6 1.23575e-01
 34    8 1.66833e-01
 34   10 1.74989e-01
 34   12 1.81378e-01
 34   14 1.93615e-01
 34   16 2.09666e-01
 34   18 2.36376e-01
 34   20 2.63761e-01
 34   22 2.64826e-01
 34   24 3.51753e-01
 34   26 4.06150e-01
 34   28 4.93067e-01
 34   30 1.20668e+00
 34   32 3.53792e+00
 34   34 3.86943e+01
 34   36 3.50367e+00
 34   38 1.18683e+00
 34   40 4.46302e-01
 34   42 3.82119e-01
 34   44 3.21412e-01
 34   46 2.36467e-01
 34   48 2.45514e-01
 34   50 2.35684e-01
 34   52 1.90701e-01
 34   54 1.89258e-01
 34   56 1.74689e-01
 34   58 1.48994e-01
 34   60 1.39311e-01
 34   62 1.46865e-01
 34   64 1.52947e-01
 34   66 1.50677e-01
 34   68 1.25345e-01
 34   70 1.31276e-01
 34   72 1.21719e-01
 34   74 1.33726e-01
 34   76 1.16917e-01
 34   78 1.16890e-01
 34   80 1.13724e-01
 34   82 1.08549e-01
 34   84 1.16916e-01
 34   86 8.85060e-02
 34   88 8.39847e-02
 34   90 1.08007e-01
 35    1 2.69083e-02
 35    3 6.20852e-02
 35    5 9.59101e-02
 35    7 1.37912e-01
 35    9 1.66946e-01
 35   11 1.70200e-01
 35   13 1.74013e-01
 35   15 1.95967e-01
 35   17 1.97046e-01
 35   19 2.30354e-01
 35   21 2.59569e-01
 35   23 2.62252e-01
 35   25 3.41799e-01
 35   27 3.96568e-01
 35   29 4.67118e-01
 35   31 1.17197e+00
 35   33 3.42713e+00
 35   35 3.76726e+01
 35   37 3.41742e+00
 35   39 1.15488e+00
 35   41 4.35468e-01
 35   43 3.74391e-01
 35   45 3.20092e-01
 35   47 2.23523e-01
 35   49 2.26080e-01
 35   51 2.31338e-01
 35   53 1.99891e-01
 35   55 1.88200e-01
 35   57 1.68613e-01
 35   59 1.64411e-01
 35   61 1.46524e-01
 35   63 1.47393e-01
 35   65 1.22199e-01
 35   67 1.25566e-01
 35   69 1.40980e-01
 35   71 1.29393e-01
 35   73 1.39497e-01
 35   75 1.05999e-01
 35   77 1.14265e-01
 35   79 1.17987e-01
 35   81 9.79773e-02
 35   83 1.03794e-01
 35   85 9.40745e-02
 35   87 7.64625e-02
 35   89 8.95372e-02
 36    0 7.79573e-03
 36    2 4.35787e-02
 36    4 8.26458e-02
 36    6 1.17523e-01
 36    8 1.53294e-01
 36   10 1.61146e-01
 36   12 1.62779e-01
 36   14 1.77768e-01
 36   16 1.81024e-01
 36   18 1.91440e-01
 36   20 2.31522e-01
 36   22 2.48897e-01
 36   24 2.56102e-01
 36   26 3.24711e-01
 36   28 3.78423e-01
 36   30 4.39932e-01
 36   32 1.12234e+00
 36   34 3.32266e+00
 36   36 3.66894e+01
 36   38 3.30476e+00
 36   40 1.10192e+00
 36   42 4.14270e-01
 36   44 3.74574e-01
 36   46 3.01867e-01
 36   48 2.13450e-01
 36   50 2.25955e-01
 36   52 2.35270e-01
 36   54 1.80235e-01
 36   56 1.77424e-01
 36   58 1.60693e-01
 36   60 1.53671e-01
 36   62 1.43178e-01
 36   64 1.38185e-01
 36   66 1.19555e-01
 36   68 1.29108e-01
 36   70 1.32983e-01
 36   72 1.21570e-01
 36   74 1.15456e-01
 36   76 1.08673e-01
 36   78 1.19563e-01
 36   80 1.13330e-01
 36   82 9.01334e-02
 36   84 9.58572e-02
 36   86 8.70916e-02
 36   88 8.89148e-02
 36   90 9.08921e-02
 37    1 2.34178e-02
 37    3 6.33226e-02
 37    5 1.00175e-01
 37    7 1.28384e-01
 37    9 1.55335e-01
 37   11 1.54738e-01
 37   13 1.54462e-01
 37   15 1.67219e-01
 37   17 1.78395e-01
 37   19 1.84171e-01
 37   21 2.30382e-01
 37   23 2.54943e-01
 37   25 2.42253e-01
 37   27 3.17863e-01
 37   29 3.61826e-01
 37   31 4.25254e-01
 37   33 1.10100e+00
 37   35 3.24620e+00
 37   37 3.57620e+01
 37   39 3.20061e+00
 37   41 1.06758e+00
 37   43 4.01290e-01
 37   45 3.60243e-01
 37   47 2.95608e-01
 37   49 2.07670e-01
 37   51 2.23616e-01
 37   53 2.22638e-01
 37   55 1.78343e-01
 37   57 1.73143e-01
 37   59 1.85899e-01
 37   61 1.60179e-01
 37   63 1.36796e-01
 37   65 1.19476e-01
 37   67 1.37114e-01
 37   69 1.21954e-01
 37   71 1.19466e-01
 37   73 1.21087e-01
 37   75 9.28052e-02
 37   77 1.02227e-01
 37   79 1.03467e-01
 37   81 1.00112e-01
 37   83 9.00880e-02
 37   85 8.76659e-02
 37   87 7.73772e-02
 37   89 8.64005e-02
 38    0 8.01298e-03
 38    2 3.96186e-02
 38    4 7.39636e-02
 38    6 1.09068e-01
 38    8 1.42893e-01
 38   10 1.46013e-01
 38   12 1.46261e-01
 38   14 1.50860e-01
 38   16 1.67691e-01
 38   18 1.76410e-01
 38   20 1.89131e-01
 38   22 2.26234e-01
 38   24 2.36401e-01
 38   26 2.24072e-01
 38   28 3.00853e-01
 38   30 3.59547e-01
 38   32 4.12382e-01
 38   34 1.07079e+00
 38   36 3.14409e+00
 38   38 3.48715e+01
 38   40 3.11555e+00
 38   42 1.03159e+00
 38   44 3.92349e-01
 38   46 3.42532e-01
 38   48 2.94201e-01
 38   50 1.99968e-01
 38   52 2.10363e-01
 38   54 2.11525e-01
 38   56 1.74396e-01
 38   58 1.63408e-01
 38   60 1.80378e-01
 38   62 1.54211e-01
 38   64 1.19852e-01
 38   66 1.13053e-01
 38   68 1.26058e-01
 38   70 1.27202e-01
 38   72 1.19316e-01
 38   74 1.09249e-01
 38   76 9.31764e-02
 38   78 9.08937e-02
 38   80 1.09833e-01
 38   82 9.80873e-02
 38   84 8.88912e-02
 38   86 8.11647e-02
 38   88 8.02049e-02
 38   90 8.88254e-02
 39    1 2.40906e-02
 39    3 5.37663e-02
 39    5 8.52887e-02
 39    7 1.24193e-01
 39    9 1.43505e-01
 39   11 1.44008e-01
 39   13 1.42712e-01
 39   15 1.50058e-01
 39   17 1.68095e-01
 39   19 1.74665e-01
 39   21 1.79608e-01
 39   23 2.19822e-01
 39   25 2.31911e-01
 39   27 2.21746e-01
 39   29 2.88674e-01
 39   31 3.40393e-01
 39   33 4.07419e-01
 39   35 1.04523e+00
 39   37 3.04954e+00
 39   39 3.40361e+01
 39   41 3.02744e+00
 39   43 9.98234e-01
 39   45 3.76239e-01
 39   47 3.29023e-01
 39   49 2.82856e-01
 39   51 2.01191e-01
 39   53 2.17617e-01
 39   55 2.19609e-01
 39   57 1.78742e-01
 39   59 1.70187e-01
 39   61 1.54311e-01
 39   63 1.38348e-01
 39   65 1.33542e-01
 39   67 1.30276e-01
 39   69 1.13237e-01
 39   71 1.10006e-01
 39   73 1.06405e-01
 39   75 9.52838e-02
 39   77 9.16865e-02
 39   79 1.05942e-01
 39   81 9.38178e-02
 39   83 8.83397e-02
 39   85 8.08723e-02
 39   87 8.41768e-02
 39   89 9.59621e-02
 40    0 7.91192e-03
 40    2 4.03642e-02
 40    4 6.93433e-02
 40    6 9.99353e-02
 40    8 1.34082e-01
 40   10 1.39725e-01
 40   12 1.43248e-01
 40   14 1.39453e-01
 40   16 1.49449e-01
 40   18 1.67167e-01
 40   20 1.74068e-01
 40   22 1.77747e-01
 40   24 2.05973e-01
 40   26 2.24622e-01
 40   28 2.17009e-01
 40   30 2.80402e-01
 40   32 3.32756e-01
 40   34 3.84205e-01
 40   36 1.00028e+00
 40   38 2.97270e+00
 40   40 3.32461e+01
 40   42 2.93677e+00
 40   44 9.65107e-01
 40   46 3.59484e-01
 40   48 3.17823e-01
 40   50 2.79812e-01
 40   52 1.90105e-01
 40   54 2.06667e-01
 40   56 2.13297e-01
 40   58 1.86386e-01
 40   60 1.66919e-01
 40   62 1.38943e-01
 40   64 1.35063e-01
 40   66 1.37846e-01
 40   68 1.25664e-01
 40   70 1.06284e-01
 40   72 1.08793e-01
 40   74 1.10522e-01
 40   76 9.14947e-02
 40   78 8.89326e-02
 40   80 9.78084e-02
 40   82 8.51154e-02
 40   84 8.58953e-02
 40   86 7.55839e-02
 40   88 7.48664e-02
 40   90 9.51430e-02
 41    1 2.40053e-02
 41    3 5.12101e-02
 41    5 8.17832e-02
 41    7 1.13162e-01
 41    9 1.32544e-01
 41   11 1.39924e-01
 41   13 1.44232e-01
 41   15 1.38595e-01
 41   17 1.50185e-01
 41   19 1.70718e-01
 41   21 1.69846e-01
 41   23 1.66030e-01
 41   25 2.06922e-01
 41   27 2.09764e-01
 41   29 2.03601e-01
 41   31 2.73328e-01
 41   33 3.25113e-01
 41   35 3.76562e-01
 41   37 9.71861e-01
 41   39 2.89254e+00
 41   41 3.24764e+01
 41   43 2.85762e+00
 41   45 9.32389e-01
 41   47 3.46219e-01
 41   49 3.21416e-01
 41   51 2.83033e-01
 41   53 1.96668e-01
 41   55 2.06950e-01
 41   57 2.08336e-01
 41   59 1.74464e-01
 41   61 1.48319e-01
 41   63 1.47333e-01
 41   65 1.33576e-01
 41   67 1.13413e-01
 41   69 1.12218e-01
 41   71 1.05943e-01
 41   73 9.32887e-02
 41   75 9.73602e-02
 41   77 9.54718e-02
 41   79 9.25761e-02
 41   81 8.44504e-02
 41   83 8.79998e-02
 41   85 8.68768e-02
 41   87 8.36168e-02
 41   89 9.59262e-02
 42    0 6.86258e-03
 42    2 3.57911e-02
 42    4 6.78665e-02
 42    6 9.71912e-02
 42    8 1.25145e-01
 42   10 1.25025e-01
 42   12 1.33284e-01
 42   14 1.34506e-01
 42   16 1.35812e-01
 42   18 1.45261e-01
 42   20 1.67091e-01
 42   22 1.55009e-01
 42   24 1.60342e-01
 42   26 2.03067e-01
 42   28 2.09080e-01
 42   30 1.98853e-01
 42   32 2.67998e-01
 42   34 3.14700e-01
 42   36 3.59765e-01
 42   38 9.41645e-01
 42   40 2.80953e+00
 42   42 3.17806e+01
 42   44 2.77596e+00
 42   46 8.98694e-01
 42   48 3.34840e-01
 42   50 3.02492e-01
 42   52 2.71403e-01
 42   54 1.97684e-01
 42   56 2.05032e-01
 42   58 2.12122e-01
 42   60 1.67286e-01
 42   62 1.53552e-01
 42   64 1.48944e-01
 42   66 1.25616e-01
 42   68 1.12629e-01
 42   70 1.09269e-01
 42   72 9.99917e-02
 42   74 9.42281e-02
 42   76 9.37545e-02
 42   78 9.31509e-02
 42   80 9.57924e-02
 42   82 8.39438e-02
 42   84 8.32546e-02
 42   86 8.29475e-02
 42   88 7.54648e-02
 42   90 8.49189e-02
 43    1 2.00028e-02
 43    3 4.88070e-02
 43    5 7.70014e-02
 43    7 1.08446e-01
 43    9 1.33530e-01
 43   11 1.32385e-01
 43   13 1.32304e-01
 43   15 1.32960e-01
 43   17 1.32799e-01
 43   19 1.47331e-01
 43   21 1.54384e-01
 43   23 1.49574e-01
 43   25 1.62012e-01
 43   27 1.90871e-01
 43   29 2.01233e-01
 43   31 1.92665e-01
 43   33 2.69058e-01
 43   35 3.10104e-01
 43   37 3.49915e-01
 43   39 9.13559e-01
 43   41 2.73719e+00
 43   43 3.10654e+01
 43   45 2.69907e+00
 43   47 8.88891e-01
 43   49 3.34460e-01
 43   51 3.08719e-01
 43   53 2.71925e-01
 43   55 1.91101e-01
 43   57 1.97406e-01
 43   59 1.89416e-01
 43   61 1.60956e-01
 43   63 1.45429e-01
 43   65 1.22024e-01
 43   67 1.26487e-01
 43   69 9.99556e-02
 43   71 1.03725e-01
 43   73 9.25984e-02
 43   75 9.47590e-02
 43   77 1.07220e-01
 43   79 9.56058e-02
 43   81 9.35355e-02
 43   83 7.86273e-02
 43   85 8.59270e-02
 43   87 8.71116e-02
 43   89 8.40971e-02
 44    0 7.10960e-03
 44    2 3.59371e-02
 44    4 6.26260e-02
 44    6 9.17704e-02
 44    8 1.21674e-01
 44   10 1.24880e-01
 44   12 1.29801e-01
 44   14 1.26880e-01
 44   16 1.28828e-01
 44   18 1.31421e-01
 44   20 1.29226e-01
 44   22 1.40154e-01
 44   24 1.39847e-01
 44   26 1.54877e-01
 44   28 1.87186e-01
 44   30 1.95993e-01
 44   32 1.87156e-01
 44   34 2.53849e-01
 44   36 3.11952e-01
 44   38 3.43454e-01
 44   40 8.85432e-01
 44   42 2.66213e+00
 44   44 3.04243e+01
 44   46 2.63392e+00
 44   48 8.67788e-01
 44   50 3.22129e-01
 44   52 3.01292e-01
 44   54 2.62318e-01
 44   56 1.90342e-01
 44   58 1.86655e-01
 44   60 1.85666e-01
 44   62 1.56760e-01
 44   64 1.36635e-01
 44   66 1.25775e-01
 44   68 1.20075e-01
 44   70 1.02310e-01
 44   72 9.61363e-02
 44   74 9.50867e-02
 44   76 9.58844e-02
 44   78 9.60525e-02
 44   80 8.99000e-02
 44   82 8.92440e-02
 44   84 8.34789e-02
 44   86 8.09416e-02
 44   88 7.68812e-02
 44   90 8.15163e-02
 45    1 1.92713e-02
 45    3 4.93081e-02
 45    5 7.81273e-02
 45    7 1.06044e-01
 45    9 1.22148e-01
 45   11 1.25467e-01
 45   13 1.26872e-01
 45   15 1.27791e-01
 45   17 1.30721e-01
 45   19 1.17772e-01
 45   21 1.27840e-01
 45   23 1.37942e-01
 45   25 1.38301e-01
 45   27 1.58852e-01
 45   29 1.84165e-01
 45   31 1.94425e-01
 45   33 1.83148e-01
 45   35 2.54546e-01
 45   37 3.01586e-01
 45   39 3.30580e-01
 45   41 8.57448e-01
 45   43 2.59134e+00
 45   45 2.98130e+01
 45   47 2.57065e+00
 45   49 8.38392e-01
 45   51 3.16149e-01
 45   53 2.96570e-01
 45   55 2.54186e-01
 45   57 1.85590e-01
 45   59 1.83475e-01
 45   61 1.82971e-01
 45   63 1.38634e-01
 45   65 1.37969e-01
 45   67 1.23335e-01
 45   69 1.11911e-01
 45   71 1.03880e-01
 45   73 1.02276e-01
 45   75 9.08588e-02
 45   77 9.18797e-02
 45   79 9.44504e-02
 45   81 8.29084e-02
 45   83 8.89581e-02
 45   85 7.77240e-02
 45   87 7.78656e-02
 45   89 8.06443e-02
 46    0 6.02319e-03
 46    2 3.26157e-02
 46    4 6.08691e-02
 46    6 8.65434e-02
 46    8 1.16887e-01
 46   10 1.16671e-01
 46   12 1.19116e-01
 46   14 1.25130e-01
 46   16 1.27099e-01
 46   18 1.17787e-01
 46   20 1.11158e-01
 46   22 1.27540e-01
 46   24 1.33531e-01
 46   26 1.33972e-01
 46   28 1.51750e-01
 46   30 1.77818e-01
 46   32 1.86229e-01
 46   34 1.79501e-01
 46   36 2.41630e-01
 46   38 2.88191e-01
 46   40 3.16988e-01
 46   42 8.28346e-01
 46   44 2.53155e+00
 46   46 2.92159e+01
 46   48 2.50870e+00
 46   50 8.18728e-01
 46   52 3.10097e-01
 46   54 2.79401e-01
 46   56 2.52441e-01
 46   58 1.79549e-01
 46   60 1.71612e-01
 46   62 1.75526e-01
 46   64 1.40729e-01
 46   66 1.26353e-01
 46   68 1.23226e-01
 46   70 1.08356e-01
 46   72 1.00707e-01
 46   74 8.44260e-02
 46   76 8.66317e-02
 46   78 9.22511e-02
 46   80 1.00113e-01
 46   82 8.18268e-02
 46   84 8.55123e-02
 46   86 7.75622e-02
 46   88 8.33677e-02
 46   90 8.81944e-02
 47    1 1.89189e-02
 47    3 4.47119e-02
 47    5 7.11386e-02
 47    7 9.92146e-02
 47    9 1.21831e-01
 47   11 1.18081e-01
 47   13 1.18915e-01
 47   15 1.23701e-01
 47   17 1.13809e-01
 47   19 1.11154e-01
 47   21 1.05008e-01
 47   23 1.29147e-01
 47   25 1.31303e-01
 47   27 1.42413e-01
 47   29 1.48454e-01
 47   31 1.83001e-01
 47   33 1.82827e-01
 47   35 1.71023e-01
 47   37 2.38106e-01
 47   39 2.78151e-01
 47   41 3.06339e-01
 47   43 8.21104e-01
 47   45 2.47333e+00
 47   47 2.86465e+01
 47   49 2.44363e+00
 47   51 7.96630e-01
 47   53 2.95377e-01
 47   55 2.74346e-01
 47   57 2.51634e-01
 47   59 1.80252e-01
 47   61 1.73724e-01
 47   63 1.74493e-01
 47   65 1.40130e-01
 47   67 1.15949e-01
 47   69 1.13442e-01
 47   71 1.13709e-01
 47   73 9.74754e-02
 47   75 9.45476e-02
 47   77 8.88637e-02
 47   79 8.78922e-02
 47   81 8.28526e-02
 47   83 8.08148e-02
 47   85 8.61618e-02
 47   87 7.24417e-02
 47   89 8.34379e-02
 48    0 5.47225e-03
 48    2 3.11625e-02
 48    4 5.75265e-02
 48    6 8.30504e-02
 48    8 1.10360e-01
 48   10 1.18272e-01
 48   12 1.21980e-01
 48   14 1.11005e-01
 48   16 1.10961e-01
 48   18 1.11805e-01
 48   20 1.04299e-01
 48   22 1.03650e-01
 48   24 1.16185e-01
 48   26 1.24429e-01
 48   28 1.32693e-01
 48   30 1.49536e-01
 48   32 1.76855e-01
 48   34 1.79496e-01
 48   36 1.64555e-01
 48   38 2.38398e-01
 48   40 2.69916e-01
 48   42 2.97246e-01
 48   44 8.03299e-01
 48   46 2.41618e+00
 48   48 2.81060e+01
 48   50 2.37890e+00
 48   52 7.74382e-01
 48   54 2.84968e-01
 48   56 2.60549e-01
 48   58 2.51858e-01
 48   60 1.75317e-01
 48   62 1.72351e-01
 48   64 1.63587e-01
 48   66 1.33358e-01
 48   68 1.24804e-01
 48   70 1.11002e-01
 48   72 1.01453e-01
 48   74 8.56308e-02
 48   76 9.40994e-02
 48   78 8.68959e-02
 48   80 9.09061e-02
 48   82 8.18670e-02
 48   84 7.66413e-02
 48   86 7.85270e-02
 48   88 7.55167e-02
 48   90 8.01433e-02
 49    1 1.99594e-02
 49    3 4.43472e-02
 49    5 6.59692e-02
 49    7 9.16994e-02
 49    9 1.13380e-01
 49   11 1.21536e-01
 49   13 1.15957e-01
 49   15 1.11668e-01
 49   17 1.12167e-01
 49   19 1.03780e-01
 49   21 1.07069e-01
 49   23 1.00357e-01
 49   25 1.15533e-01
 49   27 1.25787e-01
 49   29 1.37696e-01
 49   31 1.43772e-01
 49   33 1.73674e-01
 49   35 1.66762e-01
 49   37 1.61262e-01
 49   39 2.30527e-01
 49   41 2.74171e-01
 49   43 2.97849e-01
 49   45 7.77660e-01
 49   47 2.35580e+00
 49   49 2.75730e+01
 49   51 2.32155e+00
 49   53 7.53890e-01
 49   55 2.86301e-01
 49   57 2.61393e-01
 49   59 2.39038e-01
 49   61 1.90065e-01
 49   63 1.64513e-01
 49   65 1.61607e-01
 49   67 1.33678e-01
 49   69 1.06158e-01
 49   71 1.02748e-01
 49   73 9.71570e-02
 49   75 9.46651e-02
 49   77 8.74252e-02
 49   79 8.82733e-02
 49   81 8.26061e-02
 49   83 7.15067e-02
 49   85 8.44563e-02
 49   87 8.34633e-02
 49   89 7.79584e-02
 50    0 6.59644e-03
 50    2 3.20705e-02
 50    4 5.82206e-02
 50    6 8.48716e-02
 50    8 1.09576e-01
 50   10 1.15890e-01
 50   12 1.14878e-01
 50   14 1.07120e-01
 50   16 1.02461e-01
 50   18 1.00080e-01
 50   20 9.64062e-02
 50   22 9.66901e-02
 50   24 1.03360e-01
 50   26 1.10988e-01
 50   28 1.21268e-01
 50   30 1.27995e-01
 50   32 1.36664e-01
 50   34 1.66272e-01
 50   36 1.68092e-01
 50   38 1.56361e-01
 50   40 2.29309e-01
 50   42 2.59122e-01
 50   44 2.87743e-01
 50   46 7.60904e-01
 50   48 2.29555e+00
 50   50 2.70812e+01
 50   52 2.26034e+00
 50   54 7.42884e-01
 50   56 2.76016e-01
 50   58 2.59926e-01
 50   60 2.37715e-01
 50   62 1.73618e-01
 50   64 1.56403e-01
 50   66 1.64046e-01
 50   68 1.27109e-01
 50   70 1.01151e-01
 50   72 1.04712e-01
 50   74 1.04752e-01
 50   76 8.71557e-02
 50   78 8.76404e-02
 50   80 8.32274e-02
 50   82 7.62784e-02
 50   84 6.62589e-02
 50   86 7.89365e-02
 50   88 7.55928e-02
 50   90 7.97333e-02
 51    1 2.02673e-02
 51    3 4.46656e-02
 51    5 7.01201e-02
 51    7 9.92117e-02
 51    9 1.12930e-01
 51   11 1.13850e-01
 51   13 1.18614e-01
 51   15 1.00086e-01
 51   17 9.30236e-02
 51   19 9.97632e-02
 51   21 9.11934e-02
 51   23 1.01869e-01
 51   25 1.04754e-01
 51   27 1.11376e-01
 51   29 1.25271e-01
 51   31 1.25224e-01
 51   33 1.30792e-01
 51   35 1.64811e-01
 51   37 1.67712e-01
 51   39 1.58369e-01
 51   41 2.33182e-01
 51   43 2.65535e-01
 51   45 2.83231e-01
 51   47 7.41762e-01
 51   49 2.24225e+00
 51   51 2.65878e+01
 51   53 2.21995e+00
 51   55 7.28211e-01
 51   57 2.66619e-01
 51   59 2.48265e-01
 51   61 2.28888e-01
 51   63 1.55082e-01
 51   65 1.52990e-01
 51   67 1.45805e-01
 51   69 1.21758e-01
 51   71 1.01909e-01
 51   73 9.50298e-02
 51   75 9.71344e-02
 51   77 9.32820e-02
 51   79 8.38898e-02
 51   81 7.72152e-02
 51   83 7.56233e-02
 51   85 6.94338e-02
 51   87 8.16980e-02
 51   89 8.21862e-02
 52    0 6.98588e-03
 52    2 3.09195e-02
 52    4 5.53196e-02
 52    6 8.39210e-02
 52    8 1.09344e-01
 52   10 1.13304e-01
 52   12 1.06113e-01
 52   14 9.51862e-02
 52   16 8.75529e-02
 52   18 9.34583e-02
 52   20 9.71179e-02
 52   22 9.04322e-02
 52   24 9.12125e-02
 52   26 1.02029e-01
 52   28 1.09399e-01
 52   30 1.19725e-01
 52   32 1.18765e-01
 52   34 1.30055e-01
 52   36 1.69191e-01
 52   38 1.59010e-01
 52   40 1.50604e-01
 52   42 2.24746e-01
 52   44 2.60164e-01
 52   46 2.78596e-01
 52   48 7.22359e-01
 52   50 2.18505e+00
 52   52 2.61202e+01
 52   54 2.16402e+00
 52   56 7.16348e-01
 52   58 2.65732e-01
 52   60 2.37503e-01
 52   62 2.31131e-01
 52   64 1.57675e-01
 52   66 1.44855e-01
 52   68 1.48969e-01
 52   70 1.13899e-01
 52   72 9.60837e-02
 52   74 9.51857e-02
 52   76 8.63230e-02
 52   78 9.09104e-02
 52   80 8.38528e-02
 52   82 8.12923e-02
 52   84 7.27250e-02
 52   86 6.69312e-02
 52   88 8.32428e-02
 52   90 7.49269e-02
 53    1 1.69622e-02
 53    3 4.05873e-02
 53    5 6.97400e-02
 53    7 9.77517e-02
 53    9 1.10870e-01
 53   11 1.06392e-01
 53   13 9.65995e-02
 53   15 8.61091e-02
 53   17 8.87869e-02
 53   19 1.06930e-01
 53   21 8.93230e-02
 53   23 9.14239e-02
 53   25 9.09078e-02
 53   27 9.62479e-02
 53   29 1.09989e-01
 53   31 1.15079e-01
 53   33 1.19867e-01
 53   35 1.37781e-01
 53   37 1.61553e-01
 53   39 1.65734e-01
 53   41 1.56765e-01
 53   43 2.26288e-01
 53   45 2.57058e-01
 53   47 2.66097e-01
 53   49 7.04480e-01
 53   51 2.14783e+00
 53   53 2.56798e+01
 53   55 2.10957e+00
 53   57 6.91723e-01
 53   59 2.47369e-01
 53   61 2.43061e-01
 53   63 2.15248e-01
 53   65 1.49491e-01
 53   67 1.33979e-01
 53   69 1.35127e-01
 53   71 1.19180e-01
 53   73 9.69237e-02
 53   75 9.76739e-02
 53   77 9.89214e-02
 53   79 8.19961e-02
 53   81 8.24882e-02
 53   83 7.48513e-02
 53   85 7.02836e-02
 53   87 8.07183e-02
 53   89 8.09797e-02
 54    0 5.09534e-03
 54    2 2.82229e-02
 54    4 5.37253e-02
 54    6 7.99915e-02
 54    8 1.01572e-01
 54   10 1.04335e-01
 54   12 9.73032e-02
 54   14 9.37155e-02
 54   16 9.18754e-02
 54   18 8.50373e-02
 54   20 9.13513e-02
 54   22 9.54884e-02
 54   24 9.25149e-02
 54   26 9.42212e-02
 54   28 9.66330e-02
 54   30 1.05801e-01
 54   32 1.12222e-01
 54   34 1.24980e-01
 54   36 1.25505e-01
 54   38 1.54821e-01
 54   40 1.58535e-01
 54   42 1.58511e-01
 54   44 2.19331e-01
 54   46 2.43062e-01
 54   48 2.57399e-01
 54   50 6.95376e-01
 54   52 2.09543e+00
 54   54 2.52323e+01
 54   56 2.05785e+00
 54   58 6.64785e-01
 54   60 2.46420e-01
 54   62 2.26672e-01
 54   64 2.12765e-01
 54   66 1.47589e-01
 54   68 1.33565e-01
 54   70 1.35847e-01
 54   72 1.12878e-01
 54   74 9.75224e-02
 54   76 1.04863e-01
 54   78 9.08436e-02
 54   80 8.09395e-02
 54   82 7.77510e-02
 54   84 7.40217e-02
 54   86 6.94171e-02
 54   88 7.47987e-02
 54   90 8.61533e-02
 55    1 1.86817e-02
 55    3 4.39645e-02
 55    5 7.15985e-02
 55    7 9.09254e-02
 55    9 1.00234e-01
 55   11 9.92062e-02
 55   13 9.29106e-02
 55   15 8.53515e-02
 55   17 8.32985e-02
 55   19 8.06987e-02
 55   21 8.31173e-02
 55   23 8.73452e-02
 55   25 9.09187e-02
 55   27 9.30000e-02
 55   29 9.43519e-02
 55   31 1.03055e-01
 55   33 1.16832e-01
 55   35 1.25711e-01
 55   37 1.25410e-01
 55   39 1.62078e-01
 55   41 1.59859e-01
 55   43 1.54111e-01
 55   45 2.13507e-01
 55   47 2.39508e-01
 55   49 2.59264e-01
 55   51 6.82764e-01
 55   53 2.04433e+00
 55   55 2.48186e+01
 55   57 2.00633e+00
 55   59 6.51661e-01
 55   61 2.38397e-01
 55   63 2.23593e-01
 55   65 2.13164e-01
 55   67 1.47984e-01
 55   69 1.29040e-01
 55   71 1.39300e-01
 55   73 1.20438e-01
 55   75 1.01806e-01
 55   77 1.02097e-01
 55   79 8.33330e-02
 55   81 7.59730e-02
 55   83 7.40838e-02
 55   85 7.60562e-02
 55   87 8.66043e-02
 55   89 7.00038e-02
 56    0 6.67362e-03
 56    2 3.10147e-02
 56    4 5.43876e-02
 56    6 7.78926e-02
 56    8 9.75123e-02
 56   10 9.74570e-02
 56   12 9.57858e-02
 56   14 8.75752e-02
 56   16 8.18461e-02
 56   18 8.36872e-02
 56   20 7.39446e-02
 56   22 8.28338e-02
 56   24 8.77181e-02
 56   26 8.74652e-02
 56   28 8.60568e-02
 56   30 8.63090e-02
 56   32 9.99021e-02
 56   34 1.11879e-01
 56   36 1.19820e-01
 56   38 1.23794e-01
 56   40 1.58683e-01
 56   42 1.59443e-01
 56   44 1.54348e-01
 56   46 2.12982e-01
 56   48 2.28240e-01
 56   50 2.50568e-01
 56   52 6.72713e-01
 56   54 1.99576e+00
 56   56 2.44187e+01
 56   58 1.96286e+00
 56   60 6.35103e-01
 56   62 2.38319e-01
 56   64 2.11870e-01
 56   66 2.03907e-01
 56   68 1.46037e-01
 56   70 1.30351e-01
 56   72 1.38029e-01
 56   74 1.05872e-01
 56   76 1.06725e-01
 56   78 8.86967e-02
 56   80 8.44313e-02
 56   82 7.74346e-02
 56   84 7.11954e-02
 56   86 7.19865e-02
 56   88 8.43965e-02
 56   90 7.45104e-02
 57    1 1.79101e-02
 57    3 4.18781e-02
 57    5 6.85219e-02
 57    7 9.07619e-02
 57    9 1.03931e-01
 57   11 9.81417e-02
 57   13 8.00242e-02
 57   15 7.55233e-02
 57   17 8.09883e-02
 57   19 7.89549e-02
 57   21 9.18047e-02
 57   23 8.73963e-02
 57   25 8.78518e-02
 57   27 8.51085e-02
 57   29 8.37332e-02
 57   31 8.66715e-02
 57   33 9.95783e-02
 57   35 1.09311e-01
 57   37 1.18168e-01
 57   39 1.28033e-01
 57   41 1.56191e-01
 57   43 1.54508e-01
 57   45 1.51299e-01
 57   47 2.13211e-01
 57   49 2.29738e-01
 57   51 2.42618e-01
 57   53 6.50594e-01
 57   55 1.94725e+00
 57   57 2.40554e+01
 57   59 1.91854e+00
 57   61 6.23764e-01
 57   63 2.27922e-01
 57   65 2.08757e-01
 57   67 2.06747e-01
 57   69 1.41733e-01
 57   71 1.29179e-01
 57   73 1.26527e-01
 57   75 1.16348e-01
 57   77 9.74981e-02
 57   79 8.69230e-02
 57   81 8.06140e-02
 57   83 7.19671e-02
 57   85 7.30205e-02
 57   87 8.13826e-02
 57   89 7.62451e-02
 58    0 6.39272e-03
 58    2 3.15445e-02
 58    4 5.34833e-02
 58    6 7.34759e-02
 58    8 9.68162e-02
 58   10 1.01832e-01
 58   12 9.16105e-02
 58   14 7.35875e-02
 58   16 7.25240e-02
 58   18 7.78346e-02
 58   20 7.55161e-02
 58   22 8.25912e-02
 58   24 8.26816e-02
 58   26 7.93182e-02
 58   28 8.17947e-02
 58   30 7.62985e-02
 58   32 8.45121e-02
 58   34 9.26802e-02
 58   36 1.05403e-01
 58   38 1.12660e-01
 58   40 1.34678e-01
 58   42 1.60215e-01
 58   44 1.47008e-01
 58   46 1.47130e-01
 58   48 2.14287e-01
 58   50 2.29181e-01
 58   52 2.42374e-01
 58   54 6.26198e-01
 58   56 1.90646e+00
 58   58 2.36694e+01
 58   60 1.88184e+00
 58   62 6.13298e-01
 58   64 2.20572e-01
 58   66 2.04420e-01
 58   68 2.03750e-01
 58   70 1.38571e-01
 58   72 1.24321e-01
 58   74 1.23389e-01
 58   76 1.09319e-01
 58   78 1.03474e-01
 58   80 8.21750e-02
 58   82 7.37075e-02
 58   84 6.61616e-02
 58   86 6.69777e-02
 58   88 8.65084e-02
 58   90 7.12394e-02
 59    1 2.17930e-02
 59    3 4.42560e-02
 59    5 6.40871e-02
 59    7 8.10206e-02
 59    9 9.62408e-02
 59   11 9.71561e-02
 59   13 8.85506e-02
 59   15 8.40704e-02
 59   17 7.80556e-02
 59   19 7.55457e-02
 59   21 7.34757e-02
 59   23 7.55513e-02
 59   25 7.34391e-02
 59   27 7.38429e-02
 59   29 8.01011e-02
 59   31 8.80391e-02
 59   33 8.35508e-02
 59   35 1.03597e-01
 59   37 1.23315e-01
 59   39 1.18486e-01
 59   41 1.27129e-01
 59   43 1.44096e-01
 59   45 1.45379e-01
 59   47 1.48445e-01
 59   49 2.04197e-01
 59   51 2.19580e-01
 59   53 2.26135e-01
 59   55 6.14732e-01
 59   57 1.86472e+00
 59   59 2.33247e+01
 59   61 1.83306e+00
 59   63 5.91627e-01
 59   65 2.17774e-01
 59   67 1.94619e-01
 59   69 1.96825e-01
 59   71 1.42372e-01
 59   73 1.28583e-01
 59   75 1.30907e-01
 59   77 1.12113e-01
 59   79 8.73743e-02
 59   81 8.48806e-02
 59   83 6.76984e-02
 59   85 6.76641e-02
 59   87 8.53042e-02
 59   89 7.68580e-02
 60    0 7.01477e-03
 60    2 3.03094e-02
 60    4 4.94193e-02
 60    6 6.88259e-02
 60    8 8.51521e-02
 60   10 8.98294e-02
 60   12 9.36833e-02
 60   14 8.36006e-02
 60   16 7.56198e-02
 60   18 7.36243e-02
 60   20 7.37606e-02
 60   22 7.27016e-02
 60   24 7.17977e-02
 60   26 7.36405e-02
 60   28 6.92307e-02
 60   30 7.44042e-02
 60   32 8.39267e-02
 60   34 8.42843e-02
 60   36 9.80373e-02
 60   38 1.20956e-01
 60   40 1.17309e-01
 60   42 1.22891e-01
 60   44 1.42226e-01
 60   46 1.36776e-01
 60   48 1.45080e-01
 60   50 2.03859e-01
 60   52 2.10695e-01
 60   54 2.25762e-01
 60   56 5.99962e-01
 60   58 1.83032e+00
 60   60 2.29628e+01
 60   62 1.79312e+00
 60   64 5.81066e-01
 60   66 2.21765e-01
 60   68 1.98467e-01
 60   70 1.92862e-01
 60   72 1.44212e-01
 60   74 1.28314e-01
 60   76 1.19680e-01
 60   78 1.03860e-01
 60   80 8.53937e-02
 60   82 7.42433e-02
 60   84 7.12446e-02
 60   86 6.77687e-02
 60   88 7.95905e-02
 60   90 7.60909e-02
 61    1 1.53630e-02
 61    3 3.96320e-02
 61    5 5.94199e-02
 61    7 8.30178e-02
 61    9 9.39548e-02
 61   11 9.33247e-02
 61   13 7.97864e-02
 61   15 6.55733e-02
 61   17 6.91489e-02
 61   19 7.84266e-02
 61   21 8.10993e-02
 61   23 7.61321e-02
 61   25 7.53835e-02
 61   27 7.31805e-02
 61   29 7.66901e-02
 61   31 7.25400e-02
 61   33 7.99755e-02
 61   35 8.98586e-02
 61   37 1.03414e-01
 61   39 1.04561e-01
 61   41 1.05188e-01
 61   43 1.19173e-01
 61   45 1.41105e-01
 61   47 1.39245e-01
 61   49 1.58023e-01
 61   51 1.97032e-01
 61   53 2.16259e-01
 61   55 2.18877e-01
 61   57 5.90066e-01
 61   59 1.78407e+00
 61   61 2.26440e+01
 61   63 1.74839e+00
 61   65 5.68504e-01
 61   67 2.09375e-01
 61   69 1.92062e-01
 61   71 1.97478e-01
 61   73 1.40778e-01
 61   75 1.23217e-01
 61   77 1.22896e-01
 61   79 9.62801e-02
 61   81 7.78587e-02
 61   83 7.16371e-02
 61   85 7.67874e-02
 61   87 9.07937e-02
 61   89 7.95279e-02
 62    0 4.68902e-03
 62    2 2.49446e-02
 62    4 4.76033e-02
 62    6 6.93519e-02
 62    8 9.09546e-02
 62   10 9.23125e-02
 62   12 8.38290e-02
 62   14 6.62218e-02
 62   16 6.59481e-02
 62   18 7.07591e-02
 62   20 7.29037e-02
 62   22 7.52092e-02
 62   24 7.68237e-02
 62   26 7.42400e-02
 62   28 6.86767e-02
 62   30 7.54322e-02
 62   32 7.65294e-02
 62   34 8.65365e-02
 62   36 8.89597e-02
 62   38 1.00711e-01
 62   40 9.51004e-02
 62   42 1.09860e-01
 62   44 1.16951e-01
 62   46 1.36246e-01
 62   48 1.38905e-01
 62   50 1.45007e-01
 62   52 1.99693e-01
 62   54 2.02252e-01
 62   56 2.19260e-01
 62   58 5.80946e-01
 62   60 1.74634e+00
 62   62 2.23112e+01
 62   64 1.71111e+00
 62   66 5.54406e-01
 62   68 2.07364e-01
 62   70 1.79037e-01
 62   72 1.90529e-01
 62   74 1.38580e-01
 62   76 1.33478e-01
 62   78 1.16313e-01
 62   80 9.36093e-02
 62   82 8.12372e-02
 62   84 6.84888e-02
 62   86 7.15060e-02
 62   88 8.23279e-02
 62   90 7.51384e-02
 63    1 1.64596e-02
 63    3 3.83956e-02
 63    5 5.41839e-02
 63    7 7.23063e-02
 63    9 9.02349e-02
 63   11 9.17959e-02
 63   13 9.74654e-02
 63   15 8.57171e-02
 63   17 7.98593e-02
 63   19 7.47575e-02
 63   21 7.34589e-02
 63   23 6.62397e-02
 63   25 6.45257e-02
 63   27 6.68919e-02
 63   29 6.41759e-02
 63   31 7.77151e-02
 63   33 9.71568e-02
 63   35 8.80900e-02
 63   37 8.60690e-02
 63   39 9.13579e-02
 63   41 1.01828e-01
 63   43 1.04934e-01
 63   45 1.04190e-01
 63   47 1.36300e-01
 63   49 1.33295e-01
 63   51 1.30098e-01
 63   53 1.86635e-01
 63   55 2.00058e-01
 63   57 2.10118e-01
 63   59 5.61152e-01
 63   61 1.70386e+00
 63   63 2.20118e+01
 63   65 1.66991e+00
 63   67 5.44826e-01
 63   69 2.10415e-01
 63   71 1.89220e-01
 63   73 1.89111e-01
 63   75 1.46623e-01
 63   77 1.23109e-01
 63   79 9.91550e-02
 63   81 9.99515e-02
 63   83 7.61227e-02
 63   85 7.80958e-02
 63   87 8.80896e-02
 63   89 7.66618e-02
 64    0 5.26493e-03
 64    2 2.85730e-02
 64    4 4.86071e-02
 64    6 6.22452e-02
 64    8 8.12202e-02
 64   10 8.25570e-02
 64   12 8.98245e-02
 64   14 9.34550e-02
 64   16 8.89026e-02
 64   18 7.48655e-02
 64   20 6.85604e-02
 64   22 6.84201e-02
 64   24 7.03125e-02
 64   26 6.33172e-02
 64   28 6.35380e-02
 64   30 6.55123e-02
 64   32 7.89368e-02
 64   34 8.78802e-02
 64   36 8.37234e-02
 64   38 7.63263e-02
 64   40 9.01468e-02
 64   42 1.03914e-01
 64   44 9.94024e-02
 64   46 1.06521e-01
 64   48 1.28564e-01
 64   50 1.27382e-01
 64   52 1.32842e-01
 64   54 1.85124e-01
 64   56 1.90080e-01
 64   58 2.03743e-01
 64   60 5.51840e-01
 64   62 1.66857e+00
 64   64 2.16814e+01
 64   66 1.63539e+00
 64   68 5.38453e-01
 64   70 2.05928e-01
 64   72 1.78348e-01
 64   74 1.84700e-01
 64   76 1.44250e-01
 64   78 1.16712e-01
 64   80 9.92605e-02
 64   82 8.66018e-02
 64   84 7.89983e-02
 64   86 7.77096e-02
 64   88 9.02026e-02
 64   90 7.83399e-02
 65    1 1.22222e-02
 65    3 3.13660e-02
 65    5 5.27372e-02
 65    7 7.52381e-02
 65    9 8.72041e-02
 65   11 8.41212e-02
 65   13 6.80108e-02
 65   15 6.63636e-02
 65   17 7.06258e-02
 65   19 7.11545e-02
 65   21 7.51564e-02
 65   23 7.06113e-02
 65   25 7.36218e-02
 65   27 7.69747e-02
 65   29 7.36696e-02
 65   31 8.56428e-02
 65   33 8.47920e-02
 65   35 7.12606e-02
 65   37 7.33474e-02
 65   39 8.60440e-02
 65   41 9.00802e-02
 65   43 8.59107e-02
 65   45 1.01175e-01
 65   47 1.06803e-01
 65   49 1.27764e-01
 65   51 1.25229e-01
 65   53 1.26474e-01
 65   55 1.86099e-01
 65   57 1.87780e-01
 65   59 2.01544e-01
 65   61 5.40584e-01
 65   63 1.62939e+00
 65   65 2.14031e+01
 65   67 1.61096e+00
 65   69 5.36809e-01
 65   71 2.08690e-01
 65   73 1.75710e-01
 65   75 1.93550e-01
 65   77 1.38568e-01
 65   79 1.03936e-01
 65   81 9.80794e-02
 65   83 8.44371e-02
 65   85 8.22761e-02
 65   87 9.82062e-02
 65   89 8.11531e-02
 66    0 3.83973e-03
 66    2 1.87225e-02
 66    4 3.90103e-02
 66    6 6.18689e-02
 66    8 8.44851e-02
 66   10 8.52033e-02
 66   12 7.20113e-02
 66   14 6.36938e-02
 66   16 6.33110e-02
 66   18 6.68479e-02
 66   20 7.09252e-02
 66   22 7.24950e-02
 66   24 6.69953e-02
 66   26 6.85643e-02
 66   28 7.28122e-02
 66   30 7.44730e-02
 66   32 8.58518e-02
 66   34 8.45253e-02
 66   36 7.07200e-02
 66   38 7.02913e-02
 66   40 8.98255e-02
 66   42 8.55632e-02
 66   44 8.93343e-02
 66   46 9.33741e-02
 66   48 1.02325e-01
 66   50 1.30442e-01
 66   52 1.19151e-01
 66   54 1.25374e-01
 66   56 1.78604e-01
 66   58 1.84351e-01
 66   60 2.05623e-01
 66   62 5.27821e-01
 66   64 1.59666e+00
 66   66 2.11136e+01
 66   68 1.56953e+00
 66   70 5.31462e-01
 66   72 2.08447e-01
 66   74 1.73145e-01
 66   76 1.82256e-01
 66   78 1.44756e-01
 66   80 9.93359e-02
 66   82 9.57444e-02
 66   84 8.56856e-02
 66   86 8.27965e-02
 66   88 9.40932e-02
 66   90 7.29014e-02
 67    1 1.34002e-02
 67    3 3.26885e-02
 67    5 4.78348e-02
 67    7 6.71323e-02
 67    9 8.24632e-02
 67   11 8.42618e-02
 67   13 8.93356e-02
 67   15 9.55190e-02
 67   17 7.67736e-02
 67   19 6.33061e-02
 67   21 5.86331e-02
 67   23 5.92899e-02
 67   25 6.10845e-02
 67   27 5.95110e-02
 67   29 7.55448e-02
 67   31 7.19211e-02
 67   33 7.42380e-02
 67   35 7.15313e-02
 67   37 8.22297e-02
 67   39 8.19994e-02
 67   41 7.47149e-02
 67   43 8.69939e-02
 67   45 8.83524e-02
 67   47 8.63301e-02
 67   49 1.03241e-01
 67   51 1.16589e-01
 67   53 1.10730e-01
 67   55 1.26208e-01
 67   57 1.81673e-01
 67   59 1.75952e-01
 67   61 1.94490e-01
 67   63 5.19318e-01
 67   65 1.57373e+00
 67   67 2.08729e+01
 67   69 1.54704e+00
 67   71 5.21797e-01
 67   73 2.04204e-01
 67   75 1.76042e-01
 67   77 1.77814e-01
 67   79 1.24766e-01
 67   81 1.05441e-01
 67   83 9.15402e-02
 67   85 9.27948e-02
 67   87 9.83525e-02
 67   89 7.43690e-02
 68    0 4.66904e-03
 68    2 2.10188e-02
 68    4 3.73118e-02
 68    6 5.29008e-02
 68    8 7.37068e-02
 68   10 7.64658e-02
 68   12 8.25154e-02
 68   14 8.60993e-02
 68   16 8.65123e-02
 68   18 6.87838e-02
 68   20 6.78041e-02
 68   22 5.69115e-02
 68   24 5.57218e-02
 68   26 5.45144e-02
 68   28 5.74868e-02
 68   30 7.29908e-02
 68   32 7.61454e-02
 68   34 6.87285e-02
 68   36 7.46482e-02
 68   38 7.66094e-02
 68   40 8.00399e-02
 68   42 7.49862e-02
 68   44 8.33622e-02
 68   46 8.90088e-02
 68   48 9.36010e-02
 68   50 9.87907e-02
 68   52 1.19771e-01
 68   54 1.10901e-01
 68   56 1.25029e-01
 68   58 1.79601e-01
 68   60 1.79870e-01
 68   62 1.92966e-01
 68   64 5.13841e-01
 68   66 1.53413e+00
 68   68 2.06014e+01
 68   70 1.51203e+00
 68   72 5.07477e-01
 68   74 1.98903e-01
 68   76 1.65188e-01
 68   78 1.74544e-01
 68   80 1.26840e-01
 68   82 9.61377e-02
 68   84 8.90247e-02
 68   86 8.83115e-02
 68   88 9.69412e-02
 68   90 7.36370e-02
 69    1 1.18181e-02
 69    3 2.78403e-02
 69    5 4.51495e-02
 69    7 6.66152e-02
 69    9 7.91910e-02
 69   11 7.11529e-02
 69   13 5.87426e-02
 69   15 5.76401e-02
 69   17 6.66270e-02
 69   19 7.56083e-02
 69   21 7.37377e-02
 69   23 6.55112e-02
 69   25 6.92361e-02
 69   27 7.85778e-02
 69   29 8.04920e-02
 69   31 7.59099e-02
 69   33 6.83133e-02
 69   35 7.85444e-02
 69   37 7.15283e-02
 69   39 6.97058e-02
 69   41 7.23001e-02
 69   43 6.72331e-02
 69   45 7.84042e-02
 69   47 8.26036e-02
 69   49 8.01819e-02
 69   51 9.52175e-02
 69   53 1.09221e-01
 69   55 1.07629e-01
 69   57 1.21802e-01
 69   59 1.74029e-01
 69   61 1.74480e-01
 69   63 1.96149e-01
 69   65 5.12856e-01
 69   67 1.51298e+00
 69   69 2.03332e+01
 69   71 1.47771e+00
 69   73 5.01497e-01
 69   75 2.06456e-01
 69   77 1.58028e-01
 69   79 1.62543e-01
 69   81 1.24815e-01
 69   83 1.08126e-01
 69   85 1.00247e-01
 69   87 1.05142e-01
 69   89 8.68424e-02
 70    0 3.40794e-03
 70    2 1.70537e-02
 70    4 3.24252e-02
 70    6 5.02294e-02
 70    8 7.01872e-02
 70   10 7.85498e-02
 70   12 6.46249e-02
 70   14 5.55353e-02
 70   16 5.59300e-02
 70   18 6.97619e-02
 70   20 7.31004e-02
 70   22 6.82755e-02
 70   24 6.44064e-02
 70   26 6.53585e-02
 70   28 7.76766e-02
 70   30 8.14446e-02
 70   32 7.55981e-02
 70   34 7.04345e-02
 70   36 7.52371e-02
 70   38 7.56442e-02
 70   40 6.62422e-02
 70   42 7.11864e-02
 70   44 6.95029e-02
 70   46 7.65870e-02
 70   48 8.14618e-02
 70   50 7.69274e-02
 70   52 8.96077e-02
 70   54 1.10373e-01
 70   56 1.09202e-01
 70   58 1.19524e-01
 70   60 1.71035e-01
 70   62 1.63028e-01
 70   64 1.92294e-01
 70   66 5.08314e-01
 70   68 1.47956e+00
 70   70 2.00733e+01
 70   72 1.44752e+00
 70   74 5.00066e-01
 70   76 2.03351e-01
 70   78 1.54305e-01
 70   80 1.53416e-01
 70   82 1.31684e-01
 70   84 9.67059e-02
 70   86 9.59672e-02
 70   88 1.00637e-01
 70   90 8.27226e-02
 71    1 9.21798e-03
 71    3 2.38936e-02
 71    5 3.88268e-02
 71    7 5.07341e-02
 71    9 6.80846e-02
 71   11 8.17403e-02
 71   13 8.78571e-02
 71   15 8.86827e-02
 71   17 6.76987e-02
 71   19 6.49481e-02
 71   21 6.00548e-02
 71   23 5.87271e-02
 71   25 5.92631e-02
 71   27 6.62111e-02
 71   29 6.11963e-02
 71   31 6.13474e-02
 71   33 6.82376e-02
 71   35 7.05783e-02
 71   37 6.86003e-02
 71   39 6.62975e-02
 71   41 6.68273e-02
 71   43 6.83067e-02
 71   45 7.12528e-02
 71   47 8.10634e-02
 71   49 7.59797e-02
 71   51 7.80248e-02
 71   53 9.43127e-02
 71   55 1.13752e-01
 71   57 1.08688e-01
 71   59 1.23244e-01
 71   61 1.75641e-01
 71   63 1.72694e-01
 71   65 1.95200e-01
 71   67 4.99616e-01
 71   69 1.44674e+00
 71   71 1.98258e+01
 71   73 1.40813e+00
 71   75 4.83597e-01
 71   77 1.96863e-01
 71   79 1.41673e-01
 71   81 1.60319e-01
 71   83 1.28144e-01
 71   85 1.14622e-01
 71   87 1.17656e-01
 71   89 9.07281e-02
 72    0 2.96949e-03
 72    2 1.63791e-02
 72    4 3.13779e-02
 72    6 4.48007e-02
 72    8 5.76079e-02
 72   10 6.45122e-02
 72   12 8.18486e-02
 72   14 8.86473e-02
 72   16 8.25794e-02
 72   18 6.61128e-02
 72   20 6.11570e-02
 72   22 5.83950e-02
 72   24 5.41758e-02
 72   26 6.48814e-02
 72   28 6.34693e-02
 72   30 6.06985e-02
 72   32 6.20832e-02
 72   34 6.39715e-02
 72   36 6.73742e-02
 72   38 6.95043e-02
 72   40 6.64198e-02
 72   42 6.38110e-02
 72   44 6.39739e-02
 72   46 6.97257e-02
 72   48 7.29317e-02
 72   50 7.80078e-02
 72   52 7.40465e-02
 72   54 8.98362e-02
 72   56 1.13271e-01
 72   58 1.05041e-01
 72   60 1.25277e-01
 72   62 1.69946e-01
 72   64 1.63136e-01
 72   66 1.95292e-01
 72   68 4.86426e-01
 72   70 1.41793e+00
 72   72 1.95850e+01
 72   74 1.37725e+00
 72   76 4.79688e-01
 72   78 1.95550e-01
 72   80 1.42149e-01
 72   82 1.48926e-01
 72   84 1.31622e-01
 72   86 1.10767e-01
 72   88 1.16186e-01
 72   90 8.58304e-02
 73    1 1.31818e-02
 73    3 2.85330e-02
 73    5 4.72900e-02
 73    7 6.19008e-02
 73    9 6.81413e-02
 73   11 5.86796e-02
 73   13 6.17434e-02
 73   15 7.02244e-02
 73   17 7.04366e-02
 73   19 6.20720e-02
 73   21 6.39405e-02
 73   23 6.47937e-02
 73   25 7.58096e-02
 73   27 7.83249e-02
 73   29 7.16890e-02
 73   31 6.97109e-02
 73   33 6.65130e-02
 73   35 7.45725e-02
 73   37 6.81453e-02
 73   39 6.28492e-02
 73   41 5.76717e-02
 73   43 5.97635e-02
 73   45 6.87536e-02
 73   47 6.81048e-02
 73   49 7.04131e-02
 73   51 7.13074e-02
 73   53 7.51709e-02
 73   55 9.63880e-02
 73   57 1.04334e-01
 73   59 1.09089e-01
 73   61 1.22715e-01
 73   63 1.69154e-01
 73   65 1.61076e-01
 73   67 1.91626e-01
 73   69 4.81199e-01
 73   71 1.38005e+00
 73   73 1.93375e+01
 73   75 1.34300e+00
 73   77 4.58371e-01
 73   79 1.93890e-01
 73   81 1.48961e-01
 73   83 1.56628e-01
 73   85 1.31059e-01
 73   87 1.28987e-01
 73   89 9.38758e-02
 74    0 4.16616e-03
 74    2 1.95729e-02
 74    4 3.42795e-02
 74    6 5.25840e-02
 74    8 6.86908e-02
 74   10 6.42248e-02
 74   12 5.18305e-02
 74   14 6.01039e-02
 74   16 6.49852e-02
 74   18 6.46662e-02
 74   20 6.59390e-02
 74   22 6.12913e-02
 74   24 6.59132e-02
 74   26 7.33036e-02
 74   28 7.30952e-02
 74   30 7.30712e-02
 74   32 7.36188e-02
 74   34 6.89158e-02
 74   36 6.27421e-02
 74   38 6.24026e-02
 74   40 6.61635e-02
 74   42 5.89640e-02
 74   44 6.20455e-02
 74   46 5.73168e-02
 74   48 6.03610e-02
 74   50 7.65203e-02
 74   52 7.19285e-02
 74   54 7.61065e-02
 74   56 8.51931e-02
 74   58 1.02227e-01
 74   60 1.09299e-01
 74   62 1.21206e-01
 74   64 1.65661e-01
 74   66 1.59065e-01
 74   68 1.86946e-01
 74   70 4.80322e-01
 74   72 1.35048e+00
 74   74 1.91128e+01
 74   76 1.31724e+00
 74   78 4.54234e-01
 74   80 1.90106e-01
 74   82 1.46441e-01
 74   84 1.49835e-01
 74   86 1.28011e-01
 74   88 1.29619e-01
 74   90 8.76322e-02
 75    1 6.90296e-03
 75    3 1.86327e-02
 75    5 3.35015e-02
 75    7 5.33330e-02
 75    9 6.11610e-02
 75   11 6.46239e-02
 75   13 6.85234e-02
 75   15 7.35114e-02
 75   17 7.00820e-02
 75   19 6.98948e-02
 75   21 6.45327e-02
 75   23 6.74103e-02
 75   25 6.79762e-02
 75   27 6.17984e-02
 75   29 5.96187e-02
 75   31 6.03143e-02
 75   33 6.22534e-02
 75   35 5.55915e-02
 75   37 5.12389e-02
 75   39 5.52136e-02
 75   41 5.90480e-02
 75   43 5.99989e-02
 75   45 5.99211e-02
 75   47 6.48073e-02
 75   49 6.73070e-02
 75   51 7.15053e-02
 75   53 7.43171e-02
 75   55 7.99327e-02
 75   57 9.41220e-02
 75   59 1.08956e-01
 75   61 1.05372e-01
 75   63 1.28664e-01
 75   65 1.74067e-01
 75   67 1.62068e-01
 75   69 1.94346e-01
 75   71 4.64973e-01
 75   73 1.31755e+00
 75   75 1.88836e+01
 75   77 1.28469e+00
 75   79 4.49386e-01
 75   81 2.09938e-01
 75   83 1.70139e-01
 75   85 1.62659e-01
 75   87 1.42661e-01
 75   89 9.42356e-02
 76    0 2.00018e-03
 76    2 1.14719e-02
 76    4 2.62555e-02
 76    6 4.24569e-02
 76    8 5.78578e-02
 76   10 5.91332e-02
 76   12 6.10053e-02
 76   14 6.38437e-02
 76   16 7.28171e-02
 76   18 7.24969e-02
 76   20 6.13123e-02
 76   22 6.68753e-02
 76   24 6.51918e-02
 76   26 6.46922e-02
 76   28 6.61486e-02
 76   30 5.79063e-02
 76   32 5.88516e-02
 76   34 5.91404e-02
 76   36 5.79652e-02
 76   38 5.22391e-02
 76   40 5.37612e-02
 76   42 5.75840e-02
 76   44 6.14103e-02
 76   46 5.77280e-02
 76   48 6.51054e-02
 76   50 6.24906e-02
 76   52 6.40264e-02
 76   54 8.03237e-02
 76   56 8.42934e-02
 76   58 8.88965e-02
 76   60 1.00061e-01
 76   62 1.14588e-01
 76   64 1.26991e-01
 76   66 1.64343e-01
 76   68 1.52390e-01
 76   70 1.91715e-01
 76   72 4.61675e-01
 76   74 1.29291e+00
 76   76 1.86716e+01
 76   78 1.25047e+00
 76   80 4.40092e-01
 76   82 2.07748e-01
 76   84 1.65984e-01
 76   86 1.53065e-01
 76   88 1.39932e-01
 76   90 9.62168e-02
 77    1 1.49088e-02
 77    3 3.19662e-02
 77    5 4.69448e-02
 77    7 6.14497e-02
 77    9 7.29063e-02
 77   11 6.24064e-02
 77   13 5.51892e-02
 77   15 6.13433e-02
 77   17 6.83591e-02
 77   19 5.89363e-02
 77   21 5.78010e-02
 77   23 6.07210e-02
 77   25 5.60292e-02
 77   27 6.02843e-02
 77   29 5.74881e-02
 77   31 5.71455e-02
 77   33 6.57203e-02
 77   35 5.88479e-02
 77   37 5.54253e-02
 77   39 5.21729e-02
 77   41 5.68607e-02
 77   43 6.66673e-02
 77   45 5.95039e-02
 77   47 5.98150e-02
 77   49 6.10407e-02
 77   51 6.74334e-02
 77   53 7.39116e-02
 77   55 7.87186e-02
 77   57 7.74534e-02
 77   59 9.16342e-02
 77   61 1.03205e-01
 77   63 1.06086e-01
 77   65 1.22376e-01
 77   67 1.60752e-01
 77   69 1.46081e-01
 77   71 1.85875e-01
 77   73 4.41591e-01
 77   75 1.26157e+00
 77   77 1.84361e+01
 77   79 1.22294e+00
 77   81 4.52611e-01
 77   83 2.37761e-01
 77   85 1.73748e-01
 77   87 1.66522e-01
 77   89 1.09361e-01
 78    0 4.21977e-03
 78    2 2.25425e-02
 78    4 3.92668e-02
 78    6 5.17956e-02
 78    8 6.86946e-02
 78   10 6.59033e-02
 78   12 5.53419e-02
 78   14 5.53494e-02
 78   16 5.72267e-02
 78   18 6.49215e-02
 78   20 5.88170e-02
 78   22 5.70447e-02
 78   24 5.78098e-02
 78   26 5.52079e-02
 78   28 5.68291e-02
 78   30 5.68591e-02
 78   32 5.49335e-02
 78   34 5.80902e-02
 78   36 6.26555e-02
 78   38 5.00659e-02
 78   40 5.13397e-02
 78   42 5.62102e-02
 78   44 6.04394e-02
 78   46 6.03948e-02
 78   48 5.90674e-02
 78   50 6.17364e-02
 78   52 6.62467e-02
 78   54 6.83649e-02
 78   56 6.88260e-02
 78   58 8.26684e-02
 78   60 8.53125e-02
 78   62 9.81013e-02
 78   64 1.00947e-01
 78   66 1.28240e-01
 78   68 1.58198e-01
 78   70 1.42924e-01
 78   72 1.84907e-01
 78   74 4.38028e-01
 78   76 1.22855e+00
 78   78 1.82370e+01
 78   80 1.19370e+00
 78   82 4.49549e-01
 78   84 2.31189e-01
 78   86 1.74497e-01
 78   88 1.65267e-01
 78   90 1.09438e-01
 79    1 7.10966e-03
 79    3 1.79026e-02
 79    5 3.75320e-02
 79    7 4.91950e-02
 79    9 5.26434e-02
 79   11 5.21971e-02
 79   13 5.31594e-02
 79   15 5.84476e-02
 79   17 6.23879e-02
 79   19 7.73719e-02
 79   21 8.37638e-02
 79   23 7.98353e-02
 79   25 7.65489e-02
 79   27 7.22937e-02
 79   29 7.56499e-02
 79   31 6.60253e-02
 79   33 6.19336e-02
 79   35 5.97272e-02
 79   37 5.51394e-02
 79   39 5.92556e-02
 79   41 5.41947e-02
 79   43 5.84307e-02
 79   45 6.01244e-02
 79   47 5.81510e-02
 79   49 6.05806e-02
 79   51 5.96085e-02
 79   53 6.02195e-02
 79   55 6.31543e-02
 79   57 6.78736e-02
 79   59 7.01949e-02
 79   61 7.94736e-02
 79   63 8.39854e-02
 79   65 9.02242e-02
 79   67 1.10869e-01
 79   69 1.47690e-01
 79   71 1.31482e-01
 79   73 1.83603e-01
 79   75 4.33764e-01
 79   77 1.20206e+00
 79   79 1.80693e+01
 79   81 1.19164e+00
 79   83 4.68604e-01
 79   85 2.41203e-01
 79   87 1.98674e-01
 79   89 1.41452e-01
 80    0 2.60602e-03
 80    2 1.24517e-02
 80    4 2.20413e-02
 80    6 3.72968e-02
 80    8 5.48798e-02
 80   10 4.98400e-02
 80   12 5.00158e-02
 80   14 5.01884e-02
 80   16 5.14288e-02
 80   18 6.40810e-02
 80   20 7.62056e-02
 80   22 8.17395e-02
 80   24 7.25830e-02
 80   26 7.25319e-02
 80   28 7.32211e-02
 80   30 7.01523e-02
 80   32 6.60366e-02
 80   34 5.55775e-02
 80   36 5.84023e-02
 80   38 5.94926e-02
 80   40 5.55252e-02
 80   42 5.68435e-02
 80   44 5.56280e-02
 80   46 6.44525e-02
 80   48 6.07663e-02
 80   50 5.76534e-02
 80   52 6.00883e-02
 80   54 5.98992e-02
 80   56 6.44273e-02
 80   58 6.45610e-02
 80   60 6.89783e-02
 80   62 7.76400e-02
 80   64 8.44258e-02
 80   66 8.65395e-02
 80   68 1.13051e-01
 80   70 1.39739e-01
 80   72 1.32179e-01
 80   74 1.80276e-01
 80   76 4.25191e-01
 80   78 1.17386e+00
 80   80 1.78770e+01
 80   82 1.16712e+00
 80   84 4.56239e-01
 80   86 2.41204e-01
 80   88 1.95919e-01
 80   90 1.38956e-01
 81    1 1.47829e-02
 81    3 3.20308e-02
 81    5 4.39879e-02
 81    7 6.31256e-02
 81    9 7.11891e-02
 81   11 5.63124e-02
 81   13 6.02050e-02
 81   15 6.04036e-02
 81   17 6.60300e-02
 81   19 5.94088e-02
 81   21 5.32528e-02
 81   23 5.60829e-02
 81   25 5.11450e-02
 81   27 5.14422e-02
 81   29 5.76038e-02
 81   31 5.17579e-02
 81   33 4.59232e-02
 81   35 4.87958e-02
 81   37 5.24886e-02
 81   39 5.16256e-02
 81   41 4.86384e-02
 81   43 5.62409e-02
 81   45 5.19236e-02
 81   47 5.39302e-02
 81   49 5.57745e-02
 81   51 5.39785e-02
 81   53 5.96012e-02
 81   55 5.66453e-02
 81   57 6.19292e-02
 81   59 6.70887e-02
 81   61 6.32284e-02
 81   63 8.32909e-02
 81   65 8.37632e-02
 81   67 9.21813e-02
 81   69 1.11575e-01
 81   71 1.46380e-01
 81   73 1.38777e-01
 81   75 1.99363e-01
 81   77 4.37688e-01
 81   79 1.17237e+00
 81   81 1.76796e+01
 81   83 1.17786e+00
 81   85 4.54689e-01
 81   87 2.58999e-01
 81   89 1.78464e-01
 82    0 4.83398e-03
 82    2 2.33975e-02
 82    4 3.89127e-02
 82    6 5.40038e-02
 82    8 6.70072e-02
 82   10 6.04721e-02
 82   12 5.06251e-02
 82   14 6.21365e-02
 82   16 6.10144e-02
 82   18 5.47799e-02
 82   20 5.98434e-02
 82   22 5.57182e-02
 82   24 5.34515e-02
 82   26 5.37960e-02
 82   28 5.02445e-02
 82   30 4.92779e-02
 82   32 5.30899e-02
 82   34 5.22140e-02
 82   36 4.57176e-02
 82   38 5.22944e-02
 82   40 4.75593e-02
 82   42 4.90288e-02
 82   44 5.43533e-02
 82   46 5.18512e-02
 82   48 5.38633e-02
 82   50 5.20085e-02
 82   52 5.73371e-02
 82   54 5.66344e-02
 82   56 5.81588e-02
 82   58 5.69975e-02
 82   60 5.90279e-02
 82   62 6.63186e-02
 82   64 7.25002e-02
 82   66 8.20985e-02
 82   68 8.43383e-02
 82   70 1.18058e-01
 82   72 1.36302e-01
 82   74 1.36685e-01
 82   76 1.97556e-01
 82   78 4.35123e-01
 82   80 1.14876e+00
 82   82 1.75150e+01
 82   84 1.15291e+00
 82   86 4.45512e-01
 82   88 2.55034e-01
 82   90 1.70121e-01
 83    1 8.21611e-03
 83    3 2.13138e-02
 83    5 3.17594e-02
 83    7 4.12452e-02
 83    9 4.88190e-02
 83   11 4.72954e-02
 83   13 4.91847e-02
 83   15 5.33655e-02
 83   17 5.44397e-02
 83   19 5.98236e-02
 83   21 6.89309e-02
 83   23 6.61023e-02
 83   25 7.07020e-02
 83   27 6.31665e-02
 83   29 5.89577e-02
 83   31 5.96086e-02
 83   33 5.56492e-02
 83   35 5.09022e-02
 83   37 4.65108e-02
 83   39 4.78676e-02
 83   41 4.99073e-02
 83   43 4.65538e-02
 83   45 5.48602e-02
 83   47 5.17991e-02
 83   49 4.75418e-02
 83   51 5.20570e-02
 83   53 5.32560e-02
 83   55 5.43918e-02
 83   57 5.44408e-02
 83   59 5.26896e-02
 83   61 5.72861e-02
 83   63 6.24637e-02
 83   65 7.10092e-02
 83   67 7.88043e-02
 83   69 9.51782e-02
 83   71 1.15214e-01
 83   73 1.43687e-01
 83   75 1.59097e-01
 83   77 2.26406e-01
 83   79 4.53974e-01
 83   81 1.15984e+00
 83   83 1.72639e+01
 83   85 1.13253e+00
 83   87 4.52468e-01
 83   89 2.30645e-01
 84    0 2.58640e-03
 84    2 1.38952e-02
 84    4 2.54958e-02
 84    6 3.57691e-02
 84    8 4.67222e-02
 84   10 4.44972e-02
 84   12 4.63796e-02
 84   14 4.67666e-02
 84   16 5.16094e-02
 84   18 5.72950e-02
 84   20 5.66014e-02
 84   22 6.22228e-02
 84   24 7.25788e-02
 84   26 6.35385e-02
 84   28 6.29669e-02
 84   30 5.85466e-02
 84   32 5.71546e-02
 84   34 5.54027e-02
 84   36 4.78981e-02
 84   38 4.66871e-02
 84   40 4.72816e-02
 84   42 4.79035e-02
 84   44 5.00864e-02
 84   46 5.33811e-02
 84   48 4.96755e-02
 84   50 4.45054e-02
 84   52 5.05319e-02
 84   54 5.31165e-02
 84   56 5.26778e-02
 84   58 5.04017e-02
 84   60 5.58017e-02
 84   62 5.50802e-02
 84   64 6.51517e-02
 84   66 7.23811e-02
 84   68 7.69374e-02
 84   70 8.54103e-02
 84   72 1.18674e-01
 84   74 1.37774e-01
 84   76 1.55495e-01
 84   78 2.20444e-01
 84   80 4.42387e-01
 84   82 1.13577e+00
 84   84 1.70783e+01
 84   86 1.11145e+00
 84   88 4.45269e-01
 84   90 2.26865e-01
 85    1 1.23672e-02
 85    3 2.94802e-02
 85    5 4.52320e-02
 85    7 6.22906e-02
 85    9 7.25771e-02
 85   11 5.77118e-02
 85   13 5.91329e-02
 85   15 5.52456e-02
 85   17 5.25136e-02
 85   19 5.05928e-02
 85   21 5.04578e-02
 85   23 5.24113e-02
 85   25 5.50089e-02
 85   27 5.04350e-02
 85   29 4.96666e-02
 85   31 4.91239e-02
 85   33 4.39574e-02
 85   35 4.54693e-02
 85   37 4.46067e-02
 85   39 4.31886e-02
 85   41 4.85590e-02
 85   43 5.01412e-02
 85   45 4.72401e-02
 85   47 5.44289e-02
 85   49 5.53407e-02
 85   51 4.71062e-02
 85   53 4.92840e-02
 85   55 5.50337e-02
 85   57 5.44401e-02
 85   59 5.19025e-02
 85   61 6.05180e-02
 85   63 6.31575e-02
 85   65 6.81928e-02
 85   67 7.87309e-02
 85   69 8.69680e-02
 85   71 1.01568e-01
 85   73 1.18495e-01
 85   75 1.49907e-01
 85   77 1.63061e-01
 85   79 2.30298e-01
 85   81 4.41269e-01
 85   83 1.11618e+00
 85   85 1.68672e+01
 85   87 1.13979e+00
 85   89 4.23322e-01
 86    0 4.20461e-03
 86    2 2.08563e-02
 86    4 3.76717e-02
 86    6 5.49786e-02
 86    8 6.88593e-02
 86   10 6.55721e-02
 86   12 5.31926e-02
 86   14 5.48107e-02
 86   16 5.41327e-02
 86   18 5.17224e-02
 86   20 4.97383e-02
 86   22 4.66870e-02
 86   24 4.69243e-02
 86   26 5.37166e-02
 86   28 5.34665e-02
 86   30 5.02502e-02
 86   32 4.85631e-02
 86   34 4.13522e-02
 86   36 4.29081e-02
 86   38 4.20315e-02
 86   40 4.10224e-02
 86   42 4.70577e-02
 86   44 4.78833e-02
 86   46 4.77395e-02
 86   48 5.01842e-02
 86   50 5.22775e-02
 86   52 4.58542e-02
 86   54 4.91140e-02
 86   56 5.25166e-02
 86   58 5.03082e-02
 86   60 5.23352e-02
 86   62 5.67006e-02
 86   64 6.31905e-02
 86   66 6.89602e-02
 86   68 7.52512e-02
 86   70 8.35698e-02
 86   72 9.84706e-02
 86   74 1.16056e-01
 86   76 1.41382e-01
 86   78 1.64054e-01
 86   80 2.30602e-01
 86   82 4.32737e-01
 86   84 1.09587e+00
 86   86 1.67117e+01
 86   88 1.11401e+00
 86   90 4.13031e-01
 87    1 5.91300e-03
 87    3 1.37986e-02
 87    5 2.14170e-02
 87    7 2.99723e-02
 87    9 3.40105e-02
 87   11 3.07668e-02
 87   13 3.16261e-02
 87   15 3.19035e-02
 87   17 3.32909e-02
 87   19 3.47873e-02
 87   21 4.20484e-02
 87   23 3.85875e-02
 87   25 3.59442e-02
 87   27 3.85078e-02
 87   29 3.79816e-02
 87   31 4.45166e-02
 87   33 4.25985e-02
 87   35 3.64542e-02
 87   37 3.88361e-02
 87   39 4.43419e-02
 87   41 4.61013e-02
 87   43 5.01411e-02
 87   45 4.66824e-02
 87   47 4.51395e-02
 87   49 5.39462e-02
 87   51 5.46728e-02
 87   53 5.58312e-02
 87   55 6.18139e-02
 87   57 5.98492e-02
 87   59 6.45436e-02
 87   61 7.05835e-02
 87   63 7.02707e-02
 87   65 8.02891e-02
 87   67 8.23114e-02
 87   69 8.99745e-02
 87   71 1.02838e-01
 87   73 1.15035e-01
 87   75 1.29688e-01
 87   77 1.54154e-01
 87   79 1.87112e-01
 87   81 2.47936e-01
 87   83 4.39869e-01
 87   85 1.12429e+00
 87   87 1.62471e+01
 87   89 1.22638e+00
 88    0 2.09472e-03
 88    2 9.30018e-03
 88    4 1.66238e-02
 88    6 2.47171e-02
 88    8 3.31558e-02
 88   10 3.27432e-02
 88   12 2.96551e-02
 88   14 3.03081e-02
 88   16 2.74216e-02
 88   18 3.20079e-02
 88   20 3.70217e-02
 88   22 3.67856e-02
 88   24 3.57333e-02
 88   26 3.56365e-02
 88   28 3.43762e-02
 88   30 3.92452e-02
 88   32 3.92128e-02
 88   34 3.87222e-02
 88   36 4.32286e-02
 88   38 4.09867e-02
 88   40 4.00971e-02
 88   42 4.22480e-02
 88   44 4.48814e-02
 88   46 5.06361e-02
 88   48 4.76240e-02
 88   50 4.94029e-02
 88   52 5.62771e-02
 88   54 5.22237e-02
 88   56 6.07581e-02
 88   58 6.41212e-02
 88   60 6.06541e-02
 88   62 6.44209e-02
 88   64 7.23820e-02
 88   66 7.73355e-02
 88   68 8.15153e-02
 88   70 8.64809e-02
 88   72 1.01926e-01
 88   74 1.15965e-01
 88   76 1.27547e-01
 88   78 1.53328e-01
 88   80 1.84837e-01
 88   82 2.44454e-01
 88   84 4.33237e-01
 88   86 1.09932e+00
 88   88 1.60992e+01
 88   90 1.20471e+00
 89    1 1.05247e-02
 89    3 2.36282e-02
 89    5 3.87881e-02
 89    7 5.20110e-02
 89    9 6.18989e-02
 89   11 5.38369e-02
 89   13 5.35769e-02
 89   15 4.58659e-02
 89   17 4.89293e-02
 89   19 4.67253e-02
 89   21 4.72141e-02
 89   23 5.10243e-02
 89   25 5.13255e-02
 89   27 4.62622e-02
 89   29 4.86676e-02
 89   31 5.16756e-02
 89   33 4.62997e-02
 89   35 4.21422e-02
 89   37 4.28108e-02
 89   39 4.99041e-02
 89   41 5.22121e-02
 89   43 4.77874e-02
 89   45 4.77306e-02
 89   47 5.13270e-02
 89   49 4.97442e-02
 89   51 5.42967e-02
 89   53 5.52962e-02
 89   55 4.93268e-02
 89   57 5.53546e-02
 89   59 5.74098e-02
 89   61 6.10353e-02
 89   63 6.03731e-02
 89   65 6.54994e-02
 89   67 6.14443e-02
 89   69 7.33649e-02
 89   71 7.82882e-02
 89   73 8.26521e-02
 89   75 8.45716e-02
 89   77 9.99450e-02
 89   79 1.31518e-01
 89   81 1.68658e-01
 89   83 2.21358e-01
 89   85 4.12228e-01
 89   87 1.21071e+00
 89   89 1.65136e+01
 90    0 2.95944e-03
 90    2 1.69247e-02
 90    4 3.04957e-02
 90    6 4.35522e-02
 90    8 5.61107e-02
 90   10 5.08406e-02
 90   12 5.15279e-02
 90   14 4.98151e-02
 90   16 4.68772e-02
 90   18 4.20468e-02
 90   20 4.23942e-02
 90   22 4.78410e-02
 90   24 5.17719e-02
 90   26 4.60397e-02
 90   28 4.54158e-02
 90   30 4.97840e-02
 90   32 4.32867e-02
 90   34 4.91821e-02
 90   36 4.36432e-02
 90   38 4.48304e-02
 90   40 5.03265e-02
 90   42 4.69526e-02
 90   44 4.69985e-02
 90   46 5.29050e-02
 90   48 4.99164e-02
 90   50 5.14642e-02
 90   52 5.00284e-02
 90   54 5.94071e-02
 90   56 5.29773e-02
 90   58 5.21503e-02
 90   60 5.72698e-02
 90   62 5.80677e-02
 90   64 6.20851e-02
 90   66 5.91766e-02
 90   68 6.11534e-02
 90   70 7.02067e-02
 90   72 7.43644e-02
 90   74 7.74307e-02
 90   76 8.66158e-02
 90   78 1.00276e-01
 90   80 1.29474e-01
 90   82 1.61046e-01
 90   84 2.18004e-01
 90   86 4.02542e-01
 90   88 1.18981e+00
