# C+CO2(ji) -> C+CO2(jf) molscat cross sections, CS8_JMAX90 approx. (written on 08/06/2020); 
# E=20240.000000 (1/cm) = 2.50944015524 eV
# ji  jf sigma(ji,jf) (1e-16 cm^2)
  0    0 1.58387e+02
  0    2 2.32329e+01
  0    4 7.46873e+00
  0    6 2.61212e+00
  0    8 1.89923e+00
  0   10 1.67964e+00
  0   12 1.10872e+00
  0   14 1.26116e+00
  0   16 1.25637e+00
  0   18 9.20647e-01
  0   20 1.06913e+00
  0   22 9.38529e-01
  0   24 7.55648e-01
  0   26 7.19591e-01
  0   28 7.89451e-01
  0   30 6.34364e-01
  0   32 5.85473e-01
  0   34 5.50439e-01
  0   36 5.92030e-01
  0   38 6.48539e-01
  0   40 6.06020e-01
  0   42 6.43453e-01
  0   44 5.25385e-01
  0   46 5.49339e-01
  0   48 5.91333e-01
  0   50 6.29292e-01
  0   52 6.50337e-01
  0   54 5.62307e-01
  0   56 7.64643e-01
  0   58 7.36029e-01
  0   60 5.12914e-01
  0   62 5.54508e-01
  0   64 4.95285e-01
  0   66 5.46114e-01
  0   68 3.96591e-01
  0   70 3.41906e-01
  0   72 4.69898e-01
  0   74 3.54304e-01
  0   76 5.27052e-01
  0   78 4.88513e-01
  0   80 3.72544e-01
  0   82 5.25406e-01
  0   84 3.86598e-01
  0   86 6.18197e-01
  0   88 2.52624e-01
  0   90 5.15483e-01
  1    1 1.67668e+02
  1    3 1.71896e+01
  1    5 5.34642e+00
  1    7 2.34329e+00
  1    9 1.81149e+00
  1   11 1.47982e+00
  1   13 1.16817e+00
  1   15 1.21924e+00
  1   17 1.10973e+00
  1   19 9.24823e-01
  1   21 9.04406e-01
  1   23 8.17970e-01
  1   25 6.93309e-01
  1   27 7.56962e-01
  1   29 7.07908e-01
  1   31 6.55657e-01
  1   33 6.60340e-01
  1   35 6.12435e-01
  1   37 5.80527e-01
  1   39 6.37963e-01
  1   41 6.34775e-01
  1   43 5.81863e-01
  1   45 5.29278e-01
  1   47 6.56341e-01
  1   49 6.40149e-01
  1   51 5.96541e-01
  1   53 6.12337e-01
  1   55 6.73537e-01
  1   57 7.85196e-01
  1   59 5.82144e-01
  1   61 5.51329e-01
  1   63 5.21492e-01
  1   65 4.61548e-01
  1   67 5.21926e-01
  1   69 3.92243e-01
  1   71 4.54906e-01
  1   73 4.21485e-01
  1   75 4.93990e-01
  1   77 5.25688e-01
  1   79 4.42225e-01
  1   81 5.33094e-01
  1   83 3.72718e-01
  1   85 5.99819e-01
  1   87 2.94817e-01
  1   89 5.10057e-01
  2    0 4.64713e+00
  2    2 1.67170e+02
  2    4 1.46781e+01
  2    6 4.69705e+00
  2    8 2.17146e+00
  2   10 1.62243e+00
  2   12 1.38803e+00
  2   14 1.18794e+00
  2   16 1.18789e+00
  2   18 1.04467e+00
  2   20 9.82117e-01
  2   22 8.65058e-01
  2   24 7.83368e-01
  2   26 7.06780e-01
  2   28 7.13602e-01
  2   30 6.26673e-01
  2   32 6.39326e-01
  2   34 6.38644e-01
  2   36 6.03534e-01
  2   38 6.54035e-01
  2   40 5.73209e-01
  2   42 6.11068e-01
  2   44 5.48728e-01
  2   46 5.92792e-01
  2   48 5.84272e-01
  2   50 5.90523e-01
  2   52 6.08008e-01
  2   54 6.63070e-01
  2   56 7.15744e-01
  2   58 6.79284e-01
  2   60 5.48404e-01
  2   62 5.71353e-01
  2   64 5.42355e-01
  2   66 4.59146e-01
  2   68 4.46793e-01
  2   70 3.44061e-01
  2   72 4.66217e-01
  2   74 3.99959e-01
  2   76 4.95246e-01
  2   78 5.17431e-01
  2   80 4.74626e-01
  2   82 5.27527e-01
  2   84 3.39116e-01
  2   86 5.88993e-01
  2   88 2.54531e-01
  2   90 5.88386e-01
  3    1 7.36839e+00
  3    3 1.66481e+02
  3    5 1.35964e+01
  3    7 4.39853e+00
  3    9 2.02969e+00
  3   11 1.63481e+00
  3   13 1.42262e+00
  3   15 1.10830e+00
  3   17 1.13505e+00
  3   19 1.04576e+00
  3   21 8.96079e-01
  3   23 8.30817e-01
  3   25 7.85847e-01
  3   27 7.23547e-01
  3   29 6.69927e-01
  3   31 6.54200e-01
  3   33 7.17227e-01
  3   35 6.42495e-01
  3   37 5.87915e-01
  3   39 5.81442e-01
  3   41 6.00661e-01
  3   43 5.74656e-01
  3   45 5.74915e-01
  3   47 6.35377e-01
  3   49 5.91168e-01
  3   51 5.78655e-01
  3   53 6.45039e-01
  3   55 7.04398e-01
  3   57 6.59090e-01
  3   59 6.38071e-01
  3   61 5.71576e-01
  3   63 5.62281e-01
  3   65 4.34798e-01
  3   67 5.91211e-01
  3   69 3.77480e-01
  3   71 4.26287e-01
  3   73 4.37179e-01
  3   75 4.74326e-01
  3   77 5.38946e-01
  3   79 4.46808e-01
  3   81 6.23928e-01
  3   83 3.35951e-01
  3   85 5.74994e-01
  3   87 2.60887e-01
  3   89 5.28103e-01
  4    0 8.30179e-01
  4    2 8.15670e+00
  4    4 1.66436e+02
  4    6 1.30693e+01
  4    8 4.08388e+00
  4   10 1.94329e+00
  4   12 1.56279e+00
  4   14 1.34294e+00
  4   16 1.09873e+00
  4   18 1.13574e+00
  4   20 1.01196e+00
  4   22 8.63745e-01
  4   24 8.23181e-01
  4   26 7.75859e-01
  4   28 6.95408e-01
  4   30 6.28167e-01
  4   32 6.51391e-01
  4   34 6.98652e-01
  4   36 6.33579e-01
  4   38 6.08097e-01
  4   40 5.98036e-01
  4   42 6.55964e-01
  4   44 5.70175e-01
  4   46 5.78041e-01
  4   48 5.70404e-01
  4   50 5.97888e-01
  4   52 6.40936e-01
  4   54 6.67688e-01
  4   56 6.45196e-01
  4   58 6.20896e-01
  4   60 6.04896e-01
  4   62 5.35611e-01
  4   64 5.46290e-01
  4   66 4.40930e-01
  4   68 5.13635e-01
  4   70 3.55201e-01
  4   72 4.42825e-01
  4   74 4.02526e-01
  4   76 4.46179e-01
  4   78 5.40583e-01
  4   80 4.25191e-01
  4   82 6.03291e-01
  4   84 3.27652e-01
  4   86 5.63134e-01
  4   88 2.77157e-01
  4   90 5.42567e-01
  5    1 1.45890e+00
  5    3 8.65525e+00
  5    5 1.66356e+02
  5    7 1.26074e+01
  5    9 4.00435e+00
  5   11 1.92899e+00
  5   13 1.53126e+00
  5   15 1.32581e+00
  5   17 1.11803e+00
  5   19 1.04919e+00
  5   21 9.51514e-01
  5   23 8.37664e-01
  5   25 7.93225e-01
  5   27 7.81052e-01
  5   29 6.60759e-01
  5   31 6.88104e-01
  5   33 6.79742e-01
  5   35 6.52635e-01
  5   37 6.27007e-01
  5   39 5.98667e-01
  5   41 6.27077e-01
  5   43 5.73647e-01
  5   45 5.87159e-01
  5   47 5.99607e-01
  5   49 6.03305e-01
  5   51 6.15565e-01
  5   53 6.33353e-01
  5   55 7.24843e-01
  5   57 6.01026e-01
  5   59 6.21642e-01
  5   61 5.63520e-01
  5   63 5.64103e-01
  5   65 4.55668e-01
  5   67 5.44951e-01
  5   69 4.11767e-01
  5   71 4.52841e-01
  5   73 4.17864e-01
  5   75 4.64632e-01
  5   77 5.91749e-01
  5   79 4.43534e-01
  5   81 6.11831e-01
  5   83 3.50602e-01
  5   85 5.47753e-01
  5   87 3.11736e-01
  5   89 5.11714e-01
  6    0 2.01095e-01
  6    2 1.80781e+00
  6    4 9.05179e+00
  6    6 1.66355e+02
  6    8 1.23724e+01
  6   10 3.89075e+00
  6   12 1.86835e+00
  6   14 1.48465e+00
  6   16 1.29535e+00
  6   18 1.04779e+00
  6   20 1.03091e+00
  6   22 9.26664e-01
  6   24 8.45009e-01
  6   26 7.99809e-01
  6   28 7.58063e-01
  6   30 6.51357e-01
  6   32 6.67175e-01
  6   34 6.62034e-01
  6   36 6.73403e-01
  6   38 5.92808e-01
  6   40 6.26028e-01
  6   42 6.14008e-01
  6   44 6.08258e-01
  6   46 5.75867e-01
  6   48 5.87471e-01
  6   50 6.20633e-01
  6   52 6.38379e-01
  6   54 6.39719e-01
  6   56 6.07569e-01
  6   58 6.28077e-01
  6   60 5.83544e-01
  6   62 5.16851e-01
  6   64 5.85052e-01
  6   66 4.31265e-01
  6   68 5.27156e-01
  6   70 3.90791e-01
  6   72 4.74084e-01
  6   74 4.01062e-01
  6   76 4.54934e-01
  6   78 5.73520e-01
  6   80 4.01619e-01
  6   82 6.41085e-01
  6   84 3.36715e-01
  6   86 5.54783e-01
  6   88 2.76426e-01
  6   90 5.27303e-01
  7    1 4.69147e-01
  7    3 2.05439e+00
  7    5 9.25007e+00
  7    7 1.66327e+02
  7    9 1.21957e+01
  7   11 3.78673e+00
  7   13 1.85293e+00
  7   15 1.48356e+00
  7   17 1.26012e+00
  7   19 1.04963e+00
  7   21 9.80872e-01
  7   23 9.26314e-01
  7   25 8.38310e-01
  7   27 7.73041e-01
  7   29 7.32926e-01
  7   31 6.83194e-01
  7   33 6.94218e-01
  7   35 6.62477e-01
  7   37 6.41520e-01
  7   39 6.25962e-01
  7   41 6.15162e-01
  7   43 5.88983e-01
  7   45 5.97932e-01
  7   47 5.82327e-01
  7   49 6.31628e-01
  7   51 6.37768e-01
  7   53 6.23874e-01
  7   55 6.84168e-01
  7   57 5.92168e-01
  7   59 5.91027e-01
  7   61 5.58999e-01
  7   63 5.74762e-01
  7   65 4.88514e-01
  7   67 5.07099e-01
  7   69 4.63475e-01
  7   71 4.56788e-01
  7   73 4.51186e-01
  7   75 4.36499e-01
  7   77 5.91871e-01
  7   79 4.73690e-01
  7   81 5.80882e-01
  7   83 3.60683e-01
  7   85 5.56087e-01
  7   87 3.13536e-01
  7   89 5.36284e-01
  8    0 1.11875e-01
  8    2 6.39477e-01
  8    4 2.16422e+00
  8    6 9.46670e+00
  8    8 1.66480e+02
  8   10 1.20224e+01
  8   12 3.74168e+00
  8   14 1.83178e+00
  8   16 1.43162e+00
  8   18 1.22421e+00
  8   20 1.02943e+00
  8   22 9.79248e-01
  8   24 8.97164e-01
  8   26 8.13715e-01
  8   28 7.73106e-01
  8   30 7.18216e-01
  8   32 6.83889e-01
  8   34 6.94031e-01
  8   36 6.53321e-01
  8   38 6.29706e-01
  8   40 6.05998e-01
  8   42 6.13526e-01
  8   44 6.16686e-01
  8   46 5.87331e-01
  8   48 6.04826e-01
  8   50 6.43281e-01
  8   52 5.78814e-01
  8   54 6.05882e-01
  8   56 6.56693e-01
  8   58 6.09000e-01
  8   60 5.77220e-01
  8   62 5.32202e-01
  8   64 5.74576e-01
  8   66 4.84835e-01
  8   68 5.23136e-01
  8   70 4.64494e-01
  8   72 4.47315e-01
  8   74 4.44558e-01
  8   76 4.46422e-01
  8   78 5.51245e-01
  8   80 4.49581e-01
  8   82 5.72190e-01
  8   84 3.56325e-01
  8   86 5.34048e-01
  8   88 2.99609e-01
  8   90 5.08385e-01
  9    1 2.86510e-01
  9    3 7.48907e-01
  9    5 2.32099e+00
  9    7 9.63454e+00
  9    9 1.44903e+02
  9   11 1.13262e+01
  9   13 3.40018e+00
  9   15 1.60092e+00
  9   17 1.25645e+00
  9   19 1.10119e+00
  9   21 9.20250e-01
  9   23 8.78789e-01
  9   25 8.05093e-01
  9   27 7.12340e-01
  9   29 6.72146e-01
  9   31 6.40800e-01
  9   33 6.23145e-01
  9   35 6.30900e-01
  9   37 5.75143e-01
  9   39 5.71296e-01
  9   41 5.87806e-01
  9   43 5.35394e-01
  9   45 5.61483e-01
  9   47 6.05456e-01
  9   49 5.81177e-01
  9   51 5.67596e-01
  9   53 5.60961e-01
  9   55 5.91875e-01
  9   57 5.74557e-01
  9   59 5.16398e-01
  9   61 5.34784e-01
  9   63 5.20182e-01
  9   65 5.15026e-01
  9   67 4.83899e-01
  9   69 4.77068e-01
  9   71 3.99602e-01
  9   73 4.82267e-01
  9   75 3.83419e-01
  9   77 4.88079e-01
  9   79 4.13201e-01
  9   81 4.85541e-01
  9   83 3.47794e-01
  9   85 5.19803e-01
  9   87 2.66667e-01
  9   89 5.02991e-01
 10    0 8.01528e-02
 10    2 3.87068e-01
 10    4 8.34289e-01
 10    6 2.41172e+00
 10    8 9.73956e+00
 10   10 1.28720e+02
 10   12 1.07080e+01
 10   14 3.22064e+00
 10   16 1.43021e+00
 10   18 1.13804e+00
 10   20 9.78275e-01
 10   22 7.89236e-01
 10   24 7.81294e-01
 10   26 7.18951e-01
 10   28 6.27654e-01
 10   30 6.38866e-01
 10   32 5.67527e-01
 10   34 5.41391e-01
 10   36 5.31636e-01
 10   38 5.20653e-01
 10   40 5.15690e-01
 10   42 5.23373e-01
 10   44 5.02102e-01
 10   46 5.29503e-01
 10   48 5.23062e-01
 10   50 5.14771e-01
 10   52 4.94668e-01
 10   54 4.80761e-01
 10   56 5.35159e-01
 10   58 5.07862e-01
 10   60 4.46621e-01
 10   62 4.79588e-01
 10   64 4.40153e-01
 10   66 4.64548e-01
 10   68 4.34747e-01
 10   70 4.33528e-01
 10   72 3.35293e-01
 10   74 4.10752e-01
 10   76 3.35740e-01
 10   78 3.87803e-01
 10   80 3.69264e-01
 10   82 3.86504e-01
 10   84 3.03549e-01
 10   86 4.32538e-01
 10   88 2.25162e-01
 10   90 3.49762e-01
 11    1 1.93506e-01
 11    3 4.98706e-01
 11    5 9.24379e-01
 11    7 2.47324e+00
 11    9 9.36398e+00
 11   11 1.15909e+02
 11   13 1.00094e+01
 11   15 3.02008e+00
 11   17 1.34048e+00
 11   19 1.04904e+00
 11   21 9.29898e-01
 11   23 7.48263e-01
 11   25 7.08492e-01
 11   27 6.74479e-01
 11   29 5.84121e-01
 11   31 5.36602e-01
 11   33 5.17861e-01
 11   35 4.83480e-01
 11   37 4.97344e-01
 11   39 4.81673e-01
 11   41 5.01333e-01
 11   43 4.61399e-01
 11   45 4.69163e-01
 11   47 5.16314e-01
 11   49 4.84429e-01
 11   51 4.41833e-01
 11   53 4.58181e-01
 11   55 4.40681e-01
 11   57 4.86707e-01
 11   59 4.10998e-01
 11   61 4.29392e-01
 11   63 4.21612e-01
 11   65 4.42943e-01
 11   67 4.11553e-01
 11   69 4.17497e-01
 11   71 3.18802e-01
 11   73 4.08201e-01
 11   75 3.40649e-01
 11   77 3.73108e-01
 11   79 3.04482e-01
 11   81 3.25561e-01
 11   83 3.03069e-01
 11   85 3.29179e-01
 11   87 2.32313e-01
 11   89 2.99427e-01
 12    0 4.44827e-02
 12    2 2.78411e-01
 12    4 5.64085e-01
 12    6 9.73686e-01
 12    8 2.54848e+00
 12   10 9.00275e+00
 12   12 1.05434e+02
 12   14 9.40830e+00
 12   16 2.86434e+00
 12   18 1.23826e+00
 12   20 9.67517e-01
 12   22 8.24505e-01
 12   24 6.74257e-01
 12   26 6.68921e-01
 12   28 6.09902e-01
 12   30 5.13856e-01
 12   32 4.89294e-01
 12   34 4.84267e-01
 12   36 4.57663e-01
 12   38 4.23203e-01
 12   40 4.40913e-01
 12   42 4.51366e-01
 12   44 4.26299e-01
 12   46 4.70249e-01
 12   48 4.45938e-01
 12   50 4.24315e-01
 12   52 3.99923e-01
 12   54 3.91805e-01
 12   56 3.92761e-01
 12   58 4.29457e-01
 12   60 3.30399e-01
 12   62 4.09202e-01
 12   64 3.51319e-01
 12   66 3.93188e-01
 12   68 3.37446e-01
 12   70 3.73673e-01
 12   72 2.85360e-01
 12   74 3.40520e-01
 12   76 2.78517e-01
 12   78 3.32571e-01
 12   80 2.67240e-01
 12   82 2.89149e-01
 12   84 2.76617e-01
 12   86 3.02128e-01
 12   88 1.82367e-01
 12   90 2.89350e-01
 13    1 1.30249e-01
 13    3 3.70041e-01
 13    5 6.25683e-01
 13    7 1.03191e+00
 13    9 2.39697e+00
 13   11 8.53481e+00
 13   13 9.66249e+01
 13   15 8.80693e+00
 13   17 2.73133e+00
 13   19 1.16858e+00
 13   21 9.00009e-01
 13   23 7.87384e-01
 13   25 6.47987e-01
 13   27 6.25399e-01
 13   29 5.54320e-01
 13   31 4.77048e-01
 13   33 4.52085e-01
 13   35 4.43479e-01
 13   37 4.02939e-01
 13   39 4.12278e-01
 13   41 4.11368e-01
 13   43 4.47634e-01
 13   45 4.02072e-01
 13   47 4.00302e-01
 13   49 3.92946e-01
 13   51 3.62901e-01
 13   53 3.87755e-01
 13   55 3.51544e-01
 13   57 3.54083e-01
 13   59 3.15329e-01
 13   61 3.50933e-01
 13   63 3.43148e-01
 13   65 3.22466e-01
 13   67 3.70449e-01
 13   69 3.34305e-01
 13   71 3.05926e-01
 13   73 3.36903e-01
 13   75 2.93351e-01
 13   77 3.04931e-01
 13   79 3.05530e-01
 13   81 2.81275e-01
 13   83 2.53889e-01
 13   85 2.82493e-01
 13   87 1.85923e-01
 13   89 2.61962e-01
 14    0 4.36650e-02
 14    2 2.05626e-01
 14    4 4.18307e-01
 14    6 6.67696e-01
 14    8 1.07667e+00
 14   10 2.33670e+00
 14   12 8.11908e+00
 14   14 8.91128e+01
 14   16 8.28722e+00
 14   18 2.57605e+00
 14   20 1.08762e+00
 14   22 8.48958e-01
 14   24 7.44228e-01
 14   26 5.92786e-01
 14   28 5.92632e-01
 14   30 5.20968e-01
 14   32 4.53072e-01
 14   34 4.25660e-01
 14   36 4.28344e-01
 14   38 3.67962e-01
 14   40 3.77906e-01
 14   42 3.93921e-01
 14   44 3.99726e-01
 14   46 3.54041e-01
 14   48 3.49418e-01
 14   50 3.40801e-01
 14   52 3.21772e-01
 14   54 3.15003e-01
 14   56 2.83345e-01
 14   58 2.93194e-01
 14   60 2.73719e-01
 14   62 3.04575e-01
 14   64 3.18235e-01
 14   66 2.93917e-01
 14   68 3.22590e-01
 14   70 3.06322e-01
 14   72 2.97997e-01
 14   74 2.92154e-01
 14   76 2.69317e-01
 14   78 3.00602e-01
 14   80 2.62328e-01
 14   82 2.50239e-01
 14   84 2.45169e-01
 14   86 2.48147e-01
 14   88 1.57240e-01
 14   90 2.43590e-01
 15    1 1.18534e-01
 15    3 2.51367e-01
 15    5 4.72362e-01
 15    7 7.20411e-01
 15    9 9.84057e-01
 15   11 2.24539e+00
 15   13 7.67917e+00
 15   15 8.27036e+01
 15   17 7.77674e+00
 15   19 2.45758e+00
 15   21 1.05281e+00
 15   23 7.86914e-01
 15   25 6.96454e-01
 15   27 5.60435e-01
 15   29 5.24888e-01
 15   31 4.93536e-01
 15   33 4.46921e-01
 15   35 4.04526e-01
 15   37 3.89450e-01
 15   39 3.59544e-01
 15   41 3.65479e-01
 15   43 3.65767e-01
 15   45 3.58103e-01
 15   47 3.22010e-01
 15   49 3.08113e-01
 15   51 3.00398e-01
 15   53 2.77745e-01
 15   55 2.90700e-01
 15   57 2.47187e-01
 15   59 2.71851e-01
 15   61 2.56582e-01
 15   63 3.16672e-01
 15   65 2.79769e-01
 15   67 3.48304e-01
 15   69 2.78451e-01
 15   71 3.27968e-01
 15   73 2.91661e-01
 15   75 2.81818e-01
 15   77 2.70747e-01
 15   79 2.82786e-01
 15   81 2.64294e-01
 15   83 2.27483e-01
 15   85 2.27077e-01
 15   87 1.47661e-01
 15   89 2.28894e-01
 16    0 3.82725e-02
 16    2 1.80912e-01
 16    4 3.01117e-01
 16    6 5.12564e-01
 16    8 7.40360e-01
 16   10 9.12992e-01
 16   12 2.17483e+00
 16   14 7.29146e+00
 16   16 7.71667e+01
 16   18 7.31577e+00
 16   20 2.35508e+00
 16   22 1.00639e+00
 16   24 7.45152e-01
 16   26 6.46370e-01
 16   28 5.03373e-01
 16   30 5.02272e-01
 16   32 4.76255e-01
 16   34 4.02657e-01
 16   36 3.71617e-01
 16   38 3.66378e-01
 16   40 3.42941e-01
 16   42 3.42783e-01
 16   44 3.53135e-01
 16   46 3.01214e-01
 16   48 3.11224e-01
 16   50 2.82295e-01
 16   52 2.55057e-01
 16   54 2.61551e-01
 16   56 2.44244e-01
 16   58 2.28199e-01
 16   60 2.44787e-01
 16   62 2.44147e-01
 16   64 3.12728e-01
 16   66 2.37859e-01
 16   68 3.34446e-01
 16   70 2.15693e-01
 16   72 3.09264e-01
 16   74 2.64095e-01
 16   76 2.58189e-01
 16   78 2.44732e-01
 16   80 2.39198e-01
 16   82 2.67744e-01
 16   84 1.87713e-01
 16   86 2.15741e-01
 16   88 1.47328e-01
 16   90 2.15241e-01
 17    1 9.56807e-02
 17    3 2.28304e-01
 17    5 3.53261e-01
 17    7 5.42669e-01
 17    9 6.84928e-01
 17   11 8.83857e-01
 17   13 2.11209e+00
 17   15 6.89679e+00
 17   17 7.23591e+01
 17   19 6.91843e+00
 17   21 2.24374e+00
 17   23 9.51373e-01
 17   25 7.23816e-01
 17   27 6.14612e-01
 17   29 4.93816e-01
 17   31 4.79706e-01
 17   33 4.37965e-01
 17   35 3.70295e-01
 17   37 3.63357e-01
 17   39 3.84794e-01
 17   41 3.25552e-01
 17   43 3.11500e-01
 17   45 3.04977e-01
 17   47 2.87924e-01
 17   49 2.78388e-01
 17   51 2.42388e-01
 17   53 2.37032e-01
 17   55 2.50160e-01
 17   57 2.12397e-01
 17   59 2.53569e-01
 17   61 2.33594e-01
 17   63 2.79367e-01
 17   65 2.18931e-01
 17   67 2.85143e-01
 17   69 2.27878e-01
 17   71 2.83548e-01
 17   73 2.24697e-01
 17   75 2.59869e-01
 17   77 2.57912e-01
 17   79 2.43366e-01
 17   81 2.66978e-01
 17   83 1.96255e-01
 17   85 1.94495e-01
 17   87 1.43919e-01
 17   89 2.11168e-01
 18    0 2.50475e-02
 18    2 1.42092e-01
 18    4 2.77987e-01
 18    6 3.70285e-01
 18    8 5.65421e-01
 18   10 6.48825e-01
 18   12 8.39679e-01
 18   14 2.02424e+00
 18   16 6.53374e+00
 18   18 6.81806e+01
 18   20 6.53821e+00
 18   22 2.16434e+00
 18   24 9.01777e-01
 18   26 7.06817e-01
 18   28 5.88036e-01
 18   30 4.61469e-01
 18   32 4.63376e-01
 18   34 4.15560e-01
 18   36 3.63916e-01
 18   38 3.46604e-01
 18   40 3.40004e-01
 18   42 2.91644e-01
 18   44 2.78010e-01
 18   46 2.89433e-01
 18   48 2.68674e-01
 18   50 2.42231e-01
 18   52 2.16099e-01
 18   54 2.41224e-01
 18   56 2.22311e-01
 18   58 2.20774e-01
 18   60 2.36623e-01
 18   62 1.94762e-01
 18   64 2.54370e-01
 18   66 1.94780e-01
 18   68 2.55740e-01
 18   70 2.03095e-01
 18   72 2.81616e-01
 18   74 2.18223e-01
 18   76 2.40682e-01
 18   78 2.52978e-01
 18   80 2.21331e-01
 18   82 2.56443e-01
 18   84 1.63933e-01
 18   86 1.70762e-01
 18   88 1.24202e-01
 18   90 1.93048e-01
 19    1 7.16625e-02
 19    3 1.89043e-01
 19    5 2.97936e-01
 19    7 4.06244e-01
 19    9 5.39498e-01
 19   11 6.21646e-01
 19   13 8.12129e-01
 19   15 1.95877e+00
 19   17 6.21777e+00
 19   19 6.43789e+01
 19   21 6.20520e+00
 19   23 2.05115e+00
 19   25 8.65668e-01
 19   27 6.52966e-01
 19   29 5.77669e-01
 19   31 4.39703e-01
 19   33 4.22460e-01
 19   35 3.93603e-01
 19   37 3.55467e-01
 19   39 3.47449e-01
 19   41 3.16464e-01
 19   43 2.70800e-01
 19   45 2.63163e-01
 19   47 2.39277e-01
 19   49 2.49910e-01
 19   51 2.28494e-01
 19   53 2.19919e-01
 19   55 2.21338e-01
 19   57 2.22318e-01
 19   59 2.18047e-01
 19   61 2.21551e-01
 19   63 2.29204e-01
 19   65 2.01331e-01
 19   67 2.50248e-01
 19   69 2.33053e-01
 19   71 2.26666e-01
 19   73 2.02533e-01
 19   75 2.27008e-01
 19   77 2.51493e-01
 19   79 2.21376e-01
 19   81 2.29934e-01
 19   83 1.77408e-01
 19   85 1.80373e-01
 19   87 1.27889e-01
 19   89 1.84612e-01
 20    0 2.62892e-02
 20    2 1.20734e-01
 20    4 2.23865e-01
 20    6 3.29274e-01
 20    8 4.29723e-01
 20   10 5.04087e-01
 20   12 5.92977e-01
 20   14 7.72435e-01
 20   16 1.90100e+00
 20   18 5.90928e+00
 20   20 6.10763e+01
 20   22 5.87981e+00
 20   24 1.96775e+00
 20   26 8.02245e-01
 20   28 6.36453e-01
 20   30 5.56137e-01
 20   32 4.21565e-01
 20   34 4.12149e-01
 20   36 3.96265e-01
 20   38 3.46671e-01
 20   40 3.11101e-01
 20   42 2.89965e-01
 20   44 2.51780e-01
 20   46 2.47176e-01
 20   48 2.16546e-01
 20   50 2.18627e-01
 20   52 2.02585e-01
 20   54 2.09674e-01
 20   56 2.03159e-01
 20   58 2.01526e-01
 20   60 1.94482e-01
 20   62 1.96490e-01
 20   64 2.17235e-01
 20   66 1.98110e-01
 20   68 2.22287e-01
 20   70 2.39213e-01
 20   72 2.11875e-01
 20   74 1.91046e-01
 20   76 2.10835e-01
 20   78 2.14271e-01
 20   80 2.28110e-01
 20   82 1.92894e-01
 20   84 1.77164e-01
 20   86 1.74196e-01
 20   88 1.19029e-01
 20   90 1.69428e-01
 21    1 6.36627e-02
 21    3 1.47150e-01
 21    5 2.45456e-01
 21    7 3.44867e-01
 21    9 4.09564e-01
 21   11 5.00580e-01
 21   13 5.68200e-01
 21   15 7.62278e-01
 21   17 1.83184e+00
 21   19 5.63695e+00
 21   21 5.80742e+01
 21   23 5.62006e+00
 21   25 1.84987e+00
 21   27 7.59688e-01
 21   29 6.06413e-01
 21   31 5.39994e-01
 21   33 4.05592e-01
 21   35 4.07229e-01
 21   37 3.95168e-01
 21   39 3.17504e-01
 21   41 2.97467e-01
 21   43 2.79209e-01
 21   45 2.58261e-01
 21   47 2.20522e-01
 21   49 1.97708e-01
 21   51 2.12439e-01
 21   53 2.03387e-01
 21   55 1.78407e-01
 21   57 1.99760e-01
 21   59 1.91388e-01
 21   61 1.88046e-01
 21   63 2.25850e-01
 21   65 2.22924e-01
 21   67 1.95397e-01
 21   69 1.85320e-01
 21   71 1.95442e-01
 21   73 2.17000e-01
 21   75 1.95029e-01
 21   77 1.92752e-01
 21   79 2.09809e-01
 21   81 1.98408e-01
 21   83 1.98685e-01
 21   85 1.82937e-01
 21   87 1.28955e-01
 21   89 1.58842e-01
 22    0 2.10617e-02
 22    2 9.70533e-02
 22    4 1.74383e-01
 22    6 2.70121e-01
 22    8 3.73064e-01
 22   10 3.71150e-01
 22   12 4.61180e-01
 22   14 5.50259e-01
 22   16 7.41378e-01
 22   18 1.78525e+00
 22   20 5.36613e+00
 22   22 5.54039e+01
 22   24 5.35214e+00
 22   26 1.75963e+00
 22   28 7.27540e-01
 22   30 6.02127e-01
 22   32 5.22270e-01
 22   34 3.86877e-01
 22   36 3.97055e-01
 22   38 3.51722e-01
 22   40 2.90901e-01
 22   42 2.77043e-01
 22   44 2.68006e-01
 22   46 2.33276e-01
 22   48 1.97186e-01
 22   50 1.91705e-01
 22   52 1.97860e-01
 22   54 1.90381e-01
 22   56 1.93354e-01
 22   58 1.84901e-01
 22   60 1.68217e-01
 22   62 1.92320e-01
 22   64 1.82317e-01
 22   66 1.99234e-01
 22   68 2.07808e-01
 22   70 1.96993e-01
 22   72 1.76043e-01
 22   74 1.98963e-01
 22   76 1.88375e-01
 22   78 1.72294e-01
 22   80 2.01851e-01
 22   82 1.78770e-01
 22   84 1.78724e-01
 22   86 1.65609e-01
 22   88 1.23254e-01
 22   90 1.43912e-01
 23    1 5.27704e-02
 23    3 1.25041e-01
 23    5 1.98043e-01
 23    7 2.98489e-01
 23    9 3.58453e-01
 23   11 3.69168e-01
 23   13 4.55588e-01
 23   15 5.22184e-01
 23   17 7.11866e-01
 23   19 1.70772e+00
 23   21 5.15077e+00
 23   23 5.30354e+01
 23   25 5.10198e+00
 23   27 1.70048e+00
 23   29 6.79230e-01
 23   31 5.62866e-01
 23   33 5.02205e-01
 23   35 3.95010e-01
 23   37 3.70102e-01
 23   39 3.39018e-01
 23   41 2.73687e-01
 23   43 2.85229e-01
 23   45 2.55043e-01
 23   47 2.17013e-01
 23   49 1.98274e-01
 23   51 2.00081e-01
 23   53 1.80838e-01
 23   55 1.73951e-01
 23   57 1.77499e-01
 23   59 1.80283e-01
 23   61 1.93135e-01
 23   63 1.80202e-01
 23   65 2.02071e-01
 23   67 1.71338e-01
 23   69 1.77145e-01
 23   71 1.63127e-01
 23   73 1.84748e-01
 23   75 1.89784e-01
 23   77 1.62162e-01
 23   79 2.36625e-01
 23   81 1.54460e-01
 23   83 1.94073e-01
 23   85 1.50358e-01
 23   87 1.43162e-01
 23   89 1.36733e-01
 24    0 1.56019e-02
 24    2 8.08616e-02
 24    4 1.52907e-01
 24    6 2.26626e-01
 24    8 3.14466e-01
 24   10 3.38040e-01
 24   12 3.46988e-01
 24   14 4.43812e-01
 24   16 5.05048e-01
 24   18 6.84361e-01
 24   20 1.65227e+00
 24   22 4.92424e+00
 24   24 5.08070e+01
 24   26 4.89289e+00
 24   28 1.64398e+00
 24   30 6.47200e-01
 24   32 5.36328e-01
 24   34 4.97865e-01
 24   36 3.49206e-01
 24   38 3.44756e-01
 24   40 3.16435e-01
 24   42 2.66635e-01
 24   44 2.44210e-01
 24   46 2.27812e-01
 24   48 2.08521e-01
 24   50 1.82730e-01
 24   52 1.89514e-01
 24   54 1.85525e-01
 24   56 1.67372e-01
 24   58 1.65511e-01
 24   60 1.65032e-01
 24   62 1.94463e-01
 24   64 1.74832e-01
 24   66 1.82774e-01
 24   68 1.46462e-01
 24   70 1.76887e-01
 24   72 1.56059e-01
 24   74 1.79818e-01
 24   76 1.65694e-01
 24   78 1.60345e-01
 24   80 2.00420e-01
 24   82 1.64197e-01
 24   84 1.87353e-01
 24   86 1.45681e-01
 24   88 1.14031e-01
 24   90 1.51016e-01
 25    1 4.12988e-02
 25    3 1.09205e-01
 25    5 1.73159e-01
 25    7 2.49421e-01
 25    9 3.03216e-01
 25   11 3.22748e-01
 25   13 3.46187e-01
 25   15 4.26724e-01
 25   17 5.00073e-01
 25   19 6.65471e-01
 25   21 1.56542e+00
 25   23 4.71082e+00
 25   25 4.88715e+01
 25   27 4.70312e+00
 25   29 1.56143e+00
 25   31 6.22522e-01
 25   33 5.16595e-01
 25   35 4.62280e-01
 25   37 3.41853e-01
 25   39 3.22726e-01
 25   41 3.12518e-01
 25   43 2.40468e-01
 25   45 2.31038e-01
 25   47 2.29609e-01
 25   49 1.95267e-01
 25   51 1.90390e-01
 25   53 1.74266e-01
 25   55 1.76906e-01
 25   57 1.74290e-01
 25   59 1.74120e-01
 25   61 1.81903e-01
 25   63 1.51628e-01
 25   65 1.77449e-01
 25   67 1.54794e-01
 25   69 1.88638e-01
 25   71 1.46110e-01
 25   73 1.76537e-01
 25   75 1.65005e-01
 25   77 1.52363e-01
 25   79 2.25504e-01
 25   81 1.53768e-01
 25   83 1.77172e-01
 25   85 1.49890e-01
 25   87 1.10918e-01
 25   89 1.43090e-01
 26    0 1.37635e-02
 26    2 6.75843e-02
 26    4 1.33506e-01
 26    6 1.98710e-01
 26    8 2.64217e-01
 26   10 2.88163e-01
 26   12 3.18896e-01
 26   14 3.27473e-01
 26   16 4.05839e-01
 26   18 4.96910e-01
 26   20 6.24025e-01
 26   22 1.49975e+00
 26   24 4.53263e+00
 26   26 4.70300e+01
 26   28 4.51009e+00
 26   30 1.51544e+00
 26   32 5.99064e-01
 26   34 4.85476e-01
 26   36 4.42392e-01
 26   38 3.29805e-01
 26   40 3.15845e-01
 26   42 2.94804e-01
 26   44 2.33496e-01
 26   46 1.98582e-01
 26   48 2.18208e-01
 26   50 1.81884e-01
 26   52 1.78399e-01
 26   54 1.75670e-01
 26   56 1.57032e-01
 26   58 1.57081e-01
 26   60 1.55632e-01
 26   62 1.79283e-01
 26   64 1.60704e-01
 26   66 1.52283e-01
 26   68 1.47840e-01
 26   70 1.83652e-01
 26   72 1.39745e-01
 26   74 1.61113e-01
 26   76 1.70451e-01
 26   78 1.36508e-01
 26   80 2.13445e-01
 26   82 1.34260e-01
 26   84 1.75442e-01
 26   86 1.44648e-01
 26   88 1.16311e-01
 26   90 1.30174e-01
 27    1 4.18979e-02
 27    3 9.34282e-02
 27    5 1.58429e-01
 27    7 2.13717e-01
 27    9 2.49287e-01
 27   11 2.85498e-01
 27   13 3.10462e-01
 27   15 3.19070e-01
 27   17 3.94560e-01
 27   19 4.66418e-01
 27   21 5.97355e-01
 27   23 1.45894e+00
 27   25 4.37012e+00
 27   27 4.53730e+01
 27   29 4.35625e+00
 27   31 1.45749e+00
 27   33 5.65303e-01
 27   35 4.55574e-01
 27   37 4.19668e-01
 27   39 3.16597e-01
 27   41 2.87824e-01
 27   43 2.83938e-01
 27   45 2.41328e-01
 27   47 2.08290e-01
 27   49 1.96274e-01
 27   51 1.83099e-01
 27   53 1.79360e-01
 27   55 1.76212e-01
 27   57 1.70404e-01
 27   59 1.53096e-01
 27   61 1.59137e-01
 27   63 1.42946e-01
 27   65 1.99245e-01
 27   67 1.41914e-01
 27   69 1.78175e-01
 27   71 1.35635e-01
 27   73 1.69776e-01
 27   75 1.51274e-01
 27   77 1.34193e-01
 27   79 1.90637e-01
 27   81 1.30727e-01
 27   83 1.71667e-01
 27   85 1.31399e-01
 27   87 1.05153e-01
 27   89 1.34273e-01
 28    0 1.40703e-02
 28    2 6.35849e-02
 28    4 1.11505e-01
 28    6 1.75499e-01
 28    8 2.33917e-01
 28   10 2.34420e-01
 28   12 2.70938e-01
 28   14 3.05070e-01
 28   16 2.94509e-01
 28   18 3.85221e-01
 28   20 4.61314e-01
 28   22 5.77816e-01
 28   24 1.41911e+00
 28   26 4.20263e+00
 28   28 4.38005e+01
 28   30 4.18783e+00
 28   32 1.38849e+00
 28   34 5.22957e-01
 28   36 4.42727e-01
 28   38 4.21851e-01
 28   40 2.90377e-01
 28   42 2.82428e-01
 28   44 2.73095e-01
 28   46 2.31814e-01
 28   48 2.04587e-01
 28   50 1.99632e-01
 28   52 1.63805e-01
 28   54 1.60510e-01
 28   56 1.61591e-01
 28   58 1.54389e-01
 28   60 1.29237e-01
 28   62 1.48442e-01
 28   64 1.30446e-01
 28   66 1.69517e-01
 28   68 1.26192e-01
 28   70 1.53858e-01
 28   72 1.40296e-01
 28   74 1.72664e-01
 28   76 1.42158e-01
 28   78 1.38775e-01
 28   80 1.91005e-01
 28   82 1.40844e-01
 28   84 1.59564e-01
 28   86 1.26563e-01
 28   88 1.06077e-01
 28   90 1.31877e-01
 29    1 3.66080e-02
 29    3 8.08200e-02
 29    5 1.25222e-01
 29    7 1.89311e-01
 29    9 2.19764e-01
 29   11 2.31003e-01
 29   13 2.57094e-01
 29   15 2.79195e-01
 29   17 2.96181e-01
 29   19 3.85518e-01
 29   21 4.45498e-01
 29   23 5.44455e-01
 29   25 1.35553e+00
 29   27 4.06999e+00
 29   29 4.24119e+01
 29   31 4.04821e+00
 29   33 1.32954e+00
 29   35 5.02038e-01
 29   37 4.19663e-01
 29   39 3.76248e-01
 29   41 2.68066e-01
 29   43 2.83088e-01
 29   45 2.80030e-01
 29   47 2.21883e-01
 29   49 2.04992e-01
 29   51 1.96917e-01
 29   53 1.77710e-01
 29   55 1.92505e-01
 29   57 1.51986e-01
 29   59 1.50994e-01
 29   61 1.40954e-01
 29   63 1.35332e-01
 29   65 1.50959e-01
 29   67 1.30327e-01
 29   69 1.70690e-01
 29   71 1.41483e-01
 29   73 1.37136e-01
 29   75 1.39210e-01
 29   77 1.46173e-01
 29   79 1.65605e-01
 29   81 1.23041e-01
 29   83 1.56493e-01
 29   85 1.28643e-01
 29   87 1.11062e-01
 29   89 1.49994e-01
 30    0 1.05893e-02
 30    2 5.22984e-02
 30    4 9.43360e-02
 30    6 1.41234e-01
 30    8 2.03530e-01
 30   10 2.23478e-01
 30   12 2.13797e-01
 30   14 2.51174e-01
 30   16 2.75231e-01
 30   18 2.83139e-01
 30   20 3.77540e-01
 30   22 4.47890e-01
 30   24 5.23250e-01
 30   26 1.32258e+00
 30   28 3.92228e+00
 30   30 4.10344e+01
 30   32 3.88430e+00
 30   34 1.28432e+00
 30   36 4.71204e-01
 30   38 3.99634e-01
 30   40 3.67507e-01
 30   42 2.52981e-01
 30   44 2.67822e-01
 30   46 2.65127e-01
 30   48 2.14615e-01
 30   50 1.84741e-01
 30   52 1.92564e-01
 30   54 1.81417e-01
 30   56 1.71361e-01
 30   58 1.43284e-01
 30   60 1.36091e-01
 30   62 1.41592e-01
 30   64 1.39920e-01
 30   66 1.72909e-01
 30   68 1.11191e-01
 30   70 1.60883e-01
 30   72 1.41760e-01
 30   74 1.44533e-01
 30   76 1.32529e-01
 30   78 1.29196e-01
 30   80 1.61618e-01
 30   82 1.14166e-01
 30   84 1.47410e-01
 30   86 1.11467e-01
 30   88 8.97518e-02
 30   90 1.40230e-01
 31    1 3.18293e-02
 31    3 7.40890e-02
 31    5 1.22417e-01
 31    7 1.65658e-01
 31    9 1.96683e-01
 31   11 1.99214e-01
 31   13 2.07704e-01
 31   15 2.46441e-01
 31   17 2.70097e-01
 31   19 2.75471e-01
 31   21 3.72407e-01
 31   23 4.23548e-01
 31   25 5.07334e-01
 31   27 1.27832e+00
 31   29 3.80027e+00
 31   31 3.98257e+01
 31   33 3.75796e+00
 31   35 1.22780e+00
 31   37 4.53016e-01
 31   39 3.86054e-01
 31   41 3.56644e-01
 31   43 2.57806e-01
 31   45 2.51203e-01
 31   47 2.41842e-01
 31   49 2.01452e-01
 31   51 2.09857e-01
 31   53 1.99834e-01
 31   55 1.53208e-01
 31   57 1.53084e-01
 31   59 1.50855e-01
 31   61 1.44410e-01
 31   63 1.24309e-01
 31   65 1.33805e-01
 31   67 1.25318e-01
 31   69 1.72112e-01
 31   71 1.46312e-01
 31   73 1.52865e-01
 31   75 1.32643e-01
 31   77 1.18131e-01
 31   79 1.46698e-01
 31   81 1.23832e-01
 31   83 1.33628e-01
 31   85 1.38387e-01
 31   87 1.00843e-01
 31   89 1.22806e-01
 32    0 9.19447e-03
 32    2 5.01952e-02
 32    4 9.20314e-02
 32    6 1.36098e-01
 32    8 1.82327e-01
 32   10 1.86768e-01
 32   12 1.91523e-01
 32   14 2.05505e-01
 32   16 2.45522e-01
 32   18 2.67474e-01
 32   20 2.69238e-01
 32   22 3.65485e-01
 32   24 4.07937e-01
 32   26 4.91870e-01
 32   28 1.22345e+00
 32   30 3.65430e+00
 32   32 3.86033e+01
 32   34 3.61251e+00
 32   36 1.17963e+00
 32   38 4.33705e-01
 32   40 3.91667e-01
 32   42 3.40751e-01
 32   44 2.39380e-01
 32   46 2.44097e-01
 32   48 2.31471e-01
 32   50 1.91601e-01
 32   52 1.89544e-01
 32   54 1.86172e-01
 32   56 1.58577e-01
 32   58 1.42737e-01
 32   60 1.52784e-01
 32   62 1.51686e-01
 32   64 1.19505e-01
 32   66 1.32301e-01
 32   68 1.41311e-01
 32   70 1.67066e-01
 32   72 1.24223e-01
 32   74 1.34423e-01
 32   76 1.21943e-01
 32   78 1.16086e-01
 32   80 1.39103e-01
 32   82 1.11105e-01
 32   84 1.35410e-01
 32   86 1.20237e-01
 32   88 1.03399e-01
 32   90 1.13343e-01
 33    1 3.02200e-02
 33    3 7.65732e-02
 33    5 1.14001e-01
 33    7 1.58687e-01
 33    9 1.80307e-01
 33   11 1.81241e-01
 33   13 1.85558e-01
 33   15 2.10378e-01
 33   17 2.32467e-01
 33   19 2.49505e-01
 33   21 2.63691e-01
 33   23 3.56250e-01
 33   25 3.96886e-01
 33   27 4.67402e-01
 33   29 1.17660e+00
 33   31 3.54265e+00
 33   33 3.74939e+01
 33   35 3.50887e+00
 33   37 1.15097e+00
 33   39 4.18234e-01
 33   41 3.72778e-01
 33   43 3.32330e-01
 33   45 2.37500e-01
 33   47 2.30142e-01
 33   49 2.27847e-01
 33   51 1.94942e-01
 33   53 1.99893e-01
 33   55 1.72238e-01
 33   57 1.53841e-01
 33   59 1.40759e-01
 33   61 1.28914e-01
 33   63 1.41611e-01
 33   65 1.52748e-01
 33   67 1.45948e-01
 33   69 1.42740e-01
 33   71 1.22739e-01
 33   73 1.51001e-01
 33   75 1.21895e-01
 33   77 1.20717e-01
 33   79 1.36404e-01
 33   81 1.09277e-01
 33   83 1.31314e-01
 33   85 1.13753e-01
 33   87 9.80411e-02
 33   89 1.07216e-01
 34    0 8.16470e-03
 34    2 4.73597e-02
 34    4 9.32323e-02
 34    6 1.27556e-01
 34    8 1.74765e-01
 34   10 1.68283e-01
 34   12 1.79039e-01
 34   14 1.82360e-01
 34   16 1.96064e-01
 34   18 2.26565e-01
 34   20 2.48621e-01
 34   22 2.55717e-01
 34   24 3.57673e-01
 34   26 3.76492e-01
 34   28 4.35230e-01
 34   30 1.14124e+00
 34   32 3.41208e+00
 34   34 3.64274e+01
 34   36 3.39777e+00
 34   38 1.10739e+00
 34   40 4.02227e-01
 34   42 3.54282e-01
 34   44 3.28125e-01
 34   46 2.18444e-01
 34   48 2.20103e-01
 34   50 2.26353e-01
 34   52 2.13027e-01
 34   54 1.73852e-01
 34   56 1.84377e-01
 34   58 1.32210e-01
 34   60 1.37943e-01
 34   62 1.33534e-01
 34   64 1.33892e-01
 34   66 1.41018e-01
 34   68 1.32305e-01
 34   70 1.40945e-01
 34   72 1.38479e-01
 34   74 1.43910e-01
 34   76 1.13228e-01
 34   78 1.05868e-01
 34   80 1.29344e-01
 34   82 1.07255e-01
 34   84 1.21789e-01
 34   86 1.11313e-01
 34   88 9.45527e-02
 34   90 1.03801e-01
 35    1 2.65208e-02
 35    3 6.49066e-02
 35    5 1.03570e-01
 35    7 1.43290e-01
 35    9 1.72735e-01
 35   11 1.60111e-01
 35   13 1.72239e-01
 35   15 1.80184e-01
 35   17 1.85981e-01
 35   19 2.19964e-01
 35   21 2.50520e-01
 35   23 2.65144e-01
 35   25 3.36063e-01
 35   27 3.56424e-01
 35   29 4.20401e-01
 35   31 1.09523e+00
 35   33 3.32021e+00
 35   35 3.54631e+01
 35   37 3.31310e+00
 35   39 1.07747e+00
 35   41 3.80036e-01
 35   43 3.55129e-01
 35   45 3.24340e-01
 35   47 2.21524e-01
 35   49 2.35090e-01
 35   51 2.28840e-01
 35   53 1.85512e-01
 35   55 1.67033e-01
 35   57 1.56423e-01
 35   59 1.44205e-01
 35   61 1.23789e-01
 35   63 1.42334e-01
 35   65 1.60242e-01
 35   67 1.33850e-01
 35   69 1.27819e-01
 35   71 1.30647e-01
 35   73 1.36535e-01
 35   75 1.09697e-01
 35   77 1.17782e-01
 35   79 1.32428e-01
 35   81 1.05003e-01
 35   83 1.09329e-01
 35   85 9.45563e-02
 35   87 8.20660e-02
 35   89 1.02493e-01
 36    0 8.32375e-03
 36    2 4.24226e-02
 36    4 8.01404e-02
 36    6 1.22982e-01
 36    8 1.55937e-01
 36   10 1.56634e-01
 36   12 1.60381e-01
 36   14 1.73942e-01
 36   16 1.71515e-01
 36   18 1.88064e-01
 36   20 2.26576e-01
 36   22 2.48760e-01
 36   24 2.37794e-01
 36   26 3.25193e-01
 36   28 3.49248e-01
 36   30 3.96878e-01
 36   32 1.05609e+00
 36   34 3.22062e+00
 36   36 3.45222e+01
 36   38 3.20165e+00
 36   40 1.03462e+00
 36   42 3.75095e-01
 36   44 3.35700e-01
 36   46 3.10513e-01
 36   48 2.16743e-01
 36   50 2.24231e-01
 36   52 2.18952e-01
 36   54 2.01017e-01
 36   56 1.47026e-01
 36   58 1.49386e-01
 36   60 1.33377e-01
 36   62 1.17954e-01
 36   64 1.41411e-01
 36   66 1.43535e-01
 36   68 1.27981e-01
 36   70 1.32017e-01
 36   72 1.06890e-01
 36   74 1.27458e-01
 36   76 1.05110e-01
 36   78 1.13100e-01
 36   80 1.28226e-01
 36   82 1.04943e-01
 36   84 1.09754e-01
 36   86 1.03218e-01
 36   88 8.49016e-02
 36   90 9.86503e-02
 37    1 2.38672e-02
 37    3 5.63879e-02
 37    5 9.44686e-02
 37    7 1.31736e-01
 37    9 1.49503e-01
 37   11 1.56369e-01
 37   13 1.48576e-01
 37   15 1.64692e-01
 37   17 1.73263e-01
 37   19 1.88601e-01
 37   21 2.30801e-01
 37   23 2.35855e-01
 37   25 2.35943e-01
 37   27 3.11721e-01
 37   29 3.33641e-01
 37   31 3.83655e-01
 37   33 1.03398e+00
 37   35 3.14548e+00
 37   37 3.36705e+01
 37   39 3.10628e+00
 37   41 1.00338e+00
 37   43 3.67751e-01
 37   45 3.39813e-01
 37   47 3.12776e-01
 37   49 2.15772e-01
 37   51 2.17194e-01
 37   53 2.11230e-01
 37   55 1.62337e-01
 37   57 1.62002e-01
 37   59 1.75949e-01
 37   61 1.45645e-01
 37   63 1.42785e-01
 37   65 1.25936e-01
 37   67 1.31067e-01
 37   69 1.25231e-01
 37   71 1.15570e-01
 37   73 1.08959e-01
 37   75 9.83106e-02
 37   77 9.90839e-02
 37   79 1.18355e-01
 37   81 1.05921e-01
 37   83 9.10265e-02
 37   85 1.04454e-01
 37   87 9.48980e-02
 37   89 9.00211e-02
 38    0 8.67030e-03
 38    2 4.37138e-02
 38    4 7.31385e-02
 38    6 1.02945e-01
 38    8 1.42916e-01
 38   10 1.45863e-01
 38   12 1.41019e-01
 38   14 1.42081e-01
 38   16 1.60790e-01
 38   18 1.70318e-01
 38   20 1.88482e-01
 38   22 2.09534e-01
 38   24 2.23230e-01
 38   26 2.30523e-01
 38   28 3.16431e-01
 38   30 3.20062e-01
 38   32 3.69210e-01
 38   34 9.98087e-01
 38   36 3.04437e+00
 38   38 3.28278e+01
 38   40 3.01343e+00
 38   42 9.69098e-01
 38   44 3.51433e-01
 38   46 3.27927e-01
 38   48 3.03892e-01
 38   50 2.03121e-01
 38   52 2.01740e-01
 38   54 1.94633e-01
 38   56 1.62204e-01
 38   58 1.57639e-01
 38   60 1.69586e-01
 38   62 1.41489e-01
 38   64 1.31072e-01
 38   66 1.16395e-01
 38   68 1.29501e-01
 38   70 1.28389e-01
 38   72 1.10247e-01
 38   74 1.11281e-01
 38   76 9.50919e-02
 38   78 9.74465e-02
 38   80 1.18964e-01
 38   82 9.47468e-02
 38   84 8.94205e-02
 38   86 1.02326e-01
 38   88 8.60985e-02
 38   90 1.04348e-01
 39    1 2.49767e-02
 39    3 5.31054e-02
 39    5 8.58937e-02
 39    7 1.22407e-01
 39    9 1.41415e-01
 39   11 1.44214e-01
 39   13 1.44765e-01
 39   15 1.44789e-01
 39   17 1.74728e-01
 39   19 1.75548e-01
 39   21 1.76590e-01
 39   23 2.05735e-01
 39   25 2.12110e-01
 39   27 2.23938e-01
 39   29 2.84849e-01
 39   31 3.11341e-01
 39   33 3.57793e-01
 39   35 9.74137e-01
 39   37 2.95802e+00
 39   39 3.20552e+01
 39   41 2.94297e+00
 39   43 9.48608e-01
 39   45 3.45770e-01
 39   47 3.06746e-01
 39   49 2.95096e-01
 39   51 1.94994e-01
 39   53 2.01439e-01
 39   55 1.94599e-01
 39   57 1.74452e-01
 39   59 1.74662e-01
 39   61 1.59016e-01
 39   63 1.41980e-01
 39   65 1.19446e-01
 39   67 1.37398e-01
 39   69 1.25419e-01
 39   71 1.10185e-01
 39   73 9.21614e-02
 39   75 9.25900e-02
 39   77 9.64887e-02
 39   79 1.06743e-01
 39   81 8.87277e-02
 39   83 9.97416e-02
 39   85 8.69007e-02
 39   87 8.92802e-02
 39   89 1.15884e-01
 40    0 7.72601e-03
 40    2 3.65343e-02
 40    4 6.85916e-02
 40    6 1.03670e-01
 40    8 1.31155e-01
 40   10 1.37770e-01
 40   12 1.40105e-01
 40   14 1.39152e-01
 40   16 1.43522e-01
 40   18 1.59324e-01
 40   20 1.61295e-01
 40   22 1.65260e-01
 40   24 1.95387e-01
 40   26 2.10524e-01
 40   28 2.07708e-01
 40   30 2.80677e-01
 40   32 3.17955e-01
 40   34 3.45707e-01
 40   36 9.38151e-01
 40   38 2.87363e+00
 40   40 3.12882e+01
 40   42 2.85159e+00
 40   44 9.28196e-01
 40   46 3.32348e-01
 40   48 3.01417e-01
 40   50 2.80171e-01
 40   52 1.91747e-01
 40   54 1.86594e-01
 40   56 2.02113e-01
 40   58 1.73618e-01
 40   60 1.57359e-01
 40   62 1.52989e-01
 40   64 1.31133e-01
 40   66 1.26882e-01
 40   68 1.24235e-01
 40   70 1.20322e-01
 40   72 1.14241e-01
 40   74 1.01770e-01
 40   76 1.00532e-01
 40   78 9.03036e-02
 40   80 1.03739e-01
 40   82 9.27046e-02
 40   84 9.22026e-02
 40   86 7.74915e-02
 40   88 9.09564e-02
 40   90 8.39932e-02
 41    1 2.37306e-02
 41    3 5.23856e-02
 41    5 8.59106e-02
 41    7 1.14867e-01
 41    9 1.38937e-01
 41   11 1.43328e-01
 41   13 1.37928e-01
 41   15 1.40538e-01
 41   17 1.41157e-01
 41   19 1.52679e-01
 41   21 1.57981e-01
 41   23 1.58595e-01
 41   25 1.96134e-01
 41   27 1.94401e-01
 41   29 1.93790e-01
 41   31 2.74647e-01
 41   33 3.04517e-01
 41   35 3.28086e-01
 41   37 9.12384e-01
 41   39 2.81019e+00
 41   41 3.05839e+01
 41   43 2.78423e+00
 41   45 8.88108e-01
 41   47 3.19414e-01
 41   49 2.89063e-01
 41   51 2.94829e-01
 41   53 2.04069e-01
 41   55 2.05847e-01
 41   57 2.05262e-01
 41   59 1.66527e-01
 41   61 1.43394e-01
 41   63 1.37866e-01
 41   65 1.14193e-01
 41   67 1.19482e-01
 41   69 1.03613e-01
 41   71 1.09567e-01
 41   73 9.88762e-02
 41   75 1.04427e-01
 41   77 8.92373e-02
 41   79 1.06010e-01
 41   81 8.93035e-02
 41   83 1.01517e-01
 41   85 8.49887e-02
 41   87 7.95928e-02
 41   89 9.09987e-02
 42    0 7.84312e-03
 42    2 3.72376e-02
 42    4 7.19328e-02
 42    6 9.72159e-02
 42    8 1.26955e-01
 42   10 1.33684e-01
 42   12 1.37130e-01
 42   14 1.38681e-01
 42   16 1.37158e-01
 42   18 1.30664e-01
 42   20 1.43738e-01
 42   22 1.50479e-01
 42   24 1.57410e-01
 42   26 1.87873e-01
 42   28 1.93153e-01
 42   30 1.84728e-01
 42   32 2.64478e-01
 42   34 2.91133e-01
 42   36 3.25191e-01
 42   38 8.83570e-01
 42   40 2.72641e+00
 42   42 2.99220e+01
 42   44 2.70401e+00
 42   46 8.60295e-01
 42   48 3.05048e-01
 42   50 2.82130e-01
 42   52 2.79432e-01
 42   54 1.91746e-01
 42   56 1.97767e-01
 42   58 1.94537e-01
 42   60 1.77229e-01
 42   62 1.37790e-01
 42   64 1.38066e-01
 42   66 1.25914e-01
 42   68 1.19119e-01
 42   70 9.71745e-02
 42   72 9.91240e-02
 42   74 9.59936e-02
 42   76 9.26318e-02
 42   78 8.70617e-02
 42   80 9.64245e-02
 42   82 9.33740e-02
 42   84 1.03012e-01
 42   86 7.72494e-02
 42   88 7.64178e-02
 42   90 9.57722e-02
 43    1 2.08230e-02
 43    3 4.79760e-02
 43    5 7.52324e-02
 43    7 1.05279e-01
 43    9 1.21141e-01
 43   11 1.26275e-01
 43   13 1.43674e-01
 43   15 1.34639e-01
 43   17 1.29293e-01
 43   19 1.25066e-01
 43   21 1.41949e-01
 43   23 1.58221e-01
 43   25 1.44467e-01
 43   27 1.83581e-01
 43   29 1.95905e-01
 43   31 1.90049e-01
 43   33 2.59876e-01
 43   35 2.93483e-01
 43   37 3.20110e-01
 43   39 8.67101e-01
 43   41 2.66525e+00
 43   43 2.92039e+01
 43   45 2.62094e+00
 43   47 8.31642e-01
 43   49 3.02324e-01
 43   51 2.84204e-01
 43   53 2.87740e-01
 43   55 1.97589e-01
 43   57 1.94629e-01
 43   59 1.90141e-01
 43   61 1.44638e-01
 43   63 1.34554e-01
 43   65 1.25895e-01
 43   67 1.22686e-01
 43   69 9.96086e-02
 43   71 1.12343e-01
 43   73 1.05811e-01
 43   75 9.81359e-02
 43   77 1.00618e-01
 43   79 9.83321e-02
 43   81 8.55928e-02
 43   83 8.46622e-02
 43   85 1.11255e-01
 43   87 7.88262e-02
 43   89 8.14439e-02
 44    0 6.13749e-03
 44    2 3.20472e-02
 44    4 5.99234e-02
 44    6 9.22980e-02
 44    8 1.22299e-01
 44   10 1.22914e-01
 44   12 1.24125e-01
 44   14 1.34869e-01
 44   16 1.35421e-01
 44   18 1.19372e-01
 44   20 1.19615e-01
 44   22 1.39512e-01
 44   24 1.38172e-01
 44   26 1.42610e-01
 44   28 1.78999e-01
 44   30 1.87426e-01
 44   32 1.78066e-01
 44   34 2.58417e-01
 44   36 2.78926e-01
 44   38 3.07084e-01
 44   40 8.50520e-01
 44   42 2.59149e+00
 44   44 2.86255e+01
 44   46 2.55983e+00
 44   48 8.06612e-01
 44   50 2.92002e-01
 44   52 2.89548e-01
 44   54 2.66543e-01
 44   56 1.91703e-01
 44   58 1.87980e-01
 44   60 1.80478e-01
 44   62 1.41972e-01
 44   64 1.29784e-01
 44   66 1.24412e-01
 44   68 1.18366e-01
 44   70 9.34001e-02
 44   72 1.04787e-01
 44   74 1.04112e-01
 44   76 9.95543e-02
 44   78 8.39202e-02
 44   80 9.95417e-02
 44   82 7.45360e-02
 44   84 8.44418e-02
 44   86 1.01182e-01
 44   88 8.66771e-02
 44   90 8.81781e-02
 45    1 1.81733e-02
 45    3 4.60518e-02
 45    5 7.38827e-02
 45    7 1.02546e-01
 45    9 1.21894e-01
 45   11 1.23194e-01
 45   13 1.23819e-01
 45   15 1.26474e-01
 45   17 1.21454e-01
 45   19 1.16612e-01
 45   21 1.25976e-01
 45   23 1.35741e-01
 45   25 1.33175e-01
 45   27 1.49706e-01
 45   29 1.85933e-01
 45   31 1.77674e-01
 45   33 1.78191e-01
 45   35 2.57173e-01
 45   37 2.83800e-01
 45   39 3.03248e-01
 45   41 8.15693e-01
 45   43 2.51469e+00
 45   45 2.79931e+01
 45   47 2.49557e+00
 45   49 7.97540e-01
 45   51 2.92428e-01
 45   53 2.76755e-01
 45   55 2.70809e-01
 45   57 1.88322e-01
 45   59 1.69605e-01
 45   61 1.71638e-01
 45   63 1.45446e-01
 45   65 1.33807e-01
 45   67 1.20393e-01
 45   69 1.05183e-01
 45   71 1.08724e-01
 45   73 1.03093e-01
 45   75 8.52160e-02
 45   77 9.15684e-02
 45   79 9.98174e-02
 45   81 8.56804e-02
 45   83 8.25511e-02
 45   85 9.17172e-02
 45   87 8.93425e-02
 45   89 9.19831e-02
 46    0 6.16379e-03
 46    2 3.32529e-02
 46    4 5.83500e-02
 46    6 8.39308e-02
 46    8 1.11876e-01
 46   10 1.24501e-01
 46   12 1.31513e-01
 46   14 1.14735e-01
 46   16 1.10946e-01
 46   18 1.19367e-01
 46   20 1.12789e-01
 46   22 1.16636e-01
 46   24 1.23802e-01
 46   26 1.16495e-01
 46   28 1.45938e-01
 46   30 1.78211e-01
 46   32 1.74402e-01
 46   34 1.65241e-01
 46   36 2.47806e-01
 46   38 2.75224e-01
 46   40 2.92504e-01
 46   42 7.91923e-01
 46   44 2.45870e+00
 46   46 2.74599e+01
 46   48 2.43085e+00
 46   50 7.71337e-01
 46   52 2.86121e-01
 46   54 2.77054e-01
 46   56 2.58518e-01
 46   58 1.72861e-01
 46   60 1.67472e-01
 46   62 1.70075e-01
 46   64 1.42148e-01
 46   66 1.24900e-01
 46   68 1.17525e-01
 46   70 1.02582e-01
 46   72 1.04136e-01
 46   74 9.60666e-02
 46   76 8.82973e-02
 46   78 8.62260e-02
 46   80 1.08829e-01
 46   82 8.87922e-02
 46   84 8.24587e-02
 46   86 9.41880e-02
 46   88 8.86854e-02
 46   90 8.21540e-02
 47    1 2.16682e-02
 47    3 4.89348e-02
 47    5 7.25433e-02
 47    7 9.60235e-02
 47    9 1.26378e-01
 47   11 1.30354e-01
 47   13 1.18526e-01
 47   15 1.09346e-01
 47   17 1.10246e-01
 47   19 1.01944e-01
 47   21 1.03424e-01
 47   23 1.11052e-01
 47   25 1.27254e-01
 47   27 1.24235e-01
 47   29 1.41651e-01
 47   31 1.64465e-01
 47   33 1.66020e-01
 47   35 1.68884e-01
 47   37 2.51159e-01
 47   39 2.58662e-01
 47   41 2.82071e-01
 47   43 7.67197e-01
 47   45 2.39946e+00
 47   47 2.69285e+01
 47   49 2.37039e+00
 47   51 7.63868e-01
 47   53 2.74007e-01
 47   55 2.65913e-01
 47   57 2.46219e-01
 47   59 1.91734e-01
 47   61 1.72492e-01
 47   63 1.68915e-01
 47   65 1.36495e-01
 47   67 1.23346e-01
 47   69 1.03056e-01
 47   71 1.07865e-01
 47   73 9.17937e-02
 47   75 9.74054e-02
 47   77 9.10221e-02
 47   79 9.91711e-02
 47   81 9.08073e-02
 47   83 9.14800e-02
 47   85 7.99163e-02
 47   87 8.33909e-02
 47   89 9.52253e-02
 48    0 6.38578e-03
 48    2 3.15440e-02
 48    4 5.54165e-02
 48    6 8.24062e-02
 48    8 1.10881e-01
 48   10 1.18368e-01
 48   12 1.20029e-01
 48   14 1.08984e-01
 48   16 1.10328e-01
 48   18 1.06644e-01
 48   20 9.51011e-02
 48   22 9.48881e-02
 48   24 1.09062e-01
 48   26 1.23200e-01
 48   28 1.23960e-01
 48   30 1.38840e-01
 48   32 1.59169e-01
 48   34 1.60243e-01
 48   36 1.66476e-01
 48   38 2.45472e-01
 48   40 2.55318e-01
 48   42 2.70258e-01
 48   44 7.45647e-01
 48   46 2.33955e+00
 48   48 2.63987e+01
 48   50 2.30961e+00
 48   52 7.38465e-01
 48   54 2.71087e-01
 48   56 2.60638e-01
 48   58 2.54059e-01
 48   60 1.76472e-01
 48   62 1.60567e-01
 48   64 1.61745e-01
 48   66 1.34105e-01
 48   68 1.15249e-01
 48   70 1.08031e-01
 48   72 1.07516e-01
 48   74 9.51976e-02
 48   76 9.23259e-02
 48   78 8.68107e-02
 48   80 9.19262e-02
 48   82 8.78374e-02
 48   84 9.15685e-02
 48   86 7.53992e-02
 48   88 7.78322e-02
 48   90 9.94556e-02
 49    1 2.03594e-02
 49    3 4.38619e-02
 49    5 7.03164e-02
 49    7 1.00337e-01
 49    9 1.16865e-01
 49   11 1.17823e-01
 49   13 1.12085e-01
 49   15 1.00794e-01
 49   17 1.02690e-01
 49   19 1.02573e-01
 49   21 8.93277e-02
 49   23 9.77454e-02
 49   25 1.04256e-01
 49   27 1.12779e-01
 49   29 1.26073e-01
 49   31 1.31978e-01
 49   33 1.58343e-01
 49   35 1.72659e-01
 49   37 1.66917e-01
 49   39 2.39722e-01
 49   41 2.45916e-01
 49   43 2.68678e-01
 49   45 7.38730e-01
 49   47 2.28355e+00
 49   49 2.59276e+01
 49   51 2.26105e+00
 49   53 7.20935e-01
 49   55 2.59645e-01
 49   57 2.46109e-01
 49   59 2.58176e-01
 49   61 1.80900e-01
 49   63 1.55995e-01
 49   65 1.54603e-01
 49   67 1.28785e-01
 49   69 1.05470e-01
 49   71 1.00157e-01
 49   73 9.58023e-02
 49   75 9.99141e-02
 49   77 8.65010e-02
 49   79 8.90666e-02
 49   81 7.90302e-02
 49   83 8.92996e-02
 49   85 9.23381e-02
 49   87 7.94320e-02
 49   89 9.85039e-02
 50    0 6.55276e-03
 50    2 3.07417e-02
 50    4 5.60101e-02
 50    6 8.39457e-02
 50    8 1.13715e-01
 50   10 1.12327e-01
 50   12 1.10127e-01
 50   14 1.02497e-01
 50   16 9.64950e-02
 50   18 9.27108e-02
 50   20 9.25825e-02
 50   22 8.89531e-02
 50   24 9.21564e-02
 50   26 9.90202e-02
 50   28 1.16634e-01
 50   30 1.15241e-01
 50   32 1.27043e-01
 50   34 1.58902e-01
 50   36 1.66071e-01
 50   38 1.58208e-01
 50   40 2.28838e-01
 50   42 2.41018e-01
 50   44 2.60282e-01
 50   46 7.15829e-01
 50   48 2.22705e+00
 50   50 2.54150e+01
 50   52 2.20601e+00
 50   54 7.02877e-01
 50   56 2.52311e-01
 50   58 2.49388e-01
 50   60 2.55089e-01
 50   62 1.80593e-01
 50   64 1.50016e-01
 50   66 1.48072e-01
 50   68 1.26311e-01
 50   70 9.83959e-02
 50   72 1.03892e-01
 50   74 9.87588e-02
 50   76 9.95985e-02
 50   78 9.98941e-02
 50   80 8.79255e-02
 50   82 7.73100e-02
 50   84 8.21821e-02
 50   86 9.18049e-02
 50   88 8.07777e-02
 50   90 8.20033e-02
 51    1 1.83105e-02
 51    3 4.14355e-02
 51    5 6.92422e-02
 51    7 9.77777e-02
 51    9 1.10152e-01
 51   11 1.03713e-01
 51   13 9.99034e-02
 51   15 9.48419e-02
 51   17 8.62908e-02
 51   19 9.05110e-02
 51   21 9.26345e-02
 51   23 9.51948e-02
 51   25 9.81056e-02
 51   27 1.01538e-01
 51   29 1.16881e-01
 51   31 1.32688e-01
 51   33 1.30749e-01
 51   35 1.62206e-01
 51   37 1.62155e-01
 51   39 1.52877e-01
 51   41 2.42070e-01
 51   43 2.43762e-01
 51   45 2.61414e-01
 51   47 7.10207e-01
 51   49 2.18217e+00
 51   51 2.49919e+01
 51   53 2.15154e+00
 51   55 6.93124e-01
 51   57 2.54011e-01
 51   59 2.31606e-01
 51   61 2.39636e-01
 51   63 1.59296e-01
 51   65 1.39730e-01
 51   67 1.47594e-01
 51   69 1.10883e-01
 51   71 1.09276e-01
 51   73 9.50710e-02
 51   75 9.64641e-02
 51   77 9.84040e-02
 51   79 9.45923e-02
 51   81 7.92290e-02
 51   83 6.99219e-02
 51   85 8.97459e-02
 51   87 8.54175e-02
 51   89 8.39625e-02
 52    0 6.54125e-03
 52    2 3.05739e-02
 52    4 5.79978e-02
 52    6 8.34049e-02
 52    8 9.88341e-02
 52   10 1.04264e-01
 52   12 1.00261e-01
 52   14 9.34773e-02
 52   16 8.42150e-02
 52   18 7.98919e-02
 52   20 8.28670e-02
 52   22 8.86819e-02
 52   24 9.23224e-02
 52   26 9.38152e-02
 52   28 9.24423e-02
 52   30 1.16030e-01
 52   32 1.21398e-01
 52   34 1.44453e-01
 52   36 1.56637e-01
 52   38 1.51780e-01
 52   40 1.51281e-01
 52   42 2.30582e-01
 52   44 2.49304e-01
 52   46 2.56486e-01
 52   48 6.87813e-01
 52   50 2.13087e+00
 52   52 2.45240e+01
 52   54 2.09537e+00
 52   56 6.73781e-01
 52   58 2.45819e-01
 52   60 2.39718e-01
 52   62 2.29400e-01
 52   64 1.54660e-01
 52   66 1.44409e-01
 52   68 1.46079e-01
 52   70 1.08358e-01
 52   72 1.00529e-01
 52   74 9.33413e-02
 52   76 1.02361e-01
 52   78 8.81261e-02
 52   80 8.93160e-02
 52   82 8.41210e-02
 52   84 7.65917e-02
 52   86 8.60820e-02
 52   88 8.62040e-02
 52   90 7.38253e-02
 53    1 1.81702e-02
 53    3 4.46529e-02
 53    5 6.88736e-02
 53    7 9.24665e-02
 53    9 1.05244e-01
 53   11 1.03974e-01
 53   13 1.03195e-01
 53   15 8.47735e-02
 53   17 8.15777e-02
 53   19 8.42172e-02
 53   21 8.57377e-02
 53   23 8.31777e-02
 53   25 8.68105e-02
 53   27 9.61561e-02
 53   29 1.01973e-01
 53   31 1.22149e-01
 53   33 1.29611e-01
 53   35 1.27121e-01
 53   37 1.52457e-01
 53   39 1.52677e-01
 53   41 1.61979e-01
 53   43 2.38587e-01
 53   45 2.39175e-01
 53   47 2.46285e-01
 53   49 6.72641e-01
 53   51 2.07999e+00
 53   53 2.41311e+01
 53   55 2.05006e+00
 53   57 6.63130e-01
 53   59 2.32556e-01
 53   61 2.24793e-01
 53   63 2.16130e-01
 53   65 1.55406e-01
 53   67 1.29710e-01
 53   69 1.34853e-01
 53   71 1.28554e-01
 53   73 1.08571e-01
 53   75 1.00827e-01
 53   77 9.04506e-02
 53   79 8.20906e-02
 53   81 8.22073e-02
 53   83 8.08099e-02
 53   85 7.53307e-02
 53   87 8.54054e-02
 53   89 7.76393e-02
 54    0 5.47210e-03
 54    2 3.22597e-02
 54    4 5.84561e-02
 54    6 8.08653e-02
 54    8 1.00096e-01
 54   10 9.80410e-02
 54   12 9.50350e-02
 54   14 8.85384e-02
 54   16 8.35541e-02
 54   18 8.62842e-02
 54   20 8.29808e-02
 54   22 8.25579e-02
 54   24 8.74434e-02
 54   26 8.93793e-02
 54   28 8.76406e-02
 54   30 1.05763e-01
 54   32 1.15365e-01
 54   34 1.14059e-01
 54   36 1.39136e-01
 54   38 1.41677e-01
 54   40 1.42433e-01
 54   42 1.53086e-01
 54   44 2.22042e-01
 54   46 2.40291e-01
 54   48 2.44291e-01
 54   50 6.56884e-01
 54   52 2.02731e+00
 54   54 2.37020e+01
 54   56 1.99902e+00
 54   58 6.49830e-01
 54   60 2.27037e-01
 54   62 2.18693e-01
 54   64 2.09661e-01
 54   66 1.51857e-01
 54   68 1.36332e-01
 54   70 1.29598e-01
 54   72 1.18030e-01
 54   74 1.03251e-01
 54   76 8.94522e-02
 54   78 8.90297e-02
 54   80 8.50828e-02
 54   82 8.09806e-02
 54   84 8.02147e-02
 54   86 7.21535e-02
 54   88 9.12059e-02
 54   90 8.49911e-02
 55    1 1.93521e-02
 55    3 4.72148e-02
 55    5 7.63217e-02
 55    7 9.81856e-02
 55    9 1.07521e-01
 55   11 9.68296e-02
 55   13 9.05899e-02
 55   15 8.59122e-02
 55   17 8.33641e-02
 55   19 8.20710e-02
 55   21 7.28212e-02
 55   23 7.74714e-02
 55   25 8.53293e-02
 55   27 9.14710e-02
 55   29 1.06957e-01
 55   31 9.06773e-02
 55   33 1.08136e-01
 55   35 1.10827e-01
 55   37 1.13450e-01
 55   39 1.42813e-01
 55   41 1.58206e-01
 55   43 1.58638e-01
 55   45 2.26610e-01
 55   47 2.31427e-01
 55   49 2.34565e-01
 55   51 6.48811e-01
 55   53 1.98501e+00
 55   55 2.33231e+01
 55   57 1.95834e+00
 55   59 6.30176e-01
 55   61 2.34246e-01
 55   63 2.12587e-01
 55   65 2.09698e-01
 55   67 1.46649e-01
 55   69 1.22902e-01
 55   71 1.36850e-01
 55   73 1.17927e-01
 55   75 1.01254e-01
 55   77 9.26376e-02
 55   79 8.01885e-02
 55   81 7.91891e-02
 55   83 7.63930e-02
 55   85 7.80400e-02
 55   87 7.67616e-02
 55   89 7.81409e-02
 56    0 7.21048e-03
 56    2 3.37430e-02
 56    4 5.47359e-02
 56    6 7.44204e-02
 56    8 1.05127e-01
 56   10 1.05751e-01
 56   12 9.23135e-02
 56   14 7.71717e-02
 56   16 7.56065e-02
 56   18 7.70538e-02
 56   20 7.79103e-02
 56   22 8.12483e-02
 56   24 7.64417e-02
 56   26 7.74200e-02
 56   28 8.54957e-02
 56   30 9.68035e-02
 56   32 9.52193e-02
 56   34 1.17214e-01
 56   36 9.86107e-02
 56   38 1.14411e-01
 56   40 1.49497e-01
 56   42 1.52999e-01
 56   44 1.54747e-01
 56   46 2.17264e-01
 56   48 2.27594e-01
 56   50 2.28491e-01
 56   52 6.31687e-01
 56   54 1.93705e+00
 56   56 2.29448e+01
 56   58 1.90782e+00
 56   60 6.25309e-01
 56   62 2.26421e-01
 56   64 2.10282e-01
 56   66 2.05039e-01
 56   68 1.44592e-01
 56   70 1.23250e-01
 56   72 1.34858e-01
 56   74 1.18014e-01
 56   76 9.73744e-02
 56   78 8.97517e-02
 56   80 8.07838e-02
 56   82 8.23677e-02
 56   84 7.37990e-02
 56   86 7.52748e-02
 56   88 7.58375e-02
 56   90 7.28927e-02
 57    1 2.18769e-02
 57    3 4.28397e-02
 57    5 6.13675e-02
 57    7 8.24083e-02
 57    9 1.01213e-01
 57   11 1.03704e-01
 57   13 8.84802e-02
 57   15 7.08399e-02
 57   17 6.86359e-02
 57   19 7.99373e-02
 57   21 7.90670e-02
 57   23 7.66569e-02
 57   25 8.15212e-02
 57   27 8.57769e-02
 57   29 8.18866e-02
 57   31 8.78596e-02
 57   33 9.36597e-02
 57   35 1.00643e-01
 57   37 1.09787e-01
 57   39 1.24149e-01
 57   41 1.52978e-01
 57   43 1.51528e-01
 57   45 1.52813e-01
 57   47 2.07796e-01
 57   49 2.15602e-01
 57   51 2.30569e-01
 57   53 6.22640e-01
 57   55 1.89902e+00
 57   57 2.25677e+01
 57   59 1.88018e+00
 57   61 6.09563e-01
 57   63 2.12445e-01
 57   65 1.99796e-01
 57   67 1.96532e-01
 57   69 1.33870e-01
 57   71 1.27194e-01
 57   73 1.34151e-01
 57   75 1.12744e-01
 57   77 9.77643e-02
 57   79 9.30300e-02
 57   81 8.19508e-02
 57   83 7.24660e-02
 57   85 7.88540e-02
 57   87 8.94890e-02
 57   89 7.72664e-02
 58    0 6.73519e-03
 58    2 3.10761e-02
 58    4 5.11151e-02
 58    6 7.46551e-02
 58    8 9.46058e-02
 58   10 9.73864e-02
 58   12 9.79504e-02
 58   14 7.74900e-02
 58   16 6.85487e-02
 58   18 7.42561e-02
 58   20 7.49961e-02
 58   22 7.53963e-02
 58   24 7.33543e-02
 58   26 7.51514e-02
 58   28 7.92672e-02
 58   30 7.85459e-02
 58   32 8.31708e-02
 58   34 8.15619e-02
 58   36 9.72276e-02
 58   38 1.07899e-01
 58   40 1.24618e-01
 58   42 1.46044e-01
 58   44 1.47250e-01
 58   46 1.40976e-01
 58   48 2.15282e-01
 58   50 2.19158e-01
 58   52 2.23639e-01
 58   54 6.11046e-01
 58   56 1.85135e+00
 58   58 2.22322e+01
 58   60 1.83921e+00
 58   62 5.87375e-01
 58   64 2.07946e-01
 58   66 1.95868e-01
 58   68 2.02509e-01
 58   70 1.37781e-01
 58   72 1.20785e-01
 58   74 1.25538e-01
 58   76 1.23419e-01
 58   78 1.03545e-01
 58   80 8.35361e-02
 58   82 6.90896e-02
 58   84 6.28550e-02
 58   86 8.04399e-02
 58   88 8.34375e-02
 58   90 7.46288e-02
 59    1 1.57503e-02
 59    3 4.02735e-02
 59    5 6.16360e-02
 59    7 7.98697e-02
 59    9 8.83357e-02
 59   11 8.50381e-02
 59   13 7.65163e-02
 59   15 7.56539e-02
 59   17 7.95697e-02
 59   19 7.61334e-02
 59   21 7.35615e-02
 59   23 7.56064e-02
 59   25 7.90853e-02
 59   27 7.48349e-02
 59   29 7.89983e-02
 59   31 8.40748e-02
 59   33 8.32158e-02
 59   35 9.00975e-02
 59   37 1.15789e-01
 59   39 1.20703e-01
 59   41 1.20518e-01
 59   43 1.43751e-01
 59   45 1.33643e-01
 59   47 1.57132e-01
 59   49 2.19629e-01
 59   51 2.04149e-01
 59   53 2.12039e-01
 59   55 5.93406e-01
 59   57 1.82578e+00
 59   59 2.18776e+01
 59   61 1.78534e+00
 59   63 5.69977e-01
 59   65 2.02245e-01
 59   67 1.85546e-01
 59   69 1.94066e-01
 59   71 1.43441e-01
 59   73 1.24483e-01
 59   75 1.32394e-01
 59   77 1.13973e-01
 59   79 8.30922e-02
 59   81 7.75808e-02
 59   83 7.93712e-02
 59   85 7.34169e-02
 59   87 8.96051e-02
 59   89 8.19911e-02
 60    0 4.56078e-03
 60    2 2.43789e-02
 60    4 4.83894e-02
 60    6 6.73999e-02
 60    8 8.71327e-02
 60   10 8.32206e-02
 60   12 7.32260e-02
 60   14 7.02968e-02
 60   16 7.14519e-02
 60   18 7.73355e-02
 60   20 7.03275e-02
 60   22 6.66528e-02
 60   24 7.10733e-02
 60   26 7.23522e-02
 60   28 6.44769e-02
 60   30 7.24932e-02
 60   32 8.65070e-02
 60   34 8.26920e-02
 60   36 8.43529e-02
 60   38 1.12794e-01
 60   40 1.09753e-01
 60   42 1.29287e-01
 60   44 1.37374e-01
 60   46 1.32718e-01
 60   48 1.45308e-01
 60   50 2.17828e-01
 60   52 2.11920e-01
 60   54 2.07448e-01
 60   56 5.89635e-01
 60   58 1.78719e+00
 60   60 2.15727e+01
 60   62 1.75117e+00
 60   64 5.59087e-01
 60   66 2.01407e-01
 60   68 1.85011e-01
 60   70 1.87709e-01
 60   72 1.41542e-01
 60   74 1.19408e-01
 60   76 1.23674e-01
 60   78 1.05460e-01
 60   80 8.44328e-02
 60   82 7.89529e-02
 60   84 7.52716e-02
 60   86 7.01196e-02
 60   88 8.84767e-02
 60   90 7.98602e-02
 61    1 1.45041e-02
 61    3 3.50789e-02
 61    5 5.43282e-02
 61    7 7.34528e-02
 61    9 8.89514e-02
 61   11 8.63874e-02
 61   13 8.28011e-02
 61   15 6.94302e-02
 61   17 7.12745e-02
 61   19 7.52177e-02
 61   21 7.02783e-02
 61   23 7.87568e-02
 61   25 8.03355e-02
 61   27 7.56365e-02
 61   29 7.17065e-02
 61   31 7.82574e-02
 61   33 7.41056e-02
 61   35 7.52028e-02
 61   37 9.31957e-02
 61   39 1.06851e-01
 61   41 1.00907e-01
 61   43 1.06326e-01
 61   45 1.31505e-01
 61   47 1.37453e-01
 61   49 1.49636e-01
 61   51 2.05386e-01
 61   53 1.99293e-01
 61   55 2.14479e-01
 61   57 5.75558e-01
 61   59 1.73598e+00
 61   61 2.12602e+01
 61   63 1.70847e+00
 61   65 5.48338e-01
 61   67 1.97185e-01
 61   69 1.78772e-01
 61   71 2.00832e-01
 61   73 1.37742e-01
 61   75 1.28035e-01
 61   77 1.18572e-01
 61   79 9.33871e-02
 61   81 8.64983e-02
 61   83 7.91465e-02
 61   85 7.73250e-02
 61   87 8.44438e-02
 61   89 9.55879e-02
 62    0 4.79732e-03
 62    2 2.47124e-02
 62    4 4.16885e-02
 62    6 5.80829e-02
 62    8 7.81652e-02
 62   10 8.69474e-02
 62   12 8.82391e-02
 62   14 7.61064e-02
 62   16 6.93383e-02
 62   18 6.19332e-02
 62   20 6.91327e-02
 62   22 7.41430e-02
 62   24 8.14838e-02
 62   26 8.10941e-02
 62   28 7.20560e-02
 62   30 7.33840e-02
 62   32 8.35635e-02
 62   34 7.78847e-02
 62   36 7.25818e-02
 62   38 9.15617e-02
 62   40 1.03820e-01
 62   42 9.77997e-02
 62   44 1.05143e-01
 62   46 1.31137e-01
 62   48 1.28637e-01
 62   50 1.50045e-01
 62   52 1.97316e-01
 62   54 1.94421e-01
 62   56 2.07732e-01
 62   58 5.55331e-01
 62   60 1.70382e+00
 62   62 2.09444e+01
 62   64 1.66207e+00
 62   66 5.44846e-01
 62   68 1.92926e-01
 62   70 1.72822e-01
 62   72 1.90745e-01
 62   74 1.40487e-01
 62   76 1.31779e-01
 62   78 1.15836e-01
 62   80 9.18314e-02
 62   82 8.52150e-02
 62   84 7.77012e-02
 62   86 6.91373e-02
 62   88 8.69141e-02
 62   90 8.01138e-02
 63    1 1.33565e-02
 63    3 3.35963e-02
 63    5 5.29468e-02
 63    7 7.35276e-02
 63    9 8.42354e-02
 63   11 8.25798e-02
 63   13 7.88241e-02
 63   15 8.34253e-02
 63   17 8.29876e-02
 63   19 7.57589e-02
 63   21 8.21754e-02
 63   23 7.15401e-02
 63   25 6.51948e-02
 63   27 6.61451e-02
 63   29 6.70266e-02
 63   31 6.55840e-02
 63   33 7.92527e-02
 63   35 8.41832e-02
 63   37 8.89505e-02
 63   39 9.28822e-02
 63   41 9.44523e-02
 63   43 9.62985e-02
 63   45 1.08492e-01
 63   47 1.31044e-01
 63   49 1.25624e-01
 63   51 1.32920e-01
 63   53 1.86548e-01
 63   55 1.89502e-01
 63   57 1.95291e-01
 63   59 5.39566e-01
 63   61 1.66331e+00
 63   63 2.06498e+01
 63   65 1.64105e+00
 63   67 5.33955e-01
 63   69 2.01344e-01
 63   71 1.86874e-01
 63   73 2.03168e-01
 63   75 1.43742e-01
 63   77 1.16718e-01
 63   79 1.00518e-01
 63   81 9.43584e-02
 63   83 7.49487e-02
 63   85 8.06235e-02
 63   87 9.41579e-02
 63   89 7.54582e-02
 64    0 4.17419e-03
 64    2 2.28518e-02
 64    4 4.14205e-02
 64    6 6.40477e-02
 64    8 8.22073e-02
 64   10 7.77353e-02
 64   12 7.37990e-02
 64   14 7.74644e-02
 64   16 8.65198e-02
 64   18 7.87975e-02
 64   20 7.44561e-02
 64   22 6.84699e-02
 64   24 7.13644e-02
 64   26 7.08112e-02
 64   28 6.16838e-02
 64   30 7.06433e-02
 64   32 6.41335e-02
 64   34 7.60750e-02
 64   36 8.47666e-02
 64   38 8.26286e-02
 64   40 8.66888e-02
 64   42 9.54626e-02
 64   44 9.36324e-02
 64   46 1.06771e-01
 64   48 1.26231e-01
 64   50 1.21418e-01
 64   52 1.29590e-01
 64   54 1.81574e-01
 64   56 1.87938e-01
 64   58 1.91520e-01
 64   60 5.29910e-01
 64   62 1.61910e+00
 64   64 2.03710e+01
 64   66 1.60099e+00
 64   68 5.23772e-01
 64   70 1.96021e-01
 64   72 1.80282e-01
 64   74 1.94144e-01
 64   76 1.40075e-01
 64   78 1.12871e-01
 64   80 9.81925e-02
 64   82 8.72729e-02
 64   84 8.14189e-02
 64   86 8.39071e-02
 64   88 8.77924e-02
 64   90 8.46951e-02
 65    1 1.15224e-02
 65    3 2.53225e-02
 65    5 4.16880e-02
 65    7 6.09144e-02
 65    9 8.12923e-02
 65   11 8.45650e-02
 65   13 7.22008e-02
 65   15 7.18403e-02
 65   17 6.33909e-02
 65   19 6.48639e-02
 65   21 7.90607e-02
 65   23 7.81946e-02
 65   25 7.43683e-02
 65   27 8.98657e-02
 65   29 7.28761e-02
 65   31 6.88091e-02
 65   33 8.33247e-02
 65   35 9.23794e-02
 65   37 7.64712e-02
 65   39 7.61652e-02
 65   41 7.62560e-02
 65   43 8.78234e-02
 65   45 9.72871e-02
 65   47 1.03217e-01
 65   49 1.21356e-01
 65   51 1.13646e-01
 65   53 1.30745e-01
 65   55 1.82202e-01
 65   57 1.79021e-01
 65   59 1.86614e-01
 65   61 5.20349e-01
 65   63 1.59956e+00
 65   65 2.01152e+01
 65   67 1.57008e+00
 65   69 5.27991e-01
 65   71 2.04384e-01
 65   73 1.78861e-01
 65   75 1.84632e-01
 65   77 1.36247e-01
 65   79 1.02052e-01
 65   81 9.97834e-02
 65   83 8.87668e-02
 65   85 8.77646e-02
 65   87 9.44638e-02
 65   89 7.13558e-02
 66    0 4.48880e-03
 66    2 1.88676e-02
 66    4 3.26056e-02
 66    6 4.60450e-02
 66    8 6.76530e-02
 66   10 8.00156e-02
 66   12 8.05526e-02
 66   14 6.97764e-02
 66   16 6.41796e-02
 66   18 5.88463e-02
 66   20 6.62226e-02
 66   22 7.29734e-02
 66   24 7.27620e-02
 66   26 6.54421e-02
 66   28 7.81775e-02
 66   30 8.51406e-02
 66   32 6.92452e-02
 66   34 7.81430e-02
 66   36 8.39132e-02
 66   38 7.15619e-02
 66   40 8.18047e-02
 66   42 8.49083e-02
 66   44 8.75377e-02
 66   46 9.14962e-02
 66   48 1.02073e-01
 66   50 1.16882e-01
 66   52 1.18010e-01
 66   54 1.28263e-01
 66   56 1.78722e-01
 66   58 1.75937e-01
 66   60 1.86178e-01
 66   62 5.17643e-01
 66   64 1.56141e+00
 66   66 1.98333e+01
 66   68 1.54404e+00
 66   70 5.10610e-01
 66   72 2.06788e-01
 66   74 1.68594e-01
 66   76 1.89733e-01
 66   78 1.37591e-01
 66   80 9.90021e-02
 66   82 9.77493e-02
 66   84 8.33226e-02
 66   86 8.43947e-02
 66   88 9.18573e-02
 66   90 7.01495e-02
 67    1 1.27147e-02
 67    3 3.35995e-02
 67    5 4.86511e-02
 67    7 6.17032e-02
 67    9 7.45327e-02
 67   11 7.66726e-02
 67   13 8.09392e-02
 67   15 8.72768e-02
 67   17 8.05664e-02
 67   19 7.86748e-02
 67   21 6.76229e-02
 67   23 6.46990e-02
 67   25 6.33053e-02
 67   27 6.24604e-02
 67   29 6.13952e-02
 67   31 6.28872e-02
 67   33 7.76905e-02
 67   35 7.52994e-02
 67   37 7.76627e-02
 67   39 8.54945e-02
 67   41 7.78590e-02
 67   43 8.35162e-02
 67   45 8.54178e-02
 67   47 9.10182e-02
 67   49 9.86463e-02
 67   51 1.17140e-01
 67   53 1.06488e-01
 67   55 1.24340e-01
 67   57 1.71840e-01
 67   59 1.67067e-01
 67   61 1.82596e-01
 67   63 5.07876e-01
 67   65 1.53212e+00
 67   67 1.95586e+01
 67   69 1.51361e+00
 67   71 5.02864e-01
 67   73 1.99144e-01
 67   75 1.72436e-01
 67   77 1.77762e-01
 67   79 1.23122e-01
 67   81 1.03868e-01
 67   83 9.70603e-02
 67   85 9.27870e-02
 67   87 9.61578e-02
 67   89 7.56964e-02
 68    0 3.18273e-03
 68    2 1.79260e-02
 68    4 3.70840e-02
 68    6 5.49525e-02
 68    8 7.12716e-02
 68   10 7.31123e-02
 68   12 6.74982e-02
 68   14 7.47728e-02
 68   16 8.81077e-02
 68   18 7.54368e-02
 68   20 7.25477e-02
 68   22 7.43147e-02
 68   24 5.69278e-02
 68   26 6.20307e-02
 68   28 5.68214e-02
 68   30 5.34563e-02
 68   32 7.22126e-02
 68   34 7.15815e-02
 68   36 7.30514e-02
 68   38 7.77378e-02
 68   40 7.82047e-02
 68   42 7.84270e-02
 68   44 8.13152e-02
 68   46 8.40584e-02
 68   48 8.56469e-02
 68   50 9.73475e-02
 68   52 1.16553e-01
 68   54 1.12427e-01
 68   56 1.23054e-01
 68   58 1.77601e-01
 68   60 1.66978e-01
 68   62 1.78960e-01
 68   64 4.98748e-01
 68   66 1.50754e+00
 68   68 1.93189e+01
 68   70 1.47299e+00
 68   72 4.96023e-01
 68   74 2.00968e-01
 68   76 1.61855e-01
 68   78 1.68757e-01
 68   80 1.21844e-01
 68   82 9.48000e-02
 68   84 8.94851e-02
 68   86 8.89434e-02
 68   88 9.30347e-02
 68   90 7.25578e-02
 69    1 9.33457e-03
 69    3 2.09568e-02
 69    5 3.59110e-02
 69    7 5.50914e-02
 69    9 7.17818e-02
 69   11 7.59818e-02
 69   13 7.13534e-02
 69   15 6.81602e-02
 69   17 6.28978e-02
 69   19 7.15750e-02
 69   21 6.26527e-02
 69   23 6.53453e-02
 69   25 7.53628e-02
 69   27 7.66068e-02
 69   29 7.85506e-02
 69   31 8.43724e-02
 69   33 7.42264e-02
 69   35 7.02439e-02
 69   37 7.24890e-02
 69   39 7.62366e-02
 69   41 6.59578e-02
 69   43 6.62389e-02
 69   45 7.29012e-02
 69   47 7.42880e-02
 69   49 7.89196e-02
 69   51 8.59695e-02
 69   53 1.08150e-01
 69   55 1.01796e-01
 69   57 1.14344e-01
 69   59 1.70699e-01
 69   61 1.61718e-01
 69   63 1.87083e-01
 69   65 5.03315e-01
 69   67 1.47862e+00
 69   69 1.90733e+01
 69   71 1.45249e+00
 69   73 4.83373e-01
 69   75 2.06574e-01
 69   77 1.54226e-01
 69   79 1.58229e-01
 69   81 1.27708e-01
 69   83 1.15930e-01
 69   85 1.00560e-01
 69   87 1.05653e-01
 69   89 9.69381e-02
 70    0 2.68183e-03
 70    2 1.34921e-02
 70    4 2.50654e-02
 70    6 3.98163e-02
 70    8 6.18515e-02
 70   10 7.12589e-02
 70   12 7.30547e-02
 70   14 6.93967e-02
 70   16 5.55381e-02
 70   18 5.85535e-02
 70   20 7.63065e-02
 70   22 6.88542e-02
 70   24 6.71991e-02
 70   26 7.53144e-02
 70   28 6.77123e-02
 70   30 7.55973e-02
 70   32 8.34436e-02
 70   34 7.45321e-02
 70   36 7.36509e-02
 70   38 7.53276e-02
 70   40 7.40289e-02
 70   42 6.25324e-02
 70   44 6.27132e-02
 70   46 7.17117e-02
 70   48 7.84675e-02
 70   50 7.41190e-02
 70   52 8.45011e-02
 70   54 1.04458e-01
 70   56 1.02520e-01
 70   58 1.18102e-01
 70   60 1.65583e-01
 70   62 1.56687e-01
 70   64 1.82436e-01
 70   66 4.87267e-01
 70   68 1.43969e+00
 70   70 1.88365e+01
 70   72 1.41346e+00
 70   74 4.80966e-01
 70   76 1.95619e-01
 70   78 1.64936e-01
 70   80 1.53694e-01
 70   82 1.33385e-01
 70   84 1.06084e-01
 70   86 9.82959e-02
 70   88 1.04155e-01
 70   90 8.55250e-02
 71    1 1.05865e-02
 71    3 2.31433e-02
 71    5 3.86200e-02
 71    7 5.30960e-02
 71    9 5.87966e-02
 71   11 5.67371e-02
 71   13 6.38527e-02
 71   15 7.85061e-02
 71   17 7.65333e-02
 71   19 6.80743e-02
 71   21 6.46138e-02
 71   23 5.88439e-02
 71   25 5.70819e-02
 71   27 5.70273e-02
 71   29 6.36700e-02
 71   31 7.01387e-02
 71   33 6.24142e-02
 71   35 7.02105e-02
 71   37 6.54178e-02
 71   39 6.54958e-02
 71   41 6.82053e-02
 71   43 7.30556e-02
 71   45 7.36894e-02
 71   47 7.60355e-02
 71   49 7.32874e-02
 71   51 8.28500e-02
 71   53 1.00820e-01
 71   55 1.10843e-01
 71   57 1.06240e-01
 71   59 1.23380e-01
 71   61 1.77657e-01
 71   63 1.69799e-01
 71   65 1.90525e-01
 71   67 4.80377e-01
 71   69 1.42038e+00
 71   71 1.86043e+01
 71   73 1.38029e+00
 71   75 4.71630e-01
 71   77 1.89669e-01
 71   79 1.37635e-01
 71   81 1.60429e-01
 71   83 1.30746e-01
 71   85 1.12554e-01
 71   87 1.21835e-01
 71   89 9.19427e-02
 72    0 3.60609e-03
 72    2 1.78871e-02
 72    4 3.05731e-02
 72    6 4.72584e-02
 72    8 5.82762e-02
 72   10 5.39206e-02
 72   12 5.45830e-02
 72   14 6.60511e-02
 72   16 7.79098e-02
 72   18 7.94361e-02
 72   20 6.61249e-02
 72   22 6.02014e-02
 72   24 5.80049e-02
 72   26 5.60696e-02
 72   28 6.04090e-02
 72   30 6.51718e-02
 72   32 6.07036e-02
 72   34 7.16447e-02
 72   36 5.83439e-02
 72   38 6.32850e-02
 72   40 6.87680e-02
 72   42 6.24079e-02
 72   44 6.88377e-02
 72   46 7.12242e-02
 72   48 7.64056e-02
 72   50 7.65672e-02
 72   52 7.67008e-02
 72   54 9.30774e-02
 72   56 1.09750e-01
 72   58 1.01295e-01
 72   60 1.22158e-01
 72   62 1.69197e-01
 72   64 1.64160e-01
 72   66 1.93068e-01
 72   68 4.74327e-01
 72   70 1.38290e+00
 72   72 1.83685e+01
 72   74 1.35371e+00
 72   76 4.63249e-01
 72   78 1.87587e-01
 72   80 1.34573e-01
 72   82 1.49337e-01
 72   84 1.29991e-01
 72   86 1.07627e-01
 72   88 1.17031e-01
 72   90 1.03100e-01
 73    1 9.60134e-03
 73    3 2.32329e-02
 73    5 3.48837e-02
 73    7 5.13361e-02
 73    9 6.94596e-02
 73   11 7.11117e-02
 73   13 6.88316e-02
 73   15 6.83394e-02
 73   17 5.93665e-02
 73   19 5.95405e-02
 73   21 7.02244e-02
 73   23 6.52343e-02
 73   25 6.75109e-02
 73   27 6.98729e-02
 73   29 6.04093e-02
 73   31 7.17312e-02
 73   33 7.51626e-02
 73   35 7.18239e-02
 73   37 6.03722e-02
 73   39 5.36240e-02
 73   41 6.02494e-02
 73   43 6.73531e-02
 73   45 6.83960e-02
 73   47 6.33388e-02
 73   49 6.86188e-02
 73   51 7.05567e-02
 73   53 8.33478e-02
 73   55 9.34965e-02
 73   57 1.09682e-01
 73   59 1.04810e-01
 73   61 1.19272e-01
 73   63 1.80701e-01
 73   65 1.63207e-01
 73   67 1.86217e-01
 73   69 4.62693e-01
 73   71 1.35111e+00
 73   73 1.81554e+01
 73   75 1.32058e+00
 73   77 4.48878e-01
 73   79 1.81170e-01
 73   81 1.48281e-01
 73   83 1.57630e-01
 73   85 1.35264e-01
 73   87 1.24446e-01
 73   89 9.06275e-02
 74    0 2.66280e-03
 74    2 1.50279e-02
 74    4 2.72164e-02
 74    6 3.91530e-02
 74    8 5.67199e-02
 74   10 6.46902e-02
 74   12 6.37877e-02
 74   14 6.34177e-02
 74   16 6.51559e-02
 74   18 6.02824e-02
 74   20 5.83920e-02
 74   22 6.66330e-02
 74   24 6.54544e-02
 74   26 6.33067e-02
 74   28 7.28091e-02
 74   30 6.50731e-02
 74   32 6.43302e-02
 74   34 7.29159e-02
 74   36 6.81326e-02
 74   38 6.25579e-02
 74   40 5.99949e-02
 74   42 5.91878e-02
 74   44 6.69807e-02
 74   46 6.43468e-02
 74   48 6.62531e-02
 74   50 7.12797e-02
 74   52 6.97451e-02
 74   54 7.97397e-02
 74   56 9.40568e-02
 74   58 1.03106e-01
 74   60 1.00926e-01
 74   62 1.22041e-01
 74   64 1.73128e-01
 74   66 1.54155e-01
 74   68 1.88206e-01
 74   70 4.60841e-01
 74   72 1.32573e+00
 74   74 1.79375e+01
 74   76 1.28853e+00
 74   78 4.40024e-01
 74   80 1.78625e-01
 74   82 1.42982e-01
 74   84 1.52832e-01
 74   86 1.28762e-01
 74   88 1.23886e-01
 74   90 8.53051e-02
 75    1 1.10256e-02
 75    3 2.46976e-02
 75    5 3.80041e-02
 75    7 4.86615e-02
 75    9 5.41069e-02
 75   11 5.81445e-02
 75   13 5.87226e-02
 75   15 6.46988e-02
 75   17 6.72716e-02
 75   19 6.53871e-02
 75   21 6.18389e-02
 75   23 6.56586e-02
 75   25 6.18259e-02
 75   27 6.09999e-02
 75   29 6.00838e-02
 75   31 6.09844e-02
 75   33 5.94489e-02
 75   35 5.65398e-02
 75   37 5.33712e-02
 75   39 5.27848e-02
 75   41 6.23460e-02
 75   43 6.12054e-02
 75   45 5.53931e-02
 75   47 6.58528e-02
 75   49 7.01178e-02
 75   51 7.01439e-02
 75   53 7.58386e-02
 75   55 7.86554e-02
 75   57 9.03169e-02
 75   59 1.09219e-01
 75   61 1.08626e-01
 75   63 1.25263e-01
 75   65 1.65069e-01
 75   67 1.57984e-01
 75   69 1.93741e-01
 75   71 4.52331e-01
 75   73 1.29389e+00
 75   75 1.77004e+01
 75   77 1.26818e+00
 75   79 4.37439e-01
 75   81 2.07284e-01
 75   83 1.72634e-01
 75   85 1.55860e-01
 75   87 1.41739e-01
 75   89 9.88026e-02
 76    0 3.88285e-03
 76    2 1.82406e-02
 76    4 2.95721e-02
 76    6 4.35349e-02
 76    8 5.58328e-02
 76   10 5.18320e-02
 76   12 5.11425e-02
 76   14 5.73056e-02
 76   16 6.24404e-02
 76   18 6.51734e-02
 76   20 6.31674e-02
 76   22 6.18409e-02
 76   24 5.91218e-02
 76   26 6.56531e-02
 76   28 5.87615e-02
 76   30 5.84899e-02
 76   32 5.72052e-02
 76   34 5.62367e-02
 76   36 5.50766e-02
 76   38 5.24014e-02
 76   40 5.80946e-02
 76   42 5.59868e-02
 76   44 6.27834e-02
 76   46 5.79746e-02
 76   48 6.29853e-02
 76   50 7.04658e-02
 76   52 7.49740e-02
 76   54 6.77185e-02
 76   56 7.60741e-02
 76   58 9.93629e-02
 76   60 1.02467e-01
 76   62 1.12216e-01
 76   64 1.22445e-01
 76   66 1.70057e-01
 76   68 1.48582e-01
 76   70 1.83732e-01
 76   72 4.44713e-01
 76   74 1.26308e+00
 76   76 1.75022e+01
 76   78 1.23364e+00
 76   80 4.30025e-01
 76   82 2.01809e-01
 76   84 1.66421e-01
 76   86 1.57826e-01
 76   88 1.39371e-01
 76   90 9.42731e-02
 77    1 1.15066e-02
 77    3 2.75205e-02
 77    5 4.74670e-02
 77    7 6.47087e-02
 77    9 6.75465e-02
 77   11 6.24552e-02
 77   13 5.98621e-02
 77   15 6.09572e-02
 77   17 6.54760e-02
 77   19 7.10413e-02
 77   21 5.99369e-02
 77   23 5.50190e-02
 77   25 5.59867e-02
 77   27 5.30677e-02
 77   29 6.18706e-02
 77   31 5.32636e-02
 77   33 5.77374e-02
 77   35 5.95349e-02
 77   37 5.27524e-02
 77   39 5.39454e-02
 77   41 5.22486e-02
 77   43 6.15417e-02
 77   45 5.83732e-02
 77   47 6.03492e-02
 77   49 5.95328e-02
 77   51 7.01731e-02
 77   53 6.67204e-02
 77   55 7.05729e-02
 77   57 7.68050e-02
 77   59 9.22069e-02
 77   61 9.86550e-02
 77   63 9.97498e-02
 77   65 1.19459e-01
 77   67 1.59720e-01
 77   69 1.41853e-01
 77   71 1.78396e-01
 77   73 4.31316e-01
 77   75 1.24370e+00
 77   77 1.72902e+01
 77   79 1.20638e+00
 77   81 4.45941e-01
 77   83 2.32461e-01
 77   85 1.72117e-01
 77   87 1.68568e-01
 77   89 1.11281e-01
 78    0 3.53102e-03
 78    2 1.86981e-02
 78    4 3.51530e-02
 78    6 5.38474e-02
 78    8 6.76418e-02
 78   10 5.87399e-02
 78   12 5.99157e-02
 78   14 6.27557e-02
 78   16 5.80693e-02
 78   18 6.72105e-02
 78   20 6.29857e-02
 78   22 5.54945e-02
 78   24 5.61336e-02
 78   26 5.15869e-02
 78   28 5.62806e-02
 78   30 5.59431e-02
 78   32 5.34300e-02
 78   34 5.15890e-02
 78   36 5.81448e-02
 78   38 5.26857e-02
 78   40 5.11991e-02
 78   42 5.16274e-02
 78   44 5.19253e-02
 78   46 5.55464e-02
 78   48 5.81054e-02
 78   50 6.93414e-02
 78   52 6.33297e-02
 78   54 6.61270e-02
 78   56 6.87959e-02
 78   58 8.17900e-02
 78   60 8.57273e-02
 78   62 9.67782e-02
 78   64 9.68031e-02
 78   66 1.20995e-01
 78   68 1.51995e-01
 78   70 1.51990e-01
 78   72 1.76684e-01
 78   74 4.23194e-01
 78   76 1.21037e+00
 78   78 1.71140e+01
 78   80 1.17941e+00
 78   82 4.41531e-01
 78   84 2.29739e-01
 78   86 1.66733e-01
 78   88 1.59674e-01
 78   90 1.13521e-01
 79    1 9.50121e-03
 79    3 2.23949e-02
 79    5 3.49221e-02
 79    7 5.08332e-02
 79    9 5.61296e-02
 79   11 5.00281e-02
 79   13 5.88738e-02
 79   15 6.24937e-02
 79   17 6.06442e-02
 79   19 6.13810e-02
 79   21 6.40380e-02
 79   23 7.88032e-02
 79   25 8.13351e-02
 79   27 7.39988e-02
 79   29 6.88036e-02
 79   31 6.49248e-02
 79   33 6.40375e-02
 79   35 6.57037e-02
 79   37 6.18508e-02
 79   39 5.85783e-02
 79   41 6.09249e-02
 79   43 5.90348e-02
 79   45 6.24586e-02
 79   47 6.45398e-02
 79   49 6.01683e-02
 79   51 6.62113e-02
 79   53 5.94373e-02
 79   55 5.99626e-02
 79   57 7.17382e-02
 79   59 6.59840e-02
 79   61 7.62682e-02
 79   63 8.43210e-02
 79   65 8.78278e-02
 79   67 1.08586e-01
 79   69 1.42851e-01
 79   71 1.27068e-01
 79   73 1.70873e-01
 79   75 4.21084e-01
 79   77 1.18414e+00
 79   79 1.69326e+01
 79   81 1.17697e+00
 79   83 4.50836e-01
 79   85 2.28335e-01
 79   87 1.88764e-01
 79   89 1.43947e-01
 80    0 2.64429e-03
 80    2 1.68423e-02
 80    4 2.71513e-02
 80    6 3.70286e-02
 80    8 5.41732e-02
 80   10 5.49244e-02
 80   12 4.72786e-02
 80   14 5.37789e-02
 80   16 5.57339e-02
 80   18 5.77433e-02
 80   20 6.58458e-02
 80   22 6.38434e-02
 80   24 6.88992e-02
 80   26 7.92092e-02
 80   28 7.60672e-02
 80   30 6.87217e-02
 80   32 6.28706e-02
 80   34 6.18936e-02
 80   36 6.47336e-02
 80   38 6.31607e-02
 80   40 5.77569e-02
 80   42 5.61496e-02
 80   44 6.04815e-02
 80   46 6.88446e-02
 80   48 6.04211e-02
 80   50 5.99340e-02
 80   52 6.30287e-02
 80   54 6.20571e-02
 80   56 6.08064e-02
 80   58 6.47963e-02
 80   60 6.73981e-02
 80   62 7.53409e-02
 80   64 8.26974e-02
 80   66 8.54926e-02
 80   68 1.07765e-01
 80   70 1.39080e-01
 80   72 1.24467e-01
 80   74 1.68698e-01
 80   76 4.14312e-01
 80   78 1.15817e+00
 80   80 1.67459e+01
 80   82 1.15124e+00
 80   84 4.44063e-01
 80   86 2.27086e-01
 80   88 1.84752e-01
 80   90 1.38990e-01
 81    1 1.12520e-02
 81    3 3.07223e-02
 81    5 4.73254e-02
 81    7 6.12395e-02
 81    9 6.47959e-02
 81   11 5.25504e-02
 81   13 5.32464e-02
 81   15 5.73794e-02
 81   17 6.53577e-02
 81   19 6.26320e-02
 81   21 5.94927e-02
 81   23 5.05346e-02
 81   25 5.44856e-02
 81   27 4.98511e-02
 81   29 5.02201e-02
 81   31 5.38406e-02
 81   33 5.03996e-02
 81   35 5.11803e-02
 81   37 5.43787e-02
 81   39 4.78351e-02
 81   41 5.04203e-02
 81   43 5.04825e-02
 81   45 5.26693e-02
 81   47 5.80569e-02
 81   49 5.24489e-02
 81   51 5.44817e-02
 81   53 5.84745e-02
 81   55 5.81734e-02
 81   57 6.20827e-02
 81   59 6.05234e-02
 81   61 6.93993e-02
 81   63 7.77612e-02
 81   65 8.43644e-02
 81   67 8.99933e-02
 81   69 1.13267e-01
 81   71 1.45506e-01
 81   73 1.37392e-01
 81   75 1.96023e-01
 81   77 4.30017e-01
 81   79 1.15626e+00
 81   81 1.65325e+01
 81   83 1.15464e+00
 81   85 4.43083e-01
 81   87 2.54405e-01
 81   89 1.79463e-01
 82    0 3.66521e-03
 82    2 1.83979e-02
 82    4 3.78621e-02
 82    6 5.80912e-02
 82    8 6.77625e-02
 82   10 5.65008e-02
 82   12 5.02756e-02
 82   14 5.04189e-02
 82   16 6.13130e-02
 82   18 6.57541e-02
 82   20 5.47236e-02
 82   22 5.55715e-02
 82   24 5.54770e-02
 82   26 4.89673e-02
 82   28 5.51271e-02
 82   30 4.77103e-02
 82   32 4.93536e-02
 82   34 5.04417e-02
 82   36 5.20693e-02
 82   38 4.94390e-02
 82   40 5.07266e-02
 82   42 5.34389e-02
 82   44 4.45098e-02
 82   46 5.52040e-02
 82   48 5.67415e-02
 82   50 5.17925e-02
 82   52 5.83426e-02
 82   54 5.80501e-02
 82   56 6.09333e-02
 82   58 5.26698e-02
 82   60 6.19409e-02
 82   62 6.87113e-02
 82   64 7.22379e-02
 82   66 8.29602e-02
 82   68 8.24053e-02
 82   70 1.18628e-01
 82   72 1.35750e-01
 82   74 1.32715e-01
 82   76 1.91093e-01
 82   78 4.26128e-01
 82   80 1.13146e+00
 82   82 1.63573e+01
 82   84 1.13473e+00
 82   86 4.32644e-01
 82   88 2.53476e-01
 82   90 1.67192e-01
 83    1 7.73497e-03
 83    3 1.62647e-02
 83    5 2.66642e-02
 83    7 3.73870e-02
 83    9 4.56346e-02
 83   11 4.80990e-02
 83   13 4.72557e-02
 83   15 4.85590e-02
 83   17 4.72381e-02
 83   19 4.75135e-02
 83   21 5.85761e-02
 83   23 6.24294e-02
 83   25 6.17252e-02
 83   27 6.43646e-02
 83   29 6.28022e-02
 83   31 5.71248e-02
 83   33 5.95471e-02
 83   35 5.23949e-02
 83   37 4.59482e-02
 83   39 5.28707e-02
 83   41 5.63543e-02
 83   43 4.90958e-02
 83   45 4.98942e-02
 83   47 5.75057e-02
 83   49 5.82699e-02
 83   51 4.72750e-02
 83   53 5.65161e-02
 83   55 5.51778e-02
 83   57 5.39764e-02
 83   59 6.08813e-02
 83   61 6.24353e-02
 83   63 6.07292e-02
 83   65 7.37909e-02
 83   67 8.26840e-02
 83   69 1.01096e-01
 83   71 1.16594e-01
 83   73 1.43604e-01
 83   75 1.60516e-01
 83   77 2.20400e-01
 83   79 4.35472e-01
 83   81 1.13527e+00
 83   83 1.60606e+01
 83   85 1.11095e+00
 83   87 4.53126e-01
 83   89 2.34354e-01
 84    0 2.65272e-03
 84    2 1.16332e-02
 84    4 2.02264e-02
 84    6 3.00113e-02
 84    8 4.15072e-02
 84   10 4.36473e-02
 84   12 4.73088e-02
 84   14 4.85885e-02
 84   16 4.22820e-02
 84   18 4.13453e-02
 84   20 4.94377e-02
 84   22 5.46475e-02
 84   24 6.22637e-02
 84   26 6.29394e-02
 84   28 6.14311e-02
 84   30 6.05943e-02
 84   32 5.91648e-02
 84   34 5.63390e-02
 84   36 5.35646e-02
 84   38 4.58955e-02
 84   40 4.96257e-02
 84   42 5.79891e-02
 84   44 4.95994e-02
 84   46 5.04267e-02
 84   48 5.81830e-02
 84   50 5.41548e-02
 84   52 5.22506e-02
 84   54 5.65593e-02
 84   56 5.37003e-02
 84   58 4.71321e-02
 84   60 5.80856e-02
 84   62 6.16266e-02
 84   64 6.62886e-02
 84   66 6.95580e-02
 84   68 7.65113e-02
 84   70 9.28020e-02
 84   72 1.16228e-01
 84   74 1.39535e-01
 84   76 1.55003e-01
 84   78 2.18093e-01
 84   80 4.29285e-01
 84   82 1.11614e+00
 84   84 1.58890e+01
 84   86 1.09273e+00
 84   88 4.42236e-01
 84   90 2.37577e-01
 85    1 1.22490e-02
 85    3 2.73928e-02
 85    5 4.09923e-02
 85    7 5.67206e-02
 85    9 6.71141e-02
 85   11 5.14078e-02
 85   13 5.17392e-02
 85   15 4.76975e-02
 85   17 4.60663e-02
 85   19 4.75357e-02
 85   21 5.30712e-02
 85   23 4.75943e-02
 85   25 5.13855e-02
 85   27 4.84790e-02
 85   29 5.08006e-02
 85   31 5.82136e-02
 85   33 5.07592e-02
 85   35 4.45907e-02
 85   37 5.18834e-02
 85   39 4.53277e-02
 85   41 4.64250e-02
 85   43 6.34856e-02
 85   45 5.45483e-02
 85   47 4.94336e-02
 85   49 5.92896e-02
 85   51 5.97083e-02
 85   53 5.18420e-02
 85   55 5.54664e-02
 85   57 5.77956e-02
 85   59 5.54139e-02
 85   61 6.00234e-02
 85   63 6.42832e-02
 85   65 7.17917e-02
 85   67 7.77803e-02
 85   69 8.62916e-02
 85   71 9.87667e-02
 85   73 1.21259e-01
 85   75 1.42603e-01
 85   77 1.60579e-01
 85   79 2.17029e-01
 85   81 4.28686e-01
 85   83 1.09319e+00
 85   85 1.57392e+01
 85   87 1.12522e+00
 85   89 4.31853e-01
 86    0 4.17573e-03
 86    2 1.98900e-02
 86    4 3.42210e-02
 86    6 4.86766e-02
 86    8 6.12394e-02
 86   10 6.12248e-02
 86   12 5.08661e-02
 86   14 4.84117e-02
 86   16 4.78375e-02
 86   18 4.23961e-02
 86   20 4.78514e-02
 86   22 4.98475e-02
 86   24 4.76596e-02
 86   26 5.10830e-02
 86   28 4.79662e-02
 86   30 4.51050e-02
 86   32 5.17161e-02
 86   34 5.06900e-02
 86   36 4.95891e-02
 86   38 5.17004e-02
 86   40 4.10573e-02
 86   42 4.28083e-02
 86   44 5.85054e-02
 86   46 5.67014e-02
 86   48 4.71618e-02
 86   50 5.95524e-02
 86   52 5.78091e-02
 86   54 5.00820e-02
 86   56 5.39199e-02
 86   58 5.93776e-02
 86   60 5.32661e-02
 86   62 5.39792e-02
 86   64 6.72491e-02
 86   66 6.93543e-02
 86   68 7.48622e-02
 86   70 8.46478e-02
 86   72 9.47317e-02
 86   74 1.15726e-01
 86   76 1.44706e-01
 86   78 1.55813e-01
 86   80 2.16105e-01
 86   82 4.18921e-01
 86   84 1.07569e+00
 86   86 1.55809e+01
 86   88 1.10764e+00
 86   90 4.18242e-01
 87    1 5.92894e-03
 87    3 1.22397e-02
 87    5 2.29746e-02
 87    7 3.14940e-02
 87    9 3.39069e-02
 87   11 3.57283e-02
 87   13 3.35343e-02
 87   15 3.05444e-02
 87   17 3.35687e-02
 87   19 3.31912e-02
 87   21 3.68419e-02
 87   23 4.46271e-02
 87   25 3.74468e-02
 87   27 3.82056e-02
 87   29 4.31907e-02
 87   31 4.17753e-02
 87   33 4.30829e-02
 87   35 3.81119e-02
 87   37 4.64197e-02
 87   39 4.58606e-02
 87   41 4.28162e-02
 87   43 4.42967e-02
 87   45 5.23277e-02
 87   47 5.07983e-02
 87   49 5.02269e-02
 87   51 5.59643e-02
 87   53 5.78814e-02
 87   55 5.37279e-02
 87   57 6.45928e-02
 87   59 6.66038e-02
 87   61 6.45524e-02
 87   63 7.39326e-02
 87   65 7.60963e-02
 87   67 7.93798e-02
 87   69 8.92825e-02
 87   71 1.05285e-01
 87   73 1.09864e-01
 87   75 1.27711e-01
 87   77 1.54874e-01
 87   79 1.76688e-01
 87   81 2.42394e-01
 87   83 4.39101e-01
 87   85 1.10810e+00
 87   87 1.54053e+01
 87   89 1.22458e+00
 88    0 1.68109e-03
 88    2 8.46792e-03
 88    4 1.65927e-02
 88    6 2.38939e-02
 88    8 3.38468e-02
 88   10 3.13985e-02
 88   12 3.02478e-02
 88   14 3.02214e-02
 88   16 3.21835e-02
 88   18 3.03791e-02
 88   20 3.22124e-02
 88   22 3.65487e-02
 88   24 3.67521e-02
 88   26 4.04666e-02
 88   28 3.96057e-02
 88   30 3.57793e-02
 88   32 4.38141e-02
 88   34 4.24189e-02
 88   36 4.01843e-02
 88   38 4.28562e-02
 88   40 4.74768e-02
 88   42 4.17195e-02
 88   44 4.93750e-02
 88   46 5.25970e-02
 88   48 4.79616e-02
 88   50 5.16221e-02
 88   52 5.70324e-02
 88   54 6.23674e-02
 88   56 5.35173e-02
 88   58 6.06768e-02
 88   60 6.62141e-02
 88   62 6.68521e-02
 88   64 6.93195e-02
 88   66 7.43674e-02
 88   68 7.71444e-02
 88   70 8.83632e-02
 88   72 1.01481e-01
 88   74 1.09692e-01
 88   76 1.25890e-01
 88   78 1.47003e-01
 88   80 1.73211e-01
 88   82 2.41796e-01
 88   84 4.28883e-01
 88   86 1.09121e+00
 88   88 1.52469e+01
 88   90 1.19756e+00
 89    1 1.01092e-02
 89    3 2.44181e-02
 89    5 3.71676e-02
 89    7 5.30899e-02
 89    9 6.30311e-02
 89   11 4.53844e-02
 89   13 4.65663e-02
 89   15 4.66635e-02
 89   17 4.85424e-02
 89   19 4.72202e-02
 89   21 4.47244e-02
 89   23 4.20068e-02
 89   25 4.76099e-02
 89   27 4.80806e-02
 89   29 5.74878e-02
 89   31 5.01384e-02
 89   33 4.64334e-02
 89   35 4.69103e-02
 89   37 4.33976e-02
 89   39 5.86657e-02
 89   41 4.82443e-02
 89   43 4.51061e-02
 89   45 5.30955e-02
 89   47 5.71688e-02
 89   49 6.13861e-02
 89   51 5.42158e-02
 89   53 5.18574e-02
 89   55 5.39028e-02
 89   57 5.49644e-02
 89   59 6.00633e-02
 89   61 7.20151e-02
 89   63 5.83932e-02
 89   65 5.66505e-02
 89   67 6.15854e-02
 89   69 8.07338e-02
 89   71 7.83047e-02
 89   73 7.88515e-02
 89   75 8.77372e-02
 89   77 1.00763e-01
 89   79 1.32791e-01
 89   81 1.68518e-01
 89   83 2.23818e-01
 89   85 4.19137e-01
 89   87 1.20688e+00
 89   89 1.61274e+01
 90    0 3.38198e-03
 90    2 1.92991e-02
 90    4 3.20246e-02
 90    6 4.49374e-02
 90    8 5.66232e-02
 90   10 4.80868e-02
 90   12 4.73163e-02
 90   14 4.61585e-02
 90   16 4.63566e-02
 90   18 4.65533e-02
 90   20 4.52057e-02
 90   22 4.20734e-02
 90   24 4.79868e-02
 90   26 4.46519e-02
 90   28 4.85453e-02
 90   30 5.51149e-02
 90   32 4.73512e-02
 90   34 4.59122e-02
 90   36 4.60340e-02
 90   38 5.12084e-02
 90   40 4.32247e-02
 90   42 5.15494e-02
 90   44 4.95226e-02
 90   46 4.80372e-02
 90   48 6.04232e-02
 90   50 5.16672e-02
 90   52 4.81548e-02
 90   54 5.72991e-02
 90   56 5.07147e-02
 90   58 5.35067e-02
 90   60 5.89240e-02
 90   62 6.07536e-02
 90   64 6.59320e-02
 90   66 5.59930e-02
 90   68 5.93176e-02
 90   70 7.15359e-02
 90   72 8.81421e-02
 90   74 7.44679e-02
 90   76 8.39549e-02
 90   78 1.03041e-01
 90   80 1.28472e-01
 90   82 1.57242e-01
 90   84 2.27159e-01
 90   86 4.06236e-01
 90   88 1.18069e+00
