# C+CO2(ji) -> C+CO2(jf) molscat cross sections, CS8_JMAX90 approx. (written on 08/06/2020); 
# E=8240.000000 (1/cm) = 1.02162978652 eV
# ji  jf sigma(ji,jf) (1e-16 cm^2)
  0    0 1.99154e+02
  0    2 2.66361e+01
  0    4 1.20122e+01
  0    6 6.03346e+00
  0    8 3.04357e+00
  0   10 1.79568e+00
  0   12 1.66758e+00
  0   14 1.45524e+00
  0   16 1.08966e+00
  0   18 1.12798e+00
  0   20 1.13796e+00
  0   22 9.25198e-01
  0   24 8.69824e-01
  0   26 9.40860e-01
  0   28 8.58167e-01
  0   30 7.72114e-01
  0   32 7.75674e-01
  0   34 7.41321e-01
  0   36 7.12032e-01
  0   38 6.57156e-01
  0   40 6.42326e-01
  0   42 6.13693e-01
  0   44 6.34108e-01
  0   46 5.90588e-01
  0   48 5.92153e-01
  0   50 5.76241e-01
  0   52 6.48283e-01
  0   54 5.38116e-01
  0   56 6.84895e-01
  0   58 5.07546e-01
  0   60 7.57063e-01
  0   62 4.40138e-01
  0   64 7.98318e-01
  0   66 3.96237e-01
  0   68 7.04827e-01
  0   70 3.60330e-01
  0   72 5.89563e-01
  0   74 3.28313e-01
  0   76 5.65930e-01
  0   78 3.92510e-01
  0   80 5.66743e-01
  0   82 4.20498e-01
  0   84 4.65344e-01
  0   86 5.45315e-01
  0   88 2.05915e-01
  0   90 3.09746e-01
  1    1 2.09821e+02
  1    3 2.13266e+01
  1    5 9.47236e+00
  1    7 4.67245e+00
  1    9 2.46096e+00
  1   11 1.74828e+00
  1   13 1.58386e+00
  1   15 1.29281e+00
  1   17 1.10503e+00
  1   19 1.12456e+00
  1   21 1.03320e+00
  1   23 9.07690e-01
  1   25 9.12447e-01
  1   27 8.97549e-01
  1   29 8.17382e-01
  1   31 7.76165e-01
  1   33 7.65551e-01
  1   35 7.23785e-01
  1   37 6.71120e-01
  1   39 6.38646e-01
  1   41 6.25046e-01
  1   43 6.24402e-01
  1   45 6.01919e-01
  1   47 5.98543e-01
  1   49 5.80353e-01
  1   51 6.40117e-01
  1   53 5.67732e-01
  1   55 6.57894e-01
  1   57 5.33503e-01
  1   59 7.54688e-01
  1   61 4.90221e-01
  1   63 7.75689e-01
  1   65 4.20831e-01
  1   67 7.34325e-01
  1   69 4.07177e-01
  1   71 6.06773e-01
  1   73 3.39148e-01
  1   75 5.89099e-01
  1   77 3.95427e-01
  1   79 5.56055e-01
  1   81 4.30074e-01
  1   83 4.88081e-01
  1   85 5.71784e-01
  1   87 2.16701e-01
  1   89 3.17962e-01
  2    0 5.32874e+00
  2    2 2.10230e+02
  2    4 1.87078e+01
  2    6 7.98978e+00
  2    8 3.96734e+00
  2   10 2.29859e+00
  2   12 1.66138e+00
  2   14 1.42067e+00
  2   16 1.25806e+00
  2   18 1.11989e+00
  2   20 1.05563e+00
  2   22 9.89723e-01
  2   24 9.21281e-01
  2   26 8.84781e-01
  2   28 8.61807e-01
  2   30 8.11130e-01
  2   32 7.60073e-01
  2   34 7.44447e-01
  2   36 7.04510e-01
  2   38 6.71529e-01
  2   40 6.39057e-01
  2   42 6.25486e-01
  2   44 6.20107e-01
  2   46 5.94053e-01
  2   48 6.03863e-01
  2   50 5.68689e-01
  2   52 6.26576e-01
  2   54 5.72883e-01
  2   56 6.62783e-01
  2   58 5.25271e-01
  2   60 7.18201e-01
  2   62 4.75214e-01
  2   64 7.62423e-01
  2   66 4.15945e-01
  2   68 6.66488e-01
  2   70 4.06558e-01
  2   72 5.98960e-01
  2   74 3.35601e-01
  2   76 5.73499e-01
  2   78 4.06246e-01
  2   80 5.40777e-01
  2   82 4.20127e-01
  2   84 4.68112e-01
  2   86 5.52755e-01
  2   88 2.14867e-01
  2   90 2.99676e-01
  3    1 9.14430e+00
  3    3 2.09946e+02
  3    5 1.71594e+01
  3    7 7.16431e+00
  3    9 3.66882e+00
  3   11 2.17332e+00
  3   13 1.54816e+00
  3   15 1.39148e+00
  3   17 1.24511e+00
  3   19 1.04832e+00
  3   21 1.01442e+00
  3   23 1.00271e+00
  3   25 9.07122e-01
  3   27 8.55788e-01
  3   29 8.45135e-01
  3   31 8.05976e-01
  3   33 7.53255e-01
  3   35 7.19992e-01
  3   37 6.86963e-01
  3   39 6.54771e-01
  3   41 6.36870e-01
  3   43 6.25052e-01
  3   45 6.08612e-01
  3   47 6.08134e-01
  3   49 5.82681e-01
  3   51 6.21698e-01
  3   53 5.99287e-01
  3   55 6.36882e-01
  3   57 5.59299e-01
  3   59 6.94778e-01
  3   61 5.30867e-01
  3   63 7.27851e-01
  3   65 4.62309e-01
  3   67 6.78129e-01
  3   69 4.57382e-01
  3   71 6.18128e-01
  3   73 3.47674e-01
  3   75 5.79344e-01
  3   77 4.20910e-01
  3   79 5.45684e-01
  3   81 4.36042e-01
  3   83 4.83031e-01
  3   85 5.68012e-01
  3   87 2.26543e-01
  3   89 3.13774e-01
  4    0 1.33596e+00
  4    2 1.04001e+01
  4    4 2.09585e+02
  4    6 1.62252e+01
  4    8 6.75109e+00
  4   10 3.47455e+00
  4   12 2.03014e+00
  4   14 1.50127e+00
  4   16 1.36699e+00
  4   18 1.19000e+00
  4   20 1.03272e+00
  4   22 1.01763e+00
  4   24 9.70830e-01
  4   26 8.82355e-01
  4   28 8.50149e-01
  4   30 8.28568e-01
  4   32 7.81305e-01
  4   34 7.31092e-01
  4   36 7.14420e-01
  4   38 6.79177e-01
  4   40 6.52572e-01
  4   42 6.28444e-01
  4   44 6.13801e-01
  4   46 6.09321e-01
  4   48 6.04282e-01
  4   50 5.75052e-01
  4   52 6.09880e-01
  4   54 6.00759e-01
  4   56 6.37427e-01
  4   58 5.68062e-01
  4   60 6.34854e-01
  4   62 5.41110e-01
  4   64 6.85687e-01
  4   66 4.61716e-01
  4   68 6.39380e-01
  4   70 4.61004e-01
  4   72 6.00391e-01
  4   74 3.51951e-01
  4   76 5.76091e-01
  4   78 4.19975e-01
  4   80 5.30303e-01
  4   82 4.15997e-01
  4   84 4.66431e-01
  4   86 5.51450e-01
  4   88 2.09438e-01
  4   90 3.02315e-01
  5    1 2.58680e+00
  5    3 1.09289e+01
  5    5 2.09468e+02
  5    7 1.57021e+01
  5    9 6.46495e+00
  5   11 3.28436e+00
  5   13 1.97770e+00
  5   15 1.49055e+00
  5   17 1.30429e+00
  5   19 1.15139e+00
  5   21 1.03179e+00
  5   23 1.00145e+00
  5   25 9.52817e-01
  5   27 8.68403e-01
  5   29 8.38850e-01
  5   31 8.21492e-01
  5   33 7.71638e-01
  5   35 7.19379e-01
  5   37 6.91422e-01
  5   39 6.74616e-01
  5   41 6.47597e-01
  5   43 6.30681e-01
  5   45 6.20355e-01
  5   47 6.06032e-01
  5   49 6.04389e-01
  5   51 6.10968e-01
  5   53 6.15004e-01
  5   55 6.20715e-01
  5   57 6.00326e-01
  5   59 6.24138e-01
  5   61 5.86550e-01
  5   63 6.55658e-01
  5   65 5.23101e-01
  5   67 6.27314e-01
  5   69 5.02032e-01
  5   71 6.18151e-01
  5   73 3.67743e-01
  5   75 5.81923e-01
  5   77 4.30247e-01
  5   79 5.42892e-01
  5   81 4.48971e-01
  5   83 4.72731e-01
  5   85 5.55837e-01
  5   87 2.19597e-01
  5   89 3.20315e-01
  6    0 4.65037e-01
  6    2 3.07824e+00
  6    4 1.12446e+01
  6    6 2.09424e+02
  6    8 1.53389e+01
  6   10 6.21689e+00
  6   12 3.18284e+00
  6   14 1.93496e+00
  6   16 1.42975e+00
  6   18 1.28149e+00
  6   20 1.15758e+00
  6   22 1.01513e+00
  6   24 9.73202e-01
  6   26 9.39188e-01
  6   28 8.60212e-01
  6   30 8.17834e-01
  6   32 7.94762e-01
  6   34 7.57629e-01
  6   36 7.12779e-01
  6   38 6.93561e-01
  6   40 6.61121e-01
  6   42 6.41387e-01
  6   44 6.27925e-01
  6   46 6.20884e-01
  6   48 5.94815e-01
  6   50 6.06131e-01
  6   52 6.02276e-01
  6   54 6.29587e-01
  6   56 5.97549e-01
  6   58 6.03727e-01
  6   60 5.82068e-01
  6   62 5.92139e-01
  6   64 6.13181e-01
  6   66 5.24271e-01
  6   68 5.86140e-01
  6   70 5.03131e-01
  6   72 6.04601e-01
  6   74 3.73016e-01
  6   76 5.71299e-01
  6   78 4.21233e-01
  6   80 5.24668e-01
  6   82 4.34305e-01
  6   84 4.50534e-01
  6   86 5.38316e-01
  6   88 2.07510e-01
  6   90 3.13184e-01
  7    1 9.36886e-01
  7    3 3.35033e+00
  7    5 1.15291e+01
  7    7 2.09547e+02
  7    9 1.50242e+01
  7   11 6.07025e+00
  7   13 3.11931e+00
  7   15 1.87687e+00
  7   17 1.40467e+00
  7   19 1.27114e+00
  7   21 1.13864e+00
  7   23 1.00173e+00
  7   25 9.65106e-01
  7   27 9.29467e-01
  7   29 8.50693e-01
  7   31 8.12378e-01
  7   33 7.89340e-01
  7   35 7.40942e-01
  7   37 7.00021e-01
  7   39 6.75699e-01
  7   41 6.64269e-01
  7   43 6.41316e-01
  7   45 6.29274e-01
  7   47 6.13775e-01
  7   49 6.24524e-01
  7   51 6.06866e-01
  7   53 6.36135e-01
  7   55 5.93325e-01
  7   57 6.34300e-01
  7   59 5.87223e-01
  7   61 6.20641e-01
  7   63 6.01000e-01
  7   65 5.73552e-01
  7   67 5.79442e-01
  7   69 5.28794e-01
  7   71 6.16220e-01
  7   73 3.94041e-01
  7   75 5.90628e-01
  7   77 4.31532e-01
  7   79 5.29218e-01
  7   81 4.57758e-01
  7   83 4.72130e-01
  7   85 5.40860e-01
  7   87 2.18002e-01
  7   89 3.29995e-01
  8    0 1.79646e-01
  8    2 1.17052e+00
  8    4 3.58294e+00
  8    6 1.17465e+01
  8    8 2.09532e+02
  8   10 1.48148e+01
  8   12 5.94610e+00
  8   14 3.02229e+00
  8   16 1.84086e+00
  8   18 1.39898e+00
  8   20 1.25447e+00
  8   22 1.11768e+00
  8   24 9.90474e-01
  8   26 9.49468e-01
  8   28 9.08899e-01
  8   30 8.33595e-01
  8   32 7.93888e-01
  8   34 7.74510e-01
  8   36 7.42287e-01
  8   38 6.94826e-01
  8   40 6.75629e-01
  8   42 6.62777e-01
  8   44 6.42228e-01
  8   46 6.29198e-01
  8   48 6.05166e-01
  8   50 6.25802e-01
  8   52 6.08064e-01
  8   54 6.37307e-01
  8   56 5.74047e-01
  8   58 6.27927e-01
  8   60 5.59515e-01
  8   62 6.22290e-01
  8   64 5.66600e-01
  8   66 5.69126e-01
  8   68 5.44235e-01
  8   70 5.20236e-01
  8   72 6.03350e-01
  8   74 4.01442e-01
  8   76 5.61982e-01
  8   78 4.24221e-01
  8   80 5.17029e-01
  8   82 4.45104e-01
  8   84 4.41444e-01
  8   86 5.31587e-01
  8   88 2.10186e-01
  8   90 3.23194e-01
  9    1 3.90199e-01
  9    3 1.35668e+00
  9    5 3.75355e+00
  9    7 1.18804e+01
  9    9 1.80200e+02
  9   11 1.38439e+01
  9   13 5.52375e+00
  9   15 2.75269e+00
  9   17 1.64776e+00
  9   19 1.22928e+00
  9   21 1.10243e+00
  9   23 9.95608e-01
  9   25 8.80341e-01
  9   27 8.45877e-01
  9   29 8.19041e-01
  9   31 7.51736e-01
  9   33 7.12646e-01
  9   35 6.95548e-01
  9   37 6.61043e-01
  9   39 6.34451e-01
  9   41 6.22666e-01
  9   43 6.05833e-01
  9   45 5.93678e-01
  9   47 5.84453e-01
  9   49 5.88994e-01
  9   51 5.79156e-01
  9   53 5.95527e-01
  9   55 5.50123e-01
  9   57 6.13956e-01
  9   59 5.42305e-01
  9   61 6.01521e-01
  9   63 5.31711e-01
  9   65 5.68044e-01
  9   67 5.18178e-01
  9   69 5.14924e-01
  9   71 5.71244e-01
  9   73 4.01572e-01
  9   75 5.66681e-01
  9   77 4.08971e-01
  9   79 5.02335e-01
  9   81 4.38973e-01
  9   83 4.39870e-01
  9   85 5.09696e-01
  9   87 1.97611e-01
  9   89 3.09195e-01
 10    0 8.59561e-02
 10    2 5.49992e-01
 10    4 1.49547e+00
 10    6 3.86101e+00
 10    8 1.20146e+01
 10   10 1.58258e+02
 10   12 1.28118e+01
 10   14 5.19969e+00
 10   16 2.57752e+00
 10   18 1.51134e+00
 10   20 1.10722e+00
 10   22 1.00007e+00
 10   24 8.93960e-01
 10   26 7.78838e-01
 10   28 7.47865e-01
 10   30 7.26045e-01
 10   32 6.65446e-01
 10   34 6.40537e-01
 10   36 6.22610e-01
 10   38 5.96170e-01
 10   40 5.70299e-01
 10   42 5.61771e-01
 10   44 5.47379e-01
 10   46 5.30250e-01
 10   48 5.20175e-01
 10   50 5.34396e-01
 10   52 5.19835e-01
 10   54 5.29124e-01
 10   56 4.78010e-01
 10   58 5.42880e-01
 10   60 4.65112e-01
 10   62 5.33359e-01
 10   64 4.46165e-01
 10   66 5.09710e-01
 10   68 4.28471e-01
 10   70 4.51309e-01
 10   72 4.73200e-01
 10   74 3.56353e-01
 10   76 4.73099e-01
 10   78 3.48757e-01
 10   80 4.24762e-01
 10   82 3.70125e-01
 10   84 3.58758e-01
 10   86 4.21884e-01
 10   88 1.50900e-01
 10   90 2.45521e-01
 11    1 2.29449e-01
 11    3 6.65229e-01
 11    5 1.57842e+00
 11    7 3.97320e+00
 11    9 1.14591e+01
 11   11 1.41638e+02
 11   13 1.17950e+01
 11   15 4.91428e+00
 11   17 2.42712e+00
 11   19 1.40557e+00
 11   21 1.03424e+00
 11   23 9.31219e-01
 11   25 8.34363e-01
 11   27 7.28754e-01
 11   29 6.98323e-01
 11   31 6.76371e-01
 11   33 6.19375e-01
 11   35 5.86014e-01
 11   37 5.79668e-01
 11   39 5.61001e-01
 11   41 5.36011e-01
 11   43 5.17008e-01
 11   45 5.09933e-01
 11   47 4.95872e-01
 11   49 5.01796e-01
 11   51 4.88730e-01
 11   53 4.86007e-01
 11   55 4.52949e-01
 11   57 5.02816e-01
 11   59 4.25229e-01
 11   61 4.84291e-01
 11   63 3.91823e-01
 11   65 4.70909e-01
 11   67 3.67253e-01
 11   69 4.30435e-01
 11   71 4.03693e-01
 11   73 3.29013e-01
 11   75 4.30172e-01
 11   77 3.32866e-01
 11   79 3.72138e-01
 11   81 3.15751e-01
 11   83 3.29175e-01
 11   85 3.41930e-01
 11   87 1.37980e-01
 11   89 2.14211e-01
 12    0 6.71995e-02
 12    2 3.34655e-01
 12    4 7.35592e-01
 12    6 1.66408e+00
 12    8 4.05955e+00
 12   10 1.07855e+01
 12   12 1.28557e+02
 12   14 1.08461e+01
 12   16 4.61607e+00
 12   18 2.28287e+00
 12   20 1.32292e+00
 12   22 9.57885e-01
 12   24 8.53758e-01
 12   26 7.58536e-01
 12   28 6.61179e-01
 12   30 6.32943e-01
 12   32 6.24776e-01
 12   34 5.69310e-01
 12   36 5.38764e-01
 12   38 5.33194e-01
 12   40 5.14379e-01
 12   42 4.92160e-01
 12   44 4.76398e-01
 12   46 4.62935e-01
 12   48 4.54968e-01
 12   50 4.57925e-01
 12   52 4.44799e-01
 12   54 4.31885e-01
 12   56 4.06942e-01
 12   58 4.41162e-01
 12   60 3.74296e-01
 12   62 4.27788e-01
 12   64 3.30773e-01
 12   66 4.40781e-01
 12   68 3.01385e-01
 12   70 3.99280e-01
 12   72 3.08787e-01
 12   74 3.03652e-01
 12   76 3.45198e-01
 12   78 2.99312e-01
 12   80 2.95899e-01
 12   82 2.58485e-01
 12   84 2.68173e-01
 12   86 2.92816e-01
 12   88 1.22182e-01
 12   90 1.94497e-01
 13    1 1.77498e-01
 13    3 4.04634e-01
 13    5 8.11579e-01
 13    7 1.74338e+00
 13    9 3.90417e+00
 13   11 1.00716e+01
 13   13 1.18043e+02
 13   15 9.98622e+00
 13   17 4.33807e+00
 13   19 2.17120e+00
 13   21 1.25328e+00
 13   23 9.03058e-01
 13   25 8.06675e-01
 13   27 7.18437e-01
 13   29 6.18513e-01
 13   31 5.92052e-01
 13   33 5.76305e-01
 13   35 5.30676e-01
 13   37 5.04232e-01
 13   39 5.04828e-01
 13   41 4.79941e-01
 13   43 4.56172e-01
 13   45 4.39870e-01
 13   47 4.41703e-01
 13   49 4.30401e-01
 13   51 4.23852e-01
 13   53 3.81856e-01
 13   55 3.97227e-01
 13   57 3.86595e-01
 13   59 3.53524e-01
 13   61 3.70547e-01
 13   63 3.03491e-01
 13   65 3.89551e-01
 13   67 2.64450e-01
 13   69 3.82053e-01
 13   71 2.67997e-01
 13   73 2.92225e-01
 13   75 3.07464e-01
 13   77 3.00645e-01
 13   79 2.82210e-01
 13   81 2.49117e-01
 13   83 2.50729e-01
 13   85 2.77565e-01
 13   87 1.18084e-01
 13   89 1.81249e-01
 14    0 5.06846e-02
 14    2 2.47332e-01
 14    4 4.70145e-01
 14    6 8.74366e-01
 14    8 1.78338e+00
 14   10 3.78330e+00
 14   12 9.37424e+00
 14   14 1.09123e+02
 14   16 9.21204e+00
 14   18 4.07755e+00
 14   20 2.05324e+00
 14   22 1.17730e+00
 14   24 8.32709e-01
 14   26 7.44242e-01
 14   28 6.62251e-01
 14   30 5.76409e-01
 14   32 5.48428e-01
 14   34 5.37175e-01
 14   36 4.94594e-01
 14   38 4.65855e-01
 14   40 4.66271e-01
 14   42 4.41793e-01
 14   44 4.18928e-01
 14   46 4.01032e-01
 14   48 4.08328e-01
 14   50 3.75866e-01
 14   52 3.83480e-01
 14   54 3.28981e-01
 14   56 3.59591e-01
 14   58 3.17865e-01
 14   60 3.19263e-01
 14   62 3.06909e-01
 14   64 2.77218e-01
 14   66 3.34126e-01
 14   68 2.39563e-01
 14   70 3.41357e-01
 14   72 2.37708e-01
 14   74 2.66926e-01
 14   76 2.82992e-01
 14   78 2.74437e-01
 14   80 2.65947e-01
 14   82 2.35299e-01
 14   84 2.33199e-01
 14   86 2.50786e-01
 14   88 1.09908e-01
 14   90 1.70309e-01
 15    1 1.26537e-01
 15    3 3.17637e-01
 15    5 5.34225e-01
 15    7 9.16166e-01
 15    9 1.69925e+00
 15   11 3.66494e+00
 15   13 8.72184e+00
 15   15 1.01467e+02
 15   17 8.54584e+00
 15   19 3.83977e+00
 15   21 1.94982e+00
 15   23 1.11946e+00
 15   25 7.92612e-01
 15   27 7.04120e-01
 15   29 6.26909e-01
 15   31 5.31874e-01
 15   33 5.10597e-01
 15   35 5.01942e-01
 15   37 4.66067e-01
 15   39 4.40505e-01
 15   41 4.27483e-01
 15   43 4.14791e-01
 15   45 3.91022e-01
 15   47 3.86833e-01
 15   49 3.65334e-01
 15   51 3.48587e-01
 15   53 3.10638e-01
 15   55 3.35035e-01
 15   57 2.90650e-01
 15   59 2.97175e-01
 15   61 2.69696e-01
 15   63 2.66332e-01
 15   65 2.98654e-01
 15   67 2.31844e-01
 15   69 3.21511e-01
 15   71 2.29814e-01
 15   73 2.84689e-01
 15   75 2.62570e-01
 15   77 2.77554e-01
 15   79 2.73808e-01
 15   81 2.29252e-01
 15   83 2.26938e-01
 15   85 2.38317e-01
 15   87 1.06969e-01
 15   89 1.66095e-01
 16    0 3.34509e-02
 16    2 1.93048e-01
 16    4 3.77324e-01
 16    6 5.69451e-01
 16    8 9.57419e-01
 16   10 1.65299e+00
 16   12 3.51648e+00
 16   14 8.11950e+00
 16   16 9.48367e+01
 16   18 7.94186e+00
 16   20 3.59922e+00
 16   22 1.83272e+00
 16   24 1.04966e+00
 16   26 7.36018e-01
 16   28 6.59876e-01
 16   30 5.89444e-01
 16   32 5.04807e-01
 16   34 4.79454e-01
 16   36 4.71449e-01
 16   38 4.37194e-01
 16   40 4.13485e-01
 16   42 4.02291e-01
 16   44 3.83928e-01
 16   46 3.66474e-01
 16   48 3.44497e-01
 16   50 3.33384e-01
 16   52 3.12107e-01
 16   54 2.89983e-01
 16   56 3.00016e-01
 16   58 2.60945e-01
 16   60 2.74054e-01
 16   62 2.51786e-01
 16   64 2.52106e-01
 16   66 2.78177e-01
 16   68 2.20214e-01
 16   70 3.05254e-01
 16   72 2.04922e-01
 16   74 2.72525e-01
 16   76 2.33626e-01
 16   78 2.61987e-01
 16   80 2.27886e-01
 16   82 2.06947e-01
 16   84 1.96189e-01
 16   86 2.14164e-01
 16   88 9.77011e-02
 16   90 1.50972e-01
 17    1 9.61004e-02
 17    3 2.52539e-01
 17    5 4.15356e-01
 17    7 6.09235e-01
 17    9 9.03784e-01
 17   11 1.60830e+00
 17   13 3.36645e+00
 17   15 7.59318e+00
 17   17 8.90598e+01
 17   19 7.41768e+00
 17   21 3.39041e+00
 17   23 1.74303e+00
 17   25 1.00362e+00
 17   27 7.04932e-01
 17   29 6.21163e-01
 17   31 5.57004e-01
 17   33 4.74939e-01
 17   35 4.54948e-01
 17   37 4.54695e-01
 17   39 4.10327e-01
 17   41 3.87147e-01
 17   43 3.82046e-01
 17   45 3.69630e-01
 17   47 3.40281e-01
 17   49 3.20770e-01
 17   51 2.98078e-01
 17   53 2.85439e-01
 17   55 2.81048e-01
 17   57 2.48929e-01
 17   59 2.60778e-01
 17   61 2.36715e-01
 17   63 2.40140e-01
 17   65 2.63595e-01
 17   67 2.14906e-01
 17   69 2.85123e-01
 17   71 1.95410e-01
 17   73 2.86299e-01
 17   75 2.01845e-01
 17   77 2.53851e-01
 17   79 2.17202e-01
 17   81 2.09844e-01
 17   83 2.00863e-01
 17   85 2.10621e-01
 17   87 1.01911e-01
 17   89 1.50681e-01
 18    0 3.09878e-02
 18    2 1.53784e-01
 18    4 2.93945e-01
 18    6 4.56756e-01
 18    8 6.51127e-01
 18   10 8.67368e-01
 18   12 1.55629e+00
 18   14 3.21622e+00
 18   16 7.10715e+00
 18   18 8.40091e+01
 18   20 6.93673e+00
 18   22 3.18229e+00
 18   24 1.63923e+00
 18   26 9.46093e-01
 18   28 6.62848e-01
 18   30 5.93958e-01
 18   32 5.34316e-01
 18   34 4.54478e-01
 18   36 4.25644e-01
 18   38 4.31685e-01
 18   40 3.97348e-01
 18   42 3.65768e-01
 18   44 3.62811e-01
 18   46 3.35802e-01
 18   48 3.15027e-01
 18   50 2.94062e-01
 18   52 2.81415e-01
 18   54 2.61725e-01
 18   56 2.62770e-01
 18   58 2.28578e-01
 18   60 2.48875e-01
 18   62 2.18006e-01
 18   64 2.32193e-01
 18   66 2.31004e-01
 18   68 2.06412e-01
 18   70 2.46703e-01
 18   72 1.78304e-01
 18   74 2.55200e-01
 18   76 1.92449e-01
 18   78 2.28681e-01
 18   80 2.05036e-01
 18   82 1.91397e-01
 18   84 1.86552e-01
 18   86 2.00109e-01
 18   88 9.34008e-02
 18   90 1.34453e-01
 19    1 8.80816e-02
 19    3 1.91498e-01
 19    5 3.30233e-01
 19    7 4.96541e-01
 19    9 6.07254e-01
 19   11 8.38838e-01
 19   13 1.51749e+00
 19   15 3.07273e+00
 19   17 6.68064e+00
 19   19 7.95502e+01
 19   21 6.52784e+00
 19   23 3.00922e+00
 19   25 1.56282e+00
 19   27 9.03541e-01
 19   29 6.30399e-01
 19   31 5.65276e-01
 19   33 5.14089e-01
 19   35 4.42601e-01
 19   37 4.10735e-01
 19   39 4.08898e-01
 19   41 3.81814e-01
 19   43 3.57160e-01
 19   45 3.40796e-01
 19   47 3.21393e-01
 19   49 2.91515e-01
 19   51 2.76983e-01
 19   53 2.51268e-01
 19   55 2.47176e-01
 19   57 2.22477e-01
 19   59 2.34379e-01
 19   61 2.04585e-01
 19   63 2.24916e-01
 19   65 2.10631e-01
 19   67 2.07310e-01
 19   69 2.32032e-01
 19   71 1.85624e-01
 19   73 2.43964e-01
 19   75 1.84079e-01
 19   77 2.26820e-01
 19   79 1.92743e-01
 19   81 1.92498e-01
 19   83 1.84341e-01
 19   85 1.93035e-01
 19   87 9.38070e-02
 19   89 1.36005e-01
 20    0 2.83183e-02
 20    2 1.31310e-01
 20    4 2.31075e-01
 20    6 3.73741e-01
 20    8 5.28894e-01
 20   10 5.75606e-01
 20   12 8.16945e-01
 20   14 1.46703e+00
 20   16 2.91765e+00
 20   18 6.28357e+00
 20   20 7.55359e+01
 20   22 6.15079e+00
 20   24 2.83494e+00
 20   26 1.46925e+00
 20   28 8.58486e-01
 20   30 6.04152e-01
 20   32 5.43985e-01
 20   34 4.89102e-01
 20   36 4.19555e-01
 20   38 3.96723e-01
 20   40 3.90086e-01
 20   42 3.66570e-01
 20   44 3.29139e-01
 20   46 3.16714e-01
 20   48 2.97602e-01
 20   50 2.76078e-01
 20   52 2.47789e-01
 20   54 2.40602e-01
 20   56 2.25495e-01
 20   58 2.14014e-01
 20   60 2.19472e-01
 20   62 1.92829e-01
 20   64 2.09143e-01
 20   66 1.94758e-01
 20   68 2.03318e-01
 20   70 2.09897e-01
 20   72 1.73034e-01
 20   74 2.42252e-01
 20   76 1.69451e-01
 20   78 2.15757e-01
 20   80 1.69422e-01
 20   82 1.68933e-01
 20   84 1.67161e-01
 20   86 1.71131e-01
 20   88 8.64194e-02
 20   90 1.31344e-01
 21    1 7.36889e-02
 21    3 1.68736e-01
 21    5 2.69466e-01
 21    7 4.05007e-01
 21    9 4.95893e-01
 21   11 5.62036e-01
 21   13 7.97609e-01
 21   15 1.42079e+00
 21   17 2.78048e+00
 21   19 5.94411e+00
 21   21 7.20174e+01
 21   23 5.82943e+00
 21   25 2.68487e+00
 21   27 1.39387e+00
 21   29 8.22229e-01
 21   31 5.79336e-01
 21   33 5.25149e-01
 21   35 4.74928e-01
 21   37 4.03889e-01
 21   39 3.79151e-01
 21   41 3.78966e-01
 21   43 3.48320e-01
 21   45 3.17932e-01
 21   47 2.96557e-01
 21   49 2.83565e-01
 21   51 2.39876e-01
 21   53 2.32959e-01
 21   55 2.17145e-01
 21   57 2.08931e-01
 21   59 2.09444e-01
 21   61 1.87097e-01
 21   63 2.09650e-01
 21   65 1.92293e-01
 21   67 2.08469e-01
 21   69 2.02942e-01
 21   71 1.69528e-01
 21   73 2.18147e-01
 21   75 1.65122e-01
 21   77 2.07645e-01
 21   79 1.68658e-01
 21   81 1.61884e-01
 21   83 1.62893e-01
 21   85 1.67215e-01
 21   87 8.84444e-02
 21   89 1.32746e-01
 22    0 2.10647e-02
 22    2 1.12637e-01
 22    4 2.08325e-01
 22    6 2.99862e-01
 22    8 4.31125e-01
 22   10 4.75666e-01
 22   12 5.41195e-01
 22   14 7.69599e-01
 22   16 1.35925e+00
 22   18 2.63737e+00
 22   20 5.62744e+00
 22   22 6.87506e+01
 22   24 5.52279e+00
 22   26 2.53795e+00
 22   28 1.32239e+00
 22   30 7.87883e-01
 22   32 5.53590e-01
 22   34 4.94173e-01
 22   36 4.59231e-01
 22   38 3.89356e-01
 22   40 3.62690e-01
 22   42 3.56683e-01
 22   44 3.27984e-01
 22   46 2.99516e-01
 22   48 2.82197e-01
 22   50 2.57983e-01
 22   52 2.31871e-01
 22   54 2.18341e-01
 22   56 2.10831e-01
 22   58 1.98685e-01
 22   60 1.97096e-01
 22   62 1.72857e-01
 22   64 1.98547e-01
 22   66 1.77741e-01
 22   68 2.01586e-01
 22   70 1.79305e-01
 22   72 1.65327e-01
 22   74 1.97436e-01
 22   76 1.57347e-01
 22   78 1.84466e-01
 22   80 1.62579e-01
 22   82 1.54178e-01
 22   84 1.51474e-01
 22   86 1.57590e-01
 22   88 8.51035e-02
 22   90 1.19025e-01
 23    1 5.94872e-02
 23    3 1.53262e-01
 23    5 2.40332e-01
 23    7 3.27413e-01
 23    9 4.11522e-01
 23   11 4.65010e-01
 23   13 5.28112e-01
 23   15 7.49570e-01
 23   17 1.31353e+00
 23   19 2.51790e+00
 23   21 5.35665e+00
 23   23 6.59133e+01
 23   25 5.25859e+00
 23   27 2.41159e+00
 23   29 1.25845e+00
 23   31 7.59637e-01
 23   33 5.27720e-01
 23   35 4.72993e-01
 23   37 4.41626e-01
 23   39 3.75609e-01
 23   41 3.42802e-01
 23   43 3.44069e-01
 23   45 3.15014e-01
 23   47 2.82861e-01
 23   49 2.53539e-01
 23   51 2.34206e-01
 23   53 2.18488e-01
 23   55 2.05412e-01
 23   57 1.99854e-01
 23   59 1.92184e-01
 23   61 1.79125e-01
 23   63 2.03599e-01
 23   65 1.76279e-01
 23   67 2.00445e-01
 23   69 1.71556e-01
 23   71 1.54794e-01
 23   73 1.92842e-01
 23   75 1.51707e-01
 23   77 1.86010e-01
 23   79 1.62629e-01
 23   81 1.46776e-01
 23   83 1.45130e-01
 23   85 1.46511e-01
 23   87 8.64037e-02
 23   89 1.14371e-01
 24    0 1.82706e-02
 24    2 9.67300e-02
 24    4 1.83357e-01
 24    6 2.65219e-01
 24    8 3.52477e-01
 24   10 3.92276e-01
 24   12 4.45017e-01
 24   14 5.02196e-01
 24   16 7.18217e-01
 24   18 1.25335e+00
 24   20 2.39291e+00
 24   22 5.09518e+00
 24   24 6.32108e+01
 24   26 5.02034e+00
 24   28 2.29343e+00
 24   30 1.19506e+00
 24   32 7.17164e-01
 24   34 5.04573e-01
 24   36 4.51763e-01
 24   38 4.25199e-01
 24   40 3.58100e-01
 24   42 3.27644e-01
 24   44 3.27815e-01
 24   46 3.04131e-01
 24   48 2.60373e-01
 24   50 2.45887e-01
 24   52 2.23294e-01
 24   54 2.14746e-01
 24   56 1.93869e-01
 24   58 1.90594e-01
 24   60 1.76350e-01
 24   62 1.67855e-01
 24   64 1.85051e-01
 24   66 1.66424e-01
 24   68 1.82447e-01
 24   70 1.68876e-01
 24   72 1.52596e-01
 24   74 1.81815e-01
 24   76 1.45164e-01
 24   78 1.72205e-01
 24   80 1.51914e-01
 24   82 1.30325e-01
 24   84 1.36236e-01
 24   86 1.39316e-01
 24   88 8.05353e-02
 24   90 1.08776e-01
 25    1 5.53727e-02
 25    3 1.28388e-01
 25    5 2.11735e-01
 25    7 2.92093e-01
 25    9 3.36944e-01
 25   11 3.85805e-01
 25   13 4.36829e-01
 25   15 4.91435e-01
 25   17 7.00333e-01
 25   19 1.21086e+00
 25   21 2.28451e+00
 25   23 4.86935e+00
 25   25 6.08554e+01
 25   27 4.80318e+00
 25   29 2.18820e+00
 25   31 1.13307e+00
 25   33 6.88678e-01
 25   35 4.83286e-01
 25   37 4.36589e-01
 25   39 4.05011e-01
 25   41 3.48810e-01
 25   43 3.13356e-01
 25   45 3.08745e-01
 25   47 2.76489e-01
 25   49 2.43370e-01
 25   51 2.22617e-01
 25   53 2.16148e-01
 25   55 2.02856e-01
 25   57 1.91994e-01
 25   59 1.81832e-01
 25   61 1.78967e-01
 25   63 1.86907e-01
 25   65 1.63805e-01
 25   67 1.80542e-01
 25   69 1.54212e-01
 25   71 1.50915e-01
 25   73 1.75227e-01
 25   75 1.40794e-01
 25   77 1.67624e-01
 25   79 1.45514e-01
 25   81 1.28703e-01
 25   83 1.29422e-01
 25   85 1.36096e-01
 25   87 8.10286e-02
 25   89 1.09537e-01
 26    0 1.83625e-02
 26    2 8.63156e-02
 26    4 1.54839e-01
 26    6 2.37815e-01
 26    8 3.13945e-01
 26   10 3.17545e-01
 26   12 3.67369e-01
 26   14 4.17041e-01
 26   16 4.67928e-01
 26   18 6.72127e-01
 26   20 1.15229e+00
 26   22 2.17555e+00
 26   24 4.66464e+00
 26   26 5.85779e+01
 26   28 4.60104e+00
 26   30 2.07567e+00
 26   32 1.07619e+00
 26   34 6.58446e-01
 26   36 4.63453e-01
 26   38 4.10537e-01
 26   40 3.88863e-01
 26   42 3.34915e-01
 26   44 3.02635e-01
 26   46 2.85807e-01
 26   48 2.68867e-01
 26   50 2.34447e-01
 26   52 2.20554e-01
 26   54 2.08089e-01
 26   56 1.95378e-01
 26   58 1.78469e-01
 26   60 1.69894e-01
 26   62 1.66930e-01
 26   64 1.77523e-01
 26   66 1.55384e-01
 26   68 1.76307e-01
 26   70 1.45601e-01
 26   72 1.42412e-01
 26   74 1.60246e-01
 26   76 1.32564e-01
 26   78 1.56512e-01
 26   80 1.38289e-01
 26   82 1.26795e-01
 26   84 1.25866e-01
 26   86 1.18008e-01
 26   88 7.56816e-02
 26   90 1.01197e-01
 27    1 5.07702e-02
 27    3 1.12898e-01
 27    5 1.79873e-01
 27    7 2.62206e-01
 27    9 3.01770e-01
 27   11 3.14091e-01
 27   13 3.62630e-01
 27   15 4.06926e-01
 27   17 4.58508e-01
 27   19 6.52525e-01
 27   21 1.10549e+00
 27   23 2.08146e+00
 27   25 4.47704e+00
 27   27 5.65763e+01
 27   29 4.41153e+00
 27   31 1.98385e+00
 27   33 1.03092e+00
 27   35 6.45286e-01
 27   37 4.42386e-01
 27   39 3.91949e-01
 27   41 3.74461e-01
 27   43 3.17311e-01
 27   45 2.72121e-01
 27   47 2.70977e-01
 27   49 2.50629e-01
 27   51 2.22837e-01
 27   53 2.16919e-01
 27   55 2.02363e-01
 27   57 1.89266e-01
 27   59 1.75318e-01
 27   61 1.76252e-01
 27   63 1.70333e-01
 27   65 1.55938e-01
 27   67 1.66472e-01
 27   69 1.38709e-01
 27   71 1.43973e-01
 27   73 1.62044e-01
 27   75 1.32985e-01
 27   77 1.49866e-01
 27   79 1.30463e-01
 27   81 1.26693e-01
 27   83 1.20427e-01
 27   85 1.13863e-01
 27   87 7.86923e-02
 27   89 1.01535e-01
 28    0 1.56576e-02
 28    2 7.85980e-02
 28    4 1.39470e-01
 28    6 2.03629e-01
 28    8 2.80954e-01
 28   10 2.85055e-01
 28   12 2.99360e-01
 28   14 3.46924e-01
 28   16 3.92194e-01
 28   18 4.40230e-01
 28   20 6.29429e-01
 28   22 1.05972e+00
 28   24 1.99213e+00
 28   26 4.30134e+00
 28   28 5.45992e+01
 28   30 4.23764e+00
 28   32 1.89300e+00
 28   34 9.85755e-01
 28   36 6.14846e-01
 28   38 4.18853e-01
 28   40 3.68494e-01
 28   42 3.60236e-01
 28   44 2.97772e-01
 28   46 2.65106e-01
 28   48 2.60337e-01
 28   50 2.47636e-01
 28   52 2.18888e-01
 28   54 2.10720e-01
 28   56 1.89051e-01
 28   58 1.75983e-01
 28   60 1.60707e-01
 28   62 1.69885e-01
 28   64 1.62695e-01
 28   66 1.50605e-01
 28   68 1.56125e-01
 28   70 1.28288e-01
 28   72 1.35548e-01
 28   74 1.56406e-01
 28   76 1.25073e-01
 28   78 1.39215e-01
 28   80 1.20608e-01
 28   82 1.21583e-01
 28   84 1.13084e-01
 28   86 1.05056e-01
 28   88 7.39943e-02
 28   90 9.65456e-02
 29    1 4.33436e-02
 29    3 1.04519e-01
 29    5 1.62884e-01
 29    7 2.24973e-01
 29    9 2.73920e-01
 29   11 2.82150e-01
 29   13 2.92667e-01
 29   15 3.39642e-01
 29   17 3.78751e-01
 29   19 4.26789e-01
 29   21 6.11328e-01
 29   23 1.01824e+00
 29   25 1.91204e+00
 29   27 4.13560e+00
 29   29 5.28595e+01
 29   31 4.08590e+00
 29   33 1.82415e+00
 29   35 9.40208e-01
 29   37 5.85781e-01
 29   39 3.98802e-01
 29   41 3.50628e-01
 29   43 3.33089e-01
 29   45 2.87165e-01
 29   47 2.50655e-01
 29   49 2.47250e-01
 29   51 2.44465e-01
 29   53 2.20281e-01
 29   55 1.98140e-01
 29   57 1.84113e-01
 29   59 1.74216e-01
 29   61 1.66285e-01
 29   63 1.63517e-01
 29   65 1.44827e-01
 29   67 1.52892e-01
 29   69 1.29664e-01
 29   71 1.39885e-01
 29   73 1.50504e-01
 29   75 1.24883e-01
 29   77 1.35759e-01
 29   79 1.15724e-01
 29   81 1.20039e-01
 29   83 1.10654e-01
 29   85 1.01039e-01
 29   87 7.64472e-02
 29   89 1.01844e-01
 30    0 1.32407e-02
 30    2 6.95293e-02
 30    4 1.27759e-01
 30    6 1.81959e-01
 30    8 2.42187e-01
 30   10 2.60103e-01
 30   12 2.69349e-01
 30   14 2.83804e-01
 30   16 3.29273e-01
 30   18 3.70763e-01
 30   20 4.16328e-01
 30   22 5.93433e-01
 30   24 9.75661e-01
 30   26 1.82382e+00
 30   28 3.98291e+00
 30   30 5.11529e+01
 30   32 3.93756e+00
 30   34 1.74171e+00
 30   36 8.95125e-01
 30   38 5.60809e-01
 30   40 3.83243e-01
 30   42 3.25700e-01
 30   44 3.22222e-01
 30   46 2.76681e-01
 30   48 2.46657e-01
 30   50 2.42458e-01
 30   52 2.39758e-01
 30   54 2.09170e-01
 30   56 1.83846e-01
 30   58 1.72444e-01
 30   60 1.64136e-01
 30   62 1.59024e-01
 30   64 1.57016e-01
 30   66 1.39237e-01
 30   68 1.46460e-01
 30   70 1.19236e-01
 30   72 1.33284e-01
 30   74 1.37052e-01
 30   76 1.18046e-01
 30   78 1.31061e-01
 30   80 1.11363e-01
 30   82 1.08889e-01
 30   84 1.05638e-01
 30   86 9.58936e-02
 30   88 7.29218e-02
 30   90 9.04634e-02
 31    1 3.87784e-02
 31    3 9.39138e-02
 31    5 1.50291e-01
 31    7 2.02419e-01
 31    9 2.36875e-01
 31   11 2.57481e-01
 31   13 2.63949e-01
 31   15 2.71495e-01
 31   17 3.19995e-01
 31   19 3.60574e-01
 31   21 4.05833e-01
 31   23 5.79104e-01
 31   25 9.32836e-01
 31   27 1.75224e+00
 31   29 3.84967e+00
 31   31 4.96222e+01
 31   33 3.79266e+00
 31   35 1.66422e+00
 31   37 8.52548e-01
 31   39 5.44185e-01
 31   41 3.61477e-01
 31   43 3.09716e-01
 31   45 3.07592e-01
 31   47 2.69463e-01
 31   49 2.43218e-01
 31   51 2.44300e-01
 31   53 2.31070e-01
 31   55 1.96226e-01
 31   57 1.84197e-01
 31   59 1.66156e-01
 31   61 1.66396e-01
 31   63 1.49566e-01
 31   65 1.40298e-01
 31   67 1.48758e-01
 31   69 1.23860e-01
 31   71 1.33065e-01
 31   73 1.34098e-01
 31   75 1.17613e-01
 31   77 1.28606e-01
 31   79 1.10257e-01
 31   81 1.07493e-01
 31   83 1.02461e-01
 31   85 9.52401e-02
 31   87 7.72685e-02
 31   89 8.91136e-02
 32    0 1.25616e-02
 32    2 6.15273e-02
 32    4 1.13767e-01
 32    6 1.66987e-01
 32    8 2.17817e-01
 32   10 2.25128e-01
 32   12 2.51079e-01
 32   14 2.55002e-01
 32   16 2.66302e-01
 32   18 3.14974e-01
 32   20 3.54007e-01
 32   22 3.93762e-01
 32   24 5.52920e-01
 32   26 8.92995e-01
 32   28 1.68020e+00
 32   30 3.71846e+00
 32   32 4.81421e+01
 32   34 3.65797e+00
 32   36 1.59529e+00
 32   38 8.22684e-01
 32   40 5.21584e-01
 32   42 3.44861e-01
 32   44 2.89182e-01
 32   46 2.98156e-01
 32   48 2.66757e-01
 32   50 2.41961e-01
 32   52 2.31304e-01
 32   54 2.16563e-01
 32   56 1.87588e-01
 32   58 1.75288e-01
 32   60 1.59533e-01
 32   62 1.58692e-01
 32   64 1.45705e-01
 32   66 1.32850e-01
 32   68 1.37695e-01
 32   70 1.15266e-01
 32   72 1.27375e-01
 32   74 1.27332e-01
 32   76 1.12542e-01
 32   78 1.17203e-01
 32   80 1.01119e-01
 32   82 1.02221e-01
 32   84 9.81512e-02
 32   86 9.09675e-02
 32   88 6.91281e-02
 32   90 8.64675e-02
 33    1 3.61985e-02
 33    3 8.30672e-02
 33    5 1.33606e-01
 33    7 1.86139e-01
 33    9 2.12524e-01
 33   11 2.23149e-01
 33   13 2.43161e-01
 33   15 2.46668e-01
 33   17 2.58227e-01
 33   19 3.10351e-01
 33   21 3.48161e-01
 33   23 3.80745e-01
 33   25 5.36592e-01
 33   27 8.61769e-01
 33   29 1.62659e+00
 33   31 3.58942e+00
 33   33 4.67737e+01
 33   35 3.53648e+00
 33   37 1.53931e+00
 33   39 7.84747e-01
 33   41 4.98240e-01
 33   43 3.27989e-01
 33   45 2.79128e-01
 33   47 2.96670e-01
 33   49 2.71544e-01
 33   51 2.32929e-01
 33   53 2.17312e-01
 33   55 2.10836e-01
 33   57 1.85457e-01
 33   59 1.68228e-01
 33   61 1.60131e-01
 33   63 1.50201e-01
 33   65 1.36711e-01
 33   67 1.39309e-01
 33   69 1.14499e-01
 33   71 1.29158e-01
 33   73 1.24468e-01
 33   75 1.11596e-01
 33   77 1.11598e-01
 33   79 1.01909e-01
 33   81 1.02449e-01
 33   83 9.57546e-02
 33   85 8.90145e-02
 33   87 6.92688e-02
 33   89 8.79370e-02
 34    0 1.13854e-02
 34    2 5.71507e-02
 34    4 1.00959e-01
 34    6 1.50965e-01
 34    8 2.01527e-01
 34   10 2.05512e-01
 34   12 2.16975e-01
 34   14 2.36873e-01
 34   16 2.39868e-01
 34   18 2.54076e-01
 34   20 3.01856e-01
 34   22 3.33349e-01
 34   24 3.68929e-01
 34   26 5.18149e-01
 34   28 8.29766e-01
 34   30 1.55986e+00
 34   32 3.46908e+00
 34   34 4.54845e+01
 34   36 3.42705e+00
 34   38 1.47677e+00
 34   40 7.48633e-01
 34   42 4.74680e-01
 34   44 3.14335e-01
 34   46 2.67520e-01
 34   48 2.90599e-01
 34   50 2.60684e-01
 34   52 2.20005e-01
 34   54 2.07150e-01
 34   56 2.02578e-01
 34   58 1.81065e-01
 34   60 1.60515e-01
 34   62 1.60109e-01
 34   64 1.41709e-01
 34   66 1.28375e-01
 34   68 1.27198e-01
 34   70 1.10847e-01
 34   72 1.25439e-01
 34   74 1.14286e-01
 34   76 1.04914e-01
 34   78 1.05485e-01
 34   80 9.88799e-02
 34   82 9.77937e-02
 34   84 9.29151e-02
 34   86 7.62595e-02
 34   88 6.85501e-02
 34   90 8.68766e-02
 35    1 3.25199e-02
 35    3 7.54465e-02
 35    5 1.18357e-01
 35    7 1.66029e-01
 35    9 1.97100e-01
 35   11 2.00620e-01
 35   13 2.12762e-01
 35   15 2.30416e-01
 35   17 2.35045e-01
 35   19 2.53893e-01
 35   21 2.99192e-01
 35   23 3.24272e-01
 35   25 3.57813e-01
 35   27 5.12557e-01
 35   29 7.96645e-01
 35   31 1.49663e+00
 35   33 3.36044e+00
 35   35 4.42824e+01
 35   37 3.31736e+00
 35   39 1.41653e+00
 35   41 7.11455e-01
 35   43 4.60116e-01
 35   45 3.13582e-01
 35   47 2.69262e-01
 35   49 2.80874e-01
 35   51 2.50240e-01
 35   53 2.16229e-01
 35   55 2.01998e-01
 35   57 1.98287e-01
 35   59 1.75318e-01
 35   61 1.65586e-01
 35   63 1.45986e-01
 35   65 1.33168e-01
 35   67 1.27145e-01
 35   69 1.12097e-01
 35   71 1.25162e-01
 35   73 1.12680e-01
 35   75 1.01984e-01
 35   77 1.05656e-01
 35   79 9.75112e-02
 35   81 9.73228e-02
 35   83 9.09893e-02
 35   85 7.48642e-02
 35   87 7.22287e-02
 35   89 8.43517e-02
 36    0 1.04105e-02
 36    2 5.14882e-02
 36    4 9.39200e-02
 36    6 1.35209e-01
 36    8 1.83870e-01
 36   10 1.90169e-01
 36   12 1.95475e-01
 36   14 2.07625e-01
 36   16 2.24539e-01
 36   18 2.26532e-01
 36   20 2.46503e-01
 36   22 2.94907e-01
 36   24 3.14457e-01
 36   26 3.47194e-01
 36   28 4.92703e-01
 36   30 7.63179e-01
 36   32 1.44028e+00
 36   34 3.26251e+00
 36   36 4.31502e+01
 36   38 3.20934e+00
 36   40 1.35669e+00
 36   42 6.79728e-01
 36   44 4.43759e-01
 36   46 3.02020e-01
 36   48 2.54056e-01
 36   50 2.66833e-01
 36   52 2.45181e-01
 36   54 2.07976e-01
 36   56 1.96700e-01
 36   58 1.89080e-01
 36   60 1.75170e-01
 36   62 1.58358e-01
 36   64 1.33646e-01
 36   66 1.26545e-01
 36   68 1.20714e-01
 36   70 1.07405e-01
 36   72 1.17713e-01
 36   74 1.07051e-01
 36   76 9.72726e-02
 36   78 9.98488e-02
 36   80 9.29174e-02
 36   82 9.60263e-02
 36   84 8.95476e-02
 36   86 7.35676e-02
 36   88 7.02876e-02
 36   90 7.71482e-02
 37    1 2.87570e-02
 37    3 6.86511e-02
 37    5 1.08488e-01
 37    7 1.49593e-01
 37    9 1.78645e-01
 37   11 1.89255e-01
 37   13 1.92796e-01
 37   15 2.04037e-01
 37   17 2.24032e-01
 37   19 2.24699e-01
 37   21 2.42653e-01
 37   23 2.88743e-01
 37   25 3.08267e-01
 37   27 3.35115e-01
 37   29 4.73345e-01
 37   31 7.31182e-01
 37   33 1.39493e+00
 37   35 3.16370e+00
 37   37 4.20519e+01
 37   39 3.11013e+00
 37   41 1.30669e+00
 37   43 6.58290e-01
 37   45 4.40055e-01
 37   47 3.02090e-01
 37   49 2.46013e-01
 37   51 2.62465e-01
 37   53 2.37485e-01
 37   55 2.06230e-01
 37   57 1.93193e-01
 37   59 1.88444e-01
 37   61 1.72667e-01
 37   63 1.38498e-01
 37   65 1.30849e-01
 37   67 1.21778e-01
 37   69 1.09509e-01
 37   71 1.17945e-01
 37   73 1.05332e-01
 37   75 1.00180e-01
 37   77 9.67597e-02
 37   79 9.19564e-02
 37   81 9.67103e-02
 37   83 8.72532e-02
 37   85 7.19193e-02
 37   87 7.05554e-02
 37   89 7.65549e-02
 38    0 9.17867e-03
 38    2 4.68837e-02
 38    4 8.52953e-02
 38    6 1.25682e-01
 38    8 1.64419e-01
 38   10 1.73953e-01
 38   12 1.84806e-01
 38   14 1.86818e-01
 38   16 1.98915e-01
 38   18 2.19477e-01
 38   20 2.22668e-01
 38   22 2.38856e-01
 38   24 2.82736e-01
 38   26 2.93803e-01
 38   28 3.20640e-01
 38   30 4.56768e-01
 38   32 7.09541e-01
 38   34 1.34302e+00
 38   36 3.06587e+00
 38   38 4.10669e+01
 38   40 3.01525e+00
 38   42 1.25717e+00
 38   44 6.28336e-01
 38   46 4.26044e-01
 38   48 2.92745e-01
 38   50 2.38364e-01
 38   52 2.50338e-01
 38   54 2.34597e-01
 38   56 1.98717e-01
 38   58 1.89151e-01
 38   60 1.78692e-01
 38   62 1.59108e-01
 38   64 1.31555e-01
 38   66 1.25483e-01
 38   68 1.14451e-01
 38   70 1.04106e-01
 38   72 1.10409e-01
 38   74 1.02579e-01
 38   76 9.62796e-02
 38   78 9.34689e-02
 38   80 8.83903e-02
 38   82 9.45530e-02
 38   84 8.39021e-02
 38   86 6.43906e-02
 38   88 6.41213e-02
 38   90 8.10763e-02
 39    1 2.61845e-02
 39    3 6.26101e-02
 39    5 1.01283e-01
 39    7 1.38164e-01
 39    9 1.64059e-01
 39   11 1.75256e-01
 39   13 1.84693e-01
 39   15 1.84523e-01
 39   17 1.93447e-01
 39   19 2.14041e-01
 39   21 2.17960e-01
 39   23 2.34981e-01
 39   25 2.73629e-01
 39   27 2.84094e-01
 39   29 3.08348e-01
 39   31 4.46574e-01
 39   33 6.80450e-01
 39   35 1.29261e+00
 39   37 2.97590e+00
 39   39 4.00603e+01
 39   41 2.93677e+00
 39   43 1.22287e+00
 39   45 6.14628e-01
 39   47 4.19402e-01
 39   49 2.87251e-01
 39   51 2.28104e-01
 39   53 2.42676e-01
 39   55 2.33088e-01
 39   57 1.99626e-01
 39   59 1.80987e-01
 39   61 1.68520e-01
 39   63 1.45387e-01
 39   65 1.30443e-01
 39   67 1.17201e-01
 39   69 1.08868e-01
 39   71 1.12096e-01
 39   73 1.02062e-01
 39   75 9.44936e-02
 39   77 9.46084e-02
 39   79 8.95571e-02
 39   81 9.17911e-02
 39   83 7.96975e-02
 39   85 6.47469e-02
 39   87 6.75179e-02
 39   89 8.27329e-02
 40    0 8.59767e-03
 40    2 4.27574e-02
 40    4 7.85390e-02
 40    6 1.14811e-01
 40    8 1.53214e-01
 40   10 1.59470e-01
 40   12 1.70855e-01
 40   14 1.79193e-01
 40   16 1.80289e-01
 40   18 1.93601e-01
 40   20 2.09819e-01
 40   22 2.13226e-01
 40   24 2.28195e-01
 40   26 2.66695e-01
 40   28 2.70334e-01
 40   30 2.99136e-01
 40   32 4.31105e-01
 40   34 6.52459e-01
 40   36 1.24203e+00
 40   38 2.88960e+00
 40   40 3.91993e+01
 40   42 2.85290e+00
 40   44 1.18315e+00
 40   46 5.92082e-01
 40   48 4.09412e-01
 40   50 2.78647e-01
 40   52 2.23086e-01
 40   54 2.31213e-01
 40   56 2.30348e-01
 40   58 1.91383e-01
 40   60 1.69781e-01
 40   62 1.58353e-01
 40   64 1.37997e-01
 40   66 1.23554e-01
 40   68 1.12582e-01
 40   70 1.01623e-01
 40   72 1.08344e-01
 40   74 9.83326e-02
 40   76 9.19531e-02
 40   78 9.43252e-02
 40   80 8.38434e-02
 40   82 8.60358e-02
 40   84 7.67401e-02
 40   86 6.10027e-02
 40   88 6.73577e-02
 40   90 7.41100e-02
 41    1 2.45956e-02
 41    3 5.84476e-02
 41    5 9.33136e-02
 41    7 1.30361e-01
 41    9 1.54532e-01
 41   11 1.60710e-01
 41   13 1.68522e-01
 41   15 1.71863e-01
 41   17 1.75174e-01
 41   19 1.91821e-01
 41   21 2.09087e-01
 41   23 2.05827e-01
 41   25 2.26175e-01
 41   27 2.60496e-01
 41   29 2.60191e-01
 41   31 2.84701e-01
 41   33 4.14636e-01
 41   35 6.23092e-01
 41   37 1.19998e+00
 41   39 2.81859e+00
 41   41 3.83124e+01
 41   43 2.79058e+00
 41   45 1.14931e+00
 41   47 5.64800e-01
 41   49 3.92027e-01
 41   51 2.74504e-01
 41   53 2.15875e-01
 41   55 2.28949e-01
 41   57 2.18620e-01
 41   59 1.84339e-01
 41   61 1.63290e-01
 41   63 1.46075e-01
 41   65 1.35465e-01
 41   67 1.20041e-01
 41   69 1.06597e-01
 41   71 1.09966e-01
 41   73 9.72744e-02
 41   75 9.37498e-02
 41   77 9.51494e-02
 41   79 8.59056e-02
 41   81 8.69171e-02
 41   83 7.63702e-02
 41   85 6.14025e-02
 41   87 7.14882e-02
 41   89 7.45709e-02
 42    0 7.89514e-03
 42    2 4.02229e-02
 42    4 7.26954e-02
 42    6 1.07055e-01
 42    8 1.44458e-01
 42   10 1.50980e-01
 42   12 1.57121e-01
 42   14 1.63187e-01
 42   16 1.68590e-01
 42   18 1.71288e-01
 42   20 1.89507e-01
 42   22 2.01544e-01
 42   24 2.00673e-01
 42   26 2.20768e-01
 42   28 2.54005e-01
 42   30 2.44341e-01
 42   32 2.73960e-01
 42   34 3.97620e-01
 42   36 5.98096e-01
 42   38 1.15795e+00
 42   40 2.74201e+00
 42   42 3.75332e+01
 42   44 2.71932e+00
 42   46 1.11336e+00
 42   48 5.41704e-01
 42   50 3.84935e-01
 42   52 2.64474e-01
 42   54 2.09679e-01
 42   56 2.18591e-01
 42   58 2.11001e-01
 42   60 1.80403e-01
 42   62 1.53580e-01
 42   64 1.37726e-01
 42   66 1.29948e-01
 42   68 1.11062e-01
 42   70 1.01821e-01
 42   72 1.05822e-01
 42   74 9.53311e-02
 42   76 9.55366e-02
 42   78 8.85512e-02
 42   80 7.92148e-02
 42   82 8.45960e-02
 42   84 7.22623e-02
 42   86 6.09564e-02
 42   88 6.47025e-02
 42   90 6.96362e-02
 43    1 2.36478e-02
 43    3 5.52095e-02
 43    5 8.74646e-02
 43    7 1.21132e-01
 43    9 1.44710e-01
 43   11 1.49193e-01
 43   13 1.54163e-01
 43   15 1.60500e-01
 43   17 1.66376e-01
 43   19 1.72698e-01
 43   21 1.84964e-01
 43   23 1.98832e-01
 43   25 1.95559e-01
 43   27 2.12452e-01
 43   29 2.37896e-01
 43   31 2.34777e-01
 43   33 2.62706e-01
 43   35 3.87841e-01
 43   37 5.81838e-01
 43   39 1.12960e+00
 43   41 2.68581e+00
 43   43 3.67628e+01
 43   45 2.64851e+00
 43   47 1.06955e+00
 43   49 5.17856e-01
 43   51 3.67707e-01
 43   53 2.62990e-01
 43   55 2.05708e-01
 43   57 2.09182e-01
 43   59 2.08989e-01
 43   61 1.70000e-01
 43   63 1.44628e-01
 43   65 1.40165e-01
 43   67 1.22776e-01
 43   69 1.10071e-01
 43   71 1.06616e-01
 43   73 9.56504e-02
 43   75 9.51146e-02
 43   77 8.87052e-02
 43   79 8.19069e-02
 43   81 8.57605e-02
 43   83 7.18721e-02
 43   85 6.12147e-02
 43   87 6.84087e-02
 43   89 7.39433e-02
 44    0 7.86198e-03
 44    2 3.84310e-02
 44    4 6.84270e-02
 44    6 1.01008e-01
 44    8 1.34904e-01
 44   10 1.41778e-01
 44   12 1.46574e-01
 44   14 1.49130e-01
 44   16 1.55061e-01
 44   18 1.63742e-01
 44   20 1.63986e-01
 44   22 1.78608e-01
 44   24 1.93497e-01
 44   26 1.92256e-01
 44   28 2.02348e-01
 44   30 2.32967e-01
 44   32 2.21398e-01
 44   34 2.53758e-01
 44   36 3.76307e-01
 44   38 5.57763e-01
 44   40 1.09593e+00
 44   42 2.62071e+00
 44   44 3.60371e+01
 44   46 2.58222e+00
 44   48 1.03957e+00
 44   50 4.90540e-01
 44   52 3.53936e-01
 44   54 2.57047e-01
 44   56 1.97759e-01
 44   58 2.02895e-01
 44   60 2.00418e-01
 44   62 1.65125e-01
 44   64 1.39273e-01
 44   66 1.29407e-01
 44   68 1.14924e-01
 44   70 1.05835e-01
 44   72 1.06151e-01
 44   74 9.27655e-02
 44   76 9.03324e-02
 44   78 8.35308e-02
 44   80 8.13175e-02
 44   82 7.97115e-02
 44   84 7.40539e-02
 44   86 5.58796e-02
 44   88 6.45159e-02
 44   90 7.06507e-02
 45    1 2.19980e-02
 45    3 5.18748e-02
 45    5 8.30195e-02
 45    7 1.14694e-01
 45    9 1.36840e-01
 45   11 1.41998e-01
 45   13 1.43448e-01
 45   15 1.46004e-01
 45   17 1.55332e-01
 45   19 1.59015e-01
 45   21 1.62915e-01
 45   23 1.75667e-01
 45   25 1.85933e-01
 45   27 1.75815e-01
 45   29 1.97914e-01
 45   31 2.25001e-01
 45   33 2.15741e-01
 45   35 2.55068e-01
 45   37 3.75326e-01
 45   39 5.47865e-01
 45   41 1.06742e+00
 45   43 2.55575e+00
 45   45 3.53595e+01
 45   47 2.51693e+00
 45   49 9.97705e-01
 45   51 4.68411e-01
 45   53 3.49504e-01
 45   55 2.59426e-01
 45   57 1.98331e-01
 45   59 1.94892e-01
 45   61 1.90466e-01
 45   63 1.61744e-01
 45   65 1.36453e-01
 45   67 1.22894e-01
 45   69 1.16228e-01
 45   71 1.11664e-01
 45   73 9.09456e-02
 45   75 8.95171e-02
 45   77 8.33784e-02
 45   79 8.12155e-02
 45   81 8.05062e-02
 45   83 7.37321e-02
 45   85 5.60986e-02
 45   87 6.95407e-02
 45   89 7.22639e-02
 46    0 7.07474e-03
 46    2 3.55711e-02
 46    4 6.56301e-02
 46    6 9.64973e-02
 46    8 1.27696e-01
 46   10 1.32696e-01
 46   12 1.37615e-01
 46   14 1.37931e-01
 46   16 1.43005e-01
 46   18 1.46427e-01
 46   20 1.52459e-01
 46   22 1.57589e-01
 46   24 1.73446e-01
 46   26 1.75425e-01
 46   28 1.74057e-01
 46   30 1.93275e-01
 46   32 2.20548e-01
 46   34 2.08660e-01
 46   36 2.47450e-01
 46   38 3.65401e-01
 46   40 5.29886e-01
 46   42 1.03670e+00
 46   44 2.49488e+00
 46   46 3.46851e+01
 46   48 2.44987e+00
 46   50 9.62214e-01
 46   52 4.48668e-01
 46   54 3.34746e-01
 46   56 2.52277e-01
 46   58 1.90890e-01
 46   60 1.88301e-01
 46   62 1.86457e-01
 46   64 1.53157e-01
 46   66 1.29227e-01
 46   68 1.15863e-01
 46   70 1.13368e-01
 46   72 1.06086e-01
 46   74 8.78870e-02
 46   76 8.52324e-02
 46   78 8.00640e-02
 46   80 7.50448e-02
 46   82 8.48530e-02
 46   84 7.31111e-02
 46   86 5.16641e-02
 46   88 6.54740e-02
 46   90 6.98453e-02
 47    1 2.11602e-02
 47    3 5.01412e-02
 47    5 7.84541e-02
 47    7 1.08216e-01
 47    9 1.30314e-01
 47   11 1.33573e-01
 47   13 1.39341e-01
 47   15 1.39722e-01
 47   17 1.38328e-01
 47   19 1.45064e-01
 47   21 1.46999e-01
 47   23 1.52585e-01
 47   25 1.61070e-01
 47   27 1.69358e-01
 47   29 1.67109e-01
 47   31 1.90672e-01
 47   33 2.21811e-01
 47   35 2.11865e-01
 47   37 2.49240e-01
 47   39 3.61636e-01
 47   41 5.07428e-01
 47   43 9.98386e-01
 47   45 2.43473e+00
 47   47 3.40807e+01
 47   49 2.39107e+00
 47   51 9.38511e-01
 47   53 4.36940e-01
 47   55 3.29118e-01
 47   57 2.53339e-01
 47   59 1.89497e-01
 47   61 1.79073e-01
 47   63 1.72749e-01
 47   65 1.51191e-01
 47   67 1.26071e-01
 47   69 1.20838e-01
 47   71 1.09881e-01
 47   73 9.03261e-02
 47   75 8.56661e-02
 47   77 7.89773e-02
 47   79 7.67578e-02
 47   81 8.46217e-02
 47   83 6.87772e-02
 47   85 5.20695e-02
 47   87 6.97998e-02
 47   89 7.50738e-02
 48    0 6.86983e-03
 48    2 3.50185e-02
 48    4 6.30351e-02
 48    6 8.95309e-02
 48    8 1.18947e-01
 48   10 1.26070e-01
 48   12 1.30983e-01
 48   14 1.36013e-01
 48   16 1.30191e-01
 48   18 1.33037e-01
 48   20 1.38742e-01
 48   22 1.43795e-01
 48   24 1.43809e-01
 48   26 1.59825e-01
 48   28 1.65536e-01
 48   30 1.66869e-01
 48   32 1.91100e-01
 48   34 2.19515e-01
 48   36 2.01590e-01
 48   38 2.43159e-01
 48   40 3.54852e-01
 48   42 4.88501e-01
 48   44 9.72745e-01
 48   46 2.37263e+00
 48   48 3.34581e+01
 48   50 2.33742e+00
 48   52 9.07041e-01
 48   54 4.13201e-01
 48   56 3.14723e-01
 48   58 2.48978e-01
 48   60 1.87644e-01
 48   62 1.68620e-01
 48   64 1.66366e-01
 48   66 1.47222e-01
 48   68 1.21442e-01
 48   70 1.14125e-01
 48   72 1.04518e-01
 48   74 8.76720e-02
 48   76 8.00588e-02
 48   78 7.48000e-02
 48   80 7.58737e-02
 48   82 8.14586e-02
 48   84 6.52773e-02
 48   86 5.15977e-02
 48   88 6.81892e-02
 48   90 7.16032e-02
 49    1 1.98928e-02
 49    3 4.65806e-02
 49    5 7.58603e-02
 49    7 1.06760e-01
 49    9 1.27331e-01
 49   11 1.31055e-01
 49   13 1.31644e-01
 49   15 1.27941e-01
 49   17 1.26429e-01
 49   19 1.27574e-01
 49   21 1.36282e-01
 49   23 1.32606e-01
 49   25 1.37462e-01
 49   27 1.51874e-01
 49   29 1.59823e-01
 49   31 1.66864e-01
 49   33 1.96846e-01
 49   35 2.14276e-01
 49   37 1.96797e-01
 49   39 2.40149e-01
 49   41 3.41487e-01
 49   43 4.68689e-01
 49   45 9.35751e-01
 49   47 2.31831e+00
 49   49 3.29206e+01
 49   51 2.28993e+00
 49   53 8.84361e-01
 49   55 4.00809e-01
 49   57 3.05629e-01
 49   59 2.43957e-01
 49   61 1.76359e-01
 49   63 1.62670e-01
 49   65 1.65775e-01
 49   67 1.43597e-01
 49   69 1.22862e-01
 49   71 1.07379e-01
 49   73 9.25673e-02
 49   75 8.41598e-02
 49   77 7.99365e-02
 49   79 7.98040e-02
 49   81 8.07787e-02
 49   83 6.49409e-02
 49   85 5.23928e-02
 49   87 7.40743e-02
 49   89 7.39903e-02
 50    0 6.48895e-03
 50    2 3.20104e-02
 50    4 5.82247e-02
 50    6 8.85553e-02
 50    8 1.19391e-01
 50   10 1.25714e-01
 50   12 1.27963e-01
 50   14 1.21523e-01
 50   16 1.22292e-01
 50   18 1.20537e-01
 50   20 1.24928e-01
 50   22 1.27597e-01
 50   24 1.31820e-01
 50   26 1.35272e-01
 50   28 1.52837e-01
 50   30 1.59212e-01
 50   32 1.68248e-01
 50   34 1.91136e-01
 50   36 2.05511e-01
 50   38 1.92176e-01
 50   40 2.34422e-01
 50   42 3.36937e-01
 50   44 4.45529e-01
 50   46 9.04514e-01
 50   48 2.26879e+00
 50   50 3.23698e+01
 50   52 2.23434e+00
 50   54 8.56067e-01
 50   56 3.82435e-01
 50   58 2.93915e-01
 50   60 2.36742e-01
 50   62 1.73628e-01
 50   64 1.58079e-01
 50   66 1.58261e-01
 50   68 1.37205e-01
 50   70 1.19611e-01
 50   72 1.01770e-01
 50   74 8.69511e-02
 50   76 8.15144e-02
 50   78 7.81072e-02
 50   80 7.41123e-02
 50   82 7.70599e-02
 50   84 6.39598e-02
 50   86 5.19320e-02
 50   88 7.02236e-02
 50   90 7.10155e-02
 51    1 2.13199e-02
 51    3 4.82922e-02
 51    5 7.45143e-02
 51    7 1.00804e-01
 51    9 1.21658e-01
 51   11 1.24028e-01
 51   13 1.25969e-01
 51   15 1.18619e-01
 51   17 1.14158e-01
 51   19 1.17781e-01
 51   21 1.12020e-01
 51   23 1.19025e-01
 51   25 1.22179e-01
 51   27 1.31209e-01
 51   29 1.53547e-01
 51   31 1.62859e-01
 51   33 1.64071e-01
 51   35 1.85499e-01
 51   37 2.04012e-01
 51   39 1.85300e-01
 51   41 2.32344e-01
 51   43 3.23371e-01
 51   45 4.26883e-01
 51   47 8.84181e-01
 51   49 2.22508e+00
 51   51 3.18677e+01
 51   53 2.18937e+00
 51   55 8.30421e-01
 51   57 3.62016e-01
 51   59 2.78358e-01
 51   61 2.32106e-01
 51   63 1.78371e-01
 51   65 1.57940e-01
 51   67 1.52123e-01
 51   69 1.38588e-01
 51   71 1.09179e-01
 51   73 9.04099e-02
 51   75 9.03070e-02
 51   77 8.38500e-02
 51   79 7.84661e-02
 51   81 8.11018e-02
 51   83 6.48156e-02
 51   85 5.33433e-02
 51   87 7.39221e-02
 51   89 7.32842e-02
 52    0 7.10087e-03
 52    2 3.43058e-02
 52    4 6.00651e-02
 52    6 8.55897e-02
 52    8 1.12840e-01
 52   10 1.18950e-01
 52   12 1.20901e-01
 52   14 1.20600e-01
 52   16 1.11361e-01
 52   18 1.12203e-01
 52   20 1.09066e-01
 52   22 1.11551e-01
 52   24 1.16440e-01
 52   26 1.23781e-01
 52   28 1.31406e-01
 52   30 1.53140e-01
 52   32 1.56445e-01
 52   34 1.56906e-01
 52   36 1.83680e-01
 52   38 1.96320e-01
 52   40 1.82556e-01
 52   42 2.25175e-01
 52   44 3.12682e-01
 52   46 4.10248e-01
 52   48 8.56370e-01
 52   50 2.17334e+00
 52   52 3.13794e+01
 52   54 2.13856e+00
 52   56 8.04737e-01
 52   58 3.44026e-01
 52   60 2.66867e-01
 52   62 2.27873e-01
 52   64 1.75281e-01
 52   66 1.50755e-01
 52   68 1.47973e-01
 52   70 1.30957e-01
 52   72 1.03892e-01
 52   74 8.74118e-02
 52   76 8.94793e-02
 52   78 7.75093e-02
 52   80 7.60264e-02
 52   82 7.79772e-02
 52   84 6.35793e-02
 52   86 4.98691e-02
 52   88 7.24405e-02
 52   90 7.35083e-02
 53    1 1.84115e-02
 53    3 4.53266e-02
 53    5 7.30333e-02
 53    7 1.02886e-01
 53    9 1.21806e-01
 53   11 1.20092e-01
 53   13 1.10502e-01
 53   15 1.02925e-01
 53   17 1.06441e-01
 53   19 1.04036e-01
 53   21 1.05927e-01
 53   23 1.08116e-01
 53   25 1.15507e-01
 53   27 1.24364e-01
 53   29 1.34718e-01
 53   31 1.49987e-01
 53   33 1.49044e-01
 53   35 1.56071e-01
 53   37 1.79738e-01
 53   39 1.91951e-01
 53   41 1.77912e-01
 53   43 2.25195e-01
 53   45 3.10138e-01
 53   47 4.00816e-01
 53   49 8.36708e-01
 53   51 2.13177e+00
 53   53 3.08927e+01
 53   55 2.08660e+00
 53   57 7.78409e-01
 53   59 3.30560e-01
 53   61 2.58458e-01
 53   63 2.32527e-01
 53   65 1.78779e-01
 53   67 1.49990e-01
 53   69 1.38695e-01
 53   71 1.16825e-01
 53   73 9.80634e-02
 53   75 9.33044e-02
 53   77 8.33357e-02
 53   79 8.23277e-02
 53   81 7.99120e-02
 53   83 6.43928e-02
 53   85 5.06578e-02
 53   87 7.57011e-02
 53   89 7.37909e-02
 54    0 5.74483e-03
 54    2 3.05713e-02
 54    4 5.76677e-02
 54    6 8.72039e-02
 54    8 1.15270e-01
 54   10 1.18008e-01
 54   12 1.14417e-01
 54   14 1.00839e-01
 54   16 1.00846e-01
 54   18 1.01708e-01
 54   20 1.03219e-01
 54   22 1.02380e-01
 54   24 1.09145e-01
 54   26 1.13827e-01
 54   28 1.23297e-01
 54   30 1.30218e-01
 54   32 1.42764e-01
 54   34 1.43994e-01
 54   36 1.51859e-01
 54   38 1.79313e-01
 54   40 1.84412e-01
 54   42 1.73999e-01
 54   44 2.21333e-01
 54   46 2.98326e-01
 54   48 3.80234e-01
 54   50 8.11596e-01
 54   52 2.08438e+00
 54   54 3.04517e+01
 54   56 2.03490e+00
 54   58 7.55934e-01
 54   60 3.16717e-01
 54   62 2.48221e-01
 54   64 2.28361e-01
 54   66 1.77407e-01
 54   68 1.42987e-01
 54   70 1.31304e-01
 54   72 1.14969e-01
 54   74 9.56265e-02
 54   76 8.67864e-02
 54   78 8.09833e-02
 54   80 8.07333e-02
 54   82 7.88181e-02
 54   84 6.33698e-02
 54   86 5.00566e-02
 54   88 7.55425e-02
 54   90 7.16958e-02
 55    1 2.08153e-02
 55    3 4.69954e-02
 55    5 7.19140e-02
 55    7 9.36216e-02
 55    9 1.09775e-01
 55   11 1.09194e-01
 55   13 1.12147e-01
 55   15 1.08301e-01
 55   17 1.02248e-01
 55   19 9.98461e-02
 55   21 9.63289e-02
 55   23 9.91667e-02
 55   25 1.05761e-01
 55   27 1.13190e-01
 55   29 1.18222e-01
 55   31 1.24264e-01
 55   33 1.41076e-01
 55   35 1.42243e-01
 55   37 1.52277e-01
 55   39 1.79872e-01
 55   41 1.84086e-01
 55   43 1.71850e-01
 55   45 2.24592e-01
 55   47 2.94546e-01
 55   49 3.69964e-01
 55   51 7.88856e-01
 55   53 2.03572e+00
 55   55 2.99994e+01
 55   57 1.99202e+00
 55   59 7.38150e-01
 55   61 3.12206e-01
 55   63 2.47362e-01
 55   65 2.26449e-01
 55   67 1.73202e-01
 55   69 1.34611e-01
 55   71 1.20611e-01
 55   73 1.05657e-01
 55   75 9.57496e-02
 55   77 8.58588e-02
 55   79 8.32985e-02
 55   81 8.05335e-02
 55   83 6.24967e-02
 55   85 5.11308e-02
 55   87 7.84228e-02
 55   89 7.10610e-02
 56    0 7.14035e-03
 56    2 3.45393e-02
 56    4 5.97526e-02
 56    6 8.08254e-02
 56    8 1.01393e-01
 56   10 1.04108e-01
 56   12 1.05280e-01
 56   14 1.07637e-01
 56   16 1.01888e-01
 56   18 9.97199e-02
 56   20 9.44696e-02
 56   22 9.65404e-02
 56   24 9.62236e-02
 56   26 1.04367e-01
 56   28 1.08024e-01
 56   30 1.11768e-01
 56   32 1.20763e-01
 56   34 1.37514e-01
 56   36 1.40258e-01
 56   38 1.48327e-01
 56   40 1.79413e-01
 56   42 1.77141e-01
 56   44 1.66288e-01
 56   46 2.19557e-01
 56   48 2.82821e-01
 56   50 3.54066e-01
 56   52 7.65953e-01
 56   54 1.98718e+00
 56   56 2.95905e+01
 56   58 1.94451e+00
 56   60 7.19468e-01
 56   62 3.05124e-01
 56   64 2.37091e-01
 56   66 2.20047e-01
 56   68 1.70303e-01
 56   70 1.34078e-01
 56   72 1.15607e-01
 56   74 1.01122e-01
 56   76 9.29246e-02
 56   78 8.33778e-02
 56   80 8.03694e-02
 56   82 8.10290e-02
 56   84 6.05328e-02
 56   86 5.03652e-02
 56   88 7.52109e-02
 56   90 7.31870e-02
 57    1 1.64992e-02
 57    3 4.03406e-02
 57    5 6.79843e-02
 57    7 9.78316e-02
 57    9 1.19752e-01
 57   11 1.18484e-01
 57   13 1.06686e-01
 57   15 9.18363e-02
 57   17 8.85221e-02
 57   19 8.78437e-02
 57   21 9.05965e-02
 57   23 9.43091e-02
 57   25 9.78421e-02
 57   27 1.03478e-01
 57   29 1.07377e-01
 57   31 1.14018e-01
 57   33 1.21298e-01
 57   35 1.36483e-01
 57   37 1.39436e-01
 57   39 1.50577e-01
 57   41 1.71819e-01
 57   43 1.70814e-01
 57   45 1.67831e-01
 57   47 2.21618e-01
 57   49 2.75751e-01
 57   51 3.36146e-01
 57   53 7.42313e-01
 57   55 1.94713e+00
 57   57 2.92023e+01
 57   59 1.90751e+00
 57   61 7.09471e-01
 57   63 2.97506e-01
 57   65 2.26540e-01
 57   67 2.11699e-01
 57   69 1.66965e-01
 57   71 1.21356e-01
 57   73 1.07903e-01
 57   75 1.03872e-01
 57   77 8.92623e-02
 57   79 8.47600e-02
 57   81 8.13007e-02
 57   83 6.17051e-02
 57   85 5.19483e-02
 57   87 7.91097e-02
 57   89 7.32140e-02
 58    0 5.17692e-03
 58    2 2.67810e-02
 58    4 5.20982e-02
 58    6 7.98942e-02
 58    8 1.08510e-01
 58   10 1.15678e-01
 58   12 1.11664e-01
 58   14 9.30886e-02
 58   16 8.67021e-02
 58   18 8.48675e-02
 58   20 8.77199e-02
 58   22 8.90105e-02
 58   24 9.25514e-02
 58   26 9.32721e-02
 58   28 9.83813e-02
 58   30 1.02569e-01
 58   32 1.10403e-01
 58   34 1.20251e-01
 58   36 1.31907e-01
 58   38 1.38132e-01
 58   40 1.45839e-01
 58   42 1.67290e-01
 58   44 1.66917e-01
 58   46 1.62537e-01
 58   48 2.18899e-01
 58   50 2.66225e-01
 58   52 3.20361e-01
 58   54 7.22235e-01
 58   56 1.90245e+00
 58   58 2.88328e+01
 58   60 1.86612e+00
 58   62 6.91011e-01
 58   64 2.90961e-01
 58   66 2.19201e-01
 58   68 2.07345e-01
 58   70 1.65892e-01
 58   72 1.17228e-01
 58   74 1.06156e-01
 58   76 9.83712e-02
 58   78 8.72409e-02
 58   80 8.40008e-02
 58   82 7.91058e-02
 58   84 6.11339e-02
 58   86 4.88644e-02
 58   88 7.77177e-02
 58   90 7.15928e-02
 59    1 2.28554e-02
 59    3 4.90726e-02
 59    5 6.92144e-02
 59    7 8.86916e-02
 59    9 1.03582e-01
 59   11 9.81225e-02
 59   13 9.55354e-02
 59   15 9.19500e-02
 59   17 9.08115e-02
 59   19 9.06229e-02
 59   21 8.89346e-02
 59   23 8.88079e-02
 59   25 9.07411e-02
 59   27 9.38638e-02
 59   29 9.94970e-02
 59   31 1.00717e-01
 59   33 1.07746e-01
 59   35 1.18170e-01
 59   37 1.33187e-01
 59   39 1.33686e-01
 59   41 1.41871e-01
 59   43 1.67116e-01
 59   45 1.61499e-01
 59   47 1.62330e-01
 59   49 2.15542e-01
 59   51 2.53104e-01
 59   53 3.08691e-01
 59   55 7.06546e-01
 59   57 1.86793e+00
 59   59 2.84717e+01
 59   61 1.82323e+00
 59   63 6.73672e-01
 59   65 2.81359e-01
 59   67 2.07322e-01
 59   69 1.99291e-01
 59   71 1.53974e-01
 59   73 1.20340e-01
 59   75 1.05261e-01
 59   77 9.78855e-02
 59   79 8.85358e-02
 59   81 8.20602e-02
 59   83 6.26124e-02
 59   85 5.26532e-02
 59   87 8.37875e-02
 59   89 7.42136e-02
 60    0 7.56850e-03
 60    2 3.58898e-02
 60    4 5.70667e-02
 60    6 7.54971e-02
 60    8 9.47666e-02
 60   10 9.71373e-02
 60   12 9.28566e-02
 60   14 9.16399e-02
 60   16 8.92479e-02
 60   18 9.05670e-02
 60   20 8.81692e-02
 60   22 8.65435e-02
 60   24 8.39329e-02
 60   26 8.70259e-02
 60   28 8.80555e-02
 60   30 9.56865e-02
 60   32 9.84829e-02
 60   34 1.04484e-01
 60   36 1.19774e-01
 60   38 1.27900e-01
 60   40 1.26806e-01
 60   42 1.40189e-01
 60   44 1.61601e-01
 60   46 1.57146e-01
 60   48 1.61696e-01
 60   50 2.10176e-01
 60   52 2.43571e-01
 60   54 2.96584e-01
 60   56 6.89913e-01
 60   58 1.82903e+00
 60   60 2.81483e+01
 60   62 1.77964e+00
 60   64 6.59829e-01
 60   66 2.76757e-01
 60   68 2.04468e-01
 60   70 1.89986e-01
 60   72 1.52248e-01
 60   74 1.14643e-01
 60   76 1.02787e-01
 60   78 9.33912e-02
 60   80 8.66170e-02
 60   82 8.17445e-02
 60   84 6.11190e-02
 60   86 5.13550e-02
 60   88 8.02999e-02
 60   90 7.15651e-02
 61    1 1.45638e-02
 61    3 3.67825e-02
 61    5 6.38093e-02
 61    7 9.19565e-02
 61    9 1.12708e-01
 61   11 1.09626e-01
 61   13 9.82319e-02
 61   15 8.18608e-02
 61   17 8.08647e-02
 61   19 7.75989e-02
 61   21 7.79348e-02
 61   23 8.11998e-02
 61   25 8.76130e-02
 61   27 9.25695e-02
 61   29 9.31615e-02
 61   31 9.89442e-02
 61   33 1.00610e-01
 61   35 1.09488e-01
 61   37 1.19715e-01
 61   39 1.22111e-01
 61   41 1.23282e-01
 61   43 1.33354e-01
 61   45 1.54831e-01
 61   47 1.50484e-01
 61   49 1.52855e-01
 61   51 2.07035e-01
 61   53 2.36770e-01
 61   55 2.93157e-01
 61   57 6.81541e-01
 61   59 1.78857e+00
 61   61 2.78005e+01
 61   63 1.73373e+00
 61   65 6.38808e-01
 61   67 2.72434e-01
 61   69 1.89525e-01
 61   71 1.80304e-01
 61   73 1.54273e-01
 61   75 1.23984e-01
 61   77 9.98504e-02
 61   79 9.31618e-02
 61   81 8.38596e-02
 61   83 6.34476e-02
 61   85 5.64599e-02
 61   87 8.82710e-02
 61   89 7.70774e-02
 62    0 4.32021e-03
 62    2 2.33159e-02
 62    4 4.77566e-02
 62    6 7.54082e-02
 62    8 1.03484e-01
 62   10 1.09367e-01
 62   12 1.04200e-01
 62   14 8.64936e-02
 62   16 8.05068e-02
 62   18 7.78927e-02
 62   20 7.60587e-02
 62   22 7.45216e-02
 62   24 7.84382e-02
 62   26 8.39547e-02
 62   28 9.13942e-02
 62   30 9.10226e-02
 62   32 9.61846e-02
 62   34 1.02328e-01
 62   36 1.06312e-01
 62   38 1.11814e-01
 62   40 1.16123e-01
 62   42 1.17177e-01
 62   44 1.30726e-01
 62   46 1.52781e-01
 62   48 1.42663e-01
 62   50 1.51344e-01
 62   52 2.04203e-01
 62   54 2.28220e-01
 62   56 2.87275e-01
 62   58 6.64975e-01
 62   60 1.74731e+00
 62   62 2.75091e+01
 62   64 1.68995e+00
 62   66 6.29201e-01
 62   68 2.69626e-01
 62   70 1.83736e-01
 62   72 1.72174e-01
 62   74 1.48338e-01
 62   76 1.17892e-01
 62   78 9.52463e-02
 62   80 9.26327e-02
 62   82 8.27778e-02
 62   84 6.27544e-02
 62   86 5.36166e-02
 62   88 8.53116e-02
 62   90 7.49302e-02
 63    1 2.26455e-02
 63    3 4.95574e-02
 63    5 7.00918e-02
 63    7 8.75038e-02
 63    9 9.79013e-02
 63   11 8.71584e-02
 63   13 7.90613e-02
 63   15 7.94393e-02
 63   17 8.06134e-02
 63   19 8.38325e-02
 63   21 8.58166e-02
 63   23 9.06952e-02
 63   25 8.99149e-02
 63   27 8.79109e-02
 63   29 9.00239e-02
 63   31 8.73959e-02
 63   33 9.27364e-02
 63   35 9.48563e-02
 63   37 9.43617e-02
 63   39 1.03523e-01
 63   41 1.08374e-01
 63   43 1.11486e-01
 63   45 1.29204e-01
 63   47 1.42654e-01
 63   49 1.38547e-01
 63   51 1.56348e-01
 63   53 2.09324e-01
 63   55 2.28245e-01
 63   57 2.80843e-01
 63   59 6.49414e-01
 63   61 1.70370e+00
 63   63 2.71840e+01
 63   65 1.64499e+00
 63   67 6.08943e-01
 63   69 2.61502e-01
 63   71 1.80187e-01
 63   73 1.76868e-01
 63   75 1.51992e-01
 63   77 1.15232e-01
 63   79 9.80634e-02
 63   81 8.45596e-02
 63   83 6.51661e-02
 63   85 5.84739e-02
 63   87 9.40784e-02
 63   89 8.05388e-02
 64    0 7.70673e-03
 64    2 3.67906e-02
 64    4 5.95184e-02
 64    6 7.68001e-02
 64    8 9.26694e-02
 64   10 8.99790e-02
 64   12 7.92400e-02
 64   14 7.68375e-02
 64   16 7.92796e-02
 64   18 8.15931e-02
 64   20 8.11327e-02
 64   22 8.41854e-02
 64   24 8.50479e-02
 64   26 8.78098e-02
 64   28 8.60825e-02
 64   30 8.83911e-02
 64   32 8.68566e-02
 64   34 8.90739e-02
 64   36 8.82423e-02
 64   38 9.09268e-02
 64   40 9.95264e-02
 64   42 1.03347e-01
 64   44 1.08441e-01
 64   46 1.23426e-01
 64   48 1.38435e-01
 64   50 1.35518e-01
 64   52 1.54484e-01
 64   54 2.06497e-01
 64   56 2.19540e-01
 64   58 2.75381e-01
 64   60 6.37159e-01
 64   62 1.66207e+00
 64   64 2.69204e+01
 64   66 1.60263e+00
 64   68 5.95990e-01
 64   70 2.62595e-01
 64   72 1.73629e-01
 64   74 1.65790e-01
 64   76 1.42682e-01
 64   78 1.12820e-01
 64   80 9.53587e-02
 64   82 8.35718e-02
 64   84 6.27568e-02
 64   86 5.67235e-02
 64   88 9.10874e-02
 64   90 7.95867e-02
 65    1 1.20933e-02
 65    3 3.09841e-02
 65    5 5.50448e-02
 65    7 8.21989e-02
 65    9 1.02952e-01
 65   11 1.03109e-01
 65   13 9.98904e-02
 65   15 8.76842e-02
 65   17 8.71007e-02
 65   19 7.72778e-02
 65   21 7.74782e-02
 65   23 7.72949e-02
 65   25 7.75664e-02
 65   27 7.92201e-02
 65   29 7.84848e-02
 65   31 8.06960e-02
 65   33 8.30849e-02
 65   35 8.51716e-02
 65   37 8.77534e-02
 65   39 9.14268e-02
 65   41 9.89274e-02
 65   43 1.06352e-01
 65   45 1.07294e-01
 65   47 1.22896e-01
 65   49 1.38980e-01
 65   51 1.36270e-01
 65   53 1.58418e-01
 65   55 2.05674e-01
 65   57 2.10501e-01
 65   59 2.66978e-01
 65   61 6.17905e-01
 65   63 1.61921e+00
 65   65 2.66297e+01
 65   67 1.55783e+00
 65   69 5.82890e-01
 65   71 2.67511e-01
 65   73 1.80495e-01
 65   75 1.66492e-01
 65   77 1.40901e-01
 65   79 1.09833e-01
 65   81 8.75320e-02
 65   83 6.59798e-02
 65   85 6.23371e-02
 65   87 9.96315e-02
 65   89 8.46986e-02
 66    0 3.76834e-03
 66    2 1.97732e-02
 66    4 3.94821e-02
 66    6 6.46889e-02
 66    8 9.16999e-02
 66   10 1.01267e-01
 66   12 1.04025e-01
 66   14 9.12352e-02
 66   16 8.61787e-02
 66   18 7.99695e-02
 66   20 7.44302e-02
 66   22 7.42440e-02
 66   24 7.53509e-02
 66   26 7.57170e-02
 66   28 7.85019e-02
 66   30 7.72178e-02
 66   32 7.80174e-02
 66   34 7.94937e-02
 66   36 8.23124e-02
 66   38 8.54416e-02
 66   40 8.77863e-02
 66   42 9.60626e-02
 66   44 9.92621e-02
 66   46 1.02595e-01
 66   48 1.20686e-01
 66   50 1.33659e-01
 66   52 1.30894e-01
 66   54 1.58039e-01
 66   56 2.00731e-01
 66   58 2.04381e-01
 66   60 2.63279e-01
 66   62 6.09632e-01
 66   64 1.57883e+00
 66   66 2.63829e+01
 66   68 1.51837e+00
 66   70 5.69677e-01
 66   72 2.64387e-01
 66   74 1.74016e-01
 66   76 1.57267e-01
 66   78 1.35708e-01
 66   80 1.07941e-01
 66   82 8.37914e-02
 66   84 6.29249e-02
 66   86 6.04575e-02
 66   88 9.80761e-02
 66   90 8.38016e-02
 67    1 2.08057e-02
 67    3 4.48101e-02
 67    5 6.50838e-02
 67    7 8.18768e-02
 67    9 9.25957e-02
 67   11 7.92834e-02
 67   13 6.68591e-02
 67   15 6.71128e-02
 67   17 7.00149e-02
 67   19 7.49912e-02
 67   21 8.28161e-02
 67   23 8.66568e-02
 67   25 8.42913e-02
 67   27 8.33843e-02
 67   29 8.16916e-02
 67   31 8.43599e-02
 67   33 8.34747e-02
 67   35 8.01772e-02
 67   37 8.05230e-02
 67   39 8.09916e-02
 67   41 8.64325e-02
 67   43 9.18501e-02
 67   45 9.52752e-02
 67   47 1.01037e-01
 67   49 1.18696e-01
 67   51 1.29408e-01
 67   53 1.31042e-01
 67   55 1.55103e-01
 67   57 1.93948e-01
 67   59 1.93962e-01
 67   61 2.59818e-01
 67   63 5.90983e-01
 67   65 1.53595e+00
 67   67 2.61390e+01
 67   69 1.48145e+00
 67   71 5.60699e-01
 67   73 2.75503e-01
 67   75 1.76542e-01
 67   77 1.51997e-01
 67   79 1.28507e-01
 67   81 9.51934e-02
 67   83 6.95561e-02
 67   85 6.78250e-02
 67   87 1.07737e-01
 67   89 8.94053e-02
 68    0 6.61439e-03
 68    2 3.12641e-02
 68    4 5.39508e-02
 68    6 7.13653e-02
 68    8 8.65285e-02
 68   10 8.40001e-02
 68   12 7.01857e-02
 68   14 6.45481e-02
 68   16 6.73186e-02
 68   18 7.05102e-02
 68   20 7.66729e-02
 68   22 8.30897e-02
 68   24 8.15121e-02
 68   26 8.47754e-02
 68   28 8.03020e-02
 68   30 8.01485e-02
 68   32 7.97918e-02
 68   34 7.77222e-02
 68   36 7.74801e-02
 68   38 7.68983e-02
 68   40 7.89317e-02
 68   42 8.10145e-02
 68   44 8.69858e-02
 68   46 9.07669e-02
 68   48 9.82345e-02
 68   50 1.14342e-01
 68   52 1.26778e-01
 68   54 1.25690e-01
 68   56 1.53298e-01
 68   58 1.90767e-01
 68   60 1.91935e-01
 68   62 2.57781e-01
 68   64 5.79364e-01
 68   66 1.49827e+00
 68   68 2.59078e+01
 68   70 1.43803e+00
 68   72 5.46009e-01
 68   74 2.72254e-01
 68   76 1.73441e-01
 68   78 1.46456e-01
 68   80 1.22936e-01
 68   82 9.14723e-02
 68   84 6.75431e-02
 68   86 6.61517e-02
 68   88 1.05564e-01
 68   90 8.84684e-02
 69    1 1.13931e-02
 69    3 2.98475e-02
 69    5 5.14380e-02
 69    7 7.37908e-02
 69    9 9.08697e-02
 69   11 9.17676e-02
 69   13 9.53905e-02
 69   15 9.19116e-02
 69   17 9.17355e-02
 69   19 8.28901e-02
 69   21 7.96181e-02
 69   23 7.32448e-02
 69   25 7.11029e-02
 69   27 6.86138e-02
 69   29 6.84190e-02
 69   31 6.93668e-02
 69   33 6.77553e-02
 69   35 6.98089e-02
 69   37 7.15095e-02
 69   39 7.42973e-02
 69   41 7.57979e-02
 69   43 8.13209e-02
 69   45 8.89868e-02
 69   47 9.56390e-02
 69   49 1.00294e-01
 69   51 1.16428e-01
 69   53 1.19666e-01
 69   55 1.19045e-01
 69   57 1.51063e-01
 69   59 1.84130e-01
 69   61 1.78500e-01
 69   63 2.50633e-01
 69   65 5.67556e-01
 69   67 1.46303e+00
 69   69 2.56756e+01
 69   71 1.40660e+00
 69   73 5.40337e-01
 69   75 2.74795e-01
 69   77 1.69866e-01
 69   79 1.36115e-01
 69   81 1.07754e-01
 69   83 7.84840e-02
 69   85 7.54270e-02
 69   87 1.15888e-01
 69   89 9.28471e-02
 70    0 3.34213e-03
 70    2 1.88492e-02
 70    4 3.84466e-02
 70    6 6.05456e-02
 70    8 8.17501e-02
 70   10 8.74475e-02
 70   12 9.19009e-02
 70   14 9.09052e-02
 70   16 9.22289e-02
 70   18 8.32929e-02
 70   20 7.82326e-02
 70   22 7.30457e-02
 70   24 7.45707e-02
 70   26 6.91959e-02
 70   28 6.52162e-02
 70   30 6.44910e-02
 70   32 6.60169e-02
 70   34 6.69426e-02
 70   36 6.81352e-02
 70   38 6.91336e-02
 70   40 7.04187e-02
 70   42 7.34090e-02
 70   44 7.91741e-02
 70   46 8.77782e-02
 70   48 9.12412e-02
 70   50 9.85198e-02
 70   52 1.10893e-01
 70   54 1.14077e-01
 70   56 1.19285e-01
 70   58 1.50852e-01
 70   60 1.76265e-01
 70   62 1.73620e-01
 70   64 2.52299e-01
 70   66 5.55592e-01
 70   68 1.42129e+00
 70   70 2.54605e+01
 70   72 1.36515e+00
 70   74 5.24101e-01
 70   76 2.74372e-01
 70   78 1.66034e-01
 70   80 1.30925e-01
 70   82 1.03705e-01
 70   84 7.54936e-02
 70   86 7.21576e-02
 70   88 1.13372e-01
 70   90 9.34234e-02
 71    1 1.67937e-02
 71    3 3.98999e-02
 71    5 6.26486e-02
 71    7 8.50580e-02
 71    9 9.97154e-02
 71   11 8.51329e-02
 71   13 6.61875e-02
 71   15 6.49855e-02
 71   17 6.21895e-02
 71   19 6.55925e-02
 71   21 6.57876e-02
 71   23 6.53718e-02
 71   25 6.88279e-02
 71   27 7.04455e-02
 71   29 7.30118e-02
 71   31 7.37137e-02
 71   33 7.56009e-02
 71   35 7.70997e-02
 71   37 7.61833e-02
 71   39 7.56706e-02
 71   41 7.73459e-02
 71   43 7.79142e-02
 71   45 8.45650e-02
 71   47 8.60244e-02
 71   49 8.67034e-02
 71   51 9.07268e-02
 71   53 9.97031e-02
 71   55 1.05507e-01
 71   57 1.08607e-01
 71   59 1.40717e-01
 71   61 1.67975e-01
 71   63 1.70824e-01
 71   65 2.57649e-01
 71   67 5.47720e-01
 71   69 1.39135e+00
 71   71 2.52393e+01
 71   73 1.33727e+00
 71   75 5.11579e-01
 71   77 2.64553e-01
 71   79 1.61184e-01
 71   81 1.18023e-01
 71   83 9.09591e-02
 71   85 8.45751e-02
 71   87 1.22195e-01
 71   89 9.36902e-02
 72    0 5.41334e-03
 72    2 2.74903e-02
 72    4 4.95678e-02
 72    6 7.20248e-02
 72    8 9.38577e-02
 72   10 9.07676e-02
 72   12 7.03580e-02
 72   14 6.26666e-02
 72   16 6.12924e-02
 72   18 5.95946e-02
 72   20 6.38447e-02
 72   22 6.66743e-02
 72   24 6.67044e-02
 72   26 6.70001e-02
 72   28 6.82138e-02
 72   30 7.13644e-02
 72   32 7.22189e-02
 72   34 7.49941e-02
 72   36 7.39242e-02
 72   38 7.25815e-02
 72   40 7.43212e-02
 72   42 7.55268e-02
 72   44 7.86122e-02
 72   46 8.13145e-02
 72   48 8.27208e-02
 72   50 8.29824e-02
 72   52 8.70903e-02
 72   54 9.88813e-02
 72   56 1.01818e-01
 72   58 1.05529e-01
 72   60 1.39832e-01
 72   62 1.61059e-01
 72   64 1.65144e-01
 72   66 2.55258e-01
 72   68 5.34229e-01
 72   70 1.35143e+00
 72   72 2.50193e+01
 72   74 1.29949e+00
 72   76 4.92321e-01
 72   78 2.61390e-01
 72   80 1.58491e-01
 72   82 1.13368e-01
 72   84 8.63600e-02
 72   86 8.13311e-02
 72   88 1.20930e-01
 72   90 9.33692e-02
 73    1 9.29973e-03
 73    3 2.22344e-02
 73    5 3.69251e-02
 73    7 5.38866e-02
 73    9 6.94487e-02
 73   11 6.87415e-02
 73   13 7.15028e-02
 73   15 7.97573e-02
 73   17 9.02714e-02
 73   19 8.54094e-02
 73   21 8.38709e-02
 73   23 8.06858e-02
 73   25 7.91763e-02
 73   27 7.85531e-02
 73   29 7.78268e-02
 73   31 7.35982e-02
 73   33 7.21812e-02
 73   35 6.87680e-02
 73   37 6.74063e-02
 73   39 6.82592e-02
 73   41 6.77853e-02
 73   43 6.92535e-02
 73   45 6.82368e-02
 73   47 7.00601e-02
 73   49 7.40519e-02
 73   51 7.44340e-02
 73   53 8.29166e-02
 73   55 9.15704e-02
 73   57 9.56731e-02
 73   59 1.08960e-01
 73   61 1.42393e-01
 73   63 1.66126e-01
 73   65 1.72231e-01
 73   67 2.66634e-01
 73   69 5.29528e-01
 73   71 1.32489e+00
 73   73 2.47976e+01
 73   75 1.25852e+00
 73   77 4.68751e-01
 73   79 2.47373e-01
 73   81 1.44638e-01
 73   83 1.06700e-01
 73   85 9.93748e-02
 73   87 1.29585e-01
 73   89 8.92802e-02
 74    0 2.98903e-03
 74    2 1.52726e-02
 74    4 2.88108e-02
 74    6 4.40604e-02
 74    8 6.19199e-02
 74   10 6.77757e-02
 74   12 6.86021e-02
 74   14 6.97735e-02
 74   16 8.08226e-02
 74   18 8.45733e-02
 74   20 8.86276e-02
 74   22 7.89494e-02
 74   24 7.88044e-02
 74   26 7.47518e-02
 74   28 7.80445e-02
 74   30 7.27606e-02
 74   32 7.15835e-02
 74   34 6.77474e-02
 74   36 6.66591e-02
 74   38 6.68633e-02
 74   40 6.68828e-02
 74   42 6.74634e-02
 74   44 6.81177e-02
 74   46 6.67946e-02
 74   48 6.88004e-02
 74   50 7.02988e-02
 74   52 7.26549e-02
 74   54 8.15491e-02
 74   56 8.83067e-02
 74   58 9.47520e-02
 74   60 1.04403e-01
 74   62 1.37587e-01
 74   64 1.56353e-01
 74   66 1.66585e-01
 74   68 2.64125e-01
 74   70 5.14441e-01
 74   72 1.28849e+00
 74   74 2.45788e+01
 74   76 1.21998e+00
 74   78 4.50997e-01
 74   80 2.42194e-01
 74   82 1.41300e-01
 74   84 1.01623e-01
 74   86 9.56930e-02
 74   88 1.26900e-01
 74   90 8.96611e-02
 75    1 1.60297e-02
 75    3 3.67659e-02
 75    5 5.79826e-02
 75    7 8.01510e-02
 75    9 9.72510e-02
 75   11 8.91873e-02
 75   13 7.46543e-02
 75   15 7.29959e-02
 75   17 6.31545e-02
 75   19 6.39499e-02
 75   21 6.29974e-02
 75   23 6.29880e-02
 75   25 6.31295e-02
 75   27 6.39716e-02
 75   29 6.40829e-02
 75   31 6.40554e-02
 75   33 6.42197e-02
 75   35 6.17632e-02
 75   37 6.36175e-02
 75   39 6.27128e-02
 75   41 6.48279e-02
 75   43 6.83372e-02
 75   45 6.66497e-02
 75   47 6.59358e-02
 75   49 6.68095e-02
 75   51 7.37788e-02
 75   53 7.82874e-02
 75   55 8.23470e-02
 75   57 9.13919e-02
 75   59 9.45765e-02
 75   61 1.13558e-01
 75   63 1.41665e-01
 75   65 1.57650e-01
 75   67 1.69548e-01
 75   69 2.67232e-01
 75   71 5.02953e-01
 75   73 1.24886e+00
 75   75 2.43288e+01
 75   77 1.17483e+00
 75   79 4.21043e-01
 75   81 2.20279e-01
 75   83 1.37273e-01
 75   85 1.22369e-01
 75   87 1.43246e-01
 75   89 8.93270e-02
 76    0 5.11691e-03
 76    2 2.59194e-02
 76    4 4.68347e-02
 76    6 6.70174e-02
 76    8 8.60861e-02
 76   10 8.93610e-02
 76   12 7.74521e-02
 76   14 7.34645e-02
 76   16 6.88096e-02
 76   18 6.33391e-02
 76   20 6.15669e-02
 76   22 6.24860e-02
 76   24 6.24859e-02
 76   26 6.14134e-02
 76   28 6.19802e-02
 76   30 6.22393e-02
 76   32 6.28337e-02
 76   34 6.17645e-02
 76   36 6.01537e-02
 76   38 6.23259e-02
 76   40 6.21135e-02
 76   42 6.71439e-02
 76   44 6.58750e-02
 76   46 6.43315e-02
 76   48 6.23939e-02
 76   50 6.54501e-02
 76   52 7.38620e-02
 76   54 7.35013e-02
 76   56 8.05899e-02
 76   58 8.72001e-02
 76   60 9.29616e-02
 76   62 1.08595e-01
 76   64 1.33635e-01
 76   66 1.49516e-01
 76   68 1.67105e-01
 76   70 2.67462e-01
 76   72 4.84796e-01
 76   74 1.21159e+00
 76   76 2.41070e+01
 76   78 1.13976e+00
 76   80 4.03661e-01
 76   82 2.12618e-01
 76   84 1.31877e-01
 76   86 1.16210e-01
 76   88 1.40207e-01
 76   90 8.99594e-02
 77    1 1.06944e-02
 77    3 2.65491e-02
 77    5 4.26090e-02
 77    7 5.82050e-02
 77    9 6.97589e-02
 77   11 6.85936e-02
 77   13 7.25550e-02
 77   15 7.66926e-02
 77   17 7.89435e-02
 77   19 7.83191e-02
 77   21 7.87393e-02
 77   23 7.67608e-02
 77   25 7.47028e-02
 77   27 7.16540e-02
 77   29 6.92399e-02
 77   31 6.96170e-02
 77   33 6.38308e-02
 77   35 6.35976e-02
 77   37 6.10718e-02
 77   39 6.24073e-02
 77   41 6.53959e-02
 77   43 6.33448e-02
 77   45 6.17018e-02
 77   47 6.04180e-02
 77   49 6.30712e-02
 77   51 6.80872e-02
 77   53 6.94980e-02
 77   55 7.33919e-02
 77   57 7.80602e-02
 77   59 8.74149e-02
 77   61 9.08981e-02
 77   63 1.06749e-01
 77   65 1.32607e-01
 77   67 1.45088e-01
 77   69 1.64187e-01
 77   71 2.58512e-01
 77   73 4.62327e-01
 77   75 1.16769e+00
 77   77 2.38439e+01
 77   79 1.10278e+00
 77   81 3.77314e-01
 77   83 2.11446e-01
 77   85 1.60005e-01
 77   87 1.65729e-01
 77   89 9.75344e-02
 78    0 3.53019e-03
 78    2 1.82635e-02
 78    4 3.39627e-02
 78    6 4.91528e-02
 78    8 6.46406e-02
 78   10 6.55272e-02
 78   12 6.68024e-02
 78   14 7.08675e-02
 78   16 7.67556e-02
 78   18 7.48666e-02
 78   20 7.79778e-02
 78   22 7.28691e-02
 78   24 7.37346e-02
 78   26 7.21253e-02
 78   28 6.86244e-02
 78   30 6.87372e-02
 78   32 6.50907e-02
 78   34 6.17730e-02
 78   36 6.14210e-02
 78   38 6.01871e-02
 78   40 6.33796e-02
 78   42 6.19061e-02
 78   44 6.05934e-02
 78   46 6.01117e-02
 78   48 5.79878e-02
 78   50 6.23834e-02
 78   52 6.36435e-02
 78   54 6.82247e-02
 78   56 7.19288e-02
 78   58 7.69257e-02
 78   60 8.40186e-02
 78   62 8.72728e-02
 78   64 1.05109e-01
 78   66 1.28339e-01
 78   68 1.40361e-01
 78   70 1.60998e-01
 78   72 2.56036e-01
 78   74 4.45532e-01
 78   76 1.13375e+00
 78   78 2.36298e+01
 78   80 1.06837e+00
 78   82 3.56856e-01
 78   84 2.00379e-01
 78   86 1.54021e-01
 78   88 1.62809e-01
 78   90 9.67659e-02
 79    1 1.49713e-02
 79    3 3.42653e-02
 79    5 5.35244e-02
 79    7 7.10617e-02
 79    9 8.53012e-02
 79   11 7.63434e-02
 79   13 6.78016e-02
 79   15 7.53193e-02
 79   17 6.72442e-02
 79   19 6.62551e-02
 79   21 6.36694e-02
 79   23 6.68122e-02
 79   25 6.45597e-02
 79   27 6.20981e-02
 79   29 5.87580e-02
 79   31 5.94172e-02
 79   33 5.80282e-02
 79   35 5.84328e-02
 79   37 5.77806e-02
 79   39 5.88112e-02
 79   41 5.87787e-02
 79   43 5.82286e-02
 79   45 5.98325e-02
 79   47 5.84576e-02
 79   49 6.26852e-02
 79   51 6.34306e-02
 79   53 6.83505e-02
 79   55 7.08851e-02
 79   57 7.37916e-02
 79   59 7.87119e-02
 79   61 8.44300e-02
 79   63 9.04390e-02
 79   65 1.02906e-01
 79   67 1.22117e-01
 79   69 1.30976e-01
 79   71 1.56799e-01
 79   73 2.42893e-01
 79   75 4.16613e-01
 79   77 1.09785e+00
 79   79 2.33713e+01
 79   81 1.04349e+00
 79   83 3.68753e-01
 79   85 2.30203e-01
 79   87 1.94416e-01
 79   89 1.04944e-01
 80    0 5.07858e-03
 80    2 2.42226e-02
 80    4 4.27278e-02
 80    6 6.09985e-02
 80    8 7.84940e-02
 80   10 7.95157e-02
 80   12 6.57989e-02
 80   14 6.84239e-02
 80   16 6.65209e-02
 80   18 6.68802e-02
 80   20 6.10076e-02
 80   22 6.39881e-02
 80   24 6.48084e-02
 80   26 6.34944e-02
 80   28 5.92347e-02
 80   30 5.81923e-02
 80   32 5.59528e-02
 80   34 5.76929e-02
 80   36 5.69481e-02
 80   38 5.67087e-02
 80   40 5.61305e-02
 80   42 5.51764e-02
 80   44 5.87720e-02
 80   46 5.61372e-02
 80   48 5.86050e-02
 80   50 5.89762e-02
 80   52 6.21975e-02
 80   54 6.77652e-02
 80   56 6.90799e-02
 80   58 7.37977e-02
 80   60 7.76392e-02
 80   62 8.45674e-02
 80   64 8.85160e-02
 80   66 1.01706e-01
 80   68 1.17389e-01
 80   70 1.26490e-01
 80   72 1.54677e-01
 80   74 2.38384e-01
 80   76 4.00062e-01
 80   78 1.06446e+00
 80   80 2.31696e+01
 80   82 1.00607e+00
 80   84 3.47247e-01
 80   86 2.20237e-01
 80   88 1.90342e-01
 80   90 1.03735e-01
 81    1 1.15465e-02
 81    3 2.73028e-02
 81    5 4.41389e-02
 81    7 6.12917e-02
 81    9 7.43300e-02
 81   11 6.45918e-02
 81   13 5.96809e-02
 81   15 6.28839e-02
 81   17 6.47817e-02
 81   19 6.59831e-02
 81   21 6.09385e-02
 81   23 6.01280e-02
 81   25 5.69387e-02
 81   27 6.01324e-02
 81   29 6.07757e-02
 81   31 5.77633e-02
 81   33 5.81703e-02
 81   35 5.81543e-02
 81   37 6.05951e-02
 81   39 6.01070e-02
 81   41 5.93018e-02
 81   43 6.07950e-02
 81   45 5.91415e-02
 81   47 6.42636e-02
 81   49 6.32706e-02
 81   51 6.53750e-02
 81   53 6.61565e-02
 81   55 6.83374e-02
 81   57 7.05790e-02
 81   59 7.27476e-02
 81   61 7.57838e-02
 81   63 7.77636e-02
 81   65 8.17785e-02
 81   67 9.02031e-02
 81   69 1.03391e-01
 81   71 1.14486e-01
 81   73 1.41615e-01
 81   75 2.17342e-01
 81   77 3.74560e-01
 81   79 1.04053e+00
 81   81 2.30126e+01
 81   83 1.03636e+00
 81   85 3.87354e-01
 81   87 2.52055e-01
 81   89 1.23889e-01
 82    0 3.76048e-03
 82    2 1.87805e-02
 82    4 3.34504e-02
 82    6 5.03910e-02
 82    8 6.74383e-02
 82   10 6.91481e-02
 82   12 5.73634e-02
 82   14 6.04169e-02
 82   16 6.02867e-02
 82   18 6.23053e-02
 82   20 6.07089e-02
 82   22 6.05593e-02
 82   24 5.54864e-02
 82   26 5.81000e-02
 82   28 5.95933e-02
 82   30 5.67848e-02
 82   32 5.64484e-02
 82   34 5.69442e-02
 82   36 5.87349e-02
 82   38 6.05403e-02
 82   40 5.74822e-02
 82   42 5.88059e-02
 82   44 5.74953e-02
 82   46 6.33463e-02
 82   48 6.27920e-02
 82   50 6.11982e-02
 82   52 6.36649e-02
 82   54 6.60244e-02
 82   56 6.95065e-02
 82   58 6.93572e-02
 82   60 7.31241e-02
 82   62 7.54183e-02
 82   64 7.74186e-02
 82   66 7.87924e-02
 82   68 8.71691e-02
 82   70 9.99903e-02
 82   72 1.10417e-01
 82   74 1.38797e-01
 82   76 2.10298e-01
 82   78 3.54834e-01
 82   80 1.00404e+00
 82   82 2.28031e+01
 82   84 9.96979e-01
 82   86 3.68744e-01
 82   88 2.46166e-01
 82   90 1.21659e-01
 83    1 1.30884e-02
 83    3 3.02093e-02
 83    5 4.64199e-02
 83    7 6.31414e-02
 83    9 7.43939e-02
 83   11 6.72584e-02
 83   13 5.99963e-02
 83   15 6.21755e-02
 83   17 6.19360e-02
 83   19 6.31123e-02
 83   21 6.12463e-02
 83   23 5.93835e-02
 83   25 5.71893e-02
 83   27 5.70912e-02
 83   29 5.59578e-02
 83   31 5.49945e-02
 83   33 5.43048e-02
 83   35 5.43056e-02
 83   37 5.46051e-02
 83   39 5.21262e-02
 83   41 5.20444e-02
 83   43 5.08895e-02
 83   45 5.41012e-02
 83   47 5.21693e-02
 83   49 5.08054e-02
 83   51 5.21853e-02
 83   53 5.32457e-02
 83   55 5.29695e-02
 83   57 5.35043e-02
 83   59 5.54413e-02
 83   61 5.72698e-02
 83   63 5.98580e-02
 83   65 6.15702e-02
 83   67 6.58320e-02
 83   69 7.52174e-02
 83   71 8.81291e-02
 83   73 1.04346e-01
 83   75 1.35283e-01
 83   77 2.09655e-01
 83   79 3.67272e-01
 83   81 1.03513e+00
 83   83 2.26026e+01
 83   85 1.04596e+00
 83   87 3.92064e-01
 83   89 1.59928e-01
 84    0 4.16014e-03
 84    2 2.09185e-02
 84    4 3.74931e-02
 84    6 5.22564e-02
 84    8 6.68613e-02
 84   10 6.70018e-02
 84   12 5.94933e-02
 84   14 5.98572e-02
 84   16 5.71336e-02
 84   18 6.07075e-02
 84   20 6.00521e-02
 84   22 5.94772e-02
 84   24 5.79834e-02
 84   26 5.76547e-02
 84   28 5.54089e-02
 84   30 5.50708e-02
 84   32 5.41829e-02
 84   34 5.40852e-02
 84   36 5.47537e-02
 84   38 5.37026e-02
 84   40 5.12543e-02
 84   42 5.02153e-02
 84   44 5.33965e-02
 84   46 5.45621e-02
 84   48 5.03018e-02
 84   50 5.07775e-02
 84   52 5.18921e-02
 84   54 5.30657e-02
 84   56 5.19073e-02
 84   58 5.35820e-02
 84   60 5.46552e-02
 84   62 5.71558e-02
 84   64 5.81165e-02
 84   66 5.91508e-02
 84   68 6.43438e-02
 84   70 7.27648e-02
 84   72 8.40836e-02
 84   74 9.97894e-02
 84   76 1.30394e-01
 84   78 1.99176e-01
 84   80 3.46430e-01
 84   82 9.96642e-01
 84   84 2.23885e+01
 84   86 1.01082e+00
 84   88 3.80609e-01
 84   90 1.56362e-01
 85    1 1.53409e-02
 85    3 3.55424e-02
 85    5 5.46087e-02
 85    7 7.23705e-02
 85    9 8.62479e-02
 85   11 6.99006e-02
 85   13 6.64521e-02
 85   15 6.53268e-02
 85   17 6.49784e-02
 85   19 6.61230e-02
 85   21 6.29035e-02
 85   23 5.99795e-02
 85   25 6.01694e-02
 85   27 5.40071e-02
 85   29 5.11222e-02
 85   31 5.11449e-02
 85   33 5.05084e-02
 85   35 4.47046e-02
 85   37 4.50320e-02
 85   39 4.23696e-02
 85   41 4.18659e-02
 85   43 4.33658e-02
 85   45 4.11837e-02
 85   47 3.95164e-02
 85   49 4.10098e-02
 85   51 4.29707e-02
 85   53 4.19100e-02
 85   55 4.33586e-02
 85   57 4.50675e-02
 85   59 4.66469e-02
 85   61 5.09888e-02
 85   63 5.37386e-02
 85   65 5.82010e-02
 85   67 6.42267e-02
 85   69 7.23249e-02
 85   71 8.19859e-02
 85   73 9.72329e-02
 85   75 1.20658e-01
 85   77 1.58732e-01
 85   79 2.29397e-01
 85   81 3.87096e-01
 85   83 1.04650e+00
 85   85 2.22907e+01
 85   87 9.59451e-01
 85   89 2.03103e-01
 86    0 4.88181e-03
 86    2 2.47350e-02
 86    4 4.43885e-02
 86    6 6.25243e-02
 86    8 8.06255e-02
 86   10 7.89001e-02
 86   12 6.50500e-02
 86   14 6.44605e-02
 86   16 6.24544e-02
 86   18 6.52094e-02
 86   20 6.15631e-02
 86   22 6.19643e-02
 86   24 5.93762e-02
 86   26 5.41298e-02
 86   28 5.15463e-02
 86   30 5.00601e-02
 86   32 5.02866e-02
 86   34 4.44514e-02
 86   36 4.50449e-02
 86   38 4.12710e-02
 86   40 4.07996e-02
 86   42 4.24173e-02
 86   44 4.03475e-02
 86   46 3.86097e-02
 86   48 3.98154e-02
 86   50 4.12856e-02
 86   52 4.07584e-02
 86   54 4.19752e-02
 86   56 4.32482e-02
 86   58 4.28873e-02
 86   60 4.59873e-02
 86   62 4.89007e-02
 86   64 5.26020e-02
 86   66 5.69099e-02
 86   68 6.31054e-02
 86   70 6.96454e-02
 86   72 7.92966e-02
 86   74 9.40959e-02
 86   76 1.15062e-01
 86   78 1.53308e-01
 86   80 2.20023e-01
 86   82 3.69128e-01
 86   84 1.01222e+00
 86   86 2.21369e+01
 86   88 9.25862e-01
 86   90 1.94378e-01
 87    1 5.82721e-03
 87    3 1.42076e-02
 87    5 2.16232e-02
 87    7 2.92360e-02
 87    9 3.35142e-02
 87   11 2.82710e-02
 87   13 2.83344e-02
 87   15 2.93882e-02
 87   17 3.15113e-02
 87   19 3.22057e-02
 87   21 3.33465e-02
 87   23 3.54524e-02
 87   25 3.59045e-02
 87   27 3.74094e-02
 87   29 3.87669e-02
 87   31 4.15877e-02
 87   33 3.93931e-02
 87   35 4.32283e-02
 87   37 4.42778e-02
 87   39 4.42828e-02
 87   41 4.88527e-02
 87   43 4.85717e-02
 87   45 5.11674e-02
 87   47 5.30920e-02
 87   49 5.81117e-02
 87   51 5.96825e-02
 87   53 6.27703e-02
 87   55 6.66524e-02
 87   57 6.87862e-02
 87   59 7.43972e-02
 87   61 7.98974e-02
 87   63 8.66551e-02
 87   65 9.32310e-02
 87   67 1.02251e-01
 87   69 1.11373e-01
 87   71 1.18722e-01
 87   73 1.27078e-01
 87   75 1.41561e-01
 87   77 1.64782e-01
 87   79 1.94173e-01
 87   81 2.52456e-01
 87   83 3.93152e-01
 87   85 9.61619e-01
 87   87 2.24893e+01
 87   89 6.62863e-01
 88    0 1.84921e-03
 88    2 9.64530e-03
 88    4 1.69116e-02
 88    6 2.41778e-02
 88    8 3.19793e-02
 88   10 2.83099e-02
 88   12 2.72287e-02
 88   14 2.83390e-02
 88   16 2.85813e-02
 88   18 3.05324e-02
 88   20 3.11867e-02
 88   22 3.35680e-02
 88   24 3.44321e-02
 88   26 3.48243e-02
 88   28 3.64203e-02
 88   30 3.81879e-02
 88   32 3.83343e-02
 88   34 4.00835e-02
 88   36 4.31722e-02
 88   38 4.12278e-02
 88   40 4.51920e-02
 88   42 4.51660e-02
 88   44 4.67302e-02
 88   46 4.90843e-02
 88   48 5.27840e-02
 88   50 5.60032e-02
 88   52 5.93928e-02
 88   54 6.35462e-02
 88   56 6.47866e-02
 88   58 6.84262e-02
 88   60 7.21334e-02
 88   62 7.80532e-02
 88   64 8.47351e-02
 88   66 9.26121e-02
 88   68 1.01020e-01
 88   70 1.09770e-01
 88   72 1.18277e-01
 88   74 1.25176e-01
 88   76 1.39259e-01
 88   78 1.62566e-01
 88   80 1.90756e-01
 88   82 2.47199e-01
 88   84 3.82336e-01
 88   86 9.28780e-01
 88   88 2.23230e+01
 88   90 6.24639e-01
 89    1 8.58488e-03
 89    3 1.97581e-02
 89    5 3.16687e-02
 89    7 4.44348e-02
 89    9 5.26513e-02
 89   11 4.40680e-02
 89   13 4.36675e-02
 89   15 4.58174e-02
 89   17 4.67807e-02
 89   19 4.68827e-02
 89   21 5.02527e-02
 89   23 4.71183e-02
 89   25 4.87338e-02
 89   27 4.84646e-02
 89   29 5.18553e-02
 89   31 4.81577e-02
 89   33 5.02127e-02
 89   35 5.06887e-02
 89   37 4.82379e-02
 89   39 5.44820e-02
 89   41 5.11661e-02
 89   43 5.27144e-02
 89   45 5.33869e-02
 89   47 5.73353e-02
 89   49 5.82814e-02
 89   51 5.94076e-02
 89   53 6.14347e-02
 89   55 6.06406e-02
 89   57 6.39184e-02
 89   59 6.61638e-02
 89   61 7.00488e-02
 89   63 7.44850e-02
 89   65 7.95791e-02
 89   67 8.51978e-02
 89   69 8.95919e-02
 89   71 9.13967e-02
 89   73 8.79086e-02
 89   75 8.86347e-02
 89   77 9.73704e-02
 89   79 1.05238e-01
 89   81 1.24590e-01
 89   83 1.61023e-01
 89   85 2.04388e-01
 89   87 6.65554e-01
 89   89 2.31515e+01
 90    0 2.79552e-03
 90    2 1.35194e-02
 90    4 2.45329e-02
 90    6 3.66722e-02
 90    8 4.94183e-02
 90   10 4.62912e-02
 90   12 4.35604e-02
 90   14 4.41319e-02
 90   16 4.43852e-02
 90   18 4.41712e-02
 90   20 4.76351e-02
 90   22 4.71818e-02
 90   24 4.67378e-02
 90   26 4.67973e-02
 90   28 4.77569e-02
 90   30 4.76102e-02
 90   32 4.81886e-02
 90   34 5.10528e-02
 90   36 4.76223e-02
 90   38 5.23891e-02
 90   40 4.99700e-02
 90   42 4.88522e-02
 90   44 5.14288e-02
 90   46 5.26222e-02
 90   48 5.57030e-02
 90   50 5.69169e-02
 90   52 6.05686e-02
 90   54 6.06108e-02
 90   56 6.33573e-02
 90   58 6.33477e-02
 90   60 6.46073e-02
 90   62 6.88967e-02
 90   64 7.44053e-02
 90   66 7.95271e-02
 90   68 8.50823e-02
 90   70 9.09057e-02
 90   72 9.17755e-02
 90   74 8.88832e-02
 90   76 8.97965e-02
 90   78 9.71030e-02
 90   80 1.04479e-01
 90   82 1.22778e-01
 90   84 1.57855e-01
 90   86 1.95962e-01
 90   88 6.27752e-01
