# C+CO2(ji) -> C+CO2(jf) molscat cross sections, CS8_JMAX90 approx. (written on 08/06/2020); 
# E=11240.000000 (1/cm) = 1.3935823787 eV
# ji  jf sigma(ji,jf) (1e-16 cm^2)
  0    0 1.97155e+02
  0    2 2.62737e+01
  0    4 1.05548e+01
  0    6 4.40797e+00
  0    8 2.53217e+00
  0   10 1.60580e+00
  0   12 1.34670e+00
  0   14 1.39395e+00
  0   16 1.05888e+00
  0   18 9.21447e-01
  0   20 1.05584e+00
  0   22 9.33147e-01
  0   24 8.06460e-01
  0   26 8.40768e-01
  0   28 8.13056e-01
  0   30 6.94825e-01
  0   32 7.00562e-01
  0   34 6.60771e-01
  0   36 6.01989e-01
  0   38 5.99210e-01
  0   40 5.57254e-01
  0   42 5.92182e-01
  0   44 5.70568e-01
  0   46 5.48825e-01
  0   48 5.54804e-01
  0   50 5.55841e-01
  0   52 6.11632e-01
  0   54 6.41621e-01
  0   56 5.71015e-01
  0   58 7.06714e-01
  0   60 6.11597e-01
  0   62 8.55484e-01
  0   64 5.91282e-01
  0   66 7.56233e-01
  0   68 5.91129e-01
  0   70 5.56242e-01
  0   72 5.00351e-01
  0   74 4.20046e-01
  0   76 5.25897e-01
  0   78 4.79977e-01
  0   80 4.81228e-01
  0   82 4.78549e-01
  0   84 4.85388e-01
  0   86 5.94397e-01
  0   88 2.53580e-01
  0   90 4.34607e-01
  1    1 2.07863e+02
  1    3 2.04336e+01
  1    5 7.90402e+00
  1    7 3.57891e+00
  1    9 2.10798e+00
  1   11 1.49669e+00
  1   13 1.37953e+00
  1   15 1.24624e+00
  1   17 1.00477e+00
  1   19 9.95928e-01
  1   21 1.00997e+00
  1   23 8.84242e-01
  1   25 8.30288e-01
  1   27 8.16961e-01
  1   29 7.53058e-01
  1   31 6.95348e-01
  1   33 6.67619e-01
  1   35 6.24237e-01
  1   37 6.00147e-01
  1   39 6.02887e-01
  1   41 5.63904e-01
  1   43 5.53116e-01
  1   45 5.75036e-01
  1   47 5.42608e-01
  1   49 5.67877e-01
  1   51 6.16286e-01
  1   53 6.34514e-01
  1   55 5.98225e-01
  1   57 6.56963e-01
  1   59 6.68070e-01
  1   61 7.96925e-01
  1   63 6.85949e-01
  1   65 7.01079e-01
  1   67 6.67281e-01
  1   69 5.52676e-01
  1   71 5.91196e-01
  1   73 4.23511e-01
  1   75 5.40076e-01
  1   77 4.39811e-01
  1   79 5.13640e-01
  1   81 5.18035e-01
  1   83 4.92562e-01
  1   85 5.98494e-01
  1   87 2.57513e-01
  1   89 4.48017e-01
  2    0 5.25583e+00
  2    2 2.07718e+02
  2    4 1.76266e+01
  2    6 6.73471e+00
  2    8 3.07666e+00
  2   10 1.93126e+00
  2   12 1.48307e+00
  2   14 1.26712e+00
  2   16 1.15707e+00
  2   18 1.04775e+00
  2   20 9.66735e-01
  2   22 9.32642e-01
  2   24 8.75509e-01
  2   26 8.15547e-01
  2   28 7.92766e-01
  2   30 7.21039e-01
  2   32 6.86320e-01
  2   34 6.47556e-01
  2   36 6.13893e-01
  2   38 5.97422e-01
  2   40 5.83809e-01
  2   42 5.89611e-01
  2   44 5.58104e-01
  2   46 5.72872e-01
  2   48 5.42098e-01
  2   50 5.75196e-01
  2   52 6.20699e-01
  2   54 6.14676e-01
  2   56 6.01570e-01
  2   58 7.05324e-01
  2   60 6.28026e-01
  2   62 7.93005e-01
  2   64 6.21801e-01
  2   66 7.21139e-01
  2   68 5.95869e-01
  2   70 5.48839e-01
  2   72 5.30497e-01
  2   74 4.24593e-01
  2   76 5.29414e-01
  2   78 4.63966e-01
  2   80 4.89811e-01
  2   82 5.27462e-01
  2   84 4.71871e-01
  2   86 5.87616e-01
  2   88 2.48351e-01
  2   90 4.15202e-01
  3    1 8.76029e+00
  3    3 2.07308e+02
  3    5 1.62420e+01
  3    7 6.09195e+00
  3    9 2.84254e+00
  3   11 1.87722e+00
  3   13 1.39474e+00
  3   15 1.21082e+00
  3   17 1.15916e+00
  3   19 1.01694e+00
  3   21 9.28713e-01
  3   23 9.35044e-01
  3   25 8.73853e-01
  3   27 7.78356e-01
  3   29 7.55229e-01
  3   31 7.20938e-01
  3   33 6.64729e-01
  3   35 6.33396e-01
  3   37 6.14290e-01
  3   39 5.96799e-01
  3   41 5.70812e-01
  3   43 5.75894e-01
  3   45 5.84897e-01
  3   47 5.55543e-01
  3   49 5.86746e-01
  3   51 6.15055e-01
  3   53 5.90753e-01
  3   55 6.45048e-01
  3   57 6.61090e-01
  3   59 6.76116e-01
  3   61 7.05308e-01
  3   63 6.90079e-01
  3   65 6.80439e-01
  3   67 6.62730e-01
  3   69 5.60179e-01
  3   71 5.92087e-01
  3   73 4.57334e-01
  3   75 5.60190e-01
  3   77 4.70808e-01
  3   79 4.87946e-01
  3   81 5.34313e-01
  3   83 5.03148e-01
  3   85 6.15450e-01
  3   87 2.59298e-01
  3   89 4.10242e-01
  4    0 1.17356e+00
  4    2 9.79732e+00
  4    4 2.06919e+02
  4    6 1.53984e+01
  4    8 5.71520e+00
  4   10 2.74120e+00
  4   12 1.77813e+00
  4   14 1.32880e+00
  4   16 1.20496e+00
  4   18 1.13441e+00
  4   20 9.77383e-01
  4   22 9.19775e-01
  4   24 9.20137e-01
  4   26 8.32033e-01
  4   28 7.81328e-01
  4   30 7.33855e-01
  4   32 6.96244e-01
  4   34 6.61328e-01
  4   36 6.23678e-01
  4   38 6.04449e-01
  4   40 5.85291e-01
  4   42 5.79896e-01
  4   44 5.71773e-01
  4   46 5.64943e-01
  4   48 5.64690e-01
  4   50 5.68855e-01
  4   52 6.21043e-01
  4   54 6.10512e-01
  4   56 6.43376e-01
  4   58 6.78865e-01
  4   60 6.64598e-01
  4   62 6.87066e-01
  4   64 6.69412e-01
  4   66 6.50898e-01
  4   68 6.17552e-01
  4   70 5.45522e-01
  4   72 5.78626e-01
  4   74 4.48242e-01
  4   76 5.45060e-01
  4   78 4.78525e-01
  4   80 4.67405e-01
  4   82 5.26408e-01
  4   84 4.84008e-01
  4   86 5.89206e-01
  4   88 2.43071e-01
  4   90 4.17255e-01
  5    1 2.15774e+00
  5    3 1.03423e+01
  5    5 2.06877e+02
  5    7 1.49117e+01
  5    9 5.51836e+00
  5   11 2.60720e+00
  5   13 1.70679e+00
  5   15 1.32924e+00
  5   17 1.18151e+00
  5   19 1.09114e+00
  5   21 9.71524e-01
  5   23 9.07640e-01
  5   25 8.83185e-01
  5   27 8.14440e-01
  5   29 7.52341e-01
  5   31 7.30554e-01
  5   33 6.89439e-01
  5   35 6.39105e-01
  5   37 6.19311e-01
  5   39 6.07284e-01
  5   41 5.87102e-01
  5   43 5.76798e-01
  5   45 5.85083e-01
  5   47 5.84541e-01
  5   49 5.92546e-01
  5   51 5.93265e-01
  5   53 5.97247e-01
  5   55 6.87182e-01
  5   57 6.62452e-01
  5   59 6.84721e-01
  5   61 6.47629e-01
  5   63 6.83075e-01
  5   65 6.48942e-01
  5   67 6.53022e-01
  5   69 5.57781e-01
  5   71 6.17253e-01
  5   73 4.95093e-01
  5   75 5.70191e-01
  5   77 5.00493e-01
  5   79 4.69626e-01
  5   81 5.39593e-01
  5   83 4.86909e-01
  5   85 6.09017e-01
  5   87 2.55046e-01
  5   89 4.21140e-01
  6    0 3.39570e-01
  6    2 2.59351e+00
  6    4 1.06686e+01
  6    6 2.06754e+02
  6    8 1.45901e+01
  6   10 5.32451e+00
  6   12 2.51558e+00
  6   14 1.68362e+00
  6   16 1.30288e+00
  6   18 1.14225e+00
  6   20 1.08041e+00
  6   22 9.54605e-01
  6   24 8.83959e-01
  6   26 8.69408e-01
  6   28 8.00145e-01
  6   30 7.35368e-01
  6   32 7.13546e-01
  6   34 6.74025e-01
  6   36 6.39274e-01
  6   38 6.24373e-01
  6   40 5.94746e-01
  6   42 6.06402e-01
  6   44 5.69107e-01
  6   46 5.93945e-01
  6   48 5.94838e-01
  6   50 5.70702e-01
  6   52 6.15551e-01
  6   54 6.11165e-01
  6   56 6.92015e-01
  6   58 6.19923e-01
  6   60 6.79167e-01
  6   62 6.31177e-01
  6   64 6.72424e-01
  6   66 6.07903e-01
  6   68 6.20797e-01
  6   70 5.35352e-01
  6   72 6.10041e-01
  6   74 4.98333e-01
  6   76 5.51153e-01
  6   78 4.88583e-01
  6   80 4.57154e-01
  6   82 5.30132e-01
  6   84 4.69411e-01
  6   86 6.03378e-01
  6   88 2.49061e-01
  6   90 4.11899e-01
  7    1 7.17127e-01
  7    3 2.84726e+00
  7    5 1.09452e+01
  7    7 2.06909e+02
  7    9 1.43082e+01
  7   11 5.17339e+00
  7   13 2.48559e+00
  7   15 1.66324e+00
  7   17 1.27451e+00
  7   19 1.13346e+00
  7   21 1.06472e+00
  7   23 9.36928e-01
  7   25 8.68784e-01
  7   27 8.56776e-01
  7   29 7.84270e-01
  7   31 7.24566e-01
  7   33 7.02861e-01
  7   35 6.71861e-01
  7   37 6.24828e-01
  7   39 6.26356e-01
  7   41 5.97556e-01
  7   43 5.87138e-01
  7   45 5.95065e-01
  7   47 5.91993e-01
  7   49 6.06955e-01
  7   51 6.02391e-01
  7   53 6.17169e-01
  7   55 6.90098e-01
  7   57 6.29171e-01
  7   59 6.82036e-01
  7   61 6.33031e-01
  7   63 6.70763e-01
  7   65 6.25274e-01
  7   67 6.36530e-01
  7   69 5.56026e-01
  7   71 6.48370e-01
  7   73 5.37288e-01
  7   75 5.76565e-01
  7   77 5.00737e-01
  7   79 4.74683e-01
  7   81 5.46421e-01
  7   83 4.77730e-01
  7   85 6.10561e-01
  7   87 2.70295e-01
  7   89 4.08975e-01
  8    0 1.49324e-01
  8    2 9.06978e-01
  8    4 3.03117e+00
  8    6 1.11688e+01
  8    8 2.06844e+02
  8   10 1.40978e+01
  8   12 5.08796e+00
  8   14 2.42503e+00
  8   16 1.60787e+00
  8   18 1.25614e+00
  8   20 1.11545e+00
  8   22 1.03888e+00
  8   24 9.29853e-01
  8   26 8.54931e-01
  8   28 8.34510e-01
  8   30 7.66141e-01
  8   32 7.19741e-01
  8   34 6.95176e-01
  8   36 6.67691e-01
  8   38 6.30986e-01
  8   40 6.16214e-01
  8   42 6.08792e-01
  8   44 5.97880e-01
  8   46 6.18275e-01
  8   48 5.91233e-01
  8   50 5.90201e-01
  8   52 6.30597e-01
  8   54 6.46687e-01
  8   56 6.66352e-01
  8   58 6.01782e-01
  8   60 6.72234e-01
  8   62 6.15503e-01
  8   64 6.44362e-01
  8   66 6.02613e-01
  8   68 6.13191e-01
  8   70 5.47104e-01
  8   72 6.22317e-01
  8   74 5.29784e-01
  8   76 5.62140e-01
  8   78 4.95780e-01
  8   80 4.55344e-01
  8   82 5.24097e-01
  8   84 4.74178e-01
  8   86 6.00888e-01
  8   88 2.52548e-01
  8   90 4.14760e-01
  9    1 3.33859e-01
  9    3 1.05010e+00
  9    5 3.20151e+00
  9    7 1.13093e+01
  9    9 1.77876e+02
  9   11 1.32617e+01
  9   13 4.73978e+00
  9   15 2.19299e+00
  9   17 1.44029e+00
  9   19 1.10655e+00
  9   21 9.74891e-01
  9   23 9.19282e-01
  9   25 8.15362e-01
  9   27 7.58225e-01
  9   29 7.44909e-01
  9   31 6.90277e-01
  9   33 6.39821e-01
  9   35 6.33521e-01
  9   37 6.02319e-01
  9   39 5.72267e-01
  9   41 5.50828e-01
  9   43 5.62439e-01
  9   45 5.58924e-01
  9   47 5.58559e-01
  9   49 5.75698e-01
  9   51 5.75956e-01
  9   53 5.90156e-01
  9   55 6.07867e-01
  9   57 5.86215e-01
  9   59 6.29722e-01
  9   61 5.86553e-01
  9   63 6.02333e-01
  9   65 5.86125e-01
  9   67 5.86601e-01
  9   69 5.43399e-01
  9   71 6.11367e-01
  9   73 4.88474e-01
  9   75 5.65921e-01
  9   77 4.72168e-01
  9   79 4.59965e-01
  9   81 4.98950e-01
  9   83 4.57556e-01
  9   85 5.71603e-01
  9   87 2.33000e-01
  9   89 3.79648e-01
 10    0 7.67600e-02
 10    2 4.61489e-01
 10    4 1.17849e+00
 10    6 3.30394e+00
 10    8 1.14276e+01
 10   10 1.55915e+02
 10   12 1.23981e+01
 10   14 4.46124e+00
 10   16 2.03989e+00
 10   18 1.31508e+00
 10   20 9.89590e-01
 10   22 8.78800e-01
 10   24 8.33930e-01
 10   26 7.21681e-01
 10   28 6.68678e-01
 10   30 6.68990e-01
 10   32 6.20995e-01
 10   34 5.72016e-01
 10   36 5.60110e-01
 10   38 5.44403e-01
 10   40 5.14367e-01
 10   42 5.01980e-01
 10   44 5.14005e-01
 10   46 4.96821e-01
 10   48 5.09300e-01
 10   50 5.23679e-01
 10   52 5.32648e-01
 10   54 5.35669e-01
 10   56 5.31176e-01
 10   58 5.11304e-01
 10   60 5.36850e-01
 10   62 5.02228e-01
 10   64 4.96652e-01
 10   66 5.21819e-01
 10   68 4.99018e-01
 10   70 4.80278e-01
 10   72 5.19759e-01
 10   74 4.13488e-01
 10   76 4.86491e-01
 10   78 4.03201e-01
 10   80 3.91487e-01
 10   82 4.22471e-01
 10   84 3.81177e-01
 10   86 4.67406e-01
 10   88 1.80700e-01
 10   90 3.00213e-01
 11    1 1.96105e-01
 11    3 5.73720e-01
 11    5 1.25136e+00
 11    7 3.38289e+00
 11    9 1.09714e+01
 11   11 1.39028e+02
 11   13 1.15194e+01
 11   15 4.23386e+00
 11   17 1.91521e+00
 11   19 1.22070e+00
 11   21 9.17815e-01
 11   23 8.14901e-01
 11   25 7.65794e-01
 11   27 6.71027e-01
 11   29 6.26182e-01
 11   31 6.09881e-01
 11   33 5.72942e-01
 11   35 5.38630e-01
 11   37 5.21718e-01
 11   39 5.01498e-01
 11   41 4.86495e-01
 11   43 4.82004e-01
 11   45 4.70062e-01
 11   47 4.75706e-01
 11   49 4.99914e-01
 11   51 4.88686e-01
 11   53 5.05793e-01
 11   55 4.73732e-01
 11   57 4.86260e-01
 11   59 4.78660e-01
 11   61 4.73425e-01
 11   63 4.32853e-01
 11   65 4.82764e-01
 11   67 4.47741e-01
 11   69 4.48713e-01
 11   71 4.65074e-01
 11   73 3.69453e-01
 11   75 4.47279e-01
 11   77 3.61850e-01
 11   79 3.63467e-01
 11   81 3.85356e-01
 11   83 3.47551e-01
 11   85 3.74876e-01
 11   87 1.71584e-01
 11   89 2.56458e-01
 12    0 5.41615e-02
 12    2 2.98166e-01
 12    4 6.43167e-01
 12    6 1.31331e+00
 12    8 3.46996e+00
 12   10 1.04311e+01
 12   12 1.25495e+02
 12   14 1.06916e+01
 12   16 3.99672e+00
 12   18 1.79230e+00
 12   20 1.14261e+00
 12   22 8.53551e-01
 12   24 7.41909e-01
 12   26 6.97894e-01
 12   28 6.08723e-01
 12   30 5.67276e-01
 12   32 5.63383e-01
 12   34 5.29844e-01
 12   36 4.94807e-01
 12   38 4.79778e-01
 12   40 4.65309e-01
 12   42 4.49262e-01
 12   44 4.50552e-01
 12   46 4.37323e-01
 12   48 4.54543e-01
 12   50 4.66893e-01
 12   52 4.47518e-01
 12   54 4.63622e-01
 12   56 4.18115e-01
 12   58 4.43503e-01
 12   60 3.95840e-01
 12   62 4.16536e-01
 12   64 3.73699e-01
 12   66 4.11298e-01
 12   68 3.79388e-01
 12   70 3.91903e-01
 12   72 4.06541e-01
 12   74 3.16997e-01
 12   76 3.78067e-01
 12   78 3.12900e-01
 12   80 3.08184e-01
 12   82 3.17049e-01
 12   84 2.85278e-01
 12   86 3.09020e-01
 12   88 1.50225e-01
 12   90 2.23136e-01
 13    1 1.54245e-01
 13    3 3.63748e-01
 13    5 6.99050e-01
 13    7 1.38696e+00
 13    9 3.34612e+00
 13   11 9.82998e+00
 13   13 1.14795e+02
 13   15 9.91994e+00
 13   17 3.77923e+00
 13   19 1.70326e+00
 13   21 1.08065e+00
 13   23 7.97204e-01
 13   25 6.90977e-01
 13   27 6.57573e-01
 13   29 5.74859e-01
 13   31 5.29596e-01
 13   33 5.28640e-01
 13   35 4.92438e-01
 13   37 4.59345e-01
 13   39 4.54870e-01
 13   41 4.45916e-01
 13   43 4.24621e-01
 13   45 4.21782e-01
 13   47 4.32208e-01
 13   49 4.37928e-01
 13   51 4.11381e-01
 13   53 4.24842e-01
 13   55 3.70771e-01
 13   57 4.13741e-01
 13   59 3.40173e-01
 13   61 3.72456e-01
 13   63 3.20964e-01
 13   65 3.74887e-01
 13   67 3.20543e-01
 13   69 3.47115e-01
 13   71 3.62474e-01
 13   73 3.13829e-01
 13   75 3.46094e-01
 13   77 3.03995e-01
 13   79 3.10286e-01
 13   81 3.15193e-01
 13   83 2.81424e-01
 13   85 3.04445e-01
 13   87 1.45509e-01
 13   89 2.31008e-01
 14    0 4.84202e-02
 14    2 2.20028e-01
 14    4 4.15127e-01
 14    6 7.59158e-01
 14    8 1.42843e+00
 14   10 3.24185e+00
 14   12 9.23428e+00
 14   14 1.05886e+02
 14   16 9.21437e+00
 14   18 3.56696e+00
 14   20 1.61106e+00
 14   22 1.01813e+00
 14   24 7.44466e-01
 14   26 6.34096e-01
 14   28 6.11682e-01
 14   30 5.34339e-01
 14   32 4.91571e-01
 14   34 4.94053e-01
 14   36 4.58597e-01
 14   38 4.37311e-01
 14   40 4.16786e-01
 14   42 4.11930e-01
 14   44 3.92285e-01
 14   46 4.02241e-01
 14   48 4.02589e-01
 14   50 4.02187e-01
 14   52 3.61154e-01
 14   54 3.72867e-01
 14   56 3.26167e-01
 14   58 3.47765e-01
 14   60 2.85161e-01
 14   62 3.09355e-01
 14   64 2.86199e-01
 14   66 3.17845e-01
 14   68 2.85804e-01
 14   70 2.99250e-01
 14   72 3.21214e-01
 14   74 2.75462e-01
 14   76 3.25750e-01
 14   78 2.99221e-01
 14   80 2.92722e-01
 14   82 2.89317e-01
 14   84 2.65054e-01
 14   86 2.74847e-01
 14   88 1.32473e-01
 14   90 2.08860e-01
 15    1 1.21609e-01
 15    3 2.75593e-01
 15    5 4.75133e-01
 15    7 8.09977e-01
 15    9 1.35115e+00
 15   11 3.15313e+00
 15   13 8.65749e+00
 15   15 9.84896e+01
 15   17 8.58972e+00
 15   19 3.37889e+00
 15   21 1.53258e+00
 15   23 9.61564e-01
 15   25 7.00754e-01
 15   27 6.00461e-01
 15   29 5.79806e-01
 15   31 5.01481e-01
 15   33 4.57371e-01
 15   35 4.60924e-01
 15   37 4.41610e-01
 15   39 4.07589e-01
 15   41 4.02979e-01
 15   43 3.94003e-01
 15   45 3.76677e-01
 15   47 3.81192e-01
 15   49 3.71412e-01
 15   51 3.49941e-01
 15   53 3.20895e-01
 15   55 3.19278e-01
 15   57 3.00904e-01
 15   59 2.89457e-01
 15   61 2.78121e-01
 15   63 2.59765e-01
 15   65 2.92920e-01
 15   67 2.59308e-01
 15   69 3.00803e-01
 15   71 2.69833e-01
 15   73 2.95185e-01
 15   75 2.99272e-01
 15   77 3.00145e-01
 15   79 2.90999e-01
 15   81 2.84428e-01
 15   83 2.70247e-01
 15   85 2.71212e-01
 15   87 1.26986e-01
 15   89 2.08065e-01
 16    0 3.23932e-02
 16    2 1.76949e-01
 16    4 3.31529e-01
 16    6 5.17392e-01
 16    8 8.34101e-01
 16   10 1.30548e+00
 16   12 3.04012e+00
 16   14 8.11507e+00
 16   16 9.20326e+01
 16   18 8.01956e+00
 16   20 3.18559e+00
 16   22 1.44496e+00
 16   24 9.04542e-01
 16   26 6.52234e-01
 16   28 5.71038e-01
 16   30 5.45684e-01
 16   32 4.84382e-01
 16   34 4.26739e-01
 16   36 4.52314e-01
 16   38 4.21619e-01
 16   40 3.82235e-01
 16   42 3.73739e-01
 16   44 3.83059e-01
 16   46 3.63090e-01
 16   48 3.56292e-01
 16   50 3.20304e-01
 16   52 3.16652e-01
 16   54 2.89536e-01
 16   56 2.86150e-01
 16   58 2.55136e-01
 16   60 2.56595e-01
 16   62 2.56454e-01
 16   64 2.58545e-01
 16   66 2.81841e-01
 16   68 2.41430e-01
 16   70 2.73098e-01
 16   72 2.33809e-01
 16   74 2.71867e-01
 16   76 2.68469e-01
 16   78 2.80282e-01
 16   80 2.67014e-01
 16   82 2.58973e-01
 16   84 2.42125e-01
 16   86 2.34758e-01
 16   88 1.15286e-01
 16   90 1.91636e-01
 17    1 8.70419e-02
 17    3 2.34223e-01
 17    5 3.74928e-01
 17    7 5.51011e-01
 17    9 7.87797e-01
 17   11 1.26625e+00
 17   13 2.92809e+00
 17   15 7.62566e+00
 17   17 8.64728e+01
 17   19 7.52210e+00
 17   21 3.01709e+00
 17   23 1.37647e+00
 17   25 8.61683e-01
 17   27 6.26692e-01
 17   29 5.49183e-01
 17   31 5.23721e-01
 17   33 4.54461e-01
 17   35 4.16665e-01
 17   37 4.22065e-01
 17   39 3.99951e-01
 17   41 3.74694e-01
 17   43 3.73254e-01
 17   45 3.55657e-01
 17   47 3.50217e-01
 17   49 3.07457e-01
 17   51 2.90238e-01
 17   53 2.82751e-01
 17   55 2.67992e-01
 17   57 2.48965e-01
 17   59 2.53183e-01
 17   61 2.40840e-01
 17   63 2.40238e-01
 17   65 2.58024e-01
 17   67 2.18102e-01
 17   69 2.67577e-01
 17   71 2.06056e-01
 17   73 2.62618e-01
 17   75 2.47903e-01
 17   77 2.67679e-01
 17   79 2.65058e-01
 17   81 2.32834e-01
 17   83 2.67105e-01
 17   85 2.46649e-01
 17   87 1.17880e-01
 17   89 1.87578e-01
 18    0 2.52032e-02
 18    2 1.43259e-01
 18    4 2.79059e-01
 18    6 4.05562e-01
 18    8 5.82618e-01
 18   10 7.52478e-01
 18   12 1.21893e+00
 18   14 2.80869e+00
 18   16 7.17017e+00
 18   18 8.15491e+01
 18   20 7.06431e+00
 18   22 2.85667e+00
 18   24 1.29723e+00
 18   26 8.15321e-01
 18   28 5.90008e-01
 18   30 5.21876e-01
 18   32 4.98326e-01
 18   34 4.47991e-01
 18   36 4.03265e-01
 18   38 4.00165e-01
 18   40 3.83610e-01
 18   42 3.73433e-01
 18   44 3.55712e-01
 18   46 3.43769e-01
 18   48 3.02820e-01
 18   50 2.87036e-01
 18   52 2.72621e-01
 18   54 2.57763e-01
 18   56 2.37975e-01
 18   58 2.23218e-01
 18   60 2.41950e-01
 18   62 2.22010e-01
 18   64 2.34900e-01
 18   66 2.27707e-01
 18   68 1.98532e-01
 18   70 2.27462e-01
 18   72 1.78823e-01
 18   74 2.46596e-01
 18   76 2.28186e-01
 18   78 2.44510e-01
 18   80 2.45888e-01
 18   82 2.17710e-01
 18   84 2.41639e-01
 18   86 2.24081e-01
 18   88 1.13761e-01
 18   90 1.78629e-01
 19    1 7.76286e-02
 19    3 1.84891e-01
 19    5 3.11546e-01
 19    7 4.40916e-01
 19    9 5.44590e-01
 19   11 7.26182e-01
 19   13 1.18739e+00
 19   15 2.69902e+00
 19   17 6.76818e+00
 19   19 7.72173e+01
 19   21 6.65549e+00
 19   23 2.70695e+00
 19   25 1.23179e+00
 19   27 7.95026e-01
 19   29 5.70525e-01
 19   31 5.03128e-01
 19   33 4.84810e-01
 19   35 4.30559e-01
 19   37 3.91739e-01
 19   39 3.94630e-01
 19   41 4.00010e-01
 19   43 3.39802e-01
 19   45 3.34219e-01
 19   47 3.11267e-01
 19   49 2.77415e-01
 19   51 2.70399e-01
 19   53 2.40515e-01
 19   55 2.27680e-01
 19   57 2.17176e-01
 19   59 2.30531e-01
 19   61 2.03673e-01
 19   63 2.23849e-01
 19   65 2.05730e-01
 19   67 2.10693e-01
 19   69 2.25059e-01
 19   71 1.82958e-01
 19   73 2.39937e-01
 19   75 2.24083e-01
 19   77 2.32928e-01
 19   79 2.55435e-01
 19   81 2.05619e-01
 19   83 2.26754e-01
 19   85 2.04901e-01
 19   87 1.14044e-01
 19   89 1.63743e-01
 20    0 2.61331e-02
 20    2 1.19614e-01
 20    4 2.17571e-01
 20    6 3.47132e-01
 20    8 4.68174e-01
 20   10 5.12399e-01
 20   12 7.03195e-01
 20   14 1.14796e+00
 20   16 2.57738e+00
 20   18 6.39263e+00
 20   20 7.33526e+01
 20   22 6.29703e+00
 20   24 2.56585e+00
 20   26 1.16483e+00
 20   28 7.57610e-01
 20   30 5.45625e-01
 20   32 4.82092e-01
 20   34 4.66574e-01
 20   36 4.08233e-01
 20   38 3.75593e-01
 20   40 3.97516e-01
 20   42 3.74366e-01
 20   44 3.34043e-01
 20   46 3.02335e-01
 20   48 2.91666e-01
 20   50 2.59221e-01
 20   52 2.49242e-01
 20   54 2.12889e-01
 20   56 2.14862e-01
 20   58 2.04911e-01
 20   60 2.01890e-01
 20   62 1.95023e-01
 20   64 2.13036e-01
 20   66 1.98712e-01
 20   68 1.90483e-01
 20   70 2.09523e-01
 20   72 1.75263e-01
 20   74 2.33109e-01
 20   76 2.02561e-01
 20   78 2.02247e-01
 20   80 2.26141e-01
 20   82 1.68313e-01
 20   84 2.19432e-01
 20   86 1.96813e-01
 20   88 1.02626e-01
 20   90 1.52643e-01
 21    1 7.16068e-02
 21    3 1.53586e-01
 21    5 2.52317e-01
 21    7 3.76733e-01
 21    9 4.36420e-01
 21   11 4.96640e-01
 21   13 6.85249e-01
 21   15 1.11354e+00
 21   17 2.46929e+00
 21   19 6.05384e+00
 21   21 6.98520e+01
 21   23 5.97354e+00
 21   25 2.43828e+00
 21   27 1.11324e+00
 21   29 7.24521e-01
 21   31 5.35891e-01
 21   33 4.51403e-01
 21   35 4.61220e-01
 21   37 4.07727e-01
 21   39 3.81792e-01
 21   41 3.66245e-01
 21   43 3.44121e-01
 21   45 3.13001e-01
 21   47 2.85281e-01
 21   49 2.71583e-01
 21   51 2.36840e-01
 21   53 2.14626e-01
 21   55 2.09043e-01
 21   57 2.11179e-01
 21   59 1.99627e-01
 21   61 1.94659e-01
 21   63 2.08631e-01
 21   65 2.00234e-01
 21   67 1.93631e-01
 21   69 2.00439e-01
 21   71 1.78978e-01
 21   73 2.25121e-01
 21   75 1.88852e-01
 21   77 1.81612e-01
 21   79 2.31899e-01
 21   81 1.68005e-01
 21   83 2.03252e-01
 21   85 1.82330e-01
 21   87 1.06552e-01
 21   89 1.47268e-01
 22    0 2.11074e-02
 22    2 1.05458e-01
 22    4 1.87114e-01
 22    6 2.80297e-01
 22    8 3.98486e-01
 22   10 4.15845e-01
 22   12 4.80060e-01
 22   14 6.62991e-01
 22   16 1.06840e+00
 22   18 2.36243e+00
 22   20 5.75473e+00
 22   22 6.67212e+01
 22   24 5.68183e+00
 22   26 2.31115e+00
 22   28 1.05889e+00
 22   30 6.98515e-01
 22   32 5.19934e-01
 22   34 4.34645e-01
 22   36 4.42169e-01
 22   38 4.04390e-01
 22   40 3.54733e-01
 22   42 3.50538e-01
 22   44 3.23257e-01
 22   46 2.90718e-01
 22   48 2.61186e-01
 22   50 2.45278e-01
 22   52 2.13429e-01
 22   54 2.05596e-01
 22   56 1.99403e-01
 22   58 1.87254e-01
 22   60 1.93325e-01
 22   62 1.89897e-01
 22   64 1.96773e-01
 22   66 1.72340e-01
 22   68 1.82691e-01
 22   70 1.86899e-01
 22   72 1.75742e-01
 22   74 2.04263e-01
 22   76 1.80245e-01
 22   78 1.74587e-01
 22   80 2.13418e-01
 22   82 1.47282e-01
 22   84 1.88153e-01
 22   86 1.60950e-01
 22   88 1.01110e-01
 22   90 1.37640e-01
 23    1 5.75397e-02
 23    3 1.41924e-01
 23    5 2.16351e-01
 23    7 3.04269e-01
 23    9 3.77702e-01
 23   11 4.04709e-01
 23   13 4.63966e-01
 23   15 6.41227e-01
 23   17 1.03396e+00
 23   19 2.25987e+00
 23   21 5.48257e+00
 23   23 6.38057e+01
 23   25 5.42801e+00
 23   27 2.20259e+00
 23   29 1.00972e+00
 23   31 6.69406e-01
 23   33 5.02910e-01
 23   35 4.29873e-01
 23   37 4.36222e-01
 23   39 3.83315e-01
 23   41 3.40420e-01
 23   43 3.38442e-01
 23   45 3.07940e-01
 23   47 2.68209e-01
 23   49 2.41639e-01
 23   51 2.22012e-01
 23   53 2.06110e-01
 23   55 1.91551e-01
 23   57 1.94829e-01
 23   59 2.08131e-01
 23   61 1.94338e-01
 23   63 1.89583e-01
 23   65 1.67829e-01
 23   67 1.78061e-01
 23   69 1.78840e-01
 23   71 1.83361e-01
 23   73 1.97971e-01
 23   75 1.63907e-01
 23   77 1.81359e-01
 23   79 1.88467e-01
 23   81 1.50329e-01
 23   83 1.69479e-01
 23   85 1.48174e-01
 23   87 9.76300e-02
 23   89 1.38807e-01
 24    0 1.68085e-02
 24    2 9.12191e-02
 24    4 1.72480e-01
 24    6 2.39159e-01
 24    8 3.28641e-01
 24   10 3.63607e-01
 24   12 3.84484e-01
 24   14 4.46694e-01
 24   16 6.16266e-01
 24   18 9.88501e-01
 24   20 2.16064e+00
 24   22 5.23539e+00
 24   24 6.12266e+01
 24   26 5.18239e+00
 24   28 2.10380e+00
 24   30 9.72054e-01
 24   32 6.46594e-01
 24   34 4.74493e-01
 24   36 4.20663e-01
 24   38 4.11672e-01
 24   40 3.72119e-01
 24   42 3.17778e-01
 24   44 3.21995e-01
 24   46 2.84812e-01
 24   48 2.46680e-01
 24   50 2.23320e-01
 24   52 2.13581e-01
 24   54 1.92296e-01
 24   56 1.79178e-01
 24   58 1.81297e-01
 24   60 1.90838e-01
 24   62 1.80741e-01
 24   64 1.76071e-01
 24   66 1.71582e-01
 24   68 1.68202e-01
 24   70 1.71984e-01
 24   72 1.66919e-01
 24   74 1.88677e-01
 24   76 1.51337e-01
 24   78 1.66816e-01
 24   80 1.75764e-01
 24   82 1.47766e-01
 24   84 1.54507e-01
 24   86 1.33342e-01
 24   88 8.95738e-02
 24   90 1.31714e-01
 25    1 4.99646e-02
 25    3 1.22659e-01
 25    5 1.94686e-01
 25    7 2.60916e-01
 25    9 3.09804e-01
 25   11 3.51712e-01
 25   13 3.71892e-01
 25   15 4.32151e-01
 25   17 5.98576e-01
 25   19 9.50989e-01
 25   21 2.06953e+00
 25   23 5.01970e+00
 25   25 5.87627e+01
 25   27 4.95903e+00
 25   29 2.00579e+00
 25   31 9.26347e-01
 25   33 6.37210e-01
 25   35 4.66847e-01
 25   37 3.96438e-01
 25   39 4.01881e-01
 25   41 3.54739e-01
 25   43 2.97432e-01
 25   45 2.92866e-01
 25   47 2.63540e-01
 25   49 2.30207e-01
 25   51 2.06608e-01
 25   53 2.00535e-01
 25   55 1.89076e-01
 25   57 2.00366e-01
 25   59 1.91653e-01
 25   61 1.75467e-01
 25   63 1.79686e-01
 25   65 1.68599e-01
 25   67 1.70751e-01
 25   69 1.76948e-01
 25   71 1.69437e-01
 25   73 1.73601e-01
 25   75 1.50237e-01
 25   77 1.56519e-01
 25   79 1.55875e-01
 25   81 1.55444e-01
 25   83 1.45471e-01
 25   85 1.31927e-01
 25   87 9.06730e-02
 25   89 1.29757e-01
 26    0 1.62598e-02
 26    2 7.88439e-02
 26    4 1.44717e-01
 26    6 2.18259e-01
 26    8 2.80371e-01
 26   10 2.91973e-01
 26   12 3.35591e-01
 26   14 3.53033e-01
 26   16 4.12322e-01
 26   18 5.76478e-01
 26   20 9.10139e-01
 26   22 1.97599e+00
 26   24 4.80866e+00
 26   26 5.66258e+01
 26   28 4.76531e+00
 26   30 1.92213e+00
 26   32 8.74612e-01
 26   34 6.25851e-01
 26   36 4.45742e-01
 26   38 3.79819e-01
 26   40 3.78432e-01
 26   42 3.39598e-01
 26   44 2.82931e-01
 26   46 2.71575e-01
 26   48 2.48644e-01
 26   50 2.21731e-01
 26   52 2.01898e-01
 26   54 1.89946e-01
 26   56 1.82006e-01
 26   58 1.85431e-01
 26   60 1.88715e-01
 26   62 1.59732e-01
 26   64 1.76746e-01
 26   66 1.57113e-01
 26   68 1.70040e-01
 26   70 1.62560e-01
 26   72 1.48875e-01
 26   74 1.66440e-01
 26   76 1.33730e-01
 26   78 1.56046e-01
 26   80 1.49218e-01
 26   82 1.39716e-01
 26   84 1.37833e-01
 26   86 1.18965e-01
 26   88 8.98127e-02
 26   90 1.15067e-01
 27    1 4.57594e-02
 27    3 1.01691e-01
 27    5 1.67104e-01
 27    7 2.39498e-01
 27    9 2.68152e-01
 27   11 2.86854e-01
 27   13 3.29414e-01
 27   15 3.44668e-01
 27   17 4.05202e-01
 27   19 5.71303e-01
 27   21 8.79471e-01
 27   23 1.89590e+00
 27   25 4.61575e+00
 27   27 5.45138e+01
 27   29 4.58602e+00
 27   31 1.83884e+00
 27   33 8.48088e-01
 27   35 5.95683e-01
 27   37 4.39123e-01
 27   39 3.56778e-01
 27   41 3.52025e-01
 27   43 3.19931e-01
 27   45 2.62057e-01
 27   47 2.52977e-01
 27   49 2.32974e-01
 27   51 2.11434e-01
 27   53 2.00700e-01
 27   55 2.01966e-01
 27   57 1.92410e-01
 27   59 1.75431e-01
 27   61 1.64328e-01
 27   63 1.74430e-01
 27   65 1.54842e-01
 27   67 1.66044e-01
 27   69 1.66017e-01
 27   71 1.45149e-01
 27   73 1.60813e-01
 27   75 1.27085e-01
 27   77 1.53938e-01
 27   79 1.42929e-01
 27   81 1.31560e-01
 27   83 1.32639e-01
 27   85 1.18317e-01
 27   87 8.76873e-02
 27   89 1.14253e-01
 28    0 1.46779e-02
 28    2 7.15431e-02
 28    4 1.26858e-01
 28    6 1.87509e-01
 28    8 2.55468e-01
 28   10 2.52533e-01
 28   12 2.73240e-01
 28   14 3.17899e-01
 28   16 3.36978e-01
 28   18 3.89418e-01
 28   20 5.52578e-01
 28   22 8.45101e-01
 28   24 1.82223e+00
 28   26 4.44831e+00
 28   28 5.26941e+01
 28   30 4.40556e+00
 28   32 1.76269e+00
 28   34 8.09133e-01
 28   36 5.75894e-01
 28   38 4.08876e-01
 28   40 3.34908e-01
 28   42 3.38972e-01
 28   44 2.99605e-01
 28   46 2.49887e-01
 28   48 2.42202e-01
 28   50 2.34782e-01
 28   52 2.03745e-01
 28   54 1.89159e-01
 28   56 1.90277e-01
 28   58 1.82123e-01
 28   60 1.61442e-01
 28   62 1.60245e-01
 28   64 1.57791e-01
 28   66 1.52398e-01
 28   68 1.56536e-01
 28   70 1.55238e-01
 28   72 1.39822e-01
 28   74 1.47515e-01
 28   76 1.21594e-01
 28   78 1.42405e-01
 28   80 1.33312e-01
 28   82 1.14329e-01
 28   84 1.22319e-01
 28   86 1.14409e-01
 28   88 7.96336e-02
 28   90 1.11260e-01
 29    1 3.94809e-02
 29    3 9.23555e-02
 29    5 1.44485e-01
 29    7 2.05201e-01
 29    9 2.46584e-01
 29   11 2.50554e-01
 29   13 2.69550e-01
 29   15 3.11514e-01
 29   17 3.32364e-01
 29   19 3.83742e-01
 29   21 5.35753e-01
 29   23 8.13512e-01
 29   25 1.74747e+00
 29   27 4.29255e+00
 29   29 5.08730e+01
 29   31 4.24631e+00
 29   33 1.69715e+00
 29   35 7.84895e-01
 29   37 5.46557e-01
 29   39 3.82366e-01
 29   41 3.12214e-01
 29   43 3.17803e-01
 29   45 2.86196e-01
 29   47 2.33934e-01
 29   49 2.35667e-01
 29   51 2.32382e-01
 29   53 2.10006e-01
 29   55 1.94894e-01
 29   57 1.81729e-01
 29   59 1.69792e-01
 29   61 1.64341e-01
 29   63 1.60090e-01
 29   65 1.48558e-01
 29   67 1.62153e-01
 29   69 1.47662e-01
 29   71 1.36773e-01
 29   73 1.38705e-01
 29   75 1.26846e-01
 29   77 1.36478e-01
 29   79 1.33170e-01
 29   81 1.21303e-01
 29   83 1.18422e-01
 29   85 1.08908e-01
 29   87 8.49461e-02
 29   89 9.91289e-02
 30    0 1.17706e-02
 30    2 6.10606e-02
 30    4 1.11808e-01
 30    6 1.61710e-01
 30    8 2.20087e-01
 30   10 2.37083e-01
 30   12 2.38946e-01
 30   14 2.60592e-01
 30   16 3.02174e-01
 30   18 3.23225e-01
 30   20 3.73441e-01
 30   22 5.23136e-01
 30   24 7.90075e-01
 30   26 1.68371e+00
 30   28 4.13410e+00
 30   30 4.92867e+01
 30   32 4.10137e+00
 30   34 1.63576e+00
 30   36 7.37877e-01
 30   38 5.20368e-01
 30   40 3.66148e-01
 30   42 2.92139e-01
 30   44 3.01922e-01
 30   46 2.74519e-01
 30   48 2.33745e-01
 30   50 2.30488e-01
 30   52 2.17478e-01
 30   54 1.97559e-01
 30   56 1.80769e-01
 30   58 1.66493e-01
 30   60 1.64222e-01
 30   62 1.51314e-01
 30   64 1.53407e-01
 30   66 1.44031e-01
 30   68 1.51300e-01
 30   70 1.35965e-01
 30   72 1.27729e-01
 30   74 1.35233e-01
 30   76 1.31383e-01
 30   78 1.23006e-01
 30   80 1.22967e-01
 30   82 1.08341e-01
 30   84 1.13346e-01
 30   86 9.78225e-02
 30   88 8.09021e-02
 30   90 9.81649e-02
 31    1 3.42904e-02
 31    3 8.29267e-02
 31    5 1.31969e-01
 31    7 1.78321e-01
 31    9 2.14930e-01
 31   11 2.29540e-01
 31   13 2.33580e-01
 31   15 2.53432e-01
 31   17 2.98132e-01
 31   19 3.18313e-01
 31   21 3.72737e-01
 31   23 5.07299e-01
 31   25 7.59121e-01
 31   27 1.61895e+00
 31   29 3.99415e+00
 31   31 4.77206e+01
 31   33 3.97343e+00
 31   35 1.55233e+00
 31   37 6.97513e-01
 31   39 5.03245e-01
 31   41 3.51355e-01
 31   43 2.80253e-01
 31   45 2.90809e-01
 31   47 2.70749e-01
 31   49 2.40323e-01
 31   51 2.35075e-01
 31   53 2.19382e-01
 31   55 1.87522e-01
 31   57 1.70751e-01
 31   59 1.67009e-01
 31   61 1.60773e-01
 31   63 1.52421e-01
 31   65 1.43101e-01
 31   67 1.41169e-01
 31   69 1.28571e-01
 31   71 1.29597e-01
 31   73 1.34459e-01
 31   75 1.19324e-01
 31   77 1.20592e-01
 31   79 1.23196e-01
 31   81 1.02842e-01
 31   83 1.05569e-01
 31   85 9.18333e-02
 31   87 8.15392e-02
 31   89 1.05948e-01
 32    0 1.11880e-02
 32    2 5.47916e-02
 32    4 1.00002e-01
 32    6 1.47924e-01
 32    8 1.94915e-01
 32   10 2.07469e-01
 32   12 2.23714e-01
 32   14 2.26003e-01
 32   16 2.52865e-01
 32   18 2.90961e-01
 32   20 3.11058e-01
 32   22 3.67089e-01
 32   24 4.95443e-01
 32   26 7.22243e-01
 32   28 1.55934e+00
 32   30 3.86646e+00
 32   32 4.63500e+01
 32   34 3.81594e+00
 32   36 1.48643e+00
 32   38 6.68836e-01
 32   40 4.79366e-01
 32   42 3.30822e-01
 32   44 2.61250e-01
 32   46 2.82946e-01
 32   48 2.60323e-01
 32   50 2.21588e-01
 32   52 2.12942e-01
 32   54 2.10579e-01
 32   56 1.74851e-01
 32   58 1.69376e-01
 32   60 1.57799e-01
 32   62 1.57980e-01
 32   64 1.44692e-01
 32   66 1.36149e-01
 32   68 1.33549e-01
 32   70 1.22483e-01
 32   72 1.29004e-01
 32   74 1.24127e-01
 32   76 1.08374e-01
 32   78 1.20820e-01
 32   80 1.19216e-01
 32   82 1.01094e-01
 32   84 1.00352e-01
 32   86 8.61609e-02
 32   88 8.22421e-02
 32   90 9.54416e-02
 33    1 3.11028e-02
 33    3 7.22340e-02
 33    5 1.17656e-01
 33    7 1.63416e-01
 33    9 1.88206e-01
 33   11 2.03715e-01
 33   13 2.20268e-01
 33   15 2.18361e-01
 33   17 2.44403e-01
 33   19 2.89767e-01
 33   21 2.96613e-01
 33   23 3.60052e-01
 33   25 4.93310e-01
 33   27 7.05396e-01
 33   29 1.50811e+00
 33   31 3.75375e+00
 33   33 4.49477e+01
 33   35 3.67731e+00
 33   37 1.43089e+00
 33   39 6.47880e-01
 33   41 4.63220e-01
 33   43 3.22890e-01
 33   45 2.57082e-01
 33   47 2.82919e-01
 33   49 2.66324e-01
 33   51 2.21770e-01
 33   53 2.07536e-01
 33   55 1.94281e-01
 33   57 1.82265e-01
 33   59 1.65601e-01
 33   61 1.58786e-01
 33   63 1.43776e-01
 33   65 1.28018e-01
 33   67 1.29974e-01
 33   69 1.21549e-01
 33   71 1.27812e-01
 33   73 1.17824e-01
 33   75 1.04641e-01
 33   77 1.18560e-01
 33   79 1.13653e-01
 33   81 1.14061e-01
 33   83 9.60668e-02
 33   85 8.54549e-02
 33   87 8.52122e-02
 33   89 9.27502e-02
 34    0 9.98906e-03
 34    2 4.89362e-02
 34    4 8.99149e-02
 34    6 1.32269e-01
 34    8 1.78209e-01
 34   10 1.80900e-01
 34   12 1.99161e-01
 34   14 2.15014e-01
 34   16 2.10877e-01
 34   18 2.47604e-01
 34   20 2.84970e-01
 34   22 2.90485e-01
 34   24 3.44158e-01
 34   26 4.89222e-01
 34   28 6.77563e-01
 34   30 1.45972e+00
 34   32 3.61216e+00
 34   34 4.37160e+01
 34   36 3.56606e+00
 34   38 1.37618e+00
 34   40 6.10480e-01
 34   42 4.39332e-01
 34   44 3.09119e-01
 34   46 2.43997e-01
 34   48 2.67322e-01
 34   50 2.56518e-01
 34   52 2.13945e-01
 34   54 1.95858e-01
 34   56 1.89012e-01
 34   58 1.78025e-01
 34   60 1.61470e-01
 34   62 1.54872e-01
 34   64 1.39590e-01
 34   66 1.24059e-01
 34   68 1.22021e-01
 34   70 1.20081e-01
 34   72 1.17055e-01
 34   74 1.12813e-01
 34   76 9.88317e-02
 34   78 1.10289e-01
 34   80 1.07356e-01
 34   82 1.04609e-01
 34   84 9.56611e-02
 34   86 8.13324e-02
 34   88 7.89633e-02
 34   90 9.24693e-02
 35    1 2.75808e-02
 35    3 6.52768e-02
 35    5 1.03438e-01
 35    7 1.48147e-01
 35    9 1.76735e-01
 35   11 1.81631e-01
 35   13 1.94594e-01
 35   15 2.08701e-01
 35   17 2.12512e-01
 35   19 2.44060e-01
 35   21 2.87423e-01
 35   23 2.91878e-01
 35   25 3.42767e-01
 35   27 4.69888e-01
 35   29 6.61471e-01
 35   31 1.39082e+00
 35   33 3.48752e+00
 35   35 4.25408e+01
 35   37 3.45629e+00
 35   39 1.31566e+00
 35   41 5.90689e-01
 35   43 4.36472e-01
 35   45 3.06327e-01
 35   47 2.47940e-01
 35   49 2.66213e-01
 35   51 2.45521e-01
 35   53 2.00842e-01
 35   55 1.98725e-01
 35   57 1.99881e-01
 35   59 1.68393e-01
 35   61 1.51210e-01
 35   63 1.34524e-01
 35   65 1.25354e-01
 35   67 1.24756e-01
 35   69 1.22760e-01
 35   71 1.15627e-01
 35   73 1.14170e-01
 35   75 1.00153e-01
 35   77 1.08416e-01
 35   79 1.02430e-01
 35   81 1.00536e-01
 35   83 9.18833e-02
 35   85 8.32350e-02
 35   87 7.88228e-02
 35   89 9.27515e-02
 36    0 8.64624e-03
 36    2 4.40769e-02
 36    4 8.05638e-02
 36    6 1.19189e-01
 36    8 1.62621e-01
 36   10 1.68294e-01
 36   12 1.76708e-01
 36   14 1.89622e-01
 36   16 2.12360e-01
 36   18 2.11760e-01
 36   20 2.36893e-01
 36   22 2.80765e-01
 36   24 2.89886e-01
 36   26 3.31042e-01
 36   28 4.58182e-01
 36   30 6.25604e-01
 36   32 1.33683e+00
 36   34 3.38808e+00
 36   36 4.14270e+01
 36   38 3.33559e+00
 36   40 1.27267e+00
 36   42 5.64364e-01
 36   44 4.14392e-01
 36   46 2.92520e-01
 36   48 2.32000e-01
 36   50 2.60227e-01
 36   52 2.35382e-01
 36   54 1.99003e-01
 36   56 1.95503e-01
 36   58 1.93267e-01
 36   60 1.62788e-01
 36   62 1.37535e-01
 36   64 1.29978e-01
 36   66 1.21737e-01
 36   68 1.22061e-01
 36   70 1.16181e-01
 36   72 1.14510e-01
 36   74 1.08044e-01
 36   76 9.28739e-02
 36   78 1.02846e-01
 36   80 9.95568e-02
 36   82 9.79438e-02
 36   84 8.65287e-02
 36   86 7.20799e-02
 36   88 7.38168e-02
 36   90 9.63368e-02
 37    1 2.52360e-02
 37    3 6.02507e-02
 37    5 9.53939e-02
 37    7 1.31123e-01
 37    9 1.59916e-01
 37   11 1.67433e-01
 37   13 1.72752e-01
 37   15 1.90300e-01
 37   17 2.04871e-01
 37   19 2.11332e-01
 37   21 2.41818e-01
 37   23 2.81886e-01
 37   25 2.77016e-01
 37   27 3.29663e-01
 37   29 4.38370e-01
 37   31 5.94764e-01
 37   33 1.29151e+00
 37   35 3.28939e+00
 37   37 4.04114e+01
 37   39 3.24447e+00
 37   41 1.22713e+00
 37   43 5.47837e-01
 37   45 4.10178e-01
 37   47 2.98397e-01
 37   49 2.23909e-01
 37   51 2.39881e-01
 37   53 2.43590e-01
 37   55 2.08848e-01
 37   57 1.89761e-01
 37   59 1.72239e-01
 37   61 1.49341e-01
 37   63 1.27807e-01
 37   65 1.24451e-01
 37   67 1.26247e-01
 37   69 1.16826e-01
 37   71 1.12142e-01
 37   73 1.09391e-01
 37   75 9.49714e-02
 37   77 1.09482e-01
 37   79 9.93458e-02
 37   81 8.95877e-02
 37   83 8.38893e-02
 37   85 7.25634e-02
 37   87 7.67149e-02
 37   89 8.77297e-02
 38    0 8.20404e-03
 38    2 4.08893e-02
 38    4 7.44302e-02
 38    6 1.10969e-01
 38    8 1.46498e-01
 38   10 1.55929e-01
 38   12 1.63332e-01
 38   14 1.72369e-01
 38   16 1.88696e-01
 38   18 2.00310e-01
 38   20 2.07764e-01
 38   22 2.44774e-01
 38   24 2.70430e-01
 38   26 2.68897e-01
 38   28 3.10096e-01
 38   30 4.20568e-01
 38   32 5.73404e-01
 38   34 1.24638e+00
 38   36 3.17967e+00
 38   38 3.94284e+01
 38   40 3.14647e+00
 38   42 1.17758e+00
 38   44 5.23243e-01
 38   46 4.00704e-01
 38   48 2.90342e-01
 38   50 2.11283e-01
 38   52 2.34381e-01
 38   54 2.36125e-01
 38   56 2.02096e-01
 38   58 1.80758e-01
 38   60 1.58903e-01
 38   62 1.41844e-01
 38   64 1.20643e-01
 38   66 1.19017e-01
 38   68 1.20914e-01
 38   70 1.09315e-01
 38   72 1.07948e-01
 38   74 1.04272e-01
 38   76 1.01079e-01
 38   78 1.00106e-01
 38   80 9.30379e-02
 38   82 8.64720e-02
 38   84 7.85796e-02
 38   86 7.90850e-02
 38   88 7.87059e-02
 38   90 7.38431e-02
 39    1 2.42037e-02
 39    3 5.58855e-02
 39    5 8.93071e-02
 39    7 1.25494e-01
 39    9 1.45060e-01
 39   11 1.53658e-01
 39   13 1.63325e-01
 39   15 1.67689e-01
 39   17 1.85349e-01
 39   19 2.03255e-01
 39   21 2.16186e-01
 39   23 2.36485e-01
 39   25 2.68107e-01
 39   27 2.55720e-01
 39   29 2.92797e-01
 39   31 4.09689e-01
 39   33 5.58301e-01
 39   35 1.19545e+00
 39   37 3.09760e+00
 39   39 3.85030e+01
 39   41 3.05764e+00
 39   43 1.15158e+00
 39   45 5.14776e-01
 39   47 3.85795e-01
 39   49 2.69681e-01
 39   51 2.20694e-01
 39   53 2.45016e-01
 39   55 2.29814e-01
 39   57 1.84238e-01
 39   59 1.61356e-01
 39   61 1.56624e-01
 39   63 1.35173e-01
 39   65 1.31218e-01
 39   67 1.23482e-01
 39   69 1.11387e-01
 39   71 1.07285e-01
 39   73 9.96102e-02
 39   75 1.00540e-01
 39   77 1.03348e-01
 39   79 9.20623e-02
 39   81 8.57505e-02
 39   83 7.86507e-02
 39   85 7.58882e-02
 39   87 7.82238e-02
 39   89 7.56905e-02
 40    0 7.29502e-03
 40    2 3.82053e-02
 40    4 6.89106e-02
 40    6 1.01068e-01
 40    8 1.36794e-01
 40   10 1.40865e-01
 40   12 1.51459e-01
 40   14 1.57075e-01
 40   16 1.63568e-01
 40   18 1.83602e-01
 40   20 2.10248e-01
 40   22 2.05301e-01
 40   24 2.33727e-01
 40   26 2.56166e-01
 40   28 2.42859e-01
 40   30 2.82948e-01
 40   32 3.92946e-01
 40   34 5.28653e-01
 40   36 1.15998e+00
 40   38 3.00848e+00
 40   40 3.76184e+01
 40   42 2.96897e+00
 40   44 1.11573e+00
 40   46 4.96901e-01
 40   48 3.66613e-01
 40   50 2.69919e-01
 40   52 2.12711e-01
 40   54 2.32825e-01
 40   56 2.22557e-01
 40   58 1.74804e-01
 40   60 1.57909e-01
 40   62 1.44461e-01
 40   64 1.33634e-01
 40   66 1.26597e-01
 40   68 1.21041e-01
 40   70 1.08158e-01
 40   72 1.04985e-01
 40   74 9.72694e-02
 40   76 9.38618e-02
 40   78 1.00785e-01
 40   80 9.28173e-02
 40   82 8.60777e-02
 40   84 7.84357e-02
 40   86 6.74027e-02
 40   88 6.94465e-02
 40   90 7.87619e-02
 41    1 2.16765e-02
 41    3 5.11803e-02
 41    5 8.26697e-02
 41    7 1.14635e-01
 41    9 1.33691e-01
 41   11 1.42727e-01
 41   13 1.53305e-01
 41   15 1.58746e-01
 41   17 1.66265e-01
 41   19 1.97270e-01
 41   21 1.98569e-01
 41   23 2.01096e-01
 41   25 2.26600e-01
 41   27 2.41590e-01
 41   29 2.28917e-01
 41   31 2.73880e-01
 41   33 3.82208e-01
 41   35 5.13908e-01
 41   37 1.12179e+00
 41   39 2.92769e+00
 41   41 3.68003e+01
 41   43 2.90353e+00
 41   45 1.06996e+00
 41   47 4.65839e-01
 41   49 3.72612e-01
 41   51 2.80637e-01
 41   53 2.03954e-01
 41   55 2.13859e-01
 41   57 2.07984e-01
 41   59 1.68015e-01
 41   61 1.52138e-01
 41   63 1.49346e-01
 41   65 1.36399e-01
 41   67 1.21673e-01
 41   69 1.05741e-01
 41   71 1.04163e-01
 41   73 9.64767e-02
 41   75 8.82100e-02
 41   77 9.67623e-02
 41   79 9.28918e-02
 41   81 8.48571e-02
 41   83 7.72520e-02
 41   85 6.89010e-02
 41   87 7.30127e-02
 41   89 8.33938e-02
 42    0 7.43287e-03
 42    2 3.69953e-02
 42    4 6.54624e-02
 42    6 9.88033e-02
 42    8 1.29578e-01
 42   10 1.31809e-01
 42   12 1.40211e-01
 42   14 1.48849e-01
 42   16 1.53343e-01
 42   18 1.71368e-01
 42   20 1.89847e-01
 42   22 1.94515e-01
 42   24 1.91372e-01
 42   26 2.20408e-01
 42   28 2.35679e-01
 42   30 2.16455e-01
 42   32 2.60009e-01
 42   34 3.64771e-01
 42   36 4.93198e-01
 42   38 1.07955e+00
 42   40 2.84665e+00
 42   42 3.60037e+01
 42   44 2.82119e+00
 42   46 1.03257e+00
 42   48 4.57181e-01
 42   50 3.61837e-01
 42   52 2.69243e-01
 42   54 2.00051e-01
 42   56 2.07606e-01
 42   58 2.03763e-01
 42   60 1.60167e-01
 42   62 1.53692e-01
 42   64 1.44819e-01
 42   66 1.29342e-01
 42   68 1.15960e-01
 42   70 1.06964e-01
 42   72 1.02556e-01
 42   74 9.00452e-02
 42   76 8.13359e-02
 42   78 9.14663e-02
 42   80 8.69417e-02
 42   82 8.46137e-02
 42   84 7.78215e-02
 42   86 6.14224e-02
 42   88 7.31339e-02
 42   90 7.19618e-02
 43    1 2.04124e-02
 43    3 4.95731e-02
 43    5 7.79741e-02
 43    7 1.08137e-01
 43    9 1.31056e-01
 43   11 1.35760e-01
 43   13 1.40152e-01
 43   15 1.49009e-01
 43   17 1.59009e-01
 43   19 1.60883e-01
 43   21 1.79120e-01
 43   23 1.91940e-01
 43   25 1.82403e-01
 43   27 2.10793e-01
 43   29 2.23706e-01
 43   31 2.09729e-01
 43   33 2.55777e-01
 43   35 3.64566e-01
 43   37 4.80802e-01
 43   39 1.05859e+00
 43   41 2.78754e+00
 43   43 3.52214e+01
 43   45 2.73718e+00
 43   47 1.01203e+00
 43   49 4.47938e-01
 43   51 3.46539e-01
 43   53 2.56155e-01
 43   55 1.88768e-01
 43   57 2.00239e-01
 43   59 1.95947e-01
 43   61 1.72182e-01
 43   63 1.50779e-01
 43   65 1.42503e-01
 43   67 1.23115e-01
 43   69 1.08701e-01
 43   71 1.01118e-01
 43   73 8.85887e-02
 43   75 8.52504e-02
 43   77 9.21919e-02
 43   79 8.71771e-02
 43   81 8.67050e-02
 43   83 7.74345e-02
 43   85 6.51951e-02
 43   87 7.67384e-02
 43   89 7.65488e-02
 44    0 6.88407e-03
 44    2 3.36615e-02
 44    4 6.20444e-02
 44    6 8.91337e-02
 44    8 1.22325e-01
 44   10 1.29737e-01
 44   12 1.35165e-01
 44   14 1.36257e-01
 44   16 1.51077e-01
 44   18 1.56910e-01
 44   20 1.62834e-01
 44   22 1.72425e-01
 44   24 1.86398e-01
 44   26 1.76514e-01
 44   28 2.00237e-01
 44   30 2.15035e-01
 44   32 1.97372e-01
 44   34 2.46712e-01
 44   36 3.48106e-01
 44   38 4.61097e-01
 44   40 1.02831e+00
 44   42 2.71187e+00
 44   44 3.44969e+01
 44   46 2.66973e+00
 44   48 9.80468e-01
 44   50 4.26253e-01
 44   52 3.42017e-01
 44   54 2.53287e-01
 44   56 1.84367e-01
 44   58 1.87375e-01
 44   60 1.95796e-01
 44   62 1.66035e-01
 44   64 1.39557e-01
 44   66 1.33959e-01
 44   68 1.20004e-01
 44   70 1.05031e-01
 44   72 9.60288e-02
 44   74 8.88129e-02
 44   76 7.86116e-02
 44   78 8.57390e-02
 44   80 8.27866e-02
 44   82 8.95669e-02
 44   84 7.01724e-02
 44   86 6.41573e-02
 44   88 6.98193e-02
 44   90 7.74076e-02
 45    1 2.04236e-02
 45    3 4.84555e-02
 45    5 7.61209e-02
 45    7 1.05477e-01
 45    9 1.25341e-01
 45   11 1.27419e-01
 45   13 1.33982e-01
 45   15 1.37102e-01
 45   17 1.45817e-01
 45   19 1.52291e-01
 45   21 1.56797e-01
 45   23 1.68076e-01
 45   25 1.72851e-01
 45   27 1.66171e-01
 45   29 1.93884e-01
 45   31 2.09447e-01
 45   33 1.95992e-01
 45   35 2.46244e-01
 45   37 3.46455e-01
 45   39 4.55419e-01
 45   41 9.88600e-01
 45   43 2.63429e+00
 45   45 3.38004e+01
 45   47 2.61034e+00
 45   49 9.49055e-01
 45   51 4.11623e-01
 45   53 3.25613e-01
 45   55 2.47242e-01
 45   57 1.79583e-01
 45   59 1.95429e-01
 45   61 1.96878e-01
 45   63 1.56774e-01
 45   65 1.40557e-01
 45   67 1.26545e-01
 45   69 1.15164e-01
 45   71 9.95355e-02
 45   73 8.98001e-02
 45   75 8.49659e-02
 45   77 8.86331e-02
 45   79 8.53859e-02
 45   81 8.31033e-02
 45   83 6.88264e-02
 45   85 6.20519e-02
 45   87 7.38424e-02
 45   89 7.99888e-02
 46    0 6.38022e-03
 46    2 3.32919e-02
 46    4 5.90674e-02
 46    6 8.96309e-02
 46    8 1.21884e-01
 46   10 1.20826e-01
 46   12 1.26411e-01
 46   14 1.34620e-01
 46   16 1.37978e-01
 46   18 1.46111e-01
 46   20 1.42002e-01
 46   22 1.49413e-01
 46   24 1.58860e-01
 46   26 1.63249e-01
 46   28 1.60917e-01
 46   30 1.88387e-01
 46   32 2.05967e-01
 46   34 1.87634e-01
 46   36 2.36766e-01
 46   38 3.40233e-01
 46   40 4.41264e-01
 46   42 9.56357e-01
 46   44 2.57236e+00
 46   46 3.31533e+01
 46   48 2.54366e+00
 46   50 9.22740e-01
 46   52 3.96484e-01
 46   54 3.12522e-01
 46   56 2.40611e-01
 46   58 1.80124e-01
 46   60 1.88937e-01
 46   62 1.84543e-01
 46   64 1.52481e-01
 46   66 1.34201e-01
 46   68 1.20634e-01
 46   70 1.05052e-01
 46   72 9.59333e-02
 46   74 8.58162e-02
 46   76 8.19131e-02
 46   78 8.98496e-02
 46   80 8.34017e-02
 46   82 8.00533e-02
 46   84 6.55454e-02
 46   86 6.15015e-02
 46   88 7.23789e-02
 46   90 7.10401e-02
 47    1 1.85897e-02
 47    3 4.43947e-02
 47    5 7.33586e-02
 47    7 1.01218e-01
 47    9 1.20826e-01
 47   11 1.24385e-01
 47   13 1.32434e-01
 47   15 1.33834e-01
 47   17 1.38504e-01
 47   19 1.36813e-01
 47   21 1.37853e-01
 47   23 1.41209e-01
 47   25 1.50038e-01
 47   27 1.54735e-01
 47   29 1.52870e-01
 47   31 1.88098e-01
 47   33 2.08055e-01
 47   35 1.92254e-01
 47   37 2.43119e-01
 47   39 3.29229e-01
 47   41 4.15183e-01
 47   43 9.39510e-01
 47   45 2.51795e+00
 47   47 3.24980e+01
 47   49 2.47738e+00
 47   51 8.97531e-01
 47   53 3.76787e-01
 47   55 3.05444e-01
 47   57 2.43322e-01
 47   59 1.75625e-01
 47   61 1.77572e-01
 47   63 1.74870e-01
 47   65 1.49694e-01
 47   67 1.24043e-01
 47   69 1.09445e-01
 47   71 1.03830e-01
 47   73 8.93414e-02
 47   75 8.67243e-02
 47   77 9.52338e-02
 47   79 8.40629e-02
 47   81 7.68030e-02
 47   83 6.60199e-02
 47   85 6.42545e-02
 47   87 7.61766e-02
 47   89 7.60148e-02
 48    0 6.22818e-03
 48    2 3.04213e-02
 48    4 5.70128e-02
 48    6 8.66821e-02
 48    8 1.12549e-01
 48   10 1.19606e-01
 48   12 1.26876e-01
 48   14 1.30108e-01
 48   16 1.30744e-01
 48   18 1.24286e-01
 48   20 1.32286e-01
 48   22 1.29625e-01
 48   24 1.32865e-01
 48   26 1.44331e-01
 48   28 1.50611e-01
 48   30 1.54896e-01
 48   32 1.82990e-01
 48   34 1.98510e-01
 48   36 1.81330e-01
 48   38 2.38057e-01
 48   40 3.14381e-01
 48   42 4.08892e-01
 48   44 9.12255e-01
 48   46 2.45628e+00
 48   48 3.19131e+01
 48   50 2.41951e+00
 48   52 8.64725e-01
 48   54 3.58113e-01
 48   56 2.96520e-01
 48   58 2.37317e-01
 48   60 1.70264e-01
 48   62 1.69118e-01
 48   64 1.69340e-01
 48   66 1.45492e-01
 48   68 1.20417e-01
 48   70 1.08920e-01
 48   72 9.89552e-02
 48   74 8.48504e-02
 48   76 8.55711e-02
 48   78 9.29690e-02
 48   80 8.04862e-02
 48   82 7.80065e-02
 48   84 6.88727e-02
 48   86 5.72326e-02
 48   88 7.36437e-02
 48   90 7.31455e-02
 49    1 1.88068e-02
 49    3 4.53249e-02
 49    5 7.18839e-02
 49    7 1.00316e-01
 49    9 1.20381e-01
 49   11 1.26357e-01
 49   13 1.29713e-01
 49   15 1.26053e-01
 49   17 1.17540e-01
 49   19 1.17868e-01
 49   21 1.26859e-01
 49   23 1.22979e-01
 49   25 1.26691e-01
 49   27 1.37749e-01
 49   29 1.48868e-01
 49   31 1.61393e-01
 49   33 1.89322e-01
 49   35 1.99541e-01
 49   37 1.76347e-01
 49   39 2.22467e-01
 49   41 3.21021e-01
 49   43 4.01977e-01
 49   45 8.84942e-01
 49   47 2.39478e+00
 49   49 3.13053e+01
 49   51 2.35942e+00
 49   53 8.36423e-01
 49   55 3.50927e-01
 49   57 2.84755e-01
 49   59 2.35104e-01
 49   61 1.66579e-01
 49   63 1.67117e-01
 49   65 1.68892e-01
 49   67 1.38987e-01
 49   69 1.11750e-01
 49   71 1.03779e-01
 49   73 9.28375e-02
 49   75 9.43918e-02
 49   77 9.26335e-02
 49   79 8.13920e-02
 49   81 7.40550e-02
 49   83 6.48061e-02
 49   85 6.03258e-02
 49   87 7.56687e-02
 49   89 7.65728e-02
 50    0 6.03788e-03
 50    2 3.12342e-02
 50    4 5.55747e-02
 50    6 8.04736e-02
 50    8 1.08717e-01
 50   10 1.19003e-01
 50   12 1.26105e-01
 50   14 1.25772e-01
 50   16 1.13734e-01
 50   18 1.13995e-01
 50   20 1.13765e-01
 50   22 1.17790e-01
 50   24 1.16390e-01
 50   26 1.24544e-01
 50   28 1.41272e-01
 50   30 1.47795e-01
 50   32 1.50721e-01
 50   34 1.84322e-01
 50   36 1.96810e-01
 50   38 1.67629e-01
 50   40 2.23973e-01
 50   42 3.13146e-01
 50   44 3.83763e-01
 50   46 8.62208e-01
 50   48 2.34121e+00
 50   50 3.07553e+01
 50   52 2.29912e+00
 50   54 8.13164e-01
 50   56 3.34479e-01
 50   58 2.78261e-01
 50   60 2.31013e-01
 50   62 1.64558e-01
 50   64 1.56973e-01
 50   66 1.62379e-01
 50   68 1.34551e-01
 50   70 1.10332e-01
 50   72 9.82152e-02
 50   74 9.44285e-02
 50   76 8.82422e-02
 50   78 8.56267e-02
 50   80 8.20564e-02
 50   82 7.56396e-02
 50   84 6.31518e-02
 50   86 6.04787e-02
 50   88 7.58674e-02
 50   90 7.01510e-02
 51    1 1.97689e-02
 51    3 4.60193e-02
 51    5 6.97105e-02
 51    7 9.64347e-02
 51    9 1.16652e-01
 51   11 1.19639e-01
 51   13 1.18022e-01
 51   15 1.15035e-01
 51   17 1.07472e-01
 51   19 1.11279e-01
 51   21 1.07154e-01
 51   23 1.09441e-01
 51   25 1.10132e-01
 51   27 1.21086e-01
 51   29 1.42182e-01
 51   31 1.52910e-01
 51   33 1.52697e-01
 51   35 1.78251e-01
 51   37 1.82992e-01
 51   39 1.76338e-01
 51   41 2.34186e-01
 51   43 3.01214e-01
 51   45 3.71760e-01
 51   47 8.40354e-01
 51   49 2.28530e+00
 51   51 3.02340e+01
 51   53 2.24315e+00
 51   55 7.91595e-01
 51   57 3.27111e-01
 51   59 2.70284e-01
 51   61 2.29958e-01
 51   63 1.64899e-01
 51   65 1.57962e-01
 51   67 1.52551e-01
 51   69 1.24904e-01
 51   71 1.06907e-01
 51   73 9.42942e-02
 51   75 9.25951e-02
 51   77 8.87897e-02
 51   79 8.21589e-02
 51   81 7.63731e-02
 51   83 6.49176e-02
 51   85 6.13714e-02
 51   87 8.05598e-02
 51   89 7.24169e-02
 52    0 6.44136e-03
 52    2 3.26774e-02
 52    4 5.88234e-02
 52    6 8.41513e-02
 52    8 1.12616e-01
 52   10 1.17351e-01
 52   12 1.17187e-01
 52   14 1.09496e-01
 52   16 1.09009e-01
 52   18 1.04969e-01
 52   20 1.06051e-01
 52   22 9.93705e-02
 52   24 1.07920e-01
 52   26 1.09946e-01
 52   28 1.18859e-01
 52   30 1.35201e-01
 52   32 1.40424e-01
 52   34 1.49045e-01
 52   36 1.72593e-01
 52   38 1.80286e-01
 52   40 1.71122e-01
 52   42 2.25908e-01
 52   44 2.98536e-01
 52   46 3.59180e-01
 52   48 8.11230e-01
 52   50 2.22902e+00
 52   52 2.97196e+01
 52   54 2.19047e+00
 52   56 7.66944e-01
 52   58 3.14614e-01
 52   60 2.60653e-01
 52   62 2.29867e-01
 52   64 1.63301e-01
 52   66 1.54521e-01
 52   68 1.45445e-01
 52   70 1.24597e-01
 52   72 1.05564e-01
 52   74 9.06320e-02
 52   76 8.65082e-02
 52   78 8.66050e-02
 52   80 7.57262e-02
 52   82 7.64721e-02
 52   84 6.26180e-02
 52   86 6.03117e-02
 52   88 7.35275e-02
 52   90 7.30690e-02
 53    1 1.97513e-02
 53    3 4.28931e-02
 53    5 6.81017e-02
 53    7 9.58769e-02
 53    9 1.15991e-01
 53   11 1.20163e-01
 53   13 1.18278e-01
 53   15 1.02366e-01
 53   17 1.01601e-01
 53   19 9.60512e-02
 53   21 9.42309e-02
 53   23 9.85957e-02
 53   25 1.03732e-01
 53   27 1.11538e-01
 53   29 1.24689e-01
 53   31 1.38479e-01
 53   33 1.38668e-01
 53   35 1.41498e-01
 53   37 1.80323e-01
 53   39 1.89978e-01
 53   41 1.65159e-01
 53   43 2.16063e-01
 53   45 2.85377e-01
 53   47 3.42345e-01
 53   49 7.86177e-01
 53   51 2.17678e+00
 53   53 2.92495e+01
 53   55 2.14101e+00
 53   57 7.47606e-01
 53   59 3.08066e-01
 53   61 2.60496e-01
 53   63 2.25407e-01
 53   65 1.61692e-01
 53   67 1.41475e-01
 53   69 1.43386e-01
 53   71 1.28184e-01
 53   73 9.74169e-02
 53   75 9.48516e-02
 53   77 9.22876e-02
 53   79 8.25574e-02
 53   81 7.82835e-02
 53   83 6.32009e-02
 53   85 6.11772e-02
 53   87 7.82621e-02
 53   89 7.83057e-02
 54    0 6.56314e-03
 54    2 3.14311e-02
 54    4 5.61653e-02
 54    6 8.11524e-02
 54    8 1.12173e-01
 54   10 1.14627e-01
 54   12 1.17917e-01
 54   14 1.09801e-01
 54   16 9.68119e-02
 54   18 9.63981e-02
 54   20 8.79813e-02
 54   22 9.29746e-02
 54   24 9.43750e-02
 54   26 1.00467e-01
 54   28 1.07180e-01
 54   30 1.19291e-01
 54   32 1.34878e-01
 54   34 1.32526e-01
 54   36 1.41727e-01
 54   38 1.76411e-01
 54   40 1.81923e-01
 54   42 1.63032e-01
 54   44 2.14737e-01
 54   46 2.74986e-01
 54   48 3.26311e-01
 54   50 7.65731e-01
 54   52 2.12757e+00
 54   54 2.87711e+01
 54   56 2.08943e+00
 54   58 7.29072e-01
 54   60 3.00731e-01
 54   62 2.48975e-01
 54   64 2.21140e-01
 54   66 1.57774e-01
 54   68 1.36973e-01
 54   70 1.39631e-01
 54   72 1.17722e-01
 54   74 9.43237e-02
 54   76 8.97835e-02
 54   78 8.83175e-02
 54   80 8.02156e-02
 54   82 7.60147e-02
 54   84 6.13448e-02
 54   86 5.95825e-02
 54   88 8.01759e-02
 54   90 7.40871e-02
 55    1 1.81028e-02
 55    3 4.55301e-02
 55    5 7.61730e-02
 55    7 1.04219e-01
 55    9 1.16143e-01
 55   11 1.09410e-01
 55   13 1.00347e-01
 55   15 9.90118e-02
 55   17 9.36140e-02
 55   19 8.83918e-02
 55   21 8.92219e-02
 55   23 8.90774e-02
 55   25 9.50786e-02
 55   27 1.09114e-01
 55   29 1.12492e-01
 55   31 1.15070e-01
 55   33 1.26194e-01
 55   35 1.36105e-01
 55   37 1.50296e-01
 55   39 1.73225e-01
 55   41 1.68354e-01
 55   43 1.54786e-01
 55   45 2.10652e-01
 55   47 2.69789e-01
 55   49 3.20654e-01
 55   51 7.46764e-01
 55   53 2.08134e+00
 55   55 2.83397e+01
 55   57 2.05279e+00
 55   59 7.17254e-01
 55   61 2.86610e-01
 55   63 2.39105e-01
 55   65 2.17697e-01
 55   67 1.53370e-01
 55   69 1.33729e-01
 55   71 1.29202e-01
 55   73 1.13159e-01
 55   75 9.84438e-02
 55   77 9.33755e-02
 55   79 8.33197e-02
 55   81 7.60053e-02
 55   83 6.15265e-02
 55   85 5.80872e-02
 55   87 8.11741e-02
 55   89 7.23430e-02
 56    0 5.68299e-03
 56    2 2.99292e-02
 56    4 5.75883e-02
 56    6 8.94034e-02
 56    8 1.12459e-01
 56   10 1.10592e-01
 56   12 1.03468e-01
 56   14 9.34520e-02
 56   16 9.30927e-02
 56   18 8.65913e-02
 56   20 8.63958e-02
 56   22 8.77356e-02
 56   24 8.55594e-02
 56   26 9.36647e-02
 56   28 1.04899e-01
 56   30 1.06201e-01
 56   32 1.08966e-01
 56   34 1.24436e-01
 56   36 1.35470e-01
 56   38 1.46906e-01
 56   40 1.69198e-01
 56   42 1.64614e-01
 56   44 1.52081e-01
 56   46 2.05989e-01
 56   48 2.62883e-01
 56   50 3.06453e-01
 56   52 7.24779e-01
 56   54 2.03293e+00
 56   56 2.78968e+01
 56   58 2.00374e+00
 56   60 6.97970e-01
 56   62 2.79287e-01
 56   64 2.31288e-01
 56   66 2.12748e-01
 56   68 1.53642e-01
 56   70 1.29728e-01
 56   72 1.25104e-01
 56   74 1.09984e-01
 56   76 9.88163e-02
 56   78 9.25096e-02
 56   80 8.11224e-02
 56   82 7.50660e-02
 56   84 6.16662e-02
 56   86 5.81666e-02
 56   88 7.80206e-02
 56   90 7.00210e-02
 57    1 1.93588e-02
 57    3 4.54386e-02
 57    5 7.15058e-02
 57    7 9.25256e-02
 57    9 1.09068e-01
 57   11 1.09358e-01
 57   13 1.09040e-01
 57   15 9.08662e-02
 57   17 8.46866e-02
 57   19 8.21023e-02
 57   21 8.77695e-02
 57   23 8.82258e-02
 57   25 9.81135e-02
 57   27 1.01225e-01
 57   29 1.02142e-01
 57   31 1.02031e-01
 57   33 1.15284e-01
 57   35 1.33307e-01
 57   37 1.32978e-01
 57   39 1.35229e-01
 57   41 1.59435e-01
 57   43 1.59886e-01
 57   45 1.48993e-01
 57   47 2.09282e-01
 57   49 2.53366e-01
 57   51 3.00492e-01
 57   53 7.07710e-01
 57   55 1.99895e+00
 57   57 2.74834e+01
 57   59 1.95373e+00
 57   61 6.73662e-01
 57   63 2.66996e-01
 57   65 2.19375e-01
 57   67 2.05136e-01
 57   69 1.48306e-01
 57   71 1.24814e-01
 57   73 1.19111e-01
 57   75 1.18457e-01
 57   77 1.01609e-01
 57   79 8.41056e-02
 57   81 7.61564e-02
 57   83 6.14048e-02
 57   85 6.18087e-02
 57   87 8.10011e-02
 57   89 7.00159e-02
 58    0 6.85461e-03
 58    2 3.41985e-02
 58    4 5.92193e-02
 58    6 7.80524e-02
 58    8 9.89783e-02
 58   10 1.03747e-01
 58   12 1.06959e-01
 58   14 9.71058e-02
 58   16 8.08919e-02
 58   18 7.91556e-02
 58   20 8.02989e-02
 58   22 8.02944e-02
 58   24 8.43693e-02
 58   26 9.29998e-02
 58   28 9.78499e-02
 58   30 9.53261e-02
 58   32 1.02869e-01
 58   34 1.14221e-01
 58   36 1.30514e-01
 58   38 1.28052e-01
 58   40 1.29514e-01
 58   42 1.57458e-01
 58   44 1.50630e-01
 58   46 1.50283e-01
 58   48 2.05044e-01
 58   50 2.48460e-01
 58   52 2.89755e-01
 58   54 6.91316e-01
 58   56 1.95277e+00
 58   58 2.70788e+01
 58   60 1.90809e+00
 58   62 6.60109e-01
 58   64 2.59214e-01
 58   66 2.16598e-01
 58   68 2.02751e-01
 58   70 1.49267e-01
 58   72 1.20688e-01
 58   74 1.14936e-01
 58   76 1.15831e-01
 58   78 9.57811e-02
 58   80 8.19822e-02
 58   82 7.49285e-02
 58   84 6.06947e-02
 58   86 6.12368e-02
 58   88 7.99434e-02
 58   90 6.97389e-02
 59    1 1.92006e-02
 59    3 4.53252e-02
 59    5 7.20867e-02
 59    7 9.78261e-02
 59    9 1.14273e-01
 59   11 1.04993e-01
 59   13 8.74405e-02
 59   15 8.52537e-02
 59   17 8.39975e-02
 59   19 8.50018e-02
 59   21 8.09223e-02
 59   23 9.19250e-02
 59   25 9.15323e-02
 59   27 9.00162e-02
 59   29 9.30787e-02
 59   31 9.73335e-02
 59   33 1.02161e-01
 59   35 1.09537e-01
 59   37 1.17723e-01
 59   39 1.15514e-01
 59   41 1.25619e-01
 59   43 1.52599e-01
 59   45 1.58141e-01
 59   47 1.47331e-01
 59   49 2.04029e-01
 59   51 2.42166e-01
 59   53 2.84434e-01
 59   55 6.81217e-01
 59   57 1.90555e+00
 59   59 2.66764e+01
 59   61 1.85973e+00
 59   63 6.42285e-01
 59   65 2.50853e-01
 59   67 2.04979e-01
 59   69 1.96332e-01
 59   71 1.48278e-01
 59   73 1.22591e-01
 59   75 1.27765e-01
 59   77 1.08424e-01
 59   79 9.07894e-02
 59   81 7.54281e-02
 59   83 6.62300e-02
 59   85 6.10366e-02
 59   87 8.60041e-02
 59   89 6.91516e-02
 60    0 5.79024e-03
 60    2 2.97227e-02
 60    4 5.65888e-02
 60    6 8.34674e-02
 60    8 1.07923e-01
 60   10 1.06326e-01
 60   12 9.31819e-02
 60   14 7.77214e-02
 60   16 7.94095e-02
 60   18 8.37473e-02
 60   20 7.72236e-02
 60   22 8.09161e-02
 60   24 8.66861e-02
 60   26 9.23841e-02
 60   28 8.46652e-02
 60   30 9.17783e-02
 60   32 9.35463e-02
 60   34 1.01123e-01
 60   36 1.07303e-01
 60   38 1.09879e-01
 60   40 1.14199e-01
 60   42 1.20810e-01
 60   44 1.53637e-01
 60   46 1.53867e-01
 60   48 1.43593e-01
 60   50 2.01341e-01
 60   52 2.34319e-01
 60   54 2.78341e-01
 60   56 6.63955e-01
 60   58 1.86248e+00
 60   60 2.63286e+01
 60   62 1.81934e+00
 60   64 6.31168e-01
 60   66 2.48045e-01
 60   68 1.98212e-01
 60   70 1.95676e-01
 60   72 1.48924e-01
 60   74 1.20142e-01
 60   76 1.17479e-01
 60   78 1.06400e-01
 60   80 8.54529e-02
 60   82 7.49328e-02
 60   84 6.17520e-02
 60   86 5.85768e-02
 60   88 7.99820e-02
 60   90 6.85638e-02
 61    1 2.23734e-02
 61    3 4.61869e-02
 61    5 6.66024e-02
 61    7 8.86941e-02
 61    9 1.03974e-01
 61   11 1.01440e-01
 61   13 9.35211e-02
 61   15 8.00176e-02
 61   17 7.80517e-02
 61   19 7.33593e-02
 61   21 7.70804e-02
 61   23 8.38445e-02
 61   25 8.18611e-02
 61   27 8.23660e-02
 61   29 8.80037e-02
 61   31 9.15288e-02
 61   33 9.56877e-02
 61   35 9.60809e-02
 61   37 9.97085e-02
 61   39 1.09529e-01
 61   41 1.11114e-01
 61   43 1.30986e-01
 61   45 1.55623e-01
 61   47 1.45513e-01
 61   49 1.41213e-01
 61   51 2.01262e-01
 61   53 2.34942e-01
 61   55 2.65904e-01
 61   57 6.41828e-01
 61   59 1.81665e+00
 61   61 2.59502e+01
 61   63 1.77828e+00
 61   65 6.12164e-01
 61   67 2.37839e-01
 61   69 1.95771e-01
 61   71 1.96759e-01
 61   73 1.53288e-01
 61   75 1.29901e-01
 61   77 1.14978e-01
 61   79 9.76273e-02
 61   81 8.12545e-02
 61   83 6.47079e-02
 61   85 6.75407e-02
 61   87 8.75962e-02
 61   89 7.57235e-02
 62    0 7.91750e-03
 62    2 3.66886e-02
 62    4 5.71894e-02
 62    6 7.58292e-02
 62    8 9.65980e-02
 62   10 9.72376e-02
 62   12 9.58539e-02
 62   14 8.24240e-02
 62   16 7.75854e-02
 62   18 7.51213e-02
 62   20 7.29233e-02
 62   22 7.76978e-02
 62   24 8.02576e-02
 62   26 7.64413e-02
 62   28 8.21516e-02
 62   30 8.26672e-02
 62   32 9.15524e-02
 62   34 9.48146e-02
 62   36 8.86236e-02
 62   38 9.58825e-02
 62   40 1.02130e-01
 62   42 1.13325e-01
 62   44 1.27361e-01
 62   46 1.46917e-01
 62   48 1.39426e-01
 62   50 1.40204e-01
 62   52 2.02006e-01
 62   54 2.25268e-01
 62   56 2.59715e-01
 62   58 6.29872e-01
 62   60 1.77852e+00
 62   62 2.56360e+01
 62   64 1.73972e+00
 62   66 5.96497e-01
 62   68 2.34101e-01
 62   70 1.90665e-01
 62   72 1.89957e-01
 62   74 1.49191e-01
 62   76 1.23905e-01
 62   78 1.10202e-01
 62   80 9.46783e-02
 62   82 7.93839e-02
 62   84 6.43435e-02
 62   86 6.47269e-02
 62   88 8.37164e-02
 62   90 7.16140e-02
 63    1 1.88395e-02
 63    3 4.42080e-02
 63    5 6.87218e-02
 63    7 9.19392e-02
 63    9 1.04452e-01
 63   11 9.07316e-02
 63   13 7.88412e-02
 63   15 7.31129e-02
 63   17 7.61653e-02
 63   19 7.88747e-02
 63   21 8.08183e-02
 63   23 8.00165e-02
 63   25 8.20081e-02
 63   27 8.55303e-02
 63   29 8.38652e-02
 63   31 8.48891e-02
 63   33 8.47603e-02
 63   35 8.36218e-02
 63   37 8.34775e-02
 63   39 9.24746e-02
 63   41 1.06705e-01
 63   43 1.12212e-01
 63   45 1.21231e-01
 63   47 1.40186e-01
 63   49 1.38592e-01
 63   51 1.41187e-01
 63   53 1.98879e-01
 63   55 2.17013e-01
 63   57 2.48853e-01
 63   59 6.13778e-01
 63   61 1.73965e+00
 63   63 2.52990e+01
 63   65 1.69095e+00
 63   67 5.87705e-01
 63   69 2.39281e-01
 63   71 1.89660e-01
 63   73 1.94561e-01
 63   75 1.56865e-01
 63   77 1.16638e-01
 63   79 9.99088e-02
 63   81 8.73915e-02
 63   83 6.98460e-02
 63   85 7.05054e-02
 63   87 9.45750e-02
 63   89 7.41234e-02
 64    0 5.35728e-03
 64    2 2.81631e-02
 64    4 5.45486e-02
 64    6 7.90865e-02
 64    8 9.90013e-02
 64   10 9.41368e-02
 64   12 8.41886e-02
 64   14 7.46514e-02
 64   16 7.65735e-02
 64   18 7.78120e-02
 64   20 7.79842e-02
 64   22 7.88188e-02
 64   24 7.65405e-02
 64   26 8.28054e-02
 64   28 7.91931e-02
 64   30 8.20488e-02
 64   32 8.20891e-02
 64   34 8.36626e-02
 64   36 8.19936e-02
 64   38 7.98369e-02
 64   40 9.24897e-02
 64   42 1.04538e-01
 64   44 1.04801e-01
 64   46 1.18840e-01
 64   48 1.36675e-01
 64   50 1.30930e-01
 64   52 1.40492e-01
 64   54 1.95877e-01
 64   56 2.10559e-01
 64   58 2.42141e-01
 64   60 6.04037e-01
 64   62 1.70315e+00
 64   64 2.49838e+01
 64   66 1.65214e+00
 64   68 5.76393e-01
 64   70 2.34941e-01
 64   72 1.83529e-01
 64   74 1.85582e-01
 64   76 1.56188e-01
 64   78 1.15028e-01
 64   80 9.66612e-02
 64   82 8.40993e-02
 64   84 6.80899e-02
 64   86 6.67490e-02
 64   88 8.96548e-02
 64   90 7.27827e-02
 65    1 1.88635e-02
 65    3 4.27042e-02
 65    5 6.39603e-02
 65    7 8.39616e-02
 65    9 9.95747e-02
 65   11 9.91364e-02
 65   13 9.02144e-02
 65   15 8.07685e-02
 65   17 8.01408e-02
 65   19 7.10164e-02
 65   21 7.59887e-02
 65   23 6.93947e-02
 65   25 7.53837e-02
 65   27 7.43816e-02
 65   29 7.62418e-02
 65   31 7.80780e-02
 65   33 7.39361e-02
 65   35 7.63373e-02
 65   37 7.96326e-02
 65   39 8.79434e-02
 65   41 9.54733e-02
 65   43 1.03897e-01
 65   45 1.06481e-01
 65   47 1.17564e-01
 65   49 1.37216e-01
 65   51 1.32497e-01
 65   53 1.39762e-01
 65   55 1.93566e-01
 65   57 2.00311e-01
 65   59 2.34846e-01
 65   61 5.86690e-01
 65   63 1.65657e+00
 65   65 2.46619e+01
 65   67 1.61525e+00
 65   69 5.70886e-01
 65   71 2.37334e-01
 65   73 1.84832e-01
 65   75 1.88074e-01
 65   77 1.46646e-01
 65   79 1.06442e-01
 65   81 9.06196e-02
 65   83 7.44945e-02
 65   85 7.34091e-02
 65   87 9.83595e-02
 65   89 7.91368e-02
 66    0 6.71714e-03
 66    2 3.20205e-02
 66    4 5.19975e-02
 66    6 7.00927e-02
 66    8 9.07673e-02
 66   10 9.69632e-02
 66   12 9.08380e-02
 66   14 8.12764e-02
 66   16 8.18326e-02
 66   18 7.39468e-02
 66   20 7.13114e-02
 66   22 6.76754e-02
 66   24 7.31232e-02
 66   26 7.21607e-02
 66   28 7.49833e-02
 66   30 7.55197e-02
 66   32 7.57243e-02
 66   34 7.28927e-02
 66   36 7.52856e-02
 66   38 7.72126e-02
 66   40 8.58969e-02
 66   42 9.15305e-02
 66   44 9.86192e-02
 66   46 1.02538e-01
 66   48 1.15119e-01
 66   50 1.32777e-01
 66   52 1.30325e-01
 66   54 1.37003e-01
 66   56 1.89874e-01
 66   58 1.98356e-01
 66   60 2.32718e-01
 66   62 5.72481e-01
 66   64 1.61967e+00
 66   66 2.43807e+01
 66   68 1.57665e+00
 66   70 5.57931e-01
 66   72 2.35283e-01
 66   74 1.78721e-01
 66   76 1.83417e-01
 66   78 1.42557e-01
 66   80 1.04029e-01
 66   82 8.77313e-02
 66   84 7.20351e-02
 66   86 6.92374e-02
 66   88 9.61923e-02
 66   90 7.53529e-02
 67    1 1.76133e-02
 67    3 4.08032e-02
 67    5 6.31406e-02
 67    7 8.38504e-02
 67    9 9.77637e-02
 67   11 9.01987e-02
 67   13 7.56723e-02
 67   15 7.01429e-02
 67   17 6.64554e-02
 67   19 7.13490e-02
 67   21 7.20876e-02
 67   23 7.22278e-02
 67   25 7.48967e-02
 67   27 7.82486e-02
 67   29 8.16393e-02
 67   31 7.55612e-02
 67   33 7.36403e-02
 67   35 7.45306e-02
 67   37 7.92480e-02
 67   39 8.11876e-02
 67   41 8.35489e-02
 67   43 8.80572e-02
 67   45 9.40456e-02
 67   47 9.55691e-02
 67   49 1.10775e-01
 67   51 1.25529e-01
 67   53 1.19965e-01
 67   55 1.33780e-01
 67   57 1.83753e-01
 67   59 1.88256e-01
 67   61 2.23614e-01
 67   63 5.64826e-01
 67   65 1.58458e+00
 67   67 2.41089e+01
 67   69 1.54928e+00
 67   71 5.55547e-01
 67   73 2.43024e-01
 67   75 1.84103e-01
 67   77 1.68021e-01
 67   79 1.34471e-01
 67   81 9.83632e-02
 67   83 8.29258e-02
 67   85 8.26637e-02
 67   87 1.05543e-01
 67   89 8.00505e-02
 68    0 5.15440e-03
 68    2 2.59732e-02
 68    4 4.84295e-02
 68    6 7.02676e-02
 68    8 9.06679e-02
 68   10 9.10269e-02
 68   12 8.22548e-02
 68   14 7.17439e-02
 68   16 6.88147e-02
 68   18 6.32909e-02
 68   20 6.71054e-02
 68   22 7.04254e-02
 68   24 7.03691e-02
 68   26 7.66667e-02
 68   28 7.56080e-02
 68   30 7.78773e-02
 68   32 7.29173e-02
 68   34 7.03810e-02
 68   36 7.41029e-02
 68   38 7.70061e-02
 68   40 8.06227e-02
 68   42 8.05569e-02
 68   44 8.67272e-02
 68   46 9.04826e-02
 68   48 9.35329e-02
 68   50 1.08006e-01
 68   52 1.20422e-01
 68   54 1.16761e-01
 68   56 1.34610e-01
 68   58 1.82272e-01
 68   60 1.82555e-01
 68   62 2.20558e-01
 68   64 5.54709e-01
 68   66 1.54776e+00
 68   68 2.38379e+01
 68   70 1.51050e+00
 68   72 5.47023e-01
 68   74 2.44677e-01
 68   76 1.77607e-01
 68   78 1.63925e-01
 68   80 1.31709e-01
 68   82 9.51666e-02
 68   84 7.58763e-02
 68   86 7.93644e-02
 68   88 1.02299e-01
 68   90 8.04095e-02
 69    1 1.43303e-02
 69    3 3.38796e-02
 69    5 5.29783e-02
 69    7 7.19508e-02
 69    9 8.89627e-02
 69   11 8.87965e-02
 69   13 8.04968e-02
 69   15 7.99291e-02
 69   17 8.00890e-02
 69   19 7.48667e-02
 69   21 7.33033e-02
 69   23 7.12614e-02
 69   25 7.62427e-02
 69   27 7.68525e-02
 69   29 7.30292e-02
 69   31 6.76016e-02
 69   33 6.76496e-02
 69   35 7.20418e-02
 69   37 7.20384e-02
 69   39 7.19406e-02
 69   41 7.13257e-02
 69   43 7.63731e-02
 69   45 8.40746e-02
 69   47 8.28310e-02
 69   49 8.74927e-02
 69   51 1.00963e-01
 69   53 1.19437e-01
 69   55 1.14585e-01
 69   57 1.30498e-01
 69   59 1.77127e-01
 69   61 1.80809e-01
 69   63 2.25900e-01
 69   65 5.50148e-01
 69   67 1.52189e+00
 69   69 2.36065e+01
 69   71 1.47861e+00
 69   73 5.44751e-01
 69   75 2.41349e-01
 69   77 1.67969e-01
 69   79 1.50896e-01
 69   81 1.21358e-01
 69   83 8.91375e-02
 69   85 9.08415e-02
 69   87 1.11897e-01
 69   89 8.23211e-02
 70    0 4.76758e-03
 70    2 2.35157e-02
 70    4 4.20520e-02
 70    6 5.95639e-02
 70    8 7.95180e-02
 70   10 8.61160e-02
 70   12 8.35207e-02
 70   14 7.38393e-02
 70   16 7.65148e-02
 70   18 7.12783e-02
 70   20 7.25554e-02
 70   22 7.08201e-02
 70   24 7.07253e-02
 70   26 7.20459e-02
 70   28 7.37034e-02
 70   30 6.87922e-02
 70   32 6.57359e-02
 70   34 6.80821e-02
 70   36 6.93312e-02
 70   38 6.84326e-02
 70   40 7.08140e-02
 70   42 7.30415e-02
 70   44 7.46130e-02
 70   46 7.74528e-02
 70   48 8.31613e-02
 70   50 8.70561e-02
 70   52 1.01403e-01
 70   54 1.16999e-01
 70   56 1.11722e-01
 70   58 1.31905e-01
 70   60 1.77150e-01
 70   62 1.76575e-01
 70   64 2.22251e-01
 70   66 5.38375e-01
 70   68 1.48477e+00
 70   70 2.33441e+01
 70   72 1.44315e+00
 70   74 5.28824e-01
 70   76 2.46385e-01
 70   78 1.60830e-01
 70   80 1.48400e-01
 70   82 1.16899e-01
 70   84 9.03859e-02
 70   86 8.66636e-02
 70   88 1.10095e-01
 70   90 8.11350e-02
 71    1 1.50777e-02
 71    3 3.52221e-02
 71    5 5.76654e-02
 71    7 8.25241e-02
 71    9 9.84484e-02
 71   11 9.05247e-02
 71   13 8.26798e-02
 71   15 7.05238e-02
 71   17 6.06635e-02
 71   19 5.98633e-02
 71   21 6.43811e-02
 71   23 7.18642e-02
 71   25 7.18088e-02
 71   27 6.60902e-02
 71   29 6.65341e-02
 71   31 6.70233e-02
 71   33 6.99686e-02
 71   35 6.67430e-02
 71   37 6.80158e-02
 71   39 6.81546e-02
 71   41 6.91088e-02
 71   43 6.98803e-02
 71   45 7.14732e-02
 71   47 7.72927e-02
 71   49 7.99196e-02
 71   51 8.49977e-02
 71   53 1.05022e-01
 71   55 1.08891e-01
 71   57 1.08026e-01
 71   59 1.31579e-01
 71   61 1.78740e-01
 71   63 1.76117e-01
 71   65 2.24961e-01
 71   67 5.36775e-01
 71   69 1.45436e+00
 71   71 2.31540e+01
 71   73 1.40972e+00
 71   75 5.16892e-01
 71   77 2.31827e-01
 71   79 1.53281e-01
 71   81 1.39108e-01
 71   83 1.11185e-01
 71   85 9.95025e-02
 71   87 1.19940e-01
 71   89 8.55002e-02
 72    0 4.22087e-03
 72    2 2.23712e-02
 72    4 4.39002e-02
 72    6 6.68031e-02
 72    8 8.90228e-02
 72   10 9.17248e-02
 72   12 8.52734e-02
 72   14 7.80086e-02
 72   16 6.44737e-02
 72   18 5.51526e-02
 72   20 5.97341e-02
 72   22 6.55417e-02
 72   24 6.75596e-02
 72   26 6.49398e-02
 72   28 6.53373e-02
 72   30 6.36055e-02
 72   32 6.81432e-02
 72   34 6.53195e-02
 72   36 6.72560e-02
 72   38 6.65111e-02
 72   40 6.76525e-02
 72   42 6.89269e-02
 72   44 6.71415e-02
 72   46 6.96138e-02
 72   48 7.43609e-02
 72   50 7.62731e-02
 72   52 8.45581e-02
 72   54 9.70848e-02
 72   56 1.06040e-01
 72   58 1.04967e-01
 72   60 1.32697e-01
 72   62 1.73144e-01
 72   64 1.70876e-01
 72   66 2.23454e-01
 72   68 5.29221e-01
 72   70 1.42038e+00
 72   72 2.29278e+01
 72   74 1.37565e+00
 72   76 5.09963e-01
 72   78 2.31239e-01
 72   80 1.52741e-01
 72   82 1.32735e-01
 72   84 1.07710e-01
 72   86 9.72293e-02
 72   88 1.19996e-01
 72   90 8.43722e-02
 73    1 1.06374e-02
 73    3 2.67935e-02
 73    5 4.55518e-02
 73    7 6.73492e-02
 73    9 7.74667e-02
 73   11 7.08224e-02
 73   13 7.04990e-02
 73   15 7.59805e-02
 73   17 7.61436e-02
 73   19 7.73168e-02
 73   21 7.97520e-02
 73   23 7.64143e-02
 73   25 7.24584e-02
 73   27 7.21127e-02
 73   29 6.64515e-02
 73   31 6.84840e-02
 73   33 6.35234e-02
 73   35 6.49027e-02
 73   37 6.53413e-02
 73   39 6.23202e-02
 73   41 6.30388e-02
 73   43 6.02935e-02
 73   45 6.35052e-02
 73   47 6.54991e-02
 73   49 7.04097e-02
 73   51 7.38337e-02
 73   53 7.86049e-02
 73   55 9.39246e-02
 73   57 1.01528e-01
 73   59 1.07136e-01
 73   61 1.37140e-01
 73   63 1.77930e-01
 73   65 1.72540e-01
 73   67 2.31253e-01
 73   69 5.27694e-01
 73   71 1.38836e+00
 73   73 2.27274e+01
 73   75 1.33432e+00
 73   77 4.88302e-01
 73   79 2.29210e-01
 73   81 1.51262e-01
 73   83 1.35966e-01
 73   85 1.22021e-01
 73   87 1.28484e-01
 73   89 8.71760e-02
 74    0 3.49191e-03
 74    2 1.76449e-02
 74    4 3.35134e-02
 74    6 5.37768e-02
 74    8 7.46837e-02
 74   10 7.19094e-02
 74   12 6.55242e-02
 74   14 6.59244e-02
 74   16 7.38779e-02
 74   18 7.49490e-02
 74   20 7.82940e-02
 74   22 7.50707e-02
 74   24 7.52554e-02
 74   26 7.15456e-02
 74   28 6.79295e-02
 74   30 6.63629e-02
 74   32 6.46138e-02
 74   34 6.20370e-02
 74   36 6.25357e-02
 74   38 6.33115e-02
 74   40 6.17687e-02
 74   42 5.96382e-02
 74   44 6.11932e-02
 74   46 6.13667e-02
 74   48 6.28344e-02
 74   50 7.22660e-02
 74   52 7.15417e-02
 74   54 7.66572e-02
 74   56 9.18687e-02
 74   58 9.85108e-02
 74   60 1.05495e-01
 74   62 1.34008e-01
 74   64 1.70275e-01
 74   66 1.67268e-01
 74   68 2.33271e-01
 74   70 5.12912e-01
 74   72 1.35565e+00
 74   74 2.25397e+01
 74   76 1.30313e+00
 74   78 4.76867e-01
 74   80 2.29447e-01
 74   82 1.44575e-01
 74   84 1.29215e-01
 74   86 1.16683e-01
 74   88 1.29387e-01
 74   90 8.71958e-02
 75    1 1.33761e-02
 75    3 3.23621e-02
 75    5 5.17303e-02
 75    7 7.12655e-02
 75    9 8.84984e-02
 75   11 8.45467e-02
 75   13 7.66638e-02
 75   15 7.59590e-02
 75   17 7.08757e-02
 75   19 7.12017e-02
 75   21 6.59708e-02
 75   23 6.23846e-02
 75   25 6.18330e-02
 75   27 5.61944e-02
 75   29 5.99230e-02
 75   31 5.99284e-02
 75   33 5.56297e-02
 75   35 5.61410e-02
 75   37 5.59378e-02
 75   39 6.20255e-02
 75   41 5.68342e-02
 75   43 5.72130e-02
 75   45 5.92493e-02
 75   47 6.26945e-02
 75   49 7.05910e-02
 75   51 7.14931e-02
 75   53 7.54685e-02
 75   55 8.05720e-02
 75   57 9.95630e-02
 75   59 1.10102e-01
 75   61 1.14598e-01
 75   63 1.41457e-01
 75   65 1.73121e-01
 75   67 1.72745e-01
 75   69 2.30535e-01
 75   71 5.01965e-01
 75   73 1.31573e+00
 75   75 2.23155e+01
 75   77 1.25476e+00
 75   79 4.60283e-01
 75   81 2.28224e-01
 75   83 1.59110e-01
 75   85 1.46145e-01
 75   87 1.42566e-01
 75   89 8.82527e-02
 76    0 4.31358e-03
 76    2 2.17076e-02
 76    4 4.02089e-02
 76    6 5.86839e-02
 76    8 7.81885e-02
 76   10 8.34775e-02
 76   12 7.71059e-02
 76   14 7.69205e-02
 76   16 7.19820e-02
 76   18 6.84291e-02
 76   20 6.71271e-02
 76   22 6.53605e-02
 76   24 5.95576e-02
 76   26 5.67187e-02
 76   28 5.52469e-02
 76   30 6.36138e-02
 76   32 5.56617e-02
 76   34 5.36240e-02
 76   36 5.30385e-02
 76   38 6.05546e-02
 76   40 5.88102e-02
 76   42 5.31518e-02
 76   44 5.34423e-02
 76   46 5.77948e-02
 76   48 6.25234e-02
 76   50 6.66314e-02
 76   52 6.73762e-02
 76   54 7.19947e-02
 76   56 8.14398e-02
 76   58 9.79539e-02
 76   60 1.01781e-01
 76   62 1.09812e-01
 76   64 1.41395e-01
 76   66 1.69374e-01
 76   68 1.67071e-01
 76   70 2.35786e-01
 76   72 4.95848e-01
 76   74 1.28576e+00
 76   76 2.21512e+01
 76   78 1.22334e+00
 76   80 4.49905e-01
 76   82 2.24217e-01
 76   84 1.50211e-01
 76   86 1.43154e-01
 76   88 1.39977e-01
 76   90 8.79076e-02
 77    1 1.07542e-02
 77    3 2.68523e-02
 77    5 4.48289e-02
 77    7 6.11050e-02
 77    9 7.28972e-02
 77   11 6.75277e-02
 77   13 6.64809e-02
 77   15 7.52107e-02
 77   17 7.55552e-02
 77   19 7.30701e-02
 77   21 6.26341e-02
 77   23 6.81482e-02
 77   25 6.35984e-02
 77   27 6.72015e-02
 77   29 6.36526e-02
 77   31 5.97944e-02
 77   33 6.22270e-02
 77   35 5.99992e-02
 77   37 6.36634e-02
 77   39 6.29459e-02
 77   41 6.15508e-02
 77   43 6.10839e-02
 77   45 6.10197e-02
 77   47 6.79697e-02
 77   49 6.83941e-02
 77   51 6.76821e-02
 77   53 7.24937e-02
 77   55 7.54508e-02
 77   57 8.43150e-02
 77   59 9.22457e-02
 77   61 1.00141e-01
 77   63 1.03843e-01
 77   65 1.33268e-01
 77   67 1.55648e-01
 77   69 1.58400e-01
 77   71 2.22266e-01
 77   73 4.75368e-01
 77   75 1.23879e+00
 77   77 2.20057e+01
 77   79 1.19261e+00
 77   81 4.45904e-01
 77   83 2.43256e-01
 77   85 1.78183e-01
 77   87 1.66426e-01
 77   89 9.77227e-02
 78    0 3.88915e-03
 78    2 1.87932e-02
 78    4 3.48722e-02
 78    6 5.13904e-02
 78    8 6.81217e-02
 78   10 6.83460e-02
 78   12 6.30407e-02
 78   14 6.97986e-02
 78   16 7.42376e-02
 78   18 7.24346e-02
 78   20 6.62096e-02
 78   22 6.25407e-02
 78   24 6.48522e-02
 78   26 6.53803e-02
 78   28 6.39169e-02
 78   30 5.88354e-02
 78   32 6.13007e-02
 78   34 5.91144e-02
 78   36 5.80209e-02
 78   38 5.92443e-02
 78   40 6.23818e-02
 78   42 5.90465e-02
 78   44 5.75804e-02
 78   46 6.26251e-02
 78   48 6.71044e-02
 78   50 6.38718e-02
 78   52 6.66330e-02
 78   54 6.99597e-02
 78   56 7.53168e-02
 78   58 8.00156e-02
 78   60 9.10640e-02
 78   62 9.64825e-02
 78   64 1.02870e-01
 78   66 1.30045e-01
 78   68 1.52329e-01
 78   70 1.52044e-01
 78   72 2.22110e-01
 78   74 4.64800e-01
 78   76 1.20849e+00
 78   78 2.18503e+01
 78   80 1.16181e+00
 78   82 4.34516e-01
 78   84 2.38549e-01
 78   86 1.73230e-01
 78   88 1.64011e-01
 78   90 9.66926e-02
 79    1 1.24145e-02
 79    3 2.75085e-02
 79    5 4.15786e-02
 79    7 5.72568e-02
 79    9 7.01935e-02
 79   11 6.70465e-02
 79   13 6.70734e-02
 79   15 7.20771e-02
 79   17 7.39517e-02
 79   19 7.92055e-02
 79   21 7.90538e-02
 79   23 7.00015e-02
 79   25 6.26055e-02
 79   27 6.16753e-02
 79   29 6.13927e-02
 79   31 6.03801e-02
 79   33 5.89627e-02
 79   35 5.60322e-02
 79   37 5.71026e-02
 79   39 5.54250e-02
 79   41 5.84066e-02
 79   43 5.70944e-02
 79   45 5.81055e-02
 79   47 5.93043e-02
 79   49 5.94005e-02
 79   51 6.19046e-02
 79   53 6.41018e-02
 79   55 6.65482e-02
 79   57 6.89852e-02
 79   59 7.63504e-02
 79   61 8.40477e-02
 79   63 8.79217e-02
 79   65 9.56146e-02
 79   67 1.23131e-01
 79   69 1.40657e-01
 79   71 1.45263e-01
 79   73 2.20563e-01
 79   75 4.49178e-01
 79   77 1.17884e+00
 79   79 2.17449e+01
 79   81 1.15648e+00
 79   83 4.61093e-01
 79   85 2.62079e-01
 79   87 1.99547e-01
 79   89 1.19596e-01
 80    0 3.85657e-03
 80    2 1.96227e-02
 80    4 3.36887e-02
 80    6 4.75579e-02
 80    8 6.18803e-02
 80   10 6.56334e-02
 80   12 6.14104e-02
 80   14 6.75345e-02
 80   16 6.99485e-02
 80   18 7.20448e-02
 80   20 7.32208e-02
 80   22 7.56131e-02
 80   24 6.75827e-02
 80   26 6.18345e-02
 80   28 5.91802e-02
 80   30 5.81724e-02
 80   32 5.98243e-02
 80   34 5.69122e-02
 80   36 5.55498e-02
 80   38 5.44580e-02
 80   40 5.68207e-02
 80   42 5.55108e-02
 80   44 5.49885e-02
 80   46 5.74942e-02
 80   48 5.74580e-02
 80   50 6.05381e-02
 80   52 5.76248e-02
 80   54 6.28458e-02
 80   56 6.53224e-02
 80   58 6.77378e-02
 80   60 7.23347e-02
 80   62 8.19832e-02
 80   64 8.54975e-02
 80   66 9.38592e-02
 80   68 1.21052e-01
 80   70 1.38756e-01
 80   72 1.45103e-01
 80   74 2.21191e-01
 80   76 4.39576e-01
 80   78 1.14909e+00
 80   80 2.16193e+01
 80   82 1.12584e+00
 80   84 4.44865e-01
 80   86 2.55302e-01
 80   88 1.95110e-01
 80   90 1.17860e-01
 81    1 1.23909e-02
 81    3 2.98102e-02
 81    5 4.72779e-02
 81    7 6.52267e-02
 81    9 7.53535e-02
 81   11 7.03473e-02
 81   13 6.74278e-02
 81   15 6.97191e-02
 81   17 6.42877e-02
 81   19 6.30974e-02
 81   21 5.66789e-02
 81   23 5.52571e-02
 81   25 6.17850e-02
 81   27 5.61807e-02
 81   29 5.53422e-02
 81   31 4.98816e-02
 81   33 5.85610e-02
 81   35 5.44258e-02
 81   37 5.09598e-02
 81   39 5.10898e-02
 81   41 5.28016e-02
 81   43 5.61965e-02
 81   45 5.59659e-02
 81   47 5.36209e-02
 81   49 5.34855e-02
 81   51 5.69486e-02
 81   53 6.01531e-02
 81   55 6.00767e-02
 81   57 6.18175e-02
 81   59 6.27745e-02
 81   61 6.92271e-02
 81   63 7.61089e-02
 81   65 8.05581e-02
 81   67 8.91342e-02
 81   69 1.11951e-01
 81   71 1.30464e-01
 81   73 1.44046e-01
 81   75 2.20408e-01
 81   77 4.36187e-01
 81   79 1.14449e+00
 81   81 2.16292e+01
 81   83 1.16234e+00
 81   85 4.57950e-01
 81   87 2.66190e-01
 81   89 1.48329e-01
 82    0 3.79758e-03
 82    2 2.09244e-02
 82    4 3.75703e-02
 82    6 5.46104e-02
 82    8 7.05270e-02
 82   10 7.01352e-02
 82   12 6.25590e-02
 82   14 6.60959e-02
 82   16 6.71783e-02
 82   18 6.31647e-02
 82   20 5.39640e-02
 82   22 5.16709e-02
 82   24 5.62612e-02
 82   26 5.73308e-02
 82   28 5.02565e-02
 82   30 5.07514e-02
 82   32 5.02344e-02
 82   34 5.49133e-02
 82   36 5.41152e-02
 82   38 5.01196e-02
 82   40 5.21793e-02
 82   42 5.34959e-02
 82   44 5.89102e-02
 82   46 5.46460e-02
 82   48 5.51430e-02
 82   50 5.52581e-02
 82   52 5.76231e-02
 82   54 5.89720e-02
 82   56 5.98543e-02
 82   58 6.13040e-02
 82   60 6.28090e-02
 82   62 6.80671e-02
 82   64 7.36587e-02
 82   66 7.83802e-02
 82   68 8.66102e-02
 82   70 1.08233e-01
 82   72 1.24864e-01
 82   74 1.38010e-01
 82   76 2.16926e-01
 82   78 4.25552e-01
 82   80 1.11483e+00
 82   82 2.15035e+01
 82   84 1.13198e+00
 82   86 4.46526e-01
 82   88 2.61218e-01
 82   90 1.43603e-01
 83    1 1.16732e-02
 83    3 2.78132e-02
 83    5 4.22694e-02
 83    7 5.65023e-02
 83    9 6.84663e-02
 83   11 6.28622e-02
 83   13 5.96499e-02
 83   15 6.56338e-02
 83   17 7.30719e-02
 83   19 6.89431e-02
 83   21 6.79391e-02
 83   23 6.17232e-02
 83   25 5.72892e-02
 83   27 5.61207e-02
 83   29 5.35306e-02
 83   31 5.07337e-02
 83   33 4.88688e-02
 83   35 4.92842e-02
 83   37 4.72795e-02
 83   39 4.64287e-02
 83   41 4.76272e-02
 83   43 4.97263e-02
 83   45 4.59248e-02
 83   47 4.56685e-02
 83   49 4.63750e-02
 83   51 4.79613e-02
 83   53 4.81169e-02
 83   55 4.81849e-02
 83   57 4.93848e-02
 83   59 5.46124e-02
 83   61 5.46226e-02
 83   63 6.02690e-02
 83   65 6.56142e-02
 83   67 7.44538e-02
 83   69 8.14712e-02
 83   71 1.03317e-01
 83   73 1.28289e-01
 83   75 1.52248e-01
 83   77 2.35766e-01
 83   79 4.52115e-01
 83   81 1.15165e+00
 83   83 2.17078e+01
 83   85 1.13855e+00
 83   87 4.36823e-01
 83   89 1.93632e-01
 84    0 3.81867e-03
 84    2 1.85577e-02
 84    4 3.42464e-02
 84    6 4.79386e-02
 84    8 6.32595e-02
 84   10 6.27346e-02
 84   12 5.58048e-02
 84   14 6.00313e-02
 84   16 6.22667e-02
 84   18 6.95029e-02
 84   20 6.97473e-02
 84   22 6.54407e-02
 84   24 5.83209e-02
 84   26 5.60708e-02
 84   28 5.33057e-02
 84   30 5.26385e-02
 84   32 4.94359e-02
 84   34 4.97834e-02
 84   36 4.73962e-02
 84   38 4.51527e-02
 84   40 4.71371e-02
 84   42 4.87776e-02
 84   44 4.57563e-02
 84   46 4.43571e-02
 84   48 4.82668e-02
 84   50 4.57377e-02
 84   52 4.67772e-02
 84   54 4.71810e-02
 84   56 4.87462e-02
 84   58 4.92305e-02
 84   60 5.13148e-02
 84   62 5.46954e-02
 84   64 5.91229e-02
 84   66 6.38024e-02
 84   68 6.84594e-02
 84   70 8.29640e-02
 84   72 1.00450e-01
 84   74 1.22284e-01
 84   76 1.44074e-01
 84   78 2.31614e-01
 84   80 4.36717e-01
 84   82 1.12223e+00
 84   84 2.15879e+01
 84   86 1.11257e+00
 84   88 4.27737e-01
 84   90 1.86820e-01
 85    1 1.40697e-02
 85    3 3.37477e-02
 85    5 5.24450e-02
 85    7 7.16324e-02
 85    9 8.48444e-02
 85   11 6.72597e-02
 85   13 6.40109e-02
 85   15 6.53389e-02
 85   17 6.69334e-02
 85   19 6.17980e-02
 85   21 6.04560e-02
 85   23 5.35303e-02
 85   25 5.15376e-02
 85   27 4.96585e-02
 85   29 4.88343e-02
 85   31 4.37779e-02
 85   33 4.31212e-02
 85   35 4.42867e-02
 85   37 4.05677e-02
 85   39 4.44380e-02
 85   41 4.21373e-02
 85   43 4.15301e-02
 85   45 4.10717e-02
 85   47 4.40902e-02
 85   49 4.28221e-02
 85   51 4.49771e-02
 85   53 4.62019e-02
 85   55 4.51259e-02
 85   57 4.93102e-02
 85   59 4.99256e-02
 85   61 5.65557e-02
 85   63 6.03491e-02
 85   65 6.41386e-02
 85   67 7.36222e-02
 85   69 8.23615e-02
 85   71 9.17184e-02
 85   73 1.14207e-01
 85   75 1.38718e-01
 85   77 1.71310e-01
 85   79 2.54911e-01
 85   81 4.50091e-01
 85   83 1.12940e+00
 85   85 2.15248e+01
 85   87 1.08711e+00
 85   89 3.20013e-01
 86    0 4.64142e-03
 86    2 2.29375e-02
 86    4 4.13791e-02
 86    6 6.11607e-02
 86    8 7.95662e-02
 86   10 7.63529e-02
 86   12 5.99986e-02
 86   14 6.17851e-02
 86   16 5.99222e-02
 86   18 6.39724e-02
 86   20 6.20915e-02
 86   22 5.55622e-02
 86   24 4.99567e-02
 86   26 4.80346e-02
 86   28 4.94870e-02
 86   30 4.50909e-02
 86   32 4.21286e-02
 86   34 4.20110e-02
 86   36 3.91876e-02
 86   38 4.51044e-02
 86   40 4.02048e-02
 86   42 3.82119e-02
 86   44 4.15223e-02
 86   46 4.13102e-02
 86   48 3.98104e-02
 86   50 4.34752e-02
 86   52 4.47185e-02
 86   54 4.54840e-02
 86   56 4.56371e-02
 86   58 4.93000e-02
 86   60 4.83135e-02
 86   62 5.46113e-02
 86   64 5.75266e-02
 86   66 6.08674e-02
 86   68 7.10728e-02
 86   70 7.89545e-02
 86   72 9.00002e-02
 86   74 1.09602e-01
 86   76 1.36283e-01
 86   78 1.66941e-01
 86   80 2.48758e-01
 86   82 4.39379e-01
 86   84 1.10428e+00
 86   86 2.14233e+01
 86   88 1.05957e+00
 86   90 3.08072e-01
 87    1 6.01215e-03
 87    3 1.41207e-02
 87    5 2.18122e-02
 87    7 3.14937e-02
 87    9 3.43471e-02
 87   11 3.05739e-02
 87   13 3.03836e-02
 87   15 3.03825e-02
 87   17 3.17696e-02
 87   19 3.41593e-02
 87   21 3.50871e-02
 87   23 3.50282e-02
 87   25 3.51784e-02
 87   27 3.65501e-02
 87   29 3.78282e-02
 87   31 3.86035e-02
 87   33 4.27034e-02
 87   35 4.16509e-02
 87   37 4.25939e-02
 87   39 4.54910e-02
 87   41 4.43451e-02
 87   43 4.85474e-02
 87   45 4.85399e-02
 87   47 5.19117e-02
 87   49 5.33441e-02
 87   51 5.86339e-02
 87   53 5.86986e-02
 87   55 6.26279e-02
 87   57 6.41777e-02
 87   59 6.98647e-02
 87   61 7.28454e-02
 87   63 8.03953e-02
 87   65 8.53477e-02
 87   67 9.33534e-02
 87   69 1.00754e-01
 87   71 1.09798e-01
 87   73 1.19429e-01
 87   75 1.34392e-01
 87   77 1.58906e-01
 87   79 1.92756e-01
 87   81 2.59825e-01
 87   83 4.30336e-01
 87   85 1.07964e+00
 87   87 2.14979e+01
 87   89 1.03828e+00
 88    0 1.96765e-03
 88    2 9.63340e-03
 88    4 1.69632e-02
 88    6 2.50870e-02
 88    8 3.32307e-02
 88   10 2.93326e-02
 88   12 2.89840e-02
 88   14 2.95925e-02
 88   16 2.92417e-02
 88   18 3.22731e-02
 88   20 3.21735e-02
 88   22 3.46852e-02
 88   24 3.33480e-02
 88   26 3.60357e-02
 88   28 3.42284e-02
 88   30 3.70570e-02
 88   32 3.99596e-02
 88   34 4.05308e-02
 88   36 3.98795e-02
 88   38 4.46059e-02
 88   40 4.11634e-02
 88   42 4.52117e-02
 88   44 4.49026e-02
 88   46 4.83108e-02
 88   48 5.09036e-02
 88   50 5.41945e-02
 88   52 5.41747e-02
 88   54 6.08198e-02
 88   56 6.08295e-02
 88   58 6.39554e-02
 88   60 6.55534e-02
 88   62 7.01889e-02
 88   64 7.67818e-02
 88   66 8.40321e-02
 88   68 9.10352e-02
 88   70 9.96708e-02
 88   72 1.10376e-01
 88   74 1.20770e-01
 88   76 1.32420e-01
 88   78 1.57063e-01
 88   80 1.88913e-01
 88   82 2.55421e-01
 88   84 4.21880e-01
 88   86 1.05291e+00
 88   88 2.13993e+01
 88   90 9.98581e-01
 89    1 1.04002e-02
 89    3 2.22133e-02
 89    5 3.58115e-02
 89    7 4.73804e-02
 89    9 5.56456e-02
 89   11 4.54365e-02
 89   13 4.79617e-02
 89   15 4.94974e-02
 89   17 5.02653e-02
 89   19 4.87658e-02
 89   21 4.82182e-02
 89   23 4.95179e-02
 89   25 5.00546e-02
 89   27 4.73515e-02
 89   29 4.38924e-02
 89   31 4.98733e-02
 89   33 4.62158e-02
 89   35 4.87315e-02
 89   37 4.84318e-02
 89   39 4.37667e-02
 89   41 5.03613e-02
 89   43 4.81512e-02
 89   45 5.22804e-02
 89   47 5.15060e-02
 89   49 5.36736e-02
 89   51 5.24067e-02
 89   53 5.83963e-02
 89   55 5.54962e-02
 89   57 5.51577e-02
 89   59 5.58543e-02
 89   61 6.26128e-02
 89   63 6.26506e-02
 89   65 6.82763e-02
 89   67 7.04012e-02
 89   69 7.37009e-02
 89   71 7.78236e-02
 89   73 8.05701e-02
 89   75 8.27178e-02
 89   77 9.27750e-02
 89   79 1.14867e-01
 89   81 1.43956e-01
 89   83 1.89669e-01
 89   85 3.16001e-01
 89   87 1.03236e+00
 89   89 2.20580e+01
 90    0 3.35508e-03
 90    2 1.60230e-02
 90    4 2.89700e-02
 90    6 4.12768e-02
 90    8 5.42956e-02
 90   10 4.84834e-02
 90   12 4.28309e-02
 90   14 4.64175e-02
 90   16 4.83589e-02
 90   18 5.04166e-02
 90   20 4.76089e-02
 90   22 4.69750e-02
 90   24 4.87856e-02
 90   26 4.59322e-02
 90   28 4.75777e-02
 90   30 4.47342e-02
 90   32 4.61356e-02
 90   34 4.72204e-02
 90   36 5.17796e-02
 90   38 4.16358e-02
 90   40 4.64461e-02
 90   42 4.42595e-02
 90   44 4.95281e-02
 90   46 4.71745e-02
 90   48 5.03005e-02
 90   50 4.98546e-02
 90   52 5.35614e-02
 90   54 5.59134e-02
 90   56 5.43132e-02
 90   58 5.55062e-02
 90   60 5.59074e-02
 90   62 5.97349e-02
 90   64 6.20133e-02
 90   66 6.54902e-02
 90   68 7.11897e-02
 90   70 7.30770e-02
 90   72 7.72108e-02
 90   74 8.09722e-02
 90   76 8.27362e-02
 90   78 9.21223e-02
 90   80 1.13533e-01
 90   82 1.39698e-01
 90   84 1.83319e-01
 90   86 3.04568e-01
 90   88 9.93471e-01
