# C+CO2(ji) -> C+CO2(jf) molscat cross sections, CS8_JMAX90 approx. (written on 08/06/2020); 
# E=37240.000000 (1/cm) = 4.61717151093 eV
# ji  jf sigma(ji,jf) (1e-16 cm^2)
  0    0 1.45463e+02
  0    2 1.71315e+01
  0    4 5.09302e+00
  0    6 2.23755e+00
  0    8 1.55057e+00
  0   10 1.82915e+00
  0   12 1.24262e+00
  0   14 1.01678e+00
  0   16 1.09172e+00
  0   18 9.47770e-01
  0   20 7.56812e-01
  0   22 7.94531e-01
  0   24 7.73659e-01
  0   26 7.00477e-01
  0   28 7.15090e-01
  0   30 5.63623e-01
  0   32 7.68982e-01
  0   34 6.44418e-01
  0   36 6.89097e-01
  0   38 5.00666e-01
  0   40 6.60499e-01
  0   42 5.64896e-01
  0   44 5.20787e-01
  0   46 6.89391e-01
  0   48 7.44248e-01
  0   50 7.28998e-01
  0   52 6.38141e-01
  0   54 5.21743e-01
  0   56 5.75827e-01
  0   58 4.59094e-01
  0   60 4.58592e-01
  0   62 4.32395e-01
  0   64 3.51170e-01
  0   66 4.94836e-01
  0   68 5.00931e-01
  0   70 5.15486e-01
  0   72 5.72896e-01
  0   74 4.57776e-01
  0   76 3.59491e-01
  0   78 3.59451e-01
  0   80 2.99093e-01
  0   82 3.69411e-01
  0   84 3.29301e-01
  0   86 3.47110e-01
  0   88 2.92072e-01
  0   90 3.02305e-01
  1    1 1.52402e+02
  1    3 1.25118e+01
  1    5 3.88852e+00
  1    7 1.90833e+00
  1    9 1.67235e+00
  1   11 1.60214e+00
  1   13 1.14316e+00
  1   15 1.12928e+00
  1   17 1.08723e+00
  1   19 8.39226e-01
  1   21 7.65041e-01
  1   23 7.94431e-01
  1   25 7.80802e-01
  1   27 7.28411e-01
  1   29 7.02489e-01
  1   31 6.68114e-01
  1   33 6.39279e-01
  1   35 6.11223e-01
  1   37 5.82856e-01
  1   39 5.88204e-01
  1   41 5.93966e-01
  1   43 5.78982e-01
  1   45 6.29360e-01
  1   47 7.24697e-01
  1   49 7.27359e-01
  1   51 6.39961e-01
  1   53 5.38514e-01
  1   55 5.23694e-01
  1   57 5.39638e-01
  1   59 4.88567e-01
  1   61 4.55073e-01
  1   63 4.06468e-01
  1   65 4.51184e-01
  1   67 4.90049e-01
  1   69 5.11851e-01
  1   71 4.69116e-01
  1   73 5.94431e-01
  1   75 4.78887e-01
  1   77 3.75546e-01
  1   79 2.87552e-01
  1   81 2.75853e-01
  1   83 3.64309e-01
  1   85 3.00411e-01
  1   87 3.07574e-01
  1   89 2.98820e-01
  2    0 3.42652e+00
  2    2 1.51751e+02
  2    4 1.08699e+01
  2    6 3.33762e+00
  2    8 1.96754e+00
  2   10 1.58479e+00
  2   12 1.41187e+00
  2   14 1.21138e+00
  2   16 1.03910e+00
  2   18 1.02267e+00
  2   20 8.15331e-01
  2   22 8.30112e-01
  2   24 7.18518e-01
  2   26 7.79840e-01
  2   28 6.43320e-01
  2   30 7.31264e-01
  2   32 7.05858e-01
  2   34 6.29525e-01
  2   36 6.44979e-01
  2   38 5.77069e-01
  2   40 6.38124e-01
  2   42 5.63913e-01
  2   44 6.04977e-01
  2   46 6.28031e-01
  2   48 6.80791e-01
  2   50 7.04207e-01
  2   52 6.54663e-01
  2   54 6.33782e-01
  2   56 5.04208e-01
  2   58 4.78427e-01
  2   60 4.56982e-01
  2   62 4.30816e-01
  2   64 3.90474e-01
  2   66 4.03869e-01
  2   68 4.46216e-01
  2   70 4.85835e-01
  2   72 5.24367e-01
  2   74 4.80105e-01
  2   76 3.81598e-01
  2   78 3.90477e-01
  2   80 3.01409e-01
  2   82 2.78964e-01
  2   84 3.13370e-01
  2   86 3.48577e-01
  2   88 3.64266e-01
  2   90 2.57051e-01
  3    1 5.36275e+00
  3    3 1.51440e+02
  3    5 1.00585e+01
  3    7 3.29556e+00
  3    9 1.84983e+00
  3   11 1.41460e+00
  3   13 1.41987e+00
  3   15 1.16352e+00
  3   17 9.87854e-01
  3   19 9.38424e-01
  3   21 8.42697e-01
  3   23 7.86140e-01
  3   25 7.01309e-01
  3   27 7.66293e-01
  3   29 7.05656e-01
  3   31 6.83542e-01
  3   33 6.69796e-01
  3   35 6.01904e-01
  3   37 6.35254e-01
  3   39 5.86099e-01
  3   41 6.09337e-01
  3   43 6.28498e-01
  3   45 6.75511e-01
  3   47 6.99808e-01
  3   49 6.56903e-01
  3   51 6.91545e-01
  3   53 6.06041e-01
  3   55 5.25905e-01
  3   57 5.18421e-01
  3   59 5.17636e-01
  3   61 4.32959e-01
  3   63 4.35958e-01
  3   65 4.35397e-01
  3   67 4.55010e-01
  3   69 5.11425e-01
  3   71 5.16147e-01
  3   73 5.13822e-01
  3   75 3.96543e-01
  3   77 4.35221e-01
  3   79 3.08737e-01
  3   81 2.75427e-01
  3   83 3.39778e-01
  3   85 3.30599e-01
  3   87 3.44647e-01
  3   89 2.68540e-01
  4    0 5.66009e-01
  4    2 6.03975e+00
  4    4 1.51239e+02
  4    6 9.73436e+00
  4    8 3.11294e+00
  4   10 1.73980e+00
  4   12 1.44876e+00
  4   14 1.34398e+00
  4   16 1.12434e+00
  4   18 9.60519e-01
  4   20 9.10050e-01
  4   22 8.67695e-01
  4   24 7.27796e-01
  4   26 7.35928e-01
  4   28 7.23558e-01
  4   30 6.88392e-01
  4   32 6.79818e-01
  4   34 6.08594e-01
  4   36 6.96283e-01
  4   38 5.85124e-01
  4   40 6.00413e-01
  4   42 5.66951e-01
  4   44 6.43068e-01
  4   46 6.15742e-01
  4   48 6.68130e-01
  4   50 6.56193e-01
  4   52 6.80895e-01
  4   54 5.82739e-01
  4   56 5.36238e-01
  4   58 5.17199e-01
  4   60 4.62767e-01
  4   62 4.45169e-01
  4   64 3.96416e-01
  4   66 4.41072e-01
  4   68 4.69487e-01
  4   70 5.20579e-01
  4   72 5.16377e-01
  4   74 4.73831e-01
  4   76 3.86349e-01
  4   78 3.99613e-01
  4   80 3.28715e-01
  4   82 2.68829e-01
  4   84 3.11606e-01
  4   86 3.46461e-01
  4   88 3.41213e-01
  4   90 2.72065e-01
  5    1 1.06082e+00
  5    3 6.40209e+00
  5    5 1.51301e+02
  5    7 9.43426e+00
  5    9 3.01725e+00
  5   11 1.74037e+00
  5   13 1.38273e+00
  5   15 1.31703e+00
  5   17 1.06290e+00
  5   19 9.53598e-01
  5   21 9.14172e-01
  5   23 8.23681e-01
  5   25 7.77027e-01
  5   27 7.52979e-01
  5   29 7.33180e-01
  5   31 6.86772e-01
  5   33 6.46508e-01
  5   35 6.31024e-01
  5   37 6.19810e-01
  5   39 6.15752e-01
  5   41 5.88364e-01
  5   43 6.12135e-01
  5   45 6.80819e-01
  5   47 6.72092e-01
  5   49 6.49356e-01
  5   51 6.14868e-01
  5   53 6.12057e-01
  5   55 5.26653e-01
  5   57 5.40018e-01
  5   59 4.98979e-01
  5   61 4.34462e-01
  5   63 4.34913e-01
  5   65 4.62671e-01
  5   67 5.16798e-01
  5   69 5.13674e-01
  5   71 4.76493e-01
  5   73 4.93461e-01
  5   75 3.83144e-01
  5   77 4.24871e-01
  5   79 3.22306e-01
  5   81 2.93654e-01
  5   83 3.61450e-01
  5   85 3.41486e-01
  5   87 3.31024e-01
  5   89 3.29477e-01
  6    0 1.72195e-01
  6    2 1.28418e+00
  6    4 6.74072e+00
  6    6 1.51261e+02
  6    8 9.25693e+00
  6   10 2.95721e+00
  6   12 1.68890e+00
  6   14 1.34900e+00
  6   16 1.25696e+00
  6   18 1.03146e+00
  6   20 9.10570e-01
  6   22 9.21591e-01
  6   24 8.15629e-01
  6   26 7.88384e-01
  6   28 7.23844e-01
  6   30 7.27464e-01
  6   32 6.36506e-01
  6   34 7.10174e-01
  6   36 6.24505e-01
  6   38 6.50672e-01
  6   40 6.04800e-01
  6   42 5.86805e-01
  6   44 6.27947e-01
  6   46 6.58765e-01
  6   48 6.73455e-01
  6   50 6.05570e-01
  6   52 6.36553e-01
  6   54 6.02238e-01
  6   56 5.44536e-01
  6   58 4.96493e-01
  6   60 4.74087e-01
  6   62 4.32854e-01
  6   64 4.08009e-01
  6   66 4.53172e-01
  6   68 5.00888e-01
  6   70 4.95309e-01
  6   72 4.69278e-01
  6   74 4.73083e-01
  6   76 3.79371e-01
  6   78 4.13797e-01
  6   80 3.20577e-01
  6   82 2.80238e-01
  6   84 3.47305e-01
  6   86 3.39047e-01
  6   88 3.51050e-01
  6   90 2.89367e-01
  7    1 3.81882e-01
  7    3 1.53864e+00
  7    5 6.92035e+00
  7    7 1.51293e+02
  7    9 9.09636e+00
  7   11 2.91195e+00
  7   13 1.65523e+00
  7   15 1.28743e+00
  7   17 1.22769e+00
  7   19 1.04167e+00
  7   21 8.90125e-01
  7   23 9.10608e-01
  7   25 8.29218e-01
  7   27 7.38677e-01
  7   29 7.63333e-01
  7   31 6.88960e-01
  7   33 6.70508e-01
  7   35 6.46189e-01
  7   37 6.22431e-01
  7   39 6.46780e-01
  7   41 6.23905e-01
  7   43 6.48373e-01
  7   45 6.60255e-01
  7   47 6.84287e-01
  7   49 6.45868e-01
  7   51 5.83083e-01
  7   53 6.39892e-01
  7   55 5.51309e-01
  7   57 5.47033e-01
  7   59 4.92360e-01
  7   61 4.71730e-01
  7   63 4.57308e-01
  7   65 4.55360e-01
  7   67 5.39035e-01
  7   69 4.89170e-01
  7   71 4.68637e-01
  7   73 4.59513e-01
  7   75 3.58213e-01
  7   77 4.32277e-01
  7   79 3.16085e-01
  7   81 3.08368e-01
  7   83 3.63896e-01
  7   85 3.79719e-01
  7   87 3.37284e-01
  7   89 3.17591e-01
  8    0 9.12789e-02
  8    2 5.79088e-01
  8    4 1.64893e+00
  8    6 7.08106e+00
  8    8 1.51344e+02
  8   10 8.99275e+00
  8   12 2.86024e+00
  8   14 1.60248e+00
  8   16 1.27933e+00
  8   18 1.22271e+00
  8   20 9.88079e-01
  8   22 8.85854e-01
  8   24 8.93744e-01
  8   26 8.02142e-01
  8   28 7.54971e-01
  8   30 7.17085e-01
  8   32 7.11338e-01
  8   34 6.78307e-01
  8   36 6.32813e-01
  8   38 6.48645e-01
  8   40 6.57575e-01
  8   42 6.36418e-01
  8   44 6.14723e-01
  8   46 6.18339e-01
  8   48 6.69603e-01
  8   50 6.00303e-01
  8   52 6.08522e-01
  8   54 5.89330e-01
  8   56 5.51357e-01
  8   58 5.23378e-01
  8   60 5.14576e-01
  8   62 4.63173e-01
  8   64 4.18465e-01
  8   66 4.68680e-01
  8   68 4.83326e-01
  8   70 5.03897e-01
  8   72 4.52562e-01
  8   74 4.71799e-01
  8   76 3.70427e-01
  8   78 4.07321e-01
  8   80 3.34488e-01
  8   82 2.83707e-01
  8   84 3.30738e-01
  8   86 3.76539e-01
  8   88 3.40265e-01
  8   90 3.10201e-01
  9    1 2.64299e-01
  9    3 6.82073e-01
  9    5 1.74793e+00
  9    7 7.18390e+00
  9    9 1.31093e+02
  9   11 8.44443e+00
  9   13 2.59262e+00
  9   15 1.43229e+00
  9   17 1.14058e+00
  9   19 1.08467e+00
  9   21 8.83585e-01
  9   23 8.09550e-01
  9   25 7.80907e-01
  9   27 7.09762e-01
  9   29 6.57703e-01
  9   31 6.47551e-01
  9   33 6.33778e-01
  9   35 6.07334e-01
  9   37 5.97696e-01
  9   39 6.08957e-01
  9   41 6.05543e-01
  9   43 5.93713e-01
  9   45 5.62613e-01
  9   47 5.90673e-01
  9   49 5.67576e-01
  9   51 5.48524e-01
  9   53 5.38684e-01
  9   55 5.07849e-01
  9   57 5.10095e-01
  9   59 4.86092e-01
  9   61 4.66904e-01
  9   63 4.34281e-01
  9   65 4.29910e-01
  9   67 4.61798e-01
  9   69 4.64233e-01
  9   71 4.44732e-01
  9   73 3.78244e-01
  9   75 3.15641e-01
  9   77 3.81511e-01
  9   79 3.09412e-01
  9   81 2.76131e-01
  9   83 3.13493e-01
  9   85 3.54073e-01
  9   87 2.96581e-01
  9   89 3.05345e-01
 10    0 8.72028e-02
 10    2 3.77742e-01
 10    4 7.46332e-01
 10    6 1.83196e+00
 10    8 7.28275e+00
 10   10 1.15690e+02
 10   12 8.00072e+00
 10   14 2.38957e+00
 10   16 1.26392e+00
 10   18 1.04279e+00
 10   20 9.56189e-01
 10   22 7.87651e-01
 10   24 7.21158e-01
 10   26 7.01202e-01
 10   28 6.16635e-01
 10   30 5.98801e-01
 10   32 5.48661e-01
 10   34 5.44713e-01
 10   36 5.34627e-01
 10   38 5.38362e-01
 10   40 5.63558e-01
 10   42 5.46408e-01
 10   44 5.25279e-01
 10   46 5.06034e-01
 10   48 4.99778e-01
 10   50 4.99869e-01
 10   52 4.61315e-01
 10   54 4.67378e-01
 10   56 4.50477e-01
 10   58 4.76116e-01
 10   60 4.49920e-01
 10   62 4.20431e-01
 10   64 3.81976e-01
 10   66 3.85276e-01
 10   68 3.90658e-01
 10   70 4.12194e-01
 10   72 3.20831e-01
 10   74 3.76482e-01
 10   76 2.63753e-01
 10   78 3.15379e-01
 10   80 2.62617e-01
 10   82 2.35619e-01
 10   84 2.71803e-01
 10   86 2.68343e-01
 10   88 2.67152e-01
 10   90 2.51387e-01
 11    1 2.09260e-01
 11    3 4.31073e-01
 11    5 8.33241e-01
 11    7 1.90061e+00
 11    9 6.97890e+00
 11   11 1.03775e+02
 11   13 7.48426e+00
 11   15 2.24444e+00
 11   17 1.17234e+00
 11   19 9.62273e-01
 11   21 9.08216e-01
 11   23 7.21015e-01
 11   25 6.33966e-01
 11   27 6.10542e-01
 11   29 5.75925e-01
 11   31 5.17194e-01
 11   33 5.15514e-01
 11   35 5.21884e-01
 11   37 5.43666e-01
 11   39 4.88764e-01
 11   41 4.98687e-01
 11   43 4.86044e-01
 11   45 4.93806e-01
 11   47 4.66106e-01
 11   49 4.62431e-01
 11   51 4.34185e-01
 11   53 4.26934e-01
 11   55 4.05890e-01
 11   57 4.24934e-01
 11   59 3.99415e-01
 11   61 3.86246e-01
 11   63 3.67975e-01
 11   65 3.49791e-01
 11   67 3.79783e-01
 11   69 3.23908e-01
 11   71 3.27558e-01
 11   73 2.79709e-01
 11   75 2.58378e-01
 11   77 2.59446e-01
 11   79 2.19651e-01
 11   81 2.23656e-01
 11   83 2.75375e-01
 11   85 2.85240e-01
 11   87 2.53354e-01
 11   89 2.72554e-01
 12    0 4.97861e-02
 12    2 2.82820e-01
 12    4 5.22297e-01
 12    6 8.79277e-01
 12    8 1.94668e+00
 12   10 6.72385e+00
 12   12 9.42167e+01
 12   14 7.07142e+00
 12   16 2.10790e+00
 12   18 1.06424e+00
 12   20 8.71151e-01
 12   22 8.48214e-01
 12   24 6.56969e-01
 12   26 5.80047e-01
 12   28 5.88270e-01
 12   30 5.28772e-01
 12   32 4.58374e-01
 12   34 4.51539e-01
 12   36 4.77662e-01
 12   38 4.57095e-01
 12   40 4.57014e-01
 12   42 4.28580e-01
 12   44 4.66974e-01
 12   46 4.10693e-01
 12   48 3.95990e-01
 12   50 3.81014e-01
 12   52 3.64616e-01
 12   54 3.60342e-01
 12   56 3.42711e-01
 12   58 3.82937e-01
 12   60 3.71250e-01
 12   62 3.60203e-01
 12   64 3.27039e-01
 12   66 3.09302e-01
 12   68 2.99509e-01
 12   70 2.83336e-01
 12   72 2.71752e-01
 12   74 2.67703e-01
 12   76 2.06975e-01
 12   78 2.53856e-01
 12   80 2.22704e-01
 12   82 2.13034e-01
 12   84 2.35066e-01
 12   86 2.44256e-01
 12   88 2.07469e-01
 12   90 2.41689e-01
 13    1 1.27258e-01
 13    3 3.68771e-01
 13    5 5.64232e-01
 13    7 9.20791e-01
 13    9 1.82620e+00
 13   11 6.37883e+00
 13   13 8.64715e+01
 13   15 6.64718e+00
 13   17 2.00524e+00
 13   19 1.00588e+00
 13   21 7.89430e-01
 13   23 7.71179e-01
 13   25 6.03354e-01
 13   27 5.41368e-01
 13   29 5.14434e-01
 13   31 4.97259e-01
 13   33 4.18067e-01
 13   35 4.38638e-01
 13   37 4.58731e-01
 13   39 4.27629e-01
 13   41 4.01545e-01
 13   43 3.72100e-01
 13   45 3.85440e-01
 13   47 3.52742e-01
 13   49 3.54041e-01
 13   51 3.43052e-01
 13   53 3.18605e-01
 13   55 3.30017e-01
 13   57 3.16717e-01
 13   59 3.65542e-01
 13   61 3.42225e-01
 13   63 3.11809e-01
 13   65 2.89107e-01
 13   67 2.99807e-01
 13   69 2.94757e-01
 13   71 2.90304e-01
 13   73 2.59133e-01
 13   75 2.41621e-01
 13   77 2.31229e-01
 13   79 2.00868e-01
 13   81 1.98343e-01
 13   83 2.29611e-01
 13   85 2.77586e-01
 13   87 2.12858e-01
 13   89 2.56815e-01
 14    0 3.51388e-02
 14    2 2.09306e-01
 14    4 4.17928e-01
 14    6 6.05789e-01
 14    8 9.40745e-01
 14   10 1.73220e+00
 14   12 6.09951e+00
 14   14 7.98522e+01
 14   16 6.27263e+00
 14   18 1.88965e+00
 14   20 9.33141e-01
 14   22 7.36004e-01
 14   24 6.98069e-01
 14   26 5.81832e-01
 14   28 4.94776e-01
 14   30 4.83081e-01
 14   32 4.34250e-01
 14   34 3.83053e-01
 14   36 4.26386e-01
 14   38 4.04300e-01
 14   40 3.82614e-01
 14   42 3.59982e-01
 14   44 3.29302e-01
 14   46 3.45196e-01
 14   48 3.12952e-01
 14   50 3.02883e-01
 14   52 2.74667e-01
 14   54 2.96779e-01
 14   56 2.81864e-01
 14   58 3.33171e-01
 14   60 3.39880e-01
 14   62 3.37779e-01
 14   64 2.91763e-01
 14   66 2.63364e-01
 14   68 2.82861e-01
 14   70 2.43078e-01
 14   72 2.45828e-01
 14   74 2.35357e-01
 14   76 2.16669e-01
 14   78 2.18843e-01
 14   80 1.86082e-01
 14   82 1.95741e-01
 14   84 1.98815e-01
 14   86 2.47176e-01
 14   88 2.10704e-01
 14   90 2.20487e-01
 15    1 1.09558e-01
 15    3 2.63360e-01
 15    5 4.68365e-01
 15    7 6.24156e-01
 15    9 8.79240e-01
 15   11 1.66711e+00
 15   13 5.79301e+00
 15   15 7.43647e+01
 15   17 5.90519e+00
 15   19 1.81099e+00
 15   21 8.97614e-01
 15   23 6.79599e-01
 15   25 6.61566e-01
 15   27 5.36232e-01
 15   29 4.58941e-01
 15   31 4.38238e-01
 15   33 4.35546e-01
 15   35 3.84721e-01
 15   37 3.86266e-01
 15   39 3.68909e-01
 15   41 3.59089e-01
 15   43 3.07256e-01
 15   45 2.85028e-01
 15   47 2.89438e-01
 15   49 2.64205e-01
 15   51 2.50219e-01
 15   53 2.74117e-01
 15   55 2.89073e-01
 15   57 3.03377e-01
 15   59 3.06356e-01
 15   61 3.09049e-01
 15   63 2.79745e-01
 15   65 2.60939e-01
 15   67 2.49163e-01
 15   69 2.52893e-01
 15   71 2.44825e-01
 15   73 2.38201e-01
 15   75 2.20455e-01
 15   77 2.23644e-01
 15   79 1.72914e-01
 15   81 1.82129e-01
 15   83 1.95008e-01
 15   85 2.33035e-01
 15   87 1.96985e-01
 15   89 2.57828e-01
 16    0 3.31771e-02
 16    2 1.57879e-01
 16    4 3.07451e-01
 16    6 4.96361e-01
 16    8 6.60435e-01
 16   10 8.05685e-01
 16   12 1.59884e+00
 16   14 5.51591e+00
 16   16 6.94944e+01
 16   18 5.60120e+00
 16   20 1.74666e+00
 16   22 8.30856e-01
 16   24 6.36390e-01
 16   26 6.58145e-01
 16   28 4.75852e-01
 16   30 4.30192e-01
 16   32 4.49632e-01
 16   34 3.79053e-01
 16   36 3.75867e-01
 16   38 3.38815e-01
 16   40 3.56165e-01
 16   42 3.09765e-01
 16   44 2.98244e-01
 16   46 2.79858e-01
 16   48 2.50391e-01
 16   50 2.44476e-01
 16   52 2.30668e-01
 16   54 2.39546e-01
 16   56 2.72802e-01
 16   58 2.77393e-01
 16   60 2.80523e-01
 16   62 2.73463e-01
 16   64 2.64555e-01
 16   66 2.24360e-01
 16   68 2.21933e-01
 16   70 2.22181e-01
 16   72 2.18172e-01
 16   74 1.97912e-01
 16   76 1.91994e-01
 16   78 1.93098e-01
 16   80 1.74904e-01
 16   82 1.81788e-01
 16   84 1.70247e-01
 16   86 2.26598e-01
 16   88 1.73682e-01
 16   90 2.41105e-01
 17    1 9.34892e-02
 17    3 1.98181e-01
 17    5 3.35023e-01
 17    7 5.27538e-01
 17    9 6.20577e-01
 17   11 7.71803e-01
 17   13 1.54891e+00
 17   15 5.23394e+00
 17   17 6.52732e+01
 17   19 5.28806e+00
 17   21 1.68604e+00
 17   23 8.15315e-01
 17   25 5.94660e-01
 17   27 6.05141e-01
 17   29 4.56919e-01
 17   31 4.17148e-01
 17   33 4.16452e-01
 17   35 3.80364e-01
 17   37 3.41824e-01
 17   39 3.11321e-01
 17   41 3.12117e-01
 17   43 2.95146e-01
 17   45 2.61373e-01
 17   47 2.39205e-01
 17   49 2.31186e-01
 17   51 2.21672e-01
 17   53 2.20540e-01
 17   55 2.56001e-01
 17   57 2.76982e-01
 17   59 2.70258e-01
 17   61 2.39950e-01
 17   63 2.52200e-01
 17   65 2.34486e-01
 17   67 2.32108e-01
 17   69 2.26429e-01
 17   71 1.91050e-01
 17   73 2.21113e-01
 17   75 1.82090e-01
 17   77 2.18036e-01
 17   79 1.56650e-01
 17   81 1.59200e-01
 17   83 1.80880e-01
 17   85 2.12546e-01
 17   87 1.60696e-01
 17   89 2.57817e-01
 18    0 2.57075e-02
 18    2 1.38686e-01
 18    4 2.34431e-01
 18    6 3.63548e-01
 18    8 5.63382e-01
 18   10 5.93295e-01
 18   12 7.20488e-01
 18   14 1.48314e+00
 18   16 4.99934e+00
 18   18 6.15725e+01
 18   20 5.01792e+00
 18   22 1.62367e+00
 18   24 7.57678e-01
 18   26 5.77991e-01
 18   28 5.81012e-01
 18   30 4.42945e-01
 18   32 3.99316e-01
 18   34 3.88073e-01
 18   36 3.49680e-01
 18   38 3.03367e-01
 18   40 2.88112e-01
 18   42 2.97937e-01
 18   44 2.50249e-01
 18   46 2.59332e-01
 18   48 2.26134e-01
 18   50 2.32262e-01
 18   52 1.93168e-01
 18   54 2.04993e-01
 18   56 2.39876e-01
 18   58 2.59041e-01
 18   60 2.32911e-01
 18   62 2.03794e-01
 18   64 2.29770e-01
 18   66 2.24568e-01
 18   68 2.15739e-01
 18   70 1.94952e-01
 18   72 1.93827e-01
 18   74 1.89186e-01
 18   76 1.64267e-01
 18   78 1.97245e-01
 18   80 1.39766e-01
 18   82 1.52861e-01
 18   84 1.79710e-01
 18   86 2.02578e-01
 18   88 1.69327e-01
 18   90 2.34198e-01
 19    1 6.48125e-02
 19    3 1.69087e-01
 19    5 2.69954e-01
 19    7 4.02008e-01
 19    9 5.30040e-01
 19   11 5.68975e-01
 19   13 6.97826e-01
 19   15 1.44162e+00
 19   17 4.74939e+00
 19   19 5.83160e+01
 19   21 4.76314e+00
 19   23 1.54893e+00
 19   25 7.38832e-01
 19   27 5.57274e-01
 19   29 5.64270e-01
 19   31 4.46445e-01
 19   33 3.82611e-01
 19   35 3.50571e-01
 19   37 3.28670e-01
 19   39 2.93688e-01
 19   41 2.65345e-01
 19   43 2.72887e-01
 19   45 2.32295e-01
 19   47 2.19552e-01
 19   49 1.91557e-01
 19   51 1.94753e-01
 19   53 2.10957e-01
 19   55 2.18285e-01
 19   57 2.46468e-01
 19   59 2.31389e-01
 19   61 2.34562e-01
 19   63 2.01113e-01
 19   65 1.91511e-01
 19   67 2.14265e-01
 19   69 1.90074e-01
 19   71 1.77743e-01
 19   73 1.99034e-01
 19   75 1.63229e-01
 19   77 1.90268e-01
 19   79 1.50602e-01
 19   81 1.74115e-01
 19   83 1.50837e-01
 19   85 2.13278e-01
 19   87 1.56840e-01
 19   89 2.25886e-01
 20    0 1.85404e-02
 20    2 9.98639e-02
 20    4 2.00608e-01
 20    6 2.89866e-01
 20    8 4.11192e-01
 20   10 4.91353e-01
 20   12 5.32666e-01
 20   14 6.61485e-01
 20   16 1.40803e+00
 20   18 4.53209e+00
 20   20 5.53655e+01
 20   22 4.54661e+00
 20   24 1.49508e+00
 20   26 6.98203e-01
 20   28 5.33800e-01
 20   30 5.69201e-01
 20   32 4.10520e-01
 20   34 3.52753e-01
 20   36 3.49946e-01
 20   38 3.08639e-01
 20   40 2.78413e-01
 20   42 2.48254e-01
 20   44 2.36040e-01
 20   46 2.01393e-01
 20   48 1.99704e-01
 20   50 1.89822e-01
 20   52 1.82211e-01
 20   54 2.03410e-01
 20   56 1.97027e-01
 20   58 2.08358e-01
 20   60 2.57147e-01
 20   62 1.95001e-01
 20   64 1.78380e-01
 20   66 1.70000e-01
 20   68 1.90911e-01
 20   70 1.73189e-01
 20   72 1.75539e-01
 20   74 1.79627e-01
 20   76 1.52397e-01
 20   78 1.78873e-01
 20   80 1.56232e-01
 20   82 1.55513e-01
 20   84 1.47245e-01
 20   86 2.10465e-01
 20   88 1.47278e-01
 20   90 2.19120e-01
 21    1 5.36334e-02
 21    3 1.37833e-01
 21    5 2.34922e-01
 21    7 3.11836e-01
 21    9 3.91950e-01
 21   11 4.87478e-01
 21   13 4.97150e-01
 21   15 6.48630e-01
 21   17 1.37461e+00
 21   19 4.32378e+00
 21   21 5.27283e+01
 21   23 4.31680e+00
 21   25 1.44645e+00
 21   27 6.67936e-01
 21   29 5.46242e-01
 21   31 5.33968e-01
 21   33 3.91712e-01
 21   35 3.30337e-01
 21   37 3.14816e-01
 21   39 3.06340e-01
 21   41 2.47141e-01
 21   43 2.36737e-01
 21   45 2.06342e-01
 21   47 1.95141e-01
 21   49 1.81621e-01
 21   51 1.91075e-01
 21   53 1.88882e-01
 21   55 2.07006e-01
 21   57 2.04109e-01
 21   59 2.32482e-01
 21   61 2.09834e-01
 21   63 1.92439e-01
 21   65 1.41018e-01
 21   67 1.73176e-01
 21   69 1.81218e-01
 21   71 1.53616e-01
 21   73 1.71949e-01
 21   75 1.72931e-01
 21   77 1.68576e-01
 21   79 1.55119e-01
 21   81 1.81692e-01
 21   83 1.26386e-01
 21   85 1.88577e-01
 21   87 1.36870e-01
 21   89 2.31437e-01
 22    0 1.77504e-02
 22    2 9.27205e-02
 22    4 1.74427e-01
 22    6 2.67539e-01
 22    8 3.36186e-01
 22   10 3.69104e-01
 22   12 4.72967e-01
 22   14 4.75793e-01
 22   16 6.10796e-01
 22   18 1.33733e+00
 22   20 4.14622e+00
 22   22 5.02845e+01
 22   24 4.15250e+00
 22   26 1.38659e+00
 22   28 6.40016e-01
 22   30 4.87084e-01
 22   32 5.13933e-01
 22   34 3.72428e-01
 22   36 2.94438e-01
 22   38 3.21976e-01
 22   40 2.65514e-01
 22   42 2.27213e-01
 22   44 2.16100e-01
 22   46 2.09850e-01
 22   48 1.79479e-01
 22   50 1.73606e-01
 22   52 1.62314e-01
 22   54 1.87719e-01
 22   56 1.76303e-01
 22   58 1.88222e-01
 22   60 1.79940e-01
 22   62 1.96976e-01
 22   64 1.79487e-01
 22   66 1.53407e-01
 22   68 1.64758e-01
 22   70 1.74378e-01
 22   72 1.73916e-01
 22   74 1.77888e-01
 22   76 1.45017e-01
 22   78 1.71649e-01
 22   80 1.41925e-01
 22   82 1.72202e-01
 22   84 1.21970e-01
 22   86 1.74312e-01
 22   88 1.40762e-01
 22   90 2.01436e-01
 23    1 5.10023e-02
 23    3 1.17751e-01
 23    5 1.93837e-01
 23    7 2.92139e-01
 23    9 3.28858e-01
 23   11 3.54399e-01
 23   13 4.44745e-01
 23   15 4.49720e-01
 23   17 6.08723e-01
 23   19 1.28761e+00
 23   21 3.95316e+00
 23   23 4.81783e+01
 23   25 3.97349e+00
 23   27 1.34101e+00
 23   29 6.05304e-01
 23   31 4.62878e-01
 23   33 4.95232e-01
 23   35 3.58224e-01
 23   37 2.91552e-01
 23   39 2.88573e-01
 23   41 2.45938e-01
 23   43 2.13855e-01
 23   45 2.08689e-01
 23   47 1.82061e-01
 23   49 1.88590e-01
 23   51 1.64844e-01
 23   53 1.63965e-01
 23   55 1.71142e-01
 23   57 1.88499e-01
 23   59 1.73724e-01
 23   61 1.61570e-01
 23   63 1.79517e-01
 23   65 1.63876e-01
 23   67 1.49292e-01
 23   69 1.47269e-01
 23   71 1.70528e-01
 23   73 1.75812e-01
 23   75 1.56593e-01
 23   77 1.74527e-01
 23   79 1.35719e-01
 23   81 1.75932e-01
 23   83 1.53721e-01
 23   85 1.88117e-01
 23   87 1.24458e-01
 23   89 1.96868e-01
 24    0 1.58888e-02
 24    2 7.37774e-02
 24    4 1.34494e-01
 24    6 2.17665e-01
 24    8 3.11801e-01
 24   10 3.10665e-01
 24   12 3.36757e-01
 24   14 4.14842e-01
 24   16 4.30072e-01
 24   18 5.73681e-01
 24   20 1.25336e+00
 24   22 3.81730e+00
 24   24 4.61405e+01
 24   26 3.81334e+00
 24   28 1.29342e+00
 24   30 5.74085e-01
 24   32 4.40886e-01
 24   34 4.74676e-01
 24   36 3.24970e-01
 24   38 2.71357e-01
 24   40 2.69637e-01
 24   42 2.29421e-01
 24   44 2.14488e-01
 24   46 1.84852e-01
 24   48 1.83999e-01
 24   50 1.66475e-01
 24   52 1.75400e-01
 24   54 1.54033e-01
 24   56 1.80364e-01
 24   58 1.71526e-01
 24   60 1.62162e-01
 24   62 1.62232e-01
 24   64 1.64436e-01
 24   66 1.50224e-01
 24   68 1.36643e-01
 24   70 1.42719e-01
 24   72 1.45194e-01
 24   74 1.72139e-01
 24   76 1.52068e-01
 24   78 1.71524e-01
 24   80 1.25605e-01
 24   82 1.53205e-01
 24   84 1.30552e-01
 24   86 1.86196e-01
 24   88 1.19785e-01
 24   90 1.96052e-01
 25    1 4.62435e-02
 25    3 9.69061e-02
 25    5 1.68690e-01
 25    7 2.45416e-01
 25    9 2.92645e-01
 25   11 2.87469e-01
 25   13 3.21000e-01
 25   15 4.03868e-01
 25   17 4.09581e-01
 25   19 5.66599e-01
 25   21 1.22198e+00
 25   23 3.66563e+00
 25   25 4.43698e+01
 25   27 3.65397e+00
 25   29 1.24654e+00
 25   31 5.44806e-01
 25   33 4.30341e-01
 25   35 4.54302e-01
 25   37 3.14961e-01
 25   39 2.58760e-01
 25   41 2.40066e-01
 25   43 2.28173e-01
 25   45 1.92776e-01
 25   47 1.81108e-01
 25   49 1.89557e-01
 25   51 1.65905e-01
 25   53 1.63323e-01
 25   55 1.55550e-01
 25   57 1.80487e-01
 25   59 1.76710e-01
 25   61 1.49874e-01
 25   63 1.45989e-01
 25   65 1.43018e-01
 25   67 1.26429e-01
 25   69 1.42096e-01
 25   71 1.25727e-01
 25   73 1.76514e-01
 25   75 1.41979e-01
 25   77 1.80251e-01
 25   79 1.13420e-01
 25   81 1.80162e-01
 25   83 1.31442e-01
 25   85 1.96392e-01
 25   87 1.33002e-01
 25   89 1.64988e-01
 26    0 1.33145e-02
 26    2 7.41104e-02
 26    4 1.25868e-01
 26    6 1.94724e-01
 26    8 2.59002e-01
 26   10 2.79571e-01
 26   12 2.75184e-01
 26   14 3.20014e-01
 26   16 4.11649e-01
 26   18 4.05037e-01
 26   20 5.41727e-01
 26   22 1.17973e+00
 26   24 3.52933e+00
 26   26 4.26091e+01
 26   28 3.51979e+00
 26   30 1.19877e+00
 26   32 5.04024e-01
 26   34 3.99796e-01
 26   36 4.37622e-01
 26   38 3.00878e-01
 26   40 2.37625e-01
 26   42 2.48884e-01
 26   44 2.06765e-01
 26   46 1.71819e-01
 26   48 1.75079e-01
 26   50 1.82889e-01
 26   52 1.47255e-01
 26   54 1.47289e-01
 26   56 1.42936e-01
 26   58 1.70677e-01
 26   60 1.69357e-01
 26   62 1.54430e-01
 26   64 1.22837e-01
 26   66 1.51495e-01
 26   68 1.07846e-01
 26   70 1.34082e-01
 26   72 1.15808e-01
 26   74 1.72065e-01
 26   76 1.28563e-01
 26   78 1.68333e-01
 26   80 1.22546e-01
 26   82 1.76719e-01
 26   84 1.22528e-01
 26   86 1.74582e-01
 26   88 1.30746e-01
 26   90 1.58563e-01
 27    1 4.00479e-02
 27    3 9.82946e-02
 27    5 1.51751e-01
 27    7 2.02947e-01
 27    9 2.46915e-01
 27   11 2.57000e-01
 27   13 2.67374e-01
 27   15 3.03887e-01
 27   17 3.86920e-01
 27   19 3.96727e-01
 27   21 5.23826e-01
 27   23 1.14842e+00
 27   25 3.39202e+00
 27   27 4.10819e+01
 27   29 3.39160e+00
 27   31 1.15364e+00
 27   33 4.81932e-01
 27   35 3.87824e-01
 27   37 4.09356e-01
 27   39 2.93784e-01
 27   41 2.33404e-01
 27   43 2.31073e-01
 27   45 2.03285e-01
 27   47 1.71691e-01
 27   49 1.67427e-01
 27   51 1.59349e-01
 27   53 1.49256e-01
 27   55 1.46460e-01
 27   57 1.49019e-01
 27   59 1.59833e-01
 27   61 1.61084e-01
 27   63 1.20436e-01
 27   65 1.42287e-01
 27   67 1.08639e-01
 27   69 1.58937e-01
 27   71 1.08702e-01
 27   73 1.78879e-01
 27   75 1.25996e-01
 27   77 1.75848e-01
 27   79 1.36407e-01
 27   81 1.80400e-01
 27   83 1.30975e-01
 27   85 1.56011e-01
 27   87 1.30191e-01
 27   89 1.47691e-01
 28    0 1.26531e-02
 28    2 5.69123e-02
 28    4 1.15202e-01
 28    6 1.66431e-01
 28    8 2.26928e-01
 28   10 2.28867e-01
 28   12 2.59802e-01
 28   14 2.53330e-01
 28   16 2.77065e-01
 28   18 3.79021e-01
 28   20 3.85552e-01
 28   22 5.06910e-01
 28   24 1.11438e+00
 28   26 3.27659e+00
 28   28 3.96156e+01
 28   30 3.25468e+00
 28   32 1.10109e+00
 28   34 4.62318e-01
 28   36 3.54628e-01
 28   38 3.96772e-01
 28   40 2.75967e-01
 28   42 2.28541e-01
 28   44 2.25661e-01
 28   46 2.02040e-01
 28   48 1.67434e-01
 28   50 1.64929e-01
 28   52 1.65535e-01
 28   54 1.35764e-01
 28   56 1.50300e-01
 28   58 1.35843e-01
 28   60 1.37769e-01
 28   62 1.43629e-01
 28   64 1.35068e-01
 28   66 1.17732e-01
 28   68 1.13976e-01
 28   70 1.42575e-01
 28   72 9.86281e-02
 28   74 1.75984e-01
 28   76 1.20035e-01
 28   78 1.82735e-01
 28   80 1.30386e-01
 28   82 1.73664e-01
 28   84 1.28559e-01
 28   86 1.59420e-01
 28   88 1.15042e-01
 28   90 1.33388e-01
 29    1 3.60476e-02
 29    3 8.44815e-02
 29    5 1.37909e-01
 29    7 1.95738e-01
 29    9 2.13550e-01
 29   11 2.26265e-01
 29   13 2.37132e-01
 29   15 2.42745e-01
 29   17 2.72670e-01
 29   19 3.74925e-01
 29   21 3.99826e-01
 29   23 4.83813e-01
 29   25 1.08003e+00
 29   27 3.16547e+00
 29   29 3.83092e+01
 29   31 3.14329e+00
 29   33 1.06567e+00
 29   35 4.32480e-01
 29   37 3.48319e-01
 29   39 3.62401e-01
 29   41 2.75774e-01
 29   43 2.29852e-01
 29   45 2.26582e-01
 29   47 1.90958e-01
 29   49 1.65838e-01
 29   51 1.57156e-01
 29   53 1.48672e-01
 29   55 1.55837e-01
 29   57 1.30090e-01
 29   59 1.23291e-01
 29   61 1.25579e-01
 29   63 1.39229e-01
 29   65 1.22372e-01
 29   67 1.06030e-01
 29   69 1.21724e-01
 29   71 1.18110e-01
 29   73 1.62213e-01
 29   75 1.16406e-01
 29   77 1.78554e-01
 29   79 1.48537e-01
 29   81 1.37650e-01
 29   83 1.42521e-01
 29   85 1.64594e-01
 29   87 1.23081e-01
 29   89 1.28249e-01
 30    0 9.33065e-03
 30    2 6.05257e-02
 30    4 1.02544e-01
 30    6 1.56490e-01
 30    8 2.01658e-01
 30   10 2.07933e-01
 30   12 2.18485e-01
 30   14 2.31411e-01
 30   16 2.34347e-01
 30   18 2.70343e-01
 30   20 3.84642e-01
 30   22 3.60937e-01
 30   24 4.62760e-01
 30   26 1.04407e+00
 30   28 3.04505e+00
 30   30 3.69934e+01
 30   32 3.03675e+00
 30   34 1.03316e+00
 30   36 4.14111e-01
 30   38 3.35018e-01
 30   40 3.69443e-01
 30   42 2.54732e-01
 30   44 2.18507e-01
 30   46 2.09678e-01
 30   48 1.79354e-01
 30   50 1.62377e-01
 30   52 1.45720e-01
 30   54 1.39328e-01
 30   56 1.31283e-01
 30   58 1.26341e-01
 30   60 1.22524e-01
 30   62 1.29286e-01
 30   64 1.24599e-01
 30   66 1.19808e-01
 30   68 9.41214e-02
 30   70 1.25291e-01
 30   72 1.20002e-01
 30   74 1.26009e-01
 30   76 1.18377e-01
 30   78 1.75780e-01
 30   80 1.48784e-01
 30   82 1.40165e-01
 30   84 1.36681e-01
 30   86 1.43976e-01
 30   88 1.23772e-01
 30   90 1.20536e-01
 31    1 3.21484e-02
 31    3 7.67372e-02
 31    5 1.21134e-01
 31    7 1.65664e-01
 31    9 1.97158e-01
 31   11 1.90536e-01
 31   13 2.14939e-01
 31   15 2.17358e-01
 31   17 2.33432e-01
 31   19 2.78162e-01
 31   21 3.66499e-01
 31   23 3.46931e-01
 31   25 4.42631e-01
 31   27 1.00966e+00
 31   29 2.94752e+00
 31   31 3.58525e+01
 31   33 2.93738e+00
 31   35 9.89243e-01
 31   37 3.85644e-01
 31   39 3.13067e-01
 31   41 3.47614e-01
 31   43 2.43717e-01
 31   45 2.04791e-01
 31   47 2.07205e-01
 31   49 1.86640e-01
 31   51 1.58519e-01
 31   53 1.30118e-01
 31   55 1.42025e-01
 31   57 1.25511e-01
 31   59 1.27640e-01
 31   61 1.27887e-01
 31   63 1.25907e-01
 31   65 1.17499e-01
 31   67 1.07569e-01
 31   69 1.23371e-01
 31   71 1.30965e-01
 31   73 1.31678e-01
 31   75 1.43640e-01
 31   77 1.44009e-01
 31   79 1.71784e-01
 31   81 1.23159e-01
 31   83 1.40105e-01
 31   85 1.32935e-01
 31   87 1.28579e-01
 31   89 1.42229e-01
 32    0 1.19629e-02
 32    2 5.49008e-02
 32    4 9.51618e-02
 32    6 1.28669e-01
 32    8 1.87982e-01
 32   10 1.79037e-01
 32   12 1.77979e-01
 32   14 1.95479e-01
 32   16 2.30171e-01
 32   18 2.29022e-01
 32   20 2.60688e-01
 32   22 3.57873e-01
 32   24 3.33966e-01
 32   26 4.12515e-01
 32   28 9.68064e-01
 32   30 2.85368e+00
 32   32 3.47179e+01
 32   34 2.83863e+00
 32   36 9.62117e-01
 32   38 3.72522e-01
 32   40 3.04075e-01
 32   42 3.42074e-01
 32   44 2.36960e-01
 32   46 1.91587e-01
 32   48 2.03108e-01
 32   50 1.78228e-01
 32   52 1.34244e-01
 32   54 1.26583e-01
 32   56 1.24474e-01
 32   58 1.11233e-01
 32   60 1.16085e-01
 32   62 1.11183e-01
 32   64 1.50714e-01
 32   66 1.05865e-01
 32   68 1.11487e-01
 32   70 1.15547e-01
 32   72 1.38996e-01
 32   74 1.32579e-01
 32   76 1.35597e-01
 32   78 1.27415e-01
 32   80 1.69243e-01
 32   82 1.20777e-01
 32   84 1.46133e-01
 32   86 1.33015e-01
 32   88 1.15088e-01
 32   90 1.29378e-01
 33    1 2.89644e-02
 33    3 7.08023e-02
 33    5 1.07372e-01
 33    7 1.51810e-01
 33    9 1.81695e-01
 33   11 1.78825e-01
 33   13 1.70154e-01
 33   15 2.03406e-01
 33   17 2.19432e-01
 33   19 2.24466e-01
 33   21 2.53157e-01
 33   23 3.49501e-01
 33   25 3.29212e-01
 33   27 3.97151e-01
 33   29 9.40936e-01
 33   31 2.76582e+00
 33   33 3.37003e+01
 33   35 2.74546e+00
 33   37 9.26908e-01
 33   39 3.66964e-01
 33   41 3.03274e-01
 33   43 3.32035e-01
 33   45 2.28235e-01
 33   47 1.98907e-01
 33   49 1.87398e-01
 33   51 1.71563e-01
 33   53 1.26229e-01
 33   55 1.19575e-01
 33   57 1.18101e-01
 33   59 1.26677e-01
 33   61 1.07554e-01
 33   63 1.28376e-01
 33   65 1.07779e-01
 33   67 1.17034e-01
 33   69 1.05037e-01
 33   71 1.34971e-01
 33   73 1.26845e-01
 33   75 1.40980e-01
 33   77 9.39188e-02
 33   79 1.77916e-01
 33   81 1.29296e-01
 33   83 1.40745e-01
 33   85 1.35926e-01
 33   87 1.15266e-01
 33   89 1.42511e-01
 34    0 9.45732e-03
 34    2 4.61909e-02
 34    4 8.03673e-02
 34    6 1.35431e-01
 34    8 1.69101e-01
 34   10 1.67682e-01
 34   12 1.65396e-01
 34   14 1.62667e-01
 34   16 1.83052e-01
 34   18 2.09969e-01
 34   20 2.11320e-01
 34   22 2.44650e-01
 34   24 3.39199e-01
 34   26 3.08680e-01
 34   28 3.83447e-01
 34   30 9.15897e-01
 34   32 2.67788e+00
 34   34 3.27111e+01
 34   36 2.65430e+00
 34   38 8.96613e-01
 34   40 3.57618e-01
 34   42 2.84806e-01
 34   44 3.26975e-01
 34   46 2.21050e-01
 34   48 1.76578e-01
 34   50 1.84742e-01
 34   52 1.66885e-01
 34   54 1.19635e-01
 34   56 1.15154e-01
 34   58 1.10991e-01
 34   60 1.12836e-01
 34   62 1.13143e-01
 34   64 1.19169e-01
 34   66 1.13778e-01
 34   68 1.13084e-01
 34   70 1.03235e-01
 34   72 1.32181e-01
 34   74 1.13231e-01
 34   76 1.31518e-01
 34   78 9.80470e-02
 34   80 1.72549e-01
 34   82 1.16642e-01
 34   84 1.33385e-01
 34   86 1.24545e-01
 34   88 1.10373e-01
 34   90 1.52902e-01
 35    1 2.61713e-02
 35    3 6.01290e-02
 35    5 9.90411e-02
 35    7 1.38264e-01
 35    9 1.64545e-01
 35   11 1.71086e-01
 35   13 1.68715e-01
 35   15 1.69796e-01
 35   17 1.89403e-01
 35   19 1.94367e-01
 35   21 2.01758e-01
 35   23 2.38917e-01
 35   25 3.28443e-01
 35   27 3.02035e-01
 35   29 3.60873e-01
 35   31 8.80277e-01
 35   33 2.59459e+00
 35   35 3.17924e+01
 35   37 2.57940e+00
 35   39 8.71159e-01
 35   41 3.39246e-01
 35   43 2.92228e-01
 35   45 3.16218e-01
 35   47 2.09883e-01
 35   49 1.75900e-01
 35   51 1.84023e-01
 35   53 1.50481e-01
 35   55 1.23545e-01
 35   57 1.17061e-01
 35   59 1.08608e-01
 35   61 1.42968e-01
 35   63 1.18040e-01
 35   65 1.08934e-01
 35   67 1.09301e-01
 35   69 1.24707e-01
 35   71 1.14115e-01
 35   73 1.00639e-01
 35   75 1.45445e-01
 35   77 1.28388e-01
 35   79 1.48264e-01
 35   81 1.05314e-01
 35   83 1.40930e-01
 35   85 1.36243e-01
 35   87 1.03273e-01
 35   89 1.36208e-01
 36    0 9.57329e-03
 36    2 4.47991e-02
 36    4 8.70400e-02
 36    6 1.12738e-01
 36    8 1.49341e-01
 36   10 1.55794e-01
 36   12 1.65627e-01
 36   14 1.71406e-01
 36   16 1.71827e-01
 36   18 1.79099e-01
 36   20 1.98450e-01
 36   22 1.83096e-01
 36   24 2.19827e-01
 36   26 3.19853e-01
 36   28 2.78432e-01
 36   30 3.47516e-01
 36   32 8.59192e-01
 36   34 2.51265e+00
 36   36 3.08742e+01
 36   38 2.52098e+00
 36   40 8.45005e-01
 36   42 3.23191e-01
 36   44 2.63999e-01
 36   46 3.09597e-01
 36   48 2.01603e-01
 36   50 1.72051e-01
 36   52 1.72736e-01
 36   54 1.51544e-01
 36   56 1.11759e-01
 36   58 1.09805e-01
 36   60 1.16278e-01
 36   62 1.15904e-01
 36   64 1.12659e-01
 36   66 1.02808e-01
 36   68 1.15249e-01
 36   70 1.14925e-01
 36   72 1.13774e-01
 36   74 1.04388e-01
 36   76 1.28461e-01
 36   78 1.09024e-01
 36   80 1.52410e-01
 36   82 1.12294e-01
 36   84 1.34250e-01
 36   86 1.38621e-01
 36   88 9.60161e-02
 36   90 1.31193e-01
 37    1 2.36624e-02
 37    3 6.01694e-02
 37    5 9.22357e-02
 37    7 1.26273e-01
 37    9 1.53535e-01
 37   11 1.68983e-01
 37   13 1.67293e-01
 37   15 1.61636e-01
 37   17 1.61384e-01
 37   19 1.72773e-01
 37   21 1.82306e-01
 37   23 1.84365e-01
 37   25 2.15895e-01
 37   27 3.02269e-01
 37   29 2.75573e-01
 37   31 3.25367e-01
 37   33 8.30538e-01
 37   35 2.44563e+00
 37   37 3.01162e+01
 37   39 2.44472e+00
 37   41 8.18682e-01
 37   43 3.22475e-01
 37   45 2.51767e-01
 37   47 3.01095e-01
 37   49 1.97814e-01
 37   51 1.62183e-01
 37   53 1.54289e-01
 37   55 1.38338e-01
 37   57 1.19018e-01
 37   59 1.16895e-01
 37   61 1.10799e-01
 37   63 1.24615e-01
 37   65 1.09833e-01
 37   67 1.12136e-01
 37   69 1.13119e-01
 37   71 1.20238e-01
 37   73 1.00455e-01
 37   75 1.27403e-01
 37   77 1.15585e-01
 37   79 1.44377e-01
 37   81 1.13762e-01
 37   83 1.40137e-01
 37   85 1.29510e-01
 37   87 9.86107e-02
 37   89 1.31405e-01
 38    0 6.60472e-03
 38    2 3.80607e-02
 38    4 6.94553e-02
 38    6 1.11537e-01
 38    8 1.45356e-01
 38   10 1.48970e-01
 38   12 1.50502e-01
 38   14 1.54331e-01
 38   16 1.47077e-01
 38   18 1.47542e-01
 38   20 1.66198e-01
 38   22 1.90122e-01
 38   24 1.74303e-01
 38   26 2.08817e-01
 38   28 2.95808e-01
 38   30 2.66964e-01
 38   32 3.15893e-01
 38   34 8.05955e-01
 38   36 2.39384e+00
 38   38 2.93043e+01
 38   40 2.36706e+00
 38   42 7.95105e-01
 38   44 3.08815e-01
 38   46 2.48983e-01
 38   48 2.88652e-01
 38   50 1.90557e-01
 38   52 1.58013e-01
 38   54 1.58107e-01
 38   56 1.37786e-01
 38   58 1.11348e-01
 38   60 1.08340e-01
 38   62 1.10242e-01
 38   64 1.07627e-01
 38   66 1.11312e-01
 38   68 1.07988e-01
 38   70 1.09996e-01
 38   72 1.02779e-01
 38   74 9.44553e-02
 38   76 1.36906e-01
 38   78 1.30526e-01
 38   80 1.30096e-01
 38   82 1.04198e-01
 38   84 1.35207e-01
 38   86 1.28099e-01
 38   88 9.35233e-02
 38   90 1.40046e-01
 39    1 2.27076e-02
 39    3 5.27892e-02
 39    5 8.71350e-02
 39    7 1.24774e-01
 39    9 1.48751e-01
 39   11 1.44463e-01
 39   13 1.48297e-01
 39   15 1.46797e-01
 39   17 1.39769e-01
 39   19 1.46808e-01
 39   21 1.68692e-01
 39   23 1.73526e-01
 39   25 1.68667e-01
 39   27 2.06285e-01
 39   29 2.72643e-01
 39   31 2.51171e-01
 39   33 3.12675e-01
 39   35 7.85442e-01
 39   37 2.32475e+00
 39   39 2.85939e+01
 39   41 2.30336e+00
 39   43 7.77774e-01
 39   45 3.01048e-01
 39   47 2.50663e-01
 39   49 2.75373e-01
 39   51 1.97315e-01
 39   53 1.59779e-01
 39   55 1.47041e-01
 39   57 1.44686e-01
 39   59 1.08549e-01
 39   61 1.17166e-01
 39   63 1.17531e-01
 39   65 1.21629e-01
 39   67 1.09575e-01
 39   69 1.04537e-01
 39   71 1.03688e-01
 39   73 1.05750e-01
 39   75 1.07308e-01
 39   77 1.03704e-01
 39   79 1.46197e-01
 39   81 1.08010e-01
 39   83 1.29359e-01
 39   85 1.28721e-01
 39   87 1.05691e-01
 39   89 1.21684e-01
 40    0 8.29689e-03
 40    2 4.00766e-02
 40    4 6.78648e-02
 40    6 9.87205e-02
 40    8 1.40317e-01
 40   10 1.48491e-01
 40   12 1.43285e-01
 40   14 1.39074e-01
 40   16 1.47221e-01
 40   18 1.33428e-01
 40   20 1.42758e-01
 40   22 1.49291e-01
 40   24 1.64923e-01
 40   26 1.57038e-01
 40   28 1.95913e-01
 40   30 2.80329e-01
 40   32 2.45530e-01
 40   34 3.06099e-01
 40   36 7.64049e-01
 40   38 2.25396e+00
 40   40 2.78653e+01
 40   42 2.24489e+00
 40   44 7.51201e-01
 40   46 2.90067e-01
 40   48 2.39439e-01
 40   50 2.77090e-01
 40   52 1.85501e-01
 40   54 1.54366e-01
 40   56 1.45233e-01
 40   58 1.42755e-01
 40   60 1.02166e-01
 40   62 1.21894e-01
 40   64 1.11520e-01
 40   66 1.02039e-01
 40   68 1.13095e-01
 40   70 1.01160e-01
 40   72 1.08287e-01
 40   74 9.88451e-02
 40   76 1.04302e-01
 40   78 9.88365e-02
 40   80 1.50803e-01
 40   82 1.02946e-01
 40   84 1.21964e-01
 40   86 1.20312e-01
 40   88 1.03315e-01
 40   90 1.13261e-01
 41    1 2.18627e-02
 41    3 5.23276e-02
 41    5 7.93838e-02
 41    7 1.14758e-01
 41    9 1.41032e-01
 41   11 1.40535e-01
 41   13 1.32770e-01
 41   15 1.36239e-01
 41   17 1.33604e-01
 41   19 1.26466e-01
 41   21 1.29758e-01
 41   23 1.41005e-01
 41   25 1.49198e-01
 41   27 1.56260e-01
 41   29 1.97815e-01
 41   31 2.65907e-01
 41   33 2.46379e-01
 41   35 2.91629e-01
 41   37 7.42267e-01
 41   39 2.19615e+00
 41   41 2.72004e+01
 41   43 2.18711e+00
 41   45 7.36912e-01
 41   47 2.71963e-01
 41   49 2.36127e-01
 41   51 2.67427e-01
 41   53 1.78931e-01
 41   55 1.49281e-01
 41   57 1.46783e-01
 41   59 1.29197e-01
 41   61 1.24954e-01
 41   63 1.16422e-01
 41   65 1.19947e-01
 41   67 1.20006e-01
 41   69 9.86551e-02
 41   71 1.10918e-01
 41   73 1.08126e-01
 41   75 1.02776e-01
 41   77 1.07017e-01
 41   79 1.57200e-01
 41   81 1.03407e-01
 41   83 1.23795e-01
 41   85 1.21577e-01
 41   87 1.03357e-01
 41   89 1.14441e-01
 42    0 6.77403e-03
 42    2 3.38090e-02
 42    4 6.11752e-02
 42    6 9.14375e-02
 42    8 1.29641e-01
 42   10 1.37440e-01
 42   12 1.28274e-01
 42   14 1.24911e-01
 42   16 1.22232e-01
 42   18 1.31718e-01
 42   20 1.21519e-01
 42   22 1.21959e-01
 42   24 1.33958e-01
 42   26 1.57016e-01
 42   28 1.54884e-01
 42   30 1.84518e-01
 42   32 2.63681e-01
 42   34 2.32717e-01
 42   36 2.78969e-01
 42   38 7.22764e-01
 42   40 2.14304e+00
 42   42 2.65824e+01
 42   44 2.13662e+00
 42   46 7.06821e-01
 42   48 2.66753e-01
 42   50 2.27745e-01
 42   52 2.58346e-01
 42   54 1.74632e-01
 42   56 1.50630e-01
 42   58 1.42718e-01
 42   60 1.23993e-01
 42   62 1.07780e-01
 42   64 1.29605e-01
 42   66 1.13213e-01
 42   68 1.08985e-01
 42   70 1.01821e-01
 42   72 1.08948e-01
 42   74 1.10081e-01
 42   76 9.92981e-02
 42   78 1.06928e-01
 42   80 1.37441e-01
 42   82 1.04079e-01
 42   84 1.20699e-01
 42   86 1.21247e-01
 42   88 1.05299e-01
 42   90 1.07753e-01
 43    1 2.03683e-02
 43    3 5.15851e-02
 43    5 7.89370e-02
 43    7 1.13983e-01
 43    9 1.32159e-01
 43   11 1.30912e-01
 43   13 1.17590e-01
 43   15 1.11416e-01
 43   17 1.20750e-01
 43   19 1.24306e-01
 43   21 1.18796e-01
 43   23 1.17186e-01
 43   25 1.35532e-01
 43   27 1.47855e-01
 43   29 1.57580e-01
 43   31 1.78183e-01
 43   33 2.57810e-01
 43   35 2.40096e-01
 43   37 2.79440e-01
 43   39 7.08761e-01
 43   41 2.09035e+00
 43   43 2.60208e+01
 43   45 2.07150e+00
 43   47 6.89892e-01
 43   49 2.62788e-01
 43   51 2.30121e-01
 43   53 2.65040e-01
 43   55 1.73077e-01
 43   57 1.40834e-01
 43   59 1.42473e-01
 43   61 1.23093e-01
 43   63 1.24521e-01
 43   65 1.16544e-01
 43   67 1.12675e-01
 43   69 1.03478e-01
 43   71 1.02986e-01
 43   73 8.91925e-02
 43   75 1.24062e-01
 43   77 1.11497e-01
 43   79 1.26456e-01
 43   81 1.07420e-01
 43   83 1.18989e-01
 43   85 9.36644e-02
 43   87 9.97589e-02
 43   89 1.08150e-01
 44    0 5.97551e-03
 44    2 3.47053e-02
 44    4 6.63932e-02
 44    6 9.36247e-02
 44    8 1.19816e-01
 44   10 1.26422e-01
 44   12 1.33733e-01
 44   14 1.09333e-01
 44   16 1.12606e-01
 44   18 1.05859e-01
 44   20 1.10553e-01
 44   22 1.10987e-01
 44   24 1.19833e-01
 44   26 1.24813e-01
 44   28 1.46331e-01
 44   30 1.51446e-01
 44   32 1.74771e-01
 44   34 2.55640e-01
 44   36 2.18040e-01
 44   38 2.68601e-01
 44   40 6.86164e-01
 44   42 2.04439e+00
 44   44 2.54084e+01
 44   46 2.01724e+00
 44   48 6.76438e-01
 44   50 2.51658e-01
 44   52 2.22260e-01
 44   54 2.62087e-01
 44   56 1.66322e-01
 44   58 1.44306e-01
 44   60 1.34748e-01
 44   62 1.24969e-01
 44   64 1.12489e-01
 44   66 1.09013e-01
 44   68 1.23882e-01
 44   70 9.37099e-02
 44   72 1.10638e-01
 44   74 8.52732e-02
 44   76 1.08197e-01
 44   78 1.02334e-01
 44   80 1.33138e-01
 44   82 9.65399e-02
 44   84 1.22180e-01
 44   86 8.81625e-02
 44   88 8.47215e-02
 44   90 1.18834e-01
 45    1 2.12077e-02
 45    3 5.31078e-02
 45    5 8.40949e-02
 45    7 1.11181e-01
 45    9 1.19960e-01
 45   11 1.27399e-01
 45   13 1.16674e-01
 45   15 9.90005e-02
 45   17 1.02428e-01
 45   19 1.01357e-01
 45   21 9.91813e-02
 45   23 1.09537e-01
 45   25 1.09682e-01
 45   27 1.24594e-01
 45   29 1.48793e-01
 45   31 1.43415e-01
 45   33 1.69747e-01
 45   35 2.48860e-01
 45   37 2.08976e-01
 45   39 2.62777e-01
 45   41 6.74633e-01
 45   43 1.98422e+00
 45   45 2.48787e+01
 45   47 1.96961e+00
 45   49 6.58970e-01
 45   51 2.58808e-01
 45   53 2.34142e-01
 45   55 2.56120e-01
 45   57 1.70079e-01
 45   59 1.34452e-01
 45   61 1.48832e-01
 45   63 1.34834e-01
 45   65 1.17157e-01
 45   67 1.15580e-01
 45   69 1.12000e-01
 45   71 1.16426e-01
 45   73 1.02704e-01
 45   75 1.16931e-01
 45   77 1.07253e-01
 45   79 1.20847e-01
 45   81 9.28295e-02
 45   83 1.03962e-01
 45   85 1.00549e-01
 45   87 8.07986e-02
 45   89 1.08725e-01
 46    0 7.58463e-03
 46    2 3.45456e-02
 46    4 6.09563e-02
 46    6 9.41785e-02
 46    8 1.15562e-01
 46   10 1.16779e-01
 46   12 1.12776e-01
 46   14 1.09894e-01
 46   16 1.01317e-01
 46   18 1.05189e-01
 46   20 9.04442e-02
 46   22 1.03343e-01
 46   24 9.90264e-02
 46   26 9.94508e-02
 46   28 1.25623e-01
 46   30 1.39347e-01
 46   32 1.35493e-01
 46   34 1.65714e-01
 46   36 2.45180e-01
 46   38 2.07650e-01
 46   40 2.54053e-01
 46   42 6.48485e-01
 46   44 1.93425e+00
 46   46 2.43320e+01
 46   48 1.92548e+00
 46   50 6.54990e-01
 46   52 2.48435e-01
 46   54 2.19586e-01
 46   56 2.54138e-01
 46   58 1.64862e-01
 46   60 1.25735e-01
 46   62 1.31119e-01
 46   64 1.35428e-01
 46   66 1.15807e-01
 46   68 1.16417e-01
 46   70 1.13359e-01
 46   72 1.07893e-01
 46   74 1.01964e-01
 46   76 1.19671e-01
 46   78 9.62031e-02
 46   80 1.12330e-01
 46   82 9.97483e-02
 46   84 9.98418e-02
 46   86 9.78779e-02
 46   88 9.05712e-02
 46   90 1.02549e-01
 47    1 2.34388e-02
 47    3 5.28066e-02
 47    5 7.96803e-02
 47    7 1.10596e-01
 47    9 1.20881e-01
 47   11 1.15419e-01
 47   13 1.02484e-01
 47   15 9.64915e-02
 47   17 8.99725e-02
 47   19 9.19463e-02
 47   21 9.00277e-02
 47   23 9.17195e-02
 47   25 9.89019e-02
 47   27 1.01000e-01
 47   29 1.20359e-01
 47   31 1.39274e-01
 47   33 1.41989e-01
 47   35 1.58536e-01
 47   37 2.39875e-01
 47   39 2.10003e-01
 47   41 2.38972e-01
 47   43 6.34264e-01
 47   45 1.89044e+00
 47   47 2.38711e+01
 47   49 1.89078e+00
 47   51 6.45453e-01
 47   53 2.52800e-01
 47   55 2.09649e-01
 47   57 2.40341e-01
 47   59 1.65622e-01
 47   61 1.33901e-01
 47   63 1.43231e-01
 47   65 1.39822e-01
 47   67 1.09125e-01
 47   69 1.13091e-01
 47   71 1.20394e-01
 47   73 1.00939e-01
 47   75 1.06218e-01
 47   77 1.03605e-01
 47   79 1.19352e-01
 47   81 8.98895e-02
 47   83 9.21629e-02
 47   85 1.04626e-01
 47   87 9.32698e-02
 47   89 8.96459e-02
 48    0 7.86653e-03
 48    2 3.59768e-02
 48    4 6.35445e-02
 48    6 9.24967e-02
 48    8 1.20228e-01
 48   10 1.10806e-01
 48   12 1.04467e-01
 48   14 9.57159e-02
 48   16 8.70881e-02
 48   18 8.81199e-02
 48   20 8.61627e-02
 48   22 8.49148e-02
 48   24 9.46976e-02
 48   26 9.73574e-02
 48   28 1.00017e-01
 48   30 1.14512e-01
 48   32 1.37998e-01
 48   34 1.27175e-01
 48   36 1.53384e-01
 48   38 2.31277e-01
 48   40 2.01473e-01
 48   42 2.35124e-01
 48   44 6.23129e-01
 48   46 1.84985e+00
 48   48 2.33922e+01
 48   50 1.83689e+00
 48   52 6.31905e-01
 48   54 2.51925e-01
 48   56 2.01706e-01
 48   58 2.41118e-01
 48   60 1.59419e-01
 48   62 1.32463e-01
 48   64 1.39676e-01
 48   66 1.41991e-01
 48   68 1.02949e-01
 48   70 1.16134e-01
 48   72 1.13496e-01
 48   74 9.31624e-02
 48   76 9.88562e-02
 48   78 1.08116e-01
 48   80 1.18650e-01
 48   82 8.60488e-02
 48   84 8.90543e-02
 48   86 9.96629e-02
 48   88 8.59300e-02
 48   90 9.65062e-02
 49    1 2.26214e-02
 49    3 4.76655e-02
 49    5 7.40284e-02
 49    7 1.00378e-01
 49    9 1.11693e-01
 49   11 1.10112e-01
 49   13 9.89118e-02
 49   15 8.46972e-02
 49   17 8.36169e-02
 49   19 7.71419e-02
 49   21 8.05723e-02
 49   23 9.13600e-02
 49   25 9.95408e-02
 49   27 9.47097e-02
 49   29 1.00512e-01
 49   31 1.20633e-01
 49   33 1.28636e-01
 49   35 1.27765e-01
 49   37 1.51541e-01
 49   39 2.21845e-01
 49   41 1.99515e-01
 49   43 2.32320e-01
 49   45 6.08195e-01
 49   47 1.81817e+00
 49   49 2.29862e+01
 49   51 1.80483e+00
 49   53 6.20175e-01
 49   55 2.39040e-01
 49   57 2.10880e-01
 49   59 2.26036e-01
 49   61 1.73657e-01
 49   63 1.40288e-01
 49   65 1.49613e-01
 49   67 1.36081e-01
 49   69 1.10797e-01
 49   71 1.01441e-01
 49   73 9.53267e-02
 49   75 9.90232e-02
 49   77 1.13034e-01
 49   79 1.07658e-01
 49   81 9.11732e-02
 49   83 9.41736e-02
 49   85 8.98266e-02
 49   87 8.84864e-02
 49   89 9.64504e-02
 50    0 7.41595e-03
 50    2 3.58165e-02
 50    4 6.00653e-02
 50    6 8.00492e-02
 50    8 1.03737e-01
 50   10 1.06663e-01
 50   12 9.67412e-02
 50   14 8.91572e-02
 50   16 8.18372e-02
 50   18 8.71088e-02
 50   20 7.88234e-02
 50   22 7.90514e-02
 50   24 8.24607e-02
 50   26 9.78808e-02
 50   28 9.48201e-02
 50   30 9.97798e-02
 50   32 1.16546e-01
 50   34 1.28058e-01
 50   36 1.25985e-01
 50   38 1.46947e-01
 50   40 2.24398e-01
 50   42 1.93202e-01
 50   44 2.23118e-01
 50   46 6.05629e-01
 50   48 1.76791e+00
 50   50 2.25505e+01
 50   52 1.76025e+00
 50   54 6.02158e-01
 50   56 2.41396e-01
 50   58 1.94777e-01
 50   60 2.24194e-01
 50   62 1.63374e-01
 50   64 1.42520e-01
 50   66 1.37993e-01
 50   68 1.37925e-01
 50   70 1.13597e-01
 50   72 9.81544e-02
 50   74 9.32052e-02
 50   76 9.50623e-02
 50   78 1.11743e-01
 50   80 1.03717e-01
 50   82 8.94784e-02
 50   84 8.89138e-02
 50   86 8.73684e-02
 50   88 8.47008e-02
 50   90 9.11071e-02
 51    1 1.91720e-02
 51    3 4.83355e-02
 51    5 6.75211e-02
 51    7 8.72908e-02
 51    9 1.03978e-01
 51   11 9.95873e-02
 51   13 9.23203e-02
 51   15 7.72662e-02
 51   17 7.72300e-02
 51   19 7.55471e-02
 51   21 8.16521e-02
 51   23 7.69224e-02
 51   25 8.39196e-02
 51   27 8.68281e-02
 51   29 9.17504e-02
 51   31 9.86927e-02
 51   33 1.13440e-01
 51   35 1.28754e-01
 51   37 1.19681e-01
 51   39 1.53120e-01
 51   41 2.17660e-01
 51   43 1.95966e-01
 51   45 2.30090e-01
 51   47 5.97862e-01
 51   49 1.73852e+00
 51   51 2.21374e+01
 51   53 1.71996e+00
 51   55 5.94203e-01
 51   57 2.24609e-01
 51   59 1.92013e-01
 51   61 2.17836e-01
 51   63 1.65036e-01
 51   65 1.46304e-01
 51   67 1.44844e-01
 51   69 1.14203e-01
 51   71 1.09259e-01
 51   73 9.95646e-02
 51   75 1.04675e-01
 51   77 1.01806e-01
 51   79 1.14710e-01
 51   81 8.53374e-02
 51   83 1.01434e-01
 51   85 8.86418e-02
 51   87 8.86001e-02
 51   89 9.95353e-02
 52    0 6.25826e-03
 52    2 3.20994e-02
 52    4 6.00853e-02
 52    6 8.11192e-02
 52    8 1.01376e-01
 52   10 9.48971e-02
 52   12 8.92488e-02
 52   14 7.79445e-02
 52   16 7.44388e-02
 52   18 6.98418e-02
 52   20 7.29422e-02
 52   22 7.12518e-02
 52   24 8.37573e-02
 52   26 7.59761e-02
 52   28 9.17465e-02
 52   30 8.63243e-02
 52   32 8.46279e-02
 52   34 1.11520e-01
 52   36 1.21938e-01
 52   38 1.17469e-01
 52   40 1.44824e-01
 52   42 2.11281e-01
 52   44 1.89969e-01
 52   46 2.21453e-01
 52   48 5.86304e-01
 52   50 1.69695e+00
 52   52 2.17426e+01
 52   54 1.67731e+00
 52   56 5.82117e-01
 52   58 2.17126e-01
 52   60 1.93466e-01
 52   62 2.12204e-01
 52   64 1.65199e-01
 52   66 1.43034e-01
 52   68 1.39803e-01
 52   70 1.09566e-01
 52   72 1.07459e-01
 52   74 9.97177e-02
 52   76 1.07609e-01
 52   78 9.57174e-02
 52   80 1.11377e-01
 52   82 8.78783e-02
 52   84 1.08662e-01
 52   86 8.60726e-02
 52   88 8.57602e-02
 52   90 1.05869e-01
 53    1 1.55650e-02
 53    3 4.08681e-02
 53    5 6.48467e-02
 53    7 9.24235e-02
 53    9 9.85184e-02
 53   11 9.44771e-02
 53   13 8.27230e-02
 53   15 8.16663e-02
 53   17 7.41311e-02
 53   19 7.89524e-02
 53   21 7.78739e-02
 53   23 7.38192e-02
 53   25 7.97055e-02
 53   27 7.84654e-02
 53   29 8.37420e-02
 53   31 7.81590e-02
 53   33 8.05263e-02
 53   35 1.01580e-01
 53   37 1.09848e-01
 53   39 1.19627e-01
 53   41 1.40506e-01
 53   43 2.17758e-01
 53   45 2.00834e-01
 53   47 2.25918e-01
 53   49 5.76361e-01
 53   51 1.65942e+00
 53   53 2.13671e+01
 53   55 1.64783e+00
 53   57 5.66415e-01
 53   59 2.21138e-01
 53   61 1.96136e-01
 53   63 2.23503e-01
 53   65 1.69651e-01
 53   67 1.36325e-01
 53   69 1.34562e-01
 53   71 1.03860e-01
 53   73 9.18124e-02
 53   75 9.85754e-02
 53   77 9.47823e-02
 53   79 1.09514e-01
 53   81 9.14791e-02
 53   83 8.31732e-02
 53   85 9.92684e-02
 53   87 8.89039e-02
 53   89 1.01420e-01
 54    0 4.94038e-03
 54    2 3.00045e-02
 54    4 4.96511e-02
 54    6 7.41010e-02
 54    8 9.47946e-02
 54   10 9.28305e-02
 54   12 8.51623e-02
 54   14 8.13163e-02
 54   16 7.46392e-02
 54   18 7.15625e-02
 54   20 7.86219e-02
 54   22 7.95640e-02
 54   24 7.10188e-02
 54   26 7.33740e-02
 54   28 7.26527e-02
 54   30 7.96931e-02
 54   32 7.70481e-02
 54   34 7.71903e-02
 54   36 1.03290e-01
 54   38 1.13488e-01
 54   40 1.16362e-01
 54   42 1.37895e-01
 54   44 2.16289e-01
 54   46 1.88990e-01
 54   48 2.25688e-01
 54   50 5.60497e-01
 54   52 1.61949e+00
 54   54 2.09864e+01
 54   56 1.60539e+00
 54   58 5.61269e-01
 54   60 2.12190e-01
 54   62 1.91008e-01
 54   64 2.23107e-01
 54   66 1.59104e-01
 54   68 1.29197e-01
 54   70 1.32560e-01
 54   72 1.09191e-01
 54   74 9.34374e-02
 54   76 9.54009e-02
 54   78 9.51060e-02
 54   80 1.06921e-01
 54   82 8.45156e-02
 54   84 8.64618e-02
 54   86 9.92993e-02
 54   88 8.99524e-02
 54   90 9.39729e-02
 55    1 1.46256e-02
 55    3 3.42669e-02
 55    5 5.39144e-02
 55    7 7.69405e-02
 55    9 8.97434e-02
 55   11 8.67880e-02
 55   13 8.27932e-02
 55   15 8.32148e-02
 55   17 8.31457e-02
 55   19 7.89370e-02
 55   21 8.24646e-02
 55   23 7.44491e-02
 55   25 7.33492e-02
 55   27 7.43962e-02
 55   29 8.48147e-02
 55   31 8.24313e-02
 55   33 7.37061e-02
 55   35 8.05814e-02
 55   37 9.51659e-02
 55   39 1.06373e-01
 55   41 1.13266e-01
 55   43 1.37400e-01
 55   45 2.12268e-01
 55   47 1.81031e-01
 55   49 2.14653e-01
 55   51 5.53933e-01
 55   53 1.59220e+00
 55   55 2.05960e+01
 55   57 1.57754e+00
 55   59 5.53638e-01
 55   61 2.16789e-01
 55   63 1.98179e-01
 55   65 2.14558e-01
 55   67 1.54026e-01
 55   69 1.30360e-01
 55   71 1.31678e-01
 55   73 1.15010e-01
 55   75 9.54848e-02
 55   77 9.66321e-02
 55   79 1.03184e-01
 55   81 9.99117e-02
 55   83 8.98909e-02
 55   85 9.26905e-02
 55   87 9.25441e-02
 55   89 8.53427e-02
 56    0 5.27215e-03
 56    2 2.30807e-02
 56    4 4.41778e-02
 56    6 6.47850e-02
 56    8 8.57531e-02
 56   10 8.65140e-02
 56   12 7.83164e-02
 56   14 7.46752e-02
 56   16 8.21898e-02
 56   18 8.09703e-02
 56   20 7.36358e-02
 56   22 7.22537e-02
 56   24 8.04087e-02
 56   26 6.88503e-02
 56   28 7.77711e-02
 56   30 7.26074e-02
 56   32 7.32580e-02
 56   34 7.18411e-02
 56   36 7.36538e-02
 56   38 9.56302e-02
 56   40 1.05856e-01
 56   42 1.15008e-01
 56   44 1.32718e-01
 56   46 2.11493e-01
 56   48 1.74723e-01
 56   50 2.17263e-01
 56   52 5.43462e-01
 56   54 1.55229e+00
 56   56 2.02907e+01
 56   58 1.54474e+00
 56   60 5.46854e-01
 56   62 2.18455e-01
 56   64 1.89157e-01
 56   66 2.10362e-01
 56   68 1.50472e-01
 56   70 1.16284e-01
 56   72 1.33597e-01
 56   74 1.15113e-01
 56   76 9.11305e-02
 56   78 8.90922e-02
 56   80 1.06676e-01
 56   82 9.83179e-02
 56   84 8.37008e-02
 56   86 8.90377e-02
 56   88 8.29375e-02
 56   90 9.33098e-02
 57    1 1.45824e-02
 57    3 3.26843e-02
 57    5 5.34906e-02
 57    7 7.38692e-02
 57    9 8.72185e-02
 57   11 8.79147e-02
 57   13 7.68811e-02
 57   15 8.45015e-02
 57   17 8.70440e-02
 57   19 8.62395e-02
 57   21 7.86749e-02
 57   23 7.93418e-02
 57   25 8.23497e-02
 57   27 7.32425e-02
 57   29 6.85065e-02
 57   31 7.04855e-02
 57   33 7.04378e-02
 57   35 7.38772e-02
 57   37 7.92215e-02
 57   39 1.01277e-01
 57   41 1.07760e-01
 57   43 1.08179e-01
 57   45 1.36390e-01
 57   47 2.00805e-01
 57   49 1.83227e-01
 57   51 2.02599e-01
 57   53 5.29552e-01
 57   55 1.52641e+00
 57   57 1.99863e+01
 57   59 1.52553e+00
 57   61 5.47118e-01
 57   63 2.09537e-01
 57   65 1.81668e-01
 57   67 2.01953e-01
 57   69 1.45092e-01
 57   71 1.30968e-01
 57   73 1.17410e-01
 57   75 1.04313e-01
 57   77 9.39035e-02
 57   79 8.55454e-02
 57   81 9.17862e-02
 57   83 8.96311e-02
 57   85 8.39052e-02
 57   87 7.66171e-02
 57   89 1.01218e-01
 58    0 4.06981e-03
 58    2 2.12046e-02
 58    4 4.12554e-02
 58    6 5.71924e-02
 58    8 7.88151e-02
 58   10 8.85326e-02
 58   12 8.47285e-02
 58   14 8.54635e-02
 58   16 8.09176e-02
 58   18 8.46612e-02
 58   20 7.53964e-02
 58   22 7.46871e-02
 58   24 7.40389e-02
 58   26 7.96006e-02
 58   28 6.80573e-02
 58   30 6.76540e-02
 58   32 6.33850e-02
 58   34 6.70439e-02
 58   36 7.00667e-02
 58   38 7.48254e-02
 58   40 1.00745e-01
 58   42 1.05505e-01
 58   44 1.11492e-01
 58   46 1.32839e-01
 58   48 2.02226e-01
 58   50 1.69734e-01
 58   52 1.96267e-01
 58   54 5.25460e-01
 58   56 1.49566e+00
 58   58 1.96545e+01
 58   60 1.49480e+00
 58   62 5.38104e-01
 58   64 2.02946e-01
 58   66 1.80853e-01
 58   68 1.95754e-01
 58   70 1.60941e-01
 58   72 1.17841e-01
 58   74 1.16085e-01
 58   76 1.00212e-01
 58   78 8.99435e-02
 58   80 8.02555e-02
 58   82 9.29852e-02
 58   84 8.44158e-02
 58   86 7.74751e-02
 58   88 8.12608e-02
 58   90 9.31516e-02
 59    1 1.27910e-02
 59    3 3.16181e-02
 59    5 4.78858e-02
 59    7 6.44152e-02
 59    9 8.05251e-02
 59   11 8.00609e-02
 59   13 8.59689e-02
 59   15 8.26728e-02
 59   17 8.22848e-02
 59   19 7.84411e-02
 59   21 8.68199e-02
 59   23 7.08448e-02
 59   25 7.81147e-02
 59   27 7.61104e-02
 59   29 6.29038e-02
 59   31 6.94477e-02
 59   33 7.31990e-02
 59   35 6.64077e-02
 59   37 7.53841e-02
 59   39 7.36148e-02
 59   41 9.18952e-02
 59   43 1.06029e-01
 59   45 1.04461e-01
 59   47 1.34067e-01
 59   49 1.90277e-01
 59   51 1.67802e-01
 59   53 2.00305e-01
 59   55 5.19003e-01
 59   57 1.47800e+00
 59   59 1.94140e+01
 59   61 1.45707e+00
 59   63 5.16449e-01
 59   65 2.14123e-01
 59   67 1.86483e-01
 59   69 2.03604e-01
 59   71 1.40275e-01
 59   73 1.11254e-01
 59   75 1.17887e-01
 59   77 1.11915e-01
 59   79 8.47446e-02
 59   81 7.69484e-02
 59   83 7.85372e-02
 59   85 8.14026e-02
 59   87 8.26103e-02
 59   89 7.98750e-02
 60    0 3.94116e-03
 60    2 1.96354e-02
 60    4 3.57859e-02
 60    6 5.29429e-02
 60    8 7.51222e-02
 60   10 8.11057e-02
 60   12 7.96331e-02
 60   14 8.45209e-02
 60   16 7.93305e-02
 60   18 7.37957e-02
 60   20 9.02086e-02
 60   22 6.92196e-02
 60   24 6.78585e-02
 60   26 7.65722e-02
 60   28 6.69136e-02
 60   30 6.36055e-02
 60   32 6.41290e-02
 60   34 6.60760e-02
 60   36 7.19307e-02
 60   38 7.05797e-02
 60   40 6.98978e-02
 60   42 8.88623e-02
 60   44 1.00927e-01
 60   46 9.82168e-02
 60   48 1.29620e-01
 60   50 1.89401e-01
 60   52 1.69537e-01
 60   54 1.92583e-01
 60   56 5.13303e-01
 60   58 1.44914e+00
 60   60 1.91016e+01
 60   62 1.42774e+00
 60   64 5.06945e-01
 60   66 2.14116e-01
 60   68 1.81997e-01
 60   70 1.97945e-01
 60   72 1.37655e-01
 60   74 1.10528e-01
 60   76 1.11133e-01
 60   78 1.13405e-01
 60   80 8.00165e-02
 60   82 7.55044e-02
 60   84 8.27522e-02
 60   86 8.43017e-02
 60   88 7.37503e-02
 60   90 8.18492e-02
 61    1 1.15571e-02
 61    3 2.56535e-02
 61    5 4.04449e-02
 61    7 5.98668e-02
 61    9 7.50287e-02
 61   11 7.51012e-02
 61   13 7.80733e-02
 61   15 8.09006e-02
 61   17 7.08679e-02
 61   19 7.71340e-02
 61   21 7.60137e-02
 61   23 6.39139e-02
 61   25 6.42664e-02
 61   27 7.44078e-02
 61   29 6.21507e-02
 61   31 6.74971e-02
 61   33 6.02864e-02
 61   35 8.47970e-02
 61   37 6.93116e-02
 61   39 7.70776e-02
 61   41 8.62139e-02
 61   43 8.88613e-02
 61   45 1.12169e-01
 61   47 1.05141e-01
 61   49 1.41804e-01
 61   51 1.84665e-01
 61   53 1.72335e-01
 61   55 1.97137e-01
 61   57 5.14190e-01
 61   59 1.41340e+00
 61   61 1.87479e+01
 61   63 1.39149e+00
 61   65 4.96215e-01
 61   67 2.08854e-01
 61   69 1.76058e-01
 61   71 2.02570e-01
 61   73 1.46076e-01
 61   75 1.05864e-01
 61   77 1.21041e-01
 61   79 1.09435e-01
 61   81 7.81289e-02
 61   83 7.26530e-02
 61   85 8.06648e-02
 61   87 7.70229e-02
 61   89 7.41442e-02
 62    0 3.60678e-03
 62    2 1.79669e-02
 62    4 3.34130e-02
 62    6 4.69173e-02
 62    8 6.56301e-02
 62   10 7.35617e-02
 62   12 7.49921e-02
 62   14 8.15290e-02
 62   16 7.50606e-02
 62   18 6.26720e-02
 62   20 6.63964e-02
 62   22 7.35455e-02
 62   24 6.58919e-02
 62   26 6.77706e-02
 62   28 6.77089e-02
 62   30 6.51430e-02
 62   32 5.96151e-02
 62   34 6.43083e-02
 62   36 6.95912e-02
 62   38 6.97075e-02
 62   40 8.09428e-02
 62   42 7.49719e-02
 62   44 9.08499e-02
 62   46 9.94114e-02
 62   48 1.04537e-01
 62   50 1.33962e-01
 62   52 1.80491e-01
 62   54 1.68262e-01
 62   56 1.99023e-01
 62   58 5.06329e-01
 62   60 1.38576e+00
 62   62 1.85402e+01
 62   64 1.36826e+00
 62   66 4.86383e-01
 62   68 2.02943e-01
 62   70 1.70501e-01
 62   72 2.06390e-01
 62   74 1.35898e-01
 62   76 1.11022e-01
 62   78 1.09410e-01
 62   80 1.20289e-01
 62   82 7.32710e-02
 62   84 7.60721e-02
 62   86 7.65554e-02
 62   88 8.26825e-02
 62   90 7.14329e-02
 63    1 1.00249e-02
 63    3 2.50860e-02
 63    5 3.93190e-02
 63    7 5.63623e-02
 63    9 6.77731e-02
 63   11 6.94846e-02
 63   13 6.90824e-02
 63   15 7.11170e-02
 63   17 7.23373e-02
 63   19 6.42266e-02
 63   21 6.77012e-02
 63   23 6.89649e-02
 63   25 6.07948e-02
 63   27 5.40265e-02
 63   29 6.69188e-02
 63   31 6.45350e-02
 63   33 6.98820e-02
 63   35 6.79921e-02
 63   37 7.57056e-02
 63   39 7.50871e-02
 63   41 7.80099e-02
 63   43 8.72991e-02
 63   45 9.86869e-02
 63   47 1.09223e-01
 63   49 1.11251e-01
 63   51 1.35869e-01
 63   53 1.90716e-01
 63   55 1.75015e-01
 63   57 1.91245e-01
 63   59 4.86521e-01
 63   61 1.35135e+00
 63   63 1.82388e+01
 63   65 1.34088e+00
 63   67 4.80526e-01
 63   69 2.01607e-01
 63   71 1.67609e-01
 63   73 1.87533e-01
 63   75 1.33553e-01
 63   77 1.00209e-01
 63   79 1.12483e-01
 63   81 9.95459e-02
 63   83 7.97900e-02
 63   85 7.68259e-02
 63   87 8.81584e-02
 63   89 8.75953e-02
 64    0 2.84632e-03
 64    2 1.58234e-02
 64    4 2.89114e-02
 64    6 4.29723e-02
 64    8 5.76165e-02
 64   10 6.49412e-02
 64   12 6.61598e-02
 64   14 6.84286e-02
 64   16 7.05597e-02
 64   18 6.86598e-02
 64   20 5.90174e-02
 64   22 6.51183e-02
 64   24 6.48963e-02
 64   26 5.23800e-02
 64   28 6.18704e-02
 64   30 6.10038e-02
 64   32 7.85235e-02
 64   34 6.58159e-02
 64   36 6.57278e-02
 64   38 6.61274e-02
 64   40 7.19574e-02
 64   42 8.76007e-02
 64   44 7.94625e-02
 64   46 9.97716e-02
 64   48 1.07108e-01
 64   50 1.13554e-01
 64   52 1.36533e-01
 64   54 1.90975e-01
 64   56 1.67453e-01
 64   58 1.85555e-01
 64   60 4.78111e-01
 64   62 1.32952e+00
 64   64 1.80206e+01
 64   66 1.31569e+00
 64   68 4.72227e-01
 64   70 2.03209e-01
 64   72 1.58370e-01
 64   74 1.89540e-01
 64   76 1.32246e-01
 64   78 1.04576e-01
 64   80 9.91862e-02
 64   82 9.30652e-02
 64   84 7.73562e-02
 64   86 7.54040e-02
 64   88 8.88244e-02
 64   90 7.90817e-02
 65    1 1.08186e-02
 65    3 2.43575e-02
 65    5 4.06660e-02
 65    7 5.45625e-02
 65    9 6.52266e-02
 65   11 6.42154e-02
 65   13 6.22725e-02
 65   15 6.44927e-02
 65   17 6.53873e-02
 65   19 5.94604e-02
 65   21 4.82325e-02
 65   23 6.12063e-02
 65   25 5.79023e-02
 65   27 6.20552e-02
 65   29 5.71821e-02
 65   31 5.85515e-02
 65   33 5.70396e-02
 65   35 6.10033e-02
 65   37 6.48711e-02
 65   39 7.55455e-02
 65   41 7.81382e-02
 65   43 7.94361e-02
 65   45 8.33663e-02
 65   47 1.03661e-01
 65   49 1.15349e-01
 65   51 1.17100e-01
 65   53 1.40741e-01
 65   55 1.84215e-01
 65   57 1.61201e-01
 65   59 1.96109e-01
 65   61 4.68508e-01
 65   63 1.30361e+00
 65   65 1.77786e+01
 65   67 1.29320e+00
 65   69 4.73098e-01
 65   71 1.98219e-01
 65   73 1.63026e-01
 65   75 1.71014e-01
 65   77 1.28439e-01
 65   79 9.26101e-02
 65   81 1.03844e-01
 65   83 1.03400e-01
 65   85 7.96900e-02
 65   87 9.73195e-02
 65   89 8.64556e-02
 66    0 3.90134e-03
 66    2 1.59197e-02
 66    4 3.12906e-02
 66    6 4.64267e-02
 66    8 6.27697e-02
 66   10 6.37151e-02
 66   12 6.08646e-02
 66   14 6.00827e-02
 66   16 5.82067e-02
 66   18 6.52743e-02
 66   20 5.47104e-02
 66   22 5.41379e-02
 66   24 5.76699e-02
 66   26 6.28376e-02
 66   28 5.24579e-02
 66   30 5.70581e-02
 66   32 5.36522e-02
 66   34 6.11237e-02
 66   36 5.83440e-02
 66   38 6.65255e-02
 66   40 6.40435e-02
 66   42 7.44339e-02
 66   44 7.49060e-02
 66   46 8.29887e-02
 66   48 1.05913e-01
 66   50 1.06947e-01
 66   52 1.14988e-01
 66   54 1.32474e-01
 66   56 1.81144e-01
 66   58 1.60844e-01
 66   60 1.96428e-01
 66   62 4.59719e-01
 66   64 1.27979e+00
 66   66 1.75297e+01
 66   68 1.26725e+00
 66   70 4.59753e-01
 66   72 1.94391e-01
 66   74 1.62157e-01
 66   76 1.72656e-01
 66   78 1.23171e-01
 66   80 8.98605e-02
 66   82 1.12621e-01
 66   84 9.35856e-02
 66   86 7.88525e-02
 66   88 8.19253e-02
 66   90 9.27732e-02
 67    1 1.14357e-02
 67    3 2.47727e-02
 67    5 4.42066e-02
 67    7 6.28584e-02
 67    9 6.81877e-02
 67   11 6.78535e-02
 67   13 6.28474e-02
 67   15 5.99325e-02
 67   17 6.29903e-02
 67   19 6.47431e-02
 67   21 5.76444e-02
 67   23 5.42657e-02
 67   25 4.98150e-02
 67   27 4.61111e-02
 67   29 4.82186e-02
 67   31 5.21676e-02
 67   33 6.02786e-02
 67   35 5.95692e-02
 67   37 6.44573e-02
 67   39 6.62358e-02
 67   41 7.60825e-02
 67   43 7.47410e-02
 67   45 8.00406e-02
 67   47 7.87348e-02
 67   49 1.02105e-01
 67   51 1.12826e-01
 67   53 1.10064e-01
 67   55 1.28701e-01
 67   57 1.74400e-01
 67   59 1.66219e-01
 67   61 1.91910e-01
 67   63 4.54657e-01
 67   65 1.25855e+00
 67   67 1.73168e+01
 67   69 1.25626e+00
 67   71 4.63140e-01
 67   73 1.88318e-01
 67   75 1.42818e-01
 67   77 1.63645e-01
 67   79 1.19637e-01
 67   81 1.03445e-01
 67   83 8.94608e-02
 67   85 9.07437e-02
 67   87 8.55155e-02
 67   89 9.36157e-02
 68    0 3.84549e-03
 68    2 1.71262e-02
 68    4 3.24301e-02
 68    6 4.99650e-02
 68    8 6.30282e-02
 68   10 6.29056e-02
 68   12 5.73870e-02
 68   14 6.28331e-02
 68   16 5.60621e-02
 68   18 6.10583e-02
 68   20 5.98236e-02
 68   22 5.66140e-02
 68   24 5.10761e-02
 68   26 4.35559e-02
 68   28 4.94484e-02
 68   30 4.36454e-02
 68   32 5.50148e-02
 68   34 5.91525e-02
 68   36 6.36839e-02
 68   38 6.28410e-02
 68   40 6.91153e-02
 68   42 6.97688e-02
 68   44 8.28831e-02
 68   46 8.12310e-02
 68   48 7.47703e-02
 68   50 1.04082e-01
 68   52 1.09435e-01
 68   54 1.04743e-01
 68   56 1.26164e-01
 68   58 1.69516e-01
 68   60 1.62570e-01
 68   62 1.86771e-01
 68   64 4.47259e-01
 68   66 1.23391e+00
 68   68 1.70583e+01
 68   70 1.23433e+00
 68   72 4.53131e-01
 68   74 1.89183e-01
 68   76 1.38221e-01
 68   78 1.62056e-01
 68   80 1.22052e-01
 68   82 9.09316e-02
 68   84 9.57492e-02
 68   86 8.92270e-02
 68   88 9.66573e-02
 68   90 8.54864e-02
 69    1 1.16358e-02
 69    3 2.71248e-02
 69    5 4.28040e-02
 69    7 5.55695e-02
 69    9 6.67760e-02
 69   11 5.63753e-02
 69   13 6.01921e-02
 69   15 5.92579e-02
 69   17 5.98614e-02
 69   19 5.59494e-02
 69   21 5.87627e-02
 69   23 5.21470e-02
 69   25 5.45412e-02
 69   27 6.57165e-02
 69   29 5.39251e-02
 69   31 5.82850e-02
 69   33 5.27012e-02
 69   35 6.62092e-02
 69   37 6.33418e-02
 69   39 6.15575e-02
 69   41 6.09299e-02
 69   43 6.68669e-02
 69   45 7.55574e-02
 69   47 7.94880e-02
 69   49 8.09860e-02
 69   51 8.66599e-02
 69   53 1.05833e-01
 69   55 1.06111e-01
 69   57 1.22059e-01
 69   59 1.76790e-01
 69   61 1.57594e-01
 69   63 1.85824e-01
 69   65 4.48526e-01
 69   67 1.22379e+00
 69   69 1.68368e+01
 69   71 1.21022e+00
 69   73 4.34418e-01
 69   75 1.84527e-01
 69   77 1.37292e-01
 69   79 1.63254e-01
 69   81 1.13119e-01
 69   83 1.03648e-01
 69   85 9.01000e-02
 69   87 9.76498e-02
 69   89 8.35414e-02
 70    0 3.85678e-03
 70    2 1.81735e-02
 70    4 3.50466e-02
 70    6 4.81544e-02
 70    8 6.40429e-02
 70   10 6.46886e-02
 70   12 5.29102e-02
 70   14 5.26252e-02
 70   16 5.47001e-02
 70   18 5.37748e-02
 70   20 5.28929e-02
 70   22 5.83987e-02
 70   24 5.19931e-02
 70   26 5.27775e-02
 70   28 6.02860e-02
 70   30 5.66244e-02
 70   32 5.55709e-02
 70   34 5.26303e-02
 70   36 6.18930e-02
 70   38 6.23849e-02
 70   40 6.02521e-02
 70   42 6.35285e-02
 70   44 6.11052e-02
 70   46 7.70893e-02
 70   48 8.22058e-02
 70   50 8.35475e-02
 70   52 8.35888e-02
 70   54 1.04741e-01
 70   56 9.50240e-02
 70   58 1.35832e-01
 70   60 1.72327e-01
 70   62 1.52931e-01
 70   64 1.87579e-01
 70   66 4.36295e-01
 70   68 1.20300e+00
 70   70 1.66456e+01
 70   72 1.18816e+00
 70   74 4.28408e-01
 70   76 1.89006e-01
 70   78 1.29997e-01
 70   80 1.53135e-01
 70   82 1.17264e-01
 70   84 9.67917e-02
 70   86 8.68129e-02
 70   88 9.27920e-02
 70   90 8.23550e-02
 71    1 1.03984e-02
 71    3 2.66925e-02
 71    5 3.87156e-02
 71    7 5.19094e-02
 71    9 6.23756e-02
 71   11 5.55890e-02
 71   13 5.78044e-02
 71   15 5.59367e-02
 71   17 4.92485e-02
 71   19 5.10150e-02
 71   21 4.85702e-02
 71   23 5.88772e-02
 71   25 4.70549e-02
 71   27 4.38246e-02
 71   29 5.10193e-02
 71   31 6.03298e-02
 71   33 6.60318e-02
 71   35 5.90750e-02
 71   37 6.56494e-02
 71   39 5.95345e-02
 71   41 6.67951e-02
 71   43 6.48896e-02
 71   45 7.65842e-02
 71   47 8.25113e-02
 71   49 7.22981e-02
 71   51 8.08408e-02
 71   53 7.96492e-02
 71   55 1.04511e-01
 71   57 1.07430e-01
 71   59 1.18764e-01
 71   61 1.76804e-01
 71   63 1.50635e-01
 71   65 1.83238e-01
 71   67 4.39921e-01
 71   69 1.18004e+00
 71   71 1.64326e+01
 71   73 1.15999e+00
 71   75 4.23947e-01
 71   77 1.81447e-01
 71   79 1.36044e-01
 71   81 1.55659e-01
 71   83 1.22224e-01
 71   85 9.62290e-02
 71   87 9.73731e-02
 71   89 9.27039e-02
 72    0 4.18128e-03
 72    2 1.91343e-02
 72    4 3.39120e-02
 72    6 4.45058e-02
 72    8 5.61091e-02
 72   10 4.91166e-02
 72   12 4.95036e-02
 72   14 5.19167e-02
 72   16 5.23971e-02
 72   18 5.21545e-02
 72   20 5.22971e-02
 72   22 5.68169e-02
 72   24 5.15989e-02
 72   26 4.44675e-02
 72   28 4.06817e-02
 72   30 5.29053e-02
 72   32 6.52105e-02
 72   34 6.57359e-02
 72   36 5.97718e-02
 72   38 5.68633e-02
 72   40 6.29168e-02
 72   42 6.63097e-02
 72   44 7.03758e-02
 72   46 7.15745e-02
 72   48 7.83696e-02
 72   50 7.04212e-02
 72   52 7.99721e-02
 72   54 8.41624e-02
 72   56 1.06496e-01
 72   58 9.70194e-02
 72   60 1.16904e-01
 72   62 1.80586e-01
 72   64 1.42607e-01
 72   66 1.79953e-01
 72   68 4.30808e-01
 72   70 1.15905e+00
 72   72 1.62334e+01
 72   74 1.14304e+00
 72   76 4.17614e-01
 72   78 1.77908e-01
 72   80 1.24544e-01
 72   82 1.55455e-01
 72   84 1.20623e-01
 72   86 9.43268e-02
 72   88 9.40658e-02
 72   90 8.16393e-02
 73    1 1.28588e-02
 73    3 2.59325e-02
 73    5 3.91288e-02
 73    7 4.96733e-02
 73    9 5.17731e-02
 73   11 4.63256e-02
 73   13 5.03553e-02
 73   15 5.31128e-02
 73   17 5.56257e-02
 73   19 5.57504e-02
 73   21 5.30577e-02
 73   23 5.92399e-02
 73   25 6.44720e-02
 73   27 7.03814e-02
 73   29 6.83829e-02
 73   31 5.91975e-02
 73   33 6.05622e-02
 73   35 5.08441e-02
 73   37 5.35274e-02
 73   39 5.92567e-02
 73   41 6.35459e-02
 73   43 5.48453e-02
 73   45 6.59317e-02
 73   47 6.75122e-02
 73   49 6.63046e-02
 73   51 7.18938e-02
 73   53 6.87148e-02
 73   55 8.90843e-02
 73   57 9.39900e-02
 73   59 9.19256e-02
 73   61 1.24426e-01
 73   63 1.64484e-01
 73   65 1.47076e-01
 73   67 1.74570e-01
 73   69 4.13386e-01
 73   71 1.13206e+00
 73   73 1.60625e+01
 73   75 1.11191e+00
 73   77 4.04375e-01
 73   79 1.71229e-01
 73   81 1.48469e-01
 73   83 1.60116e-01
 73   85 1.27752e-01
 73   87 1.22422e-01
 73   89 8.77451e-02
 74    0 3.26202e-03
 74    2 1.71046e-02
 74    4 3.03815e-02
 74    6 4.38050e-02
 74    8 5.71099e-02
 74   10 5.62726e-02
 74   12 4.76120e-02
 74   14 4.85291e-02
 74   16 4.64067e-02
 74   18 4.97011e-02
 74   20 5.22486e-02
 74   22 5.67392e-02
 74   24 5.97270e-02
 74   26 6.45054e-02
 74   28 7.08715e-02
 74   30 5.42390e-02
 74   32 6.07281e-02
 74   34 5.49791e-02
 74   36 5.35432e-02
 74   38 5.10216e-02
 74   40 5.60720e-02
 74   42 6.54136e-02
 74   44 5.29579e-02
 74   46 6.60406e-02
 74   48 6.28072e-02
 74   50 6.52880e-02
 74   52 7.24551e-02
 74   54 7.03155e-02
 74   56 8.95909e-02
 74   58 9.33123e-02
 74   60 9.16452e-02
 74   62 1.16093e-01
 74   64 1.66636e-01
 74   66 1.46561e-01
 74   68 1.75607e-01
 74   70 4.08023e-01
 74   72 1.11599e+00
 74   74 1.58549e+01
 74   76 1.09080e+00
 74   78 3.99484e-01
 74   80 1.69454e-01
 74   82 1.38941e-01
 74   84 1.49506e-01
 74   86 1.26431e-01
 74   88 1.05488e-01
 74   90 1.00547e-01
 75    1 1.01184e-02
 75    3 1.95480e-02
 75    5 2.96747e-02
 75    7 3.78221e-02
 75    9 4.21993e-02
 75   11 4.17976e-02
 75   13 4.58604e-02
 75   15 4.80128e-02
 75   17 4.47434e-02
 75   19 4.46580e-02
 75   21 5.21198e-02
 75   23 5.15371e-02
 75   25 5.06516e-02
 75   27 4.84212e-02
 75   29 4.79311e-02
 75   31 6.30734e-02
 75   33 6.57453e-02
 75   35 7.17717e-02
 75   37 6.63076e-02
 75   39 5.87313e-02
 75   41 5.89973e-02
 75   43 7.45126e-02
 75   45 7.33192e-02
 75   47 6.93910e-02
 75   49 6.72738e-02
 75   51 7.38258e-02
 75   53 7.20606e-02
 75   55 7.22402e-02
 75   57 8.15630e-02
 75   59 9.51406e-02
 75   61 8.80765e-02
 75   63 1.14414e-01
 75   65 1.50694e-01
 75   67 1.29313e-01
 75   69 1.71509e-01
 75   71 4.04117e-01
 75   73 1.08605e+00
 75   75 1.56828e+01
 75   77 1.06713e+00
 75   79 3.95538e-01
 75   81 2.10983e-01
 75   83 1.51549e-01
 75   85 1.52787e-01
 75   87 1.31830e-01
 75   89 1.35233e-01
 76    0 2.50310e-03
 76    2 1.32843e-02
 76    4 2.42059e-02
 76    6 3.43247e-02
 76    8 4.38141e-02
 76   10 3.85218e-02
 76   12 3.59697e-02
 76   14 4.36544e-02
 76   16 4.39899e-02
 76   18 4.21681e-02
 76   20 4.33148e-02
 76   22 4.51974e-02
 76   24 5.15569e-02
 76   26 4.70952e-02
 76   28 4.72347e-02
 76   30 4.97891e-02
 76   32 6.06906e-02
 76   34 6.23987e-02
 76   36 6.43843e-02
 76   38 7.22615e-02
 76   40 5.78149e-02
 76   42 5.76571e-02
 76   44 6.56582e-02
 76   46 7.57374e-02
 76   48 6.51222e-02
 76   50 6.50666e-02
 76   52 7.64015e-02
 76   54 7.01519e-02
 76   56 6.93040e-02
 76   58 7.87115e-02
 76   60 9.00402e-02
 76   62 9.26749e-02
 76   64 1.13607e-01
 76   66 1.52482e-01
 76   68 1.25370e-01
 76   70 1.75897e-01
 76   72 3.98411e-01
 76   74 1.06586e+00
 76   76 1.54963e+01
 76   78 1.04952e+00
 76   80 3.92955e-01
 76   82 2.06971e-01
 76   84 1.56976e-01
 76   86 1.48827e-01
 76   88 1.53958e-01
 76   90 1.11136e-01
 77    1 7.75662e-03
 77    3 2.09725e-02
 77    5 3.21670e-02
 77    7 4.46165e-02
 77    9 4.98595e-02
 77   11 4.10271e-02
 77   13 4.29018e-02
 77   15 4.76127e-02
 77   17 5.23720e-02
 77   19 5.08856e-02
 77   21 4.96653e-02
 77   23 5.61486e-02
 77   25 6.28604e-02
 77   27 6.60609e-02
 77   29 7.18689e-02
 77   31 6.18143e-02
 77   33 4.28143e-02
 77   35 6.19311e-02
 77   37 5.88048e-02
 77   39 5.54833e-02
 77   41 6.00509e-02
 77   43 6.54611e-02
 77   45 6.57394e-02
 77   47 6.61628e-02
 77   49 7.50670e-02
 77   51 7.01887e-02
 77   53 6.77307e-02
 77   55 7.14652e-02
 77   57 7.17738e-02
 77   59 8.82913e-02
 77   61 9.84410e-02
 77   63 8.39188e-02
 77   65 1.10634e-01
 77   67 1.44841e-01
 77   69 1.24739e-01
 77   71 1.69073e-01
 77   73 3.86095e-01
 77   75 1.04315e+00
 77   77 1.53274e+01
 77   79 1.02987e+00
 77   81 4.04141e-01
 77   83 2.08248e-01
 77   85 1.41960e-01
 77   87 1.67572e-01
 77   89 1.06871e-01
 78    0 2.44753e-03
 78    2 1.32931e-02
 78    4 2.44838e-02
 78    6 3.66123e-02
 78    8 4.71135e-02
 78   10 4.50441e-02
 78   12 4.31424e-02
 78   14 4.31184e-02
 78   16 4.32653e-02
 78   18 4.95149e-02
 78   20 4.97166e-02
 78   22 5.23159e-02
 78   24 5.68684e-02
 78   26 6.03013e-02
 78   28 7.03190e-02
 78   30 7.22993e-02
 78   32 5.57687e-02
 78   34 4.54906e-02
 78   36 5.34351e-02
 78   38 6.73718e-02
 78   40 5.35750e-02
 78   42 6.07157e-02
 78   44 6.07283e-02
 78   46 5.95399e-02
 78   48 6.96487e-02
 78   50 7.47944e-02
 78   52 6.64572e-02
 78   54 6.83899e-02
 78   56 6.62570e-02
 78   58 6.90852e-02
 78   60 8.98507e-02
 78   62 8.93112e-02
 78   64 8.78526e-02
 78   66 1.06376e-01
 78   68 1.43741e-01
 78   70 1.18308e-01
 78   72 1.65977e-01
 78   74 3.81727e-01
 78   76 1.02633e+00
 78   78 1.51683e+01
 78   80 1.00464e+00
 78   82 4.03333e-01
 78   84 2.03303e-01
 78   86 1.42012e-01
 78   88 1.57649e-01
 78   90 1.10928e-01
 79    1 5.81015e-03
 79    3 1.45543e-02
 79    5 2.38718e-02
 79    7 3.19153e-02
 79    9 3.95586e-02
 79   11 3.39796e-02
 79   13 3.64590e-02
 79   15 3.60130e-02
 79   17 3.68098e-02
 79   19 3.94024e-02
 79   21 4.47080e-02
 79   23 4.27148e-02
 79   25 3.86947e-02
 79   27 5.01308e-02
 79   29 5.84885e-02
 79   31 7.21349e-02
 79   33 7.93438e-02
 79   35 6.99649e-02
 79   37 7.18577e-02
 79   39 7.65184e-02
 79   41 8.62942e-02
 79   43 7.26308e-02
 79   45 7.24627e-02
 79   47 7.45631e-02
 79   49 6.99432e-02
 79   51 7.73672e-02
 79   53 7.65577e-02
 79   55 7.46532e-02
 79   57 6.39651e-02
 79   59 6.54038e-02
 79   61 8.70682e-02
 79   63 9.21519e-02
 79   65 7.80395e-02
 79   67 1.03590e-01
 79   69 1.45105e-01
 79   71 1.24013e-01
 79   73 1.59937e-01
 79   75 3.78250e-01
 79   77 1.00750e+00
 79   79 1.50037e+01
 79   81 1.00016e+00
 79   83 3.95908e-01
 79   85 2.12390e-01
 79   87 1.71245e-01
 79   89 1.36130e-01
 80    0 1.99305e-03
 80    2 1.00418e-02
 80    4 1.97098e-02
 80    6 2.77585e-02
 80    8 3.78629e-02
 80   10 3.67073e-02
 80   12 3.70398e-02
 80   14 3.58803e-02
 80   16 3.83518e-02
 80   18 3.43364e-02
 80   20 4.24961e-02
 80   22 4.23324e-02
 80   24 4.07543e-02
 80   26 4.29615e-02
 80   28 4.91029e-02
 80   30 5.98888e-02
 80   32 7.24944e-02
 80   34 7.83471e-02
 80   36 7.31041e-02
 80   38 6.57156e-02
 80   40 7.99976e-02
 80   42 7.63749e-02
 80   44 7.73212e-02
 80   46 6.80358e-02
 80   48 7.48018e-02
 80   50 6.79389e-02
 80   52 7.56778e-02
 80   54 7.52440e-02
 80   56 7.76394e-02
 80   58 6.03272e-02
 80   60 6.20430e-02
 80   62 9.60946e-02
 80   64 8.15448e-02
 80   66 7.59499e-02
 80   68 1.05945e-01
 80   70 1.36388e-01
 80   72 1.13711e-01
 80   74 1.58464e-01
 80   76 3.76066e-01
 80   78 9.83180e-01
 80   80 1.48610e+01
 80   82 9.82215e-01
 80   84 3.89255e-01
 80   86 2.09250e-01
 80   88 1.67504e-01
 80   90 1.29307e-01
 81    1 5.45671e-03
 81    3 1.27113e-02
 81    5 2.12928e-02
 81    7 3.04822e-02
 81    9 3.45621e-02
 81   11 3.38726e-02
 81   13 3.52446e-02
 81   15 3.71353e-02
 81   17 3.66234e-02
 81   19 4.45973e-02
 81   21 5.12668e-02
 81   23 5.42081e-02
 81   25 6.01737e-02
 81   27 6.49063e-02
 81   29 5.30629e-02
 81   31 5.06301e-02
 81   33 5.64501e-02
 81   35 4.86534e-02
 81   37 5.54311e-02
 81   39 5.53445e-02
 81   41 5.55727e-02
 81   43 6.04018e-02
 81   45 5.44935e-02
 81   47 5.49774e-02
 81   49 5.79894e-02
 81   51 5.63480e-02
 81   53 6.26071e-02
 81   55 7.07674e-02
 81   57 6.71900e-02
 81   59 5.81396e-02
 81   61 6.08551e-02
 81   63 7.98401e-02
 81   65 8.56681e-02
 81   67 8.76882e-02
 81   69 9.84318e-02
 81   71 1.38913e-01
 81   73 1.35765e-01
 81   75 1.97524e-01
 81   77 3.87058e-01
 81   79 9.79159e-01
 81   81 1.47379e+01
 81   83 9.94965e-01
 81   85 4.01486e-01
 81   87 2.54073e-01
 81   89 1.69321e-01
 82    0 2.41078e-03
 82    2 9.10204e-03
 82    4 1.57861e-02
 82    6 2.37644e-02
 82    8 3.14513e-02
 82   10 3.22535e-02
 82   12 3.46998e-02
 82   14 3.69634e-02
 82   16 3.90379e-02
 82   18 3.67779e-02
 82   20 4.14269e-02
 82   22 5.03025e-02
 82   24 4.86830e-02
 82   26 6.06738e-02
 82   28 6.40505e-02
 82   30 5.52541e-02
 82   32 5.06655e-02
 82   34 5.18682e-02
 82   36 5.27501e-02
 82   38 5.15466e-02
 82   40 5.34826e-02
 82   42 5.66414e-02
 82   44 5.49085e-02
 82   46 5.91677e-02
 82   48 5.31284e-02
 82   50 5.74018e-02
 82   52 5.84780e-02
 82   54 5.82479e-02
 82   56 7.00785e-02
 82   58 6.84524e-02
 82   60 5.73353e-02
 82   62 5.73246e-02
 82   64 7.49323e-02
 82   66 9.32214e-02
 82   68 7.73016e-02
 82   70 1.02284e-01
 82   72 1.39001e-01
 82   74 1.27246e-01
 82   76 1.93984e-01
 82   78 3.86566e-01
 82   80 9.61929e-01
 82   82 1.46010e+01
 82   84 9.74782e-01
 82   86 3.94838e-01
 82   88 2.44387e-01
 82   90 1.72694e-01
 83    1 7.06011e-03
 83    3 1.53627e-02
 83    5 2.56764e-02
 83    7 3.52406e-02
 83    9 3.84416e-02
 83   11 4.08582e-02
 83   13 3.99721e-02
 83   15 3.89538e-02
 83   17 4.07655e-02
 83   19 3.78503e-02
 83   21 3.49373e-02
 83   23 4.64025e-02
 83   25 4.30097e-02
 83   27 4.61663e-02
 83   29 5.38250e-02
 83   31 5.64268e-02
 83   33 6.02006e-02
 83   35 6.37853e-02
 83   37 6.68955e-02
 83   39 6.49375e-02
 83   41 6.51784e-02
 83   43 6.55478e-02
 83   45 5.97891e-02
 83   47 5.52229e-02
 83   49 5.86812e-02
 83   51 6.56163e-02
 83   53 5.57665e-02
 83   55 6.23765e-02
 83   57 6.42798e-02
 83   59 5.81348e-02
 83   61 5.54405e-02
 83   63 6.26952e-02
 83   65 8.35689e-02
 83   67 7.42937e-02
 83   69 8.83586e-02
 83   71 1.06859e-01
 83   73 1.43442e-01
 83   75 1.38999e-01
 83   77 1.95395e-01
 83   79 3.79720e-01
 83   81 9.74756e-01
 83   83 1.43861e+01
 83   85 9.47688e-01
 83   87 4.22549e-01
 83   89 2.28721e-01
 84    0 2.10609e-03
 84    2 1.00204e-02
 84    4 1.79326e-02
 84    6 2.88634e-02
 84    8 3.59327e-02
 84   10 3.64634e-02
 84   12 3.75236e-02
 84   14 3.67939e-02
 84   16 3.58294e-02
 84   18 4.23741e-02
 84   20 3.84408e-02
 84   22 3.49174e-02
 84   24 4.06562e-02
 84   26 4.12279e-02
 84   28 4.64675e-02
 84   30 5.28043e-02
 84   32 6.00776e-02
 84   34 5.81288e-02
 84   36 6.18044e-02
 84   38 6.55509e-02
 84   40 6.20973e-02
 84   42 6.43737e-02
 84   44 6.81036e-02
 84   46 5.80401e-02
 84   48 5.38858e-02
 84   50 5.59002e-02
 84   52 7.08637e-02
 84   54 5.83990e-02
 84   56 5.84680e-02
 84   58 6.09026e-02
 84   60 6.15838e-02
 84   62 5.83272e-02
 84   64 6.10399e-02
 84   66 7.59174e-02
 84   68 7.97712e-02
 84   70 8.27399e-02
 84   72 1.05702e-01
 84   74 1.34186e-01
 84   76 1.44188e-01
 84   78 1.90959e-01
 84   80 3.73601e-01
 84   82 9.55310e-01
 84   84 1.42585e+01
 84   86 9.31278e-01
 84   88 4.15735e-01
 84   90 2.23012e-01
 85    1 5.70743e-03
 85    3 1.46540e-02
 85    5 2.37816e-02
 85    7 3.60504e-02
 85    9 4.25647e-02
 85   11 4.14905e-02
 85   13 4.73745e-02
 85   15 4.56354e-02
 85   17 4.69611e-02
 85   19 5.24674e-02
 85   21 5.11048e-02
 85   23 5.56698e-02
 85   25 6.29997e-02
 85   27 5.39107e-02
 85   29 6.09397e-02
 85   31 5.24872e-02
 85   33 5.69971e-02
 85   35 6.04523e-02
 85   37 6.06081e-02
 85   39 6.33476e-02
 85   41 6.27526e-02
 85   43 5.05836e-02
 85   45 5.66901e-02
 85   47 6.14590e-02
 85   49 5.48729e-02
 85   51 5.62146e-02
 85   53 6.52505e-02
 85   55 6.30556e-02
 85   57 5.89912e-02
 85   59 5.90721e-02
 85   61 6.03449e-02
 85   63 5.91802e-02
 85   65 6.31411e-02
 85   67 7.38786e-02
 85   69 7.53003e-02
 85   71 8.24793e-02
 85   73 1.12200e-01
 85   75 1.37382e-01
 85   77 1.30581e-01
 85   79 1.99704e-01
 85   81 3.85604e-01
 85   83 9.29069e-01
 85   85 1.43418e+01
 85   87 9.88949e-01
 85   89 3.83771e-01
 86    0 2.17710e-03
 86    2 1.09308e-02
 86    4 1.95532e-02
 86    6 2.76327e-02
 86    8 4.01183e-02
 86   10 3.53036e-02
 86   12 3.82372e-02
 86   14 4.48599e-02
 86   16 4.67673e-02
 86   18 4.68430e-02
 86   20 5.38840e-02
 86   22 4.89373e-02
 86   24 5.68640e-02
 86   26 5.76075e-02
 86   28 5.65088e-02
 86   30 5.45480e-02
 86   32 5.36281e-02
 86   34 5.32274e-02
 86   36 6.25831e-02
 86   38 6.09047e-02
 86   40 6.00727e-02
 86   42 6.34167e-02
 86   44 4.81925e-02
 86   46 5.57990e-02
 86   48 5.91397e-02
 86   50 5.38672e-02
 86   52 5.50476e-02
 86   54 6.57738e-02
 86   56 6.09942e-02
 86   58 5.48151e-02
 86   60 6.15246e-02
 86   62 5.75636e-02
 86   64 5.83497e-02
 86   66 6.27298e-02
 86   68 7.29009e-02
 86   70 7.27758e-02
 86   72 8.10609e-02
 86   74 1.11283e-01
 86   76 1.34060e-01
 86   78 1.30812e-01
 86   80 1.96954e-01
 86   82 3.79474e-01
 86   84 9.13283e-01
 86   86 1.42200e+01
 86   88 9.70838e-01
 86   90 3.78892e-01
 87    1 5.73245e-03
 87    3 1.49864e-02
 87    5 2.26149e-02
 87    7 3.14131e-02
 87    9 3.49757e-02
 87   11 3.61521e-02
 87   13 3.56373e-02
 87   15 3.78425e-02
 87   17 3.48304e-02
 87   19 3.78503e-02
 87   21 3.63870e-02
 87   23 3.61311e-02
 87   25 4.18543e-02
 87   27 4.41336e-02
 87   29 4.47037e-02
 87   31 4.98024e-02
 87   33 4.74153e-02
 87   35 4.49523e-02
 87   37 4.52708e-02
 87   39 5.10254e-02
 87   41 5.23348e-02
 87   43 5.28510e-02
 87   45 4.46890e-02
 87   47 5.37470e-02
 87   49 5.30268e-02
 87   51 5.51203e-02
 87   53 5.73271e-02
 87   55 6.17594e-02
 87   57 5.28434e-02
 87   59 5.88091e-02
 87   61 5.65253e-02
 87   63 6.66191e-02
 87   65 7.56441e-02
 87   67 6.82989e-02
 87   69 8.00589e-02
 87   71 8.18737e-02
 87   73 1.05475e-01
 87   75 1.16285e-01
 87   77 1.51210e-01
 87   79 1.57957e-01
 87   81 2.39384e-01
 87   83 4.06375e-01
 87   85 9.70154e-01
 87   87 1.48232e+01
 87   89 1.02702e+00
 88    0 1.79765e-03
 88    2 1.12093e-02
 88    4 1.88970e-02
 88    6 2.80761e-02
 88    8 3.55757e-02
 88   10 3.44899e-02
 88   12 3.18711e-02
 88   14 3.75258e-02
 88   16 3.51758e-02
 88   18 3.84224e-02
 88   20 3.70016e-02
 88   22 3.87798e-02
 88   24 3.58982e-02
 88   26 4.23364e-02
 88   28 4.00161e-02
 88   30 4.60165e-02
 88   32 4.55330e-02
 88   34 4.62891e-02
 88   36 4.25381e-02
 88   38 4.36344e-02
 88   40 5.06215e-02
 88   42 5.40458e-02
 88   44 4.54458e-02
 88   46 5.06683e-02
 88   48 5.00373e-02
 88   50 5.12462e-02
 88   52 5.38225e-02
 88   54 5.84688e-02
 88   56 5.57533e-02
 88   58 5.64188e-02
 88   60 5.28179e-02
 88   62 6.10085e-02
 88   64 6.74499e-02
 88   66 6.39559e-02
 88   68 7.74954e-02
 88   70 7.63340e-02
 88   72 7.93255e-02
 88   74 9.11140e-02
 88   76 1.36090e-01
 88   78 1.42501e-01
 88   80 1.54714e-01
 88   82 2.30487e-01
 88   84 4.00080e-01
 88   86 9.52690e-01
 88   88 1.46715e+01
 88   90 1.02279e+00
 89    1 5.46689e-03
 89    3 1.14623e-02
 89    5 2.20953e-02
 89    7 2.90351e-02
 89    9 3.53471e-02
 89   11 3.81767e-02
 89   13 4.22059e-02
 89   15 4.86201e-02
 89   17 5.48534e-02
 89   19 5.35105e-02
 89   21 6.03966e-02
 89   23 5.61013e-02
 89   25 5.09651e-02
 89   27 4.91453e-02
 89   29 4.57243e-02
 89   31 5.40766e-02
 89   33 5.75449e-02
 89   35 5.81979e-02
 89   37 5.92167e-02
 89   39 5.76664e-02
 89   41 5.68813e-02
 89   43 5.62430e-02
 89   45 5.90289e-02
 89   47 5.07088e-02
 89   49 5.67366e-02
 89   51 6.07846e-02
 89   53 6.41955e-02
 89   55 5.59063e-02
 89   57 6.85273e-02
 89   59 5.58163e-02
 89   61 5.34121e-02
 89   63 6.49765e-02
 89   65 6.59642e-02
 89   67 7.33934e-02
 89   69 6.72326e-02
 89   71 7.65145e-02
 89   73 7.42084e-02
 89   75 1.17093e-01
 89   77 9.46630e-02
 89   79 1.23258e-01
 89   81 1.56599e-01
 89   83 2.15921e-01
 89   85 3.69555e-01
 89   87 1.00813e+00
 89   89 1.58507e+01
 90    0 1.82698e-03
 90    2 7.76696e-03
 90    4 1.47949e-02
 90    6 2.27243e-02
 90    8 3.18459e-02
 90   10 3.18676e-02
 90   12 3.64565e-02
 90   14 3.85578e-02
 90   16 4.79479e-02
 90   18 5.21812e-02
 90   20 5.40553e-02
 90   22 5.44917e-02
 90   24 5.76921e-02
 90   26 5.04148e-02
 90   28 4.55586e-02
 90   30 4.40028e-02
 90   32 5.02609e-02
 90   34 6.29652e-02
 90   36 5.70711e-02
 90   38 6.41581e-02
 90   40 5.44913e-02
 90   42 5.43049e-02
 90   44 6.25914e-02
 90   46 5.63316e-02
 90   48 5.51795e-02
 90   50 5.41253e-02
 90   52 6.52411e-02
 90   54 5.99773e-02
 90   56 6.15914e-02
 90   58 6.35047e-02
 90   60 5.75579e-02
 90   62 5.17545e-02
 90   64 5.89655e-02
 90   66 7.11145e-02
 90   68 6.72995e-02
 90   70 6.65228e-02
 90   72 6.76010e-02
 90   74 8.52757e-02
 90   76 9.64616e-02
 90   78 9.84557e-02
 90   80 1.17274e-01
 90   82 1.59926e-01
 90   84 2.10733e-01
 90   86 3.65085e-01
 90   88 1.00429e+00
