# C+CO2(ji) -> C+CO2(jf) molscat cross sections, CS8_JMAX90 approx. (written on 08/06/2020); 
# E=9240.000000 (1/cm) = 1.14561398391 eV
# ji  jf sigma(ji,jf) (1e-16 cm^2)
  0    0 1.99971e+02
  0    2 2.65481e+01
  0    4 1.15405e+01
  0    6 5.39504e+00
  0    8 2.81716e+00
  0   10 1.70409e+00
  0   12 1.53904e+00
  0   14 1.43570e+00
  0   16 1.06228e+00
  0   18 1.02898e+00
  0   20 1.11873e+00
  0   22 9.20399e-01
  0   24 8.41051e-01
  0   26 8.99811e-01
  0   28 8.38344e-01
  0   30 7.44700e-01
  0   32 7.30676e-01
  0   34 7.15249e-01
  0   36 6.60308e-01
  0   38 6.29652e-01
  0   40 6.21863e-01
  0   42 5.84796e-01
  0   44 6.09723e-01
  0   46 5.57834e-01
  0   48 5.94087e-01
  0   50 5.39990e-01
  0   52 6.99355e-01
  0   54 4.95956e-01
  0   56 6.96416e-01
  0   58 4.73285e-01
  0   60 8.97344e-01
  0   62 4.22991e-01
  0   64 8.51225e-01
  0   66 3.88817e-01
  0   68 7.86431e-01
  0   70 3.93431e-01
  0   72 5.89606e-01
  0   74 3.34524e-01
  0   76 5.72648e-01
  0   78 4.09364e-01
  0   80 5.76376e-01
  0   82 4.70122e-01
  0   84 4.68944e-01
  0   86 5.67352e-01
  0   88 2.18534e-01
  0   90 3.81306e-01
  1    1 2.10692e+02
  1    3 2.10530e+01
  1    5 8.90366e+00
  1    7 4.23339e+00
  1    9 2.29430e+00
  1   11 1.62783e+00
  1   13 1.51084e+00
  1   15 1.27938e+00
  1   17 1.05813e+00
  1   19 1.06861e+00
  1   21 1.02121e+00
  1   23 8.99056e-01
  1   25 8.79193e-01
  1   27 8.69628e-01
  1   29 7.90843e-01
  1   31 7.46148e-01
  1   33 7.21603e-01
  1   35 6.81770e-01
  1   37 6.47518e-01
  1   39 6.20861e-01
  1   41 5.96793e-01
  1   43 6.01449e-01
  1   45 5.64380e-01
  1   47 6.03475e-01
  1   49 5.53165e-01
  1   51 6.76590e-01
  1   53 5.06375e-01
  1   55 7.21240e-01
  1   57 4.91483e-01
  1   59 8.63823e-01
  1   61 4.38744e-01
  1   63 8.49786e-01
  1   65 4.14811e-01
  1   67 8.02103e-01
  1   69 4.21748e-01
  1   71 6.37807e-01
  1   73 3.43877e-01
  1   75 5.90748e-01
  1   77 4.21645e-01
  1   79 5.59153e-01
  1   81 4.94955e-01
  1   83 5.02805e-01
  1   85 5.86426e-01
  1   87 2.24359e-01
  1   89 3.78345e-01
  2    0 5.31097e+00
  2    2 2.10884e+02
  2    4 1.83346e+01
  2    6 7.53433e+00
  2    8 3.60621e+00
  2   10 2.13654e+00
  2   12 1.58495e+00
  2   14 1.35453e+00
  2   16 1.20994e+00
  2   18 1.08070e+00
  2   20 1.01350e+00
  2   22 9.70539e-01
  2   24 8.96816e-01
  2   26 8.60207e-01
  2   28 8.29920e-01
  2   30 7.78174e-01
  2   32 7.31774e-01
  2   34 7.02871e-01
  2   36 6.69338e-01
  2   38 6.30197e-01
  2   40 6.16782e-01
  2   42 6.02818e-01
  2   44 6.03440e-01
  2   46 5.56019e-01
  2   48 5.93560e-01
  2   50 5.62143e-01
  2   52 6.56255e-01
  2   54 5.32409e-01
  2   56 6.90134e-01
  2   58 5.02186e-01
  2   60 8.30831e-01
  2   62 4.66991e-01
  2   64 8.01696e-01
  2   66 4.44607e-01
  2   68 7.38729e-01
  2   70 4.14433e-01
  2   72 6.01195e-01
  2   74 3.43160e-01
  2   76 5.83851e-01
  2   78 4.34973e-01
  2   80 5.39492e-01
  2   82 4.59889e-01
  2   84 4.82811e-01
  2   86 5.76908e-01
  2   88 2.26722e-01
  2   90 3.65320e-01
  3    1 9.02653e+00
  3    3 2.10548e+02
  3    5 1.68558e+01
  3    7 6.77489e+00
  3    9 3.33478e+00
  3   11 2.03953e+00
  3   13 1.47311e+00
  3   15 1.32182e+00
  3   17 1.21448e+00
  3   19 1.02201e+00
  3   21 9.70631e-01
  3   23 9.78552e-01
  3   25 8.87975e-01
  3   27 8.22310e-01
  3   29 8.16818e-01
  3   31 7.76032e-01
  3   33 7.17306e-01
  3   35 6.80588e-01
  3   37 6.56312e-01
  3   39 6.37196e-01
  3   41 6.12545e-01
  3   43 5.96969e-01
  3   45 5.72490e-01
  3   47 6.11724e-01
  3   49 5.80007e-01
  3   51 6.33505e-01
  3   53 5.57044e-01
  3   55 6.78521e-01
  3   57 5.46959e-01
  3   59 7.75682e-01
  3   61 5.01145e-01
  3   63 7.71436e-01
  3   65 4.88400e-01
  3   67 7.36506e-01
  3   69 4.51622e-01
  3   71 6.41079e-01
  3   73 3.59130e-01
  3   75 5.99981e-01
  3   77 4.41554e-01
  3   79 5.38638e-01
  3   81 4.84546e-01
  3   83 5.03307e-01
  3   85 5.91762e-01
  3   87 2.34322e-01
  3   89 3.69690e-01
  4    0 1.28337e+00
  4    2 1.01919e+01
  4    4 2.10152e+02
  4    6 1.59388e+01
  4    8 6.37660e+00
  4   10 3.17982e+00
  4   12 1.91241e+00
  4   14 1.42262e+00
  4   16 1.30284e+00
  4   18 1.16391e+00
  4   20 1.00300e+00
  4   22 9.71385e-01
  4   24 9.49584e-01
  4   26 8.60122e-01
  4   28 8.19342e-01
  4   30 7.97615e-01
  4   32 7.46162e-01
  4   34 7.00151e-01
  4   36 6.71871e-01
  4   38 6.47049e-01
  4   40 6.23115e-01
  4   42 6.13577e-01
  4   44 5.90114e-01
  4   46 5.76121e-01
  4   48 5.94681e-01
  4   50 5.85481e-01
  4   52 6.16207e-01
  4   54 5.79216e-01
  4   56 6.51758e-01
  4   58 5.82681e-01
  4   60 7.06457e-01
  4   62 5.38935e-01
  4   64 7.14115e-01
  4   66 5.14191e-01
  4   68 6.91242e-01
  4   70 4.59988e-01
  4   72 6.11126e-01
  4   74 3.63310e-01
  4   76 5.94679e-01
  4   78 4.42232e-01
  4   80 5.17391e-01
  4   82 4.67893e-01
  4   84 4.85635e-01
  4   86 5.80108e-01
  4   88 2.24167e-01
  4   90 3.50861e-01
  5    1 2.43115e+00
  5    3 1.07346e+01
  5    5 2.10059e+02
  5    7 1.54405e+01
  5    9 6.11913e+00
  5   11 3.00459e+00
  5   13 1.85637e+00
  5   15 1.42170e+00
  5   17 1.25347e+00
  5   19 1.11876e+00
  5   21 9.99001e-01
  5   23 9.61487e-01
  5   25 9.23134e-01
  5   27 8.45802e-01
  5   29 8.08378e-01
  5   31 7.89561e-01
  5   33 7.33256e-01
  5   35 6.81590e-01
  5   37 6.66726e-01
  5   39 6.50883e-01
  5   41 6.28051e-01
  5   43 5.99047e-01
  5   45 5.98980e-01
  5   47 5.95009e-01
  5   49 6.15088e-01
  5   51 6.06380e-01
  5   53 6.02248e-01
  5   55 6.26654e-01
  5   57 6.26576e-01
  5   59 6.67669e-01
  5   61 5.75301e-01
  5   63 6.77902e-01
  5   65 5.60717e-01
  5   67 6.80443e-01
  5   69 4.98808e-01
  5   71 6.37568e-01
  5   73 3.86668e-01
  5   75 6.07492e-01
  5   77 4.49636e-01
  5   79 5.28852e-01
  5   81 4.95437e-01
  5   83 4.94037e-01
  5   85 5.81022e-01
  5   87 2.35054e-01
  5   89 3.64621e-01
  6    0 4.15741e-01
  6    2 2.90223e+00
  6    4 1.10448e+01
  6    6 2.09993e+02
  6    8 1.50853e+01
  6   10 5.89234e+00
  6   12 2.91071e+00
  6   14 1.82535e+00
  6   16 1.36854e+00
  6   18 1.22179e+00
  6   20 1.12498e+00
  6   22 9.87302e-01
  6   24 9.30453e-01
  6   26 9.12504e-01
  6   28 8.37583e-01
  6   30 7.82400e-01
  6   32 7.60597e-01
  6   34 7.23078e-01
  6   36 6.82070e-01
  6   38 6.58355e-01
  6   40 6.39433e-01
  6   42 6.18340e-01
  6   44 6.00814e-01
  6   46 6.03427e-01
  6   48 5.83410e-01
  6   50 6.09898e-01
  6   52 5.97307e-01
  6   54 6.35354e-01
  6   56 5.98190e-01
  6   58 6.38677e-01
  6   60 6.19072e-01
  6   62 6.02750e-01
  6   64 6.32890e-01
  6   66 5.63586e-01
  6   68 6.34658e-01
  6   70 5.03868e-01
  6   72 6.23280e-01
  6   74 3.91734e-01
  6   76 5.98351e-01
  6   78 4.40457e-01
  6   80 5.08943e-01
  6   82 4.83233e-01
  6   84 4.77597e-01
  6   86 5.60424e-01
  6   88 2.25732e-01
  6   90 3.59801e-01
  7    1 8.48614e-01
  7    3 3.16750e+00
  7    5 1.13355e+01
  7    7 2.10086e+02
  7    9 1.47826e+01
  7   11 5.74187e+00
  7   13 2.86640e+00
  7   15 1.78286e+00
  7   17 1.33938e+00
  7   19 1.21511e+00
  7   21 1.10923e+00
  7   23 9.69985e-01
  7   25 9.24690e-01
  7   27 9.00132e-01
  7   29 8.27947e-01
  7   31 7.74314e-01
  7   33 7.50101e-01
  7   35 7.10143e-01
  7   37 6.80788e-01
  7   39 6.53202e-01
  7   41 6.35740e-01
  7   43 6.11085e-01
  7   45 6.15215e-01
  7   47 6.03662e-01
  7   49 6.30907e-01
  7   51 5.90740e-01
  7   53 6.47528e-01
  7   55 5.88300e-01
  7   57 6.73138e-01
  7   59 6.01577e-01
  7   61 6.39850e-01
  7   63 6.04563e-01
  7   65 6.04588e-01
  7   67 6.25028e-01
  7   69 5.30563e-01
  7   71 6.41489e-01
  7   73 4.12824e-01
  7   75 6.26437e-01
  7   77 4.47683e-01
  7   79 5.20046e-01
  7   81 4.95627e-01
  7   83 4.99267e-01
  7   85 5.63064e-01
  7   87 2.38266e-01
  7   89 3.69228e-01
  8    0 1.66221e-01
  8    2 1.06361e+00
  8    4 3.38328e+00
  8    6 1.15504e+01
  8    8 2.10091e+02
  8   10 1.45696e+01
  8   12 5.63673e+00
  8   14 2.77933e+00
  8   16 1.73692e+00
  8   18 1.33540e+00
  8   20 1.20073e+00
  8   22 1.08631e+00
  8   24 9.59602e-01
  8   26 9.11479e-01
  8   28 8.77997e-01
  8   30 8.05217e-01
  8   32 7.58799e-01
  8   34 7.42913e-01
  8   36 7.10025e-01
  8   38 6.72067e-01
  8   40 6.45128e-01
  8   42 6.36231e-01
  8   44 6.16722e-01
  8   46 6.15457e-01
  8   48 5.97820e-01
  8   50 6.27205e-01
  8   52 5.96281e-01
  8   54 6.57033e-01
  8   56 5.73468e-01
  8   58 6.59124e-01
  8   60 5.82299e-01
  8   62 6.49239e-01
  8   64 5.77242e-01
  8   66 5.90408e-01
  8   68 5.92349e-01
  8   70 5.27986e-01
  8   72 6.23032e-01
  8   74 4.22189e-01
  8   76 6.03816e-01
  8   78 4.35789e-01
  8   80 5.03800e-01
  8   82 4.81219e-01
  8   84 4.80075e-01
  8   86 5.57941e-01
  8   88 2.32915e-01
  8   90 3.57287e-01
  9    1 3.63609e-01
  9    3 1.23266e+00
  9    5 3.55167e+00
  9    7 1.16873e+01
  9    9 1.80337e+02
  9   11 1.36585e+01
  9   13 5.24207e+00
  9   15 2.52586e+00
  9   17 1.55962e+00
  9   19 1.17309e+00
  9   21 1.05285e+00
  9   23 9.70055e-01
  9   25 8.51947e-01
  9   27 8.07259e-01
  9   29 7.84919e-01
  9   31 7.25915e-01
  9   33 6.84091e-01
  9   35 6.69030e-01
  9   37 6.39676e-01
  9   39 6.03864e-01
  9   41 5.94945e-01
  9   43 5.77660e-01
  9   45 5.90580e-01
  9   47 5.73862e-01
  9   49 5.84027e-01
  9   51 5.54499e-01
  9   53 6.19346e-01
  9   55 5.51099e-01
  9   57 6.31137e-01
  9   59 5.40311e-01
  9   61 6.34679e-01
  9   63 5.33053e-01
  9   65 5.82236e-01
  9   67 5.54510e-01
  9   69 5.17032e-01
  9   71 5.95857e-01
  9   73 4.15017e-01
  9   75 6.04490e-01
  9   77 4.24255e-01
  9   79 5.07176e-01
  9   81 4.62380e-01
  9   83 4.64641e-01
  9   85 5.38281e-01
  9   87 2.15621e-01
  9   89 3.31554e-01
 10    0 8.15256e-02
 10    2 5.10945e-01
 10    4 1.36798e+00
 10    6 3.65816e+00
 10    8 1.18135e+01
 10   10 1.58066e+02
 10   12 1.26840e+01
 10   14 4.93208e+00
 10   16 2.35925e+00
 10   18 1.42897e+00
 10   20 1.05726e+00
 10   22 9.51523e-01
 10   24 8.71878e-01
 10   26 7.55591e-01
 10   28 7.10728e-01
 10   30 6.95691e-01
 10   32 6.43843e-01
 10   34 6.14126e-01
 10   36 6.01410e-01
 10   38 5.70211e-01
 10   40 5.41997e-01
 10   42 5.29601e-01
 10   44 5.26116e-01
 10   46 5.27135e-01
 10   48 5.14285e-01
 10   50 5.25005e-01
 10   52 5.09553e-01
 10   54 5.46057e-01
 10   56 4.81569e-01
 10   58 5.59672e-01
 10   60 4.65598e-01
 10   62 5.59313e-01
 10   64 4.48610e-01
 10   66 5.21302e-01
 10   68 4.54213e-01
 10   70 4.65852e-01
 10   72 4.97901e-01
 10   74 3.68353e-01
 10   76 5.19478e-01
 10   78 3.59528e-01
 10   80 4.22327e-01
 10   82 3.83616e-01
 10   84 3.91459e-01
 10   86 4.52829e-01
 10   88 1.65346e-01
 10   90 2.56495e-01
 11    1 2.13497e-01
 11    3 6.23891e-01
 11    5 1.44320e+00
 11    7 3.75678e+00
 11    9 1.13033e+01
 11   11 1.41045e+02
 11   13 1.17247e+01
 11   15 4.67328e+00
 11   17 2.22345e+00
 11   19 1.32727e+00
 11   21 9.85140e-01
 11   23 8.88249e-01
 11   25 8.09951e-01
 11   27 6.98578e-01
 11   29 6.61446e-01
 11   31 6.53761e-01
 11   33 6.04871e-01
 11   35 5.65731e-01
 11   37 5.54003e-01
 11   39 5.35422e-01
 11   41 5.08385e-01
 11   43 5.06664e-01
 11   45 5.03403e-01
 11   47 4.87728e-01
 11   49 4.86181e-01
 11   51 4.76909e-01
 11   53 5.04470e-01
 11   55 4.45534e-01
 11   57 5.12425e-01
 11   59 4.16186e-01
 11   61 5.17576e-01
 11   63 3.85235e-01
 11   65 4.94611e-01
 11   67 3.78115e-01
 11   69 4.44595e-01
 11   71 4.22788e-01
 11   73 3.49357e-01
 11   75 4.62624e-01
 11   77 3.49078e-01
 11   79 3.86527e-01
 11   81 3.28646e-01
 11   83 3.45926e-01
 11   85 3.66660e-01
 11   87 1.59344e-01
 11   89 2.22732e-01
 12    0 6.19698e-02
 12    2 3.19012e-01
 12    4 6.92448e-01
 12    6 1.52090e+00
 12    8 3.84666e+00
 12   10 1.06754e+01
 12   12 1.27710e+02
 12   14 1.08169e+01
 12   16 4.40253e+00
 12   18 2.08945e+00
 12   20 1.24452e+00
 12   22 9.13488e-01
 12   24 8.13681e-01
 12   26 7.36367e-01
 12   28 6.32921e-01
 12   30 6.00534e-01
 12   32 6.01864e-01
 12   34 5.56555e-01
 12   36 5.16790e-01
 12   38 5.08317e-01
 12   40 4.89232e-01
 12   42 4.67046e-01
 12   44 4.65258e-01
 12   46 4.60513e-01
 12   48 4.47747e-01
 12   50 4.45869e-01
 12   52 4.45337e-01
 12   54 4.47706e-01
 12   56 4.09292e-01
 12   58 4.59931e-01
 12   60 3.65721e-01
 12   62 4.59339e-01
 12   64 3.18313e-01
 12   66 4.62078e-01
 12   68 3.04881e-01
 12   70 4.21055e-01
 12   72 3.32121e-01
 12   74 3.18328e-01
 12   76 3.67563e-01
 12   78 3.12548e-01
 12   80 3.07125e-01
 12   82 2.73301e-01
 12   84 2.92410e-01
 12   86 3.05515e-01
 12   88 1.37036e-01
 12   90 2.00354e-01
 13    1 1.69157e-01
 13    3 3.84681e-01
 13    5 7.61189e-01
 13    7 1.60099e+00
 13    9 3.70331e+00
 13   11 1.00090e+01
 13   13 1.17062e+02
 13   15 9.99333e+00
 13   17 4.14475e+00
 13   19 1.98613e+00
 13   21 1.18222e+00
 13   23 8.57329e-01
 13   25 7.61233e-01
 13   27 6.91886e-01
 13   29 5.98411e-01
 13   31 5.66825e-01
 13   33 5.57800e-01
 13   35 5.16376e-01
 13   37 4.83153e-01
 13   39 4.79395e-01
 13   41 4.68237e-01
 13   43 4.49437e-01
 13   45 4.32563e-01
 13   47 4.28666e-01
 13   49 4.15684e-01
 13   51 4.29262e-01
 13   53 3.97647e-01
 13   55 3.91930e-01
 13   57 3.98079e-01
 13   59 3.46955e-01
 13   61 3.97600e-01
 13   63 2.90458e-01
 13   65 4.10711e-01
 13   67 2.55007e-01
 13   69 4.00561e-01
 13   71 2.81655e-01
 13   73 3.20706e-01
 13   75 3.16705e-01
 13   77 3.08896e-01
 13   79 3.01065e-01
 13   81 2.72820e-01
 13   83 2.65511e-01
 13   85 2.89478e-01
 13   87 1.30797e-01
 13   89 1.94338e-01
 14    0 4.99498e-02
 14    2 2.35569e-01
 14    4 4.45078e-01
 14    6 8.24119e-01
 14    8 1.63884e+00
 14   10 3.58672e+00
 14   12 9.34633e+00
 14   14 1.08169e+02
 14   16 9.23749e+00
 14   18 3.90153e+00
 14   20 1.87815e+00
 14   22 1.11116e+00
 14   24 7.93221e-01
 14   26 7.01844e-01
 14   28 6.39444e-01
 14   30 5.53481e-01
 14   32 5.27469e-01
 14   34 5.20122e-01
 14   36 4.83778e-01
 14   38 4.46834e-01
 14   40 4.40333e-01
 14   42 4.26712e-01
 14   44 4.15805e-01
 14   46 3.92724e-01
 14   48 4.02731e-01
 14   50 3.68275e-01
 14   52 3.88688e-01
 14   54 3.36966e-01
 14   56 3.70573e-01
 14   58 3.24434e-01
 14   60 3.11413e-01
 14   62 3.14197e-01
 14   64 2.68298e-01
 14   66 3.45747e-01
 14   68 2.33220e-01
 14   70 3.57476e-01
 14   72 2.52891e-01
 14   74 2.92369e-01
 14   76 2.93862e-01
 14   78 2.87542e-01
 14   80 2.88403e-01
 14   82 2.57017e-01
 14   84 2.54276e-01
 14   86 2.59948e-01
 14   88 1.22806e-01
 14   90 1.83287e-01
 15    1 1.25068e-01
 15    3 3.01379e-01
 15    5 5.08995e-01
 15    7 8.69449e-01
 15    9 1.55802e+00
 15   11 3.48325e+00
 15   13 8.72540e+00
 15   15 1.00588e+02
 15   17 8.58772e+00
 15   19 3.68556e+00
 15   21 1.78467e+00
 15   23 1.05143e+00
 15   25 7.46954e-01
 15   27 6.65102e-01
 15   29 6.10854e-01
 15   31 5.17010e-01
 15   33 4.88277e-01
 15   35 4.85492e-01
 15   37 4.51136e-01
 15   39 4.28186e-01
 15   41 4.17509e-01
 15   43 4.10825e-01
 15   45 3.75596e-01
 15   47 3.88922e-01
 15   49 3.50712e-01
 15   51 3.70740e-01
 15   53 3.06087e-01
 15   55 3.49967e-01
 15   57 2.83353e-01
 15   59 3.03205e-01
 15   61 2.70734e-01
 15   63 2.59663e-01
 15   65 3.06857e-01
 15   67 2.24608e-01
 15   69 3.33996e-01
 15   71 2.36663e-01
 15   73 3.09386e-01
 15   75 2.65819e-01
 15   77 2.87747e-01
 15   79 2.82711e-01
 15   81 2.56241e-01
 15   83 2.48537e-01
 15   85 2.44763e-01
 15   87 1.17191e-01
 15   89 1.82718e-01
 16    0 3.25645e-02
 16    2 1.85408e-01
 16    4 3.59144e-01
 16    6 5.44419e-01
 16    8 9.02424e-01
 16   10 1.51173e+00
 16   12 3.35178e+00
 16   14 8.13930e+00
 16   16 9.39789e+01
 16   18 7.98962e+00
 16   20 3.46238e+00
 16   22 1.68216e+00
 16   24 9.90843e-01
 16   26 6.98554e-01
 16   28 6.21241e-01
 16   30 5.75872e-01
 16   32 4.87733e-01
 16   34 4.63119e-01
 16   36 4.59014e-01
 16   38 4.21714e-01
 16   40 3.99927e-01
 16   42 3.95730e-01
 16   44 3.84352e-01
 16   46 3.59456e-01
 16   48 3.44832e-01
 16   50 3.22855e-01
 16   52 3.27908e-01
 16   54 2.88662e-01
 16   56 3.15560e-01
 16   58 2.52999e-01
 16   60 2.71268e-01
 16   62 2.45111e-01
 16   64 2.46689e-01
 16   66 2.91184e-01
 16   68 2.15745e-01
 16   70 3.17003e-01
 16   72 2.08122e-01
 16   74 2.94193e-01
 16   76 2.39033e-01
 16   78 2.76732e-01
 16   80 2.41730e-01
 16   82 2.28705e-01
 16   84 2.18555e-01
 16   86 2.19481e-01
 16   88 1.06798e-01
 16   90 1.64758e-01
 17    1 9.18768e-02
 17    3 2.45950e-01
 17    5 3.98598e-01
 17    7 5.80161e-01
 17    9 8.54476e-01
 17   11 1.47200e+00
 17   13 3.21434e+00
 17   15 7.62774e+00
 17   17 8.82904e+01
 17   19 7.47712e+00
 17   21 3.26625e+00
 17   23 1.59458e+00
 17   25 9.43411e-01
 17   27 6.71602e-01
 17   29 5.91705e-01
 17   31 5.44410e-01
 17   33 4.63164e-01
 17   35 4.34154e-01
 17   37 4.43523e-01
 17   39 4.09491e-01
 17   41 3.84825e-01
 17   43 3.68240e-01
 17   45 3.68569e-01
 17   47 3.36927e-01
 17   49 3.18127e-01
 17   51 3.01201e-01
 17   53 2.79280e-01
 17   55 2.95202e-01
 17   57 2.45162e-01
 17   59 2.54468e-01
 17   61 2.30547e-01
 17   63 2.42361e-01
 17   65 2.69983e-01
 17   67 2.10219e-01
 17   69 3.03823e-01
 17   71 1.99397e-01
 17   73 2.89806e-01
 17   75 2.09878e-01
 17   77 2.61891e-01
 17   79 2.25548e-01
 17   81 2.20119e-01
 17   83 2.33895e-01
 17   85 2.19696e-01
 17   87 1.06339e-01
 17   89 1.67010e-01
 18    0 2.82178e-02
 18    2 1.48143e-01
 18    4 2.87019e-01
 18    6 4.34795e-01
 18    8 6.20661e-01
 18   10 8.19098e-01
 18   12 1.42304e+00
 18   14 3.07525e+00
 18   16 7.14725e+00
 18   18 8.32116e+01
 18   20 7.00384e+00
 18   22 3.07548e+00
 18   24 1.50464e+00
 18   26 8.91132e-01
 18   28 6.35562e-01
 18   30 5.62422e-01
 18   32 5.21629e-01
 18   34 4.42070e-01
 18   36 4.10452e-01
 18   38 4.22356e-01
 18   40 3.93955e-01
 18   42 3.67242e-01
 18   44 3.57125e-01
 18   46 3.41136e-01
 18   48 3.03913e-01
 18   50 2.91756e-01
 18   52 2.87487e-01
 18   54 2.63080e-01
 18   56 2.65151e-01
 18   58 2.21769e-01
 18   60 2.42150e-01
 18   62 2.10270e-01
 18   64 2.34187e-01
 18   66 2.38894e-01
 18   68 2.04245e-01
 18   70 2.52056e-01
 18   72 1.81711e-01
 18   74 2.59356e-01
 18   76 2.02490e-01
 18   78 2.43086e-01
 18   80 2.16518e-01
 18   82 2.09533e-01
 18   84 2.10738e-01
 18   86 2.02594e-01
 18   88 9.52408e-02
 18   90 1.51527e-01
 19    1 8.35347e-02
 19    3 1.86336e-01
 19    5 3.20287e-01
 19    7 4.73849e-01
 19    9 5.78617e-01
 19   11 7.91079e-01
 19   13 1.38670e+00
 19   15 2.94715e+00
 19   17 6.73155e+00
 19   19 7.88588e+01
 19   21 6.59203e+00
 19   23 2.90797e+00
 19   25 1.43579e+00
 19   27 8.59197e-01
 19   29 6.06638e-01
 19   31 5.36883e-01
 19   33 4.98539e-01
 19   35 4.34456e-01
 19   37 4.06252e-01
 19   39 4.10508e-01
 19   41 3.78137e-01
 19   43 3.49453e-01
 19   45 3.36111e-01
 19   47 3.15780e-01
 19   49 2.87370e-01
 19   51 2.75537e-01
 19   53 2.56782e-01
 19   55 2.51533e-01
 19   57 2.11134e-01
 19   59 2.29552e-01
 19   61 1.97548e-01
 19   63 2.37446e-01
 19   65 2.14821e-01
 19   67 2.07005e-01
 19   69 2.43640e-01
 19   71 1.86326e-01
 19   73 2.45566e-01
 19   75 1.94538e-01
 19   77 2.37734e-01
 19   79 2.00132e-01
 19   81 2.04597e-01
 19   83 2.06327e-01
 19   85 1.93075e-01
 19   87 9.93333e-02
 19   89 1.48332e-01
 20    0 2.77789e-02
 20    2 1.25797e-01
 20    4 2.23957e-01
 20    6 3.62499e-01
 20    8 5.05313e-01
 20   10 5.48743e-01
 20   12 7.67468e-01
 20   14 1.34044e+00
 20   16 2.80452e+00
 20   18 6.34173e+00
 20   20 7.48371e+01
 20   22 6.22282e+00
 20   24 2.74737e+00
 20   26 1.35252e+00
 20   28 8.15663e-01
 20   30 5.80704e-01
 20   32 5.16766e-01
 20   34 4.75664e-01
 20   36 4.09342e-01
 20   38 3.88422e-01
 20   40 3.90241e-01
 20   42 3.65557e-01
 20   44 3.29645e-01
 20   46 3.11898e-01
 20   48 2.88773e-01
 20   50 2.77880e-01
 20   52 2.49115e-01
 20   54 2.40466e-01
 20   56 2.24901e-01
 20   58 1.99760e-01
 20   60 2.13331e-01
 20   62 1.84837e-01
 20   64 2.29628e-01
 20   66 1.97670e-01
 20   68 1.97910e-01
 20   70 2.13384e-01
 20   72 1.74379e-01
 20   74 2.43473e-01
 20   76 1.78068e-01
 20   78 2.29949e-01
 20   80 1.83696e-01
 20   82 1.76690e-01
 20   84 1.82588e-01
 20   86 1.72964e-01
 20   88 9.11708e-02
 20   90 1.42982e-01
 21    1 7.26586e-02
 21    3 1.61072e-01
 21    5 2.60313e-01
 21    7 3.93709e-01
 21    9 4.72668e-01
 21   11 5.34425e-01
 21   13 7.51276e-01
 21   15 1.29892e+00
 21   17 2.67644e+00
 21   19 5.99993e+00
 21   21 7.13905e+01
 21   23 5.89806e+00
 21   25 2.60893e+00
 21   27 1.28775e+00
 21   29 7.82557e-01
 21   31 5.52116e-01
 21   33 4.95903e-01
 21   35 4.67454e-01
 21   37 4.07443e-01
 21   39 3.76645e-01
 21   41 3.75557e-01
 21   43 3.42075e-01
 21   45 3.17562e-01
 21   47 2.88082e-01
 21   49 2.86243e-01
 21   51 2.43971e-01
 21   53 2.29938e-01
 21   55 2.13842e-01
 21   57 1.97723e-01
 21   59 2.08090e-01
 21   61 1.88528e-01
 21   63 2.26569e-01
 21   65 1.89087e-01
 21   67 2.09996e-01
 21   69 2.03517e-01
 21   71 1.67340e-01
 21   73 2.27383e-01
 21   75 1.70537e-01
 21   77 2.11276e-01
 21   79 1.83980e-01
 21   81 1.71460e-01
 21   83 1.76015e-01
 21   85 1.69106e-01
 21   87 9.62230e-02
 21   89 1.39928e-01
 22    0 2.08999e-02
 22    2 1.10164e-01
 22    4 1.98351e-01
 22    6 2.90932e-01
 22    8 4.18069e-01
 22   10 4.51632e-01
 22   12 5.15158e-01
 22   14 7.25227e-01
 22   16 1.24604e+00
 22   18 2.54662e+00
 22   20 5.69072e+00
 22   22 6.81269e+01
 22   24 5.59724e+00
 22   26 2.46594e+00
 22   28 1.22018e+00
 22   30 7.53135e-01
 22   32 5.30825e-01
 22   34 4.66834e-01
 22   36 4.46578e-01
 22   38 3.88627e-01
 22   40 3.61047e-01
 22   42 3.57211e-01
 22   44 3.25793e-01
 22   46 2.93665e-01
 22   48 2.77748e-01
 22   50 2.63012e-01
 22   52 2.26517e-01
 22   54 2.14617e-01
 22   56 2.04912e-01
 22   58 1.89596e-01
 22   60 1.95869e-01
 22   62 1.74708e-01
 22   64 2.22324e-01
 22   66 1.71947e-01
 22   68 1.96246e-01
 22   70 1.81666e-01
 22   72 1.66169e-01
 22   74 2.05012e-01
 22   76 1.61690e-01
 22   78 1.87889e-01
 22   80 1.78007e-01
 22   82 1.58503e-01
 22   84 1.63962e-01
 22   86 1.61138e-01
 22   88 9.11704e-02
 22   90 1.21848e-01
 23    1 5.87513e-02
 23    3 1.49145e-01
 23    5 2.30108e-01
 23    7 3.16209e-01
 23    9 3.99983e-01
 23   11 4.42569e-01
 23   13 5.00387e-01
 23   15 7.02851e-01
 23   17 1.20009e+00
 23   19 2.43094e+00
 23   21 5.41710e+00
 23   23 6.53120e+01
 23   25 5.33189e+00
 23   27 2.34517e+00
 23   29 1.15762e+00
 23   31 7.21609e-01
 23   33 5.11358e-01
 23   35 4.51812e-01
 23   37 4.37963e-01
 23   39 3.80775e-01
 23   41 3.38252e-01
 23   43 3.44202e-01
 23   45 3.09623e-01
 23   47 2.79076e-01
 23   49 2.56604e-01
 23   51 2.29178e-01
 23   53 2.16898e-01
 23   55 2.02070e-01
 23   57 1.93053e-01
 23   59 1.96062e-01
 23   61 1.82765e-01
 23   63 2.16042e-01
 23   65 1.71488e-01
 23   67 1.99471e-01
 23   69 1.71317e-01
 23   71 1.58137e-01
 23   73 2.05837e-01
 23   75 1.53070e-01
 23   77 1.89934e-01
 23   79 1.73816e-01
 23   81 1.54759e-01
 23   83 1.51848e-01
 23   85 1.50933e-01
 23   87 8.98586e-02
 23   89 1.21110e-01
 24    0 1.76105e-02
 24    2 9.38671e-02
 24    4 1.78796e-01
 24    6 2.52823e-01
 24    8 3.40539e-01
 24   10 3.81595e-01
 24   12 4.23130e-01
 24   14 4.77390e-01
 24   16 6.76786e-01
 24   18 1.14885e+00
 24   20 2.31675e+00
 24   22 5.16125e+00
 24   24 6.26159e+01
 24   26 5.09283e+00
 24   28 2.23486e+00
 24   30 1.10202e+00
 24   32 6.86869e-01
 24   34 4.88139e-01
 24   36 4.31939e-01
 24   38 4.21783e-01
 24   40 3.64695e-01
 24   42 3.25072e-01
 24   44 3.23558e-01
 24   46 2.98519e-01
 24   48 2.59653e-01
 24   50 2.41331e-01
 24   52 2.19405e-01
 24   54 2.10134e-01
 24   56 1.86707e-01
 24   58 1.83570e-01
 24   60 1.80902e-01
 24   62 1.79504e-01
 24   64 1.90379e-01
 24   66 1.59352e-01
 24   68 1.77148e-01
 24   70 1.69280e-01
 24   72 1.56563e-01
 24   74 1.91019e-01
 24   76 1.44671e-01
 24   78 1.73304e-01
 24   80 1.59459e-01
 24   82 1.36138e-01
 24   84 1.45367e-01
 24   86 1.41713e-01
 24   88 8.42404e-02
 24   90 1.19508e-01
 25    1 5.31725e-02
 25    3 1.25255e-01
 25    5 2.04468e-01
 25    7 2.78982e-01
 25    9 3.25110e-01
 25   11 3.73488e-01
 25   13 4.11195e-01
 25   15 4.62114e-01
 25   17 6.57110e-01
 25   19 1.11083e+00
 25   21 2.21765e+00
 25   23 4.93461e+00
 25   25 6.02318e+01
 25   27 4.87064e+00
 25   29 2.12961e+00
 25   31 1.05309e+00
 25   33 6.63258e-01
 25   35 4.74582e-01
 25   37 4.23546e-01
 25   39 3.98571e-01
 25   41 3.50296e-01
 25   43 3.09029e-01
 25   45 3.03301e-01
 25   47 2.76097e-01
 25   49 2.42878e-01
 25   51 2.20030e-01
 25   53 2.16470e-01
 25   55 1.94340e-01
 25   57 1.90870e-01
 25   59 1.91482e-01
 25   61 1.82820e-01
 25   63 1.88568e-01
 25   65 1.64196e-01
 25   67 1.76849e-01
 25   69 1.57901e-01
 25   71 1.60636e-01
 25   73 1.78557e-01
 25   75 1.40189e-01
 25   77 1.65690e-01
 25   79 1.49224e-01
 25   81 1.33993e-01
 25   83 1.39379e-01
 25   85 1.35737e-01
 25   87 8.61809e-02
 25   89 1.18795e-01
 26    0 1.74963e-02
 26    2 8.36097e-02
 26    4 1.50394e-01
 26    6 2.30251e-01
 26    8 3.00377e-01
 26   10 3.07098e-01
 26   12 3.55597e-01
 26   14 3.92251e-01
 26   16 4.43088e-01
 26   18 6.31858e-01
 26   20 1.05913e+00
 26   22 2.11158e+00
 26   24 4.72936e+00
 26   26 5.79789e+01
 26   28 4.67455e+00
 26   30 2.02637e+00
 26   32 9.96995e-01
 26   34 6.36808e-01
 26   36 4.53920e-01
 26   38 4.02582e-01
 26   40 3.83794e-01
 26   42 3.33730e-01
 26   44 2.98957e-01
 26   46 2.81415e-01
 26   48 2.66315e-01
 26   50 2.30829e-01
 26   52 2.14904e-01
 26   54 2.03430e-01
 26   56 1.85115e-01
 26   58 1.78668e-01
 26   60 1.81664e-01
 26   62 1.73794e-01
 26   64 1.71298e-01
 26   66 1.53202e-01
 26   68 1.73751e-01
 26   70 1.47660e-01
 26   72 1.50638e-01
 26   74 1.65871e-01
 26   76 1.32178e-01
 26   78 1.55262e-01
 26   80 1.41834e-01
 26   82 1.37033e-01
 26   84 1.29292e-01
 26   86 1.16333e-01
 26   88 8.02685e-02
 26   90 1.10150e-01
 27    1 4.89945e-02
 27    3 1.08054e-01
 27    5 1.74518e-01
 27    7 2.52987e-01
 27    9 2.86973e-01
 27   11 3.00085e-01
 27   13 3.48158e-01
 27   15 3.83314e-01
 27   17 4.35773e-01
 27   19 6.19242e-01
 27   21 1.01970e+00
 27   23 2.02189e+00
 27   25 4.53730e+00
 27   27 5.59115e+01
 27   29 4.48682e+00
 27   31 1.93725e+00
 27   33 9.62536e-01
 27   35 6.30141e-01
 27   37 4.34578e-01
 27   39 3.74960e-01
 27   41 3.66223e-01
 27   43 3.21012e-01
 27   45 2.69751e-01
 27   47 2.69203e-01
 27   49 2.47387e-01
 27   51 2.22120e-01
 27   53 2.09345e-01
 27   55 1.95174e-01
 27   57 1.98537e-01
 27   59 1.77651e-01
 27   61 1.72247e-01
 27   63 1.71618e-01
 27   65 1.55380e-01
 27   67 1.63885e-01
 27   69 1.42279e-01
 27   71 1.52295e-01
 27   73 1.62242e-01
 27   75 1.31750e-01
 27   77 1.50667e-01
 27   79 1.34699e-01
 27   81 1.37378e-01
 27   83 1.22240e-01
 27   85 1.12269e-01
 27   87 8.10369e-02
 27   89 1.09207e-01
 28    0 1.52301e-02
 28    2 7.53659e-02
 28    4 1.33851e-01
 28    6 1.97460e-01
 28    8 2.70333e-01
 28   10 2.69886e-01
 28   12 2.85560e-01
 28   14 3.33896e-01
 28   16 3.68159e-01
 28   18 4.21037e-01
 28   20 5.96762e-01
 28   22 9.76187e-01
 28   24 1.93901e+00
 28   26 4.36742e+00
 28   28 5.39901e+01
 28   30 4.30554e+00
 28   32 1.84953e+00
 28   34 9.19173e-01
 28   36 6.07838e-01
 28   38 4.16590e-01
 28   40 3.51498e-01
 28   42 3.54216e-01
 28   44 2.99117e-01
 28   46 2.60394e-01
 28   48 2.56645e-01
 28   50 2.41085e-01
 28   52 2.13584e-01
 28   54 2.03419e-01
 28   56 1.85983e-01
 28   58 1.83090e-01
 28   60 1.62298e-01
 28   62 1.62257e-01
 28   64 1.69098e-01
 28   66 1.48520e-01
 28   68 1.52384e-01
 28   70 1.31135e-01
 28   72 1.40919e-01
 28   74 1.55250e-01
 28   76 1.23791e-01
 28   78 1.43428e-01
 28   80 1.25236e-01
 28   82 1.23216e-01
 28   84 1.16884e-01
 28   86 1.09164e-01
 28   88 7.88163e-02
 28   90 1.04819e-01
 29    1 4.17426e-02
 29    3 1.00556e-01
 29    5 1.56265e-01
 29    7 2.18007e-01
 29    9 2.61414e-01
 29   11 2.66195e-01
 29   13 2.82109e-01
 29   15 3.29822e-01
 29   17 3.59691e-01
 29   19 4.09612e-01
 29   21 5.80540e-01
 29   23 9.35025e-01
 29   25 1.85860e+00
 29   27 4.20353e+00
 29   29 5.21603e+01
 29   31 4.15599e+00
 29   33 1.78667e+00
 29   35 8.81578e-01
 29   37 5.73102e-01
 29   39 3.88316e-01
 29   41 3.38880e-01
 29   43 3.30051e-01
 29   45 2.89530e-01
 29   47 2.49640e-01
 29   49 2.46968e-01
 29   51 2.39328e-01
 29   53 2.15374e-01
 29   55 1.92950e-01
 29   57 1.88970e-01
 29   59 1.66973e-01
 29   61 1.64567e-01
 29   63 1.68113e-01
 29   65 1.42949e-01
 29   67 1.52386e-01
 29   69 1.31728e-01
 29   71 1.43210e-01
 29   73 1.48298e-01
 29   75 1.23200e-01
 29   77 1.41353e-01
 29   79 1.24108e-01
 29   81 1.17284e-01
 29   83 1.11985e-01
 29   85 1.05262e-01
 29   87 8.07194e-02
 29   89 1.04745e-01
 30    0 1.27073e-02
 30    2 6.63754e-02
 30    4 1.22388e-01
 30    6 1.73250e-01
 30    8 2.32868e-01
 30   10 2.48133e-01
 30   12 2.54494e-01
 30   14 2.71458e-01
 30   16 3.20548e-01
 30   18 3.49959e-01
 30   20 3.99059e-01
 30   22 5.65947e-01
 30   24 8.98071e-01
 30   26 1.77826e+00
 30   28 4.04408e+00
 30   30 5.05211e+01
 30   32 4.00935e+00
 30   34 1.71446e+00
 30   36 8.42273e-01
 30   38 5.45984e-01
 30   40 3.76884e-01
 30   42 3.14775e-01
 30   44 3.15293e-01
 30   46 2.76510e-01
 30   48 2.42841e-01
 30   50 2.41320e-01
 30   52 2.32235e-01
 30   54 2.02406e-01
 30   56 1.83167e-01
 30   58 1.73296e-01
 30   60 1.60550e-01
 30   62 1.58641e-01
 30   64 1.57866e-01
 30   66 1.37927e-01
 30   68 1.47488e-01
 30   70 1.23834e-01
 30   72 1.33050e-01
 30   74 1.37852e-01
 30   76 1.16606e-01
 30   78 1.36692e-01
 30   80 1.16600e-01
 30   82 1.08682e-01
 30   84 1.07498e-01
 30   86 1.00403e-01
 30   88 7.67623e-02
 30   90 9.58716e-02
 31    1 3.70813e-02
 31    3 8.99503e-02
 31    5 1.43706e-01
 31    7 1.91966e-01
 31    9 2.27631e-01
 31   11 2.47722e-01
 31   13 2.51598e-01
 31   15 2.62834e-01
 31   17 3.11595e-01
 31   19 3.41321e-01
 31   21 3.85645e-01
 31   23 5.48783e-01
 31   25 8.65353e-01
 31   27 1.70884e+00
 31   29 3.91305e+00
 31   31 4.89119e+01
 31   33 3.86732e+00
 31   35 1.63142e+00
 31   37 7.95564e-01
 31   39 5.29242e-01
 31   41 3.56341e-01
 31   43 2.98298e-01
 31   45 3.04645e-01
 31   47 2.73227e-01
 31   49 2.41272e-01
 31   51 2.41575e-01
 31   53 2.23197e-01
 31   55 1.94490e-01
 31   57 1.79475e-01
 31   59 1.67321e-01
 31   61 1.66686e-01
 31   63 1.50248e-01
 31   65 1.36165e-01
 31   67 1.50228e-01
 31   69 1.24510e-01
 31   71 1.32313e-01
 31   73 1.36086e-01
 31   75 1.17172e-01
 31   77 1.32325e-01
 31   79 1.16522e-01
 31   81 1.08490e-01
 31   83 1.02642e-01
 31   85 1.00063e-01
 31   87 8.00226e-02
 31   89 9.10575e-02
 32    0 1.17659e-02
 32    2 5.89028e-02
 32    4 1.08046e-01
 32    6 1.58937e-01
 32    8 2.07087e-01
 32   10 2.16709e-01
 32   12 2.40695e-01
 32   14 2.44133e-01
 32   16 2.56199e-01
 32   18 3.06298e-01
 32   20 3.35124e-01
 32   22 3.76428e-01
 32   24 5.28230e-01
 32   26 8.25655e-01
 32   28 1.63939e+00
 32   30 3.78358e+00
 32   32 4.75055e+01
 32   34 3.73265e+00
 32   36 1.55850e+00
 32   38 7.66252e-01
 32   40 5.08603e-01
 32   42 3.37398e-01
 32   44 2.77933e-01
 32   46 2.91946e-01
 32   48 2.72083e-01
 32   50 2.37572e-01
 32   52 2.23578e-01
 32   54 2.10454e-01
 32   56 1.84117e-01
 32   58 1.71801e-01
 32   60 1.60501e-01
 32   62 1.60482e-01
 32   64 1.48027e-01
 32   66 1.30863e-01
 32   68 1.39261e-01
 32   70 1.15727e-01
 32   72 1.30227e-01
 32   74 1.29655e-01
 32   76 1.15089e-01
 32   78 1.11403e-01
 32   80 1.07537e-01
 32   82 1.02836e-01
 32   84 9.84457e-02
 32   86 9.29650e-02
 32   88 7.17136e-02
 32   90 9.53308e-02
 33    1 3.39148e-02
 33    3 7.86301e-02
 33    5 1.26213e-01
 33    7 1.75869e-01
 33    9 2.02871e-01
 33   11 2.16755e-01
 33   13 2.34152e-01
 33   15 2.34753e-01
 33   17 2.50704e-01
 33   19 2.99740e-01
 33   21 3.27578e-01
 33   23 3.67778e-01
 33   25 5.15432e-01
 33   27 8.02961e-01
 33   29 1.59092e+00
 33   31 3.65739e+00
 33   33 4.60695e+01
 33   35 3.59876e+00
 33   37 1.50638e+00
 33   39 7.35859e-01
 33   41 4.87569e-01
 33   43 3.24652e-01
 33   45 2.74055e-01
 33   47 2.93416e-01
 33   49 2.70738e-01
 33   51 2.25848e-01
 33   53 2.13924e-01
 33   55 2.06248e-01
 33   57 1.84095e-01
 33   59 1.68725e-01
 33   61 1.60001e-01
 33   63 1.49923e-01
 33   65 1.34416e-01
 33   67 1.34212e-01
 33   69 1.15981e-01
 33   71 1.33059e-01
 33   73 1.27075e-01
 33   75 1.13289e-01
 33   77 1.10607e-01
 33   79 1.05092e-01
 33   81 1.01651e-01
 33   83 9.64991e-02
 33   85 8.77628e-02
 33   87 7.30417e-02
 33   89 9.84463e-02
 34    0 1.09144e-02
 34    2 5.36142e-02
 34    4 9.60751e-02
 34    6 1.43186e-01
 34    8 1.92135e-01
 34   10 1.95883e-01
 34   12 2.10922e-01
 34   14 2.28128e-01
 34   16 2.30533e-01
 34   18 2.45990e-01
 34   20 2.92318e-01
 34   22 3.13717e-01
 34   24 3.55743e-01
 34   26 4.99756e-01
 34   28 7.72080e-01
 34   30 1.53321e+00
 34   32 3.53722e+00
 34   34 4.48219e+01
 34   36 3.48827e+00
 34   38 1.44720e+00
 34   40 6.99510e-01
 34   42 4.60901e-01
 34   44 3.10976e-01
 34   46 2.62542e-01
 34   48 2.86848e-01
 34   50 2.57972e-01
 34   52 2.15849e-01
 34   54 2.03540e-01
 34   56 1.95173e-01
 34   58 1.79998e-01
 34   60 1.65324e-01
 34   62 1.61446e-01
 34   64 1.37751e-01
 34   66 1.26781e-01
 34   68 1.23610e-01
 34   70 1.12810e-01
 34   72 1.31049e-01
 34   74 1.16091e-01
 34   76 1.02239e-01
 34   78 1.07746e-01
 34   80 1.02934e-01
 34   82 9.47938e-02
 34   84 9.23545e-02
 34   86 7.90311e-02
 34   88 7.51958e-02
 34   90 8.99285e-02
 35    1 3.04236e-02
 35    3 7.08354e-02
 35    5 1.11392e-01
 35    7 1.58087e-01
 35    9 1.88380e-01
 35   11 1.92486e-01
 35   13 2.05810e-01
 35   15 2.21619e-01
 35   17 2.23127e-01
 35   19 2.48012e-01
 35   21 2.93183e-01
 35   23 3.08532e-01
 35   25 3.50172e-01
 35   27 4.99111e-01
 35   29 7.45322e-01
 35   31 1.46490e+00
 35   33 3.41691e+00
 35   35 4.36151e+01
 35   37 3.37976e+00
 35   39 1.38755e+00
 35   41 6.65421e-01
 35   43 4.56262e-01
 35   45 3.11286e-01
 35   47 2.61884e-01
 35   49 2.74475e-01
 35   51 2.47718e-01
 35   53 2.11788e-01
 35   55 1.99235e-01
 35   57 2.05506e-01
 35   59 1.73715e-01
 35   61 1.62178e-01
 35   63 1.38359e-01
 35   65 1.28353e-01
 35   67 1.26075e-01
 35   69 1.14094e-01
 35   71 1.29788e-01
 35   73 1.11652e-01
 35   75 9.96559e-02
 35   77 1.05505e-01
 35   79 1.01569e-01
 35   81 9.75957e-02
 35   83 9.01595e-02
 35   85 7.85262e-02
 35   87 7.88604e-02
 35   89 8.39870e-02
 36    0 9.58445e-03
 36    2 4.85653e-02
 36    4 8.76965e-02
 36    6 1.28476e-01
 36    8 1.74671e-01
 36   10 1.82469e-01
 36   12 1.86296e-01
 36   14 2.01835e-01
 36   16 2.17342e-01
 36   18 2.17253e-01
 36   20 2.39287e-01
 36   22 2.85463e-01
 36   24 2.99428e-01
 36   26 3.38849e-01
 36   28 4.85657e-01
 36   30 7.16478e-01
 36   32 1.40484e+00
 36   34 3.31808e+00
 36   36 4.24923e+01
 36   38 3.26625e+00
 36   40 1.32709e+00
 36   42 6.38578e-01
 36   44 4.39859e-01
 36   46 3.02402e-01
 36   48 2.46267e-01
 36   50 2.61778e-01
 36   52 2.43240e-01
 36   54 2.01173e-01
 36   56 1.95034e-01
 36   58 1.96378e-01
 36   60 1.72777e-01
 36   62 1.52866e-01
 36   64 1.28805e-01
 36   66 1.21676e-01
 36   68 1.20603e-01
 36   70 1.10344e-01
 36   72 1.19146e-01
 36   74 1.08890e-01
 36   76 9.62926e-02
 36   78 9.82374e-02
 36   80 9.55517e-02
 36   82 9.81938e-02
 36   84 8.89893e-02
 36   86 7.77255e-02
 36   88 7.20061e-02
 36   90 7.97232e-02
 37    1 2.75334e-02
 37    3 6.50895e-02
 37    5 1.03827e-01
 37    7 1.44410e-01
 37    9 1.71626e-01
 37   11 1.79612e-01
 37   13 1.83493e-01
 37   15 1.96231e-01
 37   17 2.17199e-01
 37   19 2.20982e-01
 37   21 2.43501e-01
 37   23 2.84980e-01
 37   25 2.97787e-01
 37   27 3.27991e-01
 37   29 4.61689e-01
 37   31 6.80695e-01
 37   33 1.36285e+00
 37   35 3.22048e+00
 37   37 4.14307e+01
 37   39 3.16421e+00
 37   41 1.28672e+00
 37   43 6.21457e-01
 37   45 4.30608e-01
 37   47 2.95443e-01
 37   49 2.37605e-01
 37   51 2.57393e-01
 37   53 2.35831e-01
 37   55 2.11614e-01
 37   57 1.95086e-01
 37   59 1.82815e-01
 37   61 1.59801e-01
 37   63 1.32706e-01
 37   65 1.26587e-01
 37   67 1.23199e-01
 37   69 1.12656e-01
 37   71 1.17157e-01
 37   73 1.07409e-01
 37   75 9.96237e-02
 37   77 9.82172e-02
 37   79 9.59089e-02
 37   81 9.58557e-02
 37   83 8.52778e-02
 37   85 7.54541e-02
 37   87 7.11116e-02
 37   89 8.24183e-02
 38    0 8.72325e-03
 38    2 4.36429e-02
 38    4 8.06102e-02
 38    6 1.18361e-01
 38    8 1.57804e-01
 38   10 1.65124e-01
 38   12 1.74897e-01
 38   14 1.77932e-01
 38   16 1.90587e-01
 38   18 2.13373e-01
 38   20 2.16717e-01
 38   22 2.37106e-01
 38   24 2.79073e-01
 38   26 2.86839e-01
 38   28 3.17693e-01
 38   30 4.43289e-01
 38   32 6.59250e-01
 38   34 1.31390e+00
 38   36 3.11750e+00
 38   38 4.04123e+01
 38   40 3.07447e+00
 38   42 1.23792e+00
 38   44 5.96207e-01
 38   46 4.15793e-01
 38   48 2.88438e-01
 38   50 2.28744e-01
 38   52 2.42725e-01
 38   54 2.31537e-01
 38   56 2.05019e-01
 38   58 1.89982e-01
 38   60 1.72035e-01
 38   62 1.49910e-01
 38   64 1.25891e-01
 38   66 1.24000e-01
 38   68 1.17928e-01
 38   70 1.08074e-01
 38   72 1.09917e-01
 38   74 1.02998e-01
 38   76 9.22007e-02
 38   78 9.86756e-02
 38   80 9.28181e-02
 38   82 9.23764e-02
 38   84 8.31960e-02
 38   86 6.53365e-02
 38   88 6.75796e-02
 38   90 9.03656e-02
 39    1 2.52377e-02
 39    3 6.04117e-02
 39    5 9.68981e-02
 39    7 1.32459e-01
 39    9 1.54885e-01
 39   11 1.65946e-01
 39   13 1.74051e-01
 39   15 1.78049e-01
 39   17 1.91705e-01
 39   19 2.13467e-01
 39   21 2.15186e-01
 39   23 2.36861e-01
 39   25 2.67891e-01
 39   27 2.70537e-01
 39   29 2.99055e-01
 39   31 4.32892e-01
 39   33 6.36440e-01
 39   35 1.26395e+00
 39   37 3.02491e+00
 39   39 3.94861e+01
 39   41 2.99460e+00
 39   43 1.20319e+00
 39   45 5.80028e-01
 39   47 4.09282e-01
 39   49 2.82648e-01
 39   51 2.19254e-01
 39   53 2.45811e-01
 39   55 2.34455e-01
 39   57 1.95453e-01
 39   59 1.70273e-01
 39   61 1.63388e-01
 39   63 1.37796e-01
 39   65 1.27390e-01
 39   67 1.23056e-01
 39   69 1.12318e-01
 39   71 1.11365e-01
 39   73 1.00217e-01
 39   75 9.03598e-02
 39   77 1.01455e-01
 39   79 9.29354e-02
 39   81 8.77287e-02
 39   83 7.90540e-02
 39   85 6.57881e-02
 39   87 7.23126e-02
 39   89 8.45064e-02
 40    0 8.24861e-03
 40    2 4.08957e-02
 40    4 7.43240e-02
 40    6 1.10066e-01
 40    8 1.45030e-01
 40   10 1.50273e-01
 40   12 1.61165e-01
 40   14 1.67879e-01
 40   16 1.73046e-01
 40   18 1.90553e-01
 40   20 2.08463e-01
 40   22 2.10902e-01
 40   24 2.31028e-01
 40   26 2.61812e-01
 40   28 2.56643e-01
 40   30 2.92970e-01
 40   32 4.18953e-01
 40   34 6.08045e-01
 40   36 1.21273e+00
 40   38 2.94360e+00
 40   40 3.85826e+01
 40   42 2.90975e+00
 40   44 1.16185e+00
 40   46 5.59886e-01
 40   48 3.96167e-01
 40   50 2.72530e-01
 40   52 2.14661e-01
 40   54 2.34591e-01
 40   56 2.32524e-01
 40   58 1.87066e-01
 40   60 1.62450e-01
 40   62 1.54056e-01
 40   64 1.30290e-01
 40   66 1.22677e-01
 40   68 1.17786e-01
 40   70 1.05010e-01
 40   72 1.07120e-01
 40   74 9.63310e-02
 40   76 9.31612e-02
 40   78 9.48002e-02
 40   80 8.69226e-02
 40   82 8.46636e-02
 40   84 7.48887e-02
 40   86 6.94783e-02
 40   88 7.25487e-02
 40   90 7.19256e-02
 41    1 2.32605e-02
 41    3 5.56836e-02
 41    5 8.96497e-02
 41    7 1.23610e-01
 41    9 1.46315e-01
 41   11 1.51079e-01
 41   13 1.63001e-01
 41   15 1.66462e-01
 41   17 1.72741e-01
 41   19 1.88538e-01
 41   21 2.05731e-01
 41   23 2.01746e-01
 41   25 2.25750e-01
 41   27 2.53354e-01
 41   29 2.50238e-01
 41   31 2.79468e-01
 41   33 4.04335e-01
 41   35 5.81192e-01
 41   37 1.17943e+00
 41   39 2.87131e+00
 41   41 3.77371e+01
 41   43 2.84246e+00
 41   45 1.12892e+00
 41   47 5.30806e-01
 41   49 3.78326e-01
 41   51 2.76944e-01
 41   53 2.12001e-01
 41   55 2.26673e-01
 41   57 2.11253e-01
 41   59 1.78810e-01
 41   61 1.57225e-01
 41   63 1.43282e-01
 41   65 1.37420e-01
 41   67 1.23269e-01
 41   69 1.07626e-01
 41   71 1.08667e-01
 41   73 9.66583e-02
 41   75 9.57928e-02
 41   77 9.40719e-02
 41   79 8.78229e-02
 41   81 8.70617e-02
 41   83 7.47849e-02
 41   85 6.91402e-02
 41   87 7.35363e-02
 41   89 7.15429e-02
 42    0 7.44800e-03
 42    2 3.83779e-02
 42    4 7.02717e-02
 42    6 1.02196e-01
 42    8 1.37333e-01
 42   10 1.40988e-01
 42   12 1.47729e-01
 42   14 1.56206e-01
 42   16 1.64411e-01
 42   18 1.70558e-01
 42   20 1.87500e-01
 42   22 2.00351e-01
 42   24 1.97726e-01
 42   26 2.18593e-01
 42   28 2.48327e-01
 42   30 2.34944e-01
 42   32 2.66857e-01
 42   34 3.84680e-01
 42   36 5.60310e-01
 42   38 1.13802e+00
 42   40 2.79386e+00
 42   42 3.69266e+01
 42   44 2.76886e+00
 42   46 1.08875e+00
 42   48 5.08469e-01
 42   50 3.74242e-01
 42   52 2.67347e-01
 42   54 2.07214e-01
 42   56 2.15603e-01
 42   58 2.05716e-01
 42   60 1.75120e-01
 42   62 1.48424e-01
 42   64 1.38457e-01
 42   66 1.33700e-01
 42   68 1.14425e-01
 42   70 1.01697e-01
 42   72 1.04021e-01
 42   74 9.35534e-02
 42   76 9.37588e-02
 42   78 8.89160e-02
 42   80 8.38129e-02
 42   82 8.09561e-02
 42   84 7.24488e-02
 42   86 6.48226e-02
 42   88 6.54239e-02
 42   90 7.38520e-02
 43    1 2.25387e-02
 43    3 5.21766e-02
 43    5 8.22146e-02
 43    7 1.14238e-01
 43    9 1.36590e-01
 43   11 1.44766e-01
 43   13 1.50428e-01
 43   15 1.57485e-01
 43   17 1.58926e-01
 43   19 1.67523e-01
 43   21 1.80168e-01
 43   23 1.97385e-01
 43   25 1.91482e-01
 43   27 2.13520e-01
 43   29 2.34327e-01
 43   31 2.24932e-01
 43   33 2.58856e-01
 43   35 3.83152e-01
 43   37 5.47689e-01
 43   39 1.10920e+00
 43   41 2.73293e+00
 43   43 3.61593e+01
 43   45 2.68886e+00
 43   47 1.04813e+00
 43   49 4.97311e-01
 43   51 3.58828e-01
 43   53 2.59461e-01
 43   55 1.96954e-01
 43   57 2.07889e-01
 43   59 2.04762e-01
 43   61 1.67037e-01
 43   63 1.46664e-01
 43   65 1.42470e-01
 43   67 1.24742e-01
 43   69 1.08902e-01
 43   71 1.06121e-01
 43   73 9.24580e-02
 43   75 8.93161e-02
 43   77 8.92734e-02
 43   79 8.72852e-02
 43   81 8.29157e-02
 43   83 7.23003e-02
 43   85 6.41671e-02
 43   87 6.94821e-02
 43   89 7.71665e-02
 44    0 7.47593e-03
 44    2 3.69851e-02
 44    4 6.50645e-02
 44    6 9.55971e-02
 44    8 1.28159e-01
 44   10 1.34838e-01
 44   12 1.41676e-01
 44   14 1.46539e-01
 44   16 1.53730e-01
 44   18 1.59675e-01
 44   20 1.62776e-01
 44   22 1.75916e-01
 44   24 1.89468e-01
 44   26 1.88516e-01
 44   28 2.01881e-01
 44   30 2.26556e-01
 44   32 2.11628e-01
 44   34 2.49871e-01
 44   36 3.71557e-01
 44   38 5.27657e-01
 44   40 1.07398e+00
 44   42 2.66562e+00
 44   44 3.54203e+01
 44   46 2.61972e+00
 44   48 1.01714e+00
 44   50 4.70491e-01
 44   52 3.50479e-01
 44   54 2.56085e-01
 44   56 1.90501e-01
 44   58 1.99022e-01
 44   60 1.93855e-01
 44   62 1.67077e-01
 44   64 1.40955e-01
 44   66 1.31334e-01
 44   68 1.17144e-01
 44   70 1.04333e-01
 44   72 1.03603e-01
 44   74 8.91657e-02
 44   76 8.49714e-02
 44   78 8.47800e-02
 44   80 8.38966e-02
 44   82 8.13849e-02
 44   84 7.53121e-02
 44   86 5.66389e-02
 44   88 6.84338e-02
 44   90 7.19666e-02
 45    1 2.03865e-02
 45    3 4.82316e-02
 45    5 7.92394e-02
 45    7 1.10860e-01
 45    9 1.34606e-01
 45   11 1.38644e-01
 45   13 1.39556e-01
 45   15 1.38786e-01
 45   17 1.53329e-01
 45   19 1.55313e-01
 45   21 1.61223e-01
 45   23 1.71149e-01
 45   25 1.81152e-01
 45   27 1.72950e-01
 45   29 1.98141e-01
 45   31 2.21429e-01
 45   33 2.10629e-01
 45   35 2.51975e-01
 45   37 3.65802e-01
 45   39 5.15424e-01
 45   41 1.04626e+00
 45   43 2.59185e+00
 45   45 3.47203e+01
 45   47 2.55993e+00
 45   49 9.81375e-01
 45   51 4.48721e-01
 45   53 3.40635e-01
 45   55 2.55165e-01
 45   57 1.89677e-01
 45   59 1.92286e-01
 45   61 1.97184e-01
 45   63 1.61531e-01
 45   65 1.36678e-01
 45   67 1.24796e-01
 45   69 1.14655e-01
 45   71 1.06411e-01
 45   73 8.75307e-02
 45   75 8.75721e-02
 45   77 8.64314e-02
 45   79 8.20970e-02
 45   81 8.26448e-02
 45   83 7.42087e-02
 45   85 5.72398e-02
 45   87 7.21591e-02
 45   89 7.28660e-02
 46    0 6.60089e-03
 46    2 3.28887e-02
 46    4 6.13037e-02
 46    6 9.26606e-02
 46    8 1.23430e-01
 46   10 1.30382e-01
 46   12 1.35335e-01
 46   14 1.33572e-01
 46   16 1.38752e-01
 46   18 1.47201e-01
 46   20 1.48635e-01
 46   22 1.53032e-01
 46   24 1.68702e-01
 46   26 1.71258e-01
 46   28 1.69609e-01
 46   30 1.91751e-01
 46   32 2.14536e-01
 46   34 2.03588e-01
 46   36 2.46525e-01
 46   38 3.55138e-01
 46   40 4.99472e-01
 46   42 1.01156e+00
 46   44 2.52825e+00
 46   46 3.40587e+01
 46   48 2.48877e+00
 46   50 9.51825e-01
 46   52 4.33034e-01
 46   54 3.27562e-01
 46   56 2.48968e-01
 46   58 1.83653e-01
 46   60 1.89398e-01
 46   62 1.90290e-01
 46   64 1.50688e-01
 46   66 1.34044e-01
 46   68 1.18528e-01
 46   70 1.11681e-01
 46   72 1.00368e-01
 46   74 8.49092e-02
 46   76 8.23521e-02
 46   78 8.04832e-02
 46   80 7.83196e-02
 46   82 8.62611e-02
 46   84 7.01106e-02
 46   86 5.56454e-02
 46   88 6.83685e-02
 46   90 7.32415e-02
 47    1 2.10621e-02
 47    3 4.97957e-02
 47    5 7.60544e-02
 47    7 1.05103e-01
 47    9 1.26376e-01
 47   11 1.29789e-01
 47   13 1.33626e-01
 47   15 1.38854e-01
 47   17 1.35430e-01
 47   19 1.40988e-01
 47   21 1.41314e-01
 47   23 1.49051e-01
 47   25 1.59332e-01
 47   27 1.66766e-01
 47   29 1.65070e-01
 47   31 1.91883e-01
 47   33 2.17889e-01
 47   35 2.04823e-01
 47   37 2.42499e-01
 47   39 3.51407e-01
 47   41 4.75316e-01
 47   43 9.76173e-01
 47   45 2.47343e+00
 47   47 3.34222e+01
 47   49 2.43111e+00
 47   51 9.24692e-01
 47   53 4.18276e-01
 47   55 3.19756e-01
 47   57 2.46154e-01
 47   59 1.88190e-01
 47   61 1.81542e-01
 47   63 1.73615e-01
 47   65 1.54387e-01
 47   67 1.26223e-01
 47   69 1.17687e-01
 47   71 1.04340e-01
 47   73 8.87801e-02
 47   75 8.34663e-02
 47   77 8.27911e-02
 47   79 8.04308e-02
 47   81 8.28690e-02
 47   83 6.55980e-02
 47   85 5.51278e-02
 47   87 7.33942e-02
 47   89 7.75101e-02
 48    0 6.80004e-03
 48    2 3.39614e-02
 48    4 6.12097e-02
 48    6 8.66577e-02
 48    8 1.15973e-01
 48   10 1.23044e-01
 48   12 1.27281e-01
 48   14 1.32497e-01
 48   16 1.28755e-01
 48   18 1.26851e-01
 48   20 1.33115e-01
 48   22 1.40005e-01
 48   24 1.41940e-01
 48   26 1.56770e-01
 48   28 1.61702e-01
 48   30 1.62897e-01
 48   32 1.93403e-01
 48   34 2.15163e-01
 48   36 1.94199e-01
 48   38 2.38306e-01
 48   40 3.41864e-01
 48   42 4.56973e-01
 48   44 9.49531e-01
 48   46 2.40740e+00
 48   48 3.28189e+01
 48   50 2.37729e+00
 48   52 8.94331e-01
 48   54 3.97460e-01
 48   56 3.10105e-01
 48   58 2.46689e-01
 48   60 1.82848e-01
 48   62 1.66906e-01
 48   64 1.68093e-01
 48   66 1.48185e-01
 48   68 1.20401e-01
 48   70 1.11530e-01
 48   72 1.01560e-01
 48   74 8.55804e-02
 48   76 7.83164e-02
 48   78 7.94610e-02
 48   80 8.12141e-02
 48   82 7.76005e-02
 48   84 6.40269e-02
 48   86 5.69617e-02
 48   88 7.17434e-02
 48   90 7.17878e-02
 49    1 1.86955e-02
 49    3 4.57202e-02
 49    5 7.61337e-02
 49    7 1.06372e-01
 49    9 1.24546e-01
 49   11 1.25284e-01
 49   13 1.25480e-01
 49   15 1.21251e-01
 49   17 1.23827e-01
 49   19 1.24245e-01
 49   21 1.35970e-01
 49   23 1.32713e-01
 49   25 1.35728e-01
 49   27 1.48404e-01
 49   29 1.58137e-01
 49   31 1.64081e-01
 49   33 1.94688e-01
 49   35 2.07879e-01
 49   37 1.88856e-01
 49   39 2.35003e-01
 49   41 3.28059e-01
 49   43 4.48518e-01
 49   45 9.18218e-01
 49   47 2.35420e+00
 49   49 3.22587e+01
 49   51 2.32271e+00
 49   53 8.71456e-01
 49   55 3.84014e-01
 49   57 2.99369e-01
 49   59 2.37755e-01
 49   61 1.71026e-01
 49   63 1.65813e-01
 49   65 1.69258e-01
 49   67 1.42267e-01
 49   69 1.17882e-01
 49   71 1.05896e-01
 49   73 9.09127e-02
 49   75 8.51769e-02
 49   77 8.49452e-02
 49   79 8.24523e-02
 49   81 7.73416e-02
 49   83 6.32503e-02
 49   85 5.81558e-02
 49   87 7.72175e-02
 49   89 7.18356e-02
 50    0 5.99167e-03
 50    2 3.11794e-02
 50    4 5.84184e-02
 50    6 8.78196e-02
 50    8 1.17950e-01
 50   10 1.21765e-01
 50   12 1.22868e-01
 50   14 1.17453e-01
 50   16 1.16860e-01
 50   18 1.18050e-01
 50   20 1.24174e-01
 50   22 1.28519e-01
 50   24 1.27886e-01
 50   26 1.31722e-01
 50   28 1.47249e-01
 50   30 1.56922e-01
 50   32 1.63703e-01
 50   34 1.87582e-01
 50   36 2.00113e-01
 50   38 1.83203e-01
 50   40 2.27977e-01
 50   42 3.26046e-01
 50   44 4.25775e-01
 50   46 8.92527e-01
 50   48 2.30453e+00
 50   50 3.16934e+01
 50   52 2.26618e+00
 50   54 8.44595e-01
 50   56 3.69554e-01
 50   58 2.87793e-01
 50   60 2.31302e-01
 50   62 1.69519e-01
 50   64 1.58030e-01
 50   66 1.60611e-01
 50   68 1.36944e-01
 50   70 1.14600e-01
 50   72 9.93802e-02
 50   74 8.57322e-02
 50   76 8.59076e-02
 50   78 8.21422e-02
 50   80 7.48387e-02
 50   82 7.62431e-02
 50   84 6.27973e-02
 50   86 5.47702e-02
 50   88 7.06787e-02
 50   90 7.33890e-02
 51    1 2.21900e-02
 51    3 4.84591e-02
 51    5 7.28341e-02
 51    7 9.66512e-02
 51    9 1.14749e-01
 51   11 1.19257e-01
 51   13 1.25743e-01
 51   15 1.24381e-01
 51   17 1.13769e-01
 51   19 1.15602e-01
 51   21 1.12460e-01
 51   23 1.15020e-01
 51   25 1.19319e-01
 51   27 1.29302e-01
 51   29 1.48709e-01
 51   31 1.59424e-01
 51   33 1.57600e-01
 51   35 1.82061e-01
 51   37 1.98528e-01
 51   39 1.76899e-01
 51   41 2.33039e-01
 51   43 3.14043e-01
 51   45 4.07415e-01
 51   47 8.68933e-01
 51   49 2.25395e+00
 51   51 3.11927e+01
 51   53 2.21661e+00
 51   55 8.17209e-01
 51   57 3.47446e-01
 51   59 2.75698e-01
 51   61 2.30565e-01
 51   63 1.73364e-01
 51   65 1.57275e-01
 51   67 1.53813e-01
 51   69 1.35411e-01
 51   71 1.06737e-01
 51   73 9.07021e-02
 51   75 9.34043e-02
 51   77 8.64729e-02
 51   79 7.94171e-02
 51   81 7.90339e-02
 51   83 6.30514e-02
 51   85 5.56731e-02
 51   87 7.39626e-02
 51   89 7.81867e-02
 52    0 7.53783e-03
 52    2 3.53575e-02
 52    4 5.97243e-02
 52    6 8.35447e-02
 52    8 1.08925e-01
 52   10 1.14798e-01
 52   12 1.19208e-01
 52   14 1.20415e-01
 52   16 1.15291e-01
 52   18 1.12993e-01
 52   20 1.08133e-01
 52   22 1.07518e-01
 52   24 1.12939e-01
 52   26 1.19124e-01
 52   28 1.26718e-01
 52   30 1.46692e-01
 52   32 1.49651e-01
 52   34 1.52460e-01
 52   36 1.80619e-01
 52   38 1.88836e-01
 52   40 1.74428e-01
 52   42 2.26250e-01
 52   44 3.08090e-01
 52   46 3.94433e-01
 52   48 8.42144e-01
 52   50 2.20131e+00
 52   52 3.06822e+01
 52   54 2.16438e+00
 52   56 7.90516e-01
 52   58 3.31408e-01
 52   60 2.65166e-01
 52   62 2.26097e-01
 52   64 1.69599e-01
 52   66 1.52617e-01
 52   68 1.47532e-01
 52   70 1.27163e-01
 52   72 1.03613e-01
 52   74 8.91358e-02
 52   76 8.98153e-02
 52   78 8.01818e-02
 52   80 7.96544e-02
 52   82 7.51443e-02
 52   84 6.32574e-02
 52   86 5.23355e-02
 52   88 7.67502e-02
 52   90 7.15786e-02
 53    1 1.61479e-02
 53    3 4.14312e-02
 53    5 7.03360e-02
 53    7 1.03011e-01
 53    9 1.24621e-01
 53   11 1.22658e-01
 53   13 1.13258e-01
 53   15 9.98488e-02
 53   17 1.02570e-01
 53   19 1.04752e-01
 53   21 1.03058e-01
 53   23 1.05845e-01
 53   25 1.14140e-01
 53   27 1.18493e-01
 53   29 1.30122e-01
 53   31 1.43220e-01
 53   33 1.45149e-01
 53   35 1.51347e-01
 53   37 1.76863e-01
 53   39 1.92838e-01
 53   41 1.73455e-01
 53   43 2.20793e-01
 53   45 3.00721e-01
 53   47 3.82177e-01
 53   49 8.22258e-01
 53   51 2.15527e+00
 53   53 3.01967e+01
 53   55 2.10935e+00
 53   57 7.67722e-01
 53   59 3.23991e-01
 53   61 2.59988e-01
 53   63 2.30899e-01
 53   65 1.72584e-01
 53   67 1.47313e-01
 53   69 1.39213e-01
 53   71 1.20388e-01
 53   73 9.80394e-02
 53   75 9.30307e-02
 53   77 8.70199e-02
 53   79 8.41247e-02
 53   81 7.71958e-02
 53   83 6.49401e-02
 53   85 5.36194e-02
 53   87 8.02212e-02
 53   89 6.94112e-02
 54    0 5.20259e-03
 54    2 2.79179e-02
 54    4 5.46377e-02
 54    6 8.64898e-02
 54    8 1.16813e-01
 54   10 1.19732e-01
 54   12 1.16638e-01
 54   14 1.01599e-01
 54   16 9.87785e-02
 54   18 1.00635e-01
 54   20 1.01588e-01
 54   22 9.91454e-02
 54   24 1.05274e-01
 54   26 1.09748e-01
 54   28 1.17460e-01
 54   30 1.24431e-01
 54   32 1.37099e-01
 54   34 1.39921e-01
 54   36 1.45387e-01
 54   38 1.75315e-01
 54   40 1.85525e-01
 54   42 1.70671e-01
 54   44 2.19092e-01
 54   46 2.90384e-01
 54   48 3.64258e-01
 54   50 7.98478e-01
 54   52 2.10650e+00
 54   54 2.97484e+01
 54   56 2.05712e+00
 54   58 7.46158e-01
 54   60 3.09520e-01
 54   62 2.53199e-01
 54   64 2.27064e-01
 54   66 1.70578e-01
 54   68 1.39331e-01
 54   70 1.34892e-01
 54   72 1.18471e-01
 54   74 9.38209e-02
 54   76 8.68408e-02
 54   78 8.40042e-02
 54   80 8.00480e-02
 54   82 7.87141e-02
 54   84 6.28896e-02
 54   86 5.49254e-02
 54   88 7.53799e-02
 54   90 7.08235e-02
 55    1 2.24056e-02
 55    3 4.91625e-02
 55    5 7.12956e-02
 55    7 9.11705e-02
 55    9 1.08025e-01
 55   11 1.05529e-01
 55   13 1.08746e-01
 55   15 1.11214e-01
 55   17 1.05617e-01
 55   19 9.99600e-02
 55   21 9.33679e-02
 55   23 9.60612e-02
 55   25 9.98248e-02
 55   27 1.07618e-01
 55   29 1.13562e-01
 55   31 1.21575e-01
 55   33 1.36325e-01
 55   35 1.38698e-01
 55   37 1.54602e-01
 55   39 1.79177e-01
 55   41 1.80668e-01
 55   43 1.63272e-01
 55   45 2.19446e-01
 55   47 2.84612e-01
 55   49 3.52974e-01
 55   51 7.74066e-01
 55   53 2.05485e+00
 55   55 2.92766e+01
 55   57 2.01809e+00
 55   59 7.33653e-01
 55   61 3.07007e-01
 55   63 2.46371e-01
 55   65 2.21652e-01
 55   67 1.64708e-01
 55   69 1.36381e-01
 55   71 1.26161e-01
 55   73 1.07088e-01
 55   75 9.83603e-02
 55   77 8.76763e-02
 55   79 8.26570e-02
 55   81 7.94845e-02
 55   83 6.16435e-02
 55   85 5.68174e-02
 55   87 7.64915e-02
 55   89 7.23153e-02
 56    0 7.12318e-03
 56    2 3.52857e-02
 56    4 5.99469e-02
 56    6 7.93992e-02
 56    8 9.94125e-02
 56   10 1.02958e-01
 56   12 1.03970e-01
 56   14 1.08945e-01
 56   16 1.05289e-01
 56   18 9.88966e-02
 56   20 9.26421e-02
 56   22 9.23005e-02
 56   24 9.12044e-02
 56   26 9.73762e-02
 56   28 1.04713e-01
 56   30 1.09795e-01
 56   32 1.16950e-01
 56   34 1.30822e-01
 56   36 1.37434e-01
 56   38 1.51364e-01
 56   40 1.79303e-01
 56   42 1.73151e-01
 56   44 1.58917e-01
 56   46 2.15204e-01
 56   48 2.77111e-01
 56   50 3.40660e-01
 56   52 7.50182e-01
 56   54 2.00580e+00
 56   56 2.88813e+01
 56   58 1.96827e+00
 56   60 7.15762e-01
 56   62 2.98606e-01
 56   64 2.37083e-01
 56   66 2.17985e-01
 56   68 1.63427e-01
 56   70 1.35292e-01
 56   72 1.17822e-01
 56   74 1.05321e-01
 56   76 9.51405e-02
 56   78 8.46477e-02
 56   80 8.10185e-02
 56   82 7.89052e-02
 56   84 6.00766e-02
 56   86 5.14106e-02
 56   88 7.61946e-02
 56   90 7.27215e-02
 57    1 1.49005e-02
 57    3 3.86760e-02
 57    5 6.95704e-02
 57    7 1.01807e-01
 57    9 1.20735e-01
 57   11 1.18451e-01
 57   13 1.07793e-01
 57   15 8.78769e-02
 57   17 8.56015e-02
 57   19 8.18853e-02
 57   21 8.42513e-02
 57   23 8.95652e-02
 57   25 9.56816e-02
 57   27 1.06837e-01
 57   29 1.08542e-01
 57   31 1.09489e-01
 57   33 1.18753e-01
 57   35 1.39620e-01
 57   37 1.39095e-01
 57   39 1.45775e-01
 57   41 1.64324e-01
 57   43 1.68188e-01
 57   45 1.59198e-01
 57   47 2.13825e-01
 57   49 2.68546e-01
 57   51 3.21181e-01
 57   53 7.29883e-01
 57   55 1.96951e+00
 57   57 2.84621e+01
 57   59 1.93273e+00
 57   61 6.98891e-01
 57   63 2.88282e-01
 57   65 2.25952e-01
 57   67 2.10452e-01
 57   69 1.61535e-01
 57   71 1.21938e-01
 57   73 1.13531e-01
 57   75 1.09752e-01
 57   77 9.34203e-02
 57   79 8.51610e-02
 57   81 7.84126e-02
 57   83 6.18669e-02
 57   85 5.35340e-02
 57   87 8.07139e-02
 57   89 7.16774e-02
 58    0 4.72850e-03
 58    2 2.50799e-02
 58    4 5.23488e-02
 58    6 8.28046e-02
 58    8 1.11608e-01
 58   10 1.16878e-01
 58   12 1.14120e-01
 58   14 9.31657e-02
 58   16 8.24547e-02
 58   18 8.07951e-02
 58   20 8.03750e-02
 58   22 8.34183e-02
 58   24 8.75896e-02
 58   26 9.18022e-02
 58   28 1.00690e-01
 58   30 1.01465e-01
 58   32 1.06592e-01
 58   34 1.17849e-01
 58   36 1.35168e-01
 58   38 1.37005e-01
 58   40 1.40900e-01
 58   42 1.61374e-01
 58   44 1.62169e-01
 58   46 1.55061e-01
 58   48 2.15323e-01
 58   50 2.59131e-01
 58   52 3.07195e-01
 58   54 7.10649e-01
 58   56 1.92256e+00
 58   58 2.81024e+01
 58   60 1.88721e+00
 58   62 6.81374e-01
 58   64 2.81586e-01
 58   66 2.19272e-01
 58   68 2.08431e-01
 58   70 1.59819e-01
 58   72 1.17742e-01
 58   74 1.09789e-01
 58   76 1.03694e-01
 58   78 9.26525e-02
 58   80 8.35790e-02
 58   82 7.75945e-02
 58   84 5.99862e-02
 58   86 5.35254e-02
 58   88 7.93171e-02
 58   90 6.73253e-02
 59    1 2.56027e-02
 59    3 5.36214e-02
 59    5 7.24737e-02
 59    7 8.89470e-02
 59    9 1.01046e-01
 59   11 9.40512e-02
 59   13 9.18465e-02
 59   15 9.19285e-02
 59   17 8.68618e-02
 59   19 8.70354e-02
 59   21 8.66839e-02
 59   23 8.89250e-02
 59   25 9.38396e-02
 59   27 9.34576e-02
 59   29 9.37604e-02
 59   31 9.97886e-02
 59   33 1.06402e-01
 59   35 1.15379e-01
 59   37 1.27428e-01
 59   39 1.24152e-01
 59   41 1.35974e-01
 59   43 1.61950e-01
 59   45 1.57775e-01
 59   47 1.59814e-01
 59   49 2.08501e-01
 59   51 2.49151e-01
 59   53 3.01127e-01
 59   55 6.99962e-01
 59   57 1.88947e+00
 59   59 2.77242e+01
 59   61 1.84132e+00
 59   63 6.64788e-01
 59   65 2.68743e-01
 59   67 2.08431e-01
 59   69 1.99880e-01
 59   71 1.51429e-01
 59   73 1.19706e-01
 59   75 1.15807e-01
 59   77 1.05518e-01
 59   79 8.84621e-02
 59   81 8.02777e-02
 59   83 6.11337e-02
 59   85 5.92242e-02
 59   87 8.33713e-02
 59   89 7.05259e-02
 60    0 8.77189e-03
 60    2 4.05982e-02
 60    4 6.21005e-02
 60    6 7.85321e-02
 60    8 9.64731e-02
 60   10 9.51353e-02
 60   12 8.87877e-02
 60   14 8.74985e-02
 60   16 8.65025e-02
 60   18 8.63180e-02
 60   20 8.39847e-02
 60   22 8.43200e-02
 60   24 8.44553e-02
 60   26 9.13288e-02
 60   28 8.73310e-02
 60   30 9.19756e-02
 60   32 9.74346e-02
 60   34 1.05907e-01
 60   36 1.16359e-01
 60   38 1.21387e-01
 60   40 1.19720e-01
 60   42 1.34411e-01
 60   44 1.54553e-01
 60   46 1.56463e-01
 60   48 1.56157e-01
 60   50 2.03775e-01
 60   52 2.40493e-01
 60   54 2.88434e-01
 60   56 6.84065e-01
 60   58 1.84652e+00
 60   60 2.73825e+01
 60   62 1.79980e+00
 60   64 6.48074e-01
 60   66 2.66038e-01
 60   68 2.04284e-01
 60   70 1.93169e-01
 60   72 1.49856e-01
 60   74 1.15493e-01
 60   76 1.14851e-01
 60   78 9.88907e-02
 60   80 8.82263e-02
 60   82 7.83992e-02
 60   84 6.10436e-02
 60   86 5.41025e-02
 60   88 7.91608e-02
 60   90 6.88030e-02
 61    1 1.27340e-02
 61    3 3.39242e-02
 61    5 6.11514e-02
 61    7 9.26424e-02
 61    9 1.16231e-01
 61   11 1.14536e-01
 61   13 1.03069e-01
 61   15 8.03801e-02
 61   17 7.70633e-02
 61   19 7.33467e-02
 61   21 7.69054e-02
 61   23 8.11739e-02
 61   25 8.77355e-02
 61   27 8.87343e-02
 61   29 9.04911e-02
 61   31 9.73470e-02
 61   33 9.88062e-02
 61   35 1.05480e-01
 61   37 1.09075e-01
 61   39 1.16659e-01
 61   41 1.17079e-01
 61   43 1.29370e-01
 61   45 1.58436e-01
 61   47 1.50969e-01
 61   49 1.46870e-01
 61   51 2.04040e-01
 61   53 2.36625e-01
 61   55 2.86830e-01
 61   57 6.69067e-01
 61   59 1.80311e+00
 61   61 2.70441e+01
 61   63 1.75323e+00
 61   65 6.30331e-01
 61   67 2.60978e-01
 61   69 1.89992e-01
 61   71 1.86035e-01
 61   73 1.55221e-01
 61   75 1.29784e-01
 61   77 1.05543e-01
 61   79 9.72672e-02
 61   81 8.20088e-02
 61   83 6.50525e-02
 61   85 5.85113e-02
 61   87 8.82492e-02
 61   89 7.41517e-02
 62    0 4.05238e-03
 62    2 2.23639e-02
 62    4 4.64291e-02
 62    6 7.49357e-02
 62    8 1.05417e-01
 62   10 1.12003e-01
 62   12 1.09290e-01
 62   14 8.65187e-02
 62   16 7.66015e-02
 62   18 7.34582e-02
 62   20 7.13146e-02
 62   22 7.37095e-02
 62   24 8.21303e-02
 62   26 8.56288e-02
 62   28 8.55662e-02
 62   30 8.90686e-02
 62   32 9.54787e-02
 62   34 1.01359e-01
 62   36 1.00895e-01
 62   38 1.03665e-01
 62   40 1.11269e-01
 62   42 1.11647e-01
 62   44 1.30546e-01
 62   46 1.54062e-01
 62   48 1.39698e-01
 62   50 1.46364e-01
 62   52 2.00967e-01
 62   54 2.31241e-01
 62   56 2.79687e-01
 62   58 6.53377e-01
 62   60 1.76388e+00
 62   62 2.67249e+01
 62   64 1.71373e+00
 62   66 6.19103e-01
 62   68 2.54924e-01
 62   70 1.86051e-01
 62   72 1.79774e-01
 62   74 1.52661e-01
 62   76 1.19473e-01
 62   78 1.01704e-01
 62   80 9.39471e-02
 62   82 8.14847e-02
 62   84 6.25473e-02
 62   86 5.59287e-02
 62   88 8.54223e-02
 62   90 7.07816e-02
 63    1 2.41911e-02
 63    3 5.12200e-02
 63    5 7.06757e-02
 63    7 8.58550e-02
 63    9 9.57484e-02
 63   11 8.36156e-02
 63   13 7.38511e-02
 63   15 7.56153e-02
 63   17 7.94590e-02
 63   19 8.64700e-02
 63   21 9.06513e-02
 63   23 9.41140e-02
 63   25 8.87586e-02
 63   27 8.67154e-02
 63   29 9.06687e-02
 63   31 8.60647e-02
 63   33 9.08077e-02
 63   35 8.82634e-02
 63   37 8.88442e-02
 63   39 9.65003e-02
 63   41 1.04650e-01
 63   43 1.11414e-01
 63   45 1.27301e-01
 63   47 1.41609e-01
 63   49 1.39663e-01
 63   51 1.50478e-01
 63   53 2.06122e-01
 63   55 2.25766e-01
 63   57 2.70689e-01
 63   59 6.38510e-01
 63   61 1.71961e+00
 63   63 2.64104e+01
 63   65 1.66888e+00
 63   67 6.01576e-01
 63   69 2.51546e-01
 63   71 1.84654e-01
 63   73 1.85387e-01
 63   75 1.56476e-01
 63   77 1.17708e-01
 63   79 9.86495e-02
 63   81 8.55394e-02
 63   83 6.52859e-02
 63   85 6.21285e-02
 63   87 9.33769e-02
 63   89 7.58809e-02
 64    0 8.00494e-03
 64    2 3.76863e-02
 64    4 6.03890e-02
 64    6 7.72351e-02
 64    8 9.20022e-02
 64   10 8.81820e-02
 64   12 7.43426e-02
 64   14 7.25204e-02
 64   16 7.56763e-02
 64   18 8.03082e-02
 64   20 8.69661e-02
 64   22 9.20727e-02
 64   24 8.55033e-02
 64   26 8.28462e-02
 64   28 8.75334e-02
 64   30 8.70026e-02
 64   32 8.64483e-02
 64   34 8.48919e-02
 64   36 8.34497e-02
 64   38 8.54538e-02
 64   40 9.23716e-02
 64   42 1.02234e-01
 64   44 1.08109e-01
 64   46 1.19755e-01
 64   48 1.38103e-01
 64   50 1.33934e-01
 64   52 1.47975e-01
 64   54 2.03557e-01
 64   56 2.17976e-01
 64   58 2.65048e-01
 64   60 6.23455e-01
 64   62 1.68220e+00
 64   64 2.61305e+01
 64   66 1.62396e+00
 64   68 5.89764e-01
 64   70 2.50632e-01
 64   72 1.77553e-01
 64   74 1.78072e-01
 64   76 1.51812e-01
 64   78 1.15599e-01
 64   80 9.49090e-02
 64   82 8.49104e-02
 64   84 6.23345e-02
 64   86 6.11663e-02
 64   88 9.12004e-02
 64   90 7.57823e-02
 65    1 1.16003e-02
 65    3 3.18557e-02
 65    5 5.74276e-02
 65    7 8.43446e-02
 65    9 1.02738e-01
 65   11 1.05463e-01
 65   13 1.02585e-01
 65   15 8.77826e-02
 65   17 8.69540e-02
 65   19 7.68511e-02
 65   21 7.43204e-02
 65   23 7.33874e-02
 65   25 7.59239e-02
 65   27 7.71262e-02
 65   29 7.57372e-02
 65   31 7.66222e-02
 65   33 7.99793e-02
 65   35 8.04363e-02
 65   37 8.32534e-02
 65   39 8.76394e-02
 65   41 9.85994e-02
 65   43 1.06319e-01
 65   45 1.05815e-01
 65   47 1.23705e-01
 65   49 1.40051e-01
 65   51 1.34105e-01
 65   53 1.51347e-01
 65   55 1.99532e-01
 65   57 2.08421e-01
 65   59 2.53568e-01
 65   61 6.07344e-01
 65   63 1.63945e+00
 65   65 2.58335e+01
 65   67 1.58601e+00
 65   69 5.81219e-01
 65   71 2.54903e-01
 65   73 1.85883e-01
 65   75 1.78116e-01
 65   77 1.44299e-01
 65   79 1.08543e-01
 65   81 8.84292e-02
 65   83 6.77319e-02
 65   85 6.62153e-02
 65   87 9.94655e-02
 65   89 8.20208e-02
 66    0 3.59473e-03
 66    2 2.05474e-02
 66    4 4.27485e-02
 66    6 6.76166e-02
 66    8 9.25122e-02
 66   10 1.00741e-01
 66   12 1.06098e-01
 66   14 9.18772e-02
 66   16 8.78183e-02
 66   18 8.05394e-02
 66   20 7.35992e-02
 66   22 7.00079e-02
 66   24 7.03604e-02
 66   26 7.28438e-02
 66   28 7.55832e-02
 66   30 7.47307e-02
 66   32 7.51343e-02
 66   34 7.68125e-02
 66   36 7.75005e-02
 66   38 8.27495e-02
 66   40 8.55061e-02
 66   42 9.70548e-02
 66   44 9.90294e-02
 66   46 1.04730e-01
 66   48 1.19692e-01
 66   50 1.33824e-01
 66   52 1.30911e-01
 66   54 1.50337e-01
 66   56 1.97035e-01
 66   58 2.02909e-01
 66   60 2.51611e-01
 66   62 5.97454e-01
 66   64 1.59655e+00
 66   66 2.55859e+01
 66   68 1.54564e+00
 66   70 5.68079e-01
 66   72 2.52049e-01
 66   74 1.79866e-01
 66   76 1.68453e-01
 66   78 1.39337e-01
 66   80 1.07060e-01
 66   82 8.47333e-02
 66   84 6.54768e-02
 66   86 6.40724e-02
 66   88 9.81421e-02
 66   90 7.97946e-02
 67    1 2.20692e-02
 67    3 4.72634e-02
 67    5 6.85654e-02
 67    7 8.57894e-02
 67    9 9.62676e-02
 67   11 7.93224e-02
 67   13 6.26666e-02
 67   15 6.32171e-02
 67   17 6.66136e-02
 67   19 7.28601e-02
 67   21 8.12069e-02
 67   23 8.39857e-02
 67   25 8.04558e-02
 67   27 8.00351e-02
 67   29 7.94350e-02
 67   31 8.31720e-02
 67   33 7.85695e-02
 67   35 7.77340e-02
 67   37 7.97178e-02
 67   39 8.32918e-02
 67   41 8.70189e-02
 67   43 9.15879e-02
 67   45 9.50571e-02
 67   47 9.95067e-02
 67   49 1.15819e-01
 67   51 1.29038e-01
 67   53 1.27102e-01
 67   55 1.45879e-01
 67   57 1.90992e-01
 67   59 1.93489e-01
 67   61 2.47404e-01
 67   63 5.81434e-01
 67   65 1.56042e+00
 67   67 2.53510e+01
 67   69 1.51221e+00
 67   71 5.64102e-01
 67   73 2.65245e-01
 67   75 1.78036e-01
 67   77 1.59635e-01
 67   79 1.30742e-01
 67   81 9.65292e-02
 67   83 7.23829e-02
 67   85 7.28750e-02
 67   87 1.07312e-01
 67   89 8.31788e-02
 68    0 7.15888e-03
 68    2 3.36147e-02
 68    4 5.65835e-02
 68    6 7.49715e-02
 68    8 9.13877e-02
 68   10 8.64253e-02
 68   12 6.89261e-02
 68   14 6.10210e-02
 68   16 6.40649e-02
 68   18 6.77983e-02
 68   20 7.25545e-02
 68   22 7.86715e-02
 68   24 7.70140e-02
 68   26 8.13425e-02
 68   28 7.63563e-02
 68   30 7.86812e-02
 68   32 7.87250e-02
 68   34 7.37387e-02
 68   36 7.56344e-02
 68   38 7.74857e-02
 68   40 8.08338e-02
 68   42 8.17842e-02
 68   44 8.69706e-02
 68   46 9.11816e-02
 68   48 9.57531e-02
 68   50 1.12348e-01
 68   52 1.24601e-01
 68   54 1.20908e-01
 68   56 1.45446e-01
 68   58 1.89909e-01
 68   60 1.90232e-01
 68   62 2.42223e-01
 68   64 5.70884e-01
 68   66 1.52185e+00
 68   68 2.51151e+01
 68   70 1.47211e+00
 68   72 5.52025e-01
 68   74 2.61541e-01
 68   76 1.77887e-01
 68   78 1.53870e-01
 68   80 1.27553e-01
 68   82 9.35731e-02
 68   84 7.19085e-02
 68   86 7.00132e-02
 68   88 1.05479e-01
 68   90 8.38892e-02
 69    1 1.14339e-02
 69    3 2.85569e-02
 69    5 4.95260e-02
 69    7 7.17559e-02
 69    9 8.84453e-02
 69   11 9.19015e-02
 69   13 9.69928e-02
 69   15 9.26267e-02
 69   17 9.48631e-02
 69   19 8.44977e-02
 69   21 7.75480e-02
 69   23 7.10742e-02
 69   25 7.07825e-02
 69   27 6.84650e-02
 69   29 6.76600e-02
 69   31 6.79232e-02
 69   33 6.69017e-02
 69   35 6.93156e-02
 69   37 7.18272e-02
 69   39 7.49094e-02
 69   41 7.48620e-02
 69   43 7.87860e-02
 69   45 8.60523e-02
 69   47 9.14169e-02
 69   49 9.45602e-02
 69   51 1.11935e-01
 69   53 1.18353e-01
 69   55 1.19020e-01
 69   57 1.44449e-01
 69   59 1.82831e-01
 69   61 1.77470e-01
 69   63 2.39560e-01
 69   65 5.63460e-01
 69   67 1.49004e+00
 69   69 2.49120e+01
 69   71 1.44146e+00
 69   73 5.45833e-01
 69   75 2.66011e-01
 69   77 1.66069e-01
 69   79 1.43131e-01
 69   81 1.14121e-01
 69   83 8.31516e-02
 69   85 8.07393e-02
 69   87 1.14862e-01
 69   89 8.86603e-02
 70    0 3.53150e-03
 70    2 1.85954e-02
 70    4 3.71290e-02
 70    6 5.86922e-02
 70    8 8.03230e-02
 70   10 8.74049e-02
 70   12 9.38640e-02
 70   14 9.22291e-02
 70   16 9.28219e-02
 70   18 8.25034e-02
 70   20 7.71374e-02
 70   22 7.18117e-02
 70   24 7.25681e-02
 70   26 6.81646e-02
 70   28 6.47932e-02
 70   30 6.51420e-02
 70   32 6.45097e-02
 70   34 6.63586e-02
 70   36 6.82368e-02
 70   38 7.00220e-02
 70   40 7.10616e-02
 70   42 7.16742e-02
 70   44 7.63799e-02
 70   46 8.47170e-02
 70   48 8.74626e-02
 70   50 9.27072e-02
 70   52 1.05902e-01
 70   54 1.15425e-01
 70   56 1.18729e-01
 70   58 1.43589e-01
 70   60 1.77376e-01
 70   62 1.74319e-01
 70   64 2.39229e-01
 70   66 5.51542e-01
 70   68 1.45160e+00
 70   70 2.47045e+01
 70   72 1.39964e+00
 70   74 5.35261e-01
 70   76 2.61901e-01
 70   78 1.62743e-01
 70   80 1.38314e-01
 70   82 1.10208e-01
 70   84 7.89741e-02
 70   86 7.76326e-02
 70   88 1.13549e-01
 70   90 8.79990e-02
 71    1 1.70630e-02
 71    3 4.00011e-02
 71    5 6.24671e-02
 71    7 8.56120e-02
 71    9 1.00583e-01
 71   11 8.62394e-02
 71   13 6.72997e-02
 71   15 6.47665e-02
 71   17 6.14356e-02
 71   19 6.37668e-02
 71   21 6.29209e-02
 71   23 6.47395e-02
 71   25 7.10572e-02
 71   27 7.23169e-02
 71   29 7.25856e-02
 71   31 7.12263e-02
 71   33 7.57393e-02
 71   35 7.78087e-02
 71   37 7.37106e-02
 71   39 7.32929e-02
 71   41 7.45877e-02
 71   43 7.57596e-02
 71   45 7.88104e-02
 71   47 7.99787e-02
 71   49 8.38235e-02
 71   51 8.70666e-02
 71   53 1.00996e-01
 71   55 1.08647e-01
 71   57 1.07600e-01
 71   59 1.36683e-01
 71   61 1.71479e-01
 71   63 1.73532e-01
 71   65 2.43850e-01
 71   67 5.48491e-01
 71   69 1.42242e+00
 71   71 2.45147e+01
 71   73 1.37421e+00
 71   75 5.19454e-01
 71   77 2.54482e-01
 71   79 1.58980e-01
 71   81 1.25830e-01
 71   83 9.83326e-02
 71   85 9.03381e-02
 71   87 1.24440e-01
 71   89 8.90584e-02
 72    0 5.22629e-03
 72    2 2.66383e-02
 72    4 4.87122e-02
 72    6 7.16948e-02
 72    8 9.35985e-02
 72   10 9.22512e-02
 72   12 7.31136e-02
 72   14 6.44311e-02
 72   16 6.01792e-02
 72   18 5.87350e-02
 72   20 6.22499e-02
 72   22 6.48656e-02
 72   24 6.62784e-02
 72   26 6.86710e-02
 72   28 6.87578e-02
 72   30 6.91154e-02
 72   32 7.16861e-02
 72   34 7.61242e-02
 72   36 7.27600e-02
 72   38 7.03264e-02
 72   40 7.15842e-02
 72   42 7.23964e-02
 72   44 7.48984e-02
 72   46 7.51848e-02
 72   48 7.86491e-02
 72   50 7.93908e-02
 72   52 8.52117e-02
 72   54 1.00108e-01
 72   56 1.02106e-01
 72   58 1.04463e-01
 72   60 1.35886e-01
 72   62 1.66333e-01
 72   64 1.67358e-01
 72   66 2.41655e-01
 72   68 5.37536e-01
 72   70 1.38216e+00
 72   72 2.43343e+01
 72   74 1.33539e+00
 72   76 5.04732e-01
 72   78 2.55610e-01
 72   80 1.55759e-01
 72   82 1.21485e-01
 72   84 9.32593e-02
 72   86 8.96292e-02
 72   88 1.21061e-01
 72   90 8.98605e-02
 73    1 9.09129e-03
 73    3 2.21446e-02
 73    5 3.74385e-02
 73    7 5.44461e-02
 73    9 6.92314e-02
 73   11 7.04220e-02
 73   13 7.57282e-02
 73   15 8.36713e-02
 73   17 8.82398e-02
 73   19 8.30512e-02
 73   21 8.44906e-02
 73   23 8.32750e-02
 73   25 7.80541e-02
 73   27 7.61327e-02
 73   29 7.42796e-02
 73   31 7.23946e-02
 73   33 7.14812e-02
 73   35 6.61477e-02
 73   37 6.67816e-02
 73   39 6.51793e-02
 73   41 6.55640e-02
 73   43 6.52284e-02
 73   45 6.40637e-02
 73   47 6.72504e-02
 73   49 7.11157e-02
 73   51 7.31152e-02
 73   53 8.12791e-02
 73   55 9.11355e-02
 73   57 9.90016e-02
 73   59 1.06777e-01
 73   61 1.41390e-01
 73   63 1.72169e-01
 73   65 1.75729e-01
 73   67 2.54867e-01
 73   69 5.32280e-01
 73   71 1.35802e+00
 73   73 2.41372e+01
 73   75 1.29231e+00
 73   77 4.84069e-01
 73   79 2.43278e-01
 73   81 1.47938e-01
 73   83 1.15605e-01
 73   85 1.08898e-01
 73   87 1.28988e-01
 73   89 8.83293e-02
 74    0 2.93243e-03
 74    2 1.50368e-02
 74    4 2.86387e-02
 74    6 4.45619e-02
 74    8 6.27240e-02
 74   10 6.74934e-02
 74   12 6.93018e-02
 74   14 7.36650e-02
 74   16 8.41259e-02
 74   18 8.29050e-02
 74   20 8.59532e-02
 74   22 7.91427e-02
 74   24 7.99700e-02
 74   26 7.47787e-02
 74   28 7.49122e-02
 74   30 7.08180e-02
 74   32 7.05816e-02
 74   34 6.66893e-02
 74   36 6.57608e-02
 74   38 6.51705e-02
 74   40 6.36620e-02
 74   42 6.43909e-02
 74   44 6.37478e-02
 74   46 6.29010e-02
 74   48 6.55411e-02
 74   50 6.77302e-02
 74   52 7.24942e-02
 74   54 7.84014e-02
 74   56 9.02634e-02
 74   58 9.63290e-02
 74   60 1.03567e-01
 74   62 1.39685e-01
 74   64 1.65990e-01
 74   66 1.70541e-01
 74   68 2.51858e-01
 74   70 5.22726e-01
 74   72 1.32062e+00
 74   74 2.39686e+01
 74   76 1.25642e+00
 74   78 4.68464e-01
 74   80 2.41379e-01
 74   82 1.43726e-01
 74   84 1.10326e-01
 74   86 1.02903e-01
 74   88 1.26967e-01
 74   90 8.69818e-02
 75    1 1.54563e-02
 75    3 3.66128e-02
 75    5 5.82104e-02
 75    7 8.17632e-02
 75    9 9.97945e-02
 75   11 9.22882e-02
 75   13 7.40092e-02
 75   15 7.11446e-02
 75   17 6.32416e-02
 75   19 6.51119e-02
 75   21 6.27114e-02
 75   23 6.12860e-02
 75   25 6.06475e-02
 75   27 6.11844e-02
 75   29 6.10693e-02
 75   31 6.16872e-02
 75   33 6.30662e-02
 75   35 5.84296e-02
 75   37 6.12996e-02
 75   39 5.81598e-02
 75   41 6.43042e-02
 75   43 6.23594e-02
 75   45 6.34303e-02
 75   47 6.25706e-02
 75   49 6.59389e-02
 75   51 7.45138e-02
 75   53 7.63280e-02
 75   55 8.28409e-02
 75   57 9.47155e-02
 75   59 1.02230e-01
 75   61 1.16996e-01
 75   63 1.43815e-01
 75   65 1.66643e-01
 75   67 1.69299e-01
 75   69 2.56720e-01
 75   71 5.08021e-01
 75   73 1.27893e+00
 75   75 2.37680e+01
 75   77 1.21057e+00
 75   79 4.45801e-01
 75   81 2.28898e-01
 75   83 1.47216e-01
 75   85 1.30325e-01
 75   87 1.44085e-01
 75   89 8.83259e-02
 76    0 4.97139e-03
 76    2 2.53368e-02
 76    4 4.64246e-02
 76    6 6.74091e-02
 76    8 8.88427e-02
 76   10 9.42658e-02
 76   12 7.92486e-02
 76   14 7.33269e-02
 76   16 6.76931e-02
 76   18 6.41030e-02
 76   20 6.22571e-02
 76   22 6.18165e-02
 76   24 5.99820e-02
 76   26 5.90142e-02
 76   28 5.91562e-02
 76   30 5.93256e-02
 76   32 6.20478e-02
 76   34 5.81650e-02
 76   36 5.75921e-02
 76   38 5.77759e-02
 76   40 6.09733e-02
 76   42 6.39097e-02
 76   44 6.01631e-02
 76   46 6.04181e-02
 76   48 5.93994e-02
 76   50 6.72141e-02
 76   52 7.23422e-02
 76   54 7.18684e-02
 76   56 8.07515e-02
 76   58 9.01039e-02
 76   60 1.01998e-01
 76   62 1.08264e-01
 76   64 1.40146e-01
 76   66 1.58179e-01
 76   68 1.69649e-01
 76   70 2.53301e-01
 76   72 4.94332e-01
 76   74 1.24429e+00
 76   76 2.35973e+01
 76   78 1.17727e+00
 76   80 4.30689e-01
 76   82 2.22975e-01
 76   84 1.40320e-01
 76   86 1.26087e-01
 76   88 1.41467e-01
 76   90 8.84798e-02
 77    1 1.09333e-02
 77    3 2.67042e-02
 77    5 4.26993e-02
 77    7 5.79098e-02
 77    9 6.94136e-02
 77   11 6.90146e-02
 77   13 7.15391e-02
 77   15 7.63249e-02
 77   17 7.82091e-02
 77   19 7.88583e-02
 77   21 7.69982e-02
 77   23 7.53657e-02
 77   25 7.10391e-02
 77   27 6.93439e-02
 77   29 6.94413e-02
 77   31 6.90422e-02
 77   33 6.10230e-02
 77   35 6.13060e-02
 77   37 5.98939e-02
 77   39 6.47172e-02
 77   41 6.25844e-02
 77   43 6.17724e-02
 77   45 6.20445e-02
 77   47 6.15096e-02
 77   49 6.51718e-02
 77   51 6.83676e-02
 77   53 7.07581e-02
 77   55 7.31825e-02
 77   57 7.99007e-02
 77   59 9.23144e-02
 77   61 9.42930e-02
 77   63 1.07217e-01
 77   65 1.33797e-01
 77   67 1.50444e-01
 77   69 1.58836e-01
 77   71 2.46656e-01
 77   73 4.74775e-01
 77   75 1.19975e+00
 77   77 2.34210e+01
 77   79 1.14403e+00
 77   81 4.13258e-01
 77   83 2.27774e-01
 77   85 1.69418e-01
 77   87 1.66269e-01
 77   89 9.68108e-02
 78    0 3.52460e-03
 78    2 1.87207e-02
 78    4 3.42394e-02
 78    6 4.92126e-02
 78    8 6.35921e-02
 78   10 6.47039e-02
 78   12 6.68323e-02
 78   14 7.11591e-02
 78   16 7.77242e-02
 78   18 7.63210e-02
 78   20 7.97339e-02
 78   22 7.12416e-02
 78   24 7.12623e-02
 78   26 6.87501e-02
 78   28 6.79761e-02
 78   30 6.89720e-02
 78   32 5.95661e-02
 78   34 6.07936e-02
 78   36 5.82716e-02
 78   38 6.13243e-02
 78   40 6.15352e-02
 78   42 6.01098e-02
 78   44 5.95334e-02
 78   46 5.85609e-02
 78   48 5.97714e-02
 78   50 6.37390e-02
 78   52 6.40512e-02
 78   54 6.89485e-02
 78   56 7.12543e-02
 78   58 7.98467e-02
 78   60 8.71008e-02
 78   62 9.14023e-02
 78   64 1.05838e-01
 78   66 1.29762e-01
 78   68 1.45536e-01
 78   70 1.56103e-01
 78   72 2.48282e-01
 78   74 4.60126e-01
 78   76 1.16758e+00
 78   78 2.32447e+01
 78   80 1.11236e+00
 78   82 3.95446e-01
 78   84 2.19494e-01
 78   86 1.63144e-01
 78   88 1.63492e-01
 78   90 9.55727e-02
 79    1 1.43897e-02
 79    3 3.23305e-02
 79    5 4.98441e-02
 79    7 6.67640e-02
 79    9 8.23563e-02
 79   11 7.58434e-02
 79   13 6.92009e-02
 79   15 7.44249e-02
 79   17 6.68491e-02
 79   19 6.58860e-02
 79   21 6.65456e-02
 79   23 6.84514e-02
 79   25 6.34979e-02
 79   27 6.15279e-02
 79   29 6.05106e-02
 79   31 6.03395e-02
 79   33 5.75441e-02
 79   35 5.85748e-02
 79   37 5.80462e-02
 79   39 5.88368e-02
 79   41 5.79875e-02
 79   43 5.99422e-02
 79   45 5.84896e-02
 79   47 5.93065e-02
 79   49 6.27831e-02
 79   51 6.23167e-02
 79   53 6.78893e-02
 79   55 6.84738e-02
 79   57 7.22885e-02
 79   59 7.68101e-02
 79   61 8.62454e-02
 79   63 8.91808e-02
 79   65 9.98865e-02
 79   67 1.22287e-01
 79   69 1.35867e-01
 79   71 1.52931e-01
 79   73 2.36812e-01
 79   75 4.38491e-01
 79   77 1.13542e+00
 79   79 2.30720e+01
 79   81 1.09522e+00
 79   83 4.13304e-01
 79   85 2.47349e-01
 79   87 1.97163e-01
 79   89 1.08354e-01
 80    0 4.92874e-03
 80    2 2.30609e-02
 80    4 3.97855e-02
 80    6 5.64770e-02
 80    8 7.30155e-02
 80   10 7.54877e-02
 80   12 6.52250e-02
 80   14 7.08859e-02
 80   16 6.74307e-02
 80   18 6.75162e-02
 80   20 6.32620e-02
 80   22 6.70346e-02
 80   24 6.51223e-02
 80   26 6.23757e-02
 80   28 5.89496e-02
 80   30 5.84331e-02
 80   32 5.71070e-02
 80   34 5.76826e-02
 80   36 5.62922e-02
 80   38 5.72908e-02
 80   40 5.60374e-02
 80   42 5.62738e-02
 80   44 5.85116e-02
 80   46 5.65983e-02
 80   48 6.06738e-02
 80   50 5.76760e-02
 80   52 6.31963e-02
 80   54 6.52536e-02
 80   56 6.77345e-02
 80   58 7.15364e-02
 80   60 7.71782e-02
 80   62 8.38561e-02
 80   64 8.63026e-02
 80   66 9.90232e-02
 80   68 1.19822e-01
 80   70 1.31766e-01
 80   72 1.50263e-01
 80   74 2.35467e-01
 80   76 4.24232e-01
 80   78 1.10478e+00
 80   80 2.29015e+01
 80   82 1.06147e+00
 80   84 3.92189e-01
 80   86 2.38725e-01
 80   88 1.92429e-01
 80   90 1.05577e-01
 81    1 1.26599e-02
 81    3 2.89063e-02
 81    5 4.64097e-02
 81    7 6.32407e-02
 81    9 7.46238e-02
 81   11 6.40924e-02
 81   13 6.23257e-02
 81   15 6.70448e-02
 81   17 6.48418e-02
 81   19 6.69448e-02
 81   21 6.16386e-02
 81   23 6.05743e-02
 81   25 5.66688e-02
 81   27 6.23689e-02
 81   29 5.68346e-02
 81   31 5.58371e-02
 81   33 5.53203e-02
 81   35 5.59398e-02
 81   37 5.76599e-02
 81   39 5.52014e-02
 81   41 5.71339e-02
 81   43 5.65939e-02
 81   45 5.85205e-02
 81   47 6.07313e-02
 81   49 5.85321e-02
 81   51 6.16374e-02
 81   53 6.19174e-02
 81   55 6.54438e-02
 81   57 6.61540e-02
 81   59 6.92782e-02
 81   61 7.22720e-02
 81   63 7.68570e-02
 81   65 8.08798e-02
 81   67 8.97359e-02
 81   69 1.07668e-01
 81   71 1.20304e-01
 81   73 1.43126e-01
 81   75 2.23770e-01
 81   77 4.07645e-01
 81   79 1.08853e+00
 81   81 2.28675e+01
 81   83 1.09923e+00
 81   85 4.24781e-01
 81   87 2.58526e-01
 81   89 1.30786e-01
 82    0 3.99846e-03
 82    2 1.95522e-02
 82    4 3.57854e-02
 82    6 5.33349e-02
 82    8 6.93668e-02
 82   10 6.81988e-02
 82   12 5.77290e-02
 82   14 6.28309e-02
 82   16 6.34534e-02
 82   18 6.49858e-02
 82   20 6.05209e-02
 82   22 5.93680e-02
 82   24 5.52986e-02
 82   26 5.99398e-02
 82   28 5.76859e-02
 82   30 5.41715e-02
 82   32 5.43161e-02
 82   34 5.28347e-02
 82   36 5.75369e-02
 82   38 5.67109e-02
 82   40 5.42868e-02
 82   42 5.40626e-02
 82   44 5.64539e-02
 82   46 6.20013e-02
 82   48 5.76616e-02
 82   50 5.84415e-02
 82   52 5.92967e-02
 82   54 6.38204e-02
 82   56 6.56121e-02
 82   58 6.60561e-02
 82   60 6.82120e-02
 82   62 7.23403e-02
 82   64 7.67945e-02
 82   66 7.79501e-02
 82   68 8.74279e-02
 82   70 1.04425e-01
 82   72 1.16567e-01
 82   74 1.39450e-01
 82   76 2.18448e-01
 82   78 3.90633e-01
 82   80 1.05575e+00
 82   82 2.26835e+01
 82   84 1.06353e+00
 82   86 4.07169e-01
 82   88 2.53313e-01
 82   90 1.26002e-01
 83    1 1.28006e-02
 83    3 2.98851e-02
 83    5 4.60623e-02
 83    7 6.34075e-02
 83    9 7.46383e-02
 83   11 6.71471e-02
 83   13 6.03726e-02
 83   15 6.47252e-02
 83   17 6.85780e-02
 83   19 6.71952e-02
 83   21 6.29804e-02
 83   23 5.91570e-02
 83   25 5.86709e-02
 83   27 5.52369e-02
 83   29 5.40130e-02
 83   31 5.25803e-02
 83   33 5.22710e-02
 83   35 5.14360e-02
 83   37 5.10573e-02
 83   39 4.95106e-02
 83   41 4.88480e-02
 83   43 4.91178e-02
 83   45 5.23013e-02
 83   47 4.78494e-02
 83   49 4.76441e-02
 83   51 4.89431e-02
 83   53 5.18438e-02
 83   55 5.05171e-02
 83   57 5.19510e-02
 83   59 5.25107e-02
 83   61 5.70610e-02
 83   63 5.83851e-02
 83   65 6.16599e-02
 83   67 6.69744e-02
 83   69 7.80831e-02
 83   71 9.35748e-02
 83   73 1.11323e-01
 83   75 1.43246e-01
 83   77 2.23630e-01
 83   79 4.08861e-01
 83   81 1.09409e+00
 83   83 2.27066e+01
 83   85 1.09708e+00
 83   87 4.12291e-01
 83   89 1.68779e-01
 84    0 3.97269e-03
 84    2 2.04456e-02
 84    4 3.69955e-02
 84    6 5.25046e-02
 84    8 6.89284e-02
 84   10 6.93181e-02
 84   12 6.15213e-02
 84   14 6.19154e-02
 84   16 6.03977e-02
 84   18 6.51013e-02
 84   20 6.22942e-02
 84   22 6.11699e-02
 84   24 5.88137e-02
 84   26 5.63302e-02
 84   28 5.45053e-02
 84   30 5.33692e-02
 84   32 5.17917e-02
 84   34 5.12717e-02
 84   36 5.19374e-02
 84   38 5.08730e-02
 84   40 4.78293e-02
 84   42 4.81902e-02
 84   44 5.20350e-02
 84   46 5.01937e-02
 84   48 4.73876e-02
 84   50 4.79449e-02
 84   52 4.97194e-02
 84   54 5.07885e-02
 84   56 4.97581e-02
 84   58 5.08643e-02
 84   60 5.29017e-02
 84   62 5.53086e-02
 84   64 5.61536e-02
 84   66 5.99970e-02
 84   68 6.69205e-02
 84   70 7.45343e-02
 84   72 8.91298e-02
 84   74 1.06621e-01
 84   76 1.36928e-01
 84   78 2.15966e-01
 84   80 3.88533e-01
 84   82 1.05933e+00
 84   84 2.24960e+01
 84   86 1.06604e+00
 84   88 4.00350e-01
 84   90 1.62477e-01
 85    1 1.48812e-02
 85    3 3.50240e-02
 85    5 5.39977e-02
 85    7 7.12789e-02
 85    9 8.61886e-02
 85   11 7.09421e-02
 85   13 6.56099e-02
 85   15 6.35366e-02
 85   17 6.42071e-02
 85   19 6.26765e-02
 85   21 6.03131e-02
 85   23 5.86108e-02
 85   25 5.69537e-02
 85   27 5.05675e-02
 85   29 5.06067e-02
 85   31 5.10937e-02
 85   33 4.73854e-02
 85   35 4.46547e-02
 85   37 4.50299e-02
 85   39 4.10693e-02
 85   41 4.50153e-02
 85   43 4.34517e-02
 85   45 4.02117e-02
 85   47 4.00823e-02
 85   49 4.36653e-02
 85   51 4.30763e-02
 85   53 4.26680e-02
 85   55 4.64119e-02
 85   57 4.48086e-02
 85   59 5.07064e-02
 85   61 5.11577e-02
 85   63 5.53822e-02
 85   65 6.00848e-02
 85   67 6.72121e-02
 85   69 7.55732e-02
 85   71 8.56897e-02
 85   73 1.04526e-01
 85   75 1.26401e-01
 85   77 1.65799e-01
 85   79 2.43900e-01
 85   81 4.21431e-01
 85   83 1.09354e+00
 85   85 2.23455e+01
 85   87 1.02122e+00
 85   89 2.43345e-01
 86    0 4.79436e-03
 86    2 2.43694e-02
 86    4 4.40821e-02
 86    6 6.14564e-02
 86    8 7.99084e-02
 86   10 7.99851e-02
 86   12 6.41180e-02
 86   14 6.31384e-02
 86   16 6.05024e-02
 86   18 6.24294e-02
 86   20 5.88633e-02
 86   22 5.99662e-02
 86   24 5.71924e-02
 86   26 5.05577e-02
 86   28 5.07785e-02
 86   30 4.97226e-02
 86   32 4.87863e-02
 86   34 4.37655e-02
 86   36 4.52502e-02
 86   38 3.98526e-02
 86   40 4.42630e-02
 86   42 4.30100e-02
 86   44 3.90355e-02
 86   46 3.97383e-02
 86   48 4.20533e-02
 86   50 4.17120e-02
 86   52 4.10323e-02
 86   54 4.42461e-02
 86   56 4.24742e-02
 86   58 4.52728e-02
 86   60 4.67693e-02
 86   62 4.93326e-02
 86   64 5.49637e-02
 86   66 5.85637e-02
 86   68 6.49941e-02
 86   70 7.30855e-02
 86   72 8.54468e-02
 86   74 9.91992e-02
 86   76 1.22732e-01
 86   78 1.60121e-01
 86   80 2.35909e-01
 86   82 4.04547e-01
 86   84 1.06338e+00
 86   86 2.21277e+01
 86   88 9.90151e-01
 86   90 2.30056e-01
 87    1 5.68335e-03
 87    3 1.38442e-02
 87    5 2.18065e-02
 87    7 3.01094e-02
 87    9 3.44641e-02
 87   11 3.07761e-02
 87   13 2.95929e-02
 87   15 3.03674e-02
 87   17 3.10233e-02
 87   19 3.21892e-02
 87   21 3.42584e-02
 87   23 3.48330e-02
 87   25 3.60969e-02
 87   27 3.64360e-02
 87   29 3.87391e-02
 87   31 4.07891e-02
 87   33 3.93678e-02
 87   35 4.47659e-02
 87   37 4.23638e-02
 87   39 4.50631e-02
 87   41 4.77933e-02
 87   43 4.69682e-02
 87   45 5.06036e-02
 87   47 5.32696e-02
 87   49 5.78755e-02
 87   51 5.71270e-02
 87   53 6.37244e-02
 87   55 6.23730e-02
 87   57 6.74398e-02
 87   59 7.12552e-02
 87   61 7.70227e-02
 87   63 8.30912e-02
 87   65 9.00979e-02
 87   67 9.87996e-02
 87   69 1.07324e-01
 87   71 1.17830e-01
 87   73 1.23592e-01
 87   75 1.39502e-01
 87   77 1.62432e-01
 87   79 1.94073e-01
 87   81 2.56037e-01
 87   83 4.10239e-01
 87   85 1.01943e+00
 87   87 2.26341e+01
 87   89 8.18794e-01
 88    0 1.84483e-03
 88    2 9.56737e-03
 88    4 1.70171e-02
 88    6 2.47288e-02
 88    8 3.33244e-02
 88   10 2.91761e-02
 88   12 2.87304e-02
 88   14 2.97981e-02
 88   16 2.94101e-02
 88   18 2.93187e-02
 88   20 3.09960e-02
 88   22 3.38941e-02
 88   24 3.39632e-02
 88   26 3.48489e-02
 88   28 3.66248e-02
 88   30 3.79765e-02
 88   32 3.75959e-02
 88   34 4.15995e-02
 88   36 4.18781e-02
 88   38 4.11790e-02
 88   40 4.61723e-02
 88   42 4.33650e-02
 88   44 4.71168e-02
 88   46 4.87749e-02
 88   48 5.29126e-02
 88   50 5.37731e-02
 88   52 6.01131e-02
 88   54 6.06621e-02
 88   56 6.28865e-02
 88   58 6.70200e-02
 88   60 6.83620e-02
 88   62 7.52715e-02
 88   64 8.18693e-02
 88   66 8.96133e-02
 88   68 9.78179e-02
 88   70 1.06790e-01
 88   72 1.15295e-01
 88   74 1.22272e-01
 88   76 1.37563e-01
 88   78 1.60300e-01
 88   80 1.89967e-01
 88   82 2.51428e-01
 88   84 3.98947e-01
 88   86 9.89148e-01
 88   88 2.24047e+01
 88   90 7.77108e-01
 89    1 9.58157e-03
 89    3 2.18363e-02
 89    5 3.38179e-02
 89    7 4.66468e-02
 89    9 5.29808e-02
 89   11 4.30078e-02
 89   13 4.39577e-02
 89   15 4.73351e-02
 89   17 4.87108e-02
 89   19 4.80549e-02
 89   21 4.98058e-02
 89   23 4.69350e-02
 89   25 4.97445e-02
 89   27 4.90890e-02
 89   29 5.02567e-02
 89   31 4.64017e-02
 89   33 5.30465e-02
 89   35 4.76637e-02
 89   37 4.90868e-02
 89   39 5.26482e-02
 89   41 4.64856e-02
 89   43 5.21491e-02
 89   45 5.10861e-02
 89   47 5.62424e-02
 89   49 5.38277e-02
 89   51 6.03739e-02
 89   53 5.51230e-02
 89   55 5.89524e-02
 89   57 5.98738e-02
 89   59 6.02609e-02
 89   61 6.47018e-02
 89   63 6.75048e-02
 89   65 7.42769e-02
 89   67 7.65606e-02
 89   69 8.28201e-02
 89   71 8.43055e-02
 89   73 8.46117e-02
 89   75 8.54937e-02
 89   77 9.45518e-02
 89   79 1.06628e-01
 89   81 1.29493e-01
 89   83 1.67895e-01
 89   85 2.42854e-01
 89   87 8.18581e-01
 89   89 2.37746e+01
 90    0 3.22055e-03
 90    2 1.54237e-02
 90    4 2.66481e-02
 90    6 3.94358e-02
 90    8 5.11446e-02
 90   10 4.52826e-02
 90   12 4.20266e-02
 90   14 4.44955e-02
 90   16 4.53940e-02
 90   18 4.66691e-02
 90   20 4.86351e-02
 90   22 4.53217e-02
 90   24 4.82060e-02
 90   26 4.78460e-02
 90   28 4.87324e-02
 90   30 4.74543e-02
 90   32 5.00023e-02
 90   34 4.97748e-02
 90   36 4.63896e-02
 90   38 5.50911e-02
 90   40 4.57988e-02
 90   42 4.89759e-02
 90   44 4.95740e-02
 90   46 5.22776e-02
 90   48 5.29719e-02
 90   50 5.58631e-02
 90   52 5.60907e-02
 90   54 5.70239e-02
 90   56 6.00501e-02
 90   58 5.69159e-02
 90   60 5.94469e-02
 90   62 6.24019e-02
 90   64 6.80628e-02
 90   66 7.28969e-02
 90   68 7.78356e-02
 90   70 8.28023e-02
 90   72 8.56234e-02
 90   74 8.38078e-02
 90   76 8.60815e-02
 90   78 9.37539e-02
 90   80 1.04278e-01
 90   82 1.25127e-01
 90   84 1.61989e-01
 90   86 2.29939e-01
 90   88 7.77498e-01
