# 13C+CO2(ji) -> 13C+CO2(jf) molscat cross sections, CS8_JMAX90 approx. (written on 08/08/2023); 
# E=12240.000000 (1/cm) = 1.5175665760935861 eV
# ji  jf sigma(ji,jf) (1e-16 cm^2)
  1    1 1.96357e+02
  1    3 2.62091e+01
  1    5 1.03819e+01
  1    7 4.30440e+00
  1    9 2.46401e+00
  1   11 1.58845e+00
  1   13 1.34028e+00
  1   15 1.38124e+00
  1   17 1.06243e+00
  1   19 8.88053e-01
  1   21 1.07751e+00
  1   23 9.10739e-01
  1   25 7.96607e-01
  1   27 8.15393e-01
  1   29 7.63678e-01
  1   31 7.38274e-01
  1   33 6.48122e-01
  1   35 6.51941e-01
  1   37 5.78350e-01
  1   39 5.71419e-01
  1   41 6.38343e-01
  1   43 5.53260e-01
  1   45 5.56688e-01
  1   47 5.48980e-01
  1   49 5.48308e-01
  1   51 6.36210e-01
  1   53 6.17480e-01
  1   55 5.64298e-01
  1   57 6.01894e-01
  1   59 6.59571e-01
  1   61 6.98050e-01
  1   63 7.85177e-01
  1   65 7.65674e-01
  1   67 5.95329e-01
  1   69 7.40198e-01
  1   71 5.84893e-01
  1   73 5.96187e-01
  1   75 3.75302e-01
  1   77 4.82498e-01
  1   79 3.68986e-01
  1   81 4.73791e-01
  1   83 5.27013e-01
  1   85 5.91514e-01
  1   87 6.12611e-01
  1   89 2.29758e-01
  1   91 3.91200e-01
  2    2 2.06830e+02
  2    4 2.03200e+01
  2    6 7.76450e+00
  2    8 3.47864e+00
  2   10 2.05652e+00
  2   12 1.45471e+00
  2   14 1.36445e+00
  2   16 1.24300e+00
  2   18 9.95221e-01
  2   20 9.54190e-01
  2   22 1.00115e+00
  2   24 8.94211e-01
  2   26 8.13326e-01
  2   28 7.89718e-01
  2   30 7.42310e-01
  2   32 6.90096e-01
  2   34 6.62580e-01
  2   36 6.10809e-01
  2   38 5.96108e-01
  2   40 5.79114e-01
  2   42 5.61216e-01
  2   44 5.61651e-01
  2   46 5.71614e-01
  2   48 5.48606e-01
  2   50 5.85158e-01
  2   52 6.38769e-01
  2   54 5.58387e-01
  2   56 6.44775e-01
  2   58 5.98387e-01
  2   60 7.68109e-01
  2   62 6.89209e-01
  2   64 8.28363e-01
  2   66 5.86072e-01
  2   68 7.80375e-01
  2   70 5.34760e-01
  2   72 7.17821e-01
  2   74 3.78949e-01
  2   76 5.49211e-01
  2   78 3.83321e-01
  2   80 4.80972e-01
  2   82 5.46023e-01
  2   84 5.87804e-01
  2   86 6.67027e-01
  2   88 2.53353e-01
  2   90 4.09089e-01
  3    1 5.24283e+00
  3    3 2.06824e+02
  3    5 1.75041e+01
  3    7 6.62233e+00
  3    9 3.00028e+00
  3   11 1.89900e+00
  3   13 1.47207e+00
  3   15 1.26019e+00
  3   17 1.14154e+00
  3   19 1.00959e+00
  3   21 9.72421e-01
  3   23 9.22042e-01
  3   25 8.62902e-01
  3   27 7.99807e-01
  3   29 7.59948e-01
  3   31 7.51818e-01
  3   33 6.60388e-01
  3   35 6.45976e-01
  3   37 6.00307e-01
  3   39 5.80228e-01
  3   41 6.03763e-01
  3   43 5.57795e-01
  3   45 5.63865e-01
  3   47 5.50079e-01
  3   49 5.71967e-01
  3   51 5.82357e-01
  3   53 6.01271e-01
  3   55 5.87779e-01
  3   57 6.61964e-01
  3   59 6.68749e-01
  3   61 6.88522e-01
  3   63 7.24617e-01
  3   65 7.45919e-01
  3   67 6.43966e-01
  3   69 6.98384e-01
  3   71 5.42584e-01
  3   73 6.23370e-01
  3   75 3.96494e-01
  3   77 4.94489e-01
  3   79 4.21511e-01
  3   81 4.77519e-01
  3   83 5.31498e-01
  3   85 5.51377e-01
  3   87 5.98008e-01
  3   89 2.41948e-01
  3   91 4.09131e-01
  4    2 8.71137e+00
  4    4 2.06302e+02
  4    6 1.61317e+01
  4    8 5.98166e+00
  4   10 2.76793e+00
  4   12 1.85041e+00
  4   14 1.38521e+00
  4   16 1.18682e+00
  4   18 1.14836e+00
  4   20 9.82696e-01
  4   22 9.16815e-01
  4   24 9.31092e-01
  4   26 8.53015e-01
  4   28 7.80990e-01
  4   30 7.52871e-01
  4   32 7.24187e-01
  4   34 6.47146e-01
  4   36 6.13530e-01
  4   38 6.02388e-01
  4   40 5.81166e-01
  4   42 5.61872e-01
  4   44 5.60810e-01
  4   46 5.75388e-01
  4   48 5.66052e-01
  4   50 5.79735e-01
  4   52 5.95517e-01
  4   54 6.03319e-01
  4   56 6.55084e-01
  4   58 6.47207e-01
  4   60 7.28138e-01
  4   62 6.59667e-01
  4   64 7.59733e-01
  4   66 6.47334e-01
  4   68 7.72127e-01
  4   70 5.25681e-01
  4   72 6.59081e-01
  4   74 4.70522e-01
  4   76 5.56610e-01
  4   78 4.16323e-01
  4   80 4.91224e-01
  4   82 5.66771e-01
  4   84 5.45323e-01
  4   86 6.18464e-01
  4   88 2.79807e-01
  4   90 4.24248e-01
  5    1 1.15428e+00
  5    3 9.72886e+00
  5    5 2.05999e+02
  5    7 1.53039e+01
  5    9 5.61177e+00
  5   11 2.66843e+00
  5   13 1.74235e+00
  5   15 1.32106e+00
  5   17 1.18373e+00
  5   19 1.11464e+00
  5   21 9.53047e-01
  5   23 9.19613e-01
  5   25 9.21688e-01
  5   27 8.36804e-01
  5   29 7.55226e-01
  5   31 7.30990e-01
  5   33 6.79536e-01
  5   35 6.48090e-01
  5   37 6.14433e-01
  5   39 5.90257e-01
  5   41 5.90052e-01
  5   43 5.69148e-01
  5   45 5.44560e-01
  5   47 5.71747e-01
  5   49 5.76497e-01
  5   51 5.96312e-01
  5   53 5.92831e-01
  5   55 5.96718e-01
  5   57 6.89577e-01
  5   59 6.58454e-01
  5   61 7.02948e-01
  5   63 6.70960e-01
  5   65 7.11430e-01
  5   67 6.68647e-01
  5   69 6.85274e-01
  5   71 5.17408e-01
  5   73 6.24497e-01
  5   75 4.77042e-01
  5   77 5.24397e-01
  5   79 4.47678e-01
  5   81 4.94431e-01
  5   83 5.40825e-01
  5   85 5.03436e-01
  5   87 5.90541e-01
  5   89 2.61704e-01
  5   91 3.93497e-01
  6    2 2.11948e+00
  6    4 1.02715e+01
  6    6 2.05931e+02
  6    8 1.47945e+01
  6   10 5.42411e+00
  6   12 2.54556e+00
  6   14 1.66253e+00
  6   16 1.32381e+00
  6   18 1.14894e+00
  6   20 1.07299e+00
  6   22 9.46302e-01
  6   24 9.11798e-01
  6   26 8.91312e-01
  6   28 8.11686e-01
  6   30 7.41543e-01
  6   32 7.29091e-01
  6   34 6.70447e-01
  6   36 6.34972e-01
  6   38 6.04834e-01
  6   40 5.97412e-01
  6   42 5.84677e-01
  6   44 5.78705e-01
  6   46 5.90852e-01
  6   48 5.70206e-01
  6   50 5.87427e-01
  6   52 6.07462e-01
  6   54 6.02078e-01
  6   56 6.52215e-01
  6   58 6.70362e-01
  6   60 7.03435e-01
  6   62 6.66688e-01
  6   64 6.98268e-01
  6   66 6.85906e-01
  6   68 7.32366e-01
  6   70 5.41251e-01
  6   72 6.33170e-01
  6   74 4.97151e-01
  6   76 5.94900e-01
  6   78 4.88540e-01
  6   80 4.86651e-01
  6   82 5.52662e-01
  6   84 5.05683e-01
  6   86 6.03692e-01
  6   88 2.77876e-01
  6   90 4.23804e-01
  7    1 3.31552e-01
  7    3 2.54998e+00
  7    5 1.06025e+01
  7    7 2.05843e+02
  7    9 1.44926e+01
  7   11 5.22471e+00
  7   13 2.44879e+00
  7   15 1.66633e+00
  7   17 1.28190e+00
  7   19 1.11118e+00
  7   21 1.05441e+00
  7   23 9.41911e-01
  7   25 8.83680e-01
  7   27 8.58185e-01
  7   29 7.93784e-01
  7   31 7.15530e-01
  7   33 7.01901e-01
  7   35 6.80716e-01
  7   37 6.31101e-01
  7   39 5.89700e-01
  7   41 5.96923e-01
  7   43 5.73095e-01
  7   45 5.78034e-01
  7   47 5.86745e-01
  7   49 5.74500e-01
  7   51 5.99707e-01
  7   53 6.08583e-01
  7   55 6.20824e-01
  7   57 6.74563e-01
  7   59 6.63975e-01
  7   61 7.14476e-01
  7   63 6.55086e-01
  7   65 6.78866e-01
  7   67 6.45518e-01
  7   69 6.84078e-01
  7   71 5.19347e-01
  7   73 6.17496e-01
  7   75 4.90929e-01
  7   77 5.82882e-01
  7   79 5.04264e-01
  7   81 4.68568e-01
  7   83 5.24501e-01
  7   85 4.82334e-01
  7   87 5.75253e-01
  7   89 2.71741e-01
  7   91 4.12972e-01
  8    2 6.96927e-01
  8    4 2.79536e+00
  8    6 1.08583e+01
  8    8 2.05958e+02
  8   10 1.42133e+01
  8   12 5.08455e+00
  8   14 2.42339e+00
  8   16 1.63027e+00
  8   18 1.25135e+00
  8   20 1.10928e+00
  8   22 1.04889e+00
  8   24 9.18061e-01
  8   26 8.69424e-01
  8   28 8.47267e-01
  8   30 7.75880e-01
  8   32 7.25939e-01
  8   34 6.85846e-01
  8   36 6.62101e-01
  8   38 6.28299e-01
  8   40 6.04611e-01
  8   42 5.93067e-01
  8   44 5.82803e-01
  8   46 5.96519e-01
  8   48 5.85616e-01
  8   50 6.10884e-01
  8   52 6.13494e-01
  8   54 6.30139e-01
  8   56 6.40092e-01
  8   58 6.82358e-01
  8   60 6.90029e-01
  8   62 6.80796e-01
  8   64 6.61427e-01
  8   66 6.68145e-01
  8   68 6.89138e-01
  8   70 5.64027e-01
  8   72 6.43658e-01
  8   74 4.96630e-01
  8   76 6.45505e-01
  8   78 5.44949e-01
  8   80 4.84330e-01
  8   82 5.29193e-01
  8   84 4.91039e-01
  8   86 5.92326e-01
  8   88 2.75729e-01
  8   90 4.30222e-01
  9    1 1.45276e-01
  9    3 8.84297e-01
  9    5 2.97588e+00
  9    7 1.10932e+01
  9    9 2.05933e+02
  9   11 1.40073e+01
  9   13 5.00606e+00
  9   15 2.38094e+00
  9   17 1.58641e+00
  9   19 1.22626e+00
  9   21 1.09066e+00
  9   23 1.02669e+00
  9   25 9.06703e-01
  9   27 8.36279e-01
  9   29 8.28243e-01
  9   31 7.56478e-01
  9   33 7.22086e-01
  9   35 6.79747e-01
  9   37 6.56354e-01
  9   39 6.13694e-01
  9   41 6.10240e-01
  9   43 6.05439e-01
  9   45 5.94967e-01
  9   47 5.88875e-01
  9   49 6.00533e-01
  9   51 6.13897e-01
  9   53 6.23373e-01
  9   55 6.27043e-01
  9   57 6.54558e-01
  9   59 6.57948e-01
  9   61 7.09439e-01
  9   63 6.49987e-01
  9   65 6.46849e-01
  9   67 6.22424e-01
  9   69 6.58968e-01
  9   71 5.54473e-01
  9   73 6.21855e-01
  9   75 4.93049e-01
  9   77 6.29041e-01
  9   79 5.24429e-01
  9   81 4.70825e-01
  9   83 5.21741e-01
  9   85 4.71907e-01
  9   87 5.67147e-01
  9   89 2.67126e-01
  9   91 4.29257e-01
 10    2 3.25627e-01
 10    4 1.02231e+00
 10    6 3.14630e+00
 10    8 1.12332e+01
 10   10 1.77119e+02
 10   12 1.31896e+01
 10   14 4.66140e+00
 10   16 2.13889e+00
 10   18 1.41325e+00
 10   20 1.08784e+00
 10   22 9.73402e-01
 10   24 9.11163e-01
 10   26 7.98515e-01
 10   28 7.40342e-01
 10   30 7.36619e-01
 10   32 6.79254e-01
 10   34 6.38275e-01
 10   36 6.15648e-01
 10   38 5.91750e-01
 10   40 5.69568e-01
 10   42 5.60356e-01
 10   44 5.58871e-01
 10   46 5.70585e-01
 10   48 5.66067e-01
 10   50 5.65319e-01
 10   52 5.72192e-01
 10   54 5.98033e-01
 10   56 5.96063e-01
 10   58 6.10538e-01
 10   60 6.12100e-01
 10   62 6.42072e-01
 10   64 5.96552e-01
 10   66 6.03311e-01
 10   68 6.03025e-01
 10   70 5.37754e-01
 10   72 6.38188e-01
 10   74 4.80828e-01
 10   76 6.03042e-01
 10   78 5.00972e-01
 10   80 4.99511e-01
 10   82 4.91863e-01
 10   84 4.41958e-01
 10   86 5.45444e-01
 10   88 2.38755e-01
 10   90 3.87553e-01
 11    1 7.59065e-02
 11    3 4.53648e-01
 11    5 1.14691e+00
 11    7 3.24138e+00
 11    9 1.13530e+01
 11   11 1.55425e+02
 11   13 1.23425e+01
 11   15 4.40417e+00
 11   17 1.98990e+00
 11   19 1.30784e+00
 11   21 9.71610e-01
 11   23 8.62064e-01
 11   25 8.11738e-01
 11   27 7.05826e-01
 11   29 6.51401e-01
 11   31 6.55667e-01
 11   33 6.07309e-01
 11   35 5.65388e-01
 11   37 5.44518e-01
 11   39 5.41521e-01
 11   41 5.09865e-01
 11   43 4.99706e-01
 11   45 5.05222e-01
 11   47 4.95534e-01
 11   49 5.07608e-01
 11   51 5.21796e-01
 11   53 5.20498e-01
 11   55 5.52414e-01
 11   57 5.27735e-01
 11   59 5.28777e-01
 11   61 5.51550e-01
 11   63 5.35318e-01
 11   65 5.08282e-01
 11   67 5.31891e-01
 11   69 5.02065e-01
 11   71 4.84256e-01
 11   73 5.41770e-01
 11   75 4.28024e-01
 11   77 5.05636e-01
 11   79 4.17353e-01
 11   81 4.29504e-01
 11   83 4.01859e-01
 11   85 3.67498e-01
 11   87 4.42996e-01
 11   89 1.96300e-01
 11   91 3.12066e-01
 12    2 1.90535e-01
 12    4 5.65333e-01
 12    6 1.22142e+00
 12    8 3.32408e+00
 12   10 1.09104e+01
 12   12 1.38510e+02
 12   14 1.14734e+01
 12   16 4.16528e+00
 12   18 1.87802e+00
 12   20 1.20261e+00
 12   22 9.06896e-01
 12   24 7.96825e-01
 12   26 7.52359e-01
 12   28 6.56505e-01
 12   30 6.00188e-01
 12   32 6.00530e-01
 12   34 5.53992e-01
 12   36 5.26720e-01
 12   38 5.12068e-01
 12   40 5.00391e-01
 12   42 4.91782e-01
 12   44 4.88687e-01
 12   46 4.70181e-01
 12   48 4.79181e-01
 12   50 4.96249e-01
 12   52 4.78193e-01
 12   54 4.98336e-01
 12   56 4.78714e-01
 12   58 4.84754e-01
 12   60 4.66213e-01
 12   62 5.04765e-01
 12   64 4.39402e-01
 12   66 5.01209e-01
 12   68 4.28250e-01
 12   70 4.36687e-01
 12   72 4.98910e-01
 12   74 4.11322e-01
 12   76 4.64810e-01
 12   78 3.78053e-01
 12   80 3.95192e-01
 12   82 3.82050e-01
 12   84 3.40888e-01
 12   86 3.62848e-01
 12   88 1.80861e-01
 12   90 2.78466e-01
 13    1 5.38792e-02
 13    3 2.95830e-01
 13    5 6.29978e-01
 13    7 1.27802e+00
 13    9 3.41329e+00
 13   11 1.03830e+01
 13   13 1.25139e+02
 13   15 1.06548e+01
 13   17 3.94489e+00
 13   19 1.75132e+00
 13   21 1.12660e+00
 13   23 8.47307e-01
 13   25 7.37323e-01
 13   27 6.84546e-01
 13   29 5.90874e-01
 13   31 5.54804e-01
 13   33 5.53638e-01
 13   35 5.23091e-01
 13   37 4.75280e-01
 13   39 4.81579e-01
 13   41 4.51576e-01
 13   43 4.50380e-01
 13   45 4.39186e-01
 13   47 4.37035e-01
 13   49 4.40993e-01
 13   51 4.59008e-01
 13   53 4.39790e-01
 13   55 4.65692e-01
 13   57 4.19729e-01
 13   59 4.48001e-01
 13   61 4.01911e-01
 13   63 4.36140e-01
 13   65 3.72321e-01
 13   67 4.37432e-01
 13   69 3.62299e-01
 13   71 3.97836e-01
 13   73 4.24039e-01
 13   75 3.57011e-01
 13   77 3.80626e-01
 13   79 3.39336e-01
 13   81 3.23838e-01
 13   83 3.18039e-01
 13   85 2.90302e-01
 13   87 3.02983e-01
 13   89 1.47405e-01
 13   91 2.44851e-01
 14    2 1.52480e-01
 14    4 3.61085e-01
 14    6 6.80629e-01
 14    8 1.35177e+00
 14   10 3.28992e+00
 14   12 9.78933e+00
 14   14 1.14344e+02
 14   16 9.88881e+00
 14   18 3.72867e+00
 14   20 1.66845e+00
 14   22 1.05631e+00
 14   24 7.84780e-01
 14   26 6.77136e-01
 14   28 6.45345e-01
 14   30 5.62153e-01
 14   32 5.13531e-01
 14   34 5.14548e-01
 14   36 4.96799e-01
 14   38 4.47167e-01
 14   40 4.54088e-01
 14   42 4.42608e-01
 14   44 4.34676e-01
 14   46 4.11044e-01
 14   48 4.29174e-01
 14   50 4.31872e-01
 14   52 3.95762e-01
 14   54 4.13747e-01
 14   56 3.82472e-01
 14   58 4.01969e-01
 14   60 3.64347e-01
 14   62 3.81229e-01
 14   64 3.24543e-01
 14   66 3.84637e-01
 14   68 3.18410e-01
 14   70 3.60469e-01
 14   72 3.47478e-01
 14   74 3.62980e-01
 14   76 3.51822e-01
 14   78 3.27291e-01
 14   80 3.02317e-01
 14   82 3.31143e-01
 14   84 3.06911e-01
 14   86 3.16036e-01
 14   88 1.46971e-01
 14   90 2.33433e-01
 15    1 4.79499e-02
 15    3 2.18698e-01
 15    5 4.12486e-01
 15    7 7.51003e-01
 15    9 1.40190e+00
 15   11 3.19947e+00
 15   13 9.20106e+00
 15   15 1.05564e+02
 15   17 9.19181e+00
 15   19 3.51785e+00
 15   21 1.57168e+00
 15   23 9.98585e-01
 15   25 7.32461e-01
 15   27 6.19051e-01
 15   29 5.98885e-01
 15   31 5.21113e-01
 15   33 4.88508e-01
 15   35 4.85279e-01
 15   37 4.66807e-01
 15   39 4.14258e-01
 15   41 4.10938e-01
 15   43 4.09845e-01
 15   45 4.00976e-01
 15   47 3.92239e-01
 15   49 3.92489e-01
 15   51 3.86458e-01
 15   53 3.64379e-01
 15   55 3.69722e-01
 15   57 3.38017e-01
 15   59 3.35884e-01
 15   61 3.07354e-01
 15   63 3.09279e-01
 15   65 2.81881e-01
 15   67 3.18840e-01
 15   69 2.78883e-01
 15   71 3.20798e-01
 15   73 3.09243e-01
 15   75 3.35145e-01
 15   77 3.24375e-01
 15   79 3.05609e-01
 15   81 2.86334e-01
 15   83 3.09973e-01
 15   85 2.92736e-01
 15   87 2.74953e-01
 15   89 1.30539e-01
 15   91 2.11005e-01
 16    2 1.21210e-01
 16    4 2.69956e-01
 16    6 4.72907e-01
 16    8 7.93503e-01
 16   10 1.31725e+00
 16   12 3.10109e+00
 16   14 8.62888e+00
 16   16 9.80835e+01
 16   18 8.56971e+00
 16   20 3.33074e+00
 16   22 1.49250e+00
 16   24 9.39058e-01
 16   26 6.87924e-01
 16   28 5.92441e-01
 16   30 5.71994e-01
 16   32 4.95586e-01
 16   34 4.63162e-01
 16   36 4.51670e-01
 16   38 4.32742e-01
 16   40 4.08667e-01
 16   42 3.93478e-01
 16   44 3.96710e-01
 16   46 3.73221e-01
 16   48 3.84727e-01
 16   50 3.54152e-01
 16   52 3.55829e-01
 16   54 3.28669e-01
 16   56 3.23563e-01
 16   58 2.91865e-01
 16   60 3.04129e-01
 16   62 2.63097e-01
 16   64 2.65089e-01
 16   66 2.99649e-01
 16   68 2.38686e-01
 16   70 3.30220e-01
 16   72 2.61074e-01
 16   74 3.33650e-01
 16   76 2.92522e-01
 16   78 3.14844e-01
 16   80 2.88936e-01
 16   82 2.88184e-01
 16   84 3.11524e-01
 16   86 2.84143e-01
 16   88 1.33634e-01
 16   90 2.12494e-01
 17    1 3.24764e-02
 17    3 1.74441e-01
 17    5 3.25452e-01
 17    7 5.08724e-01
 17    9 8.22495e-01
 17   11 1.27290e+00
 17   13 2.99971e+00
 17   15 8.09376e+00
 17   17 9.17348e+01
 17   19 8.00573e+00
 17   21 3.15633e+00
 17   23 1.40412e+00
 17   25 8.86674e-01
 17   27 6.42682e-01
 17   29 5.53548e-01
 17   31 5.39593e-01
 17   33 4.67967e-01
 17   35 4.39016e-01
 17   37 4.24725e-01
 17   39 4.10673e-01
 17   41 3.87939e-01
 17   43 3.71618e-01
 17   45 3.76358e-01
 17   47 3.50363e-01
 17   49 3.55181e-01
 17   51 3.20659e-01
 17   53 3.26034e-01
 17   55 2.94491e-01
 17   57 2.78711e-01
 17   59 2.52813e-01
 17   61 2.70977e-01
 17   63 2.52155e-01
 17   65 2.47556e-01
 17   67 2.70564e-01
 17   69 2.29966e-01
 17   71 3.07021e-01
 17   73 2.30677e-01
 17   75 3.11483e-01
 17   77 2.67316e-01
 17   79 2.92856e-01
 17   81 2.58746e-01
 17   83 2.50481e-01
 17   85 2.83271e-01
 17   87 2.52130e-01
 17   89 1.25984e-01
 17   91 1.88576e-01
 18    2 8.61395e-02
 18    4 2.31846e-01
 18    6 3.64304e-01
 18    8 5.40609e-01
 18   10 7.72528e-01
 18   12 1.24104e+00
 18   14 2.88789e+00
 18   16 7.60644e+00
 18   18 8.61215e+01
 18   20 7.51070e+00
 18   22 2.97200e+00
 18   24 1.34419e+00
 18   26 8.47427e-01
 18   28 6.20556e-01
 18   30 5.33868e-01
 18   32 5.22670e-01
 18   34 4.49053e-01
 18   36 4.07366e-01
 18   38 4.22968e-01
 18   40 4.02667e-01
 18   42 3.76619e-01
 18   44 3.55045e-01
 18   46 3.55921e-01
 18   48 3.42717e-01
 18   50 3.26685e-01
 18   52 3.04107e-01
 18   54 2.89848e-01
 18   56 2.58449e-01
 18   58 2.55337e-01
 18   60 2.42196e-01
 18   62 2.36111e-01
 18   64 2.34070e-01
 18   66 2.56854e-01
 18   68 2.22843e-01
 18   70 3.07761e-01
 18   72 2.11089e-01
 18   74 2.70086e-01
 18   76 2.27446e-01
 18   78 2.63401e-01
 18   80 2.94561e-01
 18   82 2.43782e-01
 18   84 2.73997e-01
 18   86 2.49022e-01
 18   88 1.35084e-01
 18   90 1.87441e-01
 19    1 2.42660e-02
 19    3 1.37908e-01
 19    5 2.73943e-01
 19    7 3.94188e-01
 19    9 5.68319e-01
 19   11 7.47835e-01
 19   13 1.19042e+00
 19   15 2.76897e+00
 19   17 7.15635e+00
 19   19 8.12543e+01
 19   21 7.05722e+00
 19   23 2.82317e+00
 19   25 1.26547e+00
 19   27 8.03057e-01
 19   29 5.93623e-01
 19   31 5.15062e-01
 19   33 4.95152e-01
 19   35 4.28616e-01
 19   37 3.93365e-01
 19   39 4.18322e-01
 19   41 3.68750e-01
 19   43 3.59238e-01
 19   45 3.47031e-01
 19   47 3.44239e-01
 19   49 3.11233e-01
 19   51 2.93314e-01
 19   53 2.79708e-01
 19   55 2.54152e-01
 19   57 2.30339e-01
 19   59 2.22722e-01
 19   61 2.38229e-01
 19   63 2.14012e-01
 19   65 2.33886e-01
 19   67 2.28436e-01
 19   69 2.09715e-01
 19   71 2.55945e-01
 19   73 1.87642e-01
 19   75 2.47354e-01
 19   77 2.15549e-01
 19   79 2.48653e-01
 19   81 2.82184e-01
 19   83 2.18424e-01
 19   85 2.52341e-01
 19   87 2.30182e-01
 19   89 1.21002e-01
 19   91 1.67497e-01
 20    2 7.42946e-02
 20    4 1.78476e-01
 20    6 3.06056e-01
 20    8 4.31107e-01
 20   10 5.34931e-01
 20   12 7.14908e-01
 20   14 1.16246e+00
 20   16 2.65947e+00
 20   18 6.75647e+00
 20   20 7.68942e+01
 20   22 6.65505e+00
 20   24 2.66775e+00
 20   26 1.20935e+00
 20   28 7.80442e-01
 20   30 5.74713e-01
 20   32 4.80567e-01
 20   34 4.66609e-01
 20   36 4.40929e-01
 20   38 3.98130e-01
 20   40 3.93143e-01
 20   42 3.66793e-01
 20   44 3.50351e-01
 20   46 3.31545e-01
 20   48 3.17302e-01
 20   50 2.95840e-01
 20   52 2.70827e-01
 20   54 2.42682e-01
 20   56 2.31603e-01
 20   58 2.04106e-01
 20   60 2.22513e-01
 20   62 1.99524e-01
 20   64 2.33040e-01
 20   66 2.16670e-01
 20   68 2.17813e-01
 20   70 2.41905e-01
 20   72 1.91519e-01
 20   74 2.34618e-01
 20   76 2.12272e-01
 20   78 2.29725e-01
 20   80 2.80905e-01
 20   82 2.22227e-01
 20   84 2.28554e-01
 20   86 2.04521e-01
 20   88 1.19134e-01
 20   90 1.70045e-01
 21    1 2.66373e-02
 21    3 1.20174e-01
 21    5 2.11909e-01
 21    7 3.38407e-01
 21    9 4.57309e-01
 21   11 5.02639e-01
 21   13 6.92809e-01
 21   15 1.11922e+00
 21   17 2.55261e+00
 21   19 6.38476e+00
 21   21 7.30413e+01
 21   23 6.29073e+00
 21   25 2.53467e+00
 21   27 1.14488e+00
 21   29 7.45489e-01
 21   31 5.44446e-01
 21   33 4.75464e-01
 21   35 4.56619e-01
 21   37 4.23479e-01
 21   39 3.67901e-01
 21   41 3.78172e-01
 21   43 3.66243e-01
 21   45 3.29547e-01
 21   47 3.05011e-01
 21   49 2.86012e-01
 21   51 2.64087e-01
 21   53 2.40792e-01
 21   55 2.26623e-01
 21   57 2.02231e-01
 21   59 1.97518e-01
 21   61 2.08550e-01
 21   63 2.00918e-01
 21   65 2.19785e-01
 21   67 2.12654e-01
 21   69 2.07450e-01
 21   71 2.20484e-01
 21   73 1.85086e-01
 21   75 2.22499e-01
 21   77 1.91328e-01
 21   79 2.08118e-01
 21   81 2.58016e-01
 21   83 1.76214e-01
 21   85 2.13882e-01
 21   87 1.82558e-01
 21   89 1.14765e-01
 21   91 1.58984e-01
 22    2 7.08874e-02
 22    4 1.51422e-01
 22    6 2.45461e-01
 22    8 3.70699e-01
 22   10 4.35285e-01
 22   12 4.90264e-01
 22   14 6.69274e-01
 22   16 1.08372e+00
 22   18 2.43128e+00
 22   20 6.05199e+00
 22   22 6.95232e+01
 22   24 5.97421e+00
 22   26 2.41564e+00
 22   28 1.09288e+00
 22   30 7.08740e-01
 22   32 5.25526e-01
 22   34 4.57577e-01
 22   36 4.64408e-01
 22   38 4.04257e-01
 22   40 3.57690e-01
 22   42 3.69116e-01
 22   44 3.50511e-01
 22   46 3.12802e-01
 22   48 2.87072e-01
 22   50 2.65579e-01
 22   52 2.33510e-01
 22   54 2.15067e-01
 22   56 1.99780e-01
 22   58 2.02868e-01
 22   60 2.13727e-01
 22   62 1.96997e-01
 22   64 2.24529e-01
 22   66 2.03155e-01
 22   68 2.14123e-01
 22   70 1.88206e-01
 22   72 1.82416e-01
 22   74 2.27066e-01
 22   76 1.88756e-01
 22   78 2.01137e-01
 22   80 2.17649e-01
 22   82 1.84915e-01
 22   84 2.05362e-01
 22   86 1.83443e-01
 22   88 1.09888e-01
 22   90 1.58222e-01
 23    1 2.05705e-02
 23    3 1.04109e-01
 23    5 1.86819e-01
 23    7 2.76199e-01
 23    9 3.93314e-01
 23   11 4.07459e-01
 23   13 4.76064e-01
 23   15 6.49705e-01
 23   17 1.03749e+00
 23   19 2.33361e+00
 23   21 5.74753e+00
 23   23 6.64077e+01
 23   25 5.67875e+00
 23   27 2.29891e+00
 23   29 1.03439e+00
 23   31 6.95192e-01
 23   33 5.10651e-01
 23   35 4.42793e-01
 23   37 4.42701e-01
 23   39 3.83905e-01
 23   41 3.50704e-01
 23   43 3.56288e-01
 23   45 3.28629e-01
 23   47 2.93181e-01
 23   49 2.56429e-01
 23   51 2.42833e-01
 23   53 2.07939e-01
 23   55 1.98158e-01
 23   57 1.86495e-01
 23   59 1.94986e-01
 23   61 2.04902e-01
 23   63 1.87389e-01
 23   65 2.04013e-01
 23   67 1.86147e-01
 23   69 1.88157e-01
 23   71 1.79877e-01
 23   73 1.75629e-01
 23   75 2.08723e-01
 23   77 1.87201e-01
 23   79 1.78687e-01
 23   81 2.09794e-01
 23   83 1.68944e-01
 23   85 1.85733e-01
 23   87 1.58958e-01
 23   89 9.95364e-02
 23   91 1.45791e-01
 24    2 5.80960e-02
 24    4 1.41103e-01
 24    6 2.17014e-01
 24    8 2.97714e-01
 24   10 3.73865e-01
 24   12 3.95250e-01
 24   14 4.56244e-01
 24   16 6.25650e-01
 24   18 1.00898e+00
 24   20 2.22602e+00
 24   22 5.48173e+00
 24   24 6.35048e+01
 24   26 5.41428e+00
 24   28 2.17496e+00
 24   30 1.00164e+00
 24   32 6.83916e-01
 24   34 4.98455e-01
 24   36 4.19830e-01
 24   38 4.21140e-01
 24   40 3.88007e-01
 24   42 3.44236e-01
 24   44 3.33458e-01
 24   46 3.00047e-01
 24   48 2.73281e-01
 24   50 2.36977e-01
 24   52 2.09218e-01
 24   54 1.98310e-01
 24   56 1.95913e-01
 24   58 2.01730e-01
 24   60 2.01500e-01
 24   62 1.86606e-01
 24   64 2.07710e-01
 24   66 1.78055e-01
 24   68 1.79530e-01
 24   70 1.79857e-01
 24   72 1.78321e-01
 24   74 2.09891e-01
 24   76 1.88125e-01
 24   78 1.79258e-01
 24   80 1.79581e-01
 24   82 1.62122e-01
 24   84 1.73101e-01
 24   86 1.60855e-01
 24   88 9.72139e-02
 24   90 1.43546e-01
 25    1 1.65743e-02
 25    3 8.97511e-02
 25    5 1.72481e-01
 25    7 2.38698e-01
 25    9 3.19969e-01
 25   11 3.53428e-01
 25   13 3.81614e-01
 25   15 4.38992e-01
 25   17 6.03514e-01
 25   19 9.63574e-01
 25   21 2.13325e+00
 25   23 5.23112e+00
 25   25 6.09067e+01
 25   27 5.17405e+00
 25   29 2.08294e+00
 25   31 9.45639e-01
 25   33 6.46850e-01
 25   35 4.75605e-01
 25   37 3.99993e-01
 25   39 4.14421e-01
 25   41 3.79609e-01
 25   43 3.24227e-01
 25   45 3.14967e-01
 25   47 2.83824e-01
 25   49 2.46755e-01
 25   51 2.18082e-01
 25   53 2.02120e-01
 25   55 1.91350e-01
 25   57 1.82508e-01
 25   59 1.98413e-01
 25   61 1.91148e-01
 25   63 1.85613e-01
 25   65 1.85917e-01
 25   67 1.67122e-01
 25   69 1.63537e-01
 25   71 1.71571e-01
 25   73 1.79100e-01
 25   75 1.94368e-01
 25   77 1.71033e-01
 25   79 1.70767e-01
 25   81 1.63269e-01
 25   83 1.41197e-01
 25   85 1.59435e-01
 25   87 1.49659e-01
 25   89 9.48234e-02
 25   91 1.37800e-01
 26    2 4.88520e-02
 26    4 1.19512e-01
 26    6 1.96124e-01
 26    8 2.60658e-01
 26   10 3.02909e-01
 26   12 3.45021e-01
 26   14 3.63945e-01
 26   16 4.23731e-01
 26   18 5.88080e-01
 26   20 9.32924e-01
 26   22 2.04918e+00
 26   24 5.00555e+00
 26   26 5.84891e+01
 26   28 4.96504e+00
 26   30 1.99237e+00
 26   32 9.02735e-01
 26   34 6.24758e-01
 26   36 4.61789e-01
 26   38 3.95141e-01
 26   40 4.07048e-01
 26   42 3.54561e-01
 26   44 2.91965e-01
 26   46 2.92675e-01
 26   48 2.74359e-01
 26   50 2.22034e-01
 26   52 2.00084e-01
 26   54 1.98931e-01
 26   56 1.98261e-01
 26   58 2.02497e-01
 26   60 1.92225e-01
 26   62 1.88247e-01
 26   64 1.83030e-01
 26   66 1.60697e-01
 26   68 1.73411e-01
 26   70 1.83108e-01
 26   72 1.73218e-01
 26   74 1.79621e-01
 26   76 1.51093e-01
 26   78 1.60983e-01
 26   80 1.58397e-01
 26   82 1.39580e-01
 26   84 1.46008e-01
 26   86 1.46161e-01
 26   88 1.00365e-01
 26   90 1.32421e-01
 27    1 1.57370e-02
 27    3 7.71660e-02
 27    5 1.45259e-01
 27    7 2.15029e-01
 27    9 2.73751e-01
 27   11 2.85066e-01
 27   13 3.28648e-01
 27   15 3.44161e-01
 27   17 4.05771e-01
 27   19 5.67206e-01
 27   21 8.93807e-01
 27   23 1.96438e+00
 27   25 4.79947e+00
 27   27 5.63109e+01
 27   29 4.76366e+00
 27   31 1.89858e+00
 27   33 8.58479e-01
 27   35 6.00635e-01
 27   37 4.51968e-01
 27   39 3.78607e-01
 27   41 3.79726e-01
 27   43 3.38511e-01
 27   45 2.85215e-01
 27   47 2.75129e-01
 27   49 2.48502e-01
 27   51 2.13378e-01
 27   53 1.96560e-01
 27   55 1.89527e-01
 27   57 1.95130e-01
 27   59 1.87076e-01
 27   61 1.76772e-01
 27   63 1.70243e-01
 27   65 1.71721e-01
 27   67 1.44798e-01
 27   69 1.65248e-01
 27   71 1.76991e-01
 27   73 1.62694e-01
 27   75 1.65257e-01
 27   77 1.43389e-01
 27   79 1.58725e-01
 27   81 1.52214e-01
 27   83 1.43703e-01
 27   85 1.35733e-01
 27   87 1.34444e-01
 27   89 8.92554e-02
 27   91 1.26621e-01
 28    2 4.41365e-02
 28    4 1.01815e-01
 28    6 1.66187e-01
 28    8 2.36357e-01
 28   10 2.61319e-01
 28   12 2.80135e-01
 28   14 3.22746e-01
 28   16 3.39550e-01
 28   18 4.00704e-01
 28   20 5.60202e-01
 28   22 8.62638e-01
 28   24 1.87099e+00
 28   26 4.61989e+00
 28   28 5.42559e+01
 28   30 4.58232e+00
 28   32 1.82205e+00
 28   34 8.38432e-01
 28   36 5.89340e-01
 28   38 4.26959e-01
 28   40 3.58434e-01
 28   42 3.57901e-01
 28   44 3.25982e-01
 28   46 2.64127e-01
 28   48 2.51074e-01
 28   50 2.27766e-01
 28   52 2.13005e-01
 28   54 2.03762e-01
 28   56 2.03728e-01
 28   58 1.92948e-01
 28   60 1.80137e-01
 28   62 1.70946e-01
 28   64 1.64677e-01
 28   66 1.58864e-01
 28   68 1.71820e-01
 28   70 1.62634e-01
 28   72 1.47369e-01
 28   74 1.59075e-01
 28   76 1.28109e-01
 28   78 1.46643e-01
 28   80 1.47594e-01
 28   82 1.42134e-01
 28   84 1.27496e-01
 28   86 1.24048e-01
 28   88 9.40402e-02
 28   90 1.24784e-01
 29    1 1.37539e-02
 29    3 6.84205e-02
 29    5 1.22337e-01
 29    7 1.85601e-01
 29    9 2.53002e-01
 29   11 2.45503e-01
 29   13 2.64719e-01
 29   15 3.10699e-01
 29   17 3.26139e-01
 29   19 3.91262e-01
 29   21 5.43108e-01
 29   23 8.24801e-01
 29   25 1.80302e+00
 29   27 4.44532e+00
 29   29 5.23774e+01
 29   31 4.41264e+00
 29   33 1.75673e+00
 29   35 7.97786e-01
 29   37 5.63748e-01
 29   39 4.09927e-01
 29   41 3.38265e-01
 29   43 3.42463e-01
 29   45 3.00484e-01
 29   47 2.46696e-01
 29   49 2.34625e-01
 29   51 2.27715e-01
 29   53 2.00441e-01
 29   55 1.97356e-01
 29   57 1.93499e-01
 29   59 1.79158e-01
 29   61 1.60748e-01
 29   63 1.64819e-01
 29   65 1.62923e-01
 29   67 1.58190e-01
 29   69 1.66247e-01
 29   71 1.54720e-01
 29   73 1.41820e-01
 29   75 1.48268e-01
 29   77 1.25661e-01
 29   79 1.32672e-01
 29   81 1.39957e-01
 29   83 1.25084e-01
 29   85 1.20500e-01
 29   87 1.13512e-01
 29   89 8.80943e-02
 29   91 1.13312e-01
 30    2 3.88188e-02
 30    4 9.18367e-02
 30    6 1.42062e-01
 30    8 2.02523e-01
 30   10 2.43283e-01
 30   12 2.39633e-01
 30   14 2.63060e-01
 30   16 3.06748e-01
 30   18 3.22558e-01
 30   20 3.85999e-01
 30   22 5.23450e-01
 30   24 8.06233e-01
 30   26 1.73464e+00
 30   28 4.28762e+00
 30   30 5.06303e+01
 30   32 4.25831e+00
 30   34 1.67526e+00
 30   36 7.55957e-01
 30   38 5.49724e-01
 30   40 3.88278e-01
 30   42 3.10582e-01
 30   44 3.15494e-01
 30   46 2.79079e-01
 30   48 2.37993e-01
 30   50 2.33441e-01
 30   52 2.30317e-01
 30   54 2.22740e-01
 30   56 1.96819e-01
 30   58 1.84376e-01
 30   60 1.68636e-01
 30   62 1.56162e-01
 30   64 1.59329e-01
 30   66 1.66822e-01
 30   68 1.60424e-01
 30   70 1.41598e-01
 30   72 1.41038e-01
 30   74 1.37594e-01
 30   76 1.16229e-01
 30   78 1.36199e-01
 30   80 1.30420e-01
 30   82 1.20177e-01
 30   84 1.19599e-01
 30   86 1.06306e-01
 30   88 9.06313e-02
 30   90 1.19755e-01
 31    1 1.24726e-02
 31    3 6.34952e-02
 31    5 1.11075e-01
 31    7 1.56939e-01
 31    9 2.16765e-01
 31   11 2.31802e-01
 31   13 2.33161e-01
 31   15 2.53603e-01
 31   17 2.98222e-01
 31   19 3.18450e-01
 31   21 3.72070e-01
 31   23 5.19990e-01
 31   25 7.67847e-01
 31   27 1.66194e+00
 31   29 4.13927e+00
 31   31 4.90007e+01
 31   33 4.10330e+00
 31   35 1.59972e+00
 31   37 7.32656e-01
 31   39 5.26278e-01
 31   41 3.69453e-01
 31   43 2.92631e-01
 31   45 2.97860e-01
 31   47 2.73239e-01
 31   49 2.26978e-01
 31   51 2.24592e-01
 31   53 2.22822e-01
 31   55 2.12285e-01
 31   57 1.85197e-01
 31   59 1.64726e-01
 31   61 1.60239e-01
 31   63 1.51608e-01
 31   65 1.51679e-01
 31   67 1.55838e-01
 31   69 1.49673e-01
 31   71 1.30607e-01
 31   73 1.31609e-01
 31   75 1.32330e-01
 31   77 1.13724e-01
 31   79 1.25030e-01
 31   81 1.28832e-01
 31   83 1.17321e-01
 31   85 1.10882e-01
 31   87 1.03798e-01
 31   89 8.63906e-02
 31   91 1.02503e-01
 32    2 3.39327e-02
 32    4 8.30613e-02
 32    6 1.31333e-01
 32    8 1.78169e-01
 32   10 2.10938e-01
 32   12 2.25448e-01
 32   14 2.25954e-01
 32   16 2.49897e-01
 32   18 2.96930e-01
 32   20 3.03488e-01
 32   22 3.64951e-01
 32   24 5.17614e-01
 32   26 7.39013e-01
 32   28 1.60304e+00
 32   30 4.00395e+00
 32   32 4.74883e+01
 32   34 3.95942e+00
 32   36 1.54999e+00
 32   38 6.94999e-01
 32   40 4.96337e-01
 32   42 3.51805e-01
 32   44 2.77163e-01
 32   46 2.90090e-01
 32   48 2.66622e-01
 32   50 2.31167e-01
 32   52 2.40785e-01
 32   54 2.39166e-01
 32   56 1.89784e-01
 32   58 1.82315e-01
 32   60 1.60130e-01
 32   62 1.55771e-01
 32   64 1.51477e-01
 32   66 1.50196e-01
 32   68 1.38704e-01
 32   70 1.27786e-01
 32   72 1.26252e-01
 32   74 1.32025e-01
 32   76 1.24026e-01
 32   78 1.22455e-01
 32   80 1.14853e-01
 32   82 1.07851e-01
 32   84 1.02927e-01
 32   86 1.02853e-01
 32   88 8.73111e-02
 32   90 9.55721e-02
 33    1 1.03185e-02
 33    3 5.25588e-02
 33    5 9.73055e-02
 33    7 1.45076e-01
 33    9 1.94984e-01
 33   11 2.02331e-01
 33   13 2.19260e-01
 33   15 2.24033e-01
 33   17 2.43728e-01
 33   19 2.88495e-01
 33   21 3.06201e-01
 33   23 3.59942e-01
 33   25 4.94961e-01
 33   27 7.08166e-01
 33   29 1.55291e+00
 33   31 3.86680e+00
 33   33 4.60557e+01
 33   35 3.82838e+00
 33   37 1.48887e+00
 33   39 6.58313e-01
 33   41 4.72799e-01
 33   43 3.28961e-01
 33   45 2.62789e-01
 33   47 2.80593e-01
 33   49 2.61550e-01
 33   51 2.32288e-01
 33   53 2.32070e-01
 33   55 2.14094e-01
 33   57 1.77689e-01
 33   59 1.66164e-01
 33   61 1.51840e-01
 33   63 1.51621e-01
 33   65 1.43580e-01
 33   67 1.39046e-01
 33   69 1.32199e-01
 33   71 1.20699e-01
 33   73 1.23442e-01
 33   75 1.26027e-01
 33   77 1.18044e-01
 33   79 1.13557e-01
 33   81 1.12108e-01
 33   83 1.05230e-01
 33   85 9.82698e-02
 33   87 9.33562e-02
 33   89 7.93358e-02
 33   91 9.72428e-02
 34    2 3.07664e-02
 34    4 7.00936e-02
 34    6 1.14048e-01
 34    8 1.58959e-01
 34   10 1.87179e-01
 34   12 1.96401e-01
 34   14 2.13799e-01
 34   16 2.20548e-01
 34   18 2.40908e-01
 34   20 2.78271e-01
 34   22 3.00077e-01
 34   24 3.56252e-01
 34   26 4.82984e-01
 34   28 6.96594e-01
 34   30 1.48752e+00
 34   32 3.73904e+00
 34   34 4.47656e+01
 34   36 3.69570e+00
 34   38 1.42245e+00
 34   40 6.27539e-01
 34   42 4.57027e-01
 34   44 3.20334e-01
 34   46 2.58272e-01
 34   48 2.85001e-01
 34   50 2.85294e-01
 34   52 2.36609e-01
 34   54 2.11842e-01
 34   56 2.00505e-01
 34   58 1.83870e-01
 34   60 1.57575e-01
 34   62 1.54411e-01
 34   64 1.46391e-01
 34   66 1.31475e-01
 34   68 1.30263e-01
 34   70 1.22091e-01
 34   72 1.24011e-01
 34   74 1.18784e-01
 34   76 1.15243e-01
 34   78 1.13291e-01
 34   80 1.09813e-01
 34   82 1.00919e-01
 34   84 9.52090e-02
 34   86 8.62458e-02
 34   88 7.77619e-02
 34   90 1.01355e-01
 35    1 9.82100e-03
 35    3 4.86464e-02
 35    5 8.78109e-02
 35    7 1.33130e-01
 35    9 1.73678e-01
 35   11 1.78233e-01
 35   13 1.96020e-01
 35   15 2.10581e-01
 35   17 2.16351e-01
 35   19 2.36296e-01
 35   21 2.78247e-01
 35   23 2.95323e-01
 35   25 3.44352e-01
 35   27 4.68818e-01
 35   29 6.67296e-01
 35   31 1.42643e+00
 35   33 3.62246e+00
 35   35 4.35038e+01
 35   37 3.57063e+00
 35   39 1.35842e+00
 35   41 5.97546e-01
 35   43 4.29810e-01
 35   45 3.05761e-01
 35   47 2.45309e-01
 35   49 2.78436e-01
 35   51 2.72245e-01
 35   53 2.22415e-01
 35   55 1.95987e-01
 35   57 1.92599e-01
 35   59 1.70301e-01
 35   61 1.51238e-01
 35   63 1.49223e-01
 35   65 1.36731e-01
 35   67 1.29987e-01
 35   69 1.24639e-01
 35   71 1.16837e-01
 35   73 1.21332e-01
 35   75 1.13329e-01
 35   77 1.01872e-01
 35   79 1.16238e-01
 35   81 1.03345e-01
 35   83 1.07017e-01
 35   85 9.47567e-02
 35   87 8.33545e-02
 35   89 8.07782e-02
 35   91 9.23615e-02
 36    2 2.68872e-02
 36    4 6.29963e-02
 36    6 1.02395e-01
 36    8 1.45474e-01
 36   10 1.71153e-01
 36   12 1.77020e-01
 36   14 1.95688e-01
 36   16 2.03889e-01
 36   18 2.07177e-01
 36   20 2.49280e-01
 36   22 2.88716e-01
 36   24 2.84451e-01
 36   26 3.38428e-01
 36   28 4.64173e-01
 36   30 6.36327e-01
 36   32 1.38759e+00
 36   34 3.50347e+00
 36   36 4.23495e+01
 36   38 3.45953e+00
 36   40 1.31176e+00
 36   42 5.71483e-01
 36   44 4.27789e-01
 36   46 3.15954e-01
 36   48 2.50259e-01
 36   50 2.74222e-01
 36   52 2.48468e-01
 36   54 2.09054e-01
 36   56 2.01282e-01
 36   58 1.89213e-01
 36   60 1.61198e-01
 36   62 1.57364e-01
 36   64 1.37579e-01
 36   66 1.31102e-01
 36   68 1.21949e-01
 36   70 1.18344e-01
 36   72 1.17080e-01
 36   74 1.12610e-01
 36   76 9.90687e-02
 36   78 1.08091e-01
 36   80 1.03671e-01
 36   82 9.55108e-02
 36   84 9.21630e-02
 36   86 7.69404e-02
 36   88 8.58010e-02
 36   90 8.52521e-02
 37    1 8.27395e-03
 37    3 4.29321e-02
 37    5 7.90610e-02
 37    7 1.17215e-01
 37    9 1.59262e-01
 37   11 1.63015e-01
 37   13 1.69140e-01
 37   15 1.92372e-01
 37   17 1.98775e-01
 37   19 2.05948e-01
 37   21 2.45066e-01
 37   23 2.80403e-01
 37   25 2.75031e-01
 37   27 3.35024e-01
 37   29 4.47808e-01
 37   31 6.20413e-01
 37   33 1.33789e+00
 37   35 3.39093e+00
 37   37 4.12349e+01
 37   39 3.35434e+00
 37   41 1.25587e+00
 37   43 5.53510e-01
 37   45 4.08942e-01
 37   47 3.03618e-01
 37   49 2.38003e-01
 37   51 2.54247e-01
 37   53 2.34414e-01
 37   55 2.01714e-01
 37   57 1.90051e-01
 37   59 1.79621e-01
 37   61 1.63193e-01
 37   63 1.48126e-01
 37   65 1.29314e-01
 37   67 1.22337e-01
 37   69 1.19681e-01
 37   71 1.22106e-01
 37   73 1.12515e-01
 37   75 1.02975e-01
 37   77 9.34920e-02
 37   79 1.00827e-01
 37   81 1.01338e-01
 37   83 9.88554e-02
 37   85 8.47235e-02
 37   87 8.28909e-02
 37   89 7.93040e-02
 37   91 8.48765e-02
 38    2 2.49617e-02
 38    4 5.88388e-02
 38    6 9.27829e-02
 38    8 1.31322e-01
 38   10 1.56495e-01
 38   12 1.63712e-01
 38   14 1.67556e-01
 38   16 1.85827e-01
 38   18 2.04632e-01
 38   20 2.14117e-01
 38   22 2.39077e-01
 38   24 2.71437e-01
 38   26 2.75476e-01
 38   28 3.19896e-01
 38   30 4.40186e-01
 38   32 5.91866e-01
 38   34 1.28277e+00
 38   36 3.29098e+00
 38   38 4.02002e+01
 38   40 3.24210e+00
 38   42 1.21541e+00
 38   44 5.40784e-01
 38   46 4.13695e-01
 38   48 2.95886e-01
 38   50 2.25998e-01
 38   52 2.50341e-01
 38   54 2.34667e-01
 38   56 1.96502e-01
 38   58 1.84155e-01
 38   60 1.83102e-01
 38   62 1.58601e-01
 38   64 1.34399e-01
 38   66 1.28638e-01
 38   68 1.28808e-01
 38   70 1.18070e-01
 38   72 1.07445e-01
 38   74 1.01780e-01
 38   76 9.27889e-02
 38   78 1.00674e-01
 38   80 9.73380e-02
 38   82 9.27376e-02
 38   84 8.40160e-02
 38   86 7.65912e-02
 38   88 8.02333e-02
 38   90 9.29711e-02
 39    1 7.78902e-03
 39    3 3.95380e-02
 39    5 7.23661e-02
 39    7 1.04357e-01
 39    9 1.41883e-01
 39   11 1.54468e-01
 39   13 1.63294e-01
 39   15 1.62660e-01
 39   17 1.83128e-01
 39   19 2.08679e-01
 39   21 2.02857e-01
 39   23 2.31687e-01
 39   25 2.71506e-01
 39   27 2.67401e-01
 39   29 3.10255e-01
 39   31 4.24622e-01
 39   33 5.63640e-01
 39   35 1.22918e+00
 39   37 3.19605e+00
 39   39 3.92360e+01
 39   41 3.14914e+00
 39   43 1.17217e+00
 39   45 5.18965e-01
 39   47 3.95444e-01
 39   49 2.86541e-01
 39   51 2.13590e-01
 39   53 2.40859e-01
 39   55 2.28216e-01
 39   57 1.91683e-01
 39   59 1.80038e-01
 39   61 1.68000e-01
 39   63 1.49350e-01
 39   65 1.25119e-01
 39   67 1.24946e-01
 39   69 1.18838e-01
 39   71 1.09708e-01
 39   73 1.06858e-01
 39   75 1.01621e-01
 39   77 8.85651e-02
 39   79 9.75817e-02
 39   81 9.79084e-02
 39   83 8.91746e-02
 39   85 8.09697e-02
 39   87 6.99489e-02
 39   89 7.81590e-02
 39   91 9.67977e-02
 40    2 2.31411e-02
 40    4 5.41701e-02
 40    6 8.74537e-02
 40    8 1.20592e-01
 40   10 1.43740e-01
 40   12 1.52663e-01
 40   14 1.62369e-01
 40   16 1.67464e-01
 40   18 1.85902e-01
 40   20 2.01766e-01
 40   22 2.01864e-01
 40   24 2.38646e-01
 40   26 2.70800e-01
 40   28 2.56274e-01
 40   30 2.96692e-01
 40   32 4.03355e-01
 40   34 5.40037e-01
 40   36 1.19079e+00
 40   38 3.09384e+00
 40   40 3.83130e+01
 40   42 3.06967e+00
 40   44 1.13889e+00
 40   46 4.97597e-01
 40   48 3.77182e-01
 40   50 2.89721e-01
 40   52 2.17508e-01
 40   54 2.33920e-01
 40   56 2.26671e-01
 40   58 1.92259e-01
 40   60 1.66163e-01
 40   62 1.58245e-01
 40   64 1.39358e-01
 40   66 1.31618e-01
 40   68 1.18552e-01
 40   70 1.09054e-01
 40   72 1.08605e-01
 40   74 9.67960e-02
 40   76 9.41970e-02
 40   78 9.85178e-02
 40   80 9.37497e-02
 40   82 8.58714e-02
 40   84 7.67565e-02
 40   86 7.37539e-02
 40   88 7.66536e-02
 40   90 9.28066e-02
 41    1 8.31554e-03
 41    3 3.93179e-02
 41    5 6.91340e-02
 41    7 1.00952e-01
 41    9 1.34830e-01
 41   11 1.38990e-01
 41   13 1.46333e-01
 41   15 1.54203e-01
 41   17 1.65322e-01
 41   19 1.75796e-01
 41   21 1.99276e-01
 41   23 2.02268e-01
 41   25 2.37674e-01
 41   27 2.56302e-01
 41   29 2.44669e-01
 41   31 2.84875e-01
 41   33 3.86860e-01
 41   35 5.16726e-01
 41   37 1.14356e+00
 41   39 3.00954e+00
 41   41 3.74408e+01
 41   43 2.97729e+00
 41   45 1.09254e+00
 41   47 4.77307e-01
 41   49 3.73228e-01
 41   51 2.75195e-01
 41   53 2.15778e-01
 41   55 2.27566e-01
 41   57 2.25136e-01
 41   59 1.81008e-01
 41   61 1.58555e-01
 41   63 1.48485e-01
 41   65 1.36624e-01
 41   67 1.20751e-01
 41   69 1.12676e-01
 41   71 1.05378e-01
 41   73 1.04231e-01
 41   75 9.33395e-02
 41   77 9.47599e-02
 41   79 9.80159e-02
 41   81 8.87607e-02
 41   83 9.63095e-02
 41   85 7.69746e-02
 41   87 7.30207e-02
 41   89 7.70225e-02
 41   91 8.24533e-02
 42    2 2.14618e-02
 42    4 5.01201e-02
 42    6 8.19099e-02
 42    8 1.13204e-01
 42   10 1.35336e-01
 42   12 1.43586e-01
 42   14 1.51460e-01
 42   16 1.54308e-01
 42   18 1.66401e-01
 42   20 1.80150e-01
 42   22 1.99356e-01
 42   24 2.02622e-01
 42   26 2.25741e-01
 42   28 2.44891e-01
 42   30 2.27121e-01
 42   32 2.73608e-01
 42   34 3.76392e-01
 42   36 4.96478e-01
 42   38 1.10997e+00
 42   40 2.93770e+00
 42   42 3.66139e+01
 42   44 2.89605e+00
 42   46 1.07017e+00
 42   48 4.72986e-01
 42   50 3.65815e-01
 42   52 2.74109e-01
 42   54 2.01646e-01
 42   56 2.22883e-01
 42   58 2.10911e-01
 42   60 1.68186e-01
 42   62 1.54741e-01
 42   64 1.43780e-01
 42   66 1.30648e-01
 42   68 1.17451e-01
 42   70 1.07262e-01
 42   72 9.95467e-02
 42   74 9.13929e-02
 42   76 9.63030e-02
 42   78 1.02242e-01
 42   80 9.01640e-02
 42   82 9.07899e-02
 42   84 7.57472e-02
 42   86 7.41741e-02
 42   88 7.60721e-02
 42   90 7.71349e-02
 43    1 6.90659e-03
 43    3 3.48094e-02
 43    5 6.39035e-02
 43    7 9.28801e-02
 43    9 1.28190e-01
 43   11 1.30540e-01
 43   13 1.39858e-01
 43   15 1.47379e-01
 43   17 1.51762e-01
 43   19 1.64118e-01
 43   21 1.84941e-01
 43   23 1.96918e-01
 43   25 1.94532e-01
 43   27 2.18954e-01
 43   29 2.37373e-01
 43   31 2.16229e-01
 43   33 2.57941e-01
 43   35 3.56175e-01
 43   37 4.82990e-01
 43   39 1.07348e+00
 43   41 2.85312e+00
 43   43 3.57985e+01
 43   45 2.81356e+00
 43   47 1.03746e+00
 43   49 4.56585e-01
 43   51 3.65642e-01
 43   53 2.67944e-01
 43   55 1.99278e-01
 43   57 2.10471e-01
 43   59 2.05243e-01
 43   61 1.62792e-01
 43   63 1.41542e-01
 43   65 1.32517e-01
 43   67 1.28272e-01
 43   69 1.12047e-01
 43   71 1.02745e-01
 43   73 9.71798e-02
 43   75 9.45217e-02
 43   77 9.53638e-02
 43   79 9.70581e-02
 43   81 8.72826e-02
 43   83 8.40313e-02
 43   85 7.49961e-02
 43   87 7.19961e-02
 43   89 7.30343e-02
 43   91 7.95705e-02
 44    2 2.06091e-02
 44    4 4.80006e-02
 44    6 7.77918e-02
 44    8 1.06742e-01
 44   10 1.29514e-01
 44   12 1.36907e-01
 44   14 1.42725e-01
 44   16 1.49279e-01
 44   18 1.50520e-01
 44   20 1.65110e-01
 44   22 1.81646e-01
 44   24 1.88334e-01
 44   26 1.78364e-01
 44   28 2.14023e-01
 44   30 2.21374e-01
 44   32 2.06833e-01
 44   34 2.53139e-01
 44   36 3.56601e-01
 44   38 4.73880e-01
 44   40 1.04581e+00
 44   42 2.77883e+00
 44   44 3.50431e+01
 44   46 2.75437e+00
 44   48 1.00429e+00
 44   50 4.40878e-01
 44   52 3.44332e-01
 44   54 2.56986e-01
 44   56 1.87397e-01
 44   58 1.99653e-01
 44   60 1.98459e-01
 44   62 1.61975e-01
 44   64 1.41048e-01
 44   66 1.40619e-01
 44   68 1.21854e-01
 44   70 1.03329e-01
 44   72 1.01796e-01
 44   74 9.67872e-02
 44   76 9.45627e-02
 44   78 1.00781e-01
 44   80 9.03412e-02
 44   82 7.95726e-02
 44   84 7.24472e-02
 44   86 6.63566e-02
 44   88 7.63665e-02
 44   90 7.60224e-02
 45    1 6.67635e-03
 45    3 3.38056e-02
 45    5 5.87406e-02
 45    7 8.99998e-02
 45    9 1.21024e-01
 45   11 1.26795e-01
 45   13 1.31024e-01
 45   15 1.38524e-01
 45   17 1.47659e-01
 45   19 1.52313e-01
 45   21 1.59873e-01
 45   23 1.74495e-01
 45   25 1.81552e-01
 45   27 1.77233e-01
 45   29 2.00094e-01
 45   31 2.11446e-01
 45   33 1.97959e-01
 45   35 2.43423e-01
 45   37 3.42820e-01
 45   39 4.56601e-01
 45   41 1.00584e+00
 45   43 2.70302e+00
 45   45 3.43163e+01
 45   47 2.68692e+00
 45   49 9.83263e-01
 45   51 4.24505e-01
 45   53 3.34067e-01
 45   55 2.48609e-01
 45   57 1.83566e-01
 45   59 1.93500e-01
 45   61 1.91719e-01
 45   63 1.53640e-01
 45   65 1.36653e-01
 45   67 1.30491e-01
 45   69 1.15283e-01
 45   71 1.07223e-01
 45   73 9.98543e-02
 45   75 9.05263e-02
 45   77 8.38482e-02
 45   79 9.41048e-02
 45   81 8.50797e-02
 45   83 8.05914e-02
 45   85 7.38175e-02
 45   87 7.04273e-02
 45   89 7.48350e-02
 45   91 7.64261e-02
 46    2 2.01745e-02
 46    4 4.73696e-02
 46    6 7.63947e-02
 46    8 1.05087e-01
 46   10 1.27184e-01
 46   12 1.26698e-01
 46   14 1.29817e-01
 46   16 1.35083e-01
 46   18 1.45135e-01
 46   20 1.50287e-01
 46   22 1.55920e-01
 46   24 1.62999e-01
 46   26 1.71976e-01
 46   28 1.66797e-01
 46   30 1.88353e-01
 46   32 2.08221e-01
 46   34 1.96309e-01
 46   36 2.53329e-01
 46   38 3.48685e-01
 46   40 4.39500e-01
 46   42 9.87680e-01
 46   44 2.64930e+00
 46   46 3.36179e+01
 46   48 2.61428e+00
 46   50 9.41722e-01
 46   52 4.04690e-01
 46   54 3.17127e-01
 46   56 2.45579e-01
 46   58 1.78975e-01
 46   60 1.85522e-01
 46   62 1.87161e-01
 46   64 1.56969e-01
 46   66 1.35642e-01
 46   68 1.27646e-01
 46   70 1.16186e-01
 46   72 1.00890e-01
 46   74 8.94400e-02
 46   76 8.62913e-02
 46   78 9.19074e-02
 46   80 8.64357e-02
 46   82 8.34717e-02
 46   84 7.14710e-02
 46   86 6.49853e-02
 46   88 7.23649e-02
 46   90 7.83771e-02
 47    1 6.34000e-03
 47    3 3.17573e-02
 47    5 5.93884e-02
 47    7 8.79717e-02
 47    9 1.15347e-01
 47   11 1.19757e-01
 47   13 1.25552e-01
 47   15 1.30486e-01
 47   17 1.32368e-01
 47   19 1.45490e-01
 47   21 1.42487e-01
 47   23 1.49905e-01
 47   25 1.57540e-01
 47   27 1.64632e-01
 47   29 1.58190e-01
 47   31 1.86781e-01
 47   33 2.03540e-01
 47   35 1.88060e-01
 47   37 2.45097e-01
 47   39 3.35034e-01
 47   41 4.23149e-01
 47   43 9.59771e-01
 47   45 2.58737e+00
 47   47 3.29650e+01
 47   49 2.54912e+00
 47   51 9.12245e-01
 47   53 3.82586e-01
 47   55 3.09871e-01
 47   57 2.41635e-01
 47   59 1.74756e-01
 47   61 1.77571e-01
 47   63 1.84586e-01
 47   65 1.48651e-01
 47   67 1.33624e-01
 47   69 1.25348e-01
 47   71 1.10716e-01
 47   73 9.80794e-02
 47   75 8.24588e-02
 47   77 8.48978e-02
 47   79 8.69535e-02
 47   81 8.19040e-02
 47   83 7.65277e-02
 47   85 6.49451e-02
 47   87 6.08317e-02
 47   89 7.03498e-02
 47   91 8.01855e-02
 48    2 1.86657e-02
 48    4 4.49241e-02
 48    6 7.10723e-02
 48    8 9.94534e-02
 48   10 1.21637e-01
 48   12 1.24477e-01
 48   14 1.30665e-01
 48   16 1.34236e-01
 48   18 1.34722e-01
 48   20 1.38655e-01
 48   22 1.37945e-01
 48   24 1.43116e-01
 48   26 1.55413e-01
 48   28 1.52849e-01
 48   30 1.54843e-01
 48   32 1.84489e-01
 48   34 2.08830e-01
 48   36 1.93435e-01
 48   38 2.40415e-01
 48   40 3.21155e-01
 48   42 4.20820e-01
 48   44 9.31216e-01
 48   46 2.52020e+00
 48   48 3.23156e+01
 48   50 2.47525e+00
 48   52 8.79842e-01
 48   54 3.68403e-01
 48   56 3.03102e-01
 48   58 2.38643e-01
 48   60 1.71988e-01
 48   62 1.79130e-01
 48   64 1.74029e-01
 48   66 1.49853e-01
 48   68 1.26077e-01
 48   70 1.16927e-01
 48   72 1.02599e-01
 48   74 8.74454e-02
 48   76 8.79213e-02
 48   78 8.95893e-02
 48   80 8.14229e-02
 48   82 8.28884e-02
 48   84 6.48419e-02
 48   86 6.29110e-02
 48   88 7.84285e-02
 48   90 7.97826e-02
 49    1 6.11086e-03
 49    3 3.18666e-02
 49    5 5.77884e-02
 49    7 8.31246e-02
 49    9 1.13518e-01
 49   11 1.18386e-01
 49   13 1.22260e-01
 49   15 1.26005e-01
 49   17 1.29497e-01
 49   19 1.26942e-01
 49   21 1.28941e-01
 49   23 1.26530e-01
 49   25 1.32176e-01
 49   27 1.43500e-01
 49   29 1.45190e-01
 49   31 1.49734e-01
 49   33 1.83094e-01
 49   35 2.05995e-01
 49   37 1.85412e-01
 49   39 2.34280e-01
 49   41 3.19312e-01
 49   43 4.07629e-01
 49   45 9.13735e-01
 49   47 2.46000e+00
 49   49 3.16982e+01
 49   51 2.40964e+00
 49   53 8.57699e-01
 49   55 3.54693e-01
 49   57 2.95260e-01
 49   59 2.33660e-01
 49   61 1.70849e-01
 49   63 1.69845e-01
 49   65 1.74942e-01
 49   67 1.45201e-01
 49   69 1.21564e-01
 49   71 1.08186e-01
 49   73 9.80629e-02
 49   75 8.64937e-02
 49   77 8.00053e-02
 49   79 8.54803e-02
 49   81 8.16131e-02
 49   83 7.96312e-02
 49   85 6.67348e-02
 49   87 6.20005e-02
 49   89 7.79108e-02
 49   91 7.33881e-02
 50    2 1.92332e-02
 50    4 4.44473e-02
 50    6 7.07318e-02
 50    8 1.00221e-01
 50   10 1.17350e-01
 50   12 1.24532e-01
 50   14 1.27021e-01
 50   16 1.19371e-01
 50   18 1.24058e-01
 50   20 1.24885e-01
 50   22 1.23283e-01
 50   24 1.19888e-01
 50   26 1.21501e-01
 50   28 1.33949e-01
 50   30 1.46723e-01
 50   32 1.54523e-01
 50   34 2.01945e-01
 50   36 2.04757e-01
 50   38 1.77392e-01
 50   40 2.38307e-01
 50   42 3.14414e-01
 50   44 3.94915e-01
 50   46 8.76998e-01
 50   48 2.39118e+00
 50   50 3.11276e+01
 50   52 2.35993e+00
 50   54 8.31027e-01
 50   56 3.49531e-01
 50   58 2.87017e-01
 50   60 2.34528e-01
 50   62 1.66638e-01
 50   64 1.69744e-01
 50   66 1.69959e-01
 50   68 1.37955e-01
 50   70 1.12030e-01
 50   72 1.00980e-01
 50   74 9.14899e-02
 50   76 8.79002e-02
 50   78 9.01464e-02
 50   80 8.31525e-02
 50   82 7.68914e-02
 50   84 6.14444e-02
 50   86 6.16456e-02
 50   88 7.91176e-02
 50   90 7.30465e-02
 51    1 6.85650e-03
 51    3 3.13746e-02
 51    5 5.78018e-02
 51    7 8.39078e-02
 51    9 1.12214e-01
 51   11 1.17678e-01
 51   13 1.23054e-01
 51   15 1.19973e-01
 51   17 1.13052e-01
 51   19 1.15684e-01
 51   21 1.15127e-01
 51   23 1.15867e-01
 51   25 1.12962e-01
 51   27 1.19151e-01
 51   29 1.36263e-01
 51   31 1.43270e-01
 51   33 1.57242e-01
 51   35 1.94767e-01
 51   37 1.91530e-01
 51   39 1.68871e-01
 51   41 2.27670e-01
 51   43 3.15663e-01
 51   45 3.81468e-01
 51   47 8.51298e-01
 51   49 2.33011e+00
 51   51 3.05728e+01
 51   53 2.30375e+00
 51   55 8.07079e-01
 51   57 3.36498e-01
 51   59 2.80230e-01
 51   61 2.28270e-01
 51   63 1.64965e-01
 51   65 1.61804e-01
 51   67 1.63012e-01
 51   69 1.32393e-01
 51   71 1.06966e-01
 51   73 9.73970e-02
 51   75 8.34623e-02
 51   77 8.75662e-02
 51   79 8.48081e-02
 51   81 7.86555e-02
 51   83 7.76009e-02
 51   85 6.37660e-02
 51   87 5.89330e-02
 51   89 7.30883e-02
 51   91 7.40137e-02
 52    2 2.03219e-02
 52    4 4.41929e-02
 52    6 7.07982e-02
 52    8 9.74208e-02
 52   10 1.14967e-01
 52   12 1.16152e-01
 52   14 1.12667e-01
 52   16 1.16090e-01
 52   18 1.11780e-01
 52   20 1.10660e-01
 52   22 1.04919e-01
 52   24 1.02450e-01
 52   26 1.05978e-01
 52   28 1.21251e-01
 52   30 1.40116e-01
 52   32 1.55790e-01
 52   34 1.62111e-01
 52   36 1.79577e-01
 52   38 1.90196e-01
 52   40 1.73171e-01
 52   42 2.28038e-01
 52   44 2.98541e-01
 52   46 3.64788e-01
 52   48 8.22696e-01
 52   50 2.28423e+00
 52   52 3.00633e+01
 52   54 2.25209e+00
 52   56 7.90858e-01
 52   58 3.22630e-01
 52   60 2.67435e-01
 52   62 2.27227e-01
 52   64 1.64671e-01
 52   66 1.58458e-01
 52   68 1.51846e-01
 52   70 1.25536e-01
 52   72 1.03005e-01
 52   74 9.46131e-02
 52   76 9.76266e-02
 52   78 9.04914e-02
 52   80 8.38340e-02
 52   82 7.25829e-02
 52   84 6.72630e-02
 52   86 5.82239e-02
 52   88 7.67600e-02
 52   90 7.79130e-02
 53    1 6.44722e-03
 53    3 3.13839e-02
 53    5 5.56731e-02
 53    7 8.24957e-02
 53    9 1.10395e-01
 53   11 1.13727e-01
 53   13 1.14227e-01
 53   15 1.09593e-01
 53   17 1.11364e-01
 53   19 1.06880e-01
 53   21 1.01700e-01
 53   23 9.61248e-02
 53   25 1.01430e-01
 53   27 1.06339e-01
 53   29 1.16204e-01
 53   31 1.37710e-01
 53   33 1.52198e-01
 53   35 1.54158e-01
 53   37 1.71085e-01
 53   39 1.84495e-01
 53   41 1.72950e-01
 53   43 2.24109e-01
 53   45 2.90841e-01
 53   47 3.45897e-01
 53   49 8.03539e-01
 53   51 2.23195e+00
 53   53 2.95602e+01
 53   55 2.19583e+00
 53   57 7.67679e-01
 53   59 3.09599e-01
 53   61 2.60125e-01
 53   63 2.24694e-01
 53   65 1.62095e-01
 53   67 1.49079e-01
 53   69 1.43878e-01
 53   71 1.19383e-01
 53   73 1.01833e-01
 53   75 9.23537e-02
 53   77 9.18979e-02
 53   79 8.67929e-02
 53   81 7.95261e-02
 53   83 7.52942e-02
 53   85 6.23051e-02
 53   87 5.97368e-02
 53   89 7.72168e-02
 53   91 6.96251e-02
 54    2 1.72265e-02
 54    4 4.34157e-02
 54    6 6.80451e-02
 54    8 9.70329e-02
 54   10 1.16519e-01
 54   12 1.17378e-01
 54   14 1.14219e-01
 54   16 1.03981e-01
 54   18 1.03311e-01
 54   20 9.61559e-02
 54   22 9.37055e-02
 54   24 9.41670e-02
 54   26 1.02175e-01
 54   28 1.12476e-01
 54   30 1.31402e-01
 54   32 1.50055e-01
 54   34 1.40746e-01
 54   36 1.46514e-01
 54   38 1.72888e-01
 54   40 1.80596e-01
 54   42 1.62672e-01
 54   44 2.16061e-01
 54   46 2.77200e-01
 54   48 3.34040e-01
 54   50 7.80007e-01
 54   52 2.18387e+00
 54   54 2.90758e+01
 54   56 2.14459e+00
 54   58 7.43288e-01
 54   60 3.00916e-01
 54   62 2.58539e-01
 54   64 2.23193e-01
 54   66 1.57965e-01
 54   68 1.37454e-01
 54   70 1.37023e-01
 54   72 1.20480e-01
 54   74 1.01741e-01
 54   76 9.52180e-02
 54   78 9.27535e-02
 54   80 8.33764e-02
 54   82 7.63798e-02
 54   84 6.39197e-02
 54   86 6.48154e-02
 54   88 8.08472e-02
 54   90 7.56668e-02
 55    1 5.71849e-03
 55    3 2.97765e-02
 55    5 5.43886e-02
 55    7 8.16776e-02
 55    9 1.07776e-01
 55   11 1.17147e-01
 55   13 1.17394e-01
 55   15 1.07927e-01
 55   17 9.76286e-02
 55   19 9.42557e-02
 55   21 9.28979e-02
 55   23 8.89068e-02
 55   25 9.31986e-02
 55   27 9.95156e-02
 55   29 1.11047e-01
 55   31 1.27336e-01
 55   33 1.36276e-01
 55   35 1.31842e-01
 55   37 1.42885e-01
 55   39 1.69664e-01
 55   41 1.77029e-01
 55   43 1.61770e-01
 55   45 2.10069e-01
 55   47 2.71908e-01
 55   49 3.22513e-01
 55   51 7.58904e-01
 55   53 2.13119e+00
 55   55 2.85981e+01
 55   57 2.08930e+00
 55   59 7.24645e-01
 55   61 2.90866e-01
 55   63 2.49008e-01
 55   65 2.19497e-01
 55   67 1.55340e-01
 55   69 1.36781e-01
 55   71 1.35230e-01
 55   73 1.19672e-01
 55   75 9.53846e-02
 55   77 9.57227e-02
 55   79 9.41859e-02
 55   81 8.25685e-02
 55   83 7.48328e-02
 55   85 5.91540e-02
 55   87 6.46466e-02
 55   89 7.62282e-02
 55   91 7.36091e-02
 56    2 1.93225e-02
 56    4 4.57921e-02
 56    6 7.16027e-02
 56    8 9.57458e-02
 56   10 1.12813e-01
 56   12 1.09530e-01
 56   14 1.02565e-01
 56   16 9.94367e-02
 56   18 8.94844e-02
 56   20 8.91410e-02
 56   22 8.45550e-02
 56   24 9.03676e-02
 56   26 9.89182e-02
 56   28 1.09240e-01
 56   30 1.12788e-01
 56   32 1.15666e-01
 56   34 1.29402e-01
 56   36 1.37032e-01
 56   38 1.40628e-01
 56   40 1.69993e-01
 56   42 1.74661e-01
 56   44 1.53048e-01
 56   46 2.08518e-01
 56   48 2.66968e-01
 56   50 3.18687e-01
 56   52 7.44962e-01
 56   54 2.08324e+00
 56   56 2.81530e+01
 56   58 2.04861e+00
 56   60 7.10636e-01
 56   62 2.84711e-01
 56   64 2.39146e-01
 56   66 2.12172e-01
 56   68 1.51657e-01
 56   70 1.35687e-01
 56   72 1.31911e-01
 56   74 1.11566e-01
 56   76 1.03277e-01
 56   78 9.78490e-02
 56   80 8.20776e-02
 56   82 7.68778e-02
 56   84 6.23605e-02
 56   86 6.28336e-02
 56   88 7.57533e-02
 56   90 7.14102e-02
 57    1 5.92993e-03
 57    3 3.26025e-02
 57    5 6.11052e-02
 57    7 8.62807e-02
 57    9 1.09378e-01
 57   11 1.08802e-01
 57   13 1.02866e-01
 57   15 9.59287e-02
 57   17 8.98288e-02
 57   19 8.30495e-02
 57   21 8.05949e-02
 57   23 8.13480e-02
 57   25 8.64211e-02
 57   27 9.96094e-02
 57   29 1.05850e-01
 57   31 1.08000e-01
 57   33 1.09959e-01
 57   35 1.25961e-01
 57   37 1.30881e-01
 57   39 1.38543e-01
 57   41 1.70270e-01
 57   43 1.66107e-01
 57   45 1.50797e-01
 57   47 2.06138e-01
 57   49 2.61010e-01
 57   51 3.07617e-01
 57   53 7.24368e-01
 57   55 2.03122e+00
 57   57 2.77264e+01
 57   59 2.00168e+00
 57   61 6.93669e-01
 57   63 2.76286e-01
 57   65 2.33145e-01
 57   67 2.15014e-01
 57   69 1.50113e-01
 57   71 1.29328e-01
 57   73 1.25877e-01
 57   75 1.11826e-01
 57   77 9.79923e-02
 57   79 8.92681e-02
 57   81 8.04993e-02
 57   83 7.40277e-02
 57   85 6.23356e-02
 57   87 5.75026e-02
 57   89 7.81300e-02
 57   91 7.13749e-02
 58    2 1.74480e-02
 58    4 4.40196e-02
 58    6 7.16073e-02
 58    8 9.93113e-02
 58   10 1.12432e-01
 58   12 1.07917e-01
 58   14 1.04882e-01
 58   16 8.72727e-02
 58   18 8.60190e-02
 58   20 7.64361e-02
 58   22 8.35429e-02
 58   24 9.05374e-02
 58   26 9.83026e-02
 58   28 1.00665e-01
 58   30 1.02804e-01
 58   32 1.08113e-01
 58   34 1.15461e-01
 58   36 1.25336e-01
 58   38 1.28233e-01
 58   40 1.40291e-01
 58   42 1.60815e-01
 58   44 1.58652e-01
 58   46 1.47862e-01
 58   48 2.04516e-01
 58   50 2.54622e-01
 58   52 2.95699e-01
 58   54 7.02523e-01
 58   56 1.99328e+00
 58   58 2.73068e+01
 58   60 1.95808e+00
 58   62 6.73186e-01
 58   64 2.65388e-01
 58   66 2.21329e-01
 58   68 2.01376e-01
 58   70 1.51127e-01
 58   72 1.28483e-01
 58   74 1.23967e-01
 58   76 1.12573e-01
 58   78 9.81823e-02
 58   80 8.28246e-02
 58   82 7.49561e-02
 58   84 6.17456e-02
 58   86 5.99071e-02
 58   88 8.29966e-02
 58   90 6.85785e-02
 59    1 6.32766e-03
 59    3 3.20724e-02
 59    5 5.68163e-02
 59    7 8.26980e-02
 59    9 1.07059e-01
 59   11 1.06157e-01
 59   13 1.06914e-01
 59   15 9.28222e-02
 59   17 7.93439e-02
 59   19 7.81961e-02
 59   21 7.66509e-02
 59   23 8.28199e-02
 59   25 9.14873e-02
 59   27 9.29920e-02
 59   29 9.54338e-02
 59   31 9.35411e-02
 59   33 1.00129e-01
 59   35 1.08455e-01
 59   37 1.20453e-01
 59   39 1.26712e-01
 59   41 1.33304e-01
 59   43 1.57731e-01
 59   45 1.54788e-01
 59   47 1.45171e-01
 59   49 2.01135e-01
 59   51 2.49456e-01
 59   53 2.84467e-01
 59   55 6.86016e-01
 59   57 1.94915e+00
 59   59 2.69104e+01
 59   61 1.91315e+00
 59   63 6.57622e-01
 59   65 2.62458e-01
 59   67 2.10695e-01
 59   69 2.01918e-01
 59   71 1.46633e-01
 59   73 1.21620e-01
 59   75 1.15314e-01
 59   77 1.12235e-01
 59   79 9.59942e-02
 59   81 8.04522e-02
 59   83 7.70963e-02
 59   85 6.00007e-02
 59   87 6.09598e-02
 59   89 7.82322e-02
 59   91 7.09232e-02
 60    2 2.18260e-02
 60    4 4.82618e-02
 60    6 7.32251e-02
 60    8 9.78681e-02
 60   10 1.09847e-01
 60   12 1.01144e-01
 60   14 9.26424e-02
 60   16 8.86220e-02
 60   18 7.95125e-02
 60   20 8.12053e-02
 60   22 8.57713e-02
 60   24 8.81294e-02
 60   26 9.09376e-02
 60   28 9.15857e-02
 60   30 9.16314e-02
 60   32 9.25369e-02
 60   34 9.64278e-02
 60   36 1.04057e-01
 60   38 1.24250e-01
 60   40 1.18158e-01
 60   42 1.24970e-01
 60   44 1.53685e-01
 60   46 1.49364e-01
 60   48 1.43637e-01
 60   50 2.02754e-01
 60   52 2.38864e-01
 60   54 2.77164e-01
 60   56 6.73820e-01
 60   58 1.90817e+00
 60   60 2.65170e+01
 60   62 1.86521e+00
 60   64 6.38725e-01
 60   66 2.47141e-01
 60   68 2.04043e-01
 60   70 2.00224e-01
 60   72 1.49835e-01
 60   74 1.20986e-01
 60   76 1.26787e-01
 60   78 1.09522e-01
 60   80 9.16556e-02
 60   82 7.67643e-02
 60   84 6.50174e-02
 60   86 6.05306e-02
 60   88 8.07227e-02
 60   90 7.07339e-02
 61    1 6.53105e-03
 61    3 3.22034e-02
 61    5 5.91542e-02
 61    7 8.67852e-02
 61    9 1.12580e-01
 61   11 1.07988e-01
 61   13 9.35408e-02
 61   15 8.28354e-02
 61   17 8.29395e-02
 61   19 8.15701e-02
 61   21 7.89289e-02
 61   23 8.48777e-02
 61   25 8.59559e-02
 61   27 8.56952e-02
 61   29 8.35078e-02
 61   31 8.87406e-02
 61   33 8.92328e-02
 61   35 9.39315e-02
 61   37 1.06727e-01
 61   39 1.15313e-01
 61   41 1.13878e-01
 61   43 1.22010e-01
 61   45 1.49567e-01
 61   47 1.43859e-01
 61   49 1.43427e-01
 61   51 1.98173e-01
 61   53 2.33093e-01
 61   55 2.68545e-01
 61   57 6.58748e-01
 61   59 1.86579e+00
 61   61 2.61481e+01
 61   63 1.82135e+00
 61   65 6.23762e-01
 61   67 2.41615e-01
 61   69 1.97705e-01
 61   71 1.93912e-01
 61   73 1.46594e-01
 61   75 1.21470e-01
 61   77 1.22043e-01
 61   79 1.04655e-01
 61   81 8.63163e-02
 61   83 7.61700e-02
 61   85 6.12189e-02
 61   87 5.98054e-02
 61   89 7.97040e-02
 61   91 6.76082e-02
 62    2 1.91134e-02
 62    4 4.26727e-02
 62    6 6.77319e-02
 62    8 9.42380e-02
 62   10 1.12456e-01
 62   12 1.06876e-01
 62   14 9.46054e-02
 62   16 7.48232e-02
 62   18 7.56520e-02
 62   20 7.10658e-02
 62   22 7.71573e-02
 62   24 7.96539e-02
 62   26 8.69157e-02
 62   28 8.48241e-02
 62   30 8.28141e-02
 62   32 8.78543e-02
 62   34 9.22206e-02
 62   36 9.91410e-02
 62   38 1.05037e-01
 62   40 1.09824e-01
 62   42 1.12217e-01
 62   44 1.22417e-01
 62   46 1.47062e-01
 62   48 1.46006e-01
 62   50 1.40600e-01
 62   52 1.98074e-01
 62   54 2.32409e-01
 62   56 2.63473e-01
 62   58 6.40262e-01
 62   60 1.82038e+00
 62   62 2.57774e+01
 62   64 1.77389e+00
 62   66 6.05734e-01
 62   68 2.35716e-01
 62   70 1.96048e-01
 62   72 1.94210e-01
 62   74 1.54483e-01
 62   76 1.28060e-01
 62   78 1.16658e-01
 62   80 9.62623e-02
 62   82 8.18684e-02
 62   84 6.53343e-02
 62   86 6.88706e-02
 62   88 8.84417e-02
 62   90 7.22381e-02
 63    1 7.17485e-03
 63    3 3.31009e-02
 63    5 5.51451e-02
 63    7 7.77150e-02
 63    9 1.00740e-01
 63   11 1.02365e-01
 63   13 9.91393e-02
 63   15 8.14098e-02
 63   17 7.53781e-02
 63   19 7.15688e-02
 63   21 7.42666e-02
 63   23 7.58124e-02
 63   25 8.15194e-02
 63   27 8.06047e-02
 63   29 8.36249e-02
 63   31 8.20024e-02
 63   33 8.70252e-02
 63   35 9.05175e-02
 63   37 9.46139e-02
 63   39 1.00120e-01
 63   41 1.04158e-01
 63   43 1.03609e-01
 63   45 1.17064e-01
 63   47 1.46054e-01
 63   49 1.39258e-01
 63   51 1.39873e-01
 63   53 1.96647e-01
 63   55 2.24536e-01
 63   57 2.56256e-01
 63   59 6.26383e-01
 63   61 1.77886e+00
 63   63 2.54275e+01
 63   65 1.73571e+00
 63   67 5.94564e-01
 63   69 2.32420e-01
 63   71 1.93061e-01
 63   73 1.89894e-01
 63   75 1.51884e-01
 63   77 1.25006e-01
 63   79 1.13361e-01
 63   81 9.47225e-02
 63   83 7.67948e-02
 63   85 6.32760e-02
 63   87 6.59124e-02
 63   89 8.56567e-02
 63   91 7.14933e-02
 64    2 2.24524e-02
 64    4 4.80332e-02
 64    6 6.93343e-02
 64    8 8.94841e-02
 64   10 1.02118e-01
 64   12 9.09299e-02
 64   14 7.87150e-02
 64   16 7.36830e-02
 64   18 7.33001e-02
 64   20 8.11242e-02
 64   22 8.59498e-02
 64   24 8.66550e-02
 64   26 8.25939e-02
 64   28 7.98637e-02
 64   30 8.25810e-02
 64   32 8.34985e-02
 64   34 8.54511e-02
 64   36 8.47139e-02
 64   38 8.69940e-02
 64   40 9.45268e-02
 64   42 1.01907e-01
 64   44 1.04188e-01
 64   46 1.20547e-01
 64   48 1.38637e-01
 64   50 1.39978e-01
 64   52 1.40294e-01
 64   54 1.96093e-01
 64   56 2.16297e-01
 64   58 2.46694e-01
 64   60 6.09262e-01
 64   62 1.73374e+00
 64   64 2.50861e+01
 64   66 1.69159e+00
 64   68 5.83381e-01
 64   70 2.37923e-01
 64   72 1.90861e-01
 64   74 1.93210e-01
 64   76 1.57859e-01
 64   78 1.22790e-01
 64   80 1.00480e-01
 64   82 8.85547e-02
 64   84 6.95439e-02
 64   86 7.11434e-02
 64   88 9.31131e-02
 64   90 7.34551e-02
 65    1 6.84298e-03
 65    3 3.33257e-02
 65    5 5.71872e-02
 65    7 7.87674e-02
 65    9 9.80517e-02
 65   11 9.50604e-02
 65   13 8.27739e-02
 65   15 7.25685e-02
 65   17 7.23779e-02
 65   19 7.64973e-02
 65   21 7.94565e-02
 65   23 8.07251e-02
 65   25 7.98597e-02
 65   27 7.95191e-02
 65   29 8.08477e-02
 65   31 8.02391e-02
 65   33 8.06005e-02
 65   35 8.11185e-02
 65   37 8.07840e-02
 65   39 8.20342e-02
 65   41 9.37326e-02
 65   43 9.48720e-02
 65   45 1.01834e-01
 65   47 1.15037e-01
 65   49 1.40287e-01
 65   51 1.34180e-01
 65   53 1.38746e-01
 65   55 1.93578e-01
 65   57 2.11494e-01
 65   59 2.44500e-01
 65   61 5.95831e-01
 65   63 1.69759e+00
 65   65 2.47691e+01
 65   67 1.65472e+00
 65   69 5.71903e-01
 65   71 2.32743e-01
 65   73 1.83168e-01
 65   75 1.87743e-01
 65   77 1.54568e-01
 65   79 1.14570e-01
 65   81 9.58944e-02
 65   83 8.39079e-02
 65   85 6.62968e-02
 65   87 6.61552e-02
 65   89 9.12277e-02
 65   91 7.38512e-02
 66    2 1.55469e-02
 66    4 4.00553e-02
 66    6 6.66564e-02
 66    8 8.84678e-02
 66   10 1.01076e-01
 66   12 1.01511e-01
 66   14 9.13034e-02
 66   16 8.15151e-02
 66   18 7.87220e-02
 66   20 7.38194e-02
 66   22 7.61117e-02
 66   24 7.27010e-02
 66   26 7.09713e-02
 66   28 7.54035e-02
 66   30 8.46229e-02
 66   32 8.10295e-02
 66   34 7.51101e-02
 66   36 7.90061e-02
 66   38 8.14920e-02
 66   40 8.73753e-02
 66   42 9.06275e-02
 66   44 1.01659e-01
 66   46 1.01950e-01
 66   48 1.16835e-01
 66   50 1.37170e-01
 66   52 1.32126e-01
 66   54 1.35829e-01
 66   56 1.87813e-01
 66   58 2.01357e-01
 66   60 2.30721e-01
 66   62 5.79412e-01
 66   64 1.65556e+00
 66   66 2.44523e+01
 66   68 1.61610e+00
 66   70 5.69638e-01
 66   72 2.35664e-01
 66   74 1.84845e-01
 66   76 1.89364e-01
 66   78 1.43196e-01
 66   80 1.08038e-01
 66   82 9.03081e-02
 66   84 7.39579e-02
 66   86 7.12870e-02
 66   88 9.81062e-02
 66   90 7.61785e-02
 67    1 5.21073e-03
 67    3 2.81768e-02
 67    5 5.26385e-02
 67    7 7.33519e-02
 67    9 9.24015e-02
 67   11 9.74221e-02
 67   13 9.52416e-02
 67   15 8.03886e-02
 67   17 7.74717e-02
 67   19 7.31724e-02
 67   21 7.52914e-02
 67   23 7.21351e-02
 67   25 7.03044e-02
 67   27 6.56676e-02
 67   29 7.68787e-02
 67   31 8.07372e-02
 67   33 7.64439e-02
 67   35 7.55256e-02
 67   37 7.48472e-02
 67   39 8.02300e-02
 67   41 8.11330e-02
 67   43 8.99372e-02
 67   45 9.52343e-02
 67   47 1.01273e-01
 67   49 1.14033e-01
 67   51 1.32391e-01
 67   53 1.24971e-01
 67   55 1.34169e-01
 67   57 1.91020e-01
 67   59 1.92226e-01
 67   61 2.26031e-01
 67   63 5.69501e-01
 67   65 1.62056e+00
 67   67 2.41536e+01
 67   69 1.58135e+00
 67   71 5.56891e-01
 67   73 2.32014e-01
 67   75 1.83818e-01
 67   77 1.80808e-01
 67   79 1.40900e-01
 67   81 1.03457e-01
 67   83 8.57617e-02
 67   85 7.21634e-02
 67   87 7.10645e-02
 67   89 9.64797e-02
 67   91 7.69370e-02
 68    2 2.02872e-02
 68    4 4.68215e-02
 68    6 6.97477e-02
 68    8 8.94224e-02
 68   10 9.90069e-02
 68   12 8.49998e-02
 68   14 7.40708e-02
 68   16 6.36324e-02
 68   18 6.69321e-02
 68   20 7.27242e-02
 68   22 7.86161e-02
 68   24 7.18371e-02
 68   26 7.50544e-02
 68   28 7.99221e-02
 68   30 7.97498e-02
 68   32 7.33324e-02
 68   34 7.29290e-02
 68   36 7.20203e-02
 68   38 7.99672e-02
 68   40 7.71271e-02
 68   42 7.98433e-02
 68   44 8.63307e-02
 68   46 9.40208e-02
 68   48 9.63315e-02
 68   50 1.09114e-01
 68   52 1.24080e-01
 68   54 1.15829e-01
 68   56 1.31560e-01
 68   58 1.79540e-01
 68   60 1.86676e-01
 68   62 2.20964e-01
 68   64 5.59536e-01
 68   66 1.58377e+00
 68   68 2.38937e+01
 68   70 1.55184e+00
 68   72 5.55342e-01
 68   74 2.40604e-01
 68   76 1.82989e-01
 68   78 1.75656e-01
 68   80 1.31993e-01
 68   82 9.60542e-02
 68   84 8.20951e-02
 68   86 8.23066e-02
 68   88 1.03146e-01
 68   90 7.94291e-02
 69    1 6.35323e-03
 69    3 2.99659e-02
 69    5 5.29025e-02
 69    7 7.62277e-02
 69    9 9.59315e-02
 69   11 9.01779e-02
 69   13 7.73549e-02
 69   15 6.89523e-02
 69   17 6.45715e-02
 69   19 6.58742e-02
 69   21 7.20259e-02
 69   23 7.15017e-02
 69   25 6.74637e-02
 69   27 7.34900e-02
 69   29 7.92289e-02
 69   31 7.60411e-02
 69   33 7.12717e-02
 69   35 7.10153e-02
 69   37 7.18043e-02
 69   39 7.48299e-02
 69   41 7.42407e-02
 69   43 7.70393e-02
 69   45 8.25057e-02
 69   47 9.31608e-02
 69   49 9.36211e-02
 69   51 1.05441e-01
 69   53 1.18274e-01
 69   55 1.15851e-01
 69   57 1.30778e-01
 69   59 1.80651e-01
 69   61 1.81370e-01
 69   63 2.18310e-01
 69   65 5.49247e-01
 69   67 1.55072e+00
 69   69 2.36020e+01
 69   71 1.51233e+00
 69   73 5.43885e-01
 69   75 2.39403e-01
 69   77 1.78504e-01
 69   79 1.66576e-01
 69   81 1.30333e-01
 69   83 9.73145e-02
 69   85 8.00846e-02
 69   87 8.14572e-02
 69   89 1.01729e-01
 69   91 8.22954e-02
 70    2 1.36413e-02
 70    4 3.12794e-02
 70    6 5.05802e-02
 70    8 7.18158e-02
 70   10 8.66351e-02
 70   12 8.50493e-02
 70   14 8.22829e-02
 70   16 8.63841e-02
 70   18 9.07046e-02
 70   20 7.92540e-02
 70   22 6.78052e-02
 70   24 7.06187e-02
 70   26 7.77656e-02
 70   28 7.42307e-02
 70   30 6.90716e-02
 70   32 6.62937e-02
 70   34 6.70726e-02
 70   36 6.85811e-02
 70   38 7.19266e-02
 70   40 6.96177e-02
 70   42 7.15498e-02
 70   44 7.18334e-02
 70   46 8.39753e-02
 70   48 8.76654e-02
 70   50 8.69471e-02
 70   52 1.00657e-01
 70   54 1.13300e-01
 70   56 1.15500e-01
 70   58 1.32213e-01
 70   60 1.79748e-01
 70   62 1.80332e-01
 70   64 2.23920e-01
 70   66 5.47777e-01
 70   68 1.52274e+00
 70   70 2.33768e+01
 70   72 1.48480e+00
 70   74 5.37828e-01
 70   76 2.40525e-01
 70   78 1.63609e-01
 70   80 1.51284e-01
 70   82 1.21567e-01
 70   84 9.08415e-02
 70   86 9.25016e-02
 70   88 1.10590e-01
 70   90 8.08330e-02
 71    1 4.92917e-03
 71    3 2.28587e-02
 71    5 3.92189e-02
 71    7 5.68220e-02
 71    9 7.92554e-02
 71   11 8.54016e-02
 71   13 8.34019e-02
 71   15 7.78772e-02
 71   17 8.46443e-02
 71   19 7.89377e-02
 71   21 7.51631e-02
 71   23 6.71156e-02
 71   25 6.94943e-02
 71   27 7.72849e-02
 71   29 7.23984e-02
 71   31 6.51511e-02
 71   33 6.38913e-02
 71   35 6.53629e-02
 71   37 7.19304e-02
 71   39 6.78276e-02
 71   41 6.81729e-02
 71   43 6.93624e-02
 71   45 7.53460e-02
 71   47 8.07936e-02
 71   49 8.18068e-02
 71   51 8.36455e-02
 71   53 9.63582e-02
 71   55 1.12460e-01
 71   57 1.10627e-01
 71   59 1.28810e-01
 71   61 1.74665e-01
 71   63 1.78052e-01
 71   65 2.19469e-01
 71   67 5.36199e-01
 71   69 1.48490e+00
 71   71 2.31191e+01
 71   73 1.44541e+00
 71   75 5.30497e-01
 71   77 2.39548e-01
 71   79 1.65144e-01
 71   81 1.47264e-01
 71   83 1.16551e-01
 71   85 8.65026e-02
 71   87 8.69739e-02
 71   89 1.07877e-01
 71   91 7.88955e-02
 72    2 1.79901e-02
 72    4 3.85296e-02
 72    6 5.81327e-02
 72    8 8.05180e-02
 72   10 1.01013e-01
 72   12 9.54645e-02
 72   14 7.79268e-02
 72   16 6.70984e-02
 72   18 6.11223e-02
 72   20 6.16461e-02
 72   22 6.45670e-02
 72   24 6.87880e-02
 72   26 7.22755e-02
 72   28 6.60841e-02
 72   30 6.75920e-02
 72   32 6.43495e-02
 72   34 6.69326e-02
 72   36 6.66589e-02
 72   38 6.43066e-02
 72   40 6.81156e-02
 72   42 6.52390e-02
 72   44 6.95274e-02
 72   46 7.16411e-02
 72   48 7.55746e-02
 72   50 7.69972e-02
 72   52 8.11438e-02
 72   54 9.78749e-02
 72   56 1.10316e-01
 72   58 1.10433e-01
 72   60 1.32153e-01
 72   62 1.75510e-01
 72   64 1.76478e-01
 72   66 2.22647e-01
 72   68 5.35377e-01
 72   70 1.45877e+00
 72   72 2.29077e+01
 72   74 1.41669e+00
 72   76 5.17469e-01
 72   78 2.29542e-01
 72   80 1.56477e-01
 72   82 1.38952e-01
 72   84 1.12510e-01
 72   86 9.99107e-02
 72   88 1.19119e-01
 72   90 8.50777e-02
 73    1 4.93926e-03
 73    3 2.58174e-02
 73    5 4.65346e-02
 73    7 6.64164e-02
 73    9 8.73815e-02
 73   11 9.39265e-02
 73   13 8.73896e-02
 73   15 7.38006e-02
 73   17 6.25195e-02
 73   19 5.68919e-02
 73   21 6.20273e-02
 73   23 6.44207e-02
 73   25 7.13154e-02
 73   27 6.98390e-02
 73   29 6.52383e-02
 73   31 6.45393e-02
 73   33 6.42367e-02
 73   35 6.67278e-02
 73   37 6.51579e-02
 73   39 6.49469e-02
 73   41 6.62887e-02
 73   43 6.44943e-02
 73   45 6.89794e-02
 73   47 7.03599e-02
 73   49 7.28964e-02
 73   51 7.48726e-02
 73   53 8.08016e-02
 73   55 9.78357e-02
 73   57 1.05851e-01
 73   59 1.05027e-01
 73   61 1.29807e-01
 73   63 1.72165e-01
 73   65 1.69796e-01
 73   67 2.19610e-01
 73   69 5.24977e-01
 73   71 1.42093e+00
 73   73 2.26810e+01
 73   75 1.37988e+00
 73   77 5.06641e-01
 73   79 2.30324e-01
 73   81 1.50836e-01
 73   83 1.35776e-01
 73   85 1.08143e-01
 73   87 9.62062e-02
 73   89 1.14897e-01
 73   91 8.41265e-02
 74    2 9.34198e-03
 74    4 2.70568e-02
 74    6 4.48983e-02
 74    8 6.11102e-02
 74   10 7.48619e-02
 74   12 7.74183e-02
 74   14 8.00728e-02
 74   16 8.43494e-02
 74   18 7.69268e-02
 74   20 7.42843e-02
 74   22 7.90573e-02
 74   24 7.96427e-02
 74   26 7.37224e-02
 74   28 7.01674e-02
 74   30 6.48635e-02
 74   32 6.61921e-02
 74   34 6.30637e-02
 74   36 6.30662e-02
 74   38 5.99204e-02
 74   40 5.97167e-02
 74   42 5.89162e-02
 74   44 6.50255e-02
 74   46 6.24726e-02
 74   48 6.33593e-02
 74   50 6.86206e-02
 74   52 7.33146e-02
 74   54 8.13006e-02
 74   56 9.17773e-02
 74   58 1.04809e-01
 74   60 1.04965e-01
 74   62 1.37326e-01
 74   64 1.75730e-01
 74   66 1.71780e-01
 74   68 2.28162e-01
 74   70 5.19762e-01
 74   72 1.39353e+00
 74   74 2.24636e+01
 74   76 1.34310e+00
 74   78 4.85554e-01
 74   80 2.28953e-01
 74   82 1.50360e-01
 74   84 1.38484e-01
 74   86 1.21801e-01
 74   88 1.27121e-01
 74   90 8.76079e-02
 75    1 3.06027e-03
 75    3 1.61623e-02
 75    5 3.49865e-02
 75    7 5.19708e-02
 75    9 6.81899e-02
 75   11 7.30366e-02
 75   13 7.24161e-02
 75   15 7.87212e-02
 75   17 8.30893e-02
 75   19 7.38139e-02
 75   21 7.33898e-02
 75   23 7.53527e-02
 75   25 7.61750e-02
 75   27 6.98208e-02
 75   29 6.71292e-02
 75   31 6.38697e-02
 75   33 6.45482e-02
 75   35 6.13439e-02
 75   37 5.86933e-02
 75   39 6.07903e-02
 75   41 5.84262e-02
 75   43 6.17413e-02
 75   45 6.15498e-02
 75   47 5.82215e-02
 75   49 6.32828e-02
 75   51 6.31491e-02
 75   53 7.21246e-02
 75   55 7.67510e-02
 75   57 9.25536e-02
 75   59 9.80117e-02
 75   61 1.05865e-01
 75   63 1.35533e-01
 75   65 1.71293e-01
 75   67 1.71248e-01
 75   69 2.27438e-01
 75   71 5.13292e-01
 75   73 1.35813e+00
 75   75 2.22629e+01
 75   77 1.30767e+00
 75   79 4.77034e-01
 75   81 2.27152e-01
 75   83 1.44666e-01
 75   85 1.30518e-01
 75   87 1.15528e-01
 75   89 1.25570e-01
 75   91 8.33373e-02
 76    2 1.33337e-02
 76    4 3.15211e-02
 76    6 5.29102e-02
 76    8 7.82228e-02
 76   10 9.24638e-02
 76   12 8.61570e-02
 76   14 7.64326e-02
 76   16 7.28289e-02
 76   18 6.37981e-02
 76   20 6.61885e-02
 76   22 6.47207e-02
 76   24 7.02995e-02
 76   26 6.10715e-02
 76   28 5.56503e-02
 76   30 5.39597e-02
 76   32 6.12372e-02
 76   34 6.02547e-02
 76   36 5.46397e-02
 76   38 5.37972e-02
 76   40 5.72306e-02
 76   42 6.11386e-02
 76   44 6.25662e-02
 76   46 5.93578e-02
 76   48 6.27366e-02
 76   50 6.49269e-02
 76   52 7.45008e-02
 76   54 7.49326e-02
 76   56 8.36682e-02
 76   58 9.37308e-02
 76   60 1.08326e-01
 76   62 1.12109e-01
 76   64 1.41397e-01
 76   66 1.73307e-01
 76   68 1.70891e-01
 76   70 2.28915e-01
 76   72 5.01279e-01
 76   74 1.32271e+00
 76   76 2.20439e+01
 76   78 1.26094e+00
 76   80 4.59169e-01
 76   82 2.25022e-01
 76   84 1.59700e-01
 76   86 1.45226e-01
 76   88 1.40261e-01
 76   90 8.73875e-02
 77    1 3.87685e-03
 77    3 1.98622e-02
 77    5 3.78974e-02
 77    7 6.08031e-02
 77    9 8.57262e-02
 77   11 8.50189e-02
 77   13 7.60776e-02
 77   15 7.50778e-02
 77   17 7.02652e-02
 77   19 6.33825e-02
 77   21 6.21859e-02
 77   23 6.65949e-02
 77   25 6.60500e-02
 77   27 5.96962e-02
 77   29 5.60622e-02
 77   31 5.40872e-02
 77   33 5.95758e-02
 77   35 5.43366e-02
 77   37 5.25093e-02
 77   39 5.22057e-02
 77   41 5.84483e-02
 77   43 6.13808e-02
 77   45 5.61760e-02
 77   47 5.90674e-02
 77   49 5.76799e-02
 77   51 6.52858e-02
 77   53 7.07196e-02
 77   55 7.58971e-02
 77   57 7.99183e-02
 77   59 9.40003e-02
 77   61 1.04809e-01
 77   63 1.09919e-01
 77   65 1.38964e-01
 77   67 1.65981e-01
 77   69 1.67104e-01
 77   71 2.28391e-01
 77   73 4.91365e-01
 77   75 1.28856e+00
 77   77 2.18632e+01
 77   79 1.23096e+00
 77   81 4.49818e-01
 77   83 2.22368e-01
 77   85 1.54921e-01
 77   87 1.42617e-01
 77   89 1.36815e-01
 77   91 8.73693e-02
 78    2 9.17549e-03
 78    4 2.32453e-02
 78    6 4.28400e-02
 78    8 6.51094e-02
 78   10 7.57341e-02
 78   12 6.90911e-02
 78   14 7.01041e-02
 78   16 7.72847e-02
 78   18 7.28450e-02
 78   20 7.06239e-02
 78   22 6.79967e-02
 78   24 6.60449e-02
 78   26 6.41547e-02
 78   28 6.28060e-02
 78   30 6.23423e-02
 78   32 5.96122e-02
 78   34 5.84012e-02
 78   36 5.87780e-02
 78   38 5.75488e-02
 78   40 5.90147e-02
 78   42 6.39967e-02
 78   44 6.57436e-02
 78   46 6.23326e-02
 78   48 6.30285e-02
 78   50 6.56504e-02
 78   52 6.80854e-02
 78   54 7.19673e-02
 78   56 7.81568e-02
 78   58 8.06000e-02
 78   60 9.22608e-02
 78   62 1.00692e-01
 78   64 1.08440e-01
 78   66 1.29212e-01
 78   68 1.61738e-01
 78   70 1.53524e-01
 78   72 2.19235e-01
 78   74 4.71459e-01
 78   76 1.24323e+00
 78   78 2.16974e+01
 78   80 1.20076e+00
 78   82 4.53722e-01
 78   84 2.46241e-01
 78   86 1.77018e-01
 78   88 1.64525e-01
 78   90 9.91405e-02
 79    1 2.92479e-03
 79    3 1.67025e-02
 79    5 3.19165e-02
 79    7 5.18924e-02
 79    9 7.05053e-02
 79   11 6.92279e-02
 79   13 6.69097e-02
 79   15 6.97800e-02
 79   17 7.59400e-02
 79   19 7.21304e-02
 79   21 6.67303e-02
 79   23 6.27086e-02
 79   25 6.50575e-02
 79   27 6.51893e-02
 79   29 5.83913e-02
 79   31 5.86620e-02
 79   33 5.65378e-02
 79   35 6.11627e-02
 79   37 5.58647e-02
 79   39 5.67445e-02
 79   41 5.96409e-02
 79   43 6.16285e-02
 79   45 6.21969e-02
 79   47 5.96814e-02
 79   49 6.07956e-02
 79   51 6.23763e-02
 79   53 6.58899e-02
 79   55 7.36711e-02
 79   57 7.18209e-02
 79   59 7.93135e-02
 79   61 8.86637e-02
 79   63 9.83337e-02
 79   65 1.01614e-01
 79   67 1.27601e-01
 79   69 1.53834e-01
 79   71 1.55328e-01
 79   73 2.20365e-01
 79   75 4.63718e-01
 79   77 1.21435e+00
 79   79 2.15471e+01
 79   81 1.16977e+00
 79   83 4.36613e-01
 79   85 2.38570e-01
 79   87 1.72945e-01
 79   89 1.63211e-01
 79   91 9.75300e-02
 80    2 1.13640e-02
 80    4 2.70726e-02
 80    6 4.21223e-02
 80    8 5.71181e-02
 80   10 7.45364e-02
 80   12 7.12890e-02
 80   14 6.39171e-02
 80   16 7.00076e-02
 80   18 8.04088e-02
 80   20 8.52410e-02
 80   22 7.26271e-02
 80   24 6.53077e-02
 80   26 6.23075e-02
 80   28 6.23956e-02
 80   30 5.89248e-02
 80   32 5.51882e-02
 80   34 5.58761e-02
 80   36 5.56455e-02
 80   38 5.49218e-02
 80   40 5.54320e-02
 80   42 5.57067e-02
 80   44 5.81707e-02
 80   46 5.78632e-02
 80   48 5.65422e-02
 80   50 5.97736e-02
 80   52 6.22604e-02
 80   54 6.38548e-02
 80   56 6.47114e-02
 80   58 6.71129e-02
 80   60 7.62111e-02
 80   62 8.20126e-02
 80   64 8.75892e-02
 80   66 9.62267e-02
 80   68 1.19962e-01
 80   70 1.40122e-01
 80   72 1.47518e-01
 80   74 2.19431e-01
 80   76 4.46860e-01
 80   78 1.18523e+00
 80   80 2.14237e+01
 80   82 1.16746e+00
 80   84 4.64981e-01
 80   86 2.63478e-01
 80   88 1.99695e-01
 80   90 1.23819e-01
 81    1 3.70902e-03
 81    3 1.86874e-02
 81    5 3.48131e-02
 81    7 4.76219e-02
 81    9 6.25148e-02
 81   11 7.03611e-02
 81   13 6.30629e-02
 81   15 6.45692e-02
 81   17 6.62639e-02
 81   19 8.08435e-02
 81   21 8.17048e-02
 81   23 7.27135e-02
 81   25 6.14305e-02
 81   27 6.17410e-02
 81   29 6.08345e-02
 81   31 5.96973e-02
 81   33 5.51250e-02
 81   35 5.37050e-02
 81   37 5.54528e-02
 81   39 5.62294e-02
 81   41 5.33404e-02
 81   43 5.47350e-02
 81   45 5.55356e-02
 81   47 5.55195e-02
 81   49 5.73263e-02
 81   51 5.71346e-02
 81   53 5.96255e-02
 81   55 6.37843e-02
 81   57 6.39639e-02
 81   59 6.56490e-02
 81   61 7.22217e-02
 81   63 8.11484e-02
 81   65 8.39970e-02
 81   67 9.25321e-02
 81   69 1.18872e-01
 81   71 1.36795e-01
 81   73 1.42527e-01
 81   75 2.18076e-01
 81   77 4.38253e-01
 81   79 1.15528e+00
 81   81 2.12758e+01
 81   83 1.13647e+00
 81   85 4.51557e-01
 81   87 2.56117e-01
 81   89 1.94676e-01
 81   91 1.20297e-01
 82    2 1.27483e-02
 82    4 3.08664e-02
 82    6 4.72697e-02
 82    8 6.16702e-02
 82   10 7.25264e-02
 82   12 6.81025e-02
 82   14 6.91828e-02
 82   16 6.89989e-02
 82   18 6.57594e-02
 82   20 6.66368e-02
 82   22 6.09737e-02
 82   24 5.82606e-02
 82   26 5.42557e-02
 82   28 5.93762e-02
 82   30 5.36543e-02
 82   32 5.12102e-02
 82   34 5.07429e-02
 82   36 5.06585e-02
 82   38 5.17068e-02
 82   40 5.01727e-02
 82   42 5.54295e-02
 82   44 5.06303e-02
 82   46 5.52177e-02
 82   48 5.68785e-02
 82   50 5.46186e-02
 82   52 5.32666e-02
 82   54 5.78040e-02
 82   56 5.98943e-02
 82   58 6.00181e-02
 82   60 6.30735e-02
 82   62 6.89238e-02
 82   64 7.62797e-02
 82   66 7.94828e-02
 82   68 8.62657e-02
 82   70 1.11265e-01
 82   72 1.29446e-01
 82   74 1.42401e-01
 82   76 2.16398e-01
 82   78 4.42552e-01
 82   80 1.15364e+00
 82   82 2.12728e+01
 82   84 1.17077e+00
 82   86 4.63165e-01
 82   88 2.70169e-01
 82   90 1.52601e-01
 83    1 4.07908e-03
 83    3 2.05650e-02
 83    5 3.76498e-02
 83    7 5.27046e-02
 83    9 6.84930e-02
 83   11 6.50890e-02
 83   13 6.12343e-02
 83   15 6.91106e-02
 83   17 6.34231e-02
 83   19 6.18701e-02
 83   21 5.51711e-02
 83   23 5.78938e-02
 83   25 5.25260e-02
 83   27 5.76305e-02
 83   29 5.37561e-02
 83   31 5.37494e-02
 83   33 5.11586e-02
 83   35 5.49853e-02
 83   37 5.34834e-02
 83   39 5.06352e-02
 83   41 5.72233e-02
 83   43 5.21011e-02
 83   45 5.20118e-02
 83   47 5.12893e-02
 83   49 5.53026e-02
 83   51 5.57320e-02
 83   53 5.58152e-02
 83   55 5.71556e-02
 83   57 5.81574e-02
 83   59 6.22002e-02
 83   61 6.30126e-02
 83   63 6.50469e-02
 83   65 7.26678e-02
 83   67 7.58389e-02
 83   69 8.77549e-02
 83   71 1.07043e-01
 83   73 1.26848e-01
 83   75 1.37318e-01
 83   77 2.14204e-01
 83   79 4.26336e-01
 83   81 1.12364e+00
 83   83 2.11505e+01
 83   85 1.14240e+00
 83   87 4.52140e-01
 83   89 2.63152e-01
 83   91 1.47816e-01
 84    2 1.35762e-02
 84    4 2.93791e-02
 84    6 4.27866e-02
 84    8 5.66088e-02
 84   10 6.44672e-02
 84   12 6.01121e-02
 84   14 6.34310e-02
 84   16 7.37855e-02
 84   18 7.31155e-02
 84   20 6.77974e-02
 84   22 6.69881e-02
 84   24 6.15375e-02
 84   26 5.61444e-02
 84   28 5.26887e-02
 84   30 5.28223e-02
 84   32 4.83466e-02
 84   34 4.73573e-02
 84   36 4.83574e-02
 84   38 4.63404e-02
 84   40 4.43650e-02
 84   42 4.57485e-02
 84   44 4.56011e-02
 84   46 4.67708e-02
 84   48 4.40167e-02
 84   50 4.31769e-02
 84   52 4.88319e-02
 84   54 4.78542e-02
 84   56 4.80618e-02
 84   58 4.89089e-02
 84   60 5.28475e-02
 84   62 5.44127e-02
 84   64 5.92602e-02
 84   66 6.43929e-02
 84   68 7.29366e-02
 84   70 8.22494e-02
 84   72 1.03686e-01
 84   74 1.29744e-01
 84   76 1.51928e-01
 84   78 2.37596e-01
 84   80 4.54539e-01
 84   82 1.15819e+00
 84   84 2.13317e+01
 84   86 1.14839e+00
 84   88 4.44279e-01
 84   90 2.00073e-01
 85    1 4.53157e-03
 85    3 2.11164e-02
 85    5 3.46891e-02
 85    7 4.79726e-02
 85    9 6.13184e-02
 85   11 5.89158e-02
 85   13 5.53234e-02
 85   15 6.46012e-02
 85   17 7.09933e-02
 85   19 7.07477e-02
 85   21 6.62807e-02
 85   23 6.29972e-02
 85   25 5.87049e-02
 85   27 5.38785e-02
 85   29 5.12571e-02
 85   31 5.02811e-02
 85   33 4.72873e-02
 85   35 4.81888e-02
 85   37 4.53697e-02
 85   39 4.55069e-02
 85   41 4.52684e-02
 85   43 4.60244e-02
 85   45 4.71538e-02
 85   47 4.30822e-02
 85   49 4.58731e-02
 85   51 4.53285e-02
 85   53 4.57149e-02
 85   55 4.47193e-02
 85   57 4.84719e-02
 85   59 4.79136e-02
 85   61 5.01271e-02
 85   63 5.30491e-02
 85   65 5.68296e-02
 85   67 6.31624e-02
 85   69 7.14803e-02
 85   71 7.86349e-02
 85   73 1.00000e-01
 85   75 1.22623e-01
 85   77 1.47710e-01
 85   79 2.30577e-01
 85   81 4.41900e-01
 85   83 1.13073e+00
 85   85 2.12131e+01
 85   87 1.12390e+00
 85   89 4.33672e-01
 85   91 1.91528e-01
 86    2 1.52570e-02
 86    4 3.29973e-02
 86    6 5.05854e-02
 86    8 6.76252e-02
 86   10 7.87932e-02
 86   12 6.33655e-02
 86   14 6.46853e-02
 86   16 6.66494e-02
 86   18 6.58084e-02
 86   20 6.00817e-02
 86   22 5.92594e-02
 86   24 5.66311e-02
 86   26 5.56596e-02
 86   28 5.07678e-02
 86   30 4.64973e-02
 86   32 4.78447e-02
 86   34 4.24841e-02
 86   36 3.99798e-02
 86   38 4.18366e-02
 86   40 4.22173e-02
 86   42 4.43651e-02
 86   44 4.13635e-02
 86   46 4.21153e-02
 86   48 4.22929e-02
 86   50 4.28994e-02
 86   52 4.18608e-02
 86   54 4.80555e-02
 86   56 4.79582e-02
 86   58 4.69937e-02
 86   60 4.87247e-02
 86   62 5.68032e-02
 86   64 6.00369e-02
 86   66 6.14672e-02
 86   68 7.24174e-02
 86   70 8.29425e-02
 86   72 9.11846e-02
 86   74 1.13010e-01
 86   76 1.36823e-01
 86   78 1.69153e-01
 86   80 2.55070e-01
 86   82 4.53755e-01
 86   84 1.13728e+00
 86   86 2.11422e+01
 86   88 1.09937e+00
 86   90 3.38525e-01
 87    1 4.65033e-03
 87    3 2.26930e-02
 87    5 4.03194e-02
 87    7 5.66916e-02
 87    9 7.30206e-02
 87   11 7.03707e-02
 87   13 5.72126e-02
 87   15 6.01226e-02
 87   17 6.26115e-02
 87   19 6.39454e-02
 87   21 5.60570e-02
 87   23 5.34234e-02
 87   25 5.46023e-02
 87   27 5.28793e-02
 87   29 4.78437e-02
 87   31 4.66389e-02
 87   33 4.45126e-02
 87   35 4.20030e-02
 87   37 4.39828e-02
 87   39 3.89539e-02
 87   41 4.25508e-02
 87   43 4.37798e-02
 87   45 4.45772e-02
 87   47 3.99850e-02
 87   49 4.22295e-02
 87   51 4.15102e-02
 87   53 4.34301e-02
 87   55 4.84252e-02
 87   57 4.43054e-02
 87   59 4.82347e-02
 87   61 4.85224e-02
 87   63 5.47546e-02
 87   65 5.61903e-02
 87   67 6.16325e-02
 87   69 7.20413e-02
 87   71 7.83412e-02
 87   73 8.81500e-02
 87   75 1.07549e-01
 87   77 1.34737e-01
 87   79 1.65624e-01
 87   81 2.48351e-01
 87   83 4.43436e-01
 87   85 1.11364e+00
 87   87 2.10362e+01
 87   89 1.07428e+00
 87   91 3.22775e-01
 88    2 5.74515e-03
 88    4 1.48003e-02
 88    6 2.30840e-02
 88    8 3.12090e-02
 88   10 3.41932e-02
 88   12 3.13129e-02
 88   14 2.98230e-02
 88   16 3.10760e-02
 88   18 3.53914e-02
 88   20 3.46968e-02
 88   22 3.51931e-02
 88   24 3.39311e-02
 88   26 3.78915e-02
 88   28 3.81560e-02
 88   30 3.93004e-02
 88   32 4.02657e-02
 88   34 3.79756e-02
 88   36 4.42005e-02
 88   38 4.34492e-02
 88   40 4.34998e-02
 88   42 4.51091e-02
 88   44 4.71938e-02
 88   46 4.64946e-02
 88   48 5.22714e-02
 88   50 5.45847e-02
 88   52 5.47130e-02
 88   54 5.94264e-02
 88   56 5.73220e-02
 88   58 6.45463e-02
 88   60 6.44197e-02
 88   62 7.23178e-02
 88   64 7.79011e-02
 88   66 8.38646e-02
 88   68 8.99728e-02
 88   70 9.83089e-02
 88   72 1.07781e-01
 88   74 1.16933e-01
 88   76 1.31008e-01
 88   78 1.55862e-01
 88   80 1.91660e-01
 88   82 2.62404e-01
 88   84 4.36199e-01
 88   86 1.08992e+00
 88   88 2.09793e+01
 88   90 1.07397e+00
 89    1 1.73003e-03
 89    3 9.10733e-03
 89    5 1.77238e-02
 89    7 2.65644e-02
 89    9 3.41153e-02
 89   11 3.09312e-02
 89   13 2.76102e-02
 89   15 2.83141e-02
 89   17 3.10334e-02
 89   19 3.33437e-02
 89   21 3.49560e-02
 89   23 3.31828e-02
 89   25 3.43168e-02
 89   27 3.48227e-02
 89   29 3.68311e-02
 89   31 3.85042e-02
 89   33 3.75226e-02
 89   35 4.03765e-02
 89   37 4.17403e-02
 89   39 4.31750e-02
 89   41 4.45209e-02
 89   43 4.40529e-02
 89   45 4.69851e-02
 89   47 4.58684e-02
 89   49 5.26383e-02
 89   51 5.10656e-02
 89   53 5.56858e-02
 89   55 5.66402e-02
 89   57 5.97133e-02
 89   59 6.14024e-02
 89   61 6.41454e-02
 89   63 7.05827e-02
 89   65 7.68613e-02
 89   67 8.29997e-02
 89   69 8.92443e-02
 89   71 9.63855e-02
 89   73 1.04427e-01
 89   75 1.15955e-01
 89   77 1.28213e-01
 89   79 1.55041e-01
 89   81 1.87250e-01
 89   83 2.56005e-01
 89   85 4.26246e-01
 89   87 1.06562e+00
 89   89 2.08923e+01
 89   91 1.03375e+00
 90    2 9.20683e-03
 90    4 2.22716e-02
 90    6 3.49415e-02
 90    8 4.83289e-02
 90   10 5.50853e-02
 90   12 4.78485e-02
 90   14 4.70109e-02
 90   16 4.90425e-02
 90   18 4.87386e-02
 90   20 4.91511e-02
 90   22 5.02911e-02
 90   24 4.97254e-02
 90   26 4.96173e-02
 90   28 5.02486e-02
 90   30 5.15381e-02
 90   32 4.37436e-02
 90   34 4.91246e-02
 90   36 4.35871e-02
 90   38 4.99681e-02
 90   40 5.22698e-02
 90   42 4.53949e-02
 90   44 4.66275e-02
 90   46 4.99783e-02
 90   48 5.27735e-02
 90   50 5.00167e-02
 90   52 5.51167e-02
 90   54 5.51998e-02
 90   56 5.36288e-02
 90   58 5.29318e-02
 90   60 5.60233e-02
 90   62 5.86236e-02
 90   64 6.09920e-02
 90   66 6.46297e-02
 90   68 6.87629e-02
 90   70 7.13154e-02
 90   72 7.63998e-02
 90   74 7.99792e-02
 90   76 8.10084e-02
 90   78 9.32134e-02
 90   80 1.17943e-01
 90   82 1.47099e-01
 90   84 1.94955e-01
 90   86 3.33087e-01
 90   88 1.06588e+00
 90   90 2.13272e+01
 91    1 2.92505e-03
 91    3 1.52927e-02
 91    5 2.64631e-02
 91    7 4.00882e-02
 91    9 5.44380e-02
 91   11 4.88286e-02
 91   13 4.55418e-02
 91   15 4.54472e-02
 91   17 4.61267e-02
 91   19 4.58334e-02
 91   21 4.80857e-02
 91   23 4.82630e-02
 91   25 4.95211e-02
 91   27 4.90554e-02
 91   29 4.70429e-02
 91   31 4.53659e-02
 91   33 4.56701e-02
 91   35 4.58435e-02
 91   37 4.43608e-02
 91   39 5.30970e-02
 91   41 4.73266e-02
 91   43 4.76597e-02
 91   45 4.76484e-02
 91   47 5.19155e-02
 91   49 4.92359e-02
 91   51 5.13504e-02
 91   53 4.98597e-02
 91   55 5.43115e-02
 91   57 5.41689e-02
 91   59 5.52764e-02
 91   61 5.40302e-02
 91   63 5.84997e-02
 91   65 6.17860e-02
 91   67 6.57245e-02
 91   69 7.16908e-02
 91   71 6.99985e-02
 91   73 7.59254e-02
 91   75 7.64178e-02
 91   77 8.13034e-02
 91   79 9.20000e-02
 91   81 1.14899e-01
 91   83 1.42795e-01
 91   85 1.86932e-01
 91   87 3.17933e-01
 91   89 1.02652e+00
