# 13C+CO2(ji) -> 13C+CO2(jf) molscat cross sections, CS8_JMAX90 approx. (written on 08/08/2023); 
# E=10240.000000 (1/cm) = 1.2695981813070525 eV
# ji  jf sigma(ji,jf) (1e-16 cm^2)
  1    1 1.99863e+02
  1    3 2.64895e+01
  1    5 1.13178e+01
  1    7 5.14655e+00
  1    9 2.71812e+00
  1   11 1.64734e+00
  1   13 1.48021e+00
  1   15 1.41072e+00
  1   17 1.03077e+00
  1   19 9.82468e-01
  1   21 1.07290e+00
  1   23 9.05981e-01
  1   25 8.15552e-01
  1   27 8.73887e-01
  1   29 8.01717e-01
  1   31 7.17055e-01
  1   33 7.03616e-01
  1   35 7.13381e-01
  1   37 6.29484e-01
  1   39 5.92123e-01
  1   41 5.93745e-01
  1   43 5.86923e-01
  1   45 5.85487e-01
  1   47 5.61890e-01
  1   49 6.36434e-01
  1   51 5.08608e-01
  1   53 6.54000e-01
  1   55 5.27790e-01
  1   57 7.90114e-01
  1   59 4.49552e-01
  1   61 8.62987e-01
  1   63 4.28069e-01
  1   65 9.11083e-01
  1   67 4.43956e-01
  1   69 7.70686e-01
  1   71 4.82256e-01
  1   73 7.23993e-01
  1   75 3.83443e-01
  1   77 5.55082e-01
  1   79 3.85778e-01
  1   81 5.20275e-01
  1   83 4.72512e-01
  1   85 5.89310e-01
  1   87 6.50156e-01
  1   89 2.51772e-01
  1   91 3.64651e-01
  2    2 2.10489e+02
  2    4 2.09300e+01
  2    6 8.65945e+00
  2    8 4.03699e+00
  2   10 2.21151e+00
  2   12 1.57979e+00
  2   14 1.45801e+00
  2   16 1.22956e+00
  2   18 1.00888e+00
  2   20 1.02506e+00
  2   22 9.95952e-01
  2   24 8.60345e-01
  2   26 8.33934e-01
  2   28 8.41282e-01
  2   30 7.73154e-01
  2   32 7.19904e-01
  2   34 6.95467e-01
  2   36 6.56724e-01
  2   38 6.13074e-01
  2   40 6.07957e-01
  2   42 5.94924e-01
  2   44 5.95322e-01
  2   46 5.81780e-01
  2   48 6.24707e-01
  2   50 5.38465e-01
  2   52 6.46652e-01
  2   54 5.47446e-01
  2   56 7.57651e-01
  2   58 5.00674e-01
  2   60 8.22953e-01
  2   62 4.61994e-01
  2   64 8.56617e-01
  2   66 5.04910e-01
  2   68 7.80254e-01
  2   70 4.89526e-01
  2   72 7.49825e-01
  2   74 4.52910e-01
  2   76 5.97320e-01
  2   78 4.02814e-01
  2   80 5.44702e-01
  2   82 4.91432e-01
  2   84 5.63936e-01
  2   86 6.30345e-01
  2   88 2.81541e-01
  2   90 3.73077e-01
  3    1 5.29910e+00
  3    3 2.10689e+02
  3    5 1.81629e+01
  3    7 7.33275e+00
  3    9 3.45349e+00
  3   11 2.05356e+00
  3   13 1.53736e+00
  3   15 1.31351e+00
  3   17 1.17483e+00
  3   19 1.03735e+00
  3   21 9.77506e-01
  3   23 9.42283e-01
  3   25 8.77499e-01
  3   27 8.25387e-01
  3   29 8.00600e-01
  3   31 7.48230e-01
  3   33 7.12499e-01
  3   35 6.78018e-01
  3   37 6.51096e-01
  3   39 6.10403e-01
  3   41 5.94098e-01
  3   43 5.82967e-01
  3   45 5.88789e-01
  3   47 5.85232e-01
  3   49 6.02035e-01
  3   51 5.47537e-01
  3   53 6.43930e-01
  3   55 5.34422e-01
  3   57 7.44460e-01
  3   59 5.10135e-01
  3   61 8.04692e-01
  3   63 4.80259e-01
  3   65 8.45176e-01
  3   67 4.89812e-01
  3   69 7.78294e-01
  3   71 5.01164e-01
  3   73 6.95521e-01
  3   75 4.13967e-01
  3   77 5.72271e-01
  3   79 3.86192e-01
  3   81 5.49138e-01
  3   83 5.05805e-01
  3   85 5.52049e-01
  3   87 6.09151e-01
  3   89 2.50733e-01
  3   91 3.61197e-01
  4    2 8.97340e+00
  4    4 2.10244e+02
  4    6 1.66870e+01
  4    8 6.57686e+00
  4   10 3.19311e+00
  4   12 1.98040e+00
  4   14 1.43232e+00
  4   16 1.26474e+00
  4   18 1.17500e+00
  4   20 9.98282e-01
  4   22 9.40500e-01
  4   24 9.37356e-01
  4   26 8.59536e-01
  4   28 7.98893e-01
  4   30 7.92124e-01
  4   32 7.43074e-01
  4   34 6.91018e-01
  4   36 6.63409e-01
  4   38 6.30992e-01
  4   40 6.08793e-01
  4   42 6.02822e-01
  4   44 6.03231e-01
  4   46 5.82339e-01
  4   48 5.98842e-01
  4   50 5.73449e-01
  4   52 6.33130e-01
  4   54 5.70209e-01
  4   56 7.00294e-01
  4   58 5.59864e-01
  4   60 7.47239e-01
  4   62 5.37764e-01
  4   64 7.85878e-01
  4   66 5.49040e-01
  4   68 7.91051e-01
  4   70 5.07130e-01
  4   72 7.18129e-01
  4   74 4.36933e-01
  4   76 6.44247e-01
  4   78 4.20746e-01
  4   80 5.51717e-01
  4   82 5.10555e-01
  4   84 5.52500e-01
  4   86 6.02822e-01
  4   88 2.62354e-01
  4   90 3.82146e-01
  5    1 1.25849e+00
  5    3 1.00959e+01
  5    5 2.09923e+02
  5    7 1.57958e+01
  5    9 6.20079e+00
  5   11 3.04380e+00
  5   13 1.84812e+00
  5   15 1.37589e+00
  5   17 1.25466e+00
  5   19 1.12702e+00
  5   21 9.66210e-01
  5   23 9.42683e-01
  5   25 9.22845e-01
  5   27 8.35966e-01
  5   29 7.84475e-01
  5   31 7.71325e-01
  5   33 7.22020e-01
  5   35 6.81011e-01
  5   37 6.55404e-01
  5   39 6.23828e-01
  5   41 6.09524e-01
  5   43 5.91970e-01
  5   45 6.05870e-01
  5   47 5.77819e-01
  5   49 5.81985e-01
  5   51 5.83492e-01
  5   53 6.16164e-01
  5   55 6.11464e-01
  5   57 6.49732e-01
  5   59 5.88661e-01
  5   61 7.15511e-01
  5   63 5.65642e-01
  5   65 7.49671e-01
  5   67 5.73599e-01
  5   69 7.38663e-01
  5   71 4.98101e-01
  5   73 6.73727e-01
  5   75 4.30521e-01
  5   77 6.30596e-01
  5   79 4.21976e-01
  5   81 5.40033e-01
  5   83 5.10493e-01
  5   85 5.26596e-01
  5   87 5.72262e-01
  5   89 2.49325e-01
  5   91 3.75713e-01
  6    2 2.36419e+00
  6    4 1.06263e+01
  6    6 2.09747e+02
  6    8 1.52870e+01
  6   10 5.95969e+00
  6   12 2.89244e+00
  6   14 1.79183e+00
  6   16 1.37007e+00
  6   18 1.21466e+00
  6   20 1.09673e+00
  6   22 9.70539e-01
  6   24 9.23766e-01
  6   26 8.92486e-01
  6   28 8.31293e-01
  6   30 7.82693e-01
  6   32 7.52032e-01
  6   34 7.13909e-01
  6   36 6.67533e-01
  6   38 6.50121e-01
  6   40 6.25083e-01
  6   42 6.15619e-01
  6   44 5.93150e-01
  6   46 6.02992e-01
  6   48 5.96931e-01
  6   50 5.97377e-01
  6   52 6.06723e-01
  6   54 6.31346e-01
  6   56 6.24923e-01
  6   58 6.24207e-01
  6   60 6.74417e-01
  6   62 6.15208e-01
  6   64 7.07319e-01
  6   66 6.10538e-01
  6   68 7.38152e-01
  6   70 5.14234e-01
  6   72 6.94518e-01
  6   74 4.34112e-01
  6   76 6.84379e-01
  6   78 4.57897e-01
  6   80 5.54186e-01
  6   82 5.23027e-01
  6   84 5.33616e-01
  6   86 5.81956e-01
  6   88 2.63698e-01
  6   90 3.86176e-01
  7    1 3.96523e-01
  7    3 2.82416e+00
  7    5 1.09447e+01
  7    7 2.09741e+02
  7    9 1.49487e+01
  7   11 5.73329e+00
  7   13 2.79156e+00
  7   15 1.76574e+00
  7   17 1.32492e+00
  7   19 1.17246e+00
  7   21 1.09108e+00
  7   23 9.56665e-01
  7   25 9.04201e-01
  7   27 8.80355e-01
  7   29 8.09836e-01
  7   31 7.55324e-01
  7   33 7.36472e-01
  7   35 7.04245e-01
  7   37 6.62436e-01
  7   39 6.37445e-01
  7   41 6.19303e-01
  7   43 6.11773e-01
  7   45 5.89229e-01
  7   47 6.07418e-01
  7   49 5.90148e-01
  7   51 6.11874e-01
  7   53 5.89531e-01
  7   55 6.50255e-01
  7   57 6.10977e-01
  7   59 6.62067e-01
  7   61 6.33014e-01
  7   63 6.45592e-01
  7   65 6.55400e-01
  7   67 6.30439e-01
  7   69 6.87077e-01
  7   71 5.07236e-01
  7   73 6.67587e-01
  7   75 4.31148e-01
  7   77 6.70492e-01
  7   79 4.66257e-01
  7   81 5.41811e-01
  7   83 4.99893e-01
  7   85 5.05508e-01
  7   87 5.64529e-01
  7   89 2.49156e-01
  7   91 3.66783e-01
  8    2 8.09062e-01
  8    4 3.07436e+00
  8    6 1.12216e+01
  8    8 2.09763e+02
  8   10 1.46600e+01
  8   12 5.59126e+00
  8   14 2.74608e+00
  8   16 1.71698e+00
  8   18 1.29697e+00
  8   20 1.17468e+00
  8   22 1.07943e+00
  8   24 9.34890e-01
  8   26 8.93977e-01
  8   28 8.74381e-01
  8   30 8.05695e-01
  8   32 7.54513e-01
  8   34 7.26536e-01
  8   36 6.92763e-01
  8   38 6.55736e-01
  8   40 6.49717e-01
  8   42 6.29651e-01
  8   44 6.09428e-01
  8   46 6.18759e-01
  8   48 5.92025e-01
  8   50 6.24128e-01
  8   52 5.97751e-01
  8   54 6.57183e-01
  8   56 5.97764e-01
  8   58 6.87094e-01
  8   60 6.14598e-01
  8   62 6.75065e-01
  8   64 6.30476e-01
  8   66 6.49563e-01
  8   68 6.82012e-01
  8   70 5.34243e-01
  8   72 6.85901e-01
  8   74 4.35241e-01
  8   76 6.82205e-01
  8   78 4.92852e-01
  8   80 5.84895e-01
  8   82 5.21506e-01
  8   84 5.11860e-01
  8   86 5.68987e-01
  8   88 2.64258e-01
  8   90 3.77884e-01
  9    1 1.60329e-01
  9    3 1.01829e+00
  9    5 3.28930e+00
  9    7 1.14445e+01
  9    9 2.09815e+02
  9   11 1.44432e+01
  9   13 5.49410e+00
  9   15 2.67132e+00
  9   17 1.67762e+00
  9   19 1.28859e+00
  9   21 1.15813e+00
  9   23 1.05438e+00
  9   25 9.31055e-01
  9   27 8.79720e-01
  9   29 8.51220e-01
  9   31 7.82313e-01
  9   33 7.41101e-01
  9   35 7.26323e-01
  9   37 6.84204e-01
  9   39 6.50488e-01
  9   41 6.31959e-01
  9   43 6.23905e-01
  9   45 6.11729e-01
  9   47 6.19124e-01
  9   49 5.99585e-01
  9   51 6.22968e-01
  9   53 5.96461e-01
  9   55 6.62447e-01
  9   57 5.96902e-01
  9   59 7.02914e-01
  9   61 5.88287e-01
  9   63 6.78645e-01
  9   65 5.93177e-01
  9   67 6.43236e-01
  9   69 6.37367e-01
  9   71 5.25307e-01
  9   73 6.58262e-01
  9   75 4.31471e-01
  9   77 6.75753e-01
  9   79 4.97874e-01
  9   81 5.60611e-01
  9   83 4.97011e-01
  9   85 4.96345e-01
  9   87 5.56033e-01
  9   89 2.50553e-01
  9   91 3.71513e-01
 10    2 3.50361e-01
 10    4 1.17992e+00
 10    6 3.45826e+00
 10    8 1.15887e+01
 10   10 1.80029e+02
 10   12 1.35580e+01
 10   14 5.10290e+00
 10   16 2.41397e+00
 10   18 1.50322e+00
 10   20 1.13427e+00
 10   22 1.01392e+00
 10   24 9.34544e-01
 10   26 8.20032e-01
 10   28 7.78881e-01
 10   30 7.67519e-01
 10   32 7.04320e-01
 10   34 6.56664e-01
 10   36 6.47345e-01
 10   38 6.26339e-01
 10   40 5.95473e-01
 10   42 5.85715e-01
 10   44 5.78304e-01
 10   46 5.72864e-01
 10   48 5.64242e-01
 10   50 5.91498e-01
 10   52 5.56440e-01
 10   54 6.15595e-01
 10   56 5.57276e-01
 10   58 6.63283e-01
 10   60 5.54197e-01
 10   62 6.46505e-01
 10   64 5.51786e-01
 10   66 6.23538e-01
 10   68 5.87386e-01
 10   70 5.20614e-01
 10   72 6.33426e-01
 10   74 4.31039e-01
 10   76 6.35661e-01
 10   78 4.83153e-01
 10   80 5.61175e-01
 10   82 4.95475e-01
 10   84 4.82512e-01
 10   86 5.32537e-01
 10   88 2.29276e-01
 10   90 3.56613e-01
 11    1 7.87750e-02
 11    3 4.90888e-01
 11    5 1.30898e+00
 11    7 3.55842e+00
 11    9 1.17091e+01
 11   11 1.57810e+02
 11   13 1.26168e+01
 11   15 4.81368e+00
 11   17 2.26204e+00
 11   19 1.38046e+00
 11   21 1.02439e+00
 11   23 9.21323e-01
 11   25 8.43467e-01
 11   27 7.29660e-01
 11   29 6.88016e-01
 11   31 6.82353e-01
 11   33 6.33902e-01
 11   35 5.90359e-01
 11   37 5.79320e-01
 11   39 5.55613e-01
 11   41 5.29720e-01
 11   43 5.28504e-01
 11   45 5.19333e-01
 11   47 5.10660e-01
 11   49 5.05095e-01
 11   51 5.23991e-01
 11   53 5.05567e-01
 11   55 5.51230e-01
 11   57 5.08793e-01
 11   59 5.81552e-01
 11   61 4.83388e-01
 11   63 5.71747e-01
 11   65 4.60508e-01
 11   67 5.46677e-01
 11   69 4.79387e-01
 11   71 4.60259e-01
 11   73 5.44273e-01
 11   75 3.79591e-01
 11   77 5.51241e-01
 11   79 4.03755e-01
 11   81 4.81599e-01
 11   83 4.19853e-01
 11   85 3.88961e-01
 11   87 4.30792e-01
 11   89 1.76655e-01
 11   91 2.82061e-01
 12    2 2.07086e-01
 12    4 6.05501e-01
 12    6 1.38875e+00
 12    8 3.65708e+00
 12   10 1.12181e+01
 12   12 1.40639e+02
 12   14 1.16715e+01
 12   16 4.56042e+00
 12   18 2.13048e+00
 12   20 1.28180e+00
 12   22 9.48174e-01
 12   24 8.49138e-01
 12   26 7.82191e-01
 12   28 6.78329e-01
 12   30 6.44508e-01
 12   32 6.28620e-01
 12   34 5.85997e-01
 12   36 5.47143e-01
 12   38 5.39464e-01
 12   40 5.27261e-01
 12   42 5.06903e-01
 12   44 4.86246e-01
 12   46 4.87051e-01
 12   48 4.85899e-01
 12   50 4.82308e-01
 12   52 4.79663e-01
 12   54 4.96809e-01
 12   56 4.65323e-01
 12   58 5.36093e-01
 12   60 4.34514e-01
 12   62 5.31503e-01
 12   64 4.02677e-01
 12   66 5.12400e-01
 12   68 4.06151e-01
 12   70 4.42968e-01
 12   72 4.53255e-01
 12   74 3.88965e-01
 12   76 4.71046e-01
 12   78 3.76990e-01
 12   80 4.13150e-01
 12   82 3.81136e-01
 12   84 3.70285e-01
 12   86 3.60254e-01
 12   88 1.62880e-01
 12   90 2.52935e-01
 13    1 5.95625e-02
 13    3 3.09239e-01
 13    5 6.68793e-01
 13    7 1.45795e+00
 13    9 3.74802e+00
 13   11 1.06168e+01
 13   13 1.27315e+02
 13   15 1.07786e+01
 13   17 4.30036e+00
 13   19 2.00604e+00
 13   21 1.20709e+00
 13   23 8.83004e-01
 13   25 7.78092e-01
 13   27 7.17927e-01
 13   29 6.17738e-01
 13   31 5.89657e-01
 13   33 5.79882e-01
 13   35 5.44109e-01
 13   37 5.06367e-01
 13   39 4.88428e-01
 13   41 4.89926e-01
 13   43 4.65624e-01
 13   45 4.55485e-01
 13   47 4.42307e-01
 13   49 4.51481e-01
 13   51 4.44792e-01
 13   53 4.51609e-01
 13   55 4.56715e-01
 13   57 4.38895e-01
 13   59 4.61494e-01
 13   61 3.83083e-01
 13   63 4.74402e-01
 13   65 3.36598e-01
 13   67 4.71583e-01
 13   69 2.99273e-01
 13   71 4.15627e-01
 13   73 3.49632e-01
 13   75 3.74007e-01
 13   77 3.70274e-01
 13   79 3.26103e-01
 13   81 3.40888e-01
 13   83 3.06841e-01
 13   85 3.04168e-01
 13   87 3.08570e-01
 13   89 1.41621e-01
 13   91 2.21649e-01
 14    2 1.63121e-01
 14    4 3.73765e-01
 14    6 7.34263e-01
 14    8 1.53298e+00
 14   10 3.60361e+00
 14   12 9.96144e+00
 14   14 1.16560e+02
 14   16 9.97576e+00
 14   18 4.05655e+00
 14   20 1.90197e+00
 14   22 1.13748e+00
 14   24 8.24048e-01
 14   26 7.33269e-01
 14   28 6.81434e-01
 14   30 5.79686e-01
 14   32 5.44492e-01
 14   34 5.41644e-01
 14   36 5.04845e-01
 14   38 4.87059e-01
 14   40 4.75916e-01
 14   42 4.48672e-01
 14   44 4.33595e-01
 14   46 4.23180e-01
 14   48 4.29385e-01
 14   50 4.11506e-01
 14   52 4.27068e-01
 14   54 4.03634e-01
 14   56 4.20591e-01
 14   58 4.01102e-01
 14   60 3.63441e-01
 14   62 4.09073e-01
 14   64 3.05420e-01
 14   66 4.30111e-01
 14   68 2.53414e-01
 14   70 4.01245e-01
 14   72 2.84926e-01
 14   74 3.70859e-01
 14   76 3.24139e-01
 14   78 3.21040e-01
 14   80 3.07185e-01
 14   82 2.96971e-01
 14   84 3.09101e-01
 14   86 3.10405e-01
 14   88 1.38579e-01
 14   90 2.15834e-01
 15    1 4.90380e-02
 15    3 2.28242e-01
 15    5 4.30117e-01
 15    7 7.96648e-01
 15    9 1.57425e+00
 15   11 3.49916e+00
 15   13 9.31118e+00
 15   15 1.07734e+02
 15   17 9.22944e+00
 15   19 3.82327e+00
 15   21 1.80199e+00
 15   23 1.06900e+00
 15   25 7.70214e-01
 15   27 6.79606e-01
 15   29 6.26429e-01
 15   31 5.33517e-01
 15   33 5.08446e-01
 15   35 5.13493e-01
 15   37 4.67495e-01
 15   39 4.44301e-01
 15   41 4.38583e-01
 15   43 4.21164e-01
 15   45 4.09610e-01
 15   47 3.84761e-01
 15   49 3.98549e-01
 15   51 3.73891e-01
 15   53 4.08424e-01
 15   55 3.46798e-01
 15   57 3.94490e-01
 15   59 3.16076e-01
 15   61 3.34672e-01
 15   63 3.20864e-01
 15   65 2.67006e-01
 15   67 3.67314e-01
 15   69 2.24021e-01
 15   71 3.63237e-01
 15   73 2.54524e-01
 15   75 3.37473e-01
 15   77 2.99330e-01
 15   79 2.97742e-01
 15   81 2.82821e-01
 15   83 2.71769e-01
 15   85 2.98875e-01
 15   87 2.84235e-01
 15   89 1.26800e-01
 15   91 1.92915e-01
 16    2 1.20078e-01
 16    4 2.88091e-01
 16    6 4.90082e-01
 16    8 8.36678e-01
 16   10 1.48806e+00
 16   12 3.39759e+00
 16   14 8.70795e+00
 16   16 1.00113e+02
 16   18 8.58334e+00
 16   20 3.60430e+00
 16   22 1.71351e+00
 16   24 1.02284e+00
 16   26 7.34131e-01
 16   28 6.43176e-01
 16   30 5.92445e-01
 16   32 5.08973e-01
 16   34 4.69770e-01
 16   36 4.91126e-01
 16   38 4.57311e-01
 16   40 4.26972e-01
 16   42 4.11357e-01
 16   44 3.99943e-01
 16   46 3.74743e-01
 16   48 3.74758e-01
 16   50 3.56935e-01
 16   52 3.77675e-01
 16   54 3.25825e-01
 16   56 3.58346e-01
 16   58 2.83736e-01
 16   60 3.14478e-01
 16   62 2.72121e-01
 16   64 2.67062e-01
 16   66 3.10053e-01
 16   68 2.32582e-01
 16   70 3.48838e-01
 16   72 2.41739e-01
 16   74 3.22714e-01
 16   76 2.78710e-01
 16   78 2.99369e-01
 16   80 2.98522e-01
 16   82 2.49945e-01
 16   84 2.87963e-01
 16   86 2.70383e-01
 16   88 1.26452e-01
 16   90 1.84776e-01
 17    1 3.15628e-02
 17    3 1.79828e-01
 17    5 3.45499e-01
 17    7 5.26562e-01
 17    9 8.70887e-01
 17   11 1.44846e+00
 17   13 3.27240e+00
 17   15 8.13008e+00
 17   17 9.36274e+01
 17   19 7.99885e+00
 17   21 3.39337e+00
 17   23 1.61519e+00
 17   25 9.58690e-01
 17   27 6.87888e-01
 17   29 6.05006e-01
 17   31 5.57445e-01
 17   33 4.76556e-01
 17   35 4.42896e-01
 17   37 4.60234e-01
 17   39 4.26679e-01
 17   41 3.93222e-01
 17   43 3.91437e-01
 17   45 3.68571e-01
 17   47 3.58842e-01
 17   49 3.42146e-01
 17   51 3.41992e-01
 17   53 3.43413e-01
 17   55 3.06007e-01
 17   57 3.07193e-01
 17   59 2.57288e-01
 17   61 2.74891e-01
 17   63 2.43950e-01
 17   65 2.50742e-01
 17   67 2.94289e-01
 17   69 2.24548e-01
 17   71 3.43027e-01
 17   73 2.15921e-01
 17   75 3.10393e-01
 17   77 2.38707e-01
 17   79 2.75588e-01
 17   81 2.52310e-01
 17   83 2.29283e-01
 17   85 2.59122e-01
 17   87 2.34495e-01
 17   89 1.13064e-01
 17   91 1.73261e-01
 18    2 8.74891e-02
 18    4 2.37663e-01
 18    6 3.85814e-01
 18    8 5.61203e-01
 18   10 8.22830e-01
 18   12 1.40942e+00
 18   14 3.14430e+00
 18   16 7.62174e+00
 18   18 8.78491e+01
 18   20 7.47851e+00
 18   22 3.21144e+00
 18   24 1.54203e+00
 18   26 9.20829e-01
 18   28 6.50094e-01
 18   30 5.75156e-01
 18   32 5.26369e-01
 18   34 4.60572e-01
 18   36 4.34799e-01
 18   38 4.39657e-01
 18   40 4.09080e-01
 18   42 3.79133e-01
 18   44 3.61512e-01
 18   46 3.61782e-01
 18   48 3.35513e-01
 18   50 3.32360e-01
 18   52 3.23941e-01
 18   54 2.93197e-01
 18   56 2.78934e-01
 18   58 2.45339e-01
 18   60 2.61969e-01
 18   62 2.32712e-01
 18   64 2.46636e-01
 18   66 2.72033e-01
 18   68 2.32189e-01
 18   70 3.21471e-01
 18   72 2.00039e-01
 18   74 2.95334e-01
 18   76 2.12432e-01
 18   78 2.71426e-01
 18   80 2.68141e-01
 18   82 2.12149e-01
 18   84 2.45787e-01
 18   86 2.24767e-01
 18   88 1.19311e-01
 18   90 1.74384e-01
 19    1 2.69038e-02
 19    3 1.42000e-01
 19    5 2.77548e-01
 19    7 4.16716e-01
 19    9 5.98228e-01
 19   11 7.90524e-01
 19   13 1.36517e+00
 19   15 3.01189e+00
 19   17 7.15339e+00
 19   19 8.29233e+01
 19   21 7.01086e+00
 19   23 3.02404e+00
 19   25 1.45347e+00
 19   27 8.72432e-01
 19   29 6.18077e-01
 19   31 5.45912e-01
 19   33 5.02907e-01
 19   35 4.40370e-01
 19   37 4.17915e-01
 19   39 4.13313e-01
 19   41 3.95815e-01
 19   43 3.61644e-01
 19   45 3.48643e-01
 19   47 3.41587e-01
 19   49 3.21182e-01
 19   51 3.13237e-01
 19   53 2.96978e-01
 19   55 2.60145e-01
 19   57 2.60870e-01
 19   59 2.18428e-01
 19   61 2.40048e-01
 19   63 2.12774e-01
 19   65 2.36974e-01
 19   67 2.45691e-01
 19   69 2.22530e-01
 19   71 2.75737e-01
 19   73 1.80834e-01
 19   75 2.59385e-01
 19   77 1.98483e-01
 19   79 2.42001e-01
 19   81 2.49408e-01
 19   83 2.04234e-01
 19   85 2.26730e-01
 19   87 2.03475e-01
 19   89 1.14378e-01
 19   91 1.56085e-01
 20    2 8.00032e-02
 20    4 1.81728e-01
 20    6 3.13521e-01
 20    8 4.57461e-01
 20   10 5.58791e-01
 20   12 7.63182e-01
 20   14 1.32683e+00
 20   16 2.88046e+00
 20   18 6.73069e+00
 20   20 7.84614e+01
 20   22 6.61214e+00
 20   24 2.86599e+00
 20   26 1.37748e+00
 20   28 8.32601e-01
 20   30 5.88482e-01
 20   32 5.28124e-01
 20   34 4.98830e-01
 20   36 4.24220e-01
 20   38 4.03193e-01
 20   40 4.05958e-01
 20   42 3.69896e-01
 20   44 3.44698e-01
 20   46 3.42405e-01
 20   48 3.29043e-01
 20   50 3.13409e-01
 20   52 2.77755e-01
 20   54 2.49018e-01
 20   56 2.45951e-01
 20   58 2.14612e-01
 20   60 2.39361e-01
 20   62 2.08292e-01
 20   64 2.40473e-01
 20   66 2.32622e-01
 20   68 2.23398e-01
 20   70 2.45384e-01
 20   72 1.80495e-01
 20   74 2.60512e-01
 20   76 1.89895e-01
 20   78 2.45001e-01
 20   80 2.28251e-01
 20   82 2.11213e-01
 20   84 1.99974e-01
 20   86 1.87454e-01
 20   88 1.15262e-01
 20   90 1.53167e-01
 21    1 2.65939e-02
 21    3 1.21119e-01
 21    5 2.15380e-01
 21    7 3.51016e-01
 21    9 4.86673e-01
 21   11 5.30988e-01
 21   13 7.43557e-01
 21   15 1.28494e+00
 21   17 2.74690e+00
 21   19 6.34599e+00
 21   21 7.45993e+01
 21   23 6.23961e+00
 21   25 2.70872e+00
 21   27 1.30784e+00
 21   29 7.98387e-01
 21   31 5.68749e-01
 21   33 5.01603e-01
 21   35 4.77577e-01
 21   37 4.10784e-01
 21   39 3.83147e-01
 21   41 3.85303e-01
 21   43 3.62374e-01
 21   45 3.33990e-01
 21   47 3.31041e-01
 21   49 2.97350e-01
 21   51 2.86388e-01
 21   53 2.47733e-01
 21   55 2.32254e-01
 21   57 2.14965e-01
 21   59 1.97081e-01
 21   61 2.22910e-01
 21   63 2.00035e-01
 21   65 2.39624e-01
 21   67 2.08429e-01
 21   69 2.11187e-01
 21   71 2.12029e-01
 21   73 1.66519e-01
 21   75 2.53822e-01
 21   77 1.77877e-01
 21   79 2.33228e-01
 21   81 2.01883e-01
 21   83 1.82907e-01
 21   85 1.78986e-01
 21   87 1.77556e-01
 21   89 1.00369e-01
 21   91 1.42497e-01
 22    2 7.07248e-02
 22    4 1.55777e-01
 22    6 2.52438e-01
 22    8 3.82477e-01
 22   10 4.54474e-01
 22   12 5.13655e-01
 22   14 7.21987e-01
 22   16 1.24596e+00
 22   18 2.62978e+00
 22   20 6.01613e+00
 22   22 7.10275e+01
 22   24 5.91211e+00
 22   26 2.56423e+00
 22   28 1.23977e+00
 22   30 7.70581e-01
 22   32 5.53055e-01
 22   34 4.81797e-01
 22   36 4.64602e-01
 22   38 4.07301e-01
 22   40 3.59957e-01
 22   42 3.75003e-01
 22   44 3.51667e-01
 22   46 3.29498e-01
 22   48 2.97550e-01
 22   50 2.86276e-01
 22   52 2.39276e-01
 22   54 2.30321e-01
 22   56 2.07051e-01
 22   58 2.06630e-01
 22   60 2.25073e-01
 22   62 2.01396e-01
 22   64 2.41250e-01
 22   66 1.90811e-01
 22   68 2.01872e-01
 22   70 2.02979e-01
 22   72 1.72008e-01
 22   74 2.43141e-01
 22   76 1.69475e-01
 22   78 2.14342e-01
 22   80 1.82037e-01
 22   82 1.81235e-01
 22   84 1.73797e-01
 22   86 1.71499e-01
 22   88 1.01866e-01
 22   90 1.47541e-01
 23    1 2.05287e-02
 23    3 1.06732e-01
 23    5 1.92097e-01
 23    7 2.81353e-01
 23    9 4.05038e-01
 23   11 4.36566e-01
 23   13 4.97229e-01
 23   15 6.96832e-01
 23   17 1.19524e+00
 23   19 2.50228e+00
 23   21 5.70397e+00
 23   23 6.78914e+01
 23   25 5.61810e+00
 23   27 2.43315e+00
 23   29 1.17915e+00
 23   31 7.32051e-01
 23   33 5.30531e-01
 23   35 4.64892e-01
 23   37 4.48055e-01
 23   39 3.84048e-01
 23   41 3.52211e-01
 23   43 3.65684e-01
 23   45 3.46396e-01
 23   47 3.01457e-01
 23   49 2.75271e-01
 23   51 2.60130e-01
 23   53 2.24458e-01
 23   55 2.10197e-01
 23   57 1.91647e-01
 23   59 1.90248e-01
 23   61 2.20698e-01
 23   63 1.92454e-01
 23   65 2.27642e-01
 23   67 1.79825e-01
 23   69 1.95285e-01
 23   71 1.70202e-01
 23   73 1.66894e-01
 23   75 2.14150e-01
 23   77 1.57522e-01
 23   79 2.00639e-01
 23   81 1.69163e-01
 23   83 1.64383e-01
 23   85 1.66291e-01
 23   87 1.58689e-01
 23   89 9.75880e-02
 23   91 1.34817e-01
 24    2 5.60913e-02
 24    4 1.42541e-01
 24    6 2.20593e-01
 24    8 3.04130e-01
 24   10 3.84588e-01
 24   12 4.22329e-01
 24   14 4.80207e-01
 24   16 6.82834e-01
 24   18 1.15931e+00
 24   20 2.39409e+00
 24   22 5.42790e+00
 24   24 6.49618e+01
 24   26 5.34982e+00
 24   28 2.31841e+00
 24   30 1.12533e+00
 24   32 7.14005e-01
 24   34 5.05663e-01
 24   36 4.53560e-01
 24   38 4.25593e-01
 24   40 3.85185e-01
 24   42 3.49548e-01
 24   44 3.49083e-01
 24   46 3.16650e-01
 24   48 2.79362e-01
 24   50 2.56292e-01
 24   52 2.30500e-01
 24   54 2.11488e-01
 24   56 1.96694e-01
 24   58 2.01385e-01
 24   60 2.19004e-01
 24   62 1.90733e-01
 24   64 2.12981e-01
 24   66 1.70745e-01
 24   68 1.94035e-01
 24   70 1.74906e-01
 24   72 1.72915e-01
 24   74 2.04982e-01
 24   76 1.50369e-01
 24   78 2.00799e-01
 24   80 1.55876e-01
 24   82 1.56713e-01
 24   84 1.54369e-01
 24   86 1.51076e-01
 24   88 9.68811e-02
 24   90 1.32934e-01
 25    1 1.70334e-02
 25    3 9.16149e-02
 25    5 1.73336e-01
 25    7 2.45110e-01
 25    9 3.29670e-01
 25   11 3.68394e-01
 25   13 4.03859e-01
 25   15 4.62774e-01
 25   17 6.53907e-01
 25   19 1.10856e+00
 25   21 2.28239e+00
 25   23 5.17839e+00
 25   25 6.23440e+01
 25   27 5.10825e+00
 25   29 2.20411e+00
 25   31 1.07133e+00
 25   33 6.79847e-01
 25   35 4.82786e-01
 25   37 4.29116e-01
 25   39 4.12971e-01
 25   41 3.68804e-01
 25   43 3.41677e-01
 25   45 3.28828e-01
 25   47 2.99747e-01
 25   49 2.60695e-01
 25   51 2.35506e-01
 25   53 2.10240e-01
 25   55 2.02078e-01
 25   57 1.84328e-01
 25   59 2.11678e-01
 25   61 1.95345e-01
 25   63 1.80871e-01
 25   65 1.93421e-01
 25   67 1.63308e-01
 25   69 1.73466e-01
 25   71 1.68933e-01
 25   73 1.67045e-01
 25   75 1.98872e-01
 25   77 1.49453e-01
 25   79 1.72580e-01
 25   81 1.49215e-01
 25   83 1.46167e-01
 25   85 1.44377e-01
 25   87 1.38946e-01
 25   89 8.75911e-02
 25   91 1.25082e-01
 26    2 5.02970e-02
 26    4 1.20917e-01
 26    6 1.97160e-01
 26    8 2.69037e-01
 26   10 3.12187e-01
 26   12 3.59893e-01
 26   14 3.95300e-01
 26   16 4.53386e-01
 26   18 6.40436e-01
 26   20 1.06448e+00
 26   22 2.17788e+00
 26   24 4.94910e+00
 26   26 5.99152e+01
 26   28 4.89434e+00
 26   30 2.10152e+00
 26   32 1.02033e+00
 26   34 6.68438e-01
 26   36 4.69848e-01
 26   38 4.12566e-01
 26   40 4.10301e-01
 26   42 3.55113e-01
 26   44 3.10257e-01
 26   46 3.06372e-01
 26   48 2.79124e-01
 26   50 2.45530e-01
 26   52 2.13020e-01
 26   54 2.11306e-01
 26   56 2.00902e-01
 26   58 2.09990e-01
 26   60 1.91057e-01
 26   62 1.77394e-01
 26   64 1.91376e-01
 26   66 1.53005e-01
 26   68 1.78692e-01
 26   70 1.71025e-01
 26   72 1.66697e-01
 26   74 1.82037e-01
 26   76 1.41282e-01
 26   78 1.58829e-01
 26   80 1.48206e-01
 26   82 1.44228e-01
 26   84 1.37848e-01
 26   86 1.34314e-01
 26   88 9.24297e-02
 26   90 1.23640e-01
 27    1 1.69416e-02
 27    3 7.99886e-02
 27    5 1.45747e-01
 27    7 2.21516e-01
 27    9 2.89135e-01
 27   11 2.95812e-01
 27   13 3.45884e-01
 27   15 3.79023e-01
 27   17 4.35518e-01
 27   19 6.17641e-01
 27   21 1.02290e+00
 27   23 2.08174e+00
 27   25 4.74159e+00
 27   27 5.76726e+01
 27   29 4.69276e+00
 27   31 2.00617e+00
 27   33 9.71311e-01
 27   35 6.35290e-01
 27   37 4.51237e-01
 27   39 3.95396e-01
 27   41 3.97484e-01
 27   43 3.35459e-01
 27   45 2.97045e-01
 27   47 2.86143e-01
 27   49 2.65419e-01
 27   51 2.25001e-01
 27   53 2.07882e-01
 27   55 1.98944e-01
 27   57 1.93561e-01
 27   59 1.99397e-01
 27   61 1.79961e-01
 27   63 1.69119e-01
 27   65 1.75022e-01
 27   67 1.40654e-01
 27   69 1.69031e-01
 27   71 1.63992e-01
 27   73 1.60848e-01
 27   75 1.67287e-01
 27   77 1.39580e-01
 27   79 1.53639e-01
 27   81 1.38867e-01
 27   83 1.29602e-01
 27   85 1.33275e-01
 27   87 1.22013e-01
 27   89 8.66717e-02
 27   91 1.10965e-01
 28    2 4.72457e-02
 28    4 1.04646e-01
 28    6 1.70995e-01
 28    8 2.45017e-01
 28   10 2.76099e-01
 28   12 2.90610e-01
 28   14 3.42056e-01
 28   16 3.69857e-01
 28   18 4.21000e-01
 28   20 5.99100e-01
 28   22 9.80454e-01
 28   24 1.99705e+00
 28   26 4.55726e+00
 28   28 5.56238e+01
 28   30 4.50851e+00
 28   32 1.92503e+00
 28   34 9.35833e-01
 28   36 6.11628e-01
 28   38 4.32816e-01
 28   40 3.80106e-01
 28   42 3.69396e-01
 28   44 3.28149e-01
 28   46 2.74636e-01
 28   48 2.72115e-01
 28   50 2.48296e-01
 28   52 2.19175e-01
 28   54 2.14376e-01
 28   56 2.04193e-01
 28   58 2.04742e-01
 28   60 1.76892e-01
 28   62 1.77231e-01
 28   64 1.63538e-01
 28   66 1.44459e-01
 28   68 1.67561e-01
 28   70 1.57276e-01
 28   72 1.56191e-01
 28   74 1.53099e-01
 28   76 1.30694e-01
 28   78 1.53113e-01
 28   80 1.37625e-01
 28   82 1.28064e-01
 28   84 1.24277e-01
 28   86 1.14947e-01
 28   88 8.80565e-02
 28   90 1.13230e-01
 29    1 1.45143e-02
 29    3 7.24539e-02
 29    5 1.27722e-01
 29    7 1.90292e-01
 29    9 2.61260e-01
 29   11 2.60477e-01
 29   13 2.77927e-01
 29   15 3.26254e-01
 29   17 3.57704e-01
 29   19 4.08623e-01
 29   21 5.83131e-01
 29   23 9.42109e-01
 29   25 1.91056e+00
 29   27 4.38231e+00
 29   29 5.36760e+01
 29   31 4.34020e+00
 29   33 1.83849e+00
 29   35 8.90900e-01
 29   37 5.90172e-01
 29   39 4.24414e-01
 29   41 3.55926e-01
 29   43 3.54791e-01
 29   45 3.06086e-01
 29   47 2.61990e-01
 29   49 2.48438e-01
 29   51 2.40384e-01
 29   53 2.12870e-01
 29   55 2.03973e-01
 29   57 1.94916e-01
 29   59 1.91834e-01
 29   61 1.64738e-01
 29   63 1.67027e-01
 29   65 1.45330e-01
 29   67 1.42536e-01
 29   69 1.68909e-01
 29   71 1.38354e-01
 29   73 1.46761e-01
 29   75 1.46155e-01
 29   77 1.23469e-01
 29   79 1.47756e-01
 29   81 1.29053e-01
 29   83 1.26580e-01
 29   85 1.14235e-01
 29   87 1.08003e-01
 29   89 8.12165e-02
 29   91 1.02614e-01
 30    2 4.06579e-02
 30    4 9.71589e-02
 30    6 1.50757e-01
 30    8 2.11409e-01
 30   10 2.54766e-01
 30   12 2.58557e-01
 30   14 2.72474e-01
 30   16 3.19014e-01
 30   18 3.48779e-01
 30   20 3.96509e-01
 30   22 5.70641e-01
 30   24 9.07685e-01
 30   26 1.83232e+00
 30   28 4.22173e+00
 30   30 5.19402e+01
 30   32 4.17814e+00
 30   34 1.76300e+00
 30   36 8.54257e-01
 30   38 5.73756e-01
 30   40 4.00518e-01
 30   42 3.35146e-01
 30   44 3.33902e-01
 30   46 2.88282e-01
 30   48 2.47908e-01
 30   50 2.48075e-01
 30   52 2.39880e-01
 30   54 2.15578e-01
 30   56 2.03378e-01
 30   58 1.93348e-01
 30   60 1.75982e-01
 30   62 1.66115e-01
 30   64 1.54099e-01
 30   66 1.43097e-01
 30   68 1.61427e-01
 30   70 1.35575e-01
 30   72 1.41392e-01
 30   74 1.40017e-01
 30   76 1.18114e-01
 30   78 1.37583e-01
 30   80 1.22990e-01
 30   82 1.27126e-01
 30   84 1.09128e-01
 30   86 1.05408e-01
 30   88 8.43292e-02
 30   90 1.03997e-01
 31    1 1.21869e-02
 31    3 6.35692e-02
 31    5 1.17893e-01
 31    7 1.66618e-01
 31    9 2.25412e-01
 31   11 2.42518e-01
 31   13 2.49053e-01
 31   15 2.60854e-01
 31   17 3.09408e-01
 31   19 3.38819e-01
 31   21 3.89976e-01
 31   23 5.49084e-01
 31   25 8.71793e-01
 31   27 1.75876e+00
 31   29 4.07450e+00
 31   31 5.02273e+01
 31   33 4.02925e+00
 31   35 1.68578e+00
 31   37 8.23449e-01
 31   39 5.58574e-01
 31   41 3.76740e-01
 31   43 3.08758e-01
 31   45 3.16534e-01
 31   47 2.72846e-01
 31   49 2.44379e-01
 31   51 2.35805e-01
 31   53 2.35248e-01
 31   55 2.09589e-01
 31   57 1.90716e-01
 31   59 1.78897e-01
 31   61 1.62901e-01
 31   63 1.48102e-01
 31   65 1.55369e-01
 31   67 1.41878e-01
 31   69 1.46721e-01
 31   71 1.24657e-01
 31   73 1.32835e-01
 31   75 1.34271e-01
 31   77 1.13940e-01
 31   79 1.28339e-01
 31   81 1.16480e-01
 31   83 1.21156e-01
 31   85 1.06821e-01
 31   87 9.24541e-02
 31   89 7.91982e-02
 31   91 1.03975e-01
 32    2 3.56252e-02
 32    4 8.57681e-02
 32    6 1.36310e-01
 32    8 1.86305e-01
 32   10 2.20002e-01
 32   12 2.37313e-01
 32   14 2.40839e-01
 32   16 2.57906e-01
 32   18 3.00372e-01
 32   20 3.34858e-01
 32   22 3.85405e-01
 32   24 5.41952e-01
 32   26 8.37166e-01
 32   28 1.69629e+00
 32   30 3.93176e+00
 32   32 4.87246e+01
 32   34 3.88914e+00
 32   36 1.62537e+00
 32   38 7.90007e-01
 32   40 5.21326e-01
 32   42 3.52600e-01
 32   44 2.96704e-01
 32   46 3.04366e-01
 32   48 2.75860e-01
 32   50 2.36023e-01
 32   52 2.35008e-01
 32   54 2.34028e-01
 32   56 2.03279e-01
 32   58 1.85801e-01
 32   60 1.66984e-01
 32   62 1.56733e-01
 32   64 1.51292e-01
 32   66 1.39884e-01
 32   68 1.44348e-01
 32   70 1.21618e-01
 32   72 1.31235e-01
 32   74 1.25895e-01
 32   76 1.11154e-01
 32   78 1.32826e-01
 32   80 1.13021e-01
 32   82 1.15207e-01
 32   84 1.00514e-01
 32   86 9.32641e-02
 32   88 8.31937e-02
 32   90 1.05332e-01
 33    1 1.12787e-02
 33    3 5.70925e-02
 33    5 1.04084e-01
 33    7 1.53224e-01
 33    9 2.01399e-01
 33   11 2.12491e-01
 33   13 2.31001e-01
 33   15 2.34465e-01
 33   17 2.49475e-01
 33   19 2.94386e-01
 33   21 3.24385e-01
 33   23 3.75311e-01
 33   25 5.21779e-01
 33   27 8.03124e-01
 33   29 1.62783e+00
 33   31 3.80021e+00
 33   33 4.72291e+01
 33   35 3.76204e+00
 33   37 1.56710e+00
 33   39 7.52076e-01
 33   41 4.90407e-01
 33   43 3.34603e-01
 33   45 2.73674e-01
 33   47 2.98642e-01
 33   49 2.61263e-01
 33   51 2.30056e-01
 33   53 2.30824e-01
 33   55 2.20935e-01
 33   57 1.91103e-01
 33   59 1.77280e-01
 33   61 1.52150e-01
 33   63 1.52142e-01
 33   65 1.45115e-01
 33   67 1.34338e-01
 33   69 1.42429e-01
 33   71 1.19790e-01
 33   73 1.27451e-01
 33   75 1.20410e-01
 33   77 1.06785e-01
 33   79 1.21359e-01
 33   81 1.09622e-01
 33   83 1.00687e-01
 33   85 9.78850e-02
 33   87 9.45211e-02
 33   89 8.05427e-02
 33   91 9.57283e-02
 34    2 3.25287e-02
 34    4 7.53860e-02
 34    6 1.22304e-01
 34    8 1.69560e-01
 34   10 1.93869e-01
 34   12 2.09091e-01
 34   14 2.26442e-01
 34   16 2.24988e-01
 34   18 2.48413e-01
 34   20 2.98940e-01
 34   22 3.17337e-01
 34   24 3.62768e-01
 34   26 5.18371e-01
 34   28 7.79414e-01
 34   30 1.56807e+00
 34   32 3.67588e+00
 34   34 4.59038e+01
 34   36 3.63958e+00
 34   38 1.49050e+00
 34   40 7.03483e-01
 34   42 4.81141e-01
 34   44 3.28006e-01
 34   46 2.75425e-01
 34   48 2.86670e-01
 34   50 2.63572e-01
 34   52 2.37593e-01
 34   54 2.22198e-01
 34   56 2.13466e-01
 34   58 1.81198e-01
 34   60 1.61041e-01
 34   62 1.55585e-01
 34   64 1.43922e-01
 34   66 1.32373e-01
 34   68 1.37960e-01
 34   70 1.20266e-01
 34   72 1.27536e-01
 34   74 1.17873e-01
 34   76 1.11380e-01
 34   78 1.17516e-01
 34   80 1.08231e-01
 34   82 1.02637e-01
 34   84 9.57834e-02
 34   86 9.31808e-02
 34   88 8.14285e-02
 34   90 9.00905e-02
 35    1 1.08300e-02
 35    3 5.14538e-02
 35    5 9.29759e-02
 35    7 1.38764e-01
 35    9 1.86935e-01
 35   11 1.87420e-01
 35   13 2.05278e-01
 35   15 2.24258e-01
 35   17 2.19582e-01
 35   19 2.44133e-01
 35   21 2.92500e-01
 35   23 3.11468e-01
 35   25 3.50923e-01
 35   27 4.97482e-01
 35   29 7.47065e-01
 35   31 1.50580e+00
 35   33 3.56291e+00
 35   35 4.46229e+01
 35   37 3.51339e+00
 35   39 1.42144e+00
 35   41 6.74583e-01
 35   43 4.57781e-01
 35   45 3.15833e-01
 35   47 2.56178e-01
 35   49 2.81334e-01
 35   51 2.64645e-01
 35   53 2.22573e-01
 35   55 2.06802e-01
 35   57 1.98410e-01
 35   59 1.73828e-01
 35   61 1.52122e-01
 35   63 1.53321e-01
 35   65 1.35031e-01
 35   67 1.26060e-01
 35   69 1.27636e-01
 35   71 1.13747e-01
 35   73 1.22002e-01
 35   75 1.16995e-01
 35   77 1.14161e-01
 35   79 1.06531e-01
 35   81 1.00639e-01
 35   83 1.01756e-01
 35   85 9.11463e-02
 35   87 8.63000e-02
 35   89 7.64967e-02
 35   91 8.77788e-02
 36    2 2.91462e-02
 36    4 6.86739e-02
 36    6 1.08512e-01
 36    8 1.53412e-01
 36   10 1.81346e-01
 36   12 1.85246e-01
 36   14 2.00267e-01
 36   16 2.23190e-01
 36   18 2.22523e-01
 36   20 2.41230e-01
 36   22 2.90367e-01
 36   24 3.08753e-01
 36   26 3.45737e-01
 36   28 4.83355e-01
 36   30 7.20957e-01
 36   32 1.45770e+00
 36   34 3.45350e+00
 36   36 4.34251e+01
 36   38 3.38729e+00
 36   40 1.37155e+00
 36   42 6.55960e-01
 36   44 4.50647e-01
 36   46 3.10325e-01
 36   48 2.58491e-01
 36   50 2.82484e-01
 36   52 2.52834e-01
 36   54 2.12572e-01
 36   56 1.98305e-01
 36   58 1.93599e-01
 36   60 1.64688e-01
 36   62 1.53781e-01
 36   64 1.37402e-01
 36   66 1.29754e-01
 36   68 1.26145e-01
 36   70 1.12748e-01
 36   72 1.20695e-01
 36   74 1.10852e-01
 36   76 1.08810e-01
 36   78 1.05080e-01
 36   80 1.02682e-01
 36   82 9.72220e-02
 36   84 8.84161e-02
 36   86 8.53006e-02
 36   88 7.85842e-02
 36   90 9.31635e-02
 37    1 9.08416e-03
 37    3 4.69695e-02
 37    5 8.50590e-02
 37    7 1.24077e-01
 37    9 1.67395e-01
 37   11 1.74829e-01
 37   13 1.81600e-01
 37   15 1.94082e-01
 37   17 2.16904e-01
 37   19 2.20238e-01
 37   21 2.39161e-01
 37   23 2.85357e-01
 37   25 2.96501e-01
 37   27 3.35896e-01
 37   29 4.70439e-01
 37   31 6.99191e-01
 37   33 1.41083e+00
 37   35 3.33981e+00
 37   37 4.22871e+01
 37   39 3.28322e+00
 37   41 1.32003e+00
 37   43 6.23812e-01
 37   45 4.29613e-01
 37   47 2.99876e-01
 37   49 2.50600e-01
 37   51 2.65446e-01
 37   53 2.41326e-01
 37   55 2.01622e-01
 37   57 1.88100e-01
 37   59 1.83299e-01
 37   61 1.64010e-01
 37   63 1.50293e-01
 37   65 1.29092e-01
 37   67 1.24480e-01
 37   69 1.23611e-01
 37   71 1.07950e-01
 37   73 1.20479e-01
 37   75 1.04419e-01
 37   77 9.65674e-02
 37   79 1.06826e-01
 37   81 9.86063e-02
 37   83 9.30248e-02
 37   85 8.66462e-02
 37   87 7.33332e-02
 37   89 7.46451e-02
 37   91 9.34664e-02
 38    2 2.59093e-02
 38    4 6.21981e-02
 38    6 1.00634e-01
 38    8 1.38276e-01
 38   10 1.67080e-01
 38   12 1.73922e-01
 38   14 1.83982e-01
 38   16 1.97896e-01
 38   18 2.14261e-01
 38   20 2.18322e-01
 38   22 2.42395e-01
 38   24 2.75876e-01
 38   26 2.89085e-01
 38   28 3.25705e-01
 38   30 4.61095e-01
 38   32 6.74667e-01
 38   34 1.34674e+00
 38   36 3.22548e+00
 38   38 4.12138e+01
 38   40 3.19464e+00
 38   42 1.27509e+00
 38   44 6.09031e-01
 38   46 4.29658e-01
 38   48 3.00195e-01
 38   50 2.34939e-01
 38   52 2.56766e-01
 38   54 2.36025e-01
 38   56 1.99750e-01
 38   58 1.82588e-01
 38   60 1.78320e-01
 38   62 1.70618e-01
 38   64 1.36144e-01
 38   66 1.27119e-01
 38   68 1.21865e-01
 38   70 1.09122e-01
 38   72 1.21342e-01
 38   74 1.00290e-01
 38   76 9.48818e-02
 38   78 1.03331e-01
 38   80 9.61475e-02
 38   82 9.37960e-02
 38   84 8.49323e-02
 38   86 7.07236e-02
 38   88 7.67971e-02
 38   90 8.61922e-02
 39    1 8.15018e-03
 39    3 4.19993e-02
 39    5 7.72203e-02
 39    7 1.13879e-01
 39    9 1.51792e-01
 39   11 1.59927e-01
 39   13 1.67073e-01
 39   15 1.75930e-01
 39   17 1.91799e-01
 39   19 2.07749e-01
 39   21 2.12763e-01
 39   23 2.33291e-01
 39   25 2.72161e-01
 39   27 2.80729e-01
 39   29 3.22678e-01
 39   31 4.52372e-01
 39   33 6.45792e-01
 39   35 1.28878e+00
 39   37 3.13152e+00
 39   39 4.02282e+01
 39   41 3.09866e+00
 39   43 1.22780e+00
 39   45 5.83691e-01
 39   47 4.15587e-01
 39   49 2.85398e-01
 39   51 2.26232e-01
 39   53 2.46741e-01
 39   55 2.27823e-01
 39   57 1.88680e-01
 39   59 1.79394e-01
 39   61 1.73326e-01
 39   63 1.56275e-01
 39   65 1.27063e-01
 39   67 1.20220e-01
 39   69 1.16266e-01
 39   71 1.11259e-01
 39   73 1.10410e-01
 39   75 9.92851e-02
 39   77 9.06070e-02
 39   79 9.83213e-02
 39   81 9.34114e-02
 39   83 9.96587e-02
 39   85 8.34152e-02
 39   87 7.43190e-02
 39   89 7.62161e-02
 39   91 7.66472e-02
 40    2 2.45443e-02
 40    4 5.73269e-02
 40    6 9.24321e-02
 40    8 1.30881e-01
 40   10 1.51745e-01
 40   12 1.62388e-01
 40   14 1.71736e-01
 40   16 1.76506e-01
 40   18 1.90446e-01
 40   20 2.09991e-01
 40   22 2.04642e-01
 40   24 2.38519e-01
 40   26 2.74644e-01
 40   28 2.73251e-01
 40   30 3.07483e-01
 40   32 4.25308e-01
 40   34 6.07212e-01
 40   36 1.24764e+00
 40   38 3.05181e+00
 40   40 3.92560e+01
 40   42 3.01518e+00
 40   44 1.19930e+00
 40   46 5.62510e-01
 40   48 3.96935e-01
 40   50 2.79228e-01
 40   52 2.20758e-01
 40   54 2.36076e-01
 40   56 2.22668e-01
 40   58 1.92413e-01
 40   60 1.80241e-01
 40   62 1.65287e-01
 40   64 1.39708e-01
 40   66 1.29456e-01
 40   68 1.18813e-01
 40   70 1.11059e-01
 40   72 1.07283e-01
 40   74 9.56886e-02
 40   76 9.00708e-02
 40   78 9.67684e-02
 40   80 9.05211e-02
 40   82 9.56922e-02
 40   84 7.88056e-02
 40   86 7.35168e-02
 40   88 7.63083e-02
 40   90 7.96425e-02
 41    1 7.81882e-03
 41    3 3.91084e-02
 41    5 7.21844e-02
 41    7 1.05850e-01
 41    9 1.41087e-01
 41   11 1.45876e-01
 41   13 1.60333e-01
 41   15 1.66151e-01
 41   17 1.69109e-01
 41   19 1.90344e-01
 41   21 2.04701e-01
 41   23 2.04692e-01
 41   25 2.32535e-01
 41   27 2.69998e-01
 41   29 2.58896e-01
 41   31 2.91906e-01
 41   33 4.02878e-01
 41   35 5.85155e-01
 41   37 1.20455e+00
 41   39 2.96456e+00
 41   41 3.83758e+01
 41   43 2.93041e+00
 41   45 1.15153e+00
 41   47 5.33164e-01
 41   49 3.86806e-01
 41   51 2.73234e-01
 41   53 2.10280e-01
 41   55 2.24931e-01
 41   57 2.25808e-01
 41   59 1.89260e-01
 41   61 1.68487e-01
 41   63 1.54739e-01
 41   65 1.36102e-01
 41   67 1.22574e-01
 41   69 1.17758e-01
 41   71 1.10475e-01
 41   73 1.05561e-01
 41   75 9.32862e-02
 41   77 8.57933e-02
 41   79 9.28260e-02
 41   81 9.03449e-02
 41   83 8.62093e-02
 41   85 7.62006e-02
 41   87 6.84490e-02
 41   89 6.94279e-02
 41   91 8.82502e-02
 42    2 2.30116e-02
 42    4 5.43859e-02
 42    6 8.72180e-02
 42    8 1.21524e-01
 42   10 1.43003e-01
 42   12 1.49575e-01
 42   14 1.55120e-01
 42   16 1.62925e-01
 42   18 1.69108e-01
 42   20 1.83319e-01
 42   22 2.04262e-01
 42   24 2.07381e-01
 42   26 2.27741e-01
 42   28 2.54424e-01
 42   30 2.46514e-01
 42   32 2.75604e-01
 42   34 3.97895e-01
 42   36 5.71694e-01
 42   38 1.16704e+00
 42   40 2.88883e+00
 42   42 3.75237e+01
 42   44 2.85434e+00
 42   46 1.10643e+00
 42   48 5.16288e-01
 42   50 3.77485e-01
 42   52 2.69703e-01
 42   54 2.09205e-01
 42   56 2.27293e-01
 42   58 2.19441e-01
 42   60 1.76017e-01
 42   62 1.58826e-01
 42   64 1.43608e-01
 42   66 1.33751e-01
 42   68 1.18629e-01
 42   70 1.09008e-01
 42   72 1.07543e-01
 42   74 9.31550e-02
 42   76 8.73626e-02
 42   78 9.21054e-02
 42   80 9.22441e-02
 42   82 8.43070e-02
 42   84 7.58798e-02
 42   86 6.74831e-02
 42   88 7.36349e-02
 42   90 8.71144e-02
 43    1 7.41530e-03
 43    3 3.68182e-02
 43    5 6.72603e-02
 43    7 1.00320e-01
 43    9 1.33636e-01
 43   11 1.39634e-01
 43   13 1.46196e-01
 43   15 1.53076e-01
 43   17 1.61510e-01
 43   19 1.66853e-01
 43   21 1.84706e-01
 43   23 2.03897e-01
 43   25 2.06687e-01
 43   27 2.18619e-01
 43   29 2.47596e-01
 43   31 2.29522e-01
 43   33 2.63726e-01
 43   35 3.80978e-01
 43   37 5.46136e-01
 43   39 1.12699e+00
 43   41 2.81148e+00
 43   43 3.67093e+01
 43   45 2.76883e+00
 43   47 1.07344e+00
 43   49 5.00812e-01
 43   51 3.64477e-01
 43   53 2.63633e-01
 43   55 2.05165e-01
 43   57 2.21476e-01
 43   59 2.09360e-01
 43   61 1.68640e-01
 43   63 1.49629e-01
 43   65 1.34246e-01
 43   67 1.25050e-01
 43   69 1.13111e-01
 43   71 1.02227e-01
 43   73 1.05661e-01
 43   75 9.07440e-02
 43   77 9.03385e-02
 43   79 8.87843e-02
 43   81 8.64887e-02
 43   83 8.75650e-02
 43   85 7.32892e-02
 43   87 6.59010e-02
 43   89 7.45529e-02
 43   91 7.60871e-02
 44    2 2.21217e-02
 44    4 5.22831e-02
 44    6 8.07307e-02
 44    8 1.12996e-01
 44   10 1.35642e-01
 44   12 1.37839e-01
 44   14 1.44014e-01
 44   16 1.52177e-01
 44   18 1.54909e-01
 44   20 1.64115e-01
 44   22 1.84020e-01
 44   24 1.98963e-01
 44   26 1.91152e-01
 44   28 2.17128e-01
 44   30 2.35943e-01
 44   32 2.22796e-01
 44   34 2.60590e-01
 44   36 3.77314e-01
 44   38 5.35505e-01
 44   40 1.10387e+00
 44   42 2.74212e+00
 44   44 3.59412e+01
 44   46 2.70459e+00
 44   48 1.04199e+00
 44   50 4.78855e-01
 44   52 3.61110e-01
 44   54 2.64111e-01
 44   56 2.01380e-01
 44   58 2.02069e-01
 44   60 1.98826e-01
 44   62 1.63122e-01
 44   64 1.38445e-01
 44   66 1.37162e-01
 44   68 1.23701e-01
 44   70 1.07050e-01
 44   72 1.05339e-01
 44   74 9.08738e-02
 44   76 9.39840e-02
 44   78 9.15417e-02
 44   80 8.42570e-02
 44   82 8.56790e-02
 44   84 7.25149e-02
 44   86 6.68677e-02
 44   88 7.64008e-02
 44   90 7.50238e-02
 45    1 7.11536e-03
 45    3 3.57693e-02
 45    5 6.62172e-02
 45    7 9.29419e-02
 45    9 1.26036e-01
 45   11 1.31984e-01
 45   13 1.37564e-01
 45   15 1.43205e-01
 45   17 1.46282e-01
 45   19 1.54727e-01
 45   21 1.63753e-01
 45   23 1.85784e-01
 45   25 1.91337e-01
 45   27 1.86210e-01
 45   29 2.05469e-01
 45   31 2.26339e-01
 45   33 2.07486e-01
 45   35 2.52832e-01
 45   37 3.61790e-01
 45   39 5.15357e-01
 45   41 1.06271e+00
 45   43 2.66335e+00
 45   45 3.51971e+01
 45   47 2.63861e+00
 45   49 1.00959e+00
 45   51 4.64054e-01
 45   53 3.51525e-01
 45   55 2.56296e-01
 45   57 1.93275e-01
 45   59 1.96229e-01
 45   61 1.95372e-01
 45   63 1.54237e-01
 45   65 1.31359e-01
 45   67 1.31074e-01
 45   69 1.18230e-01
 45   71 1.04533e-01
 45   73 1.01368e-01
 45   75 8.89666e-02
 45   77 9.03622e-02
 45   79 8.74494e-02
 45   81 8.34774e-02
 45   83 8.08801e-02
 45   85 6.98272e-02
 45   87 6.27420e-02
 45   89 6.97467e-02
 45   91 7.59189e-02
 46    2 2.08204e-02
 46    4 4.86091e-02
 46    6 7.90406e-02
 46    8 1.10491e-01
 46   10 1.29406e-01
 46   12 1.32970e-01
 46   14 1.35366e-01
 46   16 1.37324e-01
 46   18 1.49301e-01
 46   20 1.57005e-01
 46   22 1.66054e-01
 46   24 1.73815e-01
 46   26 1.81789e-01
 46   28 1.75012e-01
 46   30 1.96187e-01
 46   32 2.20112e-01
 46   34 2.10738e-01
 46   36 2.50235e-01
 46   38 3.63841e-01
 46   40 4.98636e-01
 46   42 1.02369e+00
 46   44 2.60475e+00
 46   46 3.45185e+01
 46   48 2.57132e+00
 46   50 9.82628e-01
 46   52 4.47234e-01
 46   54 3.39216e-01
 46   56 2.47212e-01
 46   58 1.81111e-01
 46   60 1.87734e-01
 46   62 1.88538e-01
 46   64 1.57962e-01
 46   66 1.39791e-01
 46   68 1.24683e-01
 46   70 1.10303e-01
 46   72 1.06232e-01
 46   74 9.11356e-02
 46   76 9.07034e-02
 46   78 8.89707e-02
 46   80 8.45313e-02
 46   82 7.80991e-02
 46   84 6.77606e-02
 46   86 6.11652e-02
 46   88 7.37511e-02
 46   90 7.42975e-02
 47    1 6.58428e-03
 47    3 3.42812e-02
 47    5 6.08920e-02
 47    7 9.23831e-02
 47    9 1.22996e-01
 47   11 1.25136e-01
 47   13 1.28805e-01
 47   15 1.29705e-01
 47   17 1.37325e-01
 47   19 1.46172e-01
 47   21 1.56501e-01
 47   23 1.55897e-01
 47   25 1.68176e-01
 47   27 1.72958e-01
 47   29 1.69576e-01
 47   31 1.88119e-01
 47   33 2.18315e-01
 47   35 1.97739e-01
 47   37 2.43500e-01
 47   39 3.53805e-01
 47   41 4.74435e-01
 47   43 9.95607e-01
 47   45 2.54420e+00
 47   47 3.38348e+01
 47   49 2.51247e+00
 47   51 9.50301e-01
 47   53 4.22939e-01
 47   55 3.22094e-01
 47   57 2.42410e-01
 47   59 1.78514e-01
 47   61 1.77837e-01
 47   63 1.79939e-01
 47   65 1.53459e-01
 47   67 1.31523e-01
 47   69 1.19451e-01
 47   71 1.13094e-01
 47   73 1.05500e-01
 47   75 8.72754e-02
 47   77 8.10840e-02
 47   79 8.72922e-02
 47   81 8.34091e-02
 47   83 7.97330e-02
 47   85 6.86086e-02
 47   87 6.05008e-02
 47   89 7.15879e-02
 47   91 6.93340e-02
 48    2 2.15814e-02
 48    4 4.82533e-02
 48    6 7.55327e-02
 48    8 1.02051e-01
 48   10 1.23039e-01
 48   12 1.28056e-01
 48   14 1.32588e-01
 48   16 1.32568e-01
 48   18 1.33659e-01
 48   20 1.45646e-01
 48   22 1.44754e-01
 48   24 1.48029e-01
 48   26 1.59879e-01
 48   28 1.67392e-01
 48   30 1.62860e-01
 48   32 1.92579e-01
 48   34 2.11736e-01
 48   36 2.01210e-01
 48   38 2.45394e-01
 48   40 3.39661e-01
 48   42 4.61114e-01
 48   44 9.68727e-01
 48   46 2.48215e+00
 48   48 3.32377e+01
 48   50 2.45417e+00
 48   52 9.17670e-01
 48   54 4.01040e-01
 48   56 3.11173e-01
 48   58 2.37397e-01
 48   60 1.75879e-01
 48   62 1.77012e-01
 48   64 1.77735e-01
 48   66 1.50723e-01
 48   68 1.24008e-01
 48   70 1.17611e-01
 48   72 1.07086e-01
 48   74 8.73530e-02
 48   76 8.50209e-02
 48   78 8.72991e-02
 48   80 8.25753e-02
 48   82 7.95376e-02
 48   84 6.81838e-02
 48   86 6.27652e-02
 48   88 7.48290e-02
 48   90 7.19257e-02
 49    1 7.20712e-03
 49    3 3.40801e-02
 49    5 5.92696e-02
 49    7 8.67395e-02
 49    9 1.15111e-01
 49   11 1.19613e-01
 49   13 1.27057e-01
 49   15 1.29837e-01
 49   17 1.26534e-01
 49   19 1.32820e-01
 49   21 1.35848e-01
 49   23 1.37571e-01
 49   25 1.41349e-01
 49   27 1.55039e-01
 49   29 1.55400e-01
 49   31 1.62829e-01
 49   33 1.84571e-01
 49   35 2.09858e-01
 49   37 1.96648e-01
 49   39 2.34803e-01
 49   41 3.32630e-01
 49   43 4.48885e-01
 49   45 9.40750e-01
 49   47 2.42802e+00
 49   49 3.26082e+01
 49   51 2.38615e+00
 49   53 8.87267e-01
 49   55 3.83893e-01
 49   57 3.02396e-01
 49   59 2.32336e-01
 49   61 1.75076e-01
 49   63 1.72717e-01
 49   65 1.69510e-01
 49   67 1.47395e-01
 49   69 1.23508e-01
 49   71 1.16825e-01
 49   73 1.02613e-01
 49   75 8.24263e-02
 49   77 8.00766e-02
 49   79 8.23914e-02
 49   81 7.61041e-02
 49   83 7.85525e-02
 49   85 6.44211e-02
 49   87 5.57875e-02
 49   89 6.90579e-02
 49   91 7.53296e-02
 50    2 1.79960e-02
 50    4 4.47017e-02
 50    6 7.31265e-02
 50    8 1.04080e-01
 50   10 1.24780e-01
 50   12 1.22968e-01
 50   14 1.22927e-01
 50   16 1.22149e-01
 50   18 1.28089e-01
 50   20 1.34206e-01
 50   22 1.34732e-01
 50   24 1.31380e-01
 50   26 1.36054e-01
 50   28 1.47763e-01
 50   30 1.57660e-01
 50   32 1.59400e-01
 50   34 1.88333e-01
 50   36 2.12722e-01
 50   38 1.85794e-01
 50   40 2.31154e-01
 50   42 3.26161e-01
 50   44 4.30681e-01
 50   46 9.17649e-01
 50   48 2.37422e+00
 50   50 3.20397e+01
 50   52 2.32481e+00
 50   54 8.54191e-01
 50   56 3.68425e-01
 50   58 2.92261e-01
 50   60 2.37265e-01
 50   62 1.73322e-01
 50   64 1.66673e-01
 50   66 1.68738e-01
 50   68 1.42321e-01
 50   70 1.18788e-01
 50   72 1.05182e-01
 50   74 8.88339e-02
 50   76 8.72085e-02
 50   78 8.39968e-02
 50   80 8.03347e-02
 50   82 7.92858e-02
 50   84 6.39842e-02
 50   86 5.52864e-02
 50   88 7.50553e-02
 50   90 8.11649e-02
 51    1 5.57772e-03
 51    3 3.00164e-02
 51    5 5.75466e-02
 51    7 8.70930e-02
 51    9 1.15823e-01
 51   11 1.20169e-01
 51   13 1.21222e-01
 51   15 1.17958e-01
 51   17 1.22484e-01
 51   19 1.25444e-01
 51   21 1.26708e-01
 51   23 1.25898e-01
 51   25 1.23659e-01
 51   27 1.27279e-01
 51   29 1.45614e-01
 51   31 1.52155e-01
 51   33 1.57392e-01
 51   35 1.91176e-01
 51   37 2.01720e-01
 51   39 1.80249e-01
 51   41 2.27545e-01
 51   43 3.16371e-01
 51   45 4.18757e-01
 51   47 8.89360e-01
 51   49 2.31080e+00
 51   51 3.14756e+01
 51   53 2.27014e+00
 51   55 8.30440e-01
 51   57 3.53559e-01
 51   59 2.82546e-01
 51   61 2.34633e-01
 51   63 1.66755e-01
 51   65 1.61714e-01
 51   67 1.64253e-01
 51   69 1.37533e-01
 51   71 1.11387e-01
 51   73 1.00860e-01
 51   75 8.61991e-02
 51   77 8.17291e-02
 51   79 8.01567e-02
 51   81 8.17602e-02
 51   83 7.83301e-02
 51   85 6.10931e-02
 51   87 5.90832e-02
 51   89 7.74565e-02
 51   91 7.11440e-02
 52    2 2.09503e-02
 52    4 4.78436e-02
 52    6 7.19975e-02
 52    8 9.66307e-02
 52   10 1.13792e-01
 52   12 1.18551e-01
 52   14 1.23672e-01
 52   16 1.25291e-01
 52   18 1.21024e-01
 52   20 1.15298e-01
 52   22 1.09165e-01
 52   24 1.14543e-01
 52   26 1.14427e-01
 52   28 1.26442e-01
 52   30 1.47787e-01
 52   32 1.53857e-01
 52   34 1.64574e-01
 52   36 1.84568e-01
 52   38 1.96841e-01
 52   40 1.77157e-01
 52   42 2.25902e-01
 52   44 3.14842e-01
 52   46 4.04878e-01
 52   48 8.60603e-01
 52   50 2.25366e+00
 52   52 3.09404e+01
 52   54 2.21668e+00
 52   56 8.11343e-01
 52   58 3.45077e-01
 52   60 2.77260e-01
 52   62 2.30217e-01
 52   64 1.72004e-01
 52   66 1.61220e-01
 52   68 1.53493e-01
 52   70 1.29662e-01
 52   72 1.05913e-01
 52   74 9.14889e-02
 52   76 9.16234e-02
 52   78 8.72341e-02
 52   80 8.21737e-02
 52   82 7.84400e-02
 52   84 6.18054e-02
 52   86 6.02790e-02
 52   88 8.04923e-02
 52   90 6.89492e-02
 53    1 6.95946e-03
 53    3 3.42537e-02
 53    5 5.89665e-02
 53    7 8.14240e-02
 53    9 1.07606e-01
 53   11 1.12505e-01
 53   13 1.19429e-01
 53   15 1.25031e-01
 53   17 1.19345e-01
 53   19 1.15405e-01
 53   21 1.06355e-01
 53   23 1.05412e-01
 53   25 1.07119e-01
 53   27 1.14108e-01
 53   29 1.25123e-01
 53   31 1.47294e-01
 53   33 1.53234e-01
 53   35 1.56015e-01
 53   37 1.77952e-01
 53   39 1.90759e-01
 53   41 1.69924e-01
 53   43 2.22050e-01
 53   45 3.07804e-01
 53   47 3.84077e-01
 53   49 8.33765e-01
 53   51 2.20281e+00
 53   53 3.04553e+01
 53   55 2.16587e+00
 53   57 7.88888e-01
 53   59 3.32185e-01
 53   61 2.64606e-01
 53   63 2.26993e-01
 53   65 1.69435e-01
 53   67 1.52672e-01
 53   69 1.46103e-01
 53   71 1.23865e-01
 53   73 1.00048e-01
 53   75 8.35803e-02
 53   77 8.89863e-02
 53   79 8.46387e-02
 53   81 7.79890e-02
 53   83 7.56552e-02
 53   85 6.23001e-02
 53   87 5.80931e-02
 53   89 7.28226e-02
 53   91 7.83959e-02
 54    2 1.72265e-02
 54    4 4.18506e-02
 54    6 7.27665e-02
 54    8 1.03185e-01
 54   10 1.22271e-01
 54   12 1.19260e-01
 54   14 1.13527e-01
 54   16 1.04984e-01
 54   18 1.06390e-01
 54   20 1.00399e-01
 54   22 1.02060e-01
 54   24 1.02075e-01
 54   26 1.10244e-01
 54   28 1.20119e-01
 54   30 1.28998e-01
 54   32 1.48813e-01
 54   34 1.49488e-01
 54   36 1.50717e-01
 54   38 1.75741e-01
 54   40 1.84006e-01
 54   42 1.70193e-01
 54   44 2.23654e-01
 54   46 2.98265e-01
 54   48 3.65293e-01
 54   50 8.04253e-01
 54   52 2.15298e+00
 54   54 2.99556e+01
 54   56 2.12502e+00
 54   58 7.66216e-01
 54   60 3.20365e-01
 54   62 2.58459e-01
 54   64 2.33904e-01
 54   66 1.68346e-01
 54   68 1.43633e-01
 54   70 1.37286e-01
 54   72 1.21065e-01
 54   74 9.56166e-02
 54   76 9.82029e-02
 54   78 9.00757e-02
 54   80 8.15710e-02
 54   82 7.63281e-02
 54   84 6.45883e-02
 54   86 5.61913e-02
 54   88 7.31557e-02
 54   90 7.36461e-02
 55    1 5.46006e-03
 55    3 2.76370e-02
 55    5 5.68877e-02
 55    7 8.73107e-02
 55    9 1.16183e-01
 55   11 1.19252e-01
 55   13 1.17417e-01
 55   15 1.03210e-01
 55   17 1.03385e-01
 55   19 9.82778e-02
 55   21 9.69341e-02
 55   23 9.59665e-02
 55   25 1.00094e-01
 55   27 1.06162e-01
 55   29 1.16556e-01
 55   31 1.27574e-01
 55   33 1.42586e-01
 55   35 1.40924e-01
 55   37 1.44536e-01
 55   39 1.71229e-01
 55   41 1.76703e-01
 55   43 1.67993e-01
 55   45 2.18171e-01
 55   47 2.84355e-01
 55   49 3.50702e-01
 55   51 7.83377e-01
 55   53 2.10557e+00
 55   55 2.95111e+01
 55   57 2.07269e+00
 55   59 7.43249e-01
 55   61 3.09095e-01
 55   63 2.49075e-01
 55   65 2.27085e-01
 55   67 1.66472e-01
 55   69 1.38814e-01
 55   71 1.33526e-01
 55   73 1.14026e-01
 55   75 9.56614e-02
 55   77 9.32254e-02
 55   79 8.69217e-02
 55   81 8.35417e-02
 55   83 7.61575e-02
 55   85 6.35895e-02
 55   87 5.23599e-02
 55   89 7.87913e-02
 55   91 7.11009e-02
 56    2 2.31982e-02
 56    4 5.00124e-02
 56    6 7.00841e-02
 56    8 9.13252e-02
 56   10 1.07703e-01
 56   12 1.08690e-01
 56   14 1.15106e-01
 56   16 1.12350e-01
 56   18 9.84857e-02
 56   20 9.64886e-02
 56   22 8.92748e-02
 56   24 9.23747e-02
 56   26 1.01990e-01
 56   28 1.11328e-01
 56   30 1.18416e-01
 56   32 1.25775e-01
 56   34 1.39741e-01
 56   36 1.36811e-01
 56   38 1.44721e-01
 56   40 1.68875e-01
 56   42 1.79922e-01
 56   44 1.65934e-01
 56   46 2.11507e-01
 56   48 2.75794e-01
 56   50 3.37533e-01
 56   52 7.66780e-01
 56   54 2.06772e+00
 56   56 2.90588e+01
 56   58 2.02614e+00
 56   60 7.26379e-01
 56   62 2.99292e-01
 56   64 2.44672e-01
 56   66 2.20500e-01
 56   68 1.58601e-01
 56   70 1.31342e-01
 56   72 1.25121e-01
 56   74 1.13842e-01
 56   76 1.03334e-01
 56   78 9.12599e-02
 56   80 8.39028e-02
 56   82 7.77753e-02
 56   84 6.33175e-02
 56   86 5.62648e-02
 56   88 7.98008e-02
 56   90 6.65015e-02
 57    1 7.96043e-03
 57    3 3.74938e-02
 57    5 5.88698e-02
 57    7 7.98950e-02
 57    9 1.01954e-01
 57   11 1.07197e-01
 57   13 1.09890e-01
 57   15 1.14338e-01
 57   17 1.01076e-01
 57   19 9.59788e-02
 57   21 8.73757e-02
 57   23 8.52129e-02
 57   25 8.89179e-02
 57   27 1.00593e-01
 57   29 1.08472e-01
 57   31 1.13056e-01
 57   33 1.20113e-01
 57   35 1.31676e-01
 57   37 1.31321e-01
 57   39 1.38107e-01
 57   41 1.72761e-01
 57   43 1.76614e-01
 57   45 1.60229e-01
 57   47 2.08420e-01
 57   49 2.69039e-01
 57   51 3.24814e-01
 57   53 7.46903e-01
 57   55 2.01858e+00
 57   57 2.86331e+01
 57   59 1.97912e+00
 57   61 7.07422e-01
 57   63 2.93604e-01
 57   65 2.35895e-01
 57   67 2.13873e-01
 57   69 1.58780e-01
 57   71 1.28682e-01
 57   73 1.20598e-01
 57   75 1.07000e-01
 57   77 9.50885e-02
 57   79 8.86624e-02
 57   81 8.02384e-02
 57   83 7.53431e-02
 57   85 5.73485e-02
 57   87 6.01954e-02
 57   89 7.65799e-02
 57   91 7.06789e-02
 58    2 1.49425e-02
 58    4 3.89729e-02
 58    6 6.82347e-02
 58    8 1.02320e-01
 58   10 1.24951e-01
 58   12 1.22056e-01
 58   14 1.06998e-01
 58   16 8.67096e-02
 58   18 8.44348e-02
 58   20 8.20661e-02
 58   22 8.68418e-02
 58   24 9.21878e-02
 58   26 1.03910e-01
 58   28 1.08807e-01
 58   30 1.09731e-01
 58   32 1.12056e-01
 58   34 1.15620e-01
 58   36 1.30189e-01
 58   38 1.28944e-01
 58   40 1.42242e-01
 58   42 1.69317e-01
 58   44 1.62294e-01
 58   46 1.51037e-01
 58   48 2.05088e-01
 58   50 2.60988e-01
 58   52 3.17882e-01
 58   54 7.26715e-01
 58   56 1.97493e+00
 58   58 2.82278e+01
 58   60 1.93671e+00
 58   62 6.92643e-01
 58   64 2.83100e-01
 58   66 2.23063e-01
 58   68 2.07420e-01
 58   70 1.55086e-01
 58   72 1.24038e-01
 58   74 1.16385e-01
 58   76 1.12653e-01
 58   78 9.53595e-02
 58   80 8.51526e-02
 58   82 7.85911e-02
 58   84 6.17684e-02
 58   86 6.06662e-02
 58   88 7.86938e-02
 58   90 7.06589e-02
 59    1 4.41850e-03
 59    3 2.50640e-02
 59    5 5.20321e-02
 59    7 8.44587e-02
 59    9 1.17126e-01
 59   11 1.19530e-01
 59   13 1.12723e-01
 59   15 8.93706e-02
 59   17 8.25855e-02
 59   19 7.83985e-02
 59   21 7.81476e-02
 59   23 8.25223e-02
 59   25 9.96141e-02
 59   27 1.01091e-01
 59   29 1.04146e-01
 59   31 1.03456e-01
 59   33 1.08700e-01
 59   35 1.12540e-01
 59   37 1.24840e-01
 59   39 1.28100e-01
 59   41 1.41258e-01
 59   43 1.62870e-01
 59   45 1.58701e-01
 59   47 1.49730e-01
 59   49 2.01652e-01
 59   51 2.53227e-01
 59   53 3.06815e-01
 59   55 7.06144e-01
 59   57 1.93072e+00
 59   59 2.78321e+01
 59   61 1.89429e+00
 59   63 6.76449e-01
 59   65 2.73978e-01
 59   67 2.15757e-01
 59   69 2.02363e-01
 59   71 1.55109e-01
 59   73 1.20081e-01
 59   75 1.09735e-01
 59   77 1.09634e-01
 59   79 9.13159e-02
 59   81 8.27313e-02
 59   83 7.66949e-02
 59   85 6.10984e-02
 59   87 5.74901e-02
 59   89 7.74860e-02
 59   91 7.21493e-02
 60    2 2.39799e-02
 60    4 5.07860e-02
 60    6 7.19796e-02
 60    8 8.93593e-02
 60   10 1.01932e-01
 60   12 9.65888e-02
 60   14 9.46588e-02
 60   16 9.38311e-02
 60   18 8.80257e-02
 60   20 8.93652e-02
 60   22 9.23554e-02
 60   24 9.78819e-02
 60   26 9.23053e-02
 60   28 9.17829e-02
 60   30 9.75131e-02
 60   32 9.83253e-02
 60   34 1.00327e-01
 60   36 1.08128e-01
 60   38 1.22951e-01
 60   40 1.30091e-01
 60   42 1.32600e-01
 60   44 1.55912e-01
 60   46 1.52857e-01
 60   48 1.48349e-01
 60   50 2.06866e-01
 60   52 2.49368e-01
 60   54 2.96662e-01
 60   56 6.91276e-01
 60   58 1.89091e+00
 60   60 2.74530e+01
 60   62 1.85003e+00
 60   64 6.57590e-01
 60   66 2.63004e-01
 60   68 2.04967e-01
 60   70 1.99689e-01
 60   72 1.52077e-01
 60   74 1.22400e-01
 60   76 1.18382e-01
 60   78 1.04803e-01
 60   80 8.99279e-02
 60   82 7.78273e-02
 60   84 6.34177e-02
 60   86 5.82565e-02
 60   88 8.40081e-02
 60   90 7.15481e-02
 61    1 8.28805e-03
 61    3 3.86322e-02
 61    5 6.17983e-02
 61    7 7.89058e-02
 61    9 9.57842e-02
 61   11 9.70822e-02
 61   13 9.14307e-02
 61   15 9.24648e-02
 61   17 8.62181e-02
 61   19 8.41882e-02
 61   21 8.63684e-02
 61   23 9.35414e-02
 61   25 8.98259e-02
 61   27 8.91513e-02
 61   29 8.73909e-02
 61   31 9.20519e-02
 61   33 9.11585e-02
 61   35 9.62353e-02
 61   37 1.09149e-01
 61   39 1.20936e-01
 61   41 1.22878e-01
 61   43 1.28192e-01
 61   45 1.54394e-01
 61   47 1.45751e-01
 61   49 1.48479e-01
 61   51 2.05478e-01
 61   53 2.38808e-01
 61   55 2.86949e-01
 61   57 6.74342e-01
 61   59 1.85098e+00
 61   61 2.71093e+01
 61   63 1.80619e+00
 61   65 6.45548e-01
 61   67 2.57024e-01
 61   69 2.00498e-01
 61   71 1.94274e-01
 61   73 1.49884e-01
 61   75 1.17132e-01
 61   77 1.11324e-01
 61   79 1.01355e-01
 61   81 8.66071e-02
 61   83 7.62678e-02
 61   85 6.27210e-02
 61   87 5.69928e-02
 61   89 8.10624e-02
 61   91 7.05384e-02
 62    2 1.31646e-02
 62    4 3.57415e-02
 62    6 6.42094e-02
 62    8 9.59822e-02
 62   10 1.16283e-01
 62   12 1.15538e-01
 62   14 1.04189e-01
 62   16 7.93990e-02
 62   18 7.64670e-02
 62   20 7.60472e-02
 62   22 8.08140e-02
 62   24 8.33628e-02
 62   26 8.38105e-02
 62   28 8.99268e-02
 62   30 9.00120e-02
 62   32 9.02502e-02
 62   34 9.47868e-02
 62   36 9.87354e-02
 62   38 1.15041e-01
 62   40 1.16663e-01
 62   42 1.17005e-01
 62   44 1.25088e-01
 62   46 1.50119e-01
 62   48 1.46006e-01
 62   50 1.47777e-01
 62   52 2.02483e-01
 62   54 2.34048e-01
 62   56 2.78535e-01
 62   58 6.61317e-01
 62   60 1.80915e+00
 62   62 2.67351e+01
 62   64 1.76293e+00
 62   66 6.22814e-01
 62   68 2.51659e-01
 62   70 1.94366e-01
 62   72 1.89835e-01
 62   74 1.54330e-01
 62   76 1.26794e-01
 62   78 1.07502e-01
 62   80 9.44924e-02
 62   82 8.27115e-02
 62   84 6.66437e-02
 62   86 6.27689e-02
 62   88 8.74008e-02
 62   90 7.41651e-02
 63    1 4.02341e-03
 63    3 2.25646e-02
 63    5 4.78116e-02
 63    7 7.87565e-02
 63    9 1.08138e-01
 63   11 1.12378e-01
 63   13 1.10810e-01
 63   15 8.67582e-02
 63   17 7.48810e-02
 63   19 7.30304e-02
 63   21 7.58512e-02
 63   23 7.98298e-02
 63   25 8.13954e-02
 63   27 8.19923e-02
 63   29 8.67148e-02
 63   31 8.19034e-02
 63   33 8.92082e-02
 63   35 9.49243e-02
 63   37 9.78859e-02
 63   39 1.06712e-01
 63   41 1.10443e-01
 63   43 1.11314e-01
 63   45 1.19286e-01
 63   47 1.44328e-01
 63   49 1.43353e-01
 63   51 1.42918e-01
 63   53 2.00491e-01
 63   55 2.26295e-01
 63   57 2.73902e-01
 63   59 6.46876e-01
 63   61 1.76765e+00
 63   63 2.64379e+01
 63   65 1.71930e+00
 63   67 6.10545e-01
 63   69 2.48691e-01
 63   71 1.87390e-01
 63   73 1.84738e-01
 63   75 1.51015e-01
 63   77 1.26721e-01
 63   79 1.02760e-01
 63   81 9.38253e-02
 63   83 8.10834e-02
 63   85 6.34991e-02
 63   87 5.96380e-02
 63   89 8.50934e-02
 63   91 7.35407e-02
 64    2 2.39066e-02
 64    4 5.11562e-02
 64    6 7.23028e-02
 64    8 8.77963e-02
 64   10 9.72023e-02
 64   12 8.57312e-02
 64   14 7.61872e-02
 64   16 7.63180e-02
 64   18 7.93732e-02
 64   20 8.59883e-02
 64   22 9.48124e-02
 64   24 9.11697e-02
 64   26 8.85540e-02
 64   28 8.12698e-02
 64   30 8.17814e-02
 64   32 8.53227e-02
 64   34 8.58752e-02
 64   36 8.64025e-02
 64   38 8.99059e-02
 64   40 9.65774e-02
 64   42 1.03615e-01
 64   44 1.03978e-01
 64   46 1.23184e-01
 64   48 1.43582e-01
 64   50 1.39180e-01
 64   52 1.48167e-01
 64   54 2.07450e-01
 64   56 2.23013e-01
 64   58 2.64730e-01
 64   60 6.29816e-01
 64   62 1.72662e+00
 64   64 2.60886e+01
 64   66 1.67166e+00
 64   68 5.99138e-01
 64   70 2.48624e-01
 64   72 1.84620e-01
 64   74 1.88125e-01
 64   76 1.59718e-01
 64   78 1.14103e-01
 64   80 9.95301e-02
 64   82 8.67190e-02
 64   84 6.74775e-02
 64   86 6.47029e-02
 64   88 9.30707e-02
 64   90 7.62274e-02
 65    1 8.39317e-03
 65    3 3.89212e-02
 65    5 6.21084e-02
 65    7 7.83650e-02
 65    9 9.26420e-02
 65   11 8.87157e-02
 65   13 7.70602e-02
 65   15 7.07617e-02
 65   17 7.54371e-02
 65   19 7.97211e-02
 65   21 8.90585e-02
 65   23 9.25502e-02
 65   25 8.53147e-02
 65   27 8.31689e-02
 65   29 7.39514e-02
 65   31 8.42153e-02
 65   33 8.33981e-02
 65   35 8.19400e-02
 65   37 8.24078e-02
 65   39 8.50415e-02
 65   41 9.52119e-02
 65   43 9.78862e-02
 65   45 9.95742e-02
 65   47 1.20643e-01
 65   49 1.37897e-01
 65   51 1.35844e-01
 65   53 1.46681e-01
 65   55 2.02219e-01
 65   57 2.15695e-01
 65   59 2.56796e-01
 65   61 6.19224e-01
 65   63 1.68515e+00
 65   65 2.58169e+01
 65   67 1.63435e+00
 65   69 5.87846e-01
 65   71 2.44953e-01
 65   73 1.82411e-01
 65   75 1.81645e-01
 65   77 1.50806e-01
 65   79 1.15124e-01
 65   81 9.60402e-02
 65   83 8.34211e-02
 65   85 6.34518e-02
 65   87 6.36114e-02
 65   89 9.14941e-02
 65   91 7.67208e-02
 66    2 1.38214e-02
 66    4 3.50553e-02
 66    6 6.12152e-02
 66    8 8.87228e-02
 66   10 1.07740e-01
 66   12 1.07003e-01
 66   14 1.05238e-01
 66   16 8.69078e-02
 66   18 8.58709e-02
 66   20 8.15891e-02
 66   22 7.35545e-02
 66   24 7.16909e-02
 66   26 6.94440e-02
 66   28 7.04147e-02
 66   30 7.44888e-02
 66   32 7.73793e-02
 66   34 7.74725e-02
 66   36 8.00317e-02
 66   38 8.23396e-02
 66   40 8.77775e-02
 66   42 9.46566e-02
 66   44 1.01043e-01
 66   46 1.06927e-01
 66   48 1.19430e-01
 66   50 1.38208e-01
 66   52 1.36219e-01
 66   54 1.46449e-01
 66   56 1.97134e-01
 66   58 2.04596e-01
 66   60 2.47074e-01
 66   62 5.98312e-01
 66   64 1.63966e+00
 66   66 2.55095e+01
 66   68 1.59560e+00
 66   70 5.76372e-01
 66   72 2.52271e-01
 66   74 1.84668e-01
 66   76 1.78454e-01
 66   78 1.44784e-01
 66   80 1.08257e-01
 66   82 8.97915e-02
 66   84 7.16228e-02
 66   86 7.01693e-02
 66   88 9.82891e-02
 66   90 8.14222e-02
 67    1 4.01448e-03
 67    3 2.21406e-02
 67    5 4.66455e-02
 67    7 7.39912e-02
 67    9 9.86089e-02
 67   11 1.03375e-01
 67   13 1.05974e-01
 67   15 9.55512e-02
 67   17 8.69065e-02
 67   19 8.11302e-02
 67   21 7.60370e-02
 67   23 7.17623e-02
 67   25 7.07048e-02
 67   27 6.56057e-02
 67   29 7.11933e-02
 67   31 7.54858e-02
 67   33 7.57817e-02
 67   35 7.50866e-02
 67   37 7.79988e-02
 67   39 7.89792e-02
 67   41 8.41679e-02
 67   43 8.95007e-02
 67   45 9.75275e-02
 67   47 1.01493e-01
 67   49 1.17696e-01
 67   51 1.35435e-01
 67   53 1.29733e-01
 67   55 1.45511e-01
 67   57 1.91955e-01
 67   59 1.98500e-01
 67   61 2.42000e-01
 67   63 5.87390e-01
 67   65 1.60423e+00
 67   67 2.52509e+01
 67   69 1.55547e+00
 67   71 5.65947e-01
 67   73 2.47990e-01
 67   75 1.77089e-01
 67   77 1.73494e-01
 67   79 1.39729e-01
 67   81 1.06575e-01
 67   83 8.65444e-02
 67   85 6.66300e-02
 67   87 6.58985e-02
 67   89 9.64046e-02
 67   91 8.03410e-02
 68    2 2.09801e-02
 68    4 4.96120e-02
 68    6 7.26983e-02
 68    8 9.15037e-02
 68   10 9.96937e-02
 68   12 8.33121e-02
 68   14 6.09052e-02
 68   16 6.40369e-02
 68   18 7.19945e-02
 68   20 7.69648e-02
 68   22 7.64385e-02
 68   24 8.00255e-02
 68   26 7.96644e-02
 68   28 8.02273e-02
 68   30 8.25406e-02
 68   32 7.84332e-02
 68   34 7.93112e-02
 68   36 7.64263e-02
 68   38 7.75370e-02
 68   40 7.91332e-02
 68   42 8.24662e-02
 68   44 8.95112e-02
 68   46 9.36803e-02
 68   48 9.65204e-02
 68   50 1.14504e-01
 68   52 1.27391e-01
 68   54 1.22735e-01
 68   56 1.39281e-01
 68   58 1.86876e-01
 68   60 1.89139e-01
 68   62 2.37473e-01
 68   64 5.77252e-01
 68   66 1.56731e+00
 68   68 2.50034e+01
 68   70 1.52872e+00
 68   72 5.64953e-01
 68   74 2.57362e-01
 68   76 1.82415e-01
 68   78 1.61714e-01
 68   80 1.30434e-01
 68   82 9.68765e-02
 68   84 7.38594e-02
 68   86 7.35555e-02
 68   88 1.04634e-01
 68   90 8.18342e-02
 69    1 6.85024e-03
 69    3 3.45814e-02
 69    5 5.90453e-02
 69    7 7.92650e-02
 69    9 9.60447e-02
 69   11 8.91066e-02
 69   13 6.61069e-02
 69   15 5.72829e-02
 69   17 6.51818e-02
 69   19 7.22307e-02
 69   21 7.57307e-02
 69   23 7.66042e-02
 69   25 7.38233e-02
 69   27 7.74988e-02
 69   29 8.29287e-02
 69   31 7.67328e-02
 69   33 7.89771e-02
 69   35 7.47299e-02
 69   37 7.61352e-02
 69   39 7.50805e-02
 69   41 7.94838e-02
 69   43 7.95768e-02
 69   45 8.64720e-02
 69   47 9.06070e-02
 69   49 9.69426e-02
 69   51 1.11471e-01
 69   53 1.22036e-01
 69   55 1.19268e-01
 69   57 1.40080e-01
 69   59 1.83006e-01
 69   61 1.85563e-01
 69   63 2.35184e-01
 69   65 5.67183e-01
 69   67 1.52898e+00
 69   69 2.47659e+01
 69   71 1.48633e+00
 69   73 5.50015e-01
 69   75 2.57783e-01
 69   77 1.74031e-01
 69   79 1.55250e-01
 69   81 1.27706e-01
 69   83 9.40760e-02
 69   85 7.18774e-02
 69   87 7.25196e-02
 69   89 1.02811e-01
 69   91 8.06375e-02
 70    2 1.29476e-02
 70    4 3.12854e-02
 70    6 4.98173e-02
 70    8 7.05060e-02
 70   10 8.69164e-02
 70   12 8.93786e-02
 70   14 9.48580e-02
 70   16 9.44755e-02
 70   18 9.80482e-02
 70   20 8.31572e-02
 70   22 7.56012e-02
 70   24 7.09567e-02
 70   26 7.50000e-02
 70   28 7.40721e-02
 70   30 6.81890e-02
 70   32 6.50019e-02
 70   34 6.80090e-02
 70   36 6.71928e-02
 70   38 6.82941e-02
 70   40 7.27592e-02
 70   42 7.45389e-02
 70   44 7.61960e-02
 70   46 8.15208e-02
 70   48 9.00441e-02
 70   50 9.40083e-02
 70   52 1.05853e-01
 70   54 1.15394e-01
 70   56 1.13457e-01
 70   58 1.37441e-01
 70   60 1.81256e-01
 70   62 1.80411e-01
 70   64 2.35626e-01
 70   66 5.56899e-01
 70   68 1.50373e+00
 70   70 2.45518e+01
 70   72 1.45301e+00
 70   74 5.47337e-01
 70   76 2.56289e-01
 70   78 1.63488e-01
 70   80 1.46454e-01
 70   82 1.14248e-01
 70   84 8.57255e-02
 70   86 8.46827e-02
 70   88 1.14756e-01
 70   90 8.97778e-02
 71    1 4.21936e-03
 71    3 2.19189e-02
 71    5 3.91920e-02
 71    7 5.76005e-02
 71    9 7.79179e-02
 71   11 8.42104e-02
 71   13 9.03697e-02
 71   15 9.14253e-02
 71   17 9.80135e-02
 71   19 8.80983e-02
 71   21 7.48410e-02
 71   23 6.57187e-02
 71   25 7.07676e-02
 71   27 7.40099e-02
 71   29 6.68627e-02
 71   31 6.41717e-02
 71   33 6.53831e-02
 71   35 6.55547e-02
 71   37 6.54471e-02
 71   39 7.07207e-02
 71   41 7.33994e-02
 71   43 7.07925e-02
 71   45 7.52560e-02
 71   47 8.44404e-02
 71   49 9.02604e-02
 71   51 8.88651e-02
 71   53 1.01840e-01
 71   55 1.12927e-01
 71   57 1.11747e-01
 71   59 1.38074e-01
 71   61 1.76985e-01
 71   63 1.74435e-01
 71   65 2.32639e-01
 71   67 5.47589e-01
 71   69 1.46304e+00
 71   71 2.43308e+01
 71   73 1.41855e+00
 71   75 5.33515e-01
 71   77 2.58279e-01
 71   79 1.60739e-01
 71   81 1.39718e-01
 71   83 1.13164e-01
 71   85 8.05984e-02
 71   87 7.93733e-02
 71   89 1.11026e-01
 71   91 8.72671e-02
 72    2 1.95348e-02
 72    4 4.36377e-02
 72    6 6.62734e-02
 72    8 8.91631e-02
 72   10 1.04164e-01
 72   12 9.00826e-02
 72   14 6.63489e-02
 72   16 6.44880e-02
 72   18 6.00965e-02
 72   20 6.02498e-02
 72   22 6.31048e-02
 72   24 6.90970e-02
 72   26 7.20053e-02
 72   28 7.24577e-02
 72   30 7.00476e-02
 72   32 6.90897e-02
 72   34 7.10379e-02
 72   36 7.08498e-02
 72   38 7.48026e-02
 72   40 6.92310e-02
 72   42 7.24342e-02
 72   44 7.38535e-02
 72   46 7.73348e-02
 72   48 8.07567e-02
 72   50 8.19924e-02
 72   52 8.51683e-02
 72   54 1.00233e-01
 72   56 1.06462e-01
 72   58 1.08277e-01
 72   60 1.35968e-01
 72   62 1.73562e-01
 72   64 1.72344e-01
 72   66 2.40091e-01
 72   68 5.47382e-01
 72   70 1.43122e+00
 72   72 2.41466e+01
 72   74 1.38358e+00
 72   76 5.21245e-01
 72   78 2.47617e-01
 72   80 1.56205e-01
 72   82 1.28967e-01
 72   84 1.00029e-01
 72   86 9.06037e-02
 72   88 1.18346e-01
 72   90 8.78263e-02
 73    1 6.24356e-03
 73    3 2.99833e-02
 73    5 5.22509e-02
 73    7 7.47228e-02
 73    9 9.62394e-02
 73   11 9.81545e-02
 73   13 7.49308e-02
 73   15 6.31446e-02
 73   17 6.08110e-02
 73   19 5.69486e-02
 73   21 5.79347e-02
 73   23 6.35176e-02
 73   25 6.89735e-02
 73   27 7.15508e-02
 73   29 6.99093e-02
 73   31 6.74017e-02
 73   33 6.85676e-02
 73   35 6.93044e-02
 73   37 7.19961e-02
 73   39 6.91753e-02
 73   41 6.91293e-02
 73   43 7.21219e-02
 73   45 7.19314e-02
 73   47 7.76414e-02
 73   49 7.81437e-02
 73   51 7.93129e-02
 73   53 8.10788e-02
 73   55 9.50527e-02
 73   57 1.03226e-01
 73   59 1.05361e-01
 73   61 1.34588e-01
 73   63 1.69501e-01
 73   65 1.70758e-01
 73   67 2.36507e-01
 73   69 5.33635e-01
 73   71 1.39821e+00
 73   73 2.39624e+01
 73   75 1.34828e+00
 73   77 5.07768e-01
 73   79 2.46731e-01
 73   81 1.54067e-01
 73   83 1.22442e-01
 73   85 9.45433e-02
 73   87 8.66019e-02
 73   89 1.17004e-01
 73   91 8.50567e-02
 74    2 1.16381e-02
 74    4 2.61876e-02
 74    6 4.08581e-02
 74    8 5.58051e-02
 74   10 6.99131e-02
 74   12 7.62481e-02
 74   14 8.51787e-02
 74   16 8.49121e-02
 74   18 8.75122e-02
 74   20 8.57705e-02
 74   22 8.79819e-02
 74   24 8.07909e-02
 74   26 7.75566e-02
 74   28 7.00519e-02
 74   30 6.84181e-02
 74   32 6.53724e-02
 74   34 6.47580e-02
 74   36 6.41818e-02
 74   38 6.09798e-02
 74   40 6.09048e-02
 74   42 6.18855e-02
 74   44 6.28407e-02
 74   46 6.54374e-02
 74   48 6.49746e-02
 74   50 6.83013e-02
 74   52 7.25634e-02
 74   54 7.80811e-02
 74   56 9.55405e-02
 74   58 1.00207e-01
 74   60 1.07939e-01
 74   62 1.39171e-01
 74   64 1.73214e-01
 74   66 1.73349e-01
 74   68 2.45948e-01
 74   70 5.31756e-01
 74   72 1.36466e+00
 74   74 2.37738e+01
 74   76 1.30899e+00
 74   78 4.86141e-01
 74   80 2.40064e-01
 74   82 1.48856e-01
 74   84 1.21711e-01
 74   86 1.12857e-01
 74   88 1.28051e-01
 74   90 8.94630e-02
 75    1 3.26368e-03
 75    3 1.76134e-02
 75    5 3.29543e-02
 75    7 4.76301e-02
 75    9 6.22608e-02
 75   11 6.75645e-02
 75   13 7.91110e-02
 75   15 8.26331e-02
 75   17 8.62795e-02
 75   19 8.06225e-02
 75   21 8.71592e-02
 75   23 8.04418e-02
 75   25 8.10459e-02
 75   27 7.34463e-02
 75   29 6.87142e-02
 75   31 6.72432e-02
 75   33 6.39360e-02
 75   35 6.55948e-02
 75   37 6.15866e-02
 75   39 6.13954e-02
 75   41 6.02953e-02
 75   43 6.11332e-02
 75   45 6.23095e-02
 75   47 6.33930e-02
 75   49 6.19533e-02
 75   51 6.69016e-02
 75   53 6.68517e-02
 75   55 7.87059e-02
 75   57 9.03949e-02
 75   59 9.50297e-02
 75   61 1.03808e-01
 75   63 1.36756e-01
 75   65 1.67827e-01
 75   67 1.66689e-01
 75   69 2.46850e-01
 75   71 5.19021e-01
 75   73 1.33073e+00
 75   75 2.36055e+01
 75   77 1.27089e+00
 75   79 4.75453e-01
 75   81 2.39291e-01
 75   83 1.42977e-01
 75   85 1.16152e-01
 75   87 1.06774e-01
 75   89 1.26023e-01
 75   91 8.63063e-02
 76    2 1.51590e-02
 76    4 3.81353e-02
 76    6 6.36163e-02
 76    8 8.63882e-02
 76   10 1.01827e-01
 76   12 9.11963e-02
 76   14 7.35272e-02
 76   16 7.24270e-02
 76   18 6.21684e-02
 76   20 6.17473e-02
 76   22 6.05670e-02
 76   24 5.85327e-02
 76   26 5.94484e-02
 76   28 5.90608e-02
 76   30 5.70015e-02
 76   32 5.70039e-02
 76   34 6.04337e-02
 76   36 6.22206e-02
 76   38 5.69778e-02
 76   40 5.66201e-02
 76   42 5.73197e-02
 76   44 6.41876e-02
 76   46 6.43216e-02
 76   48 6.24578e-02
 76   50 6.62223e-02
 76   52 7.17713e-02
 76   54 7.92013e-02
 76   56 8.56488e-02
 76   58 9.57937e-02
 76   60 1.03104e-01
 76   62 1.12926e-01
 76   64 1.45240e-01
 76   66 1.65444e-01
 76   68 1.72169e-01
 76   70 2.45914e-01
 76   72 5.07759e-01
 76   74 1.29279e+00
 76   76 2.34046e+01
 76   78 1.22890e+00
 76   80 4.52714e-01
 76   82 2.27785e-01
 76   84 1.49295e-01
 76   86 1.36257e-01
 76   88 1.41516e-01
 76   90 8.89552e-02
 77    1 4.66921e-03
 77    3 2.40635e-02
 77    5 4.77034e-02
 77    7 7.32029e-02
 77    9 9.63675e-02
 77   11 9.69670e-02
 77   13 7.74036e-02
 77   15 7.24346e-02
 77   17 6.55754e-02
 77   19 6.09698e-02
 77   21 6.03648e-02
 77   23 5.84771e-02
 77   25 6.01926e-02
 77   27 6.05636e-02
 77   29 5.73678e-02
 77   31 5.63926e-02
 77   33 5.60369e-02
 77   35 6.32559e-02
 77   37 5.62882e-02
 77   39 5.53724e-02
 77   41 5.48023e-02
 77   43 6.01467e-02
 77   45 6.25452e-02
 77   47 5.82057e-02
 77   49 5.94818e-02
 77   51 6.26889e-02
 77   53 7.03415e-02
 77   55 7.58028e-02
 77   57 7.93904e-02
 77   59 9.38291e-02
 77   61 9.75053e-02
 77   63 1.13411e-01
 77   65 1.37701e-01
 77   67 1.61391e-01
 77   69 1.64697e-01
 77   71 2.48317e-01
 77   73 4.95284e-01
 77   75 1.25599e+00
 77   77 2.32534e+01
 77   79 1.19551e+00
 77   81 4.39235e-01
 77   83 2.21796e-01
 77   85 1.44501e-01
 77   87 1.30810e-01
 77   89 1.39156e-01
 77   91 8.67777e-02
 78    2 1.01096e-02
 78    4 2.46297e-02
 78    6 4.20923e-02
 78    8 6.17190e-02
 78   10 7.65394e-02
 78   12 7.21784e-02
 78   14 7.20178e-02
 78   16 7.69338e-02
 78   18 7.85534e-02
 78   20 7.87838e-02
 78   22 7.57532e-02
 78   24 7.72977e-02
 78   26 6.60918e-02
 78   28 6.84257e-02
 78   30 6.56620e-02
 78   32 6.73637e-02
 78   34 6.30570e-02
 78   36 5.94220e-02
 78   38 6.13643e-02
 78   40 6.01566e-02
 78   42 5.97622e-02
 78   44 6.18272e-02
 78   46 6.23941e-02
 78   48 6.34211e-02
 78   50 6.30771e-02
 78   52 6.75763e-02
 78   54 7.18420e-02
 78   56 7.48035e-02
 78   58 8.01904e-02
 78   60 9.02669e-02
 78   62 9.46834e-02
 78   64 1.02611e-01
 78   66 1.32742e-01
 78   68 1.50940e-01
 78   70 1.55132e-01
 78   72 2.38539e-01
 78   74 4.74811e-01
 78   76 1.21530e+00
 78   78 2.30940e+01
 78   80 1.16300e+00
 78   82 4.24124e-01
 78   84 2.34788e-01
 78   86 1.70702e-01
 78   88 1.65949e-01
 78   90 9.75897e-02
 79    1 3.21121e-03
 79    3 1.60696e-02
 79    5 3.15887e-02
 79    7 5.03738e-02
 79    9 7.02599e-02
 79   11 7.02821e-02
 79   13 6.74585e-02
 79   15 7.12986e-02
 79   17 7.49173e-02
 79   19 7.35619e-02
 79   21 7.83232e-02
 79   23 7.37061e-02
 79   25 6.87817e-02
 79   27 6.59680e-02
 79   29 6.79364e-02
 79   31 6.28566e-02
 79   33 6.30201e-02
 79   35 5.84124e-02
 79   37 6.16180e-02
 79   39 5.94599e-02
 79   41 5.86760e-02
 79   43 5.84952e-02
 79   45 5.98976e-02
 79   47 6.20084e-02
 79   49 6.05627e-02
 79   51 6.08413e-02
 79   53 6.62069e-02
 79   55 6.99398e-02
 79   57 7.32529e-02
 79   59 7.73364e-02
 79   61 8.78473e-02
 79   63 9.10073e-02
 79   65 1.04023e-01
 79   67 1.28626e-01
 79   69 1.45390e-01
 79   71 1.52927e-01
 79   73 2.38154e-01
 79   75 4.64979e-01
 79   77 1.18304e+00
 79   79 2.29416e+01
 79   81 1.13078e+00
 79   83 4.07969e-01
 79   85 2.24263e-01
 79   87 1.66704e-01
 79   89 1.62181e-01
 79   91 9.59858e-02
 80    2 1.35367e-02
 80    4 3.19802e-02
 80    6 5.04449e-02
 80    8 7.25282e-02
 80   10 8.80289e-02
 80   12 7.83270e-02
 80   14 6.82350e-02
 80   16 7.59650e-02
 80   18 7.68428e-02
 80   20 7.26788e-02
 80   22 6.37058e-02
 80   24 5.94167e-02
 80   26 6.10671e-02
 80   28 6.09017e-02
 80   30 5.81226e-02
 80   32 5.67585e-02
 80   34 5.75063e-02
 80   36 5.74975e-02
 80   38 5.65392e-02
 80   40 5.57219e-02
 80   42 5.92660e-02
 80   44 5.63499e-02
 80   46 5.87003e-02
 80   48 5.94020e-02
 80   50 5.97363e-02
 80   52 6.30328e-02
 80   54 6.44219e-02
 80   56 6.80996e-02
 80   58 7.09059e-02
 80   60 7.66963e-02
 80   62 8.24102e-02
 80   64 8.86290e-02
 80   66 9.82810e-02
 80   68 1.20552e-01
 80   70 1.37608e-01
 80   72 1.49005e-01
 80   74 2.32173e-01
 80   76 4.43316e-01
 80   78 1.15161e+00
 80   80 2.28082e+01
 80   82 1.11816e+00
 80   84 4.28276e-01
 80   86 2.52885e-01
 80   88 1.96509e-01
 80   90 1.09715e-01
 81    1 4.29113e-03
 81    3 2.26407e-02
 81    5 4.00563e-02
 81    7 5.80008e-02
 81    9 7.83891e-02
 81   11 8.30652e-02
 81   13 6.98715e-02
 81   15 6.71055e-02
 81   17 6.79614e-02
 81   19 7.51195e-02
 81   21 6.71763e-02
 81   23 6.15744e-02
 81   25 5.89253e-02
 81   27 5.90794e-02
 81   29 5.87939e-02
 81   31 5.65264e-02
 81   33 5.64042e-02
 81   35 5.46764e-02
 81   37 5.63564e-02
 81   39 5.59736e-02
 81   41 5.65850e-02
 81   43 5.64613e-02
 81   45 5.66536e-02
 81   47 5.87077e-02
 81   49 5.54291e-02
 81   51 6.14904e-02
 81   53 6.04469e-02
 81   55 6.66048e-02
 81   57 6.56862e-02
 81   59 6.94247e-02
 81   61 7.43778e-02
 81   63 8.23338e-02
 81   65 8.59853e-02
 81   67 9.72084e-02
 81   69 1.18501e-01
 81   71 1.31711e-01
 81   73 1.47350e-01
 81   75 2.31877e-01
 81   77 4.30674e-01
 81   79 1.12043e+00
 81   81 2.26564e+01
 81   83 1.08463e+00
 81   85 4.08933e-01
 81   87 2.43995e-01
 81   89 1.91781e-01
 81   91 1.06789e-01
 82    2 1.21089e-02
 82    4 2.93423e-02
 82    6 4.72032e-02
 82    8 6.41172e-02
 82   10 7.70611e-02
 82   12 7.16422e-02
 82   14 6.54045e-02
 82   16 6.30620e-02
 82   18 6.02792e-02
 82   20 6.66809e-02
 82   22 6.28852e-02
 82   24 5.92271e-02
 82   26 5.89221e-02
 82   28 5.61882e-02
 82   30 5.95655e-02
 82   32 5.73637e-02
 82   34 5.40696e-02
 82   36 5.39766e-02
 82   38 5.46867e-02
 82   40 5.84035e-02
 82   42 5.37053e-02
 82   44 5.68130e-02
 82   46 5.37718e-02
 82   48 5.67295e-02
 82   50 5.84544e-02
 82   52 5.96566e-02
 82   54 5.97679e-02
 82   56 6.25888e-02
 82   58 6.48850e-02
 82   60 6.58110e-02
 82   62 7.15214e-02
 82   64 7.65636e-02
 82   66 8.08232e-02
 82   68 8.87743e-02
 82   70 1.06433e-01
 82   72 1.21975e-01
 82   74 1.42737e-01
 82   76 2.21157e-01
 82   78 4.16395e-01
 82   80 1.10863e+00
 82   82 2.26615e+01
 82   84 1.12378e+00
 82   86 4.38944e-01
 82   88 2.61451e-01
 82   90 1.37334e-01
 83    1 3.86649e-03
 83    3 2.06899e-02
 83    5 3.75669e-02
 83    7 5.30920e-02
 83    9 6.89487e-02
 83   11 7.18450e-02
 83   13 6.23976e-02
 83   15 6.39755e-02
 83   17 6.12725e-02
 83   19 6.10290e-02
 83   21 6.03826e-02
 83   23 5.93635e-02
 83   25 5.72670e-02
 83   27 5.47034e-02
 83   29 5.72128e-02
 83   31 5.83323e-02
 83   33 5.13988e-02
 83   35 5.48478e-02
 83   37 5.27477e-02
 83   39 5.92468e-02
 83   41 5.35695e-02
 83   43 5.67136e-02
 83   45 5.44585e-02
 83   47 5.56782e-02
 83   49 5.67618e-02
 83   51 5.84467e-02
 83   53 5.81762e-02
 83   55 6.02395e-02
 83   57 6.11929e-02
 83   59 6.38522e-02
 83   61 6.49827e-02
 83   63 7.05920e-02
 83   65 7.40990e-02
 83   67 7.83166e-02
 83   69 8.66074e-02
 83   71 1.05839e-01
 83   73 1.16182e-01
 83   75 1.37456e-01
 83   77 2.15760e-01
 83   79 4.01051e-01
 83   81 1.07609e+00
 83   83 2.25016e+01
 83   85 1.09194e+00
 83   87 4.24071e-01
 83   89 2.56572e-01
 83   91 1.30941e-01
 84    2 1.37948e-02
 84    4 3.15231e-02
 84    6 4.78103e-02
 84    8 6.24758e-02
 84   10 7.45018e-02
 84   12 6.90988e-02
 84   14 6.75832e-02
 84   16 7.21283e-02
 84   18 6.93314e-02
 84   20 6.26760e-02
 84   22 5.98678e-02
 84   24 5.79192e-02
 84   26 5.59081e-02
 84   28 5.41322e-02
 84   30 5.07623e-02
 84   32 4.96853e-02
 84   34 5.00939e-02
 84   36 4.87324e-02
 84   38 4.91605e-02
 84   40 4.77491e-02
 84   42 4.79872e-02
 84   44 4.77360e-02
 84   46 4.63161e-02
 84   48 4.82795e-02
 84   50 4.68316e-02
 84   52 4.66651e-02
 84   54 5.02091e-02
 84   56 5.05852e-02
 84   58 5.06270e-02
 84   60 5.32381e-02
 84   62 5.72104e-02
 84   64 5.91442e-02
 84   66 6.40026e-02
 84   68 6.71924e-02
 84   70 7.92835e-02
 84   72 9.39208e-02
 84   74 1.15863e-01
 84   76 1.43902e-01
 84   78 2.28841e-01
 84   80 4.21556e-01
 84   82 1.11565e+00
 84   84 2.26221e+01
 84   86 1.11976e+00
 84   88 4.23184e-01
 84   90 1.74911e-01
 85    1 4.79042e-03
 85    3 2.24325e-02
 85    5 3.84963e-02
 85    7 5.33342e-02
 85    9 6.84020e-02
 85   11 6.61197e-02
 85   13 6.14461e-02
 85   15 6.98920e-02
 85   17 6.87897e-02
 85   19 6.73045e-02
 85   21 5.86983e-02
 85   23 5.96561e-02
 85   25 5.61925e-02
 85   27 5.58828e-02
 85   29 5.12926e-02
 85   31 5.10914e-02
 85   33 4.96389e-02
 85   35 4.88049e-02
 85   37 4.88067e-02
 85   39 4.92628e-02
 85   41 4.70378e-02
 85   43 4.71544e-02
 85   45 4.67062e-02
 85   47 4.75939e-02
 85   49 4.62433e-02
 85   51 4.52844e-02
 85   53 4.75906e-02
 85   55 4.99665e-02
 85   57 4.62706e-02
 85   59 5.05318e-02
 85   61 5.30877e-02
 85   63 5.49183e-02
 85   65 5.59894e-02
 85   67 5.98977e-02
 85   69 6.57346e-02
 85   71 7.48838e-02
 85   73 8.91174e-02
 85   75 1.10930e-01
 85   77 1.39642e-01
 85   79 2.19005e-01
 85   81 4.03036e-01
 85   83 1.08474e+00
 85   85 2.24510e+01
 85   87 1.09119e+00
 85   89 4.11367e-01
 85   91 1.69106e-01
 86    2 1.53274e-02
 86    4 3.41893e-02
 86    6 5.18309e-02
 86    8 6.90348e-02
 86   10 8.17361e-02
 86   12 6.68265e-02
 86   14 6.74640e-02
 86   16 6.73216e-02
 86   18 6.30246e-02
 86   20 5.84020e-02
 86   22 5.87244e-02
 86   24 5.63461e-02
 86   26 5.41502e-02
 86   28 4.97700e-02
 86   30 4.87400e-02
 86   32 4.58271e-02
 86   34 4.84425e-02
 86   36 4.67351e-02
 86   38 4.06924e-02
 86   40 4.42792e-02
 86   42 4.24228e-02
 86   44 4.37563e-02
 86   46 4.15590e-02
 86   48 4.41781e-02
 86   50 4.02245e-02
 86   52 4.52415e-02
 86   54 4.34214e-02
 86   56 4.46830e-02
 86   58 4.94275e-02
 86   60 4.86140e-02
 86   62 5.35631e-02
 86   64 5.63744e-02
 86   66 6.23303e-02
 86   68 6.65173e-02
 86   70 7.78527e-02
 86   72 8.45645e-02
 86   74 1.06795e-01
 86   76 1.30552e-01
 86   78 1.65387e-01
 86   80 2.47434e-01
 86   82 4.33172e-01
 86   84 1.11309e+00
 86   86 2.23404e+01
 86   88 1.04982e+00
 86   90 2.68560e-01
 87    1 5.25695e-03
 87    3 2.46213e-02
 87    5 4.16123e-02
 87    7 5.92447e-02
 87    9 7.62205e-02
 87   11 7.28415e-02
 87   13 6.20041e-02
 87   15 6.61155e-02
 87   17 6.19211e-02
 87   19 6.00803e-02
 87   21 5.79201e-02
 87   23 5.66265e-02
 87   25 5.37914e-02
 87   27 5.08887e-02
 87   29 4.82364e-02
 87   31 4.39847e-02
 87   33 4.76783e-02
 87   35 4.59644e-02
 87   37 4.10881e-02
 87   39 4.36577e-02
 87   41 4.20283e-02
 87   43 4.21755e-02
 87   45 4.17441e-02
 87   47 4.17465e-02
 87   49 3.98331e-02
 87   51 4.35619e-02
 87   53 4.41411e-02
 87   55 4.09241e-02
 87   57 4.83095e-02
 87   59 4.72949e-02
 87   61 4.79831e-02
 87   63 5.13048e-02
 87   65 5.58320e-02
 87   67 5.89253e-02
 87   69 6.59695e-02
 87   71 7.33537e-02
 87   73 8.11981e-02
 87   75 1.01432e-01
 87   77 1.25739e-01
 87   79 1.61931e-01
 87   81 2.39199e-01
 87   83 4.19035e-01
 87   85 1.08539e+00
 87   87 2.21526e+01
 87   89 1.02115e+00
 87   91 2.53349e-01
 88    2 6.81399e-03
 88    4 1.48101e-02
 88    6 2.33762e-02
 88    8 3.19127e-02
 88   10 3.50261e-02
 88   12 3.00730e-02
 88   14 2.99786e-02
 88   16 3.13377e-02
 88   18 3.32985e-02
 88   20 3.57426e-02
 88   22 3.47179e-02
 88   24 3.59646e-02
 88   26 3.70903e-02
 88   28 3.79490e-02
 88   30 3.88114e-02
 88   32 4.06880e-02
 88   34 4.21352e-02
 88   36 4.28544e-02
 88   38 4.39807e-02
 88   40 4.57461e-02
 88   42 4.60741e-02
 88   44 4.97612e-02
 88   46 4.98766e-02
 88   48 5.24235e-02
 88   50 5.43528e-02
 88   52 6.01304e-02
 88   54 5.62667e-02
 88   56 6.30784e-02
 88   58 6.38162e-02
 88   60 6.97761e-02
 88   62 7.42344e-02
 88   64 8.07124e-02
 88   66 8.69012e-02
 88   68 9.41802e-02
 88   70 1.05008e-01
 88   72 1.09942e-01
 88   74 1.20607e-01
 88   76 1.34959e-01
 88   78 1.60032e-01
 88   80 1.91377e-01
 88   82 2.56809e-01
 88   84 4.18700e-01
 88   86 1.04492e+00
 88   88 2.25890e+01
 88   90 8.94778e-01
 89    1 2.02757e-03
 89    3 1.00937e-02
 89    5 1.80570e-02
 89    7 2.60428e-02
 89    9 3.42076e-02
 89   11 2.97501e-02
 89   13 2.83429e-02
 89   15 2.93762e-02
 89   17 2.97360e-02
 89   19 3.36368e-02
 89   21 3.26095e-02
 89   23 3.46834e-02
 89   25 3.37737e-02
 89   27 3.60035e-02
 89   29 3.61274e-02
 89   31 3.75269e-02
 89   33 4.04641e-02
 89   35 4.05794e-02
 89   37 4.16552e-02
 89   39 4.45922e-02
 89   41 4.24581e-02
 89   43 4.75209e-02
 89   45 4.62181e-02
 89   47 4.91984e-02
 89   49 4.91103e-02
 89   51 5.68791e-02
 89   53 5.51107e-02
 89   55 6.13353e-02
 89   57 6.12119e-02
 89   59 6.34887e-02
 89   61 6.79734e-02
 89   63 7.29093e-02
 89   65 7.99822e-02
 89   67 8.58571e-02
 89   69 9.31497e-02
 89   71 1.02194e-01
 89   73 1.09263e-01
 89   75 1.19237e-01
 89   77 1.33224e-01
 89   79 1.56905e-01
 89   81 1.87256e-01
 89   83 2.52506e-01
 89   85 4.07537e-01
 89   87 1.01705e+00
 89   89 2.24041e+01
 89   91 8.54183e-01
 90    2 8.99900e-03
 90    4 2.14999e-02
 90    6 3.41184e-02
 90    8 4.54809e-02
 90   10 5.42958e-02
 90   12 4.65431e-02
 90   14 4.65338e-02
 90   16 4.56379e-02
 90   18 4.85051e-02
 90   20 4.73372e-02
 90   22 5.01159e-02
 90   24 4.91821e-02
 90   26 4.94476e-02
 90   28 4.86338e-02
 90   30 4.77023e-02
 90   32 5.13421e-02
 90   34 4.64605e-02
 90   36 5.06340e-02
 90   38 4.91951e-02
 90   40 4.75843e-02
 90   42 5.43249e-02
 90   44 4.86999e-02
 90   46 5.00771e-02
 90   48 5.02200e-02
 90   50 5.85795e-02
 90   52 5.13340e-02
 90   54 5.64533e-02
 90   56 5.23892e-02
 90   58 5.71076e-02
 90   60 5.92271e-02
 90   62 6.27807e-02
 90   64 6.58832e-02
 90   66 7.17464e-02
 90   68 7.34107e-02
 90   70 8.18753e-02
 90   72 8.13152e-02
 90   74 8.39789e-02
 90   76 8.45479e-02
 90   78 9.37934e-02
 90   80 1.06489e-01
 90   82 1.34442e-01
 90   84 1.72476e-01
 90   86 2.66407e-01
 90   88 8.91768e-01
 90   90 2.37385e+01
 91    1 2.92866e-03
 91    3 1.45013e-02
 91    5 2.71368e-02
 91    7 3.82338e-02
 91    9 5.05849e-02
 91   11 4.73728e-02
 91   13 4.42391e-02
 91   15 4.45725e-02
 91   17 4.54445e-02
 91   19 4.57779e-02
 91   21 4.61715e-02
 91   23 4.77849e-02
 91   25 4.80992e-02
 91   27 4.59703e-02
 91   29 4.55221e-02
 91   31 4.91335e-02
 91   33 4.79631e-02
 91   35 4.64382e-02
 91   37 5.20171e-02
 91   39 4.47231e-02
 91   41 5.38227e-02
 91   43 4.83676e-02
 91   45 5.01719e-02
 91   47 4.75204e-02
 91   49 5.34254e-02
 91   51 5.21021e-02
 91   53 5.91679e-02
 91   55 5.51988e-02
 91   57 5.63422e-02
 91   59 5.89560e-02
 91   61 5.89886e-02
 91   63 6.28402e-02
 91   65 6.68861e-02
 91   67 7.13574e-02
 91   69 7.28618e-02
 91   71 8.01075e-02
 91   73 7.92139e-02
 91   75 8.14378e-02
 91   77 8.28537e-02
 91   79 9.26117e-02
 91   81 1.03987e-01
 91   83 1.28517e-01
 91   85 1.67078e-01
 91   87 2.51648e-01
 91   89 8.51872e-01
