# 13C+CO2(ji) -> 13C+CO2(jf) molscat cross sections, CS8_JMAX90 approx. (written on 08/08/2023); 
# E=16240.000000 (1/cm) = 2.0135033656666534 eV
# ji  jf sigma(ji,jf) (1e-16 cm^2)
  1    1 1.79282e+02
  1    3 2.51498e+01
  1    5 8.81022e+00
  1    7 3.23112e+00
  1    9 2.18422e+00
  1   11 1.73742e+00
  1   13 1.13426e+00
  1   15 1.22455e+00
  1   17 1.09595e+00
  1   19 8.59953e-01
  1   21 1.04107e+00
  1   23 9.65108e-01
  1   25 8.09821e-01
  1   27 7.06928e-01
  1   29 7.31213e-01
  1   31 6.80151e-01
  1   33 6.27410e-01
  1   35 5.89486e-01
  1   37 6.20257e-01
  1   39 6.37194e-01
  1   41 5.32879e-01
  1   43 5.67999e-01
  1   45 6.01769e-01
  1   47 5.66132e-01
  1   49 6.34758e-01
  1   51 5.08509e-01
  1   53 6.01205e-01
  1   55 5.89557e-01
  1   57 7.39644e-01
  1   59 5.78873e-01
  1   61 6.03616e-01
  1   63 6.71310e-01
  1   65 7.17004e-01
  1   67 7.53537e-01
  1   69 4.43614e-01
  1   71 5.30929e-01
  1   73 3.53471e-01
  1   75 6.11865e-01
  1   77 4.01765e-01
  1   79 6.52841e-01
  1   81 3.54538e-01
  1   83 5.10558e-01
  1   85 4.15658e-01
  1   87 5.82686e-01
  1   89 3.12250e-01
  1   91 5.25284e-01
  2    2 1.89312e+02
  2    4 1.89272e+01
  2    6 6.39584e+00
  2    8 2.80167e+00
  2   10 1.98599e+00
  2   12 1.48733e+00
  2   14 1.21368e+00
  2   16 1.21384e+00
  2   18 1.01374e+00
  2   20 9.26384e-01
  2   22 9.50909e-01
  2   24 9.00134e-01
  2   26 8.02684e-01
  2   28 7.32543e-01
  2   30 6.96534e-01
  2   32 6.56445e-01
  2   34 7.00167e-01
  2   36 6.36539e-01
  2   38 6.08121e-01
  2   40 5.70396e-01
  2   42 5.30752e-01
  2   44 5.02464e-01
  2   46 6.09805e-01
  2   48 5.71074e-01
  2   50 5.50939e-01
  2   52 5.93135e-01
  2   54 6.42841e-01
  2   56 6.35461e-01
  2   58 6.70493e-01
  2   60 6.31387e-01
  2   62 7.45979e-01
  2   64 6.23329e-01
  2   66 7.74842e-01
  2   68 4.33187e-01
  2   70 7.09050e-01
  2   72 3.72771e-01
  2   74 6.16447e-01
  2   76 4.19632e-01
  2   78 5.97098e-01
  2   80 3.92601e-01
  2   82 6.11808e-01
  2   84 4.24897e-01
  2   86 5.56025e-01
  2   88 3.30054e-01
  2   90 4.58389e-01
  3    1 5.03068e+00
  3    3 1.88978e+02
  3    5 1.62048e+01
  3    7 5.54949e+00
  3    9 2.50528e+00
  3   11 1.72885e+00
  3   13 1.44169e+00
  3   15 1.18441e+00
  3   17 1.09851e+00
  3   19 1.01225e+00
  3   21 9.95790e-01
  3   23 9.13741e-01
  3   25 8.65637e-01
  3   27 7.54162e-01
  3   29 7.15565e-01
  3   31 7.00982e-01
  3   33 6.12430e-01
  3   35 6.25748e-01
  3   37 5.93920e-01
  3   39 5.91134e-01
  3   41 6.10652e-01
  3   43 5.78898e-01
  3   45 6.19350e-01
  3   47 5.52684e-01
  3   49 5.76512e-01
  3   51 5.55238e-01
  3   53 6.34803e-01
  3   55 6.31503e-01
  3   57 6.21737e-01
  3   59 6.22608e-01
  3   61 6.42693e-01
  3   63 6.63715e-01
  3   65 6.55847e-01
  3   67 7.05970e-01
  3   69 4.40110e-01
  3   71 5.85432e-01
  3   73 3.88577e-01
  3   75 5.80595e-01
  3   77 3.96403e-01
  3   79 5.99542e-01
  3   81 3.96766e-01
  3   83 5.34222e-01
  3   85 4.20899e-01
  3   87 5.93731e-01
  3   89 2.95647e-01
  3   91 4.97659e-01
  4    2 8.11359e+00
  4    4 1.88312e+02
  4    6 1.50000e+01
  4    8 5.08405e+00
  4   10 2.29643e+00
  4   12 1.71036e+00
  4   14 1.38555e+00
  4   16 1.13171e+00
  4   18 1.10070e+00
  4   20 1.02026e+00
  4   22 9.03857e-01
  4   24 8.69922e-01
  4   26 8.22403e-01
  4   28 7.20287e-01
  4   30 6.93570e-01
  4   32 6.89300e-01
  4   34 6.38721e-01
  4   36 6.13197e-01
  4   38 6.11566e-01
  4   40 5.75317e-01
  4   42 6.05348e-01
  4   44 5.77277e-01
  4   46 6.08070e-01
  4   48 5.44083e-01
  4   50 5.60473e-01
  4   52 6.33134e-01
  4   54 6.25536e-01
  4   56 6.10087e-01
  4   58 6.73357e-01
  4   60 6.82806e-01
  4   62 7.07672e-01
  4   64 6.09771e-01
  4   66 7.19332e-01
  4   68 4.82115e-01
  4   70 6.72887e-01
  4   72 3.92850e-01
  4   74 5.96943e-01
  4   76 4.53989e-01
  4   78 5.78645e-01
  4   80 4.36061e-01
  4   82 5.54002e-01
  4   84 4.42576e-01
  4   86 6.04154e-01
  4   88 3.22362e-01
  4   90 4.85693e-01
  5    1 9.79384e-01
  5    3 9.00567e+00
  5    5 1.88159e+02
  5    7 1.42998e+01
  5    9 4.75460e+00
  5   11 2.21234e+00
  5   13 1.63325e+00
  5   15 1.30667e+00
  5   17 1.13284e+00
  5   19 1.11111e+00
  5   21 9.78048e-01
  5   23 9.01524e-01
  5   25 8.71729e-01
  5   27 8.10168e-01
  5   29 7.05897e-01
  5   31 7.14112e-01
  5   33 6.40557e-01
  5   35 6.13452e-01
  5   37 5.89499e-01
  5   39 6.08520e-01
  5   41 5.80872e-01
  5   43 6.09798e-01
  5   45 5.71978e-01
  5   47 5.67636e-01
  5   49 5.81247e-01
  5   51 6.00531e-01
  5   53 6.40411e-01
  5   55 6.02945e-01
  5   57 5.91725e-01
  5   59 6.61395e-01
  5   61 6.49118e-01
  5   63 6.96929e-01
  5   65 5.93617e-01
  5   67 6.89702e-01
  5   69 4.87550e-01
  5   71 5.95793e-01
  5   73 3.98449e-01
  5   75 5.92571e-01
  5   77 4.23275e-01
  5   79 5.53721e-01
  5   81 3.86394e-01
  5   83 5.97362e-01
  5   85 4.22733e-01
  5   87 6.09388e-01
  5   89 3.05433e-01
  5   91 4.56027e-01
  6    2 1.74550e+00
  6    4 9.54959e+00
  6    6 1.88049e+02
  6    8 1.38042e+01
  6   10 4.59540e+00
  6   12 2.16250e+00
  6   14 1.60710e+00
  6   16 1.29580e+00
  6   18 1.11171e+00
  6   20 1.06292e+00
  6   22 9.48253e-01
  6   24 8.67769e-01
  6   26 8.19526e-01
  6   28 7.90796e-01
  6   30 6.88252e-01
  6   32 6.92332e-01
  6   34 6.69823e-01
  6   36 6.08555e-01
  6   38 6.35484e-01
  6   40 5.90718e-01
  6   42 5.68726e-01
  6   44 6.09762e-01
  6   46 6.02011e-01
  6   48 5.56336e-01
  6   50 5.78859e-01
  6   52 6.56868e-01
  6   54 6.11285e-01
  6   56 5.98425e-01
  6   58 6.49412e-01
  6   60 6.69472e-01
  6   62 6.66224e-01
  6   64 6.14901e-01
  6   66 6.56302e-01
  6   68 5.72899e-01
  6   70 6.07069e-01
  6   72 4.63862e-01
  6   74 5.79088e-01
  6   76 4.48821e-01
  6   78 5.46437e-01
  6   80 4.62656e-01
  6   82 5.69371e-01
  6   84 4.60231e-01
  6   86 6.16433e-01
  6   88 2.83527e-01
  6   90 5.29530e-01
  7    1 2.48799e-01
  7    3 2.13627e+00
  7    5 9.90508e+00
  7    7 1.88023e+02
  7    9 1.35431e+01
  7   11 4.46268e+00
  7   13 2.08469e+00
  7   15 1.57115e+00
  7   17 1.25983e+00
  7   19 1.08160e+00
  7   21 1.03036e+00
  7   23 9.58596e-01
  7   25 8.29630e-01
  7   27 8.37772e-01
  7   29 7.52086e-01
  7   31 6.87024e-01
  7   33 6.73961e-01
  7   35 6.35954e-01
  7   37 6.37198e-01
  7   39 6.48176e-01
  7   41 5.83128e-01
  7   43 5.97573e-01
  7   45 5.79313e-01
  7   47 5.69399e-01
  7   49 6.05180e-01
  7   51 6.14555e-01
  7   53 6.25189e-01
  7   55 5.94526e-01
  7   57 5.97702e-01
  7   59 6.55396e-01
  7   61 6.32562e-01
  7   63 6.54953e-01
  7   65 6.16288e-01
  7   67 6.23027e-01
  7   69 5.22246e-01
  7   71 5.71651e-01
  7   73 4.96515e-01
  7   75 5.75164e-01
  7   77 4.60318e-01
  7   79 5.13942e-01
  7   81 3.97203e-01
  7   83 5.81034e-01
  7   85 4.43170e-01
  7   87 6.25156e-01
  7   89 2.91962e-01
  7   91 4.75353e-01
  8    2 5.61063e-01
  8    4 2.37507e+00
  8    6 1.01294e+01
  8    8 1.88119e+02
  8   10 1.32922e+01
  8   12 4.35705e+00
  8   14 2.07498e+00
  8   16 1.54374e+00
  8   18 1.23828e+00
  8   20 1.05371e+00
  8   22 1.00994e+00
  8   24 9.17980e-01
  8   26 8.27225e-01
  8   28 8.08572e-01
  8   30 7.51579e-01
  8   32 6.73805e-01
  8   34 6.60829e-01
  8   36 6.49369e-01
  8   38 6.40518e-01
  8   40 6.18245e-01
  8   42 5.91036e-01
  8   44 6.12235e-01
  8   46 5.99964e-01
  8   48 5.71279e-01
  8   50 6.01993e-01
  8   52 6.34057e-01
  8   54 6.01098e-01
  8   56 5.96368e-01
  8   58 6.70516e-01
  8   60 6.43993e-01
  8   62 6.30128e-01
  8   64 6.49248e-01
  8   66 6.02749e-01
  8   68 6.34215e-01
  8   70 5.59361e-01
  8   72 5.60260e-01
  8   74 5.78365e-01
  8   76 4.67011e-01
  8   78 5.31039e-01
  8   80 4.40320e-01
  8   82 5.74057e-01
  8   84 4.57072e-01
  8   86 6.18860e-01
  8   88 2.96208e-01
  8   90 5.29142e-01
  9    1 1.28706e-01
  9    3 7.38017e-01
  9    5 2.52029e+00
  9    7 1.03640e+01
  9    9 1.88122e+02
  9   11 1.31215e+01
  9   13 4.28042e+00
  9   15 2.04110e+00
  9   17 1.49965e+00
  9   19 1.23483e+00
  9   21 1.02465e+00
  9   23 1.01508e+00
  9   25 9.14383e-01
  9   27 7.84250e-01
  9   29 7.86251e-01
  9   31 7.42544e-01
  9   33 6.70929e-01
  9   35 6.45314e-01
  9   37 6.67001e-01
  9   39 6.33250e-01
  9   41 6.01066e-01
  9   43 5.91003e-01
  9   45 6.24066e-01
  9   47 6.11167e-01
  9   49 5.92360e-01
  9   51 6.03714e-01
  9   53 6.24983e-01
  9   55 5.98667e-01
  9   57 6.20487e-01
  9   59 6.29220e-01
  9   61 6.24876e-01
  9   63 6.20002e-01
  9   65 6.37576e-01
  9   67 5.56745e-01
  9   69 5.96474e-01
  9   71 5.42495e-01
  9   73 5.85033e-01
  9   75 5.35054e-01
  9   77 4.70445e-01
  9   79 5.01494e-01
  9   81 4.16998e-01
  9   83 5.82020e-01
  9   85 4.50026e-01
  9   87 6.24616e-01
  9   89 2.88480e-01
  9   91 4.74534e-01
 10    2 3.14242e-01
 10    4 8.47642e-01
 10    6 2.66434e+00
 10    8 1.05024e+01
 10   10 1.63119e+02
 10   12 1.23597e+01
 10   14 3.98873e+00
 10   16 1.79871e+00
 10   18 1.33113e+00
 10   20 1.10084e+00
 10   22 9.19740e-01
 10   24 8.61808e-01
 10   26 8.13819e-01
 10   28 7.26453e-01
 10   30 7.00839e-01
 10   32 6.67975e-01
 10   34 6.00086e-01
 10   36 5.89332e-01
 10   38 5.76906e-01
 10   40 5.71362e-01
 10   42 5.68421e-01
 10   44 5.71545e-01
 10   46 5.59367e-01
 10   48 5.67627e-01
 10   50 5.44309e-01
 10   52 5.73192e-01
 10   54 5.61469e-01
 10   56 5.70955e-01
 10   58 5.99244e-01
 10   60 5.97127e-01
 10   62 5.50445e-01
 10   64 6.36265e-01
 10   66 5.15946e-01
 10   68 6.15584e-01
 10   70 4.97762e-01
 10   72 5.78094e-01
 10   74 5.06533e-01
 10   76 4.53979e-01
 10   78 5.02302e-01
 10   80 3.82367e-01
 10   82 5.37333e-01
 10   84 4.04660e-01
 10   86 5.85928e-01
 10   88 2.72923e-01
 10   90 4.59252e-01
 11    1 8.29534e-02
 11    3 4.12663e-01
 11    5 9.50202e-01
 11    7 2.76714e+00
 11    9 1.06319e+01
 11   11 1.44134e+02
 11   13 1.16924e+01
 11   15 3.74987e+00
 11   17 1.67312e+00
 11   19 1.20163e+00
 11   21 9.59229e-01
 11   23 8.12015e-01
 11   25 7.88596e-01
 11   27 7.05580e-01
 11   29 6.42026e-01
 11   31 6.18891e-01
 11   33 5.90960e-01
 11   35 5.40298e-01
 11   37 5.34182e-01
 11   39 5.15375e-01
 11   41 5.22032e-01
 11   43 4.89934e-01
 11   45 5.07044e-01
 11   47 5.23507e-01
 11   49 5.11371e-01
 11   51 4.93156e-01
 11   53 5.31896e-01
 11   55 5.09559e-01
 11   57 5.24685e-01
 11   59 5.07323e-01
 11   61 5.03286e-01
 11   63 4.90682e-01
 11   65 5.59151e-01
 11   67 4.29258e-01
 11   69 5.56369e-01
 11   71 4.14078e-01
 11   73 5.10746e-01
 11   75 4.11774e-01
 11   77 3.90492e-01
 11   79 4.17911e-01
 11   81 3.27769e-01
 11   83 4.70027e-01
 11   85 3.29446e-01
 11   87 4.78823e-01
 11   89 2.12781e-01
 11   91 3.58350e-01
 12    2 1.94607e-01
 12    4 5.22049e-01
 12    6 1.03678e+00
 12    8 2.84676e+00
 12   10 1.02205e+01
 12   12 1.29205e+02
 12   14 1.08825e+01
 12   16 3.55857e+00
 12   18 1.54262e+00
 12   20 1.09839e+00
 12   22 9.23824e-01
 12   24 7.53038e-01
 12   26 7.26678e-01
 12   28 6.48042e-01
 12   30 5.93983e-01
 12   32 5.61044e-01
 12   34 5.50915e-01
 12   36 5.03943e-01
 12   38 4.82268e-01
 12   40 4.67662e-01
 12   42 4.69977e-01
 12   44 4.69183e-01
 12   46 4.83091e-01
 12   48 4.82379e-01
 12   50 4.73583e-01
 12   52 4.80452e-01
 12   54 5.23507e-01
 12   56 4.77485e-01
 12   58 4.53470e-01
 12   60 4.90667e-01
 12   62 4.23774e-01
 12   64 5.14242e-01
 12   66 4.00130e-01
 12   68 5.31593e-01
 12   70 3.57442e-01
 12   72 4.72073e-01
 12   74 3.71876e-01
 12   76 3.88821e-01
 12   78 4.09156e-01
 12   80 2.79322e-01
 12   82 4.31455e-01
 12   84 3.06891e-01
 12   86 3.78225e-01
 12   88 2.02326e-01
 12   90 3.05150e-01
 13    1 4.55411e-02
 13    3 2.89381e-01
 13    5 5.89897e-01
 13    7 1.08702e+00
 13    9 2.91658e+00
 13   11 9.83250e+00
 13   13 1.17021e+02
 13   15 1.01899e+01
 13   17 3.36802e+00
 13   19 1.43591e+00
 13   21 1.02336e+00
 13   23 8.29641e-01
 13   25 6.75569e-01
 13   27 6.72413e-01
 13   29 5.92760e-01
 13   31 5.53168e-01
 13   33 5.21755e-01
 13   35 5.13833e-01
 13   37 4.63282e-01
 13   39 4.35092e-01
 13   41 4.33093e-01
 13   43 4.24509e-01
 13   45 4.33488e-01
 13   47 4.36898e-01
 13   49 4.33784e-01
 13   51 4.18924e-01
 13   53 4.56176e-01
 13   55 4.43018e-01
 13   57 4.26967e-01
 13   59 3.74032e-01
 13   61 4.14058e-01
 13   63 3.50925e-01
 13   65 4.84734e-01
 13   67 3.48262e-01
 13   69 4.74298e-01
 13   71 2.98762e-01
 13   73 4.24052e-01
 13   75 3.07414e-01
 13   77 3.44107e-01
 13   79 3.59141e-01
 13   81 2.49736e-01
 13   83 3.26736e-01
 13   85 2.72678e-01
 13   87 3.23473e-01
 13   89 1.72465e-01
 13   91 2.84575e-01
 14    2 1.35439e-01
 14    4 3.60689e-01
 14    6 6.57146e-01
 14    8 1.15627e+00
 14   10 2.81312e+00
 14   12 9.28144e+00
 14   14 1.06941e+02
 14   16 9.51129e+00
 14   18 3.17094e+00
 14   20 1.35082e+00
 14   22 9.61673e-01
 14   24 7.93752e-01
 14   26 6.44476e-01
 14   28 6.26247e-01
 14   30 5.56368e-01
 14   32 4.92541e-01
 14   34 4.92158e-01
 14   36 4.72818e-01
 14   38 4.25967e-01
 14   40 4.06408e-01
 14   42 4.07165e-01
 14   44 4.10865e-01
 14   46 4.06383e-01
 14   48 3.94079e-01
 14   50 4.10478e-01
 14   52 4.33220e-01
 14   54 3.95023e-01
 14   56 3.89333e-01
 14   58 3.41439e-01
 14   60 3.62940e-01
 14   62 3.48467e-01
 14   64 3.92369e-01
 14   66 3.31915e-01
 14   68 3.93402e-01
 14   70 2.98877e-01
 14   72 3.81648e-01
 14   74 3.24724e-01
 14   76 3.51195e-01
 14   78 3.45625e-01
 14   80 2.81579e-01
 14   82 3.23341e-01
 14   84 2.71023e-01
 14   86 3.14736e-01
 14   88 1.71804e-01
 14   90 2.62929e-01
 15    1 4.24399e-02
 15    3 2.05215e-01
 15    5 4.07379e-01
 15    7 7.07167e-01
 15    9 1.20050e+00
 15   11 2.72198e+00
 15   13 8.79582e+00
 15   15 9.86265e+01
 15   17 8.89625e+00
 15   19 3.00108e+00
 15   21 1.28630e+00
 15   23 9.07320e-01
 15   25 7.19111e-01
 15   27 6.10688e-01
 15   29 5.67079e-01
 15   31 5.22466e-01
 15   33 4.59539e-01
 15   35 4.59898e-01
 15   37 4.36103e-01
 15   39 3.94886e-01
 15   41 3.76413e-01
 15   43 3.81842e-01
 15   45 3.58528e-01
 15   47 3.83842e-01
 15   49 3.63034e-01
 15   51 3.89476e-01
 15   53 3.58615e-01
 15   55 3.43209e-01
 15   57 3.13894e-01
 15   59 3.07892e-01
 15   61 3.10629e-01
 15   63 3.02045e-01
 15   65 3.29705e-01
 15   67 3.11689e-01
 15   69 3.35617e-01
 15   71 2.66074e-01
 15   73 3.46744e-01
 15   75 2.88761e-01
 15   77 3.15989e-01
 15   79 3.22873e-01
 15   81 2.51180e-01
 15   83 2.98073e-01
 15   85 2.56126e-01
 15   87 2.87415e-01
 15   89 1.63314e-01
 15   91 2.33183e-01
 16    2 1.18144e-01
 16    4 2.56955e-01
 16    6 4.62133e-01
 16    8 7.50294e-01
 16   10 1.10643e+00
 16   12 2.64712e+00
 16   14 8.29563e+00
 16   16 9.15760e+01
 16   18 8.32076e+00
 16   20 2.86308e+00
 16   22 1.21051e+00
 16   24 8.69366e-01
 16   26 6.71754e-01
 16   28 5.51382e-01
 16   30 5.53311e-01
 16   32 4.93887e-01
 16   34 4.34666e-01
 16   36 4.22044e-01
 16   38 4.05583e-01
 16   40 3.81828e-01
 16   42 3.64649e-01
 16   44 3.69249e-01
 16   46 3.37621e-01
 16   48 3.49418e-01
 16   50 3.67955e-01
 16   52 3.38914e-01
 16   54 3.35708e-01
 16   56 2.75401e-01
 16   58 2.92857e-01
 16   60 2.80344e-01
 16   62 3.04209e-01
 16   64 2.90005e-01
 16   66 2.86104e-01
 16   68 3.13726e-01
 16   70 2.69431e-01
 16   72 3.27764e-01
 16   74 2.90954e-01
 16   76 3.27952e-01
 16   78 2.81447e-01
 16   80 3.30966e-01
 16   82 2.53010e-01
 16   84 2.66910e-01
 16   86 2.59798e-01
 16   88 1.39248e-01
 16   90 2.23597e-01
 17    1 3.34292e-02
 17    3 1.67511e-01
 17    5 3.10841e-01
 17    7 4.99059e-01
 17    9 7.76282e-01
 17   11 1.06889e+00
 17   13 2.55869e+00
 17   15 7.82964e+00
 17   17 8.55352e+01
 17   19 7.80497e+00
 17   21 2.71458e+00
 17   23 1.14092e+00
 17   25 8.32955e-01
 17   27 6.52065e-01
 17   29 5.34998e-01
 17   31 5.07530e-01
 17   33 4.64595e-01
 17   35 3.97103e-01
 17   37 3.85189e-01
 17   39 3.93855e-01
 17   41 3.59405e-01
 17   43 3.41943e-01
 17   45 3.30858e-01
 17   47 3.36573e-01
 17   49 3.21524e-01
 17   51 3.48162e-01
 17   53 2.88809e-01
 17   55 3.04729e-01
 17   57 2.35361e-01
 17   59 2.68404e-01
 17   61 2.61255e-01
 17   63 2.78656e-01
 17   65 2.62360e-01
 17   67 2.64465e-01
 17   69 2.48253e-01
 17   71 2.35517e-01
 17   73 3.13789e-01
 17   75 2.64625e-01
 17   77 3.08401e-01
 17   79 2.44094e-01
 17   81 2.94909e-01
 17   83 2.48222e-01
 17   85 2.29495e-01
 17   87 2.32844e-01
 17   89 1.30853e-01
 17   91 2.07139e-01
 18    2 8.75313e-02
 18    4 2.21706e-01
 18    6 3.51728e-01
 18    8 5.33902e-01
 18   10 7.26391e-01
 18   12 1.01799e+00
 18   14 2.45349e+00
 18   16 7.38159e+00
 18   18 8.03252e+01
 18   20 7.35015e+00
 18   22 2.57429e+00
 18   24 1.09283e+00
 18   26 7.78635e-01
 18   28 6.17618e-01
 18   30 4.99972e-01
 18   32 4.83403e-01
 18   34 4.44443e-01
 18   36 3.82369e-01
 18   38 3.80165e-01
 18   40 3.70498e-01
 18   42 3.48190e-01
 18   44 3.35765e-01
 18   46 3.16750e-01
 18   48 3.09730e-01
 18   50 3.18360e-01
 18   52 3.02041e-01
 18   54 2.58946e-01
 18   56 2.53616e-01
 18   58 2.52636e-01
 18   60 2.54828e-01
 18   62 2.62618e-01
 18   64 2.42040e-01
 18   66 2.61464e-01
 18   68 2.32532e-01
 18   70 2.41869e-01
 18   72 2.55196e-01
 18   74 2.55483e-01
 18   76 2.72771e-01
 18   78 2.33578e-01
 18   80 2.99059e-01
 18   82 2.59673e-01
 18   84 2.53716e-01
 18   86 2.40003e-01
 18   88 1.44283e-01
 18   90 2.09680e-01
 19    1 2.34345e-02
 19    3 1.37904e-01
 19    5 2.72378e-01
 19    7 3.82782e-01
 19    9 5.71068e-01
 19   11 6.85840e-01
 19   13 9.74580e-01
 19   15 2.35972e+00
 19   17 6.97300e+00
 19   19 7.56386e+01
 19   21 6.92976e+00
 19   23 2.44954e+00
 19   25 1.03781e+00
 19   27 7.58087e-01
 19   29 5.89394e-01
 19   31 4.73501e-01
 19   33 4.83797e-01
 19   35 4.22670e-01
 19   37 3.74638e-01
 19   39 3.76289e-01
 19   41 3.52296e-01
 19   43 3.13645e-01
 19   45 3.09806e-01
 19   47 3.01909e-01
 19   49 2.95967e-01
 19   51 2.72902e-01
 19   53 2.51657e-01
 19   55 2.61088e-01
 19   57 2.28074e-01
 19   59 2.37441e-01
 19   61 2.38912e-01
 19   63 2.53387e-01
 19   65 2.16747e-01
 19   67 2.29580e-01
 19   69 2.19638e-01
 19   71 2.27888e-01
 19   73 2.24060e-01
 19   75 2.38205e-01
 19   77 2.87824e-01
 19   79 1.93323e-01
 19   81 2.81201e-01
 19   83 2.11680e-01
 19   85 2.41391e-01
 19   87 2.17079e-01
 19   89 1.27394e-01
 19   91 1.75097e-01
 20    2 7.19135e-02
 20    4 1.84757e-01
 20    6 3.02343e-01
 20    8 4.08459e-01
 20   10 5.40076e-01
 20   12 6.51664e-01
 20   14 9.39673e-01
 20   16 2.28351e+00
 20   18 6.60812e+00
 20   20 7.15338e+01
 20   22 6.55276e+00
 20   24 2.34521e+00
 20   26 9.82175e-01
 20   28 7.12819e-01
 20   30 5.67154e-01
 20   32 4.46556e-01
 20   34 4.57423e-01
 20   36 4.39120e-01
 20   38 3.70592e-01
 20   40 3.52111e-01
 20   42 3.38738e-01
 20   44 3.03345e-01
 20   46 3.16839e-01
 20   48 2.99320e-01
 20   50 2.71076e-01
 20   52 2.34194e-01
 20   54 2.27411e-01
 20   56 2.19138e-01
 20   58 2.47314e-01
 20   60 2.29800e-01
 20   62 2.14567e-01
 20   64 2.14069e-01
 20   66 2.33491e-01
 20   68 1.87461e-01
 20   70 2.22923e-01
 20   72 2.17891e-01
 20   74 2.25526e-01
 20   76 2.49526e-01
 20   78 2.13990e-01
 20   80 2.67056e-01
 20   82 2.14665e-01
 20   84 2.30714e-01
 20   86 2.01294e-01
 20   88 1.34838e-01
 20   90 2.15360e-01
 21    1 2.56507e-02
 21    3 1.22658e-01
 21    5 2.16778e-01
 21    7 3.29696e-01
 21    9 4.28441e-01
 21   11 4.95009e-01
 21   13 6.27997e-01
 21   15 9.14459e-01
 21   17 2.19276e+00
 21   19 6.26553e+00
 21   21 6.78761e+01
 21   23 6.23724e+00
 21   25 2.22809e+00
 21   27 9.27866e-01
 21   29 6.87220e-01
 21   31 5.33336e-01
 21   33 4.33983e-01
 21   35 4.59066e-01
 21   37 4.16468e-01
 21   39 3.49481e-01
 21   41 3.27971e-01
 21   43 3.24375e-01
 21   45 3.03119e-01
 21   47 2.92779e-01
 21   49 2.75282e-01
 21   51 2.21595e-01
 21   53 2.22747e-01
 21   55 2.10998e-01
 21   57 2.15717e-01
 21   59 2.40689e-01
 21   61 2.03467e-01
 21   63 2.11718e-01
 21   65 1.93170e-01
 21   67 2.03196e-01
 21   69 1.82433e-01
 21   71 2.15891e-01
 21   73 1.90867e-01
 21   75 2.14111e-01
 21   77 2.14787e-01
 21   79 2.04820e-01
 21   81 2.40596e-01
 21   83 1.87383e-01
 21   85 2.24256e-01
 21   87 1.87174e-01
 21   89 1.26018e-01
 21   91 1.79753e-01
 22    2 6.70840e-02
 22    4 1.48748e-01
 22    6 2.45123e-01
 22    8 3.55781e-01
 22   10 4.10070e-01
 22   12 4.98101e-01
 22   14 6.07950e-01
 22   16 8.77399e-01
 22   18 2.10329e+00
 22   20 5.95504e+00
 22   22 6.45812e+01
 22   24 5.90741e+00
 22   26 2.11781e+00
 22   28 8.84423e-01
 22   30 6.62555e-01
 22   32 5.22152e-01
 22   34 4.20536e-01
 22   36 4.24341e-01
 22   38 3.99889e-01
 22   40 3.44758e-01
 22   42 3.30299e-01
 22   44 3.27052e-01
 22   46 2.78251e-01
 22   48 2.72525e-01
 22   50 2.31100e-01
 22   52 2.22890e-01
 22   54 2.22647e-01
 22   56 2.05855e-01
 22   58 2.15739e-01
 22   60 1.98744e-01
 22   62 2.09211e-01
 22   64 1.79077e-01
 22   66 1.92631e-01
 22   68 1.59917e-01
 22   70 2.41725e-01
 22   72 1.80311e-01
 22   74 1.98933e-01
 22   76 1.89698e-01
 22   78 1.89705e-01
 22   80 2.51827e-01
 22   82 1.81688e-01
 22   84 2.27032e-01
 22   86 1.89788e-01
 22   88 1.31074e-01
 22   90 1.77994e-01
 23    1 2.17108e-02
 23    3 1.02762e-01
 23    5 1.82436e-01
 23    7 2.80053e-01
 23    9 3.87523e-01
 23   11 3.82590e-01
 23   13 4.64835e-01
 23   15 5.88927e-01
 23   17 8.41441e-01
 23   19 2.02210e+00
 23   21 5.69470e+00
 23   23 6.16361e+01
 23   25 5.61844e+00
 23   27 2.02148e+00
 23   29 8.43230e-01
 23   31 6.27088e-01
 23   33 4.95584e-01
 23   35 4.18562e-01
 23   37 4.06889e-01
 23   39 3.76793e-01
 23   41 3.27751e-01
 23   43 3.16720e-01
 23   45 2.98789e-01
 23   47 2.55625e-01
 23   49 2.45037e-01
 23   51 2.12843e-01
 23   53 2.08390e-01
 23   55 2.13419e-01
 23   57 2.13645e-01
 23   59 1.99821e-01
 23   61 1.73309e-01
 23   63 1.86895e-01
 23   65 1.65320e-01
 23   67 1.84109e-01
 23   69 1.42980e-01
 23   71 2.21006e-01
 23   73 1.69355e-01
 23   75 1.96564e-01
 23   77 1.76612e-01
 23   79 1.88417e-01
 23   81 2.28507e-01
 23   83 1.70804e-01
 23   85 2.08024e-01
 23   87 1.72190e-01
 23   89 1.08682e-01
 23   91 1.81388e-01
 24    2 5.82249e-02
 24    4 1.31267e-01
 24    6 2.05677e-01
 24    8 2.96511e-01
 24   10 3.52310e-01
 24   12 3.72277e-01
 24   14 4.60094e-01
 24   16 5.77768e-01
 24   18 8.18683e-01
 24   20 1.95417e+00
 24   22 5.41650e+00
 24   24 5.89031e+01
 24   26 5.36467e+00
 24   28 1.94502e+00
 24   30 8.02944e-01
 24   32 5.95126e-01
 24   34 4.76840e-01
 24   36 3.85009e-01
 24   38 3.91137e-01
 24   40 3.74122e-01
 24   42 3.31162e-01
 24   44 2.97935e-01
 24   46 2.77550e-01
 24   48 2.50747e-01
 24   50 2.25716e-01
 24   52 2.28928e-01
 24   54 2.05080e-01
 24   56 2.04387e-01
 24   58 1.90084e-01
 24   60 1.89012e-01
 24   62 1.69870e-01
 24   64 1.59809e-01
 24   66 1.78499e-01
 24   68 1.56997e-01
 24   70 2.06279e-01
 24   72 1.69637e-01
 24   74 2.00497e-01
 24   76 1.84826e-01
 24   78 1.66496e-01
 24   80 2.14026e-01
 24   82 1.76063e-01
 24   84 2.01283e-01
 24   86 1.65290e-01
 24   88 1.16275e-01
 24   90 1.51346e-01
 25    1 1.67687e-02
 25    3 8.96094e-02
 25    5 1.62378e-01
 25    7 2.23100e-01
 25    9 3.21319e-01
 25   11 3.42007e-01
 25   13 3.48409e-01
 25   15 4.29643e-01
 25   17 5.65456e-01
 25   19 7.88579e-01
 25   21 1.87250e+00
 25   23 5.17161e+00
 25   25 5.65091e+01
 25   27 5.15184e+00
 25   29 1.85018e+00
 25   31 7.58008e-01
 25   33 5.82833e-01
 25   35 4.81855e-01
 25   37 3.64053e-01
 25   39 3.70565e-01
 25   41 3.64682e-01
 25   43 3.14480e-01
 25   45 2.76874e-01
 25   47 2.44487e-01
 25   49 2.27391e-01
 25   51 1.96704e-01
 25   53 2.17086e-01
 25   55 2.07252e-01
 25   57 1.86484e-01
 25   59 1.72747e-01
 25   61 1.59564e-01
 25   63 1.47998e-01
 25   65 1.52455e-01
 25   67 1.74764e-01
 25   69 1.49674e-01
 25   71 2.06180e-01
 25   73 1.54030e-01
 25   75 1.80032e-01
 25   77 1.69491e-01
 25   79 1.57137e-01
 25   81 2.05209e-01
 25   83 1.64997e-01
 25   85 1.97120e-01
 25   87 1.64870e-01
 25   89 1.13462e-01
 25   91 1.43789e-01
 26    2 4.79635e-02
 26    4 1.14637e-01
 26    6 1.79435e-01
 26    8 2.46829e-01
 26   10 3.07332e-01
 26   12 3.31861e-01
 26   14 3.45091e-01
 26   16 4.12408e-01
 26   18 5.38844e-01
 26   20 7.56025e-01
 26   22 1.79380e+00
 26   24 4.95573e+00
 26   26 5.42101e+01
 26   28 4.92205e+00
 26   30 1.76530e+00
 26   32 7.35928e-01
 26   34 5.61076e-01
 26   36 4.55582e-01
 26   38 3.56026e-01
 26   40 3.67136e-01
 26   42 3.49376e-01
 26   44 2.87448e-01
 26   46 2.47809e-01
 26   48 2.64040e-01
 26   50 2.30910e-01
 26   52 2.07828e-01
 26   54 1.93271e-01
 26   56 1.85289e-01
 26   58 1.77921e-01
 26   60 1.61514e-01
 26   62 1.61856e-01
 26   64 1.57503e-01
 26   66 1.82768e-01
 26   68 1.77151e-01
 26   70 1.84617e-01
 26   72 1.58371e-01
 26   74 1.92015e-01
 26   76 1.64536e-01
 26   78 1.43466e-01
 26   80 2.17098e-01
 26   82 1.33376e-01
 26   84 1.94416e-01
 26   86 1.56761e-01
 26   88 1.04044e-01
 26   90 1.30380e-01
 27    1 1.35671e-02
 27    3 7.23576e-02
 27    5 1.39869e-01
 27    7 2.08806e-01
 27    9 2.55425e-01
 27   11 2.83614e-01
 27   13 3.21408e-01
 27   15 3.38168e-01
 27   17 4.10270e-01
 27   19 5.33887e-01
 27   21 7.22730e-01
 27   23 1.72457e+00
 27   25 4.77489e+00
 27   27 5.22010e+01
 27   29 4.72522e+00
 27   31 1.69837e+00
 27   33 7.07372e-01
 27   35 5.33475e-01
 27   37 4.33109e-01
 27   39 3.49561e-01
 27   41 3.65774e-01
 27   43 3.18749e-01
 27   45 2.49871e-01
 27   47 2.53419e-01
 27   49 2.51752e-01
 27   51 2.12187e-01
 27   53 1.90144e-01
 27   55 1.84356e-01
 27   57 1.66294e-01
 27   59 1.53537e-01
 27   61 1.58271e-01
 27   63 1.49241e-01
 27   65 1.57367e-01
 27   67 1.70945e-01
 27   69 1.71960e-01
 27   71 1.62873e-01
 27   73 1.51954e-01
 27   75 1.69390e-01
 27   77 1.67895e-01
 27   79 1.40004e-01
 27   81 1.92945e-01
 27   83 1.37822e-01
 27   85 1.67493e-01
 27   87 1.41358e-01
 27   89 1.04639e-01
 27   91 1.22298e-01
 28    2 4.06942e-02
 28    4 9.33420e-02
 28    6 1.60969e-01
 28    8 2.24297e-01
 28   10 2.55047e-01
 28   12 2.75138e-01
 28   14 3.11749e-01
 28   16 3.14703e-01
 28   18 3.97358e-01
 28   20 5.10104e-01
 28   22 6.96433e-01
 28   24 1.67040e+00
 28   26 4.57592e+00
 28   28 5.02681e+01
 28   30 4.55836e+00
 28   32 1.63176e+00
 28   34 6.64175e-01
 28   36 5.26821e-01
 28   38 4.38930e-01
 28   40 3.34341e-01
 28   42 3.24900e-01
 28   44 2.89463e-01
 28   46 2.64647e-01
 28   48 2.47367e-01
 28   50 2.28177e-01
 28   52 1.97784e-01
 28   54 1.81670e-01
 28   56 1.73773e-01
 28   58 1.55252e-01
 28   60 1.49805e-01
 28   62 1.71629e-01
 28   64 1.73304e-01
 28   66 1.73086e-01
 28   68 1.53121e-01
 28   70 1.72335e-01
 28   72 1.47989e-01
 28   74 1.69492e-01
 28   76 1.57584e-01
 28   78 1.37644e-01
 28   80 1.85223e-01
 28   82 1.39790e-01
 28   84 1.57330e-01
 28   86 1.43487e-01
 28   88 1.01903e-01
 28   90 1.32628e-01
 29    1 1.30836e-02
 29    3 6.40087e-02
 29    5 1.13621e-01
 29    7 1.74765e-01
 29    9 2.38748e-01
 29   11 2.40605e-01
 29   13 2.64162e-01
 29   15 2.92770e-01
 29   17 3.13834e-01
 29   19 3.86996e-01
 29   21 4.99064e-01
 29   23 6.70700e-01
 29   25 1.59877e+00
 29   27 4.40547e+00
 29   29 4.86010e+01
 29   31 4.39370e+00
 29   33 1.54911e+00
 29   35 6.28744e-01
 29   37 5.10873e-01
 29   39 4.07402e-01
 29   41 3.01683e-01
 29   43 3.02083e-01
 29   45 2.96771e-01
 29   47 2.44275e-01
 29   49 2.32256e-01
 29   51 2.27359e-01
 29   53 2.02564e-01
 29   55 1.72063e-01
 29   57 1.61327e-01
 29   59 1.43547e-01
 29   61 1.48594e-01
 29   63 1.65882e-01
 29   65 1.56258e-01
 29   67 1.59368e-01
 29   69 1.59264e-01
 29   71 1.62884e-01
 29   73 1.47387e-01
 29   75 1.76095e-01
 29   77 1.42735e-01
 29   79 1.31212e-01
 29   81 1.81329e-01
 29   83 1.20000e-01
 29   85 1.55669e-01
 29   87 1.20680e-01
 29   89 9.32339e-02
 29   91 1.20071e-01
 30    2 3.61714e-02
 30    4 8.40206e-02
 30    6 1.30963e-01
 30    8 1.94897e-01
 30   10 2.30014e-01
 30   12 2.35746e-01
 30   14 2.58908e-01
 30   16 2.95217e-01
 30   18 3.00698e-01
 30   20 3.79406e-01
 30   22 4.87714e-01
 30   24 6.44625e-01
 30   26 1.53417e+00
 30   28 4.26121e+00
 30   30 4.69819e+01
 30   32 4.22594e+00
 30   34 1.49274e+00
 30   36 6.21064e-01
 30   38 4.93450e-01
 30   40 3.77774e-01
 30   42 2.80532e-01
 30   44 2.98405e-01
 30   46 2.89398e-01
 30   48 2.26126e-01
 30   50 2.36184e-01
 30   52 2.15928e-01
 30   54 1.81397e-01
 30   56 1.54615e-01
 30   58 1.54827e-01
 30   60 1.70392e-01
 30   62 1.72389e-01
 30   64 1.57322e-01
 30   66 1.62430e-01
 30   68 1.37905e-01
 30   70 1.48697e-01
 30   72 1.57250e-01
 30   74 1.62271e-01
 30   76 1.39695e-01
 30   78 1.43505e-01
 30   80 1.61609e-01
 30   82 1.33182e-01
 30   84 1.34990e-01
 30   86 1.11125e-01
 30   88 8.81904e-02
 30   90 1.28502e-01
 31    1 1.14049e-02
 31    3 5.87623e-02
 31    5 1.07717e-01
 31    7 1.49610e-01
 31    9 2.11302e-01
 31   11 2.17355e-01
 31   13 2.31021e-01
 31   15 2.52781e-01
 31   17 2.79006e-01
 31   19 2.91356e-01
 31   21 3.62965e-01
 31   23 4.67426e-01
 31   25 6.13830e-01
 31   27 1.48390e+00
 31   29 4.11749e+00
 31   31 4.55179e+01
 31   33 4.06833e+00
 31   35 1.44244e+00
 31   37 5.89140e-01
 31   39 4.71247e-01
 31   41 3.57557e-01
 31   43 2.71213e-01
 31   45 2.86928e-01
 31   47 2.76821e-01
 31   49 2.30220e-01
 31   51 2.10268e-01
 31   53 1.94451e-01
 31   55 1.76896e-01
 31   57 1.53122e-01
 31   59 1.53000e-01
 31   61 1.74434e-01
 31   63 1.69130e-01
 31   65 1.54124e-01
 31   67 1.49842e-01
 31   69 1.33719e-01
 31   71 1.45396e-01
 31   73 1.38576e-01
 31   75 1.53542e-01
 31   77 1.26843e-01
 31   79 1.44901e-01
 31   81 1.50069e-01
 31   83 1.23751e-01
 31   85 1.21439e-01
 31   87 1.11019e-01
 31   89 8.95445e-02
 31   91 1.16698e-01
 32    2 3.20210e-02
 32    4 7.84364e-02
 32    6 1.23746e-01
 32    8 1.64126e-01
 32   10 2.05925e-01
 32   12 2.09161e-01
 32   14 2.15298e-01
 32   16 2.47522e-01
 32   18 2.73092e-01
 32   20 2.80604e-01
 32   22 3.61039e-01
 32   24 4.48791e-01
 32   26 6.00766e-01
 32   28 1.43283e+00
 32   30 3.96951e+00
 32   32 4.40990e+01
 32   34 3.95279e+00
 32   36 1.39097e+00
 32   38 5.48266e-01
 32   40 4.53346e-01
 32   42 3.51858e-01
 32   44 2.59921e-01
 32   46 2.78830e-01
 32   48 2.69514e-01
 32   50 2.20734e-01
 32   52 1.96856e-01
 32   54 1.91724e-01
 32   56 1.88497e-01
 32   58 1.73398e-01
 32   60 1.75412e-01
 32   62 1.59329e-01
 32   64 1.55661e-01
 32   66 1.46105e-01
 32   68 1.36509e-01
 32   70 1.65073e-01
 32   72 1.33544e-01
 32   74 1.36723e-01
 32   76 1.20220e-01
 32   78 1.35817e-01
 32   80 1.34515e-01
 32   82 1.17234e-01
 32   84 1.18454e-01
 32   86 1.05456e-01
 32   88 1.00424e-01
 32   90 1.05880e-01
 33    1 9.90375e-03
 33    3 4.83295e-02
 33    5 9.09578e-02
 33    7 1.38162e-01
 33    9 1.79730e-01
 33   11 1.95378e-01
 33   13 2.05128e-01
 33   15 2.09301e-01
 33   17 2.40430e-01
 33   19 2.80239e-01
 33   21 2.78035e-01
 33   23 3.47749e-01
 33   25 4.44306e-01
 33   27 5.81814e-01
 33   29 1.36662e+00
 33   31 3.82983e+00
 33   33 4.28413e+01
 33   35 3.81484e+00
 33   37 1.32781e+00
 33   39 5.22412e-01
 33   41 4.36277e-01
 33   43 3.43384e-01
 33   45 2.48060e-01
 33   47 2.69763e-01
 33   49 2.62825e-01
 33   51 2.08136e-01
 33   53 1.90298e-01
 33   55 1.84980e-01
 33   57 1.75221e-01
 33   59 1.73763e-01
 33   61 1.59679e-01
 33   63 1.49748e-01
 33   65 1.42240e-01
 33   67 1.36199e-01
 33   69 1.31495e-01
 33   71 1.58611e-01
 33   73 1.30517e-01
 33   75 1.27508e-01
 33   77 1.24033e-01
 33   79 1.33852e-01
 33   81 1.30985e-01
 33   83 1.06759e-01
 33   85 1.14629e-01
 33   87 1.07786e-01
 33   89 7.83402e-02
 33   91 1.19170e-01
 34    2 3.22178e-02
 34    4 6.85611e-02
 34    6 1.12936e-01
 34    8 1.51841e-01
 34   10 1.74510e-01
 34   12 1.93744e-01
 34   14 2.02936e-01
 34   16 2.05494e-01
 34   18 2.36850e-01
 34   20 2.71140e-01
 34   22 2.74295e-01
 34   24 3.39208e-01
 34   26 4.32065e-01
 34   28 5.50146e-01
 34   30 1.32268e+00
 34   32 3.72873e+00
 34   34 4.15817e+01
 34   36 3.68706e+00
 34   38 1.27601e+00
 34   40 5.11579e-01
 34   42 4.23520e-01
 34   44 3.36835e-01
 34   46 2.43103e-01
 34   48 2.59742e-01
 34   50 2.50552e-01
 34   52 1.99756e-01
 34   54 1.98424e-01
 34   56 2.04470e-01
 34   58 1.87564e-01
 34   60 1.69068e-01
 34   62 1.51330e-01
 34   64 1.39782e-01
 34   66 1.31650e-01
 34   68 1.47687e-01
 34   70 1.45041e-01
 34   72 1.28114e-01
 34   74 1.32194e-01
 34   76 1.11641e-01
 34   78 1.09797e-01
 34   80 1.17266e-01
 34   82 1.08733e-01
 34   84 1.05178e-01
 34   86 8.88436e-02
 34   88 8.14516e-02
 34   90 1.11034e-01
 35    1 8.79475e-03
 35    3 4.66720e-02
 35    5 8.23312e-02
 35    7 1.23220e-01
 35    9 1.63387e-01
 35   11 1.68831e-01
 35   13 1.90933e-01
 35   15 1.97976e-01
 35   17 1.94231e-01
 35   19 2.31403e-01
 35   21 2.77973e-01
 35   23 2.77594e-01
 35   25 3.47181e-01
 35   27 4.14717e-01
 35   29 5.24253e-01
 35   31 1.28341e+00
 35   33 3.60560e+00
 35   35 4.04550e+01
 35   37 3.55694e+00
 35   39 1.22131e+00
 35   41 4.84400e-01
 35   43 4.11469e-01
 35   45 3.23566e-01
 35   47 2.36612e-01
 35   49 2.41683e-01
 35   51 2.35890e-01
 35   53 1.91287e-01
 35   55 1.85806e-01
 35   57 1.98021e-01
 35   59 1.74495e-01
 35   61 1.62784e-01
 35   63 1.42021e-01
 35   65 1.26778e-01
 35   67 1.25359e-01
 35   69 1.47147e-01
 35   71 1.49175e-01
 35   73 1.19332e-01
 35   75 1.21305e-01
 35   77 1.04197e-01
 35   79 1.07571e-01
 35   81 1.16829e-01
 35   83 1.00849e-01
 35   85 1.05697e-01
 35   87 9.00467e-02
 35   89 8.61054e-02
 35   91 1.00767e-01
 36    2 2.77344e-02
 36    4 6.23255e-02
 36    6 9.71566e-02
 36    8 1.41283e-01
 36   10 1.62280e-01
 36   12 1.67812e-01
 36   14 1.84607e-01
 36   16 1.88930e-01
 36   18 1.92947e-01
 36   20 2.46466e-01
 36   22 2.62077e-01
 36   24 2.59336e-01
 36   26 3.32195e-01
 36   28 4.13197e-01
 36   30 5.21082e-01
 36   32 1.24244e+00
 36   34 3.49124e+00
 36   36 3.93407e+01
 36   38 3.45431e+00
 36   40 1.18234e+00
 36   42 4.69392e-01
 36   44 3.95654e-01
 36   46 3.05777e-01
 36   48 2.30501e-01
 36   50 2.39030e-01
 36   52 2.33564e-01
 36   54 2.09353e-01
 36   56 2.06439e-01
 36   58 1.86609e-01
 36   60 1.58290e-01
 36   62 1.46752e-01
 36   64 1.44053e-01
 36   66 1.34325e-01
 36   68 1.35315e-01
 36   70 1.18100e-01
 36   72 1.24419e-01
 36   74 1.30696e-01
 36   76 1.06867e-01
 36   78 1.00060e-01
 36   80 1.16490e-01
 36   82 9.94794e-02
 36   84 1.00173e-01
 36   86 8.93116e-02
 36   88 8.74499e-02
 36   90 8.69718e-02
 37    1 8.77760e-03
 37    3 4.20184e-02
 37    5 7.50448e-02
 37    7 1.17107e-01
 37    9 1.60187e-01
 37   11 1.58330e-01
 37   13 1.63290e-01
 37   15 1.78071e-01
 37   17 1.78708e-01
 37   19 1.94551e-01
 37   21 2.39202e-01
 37   23 2.55964e-01
 37   25 2.48804e-01
 37   27 3.19366e-01
 37   29 4.04049e-01
 37   31 4.97207e-01
 37   33 1.19040e+00
 37   35 3.37389e+00
 37   37 3.83472e+01
 37   39 3.34539e+00
 37   41 1.14414e+00
 37   43 4.60273e-01
 37   45 3.79282e-01
 37   47 2.90726e-01
 37   49 2.07583e-01
 37   51 2.33406e-01
 37   53 2.24244e-01
 37   55 2.02871e-01
 37   57 1.95689e-01
 37   59 1.74158e-01
 37   61 1.63418e-01
 37   63 1.34753e-01
 37   65 1.40505e-01
 37   67 1.32481e-01
 37   69 1.30400e-01
 37   71 1.21581e-01
 37   73 1.20541e-01
 37   75 1.10374e-01
 37   77 9.90824e-02
 37   79 1.00239e-01
 37   81 1.09193e-01
 37   83 1.05646e-01
 37   85 9.33435e-02
 37   87 7.78028e-02
 37   89 8.48064e-02
 37   91 8.68004e-02
 38    2 2.51741e-02
 38    4 5.90582e-02
 38    6 9.63937e-02
 38    8 1.32404e-01
 38   10 1.50933e-01
 38   12 1.52581e-01
 38   14 1.58016e-01
 38   16 1.72502e-01
 38   18 1.82263e-01
 38   20 1.97624e-01
 38   22 2.34652e-01
 38   24 2.50318e-01
 38   26 2.46649e-01
 38   28 3.27085e-01
 38   30 3.93355e-01
 38   32 4.65285e-01
 38   34 1.14795e+00
 38   36 3.28196e+00
 38   38 3.73580e+01
 38   40 3.25156e+00
 38   42 1.11477e+00
 38   44 4.31955e-01
 38   46 3.60178e-01
 38   48 2.90215e-01
 38   50 2.11521e-01
 38   52 2.29400e-01
 38   54 2.49100e-01
 38   56 2.02032e-01
 38   58 1.78816e-01
 38   60 1.65750e-01
 38   62 1.45803e-01
 38   64 1.54003e-01
 38   66 1.26511e-01
 38   68 1.24620e-01
 38   70 1.14892e-01
 38   72 1.23543e-01
 38   74 1.08791e-01
 38   76 1.05130e-01
 38   78 1.05612e-01
 38   80 1.01522e-01
 38   82 9.25903e-02
 38   84 8.98449e-02
 38   86 8.63513e-02
 38   88 7.58011e-02
 38   90 8.91245e-02
 39    1 8.58080e-03
 39    3 3.97969e-02
 39    5 7.37165e-02
 39    7 1.13359e-01
 39    9 1.44720e-01
 39   11 1.45361e-01
 39   13 1.45930e-01
 39   15 1.53437e-01
 39   17 1.73884e-01
 39   19 1.85950e-01
 39   21 1.91011e-01
 39   23 2.25559e-01
 39   25 2.40996e-01
 39   27 2.45283e-01
 39   29 3.06617e-01
 39   31 3.78460e-01
 39   33 4.45677e-01
 39   35 1.10238e+00
 39   37 3.18346e+00
 39   39 3.64697e+01
 39   41 3.16046e+00
 39   43 1.07225e+00
 39   45 4.05546e-01
 39   47 3.43860e-01
 39   49 2.78973e-01
 39   51 2.10290e-01
 39   53 2.32872e-01
 39   55 2.39377e-01
 39   57 1.91705e-01
 39   59 1.74055e-01
 39   61 1.55396e-01
 39   63 1.36638e-01
 39   65 1.42298e-01
 39   67 1.28514e-01
 39   69 1.27414e-01
 39   71 1.09201e-01
 39   73 1.09681e-01
 39   75 1.19995e-01
 39   77 1.03072e-01
 39   79 9.52495e-02
 39   81 1.02985e-01
 39   83 9.02606e-02
 39   85 8.57272e-02
 39   87 7.47423e-02
 39   89 7.26353e-02
 39   91 8.49335e-02
 40    2 2.25030e-02
 40    4 5.29473e-02
 40    6 8.53934e-02
 40    8 1.21796e-01
 40   10 1.42459e-01
 40   12 1.41008e-01
 40   14 1.43677e-01
 40   16 1.54769e-01
 40   18 1.69283e-01
 40   20 1.78947e-01
 40   22 1.92797e-01
 40   24 2.28179e-01
 40   26 2.42396e-01
 40   28 2.37441e-01
 40   30 2.86994e-01
 40   32 3.66655e-01
 40   34 4.38615e-01
 40   36 1.07057e+00
 40   38 3.09879e+00
 40   40 3.55866e+01
 40   42 3.06273e+00
 40   44 1.03439e+00
 40   46 3.99174e-01
 40   48 3.44530e-01
 40   50 2.80522e-01
 40   52 2.19208e-01
 40   54 2.36184e-01
 40   56 2.18012e-01
 40   58 1.76736e-01
 40   60 1.62725e-01
 40   62 1.53462e-01
 40   64 1.37680e-01
 40   66 1.17880e-01
 40   68 1.33866e-01
 40   70 1.18042e-01
 40   72 1.04575e-01
 40   74 1.11474e-01
 40   76 1.04086e-01
 40   78 9.93229e-02
 40   80 1.03016e-01
 40   82 8.80552e-02
 40   84 8.35358e-02
 40   86 8.68925e-02
 40   88 7.98481e-02
 40   90 8.59939e-02
 41    1 6.84863e-03
 41    3 3.92352e-02
 41    5 6.71566e-02
 41    7 9.73294e-02
 41    9 1.31097e-01
 41   11 1.40521e-01
 41   13 1.38632e-01
 41   15 1.39586e-01
 41   17 1.51435e-01
 41   19 1.66150e-01
 41   21 1.71076e-01
 41   23 1.87249e-01
 41   25 2.26349e-01
 41   27 2.44949e-01
 41   29 2.16692e-01
 41   31 2.74053e-01
 41   33 3.55213e-01
 41   35 4.17282e-01
 41   37 1.03909e+00
 41   39 3.01626e+00
 41   41 3.47407e+01
 41   43 2.96655e+00
 41   45 1.00086e+00
 41   47 3.88156e-01
 41   49 3.34317e-01
 41   51 2.91456e-01
 41   53 2.07576e-01
 41   55 2.21485e-01
 41   57 2.15492e-01
 41   59 1.74276e-01
 41   61 1.54752e-01
 41   63 1.50972e-01
 41   65 1.32759e-01
 41   67 1.19274e-01
 41   69 1.22665e-01
 41   71 1.06544e-01
 41   73 1.09092e-01
 41   75 1.07478e-01
 41   77 9.72906e-02
 41   79 1.03923e-01
 41   81 9.37736e-02
 41   83 8.95267e-02
 41   85 7.97099e-02
 41   87 7.82551e-02
 41   89 7.54442e-02
 41   91 8.10365e-02
 42    2 2.00108e-02
 42    4 5.32417e-02
 42    6 7.85699e-02
 42    8 1.11274e-01
 42   10 1.35443e-01
 42   12 1.35425e-01
 42   14 1.37564e-01
 42   16 1.41253e-01
 42   18 1.52038e-01
 42   20 1.64520e-01
 42   22 1.76523e-01
 42   24 1.93025e-01
 42   26 2.20445e-01
 42   28 2.20508e-01
 42   30 2.03673e-01
 42   32 2.71960e-01
 42   34 3.47019e-01
 42   36 4.06177e-01
 42   38 1.01530e+00
 42   40 2.92697e+00
 42   42 3.39759e+01
 42   44 2.88751e+00
 42   46 9.73428e-01
 42   48 3.88381e-01
 42   50 3.47095e-01
 42   52 2.83725e-01
 42   54 1.99021e-01
 42   56 2.09802e-01
 42   58 2.08555e-01
 42   60 1.70874e-01
 42   62 1.56380e-01
 42   64 1.39953e-01
 42   66 1.34342e-01
 42   68 1.23097e-01
 42   70 1.10589e-01
 42   72 1.02188e-01
 42   74 9.74641e-02
 42   76 9.06108e-02
 42   78 1.01675e-01
 42   80 9.24807e-02
 42   82 8.74430e-02
 42   84 9.04222e-02
 42   86 8.42923e-02
 42   88 7.55431e-02
 42   90 8.60373e-02
 43    1 6.98547e-03
 43    3 3.55924e-02
 43    5 6.74633e-02
 43    7 9.54429e-02
 43    9 1.23349e-01
 43   11 1.26199e-01
 43   13 1.30030e-01
 43   15 1.35498e-01
 43   17 1.37869e-01
 43   19 1.41548e-01
 43   21 1.61910e-01
 43   23 1.73151e-01
 43   25 1.86780e-01
 43   27 2.04261e-01
 43   29 2.07631e-01
 43   31 1.98918e-01
 43   33 2.67534e-01
 43   35 3.39184e-01
 43   37 3.99999e-01
 43   39 9.79239e-01
 43   41 2.83873e+00
 43   43 3.31824e+01
 43   45 2.80614e+00
 43   47 9.42948e-01
 43   49 3.83591e-01
 43   51 3.31043e-01
 43   53 2.65234e-01
 43   55 1.88235e-01
 43   57 1.98750e-01
 43   59 2.02292e-01
 43   61 1.68623e-01
 43   63 1.47810e-01
 43   65 1.35485e-01
 43   67 1.27555e-01
 43   69 1.21968e-01
 43   71 1.11640e-01
 43   73 9.84349e-02
 43   75 9.13437e-02
 43   77 9.11638e-02
 43   79 9.24840e-02
 43   81 1.05766e-01
 43   83 7.80325e-02
 43   85 8.96567e-02
 43   87 8.20443e-02
 43   89 7.98020e-02
 43   91 8.99772e-02
 44    2 1.81507e-02
 44    4 4.86456e-02
 44    6 8.07099e-02
 44    8 1.10436e-01
 44   10 1.30482e-01
 44   12 1.29532e-01
 44   14 1.32998e-01
 44   16 1.37043e-01
 44   18 1.40471e-01
 44   20 1.41158e-01
 44   22 1.67465e-01
 44   24 1.66382e-01
 44   26 1.73772e-01
 44   28 1.88227e-01
 44   30 2.07573e-01
 44   32 1.92483e-01
 44   34 2.64430e-01
 44   36 3.28027e-01
 44   38 3.76931e-01
 44   40 9.47120e-01
 44   42 2.76654e+00
 44   44 3.25316e+01
 44   46 2.74519e+00
 44   48 9.25783e-01
 44   50 3.62346e-01
 44   52 3.09719e-01
 44   54 2.60065e-01
 44   56 2.01532e-01
 44   58 2.03981e-01
 44   60 1.91096e-01
 44   62 1.58410e-01
 44   64 1.41171e-01
 44   66 1.45283e-01
 44   68 1.29661e-01
 44   70 1.03588e-01
 44   72 1.01258e-01
 44   74 9.15107e-02
 44   76 8.45790e-02
 44   78 9.78295e-02
 44   80 9.70239e-02
 44   82 8.63022e-02
 44   84 8.35142e-02
 44   86 7.64727e-02
 44   88 8.07769e-02
 44   90 8.96292e-02
 45    1 7.09920e-03
 45    3 3.65277e-02
 45    5 6.07005e-02
 45    7 8.87559e-02
 45    9 1.24941e-01
 45   11 1.25284e-01
 45   13 1.27369e-01
 45   15 1.22040e-01
 45   17 1.27964e-01
 45   19 1.34118e-01
 45   21 1.45135e-01
 45   23 1.56691e-01
 45   25 1.57743e-01
 45   27 1.53597e-01
 45   29 1.95667e-01
 45   31 2.01868e-01
 45   33 1.85390e-01
 45   35 2.55854e-01
 45   37 3.16182e-01
 45   39 3.55274e-01
 45   41 9.18713e-01
 45   43 2.69179e+00
 45   45 3.18307e+01
 45   47 2.68581e+00
 45   49 8.95856e-01
 45   51 3.42733e-01
 45   53 3.02477e-01
 45   55 2.61806e-01
 45   57 1.88725e-01
 45   59 1.91828e-01
 45   61 1.93249e-01
 45   63 1.54525e-01
 45   65 1.36043e-01
 45   67 1.36511e-01
 45   69 1.17034e-01
 45   71 1.05159e-01
 45   73 9.86586e-02
 45   75 8.90678e-02
 45   77 9.35288e-02
 45   79 8.82994e-02
 45   81 9.27956e-02
 45   83 8.85464e-02
 45   85 8.34048e-02
 45   87 7.56922e-02
 45   89 6.93953e-02
 45   91 8.57761e-02
 46    2 2.11547e-02
 46    4 4.92086e-02
 46    6 7.65242e-02
 46    8 1.03931e-01
 46   10 1.22638e-01
 46   12 1.28083e-01
 46   14 1.26331e-01
 46   16 1.20336e-01
 46   18 1.27261e-01
 46   20 1.41591e-01
 46   22 1.36827e-01
 46   24 1.48852e-01
 46   26 1.43868e-01
 46   28 1.65266e-01
 46   30 1.93325e-01
 46   32 1.98298e-01
 46   34 1.83279e-01
 46   36 2.43459e-01
 46   38 3.01834e-01
 46   40 3.51005e-01
 46   42 8.95664e-01
 46   44 2.63634e+00
 46   46 3.12023e+01
 46   48 2.60110e+00
 46   50 8.63619e-01
 46   52 3.37609e-01
 46   54 3.05725e-01
 46   56 2.58143e-01
 46   58 1.80720e-01
 46   60 1.76932e-01
 46   62 1.93090e-01
 46   64 1.56339e-01
 46   66 1.35098e-01
 46   68 1.20047e-01
 46   70 1.05661e-01
 46   72 1.04913e-01
 46   74 9.58031e-02
 46   76 9.48740e-02
 46   78 8.78296e-02
 46   80 9.01064e-02
 46   82 8.52970e-02
 46   84 7.18235e-02
 46   86 8.21397e-02
 46   88 7.95387e-02
 46   90 8.38664e-02
 47    1 6.42100e-03
 47    3 3.13378e-02
 47    5 5.79147e-02
 47    7 8.38700e-02
 47    9 1.17637e-01
 47   11 1.24359e-01
 47   13 1.23417e-01
 47   15 1.25614e-01
 47   17 1.25150e-01
 47   19 1.25655e-01
 47   21 1.34773e-01
 47   23 1.28881e-01
 47   25 1.33915e-01
 47   27 1.49766e-01
 47   29 1.54839e-01
 47   31 1.87240e-01
 47   33 1.93829e-01
 47   35 1.79875e-01
 47   37 2.33004e-01
 47   39 2.89608e-01
 47   41 3.42544e-01
 47   43 8.69610e-01
 47   45 2.58215e+00
 47   47 3.05452e+01
 47   49 2.52681e+00
 47   51 8.45105e-01
 47   53 3.23408e-01
 47   55 2.91035e-01
 47   57 2.58444e-01
 47   59 1.73784e-01
 47   61 1.74713e-01
 47   63 1.86576e-01
 47   65 1.54013e-01
 47   67 1.22493e-01
 47   69 1.17516e-01
 47   71 1.03671e-01
 47   73 1.03760e-01
 47   75 8.56400e-02
 47   77 8.88983e-02
 47   79 8.89391e-02
 47   81 8.71903e-02
 47   83 8.62823e-02
 47   85 7.20271e-02
 47   87 7.15568e-02
 47   89 7.85171e-02
 47   91 8.63974e-02
 48    2 1.90666e-02
 48    4 4.23758e-02
 48    6 6.80607e-02
 48    8 9.52433e-02
 48   10 1.19772e-01
 48   12 1.23088e-01
 48   14 1.17903e-01
 48   16 1.19860e-01
 48   18 1.19764e-01
 48   20 1.28735e-01
 48   22 1.28976e-01
 48   24 1.29424e-01
 48   26 1.47531e-01
 48   28 1.48670e-01
 48   30 1.45381e-01
 48   32 1.84470e-01
 48   34 1.88464e-01
 48   36 1.76628e-01
 48   38 2.34065e-01
 48   40 2.91569e-01
 48   42 3.43926e-01
 48   44 8.55663e-01
 48   46 2.50336e+00
 48   48 2.99514e+01
 48   50 2.47326e+00
 48   52 8.35289e-01
 48   54 3.22339e-01
 48   56 2.83929e-01
 48   58 2.40764e-01
 48   60 1.72866e-01
 48   62 1.74264e-01
 48   64 1.76840e-01
 48   66 1.42703e-01
 48   68 1.17575e-01
 48   70 1.08823e-01
 48   72 1.07100e-01
 48   74 8.91974e-02
 48   76 1.04129e-01
 48   78 9.72003e-02
 48   80 8.61870e-02
 48   82 8.09249e-02
 48   84 7.37191e-02
 48   86 7.54099e-02
 48   88 7.72454e-02
 48   90 7.51759e-02
 49    1 6.93586e-03
 49    3 3.14926e-02
 49    5 5.71330e-02
 49    7 8.58780e-02
 49    9 1.09844e-01
 49   11 1.17030e-01
 49   13 1.18052e-01
 49   15 1.14457e-01
 49   17 1.15179e-01
 49   19 1.18673e-01
 49   21 1.22081e-01
 49   23 1.19021e-01
 49   25 1.19993e-01
 49   27 1.43335e-01
 49   29 1.41833e-01
 49   31 1.50021e-01
 49   33 1.81933e-01
 49   35 1.77007e-01
 49   37 1.60280e-01
 49   39 2.26359e-01
 49   41 2.84234e-01
 49   43 3.40810e-01
 49   45 8.29758e-01
 49   47 2.43433e+00
 49   49 2.93575e+01
 49   51 2.41016e+00
 49   53 8.14022e-01
 49   55 3.08664e-01
 49   57 2.77569e-01
 49   59 2.41994e-01
 49   61 1.65621e-01
 49   63 1.71202e-01
 49   65 1.72361e-01
 49   67 1.39152e-01
 49   69 1.16785e-01
 49   71 1.07504e-01
 49   73 9.83324e-02
 49   75 9.69126e-02
 49   77 8.50609e-02
 49   79 8.96606e-02
 49   81 8.44592e-02
 49   83 8.11830e-02
 49   85 7.25696e-02
 49   87 7.39821e-02
 49   89 7.81235e-02
 49   91 6.73558e-02
 50    2 1.77386e-02
 50    4 4.20961e-02
 50    6 6.82915e-02
 50    8 9.67860e-02
 50   10 1.10757e-01
 50   12 1.16536e-01
 50   14 1.18431e-01
 50   16 1.21719e-01
 50   18 1.18712e-01
 50   20 1.12431e-01
 50   22 1.05471e-01
 50   24 1.12351e-01
 50   26 1.24420e-01
 50   28 1.32247e-01
 50   30 1.46434e-01
 50   32 1.45696e-01
 50   34 1.75314e-01
 50   36 1.76634e-01
 50   38 1.64514e-01
 50   40 2.28937e-01
 50   42 2.96408e-01
 50   44 3.22962e-01
 50   46 8.01533e-01
 50   48 2.38508e+00
 50   50 2.88354e+01
 50   52 2.35537e+00
 50   54 7.79708e-01
 50   56 2.93429e-01
 50   58 2.78107e-01
 50   60 2.38708e-01
 50   62 1.65307e-01
 50   64 1.56818e-01
 50   66 1.64276e-01
 50   68 1.40620e-01
 50   70 1.07888e-01
 50   72 1.06883e-01
 50   74 1.00343e-01
 50   76 9.04233e-02
 50   78 8.83343e-02
 50   80 8.73024e-02
 50   82 7.64315e-02
 50   84 7.25826e-02
 50   86 7.12225e-02
 50   88 7.69752e-02
 50   90 7.41997e-02
 51    1 5.36336e-03
 51    3 2.92769e-02
 51    5 5.69781e-02
 51    7 8.41790e-02
 51    9 1.08060e-01
 51   11 1.08941e-01
 51   13 1.10048e-01
 51   15 1.18528e-01
 51   17 1.20389e-01
 51   19 1.05624e-01
 51   21 9.48587e-02
 51   23 9.97925e-02
 51   25 1.00194e-01
 51   27 1.16613e-01
 51   29 1.34020e-01
 51   31 1.32259e-01
 51   33 1.39071e-01
 51   35 1.66762e-01
 51   37 1.73959e-01
 51   39 1.64702e-01
 51   41 2.39187e-01
 51   43 2.83906e-01
 51   45 3.06419e-01
 51   47 7.85894e-01
 51   49 2.32644e+00
 51   51 2.83058e+01
 51   53 2.29542e+00
 51   55 7.55405e-01
 51   57 2.85998e-01
 51   59 2.63515e-01
 51   61 2.35567e-01
 51   63 1.65075e-01
 51   65 1.50398e-01
 51   67 1.60170e-01
 51   69 1.31298e-01
 51   71 1.07984e-01
 51   73 1.02959e-01
 51   75 9.16417e-02
 51   77 9.28784e-02
 51   79 9.02819e-02
 51   81 8.71723e-02
 51   83 8.12696e-02
 51   85 7.51944e-02
 51   87 6.39047e-02
 51   89 7.04537e-02
 51   91 7.39492e-02
 52    2 1.84506e-02
 52    4 4.59437e-02
 52    6 7.48713e-02
 52    8 9.84901e-02
 52   10 1.12686e-01
 52   12 1.14224e-01
 52   14 1.20761e-01
 52   16 1.08317e-01
 52   18 1.08814e-01
 52   20 9.38456e-02
 52   22 9.82806e-02
 52   24 1.10092e-01
 52   26 1.08192e-01
 52   28 1.10752e-01
 52   30 1.29343e-01
 52   32 1.25537e-01
 52   34 1.35040e-01
 52   36 1.66752e-01
 52   38 1.72380e-01
 52   40 1.72842e-01
 52   42 2.34089e-01
 52   44 2.66709e-01
 52   46 3.02731e-01
 52   48 7.78241e-01
 52   50 2.27564e+00
 52   52 2.78026e+01
 52   54 2.23292e+00
 52   56 7.31721e-01
 52   58 2.84790e-01
 52   60 2.61005e-01
 52   62 2.26167e-01
 52   64 1.58146e-01
 52   66 1.48508e-01
 52   68 1.50880e-01
 52   70 1.26539e-01
 52   72 1.07233e-01
 52   74 9.58810e-02
 52   76 9.27694e-02
 52   78 9.47964e-02
 52   80 8.01314e-02
 52   82 7.75646e-02
 52   84 6.91203e-02
 52   86 6.88989e-02
 52   88 7.58777e-02
 52   90 7.74901e-02
 53    1 6.13181e-03
 53    3 3.23678e-02
 53    5 5.87569e-02
 53    7 8.28099e-02
 53    9 1.08176e-01
 53   11 1.13622e-01
 53   13 1.15880e-01
 53   15 1.05535e-01
 53   17 9.65703e-02
 53   19 9.41878e-02
 53   21 9.22057e-02
 53   23 9.44806e-02
 53   25 1.06927e-01
 53   27 1.01050e-01
 53   29 1.15464e-01
 53   31 1.18275e-01
 53   33 1.22956e-01
 53   35 1.30768e-01
 53   37 1.61616e-01
 53   39 1.76371e-01
 53   41 1.64729e-01
 53   43 2.19962e-01
 53   45 2.61505e-01
 53   47 2.90826e-01
 53   49 7.59819e-01
 53   51 2.21968e+00
 53   53 2.73287e+01
 53   55 2.17680e+00
 53   57 7.10047e-01
 53   59 2.79473e-01
 53   61 2.50724e-01
 53   63 2.31735e-01
 53   65 1.52402e-01
 53   67 1.39378e-01
 53   69 1.49027e-01
 53   71 1.20887e-01
 53   73 1.02689e-01
 53   75 9.46937e-02
 53   77 9.27947e-02
 53   79 8.30215e-02
 53   81 8.47360e-02
 53   83 7.42090e-02
 53   85 7.30382e-02
 53   87 6.82255e-02
 53   89 7.90713e-02
 53   91 7.52436e-02
 54    2 1.93536e-02
 54    4 4.39322e-02
 54    6 6.74344e-02
 54    8 9.03670e-02
 54   10 1.06831e-01
 54   12 1.20456e-01
 54   14 1.06571e-01
 54   16 1.03841e-01
 54   18 9.02881e-02
 54   20 8.81965e-02
 54   22 9.50158e-02
 54   24 9.54509e-02
 54   26 9.73774e-02
 54   28 9.84561e-02
 54   30 1.05164e-01
 54   32 1.18331e-01
 54   34 1.29825e-01
 54   36 1.44658e-01
 54   38 1.81163e-01
 54   40 1.80237e-01
 54   42 1.58922e-01
 54   44 2.16747e-01
 54   46 2.65323e-01
 54   48 2.90664e-01
 54   50 7.29081e-01
 54   52 2.16109e+00
 54   54 2.68655e+01
 54   56 2.13560e+00
 54   58 7.00080e-01
 54   60 2.66517e-01
 54   62 2.46896e-01
 54   64 2.16354e-01
 54   66 1.51739e-01
 54   68 1.37309e-01
 54   70 1.37695e-01
 54   72 1.11614e-01
 54   74 9.83762e-02
 54   76 1.00262e-01
 54   78 9.28979e-02
 54   80 8.22862e-02
 54   82 8.14088e-02
 54   84 6.92184e-02
 54   86 7.06331e-02
 54   88 8.06966e-02
 54   90 7.88838e-02
 55    1 5.82442e-03
 55    3 3.11896e-02
 55    5 5.35844e-02
 55    7 7.62786e-02
 55    9 1.00371e-01
 55   11 1.05437e-01
 55   13 1.09008e-01
 55   15 9.78334e-02
 55   17 9.86977e-02
 55   19 9.46524e-02
 55   21 8.46028e-02
 55   23 9.37261e-02
 55   25 9.88813e-02
 55   27 9.49012e-02
 55   29 9.50018e-02
 55   31 1.04222e-01
 55   33 1.15772e-01
 55   35 1.23037e-01
 55   37 1.41626e-01
 55   39 1.75611e-01
 55   41 1.70253e-01
 55   43 1.51210e-01
 55   45 2.19244e-01
 55   47 2.53506e-01
 55   49 2.79075e-01
 55   51 7.07569e-01
 55   53 2.10853e+00
 55   55 2.64100e+01
 55   57 2.08215e+00
 55   59 6.81917e-01
 55   61 2.63237e-01
 55   63 2.35466e-01
 55   65 2.21236e-01
 55   67 1.53720e-01
 55   69 1.35131e-01
 55   71 1.37841e-01
 55   73 1.12752e-01
 55   75 9.66480e-02
 55   77 9.10443e-02
 55   79 9.08302e-02
 55   81 7.87145e-02
 55   83 7.69151e-02
 55   85 6.63206e-02
 55   87 6.58084e-02
 55   89 7.86484e-02
 55   91 7.37196e-02
 56    2 1.85463e-02
 56    4 4.15368e-02
 56    6 6.39967e-02
 56    8 8.69140e-02
 56   10 1.05313e-01
 56   12 1.06507e-01
 56   14 1.01824e-01
 56   16 8.25818e-02
 56   18 8.57250e-02
 56   20 8.23887e-02
 56   22 8.51631e-02
 56   24 9.22192e-02
 56   26 9.05007e-02
 56   28 9.12963e-02
 56   30 8.68957e-02
 56   32 1.12781e-01
 56   34 1.29689e-01
 56   36 1.38282e-01
 56   38 1.42437e-01
 56   40 1.61281e-01
 56   42 1.62407e-01
 56   44 1.62827e-01
 56   46 2.17177e-01
 56   48 2.48198e-01
 56   50 2.65985e-01
 56   52 6.86525e-01
 56   54 2.07029e+00
 56   56 2.59818e+01
 56   58 2.03726e+00
 56   60 6.74089e-01
 56   62 2.50670e-01
 56   64 2.24157e-01
 56   66 2.11208e-01
 56   68 1.51517e-01
 56   70 1.25708e-01
 56   72 1.33217e-01
 56   74 1.09470e-01
 56   76 1.12098e-01
 56   78 9.32188e-02
 56   80 8.71080e-02
 56   82 7.64219e-02
 56   84 7.04001e-02
 56   86 6.34431e-02
 56   88 8.62381e-02
 56   90 7.75251e-02
 57    1 7.08924e-03
 57    3 2.97914e-02
 57    5 5.10189e-02
 57    7 7.43989e-02
 57    9 1.00927e-01
 57   11 1.05328e-01
 57   13 1.01925e-01
 57   15 8.68082e-02
 57   17 7.39566e-02
 57   19 8.02177e-02
 57   21 8.39151e-02
 57   23 9.10270e-02
 57   25 8.63192e-02
 57   27 8.30504e-02
 57   29 8.64173e-02
 57   31 8.75244e-02
 57   33 1.06393e-01
 57   35 1.27215e-01
 57   37 1.32538e-01
 57   39 1.36444e-01
 57   41 1.60707e-01
 57   43 1.54895e-01
 57   45 1.53330e-01
 57   47 2.18403e-01
 57   49 2.43476e-01
 57   51 2.59897e-01
 57   53 6.67265e-01
 57   55 2.02004e+00
 57   57 2.55599e+01
 57   59 1.99224e+00
 57   61 6.53200e-01
 57   63 2.48122e-01
 57   65 2.17792e-01
 57   67 2.06240e-01
 57   69 1.43672e-01
 57   71 1.29080e-01
 57   73 1.32743e-01
 57   75 1.06513e-01
 57   77 9.45850e-02
 57   79 1.01114e-01
 57   81 8.49244e-02
 57   83 7.91713e-02
 57   85 6.31291e-02
 57   87 6.36742e-02
 57   89 7.72448e-02
 57   91 7.81780e-02
 58    2 1.89995e-02
 58    4 4.45109e-02
 58    6 6.74292e-02
 58    8 9.48776e-02
 58   10 1.07316e-01
 58   12 9.82076e-02
 58   14 8.67004e-02
 58   16 8.52616e-02
 58   18 8.29098e-02
 58   20 9.02771e-02
 58   22 8.66559e-02
 58   24 8.32708e-02
 58   26 8.43741e-02
 58   28 7.91928e-02
 58   30 8.44832e-02
 58   32 1.00729e-01
 58   34 1.15506e-01
 58   36 1.21363e-01
 58   38 1.22402e-01
 58   40 1.26943e-01
 58   42 1.56745e-01
 58   44 1.60011e-01
 58   46 1.47618e-01
 58   48 2.04343e-01
 58   50 2.44763e-01
 58   52 2.59427e-01
 58   54 6.58928e-01
 58   56 1.97800e+00
 58   58 2.51565e+01
 58   60 1.94572e+00
 58   62 6.35619e-01
 58   64 2.35809e-01
 58   66 2.12319e-01
 58   68 1.98485e-01
 58   70 1.37125e-01
 58   72 1.28287e-01
 58   74 1.25762e-01
 58   76 1.15246e-01
 58   78 9.92139e-02
 58   80 8.48689e-02
 58   82 7.62328e-02
 58   84 6.97368e-02
 58   86 6.59854e-02
 58   88 7.95334e-02
 58   90 7.42097e-02
 59    1 5.39089e-03
 59    3 2.89867e-02
 59    5 5.54079e-02
 59    7 7.92658e-02
 59    9 9.94434e-02
 59   11 9.89536e-02
 59   13 8.67551e-02
 59   15 8.27326e-02
 59   17 8.19470e-02
 59   19 8.11429e-02
 59   21 9.09730e-02
 59   23 8.27213e-02
 59   25 7.76919e-02
 59   27 7.45037e-02
 59   29 7.47119e-02
 59   31 8.49736e-02
 59   33 1.02515e-01
 59   35 1.08921e-01
 59   37 1.14609e-01
 59   39 1.20367e-01
 59   41 1.26281e-01
 59   43 1.53182e-01
 59   45 1.51429e-01
 59   47 1.42693e-01
 59   49 2.06248e-01
 59   51 2.32672e-01
 59   53 2.55182e-01
 59   55 6.42808e-01
 59   57 1.93572e+00
 59   59 2.47873e+01
 59   61 1.89843e+00
 59   63 6.22375e-01
 59   65 2.28401e-01
 59   67 2.08849e-01
 59   69 2.03342e-01
 59   71 1.33717e-01
 59   73 1.18292e-01
 59   75 1.19959e-01
 59   77 1.16165e-01
 59   79 9.60958e-02
 59   81 8.41651e-02
 59   83 7.34465e-02
 59   85 7.13719e-02
 59   87 6.24965e-02
 59   89 8.51539e-02
 59   91 6.74002e-02
 60    2 1.73962e-02
 60    4 4.38864e-02
 60    6 6.75883e-02
 60    8 8.86027e-02
 60   10 1.03978e-01
 60   12 1.03322e-01
 60   14 8.96095e-02
 60   16 7.93600e-02
 60   18 8.13149e-02
 60   20 8.15624e-02
 60   22 7.76201e-02
 60   24 8.05099e-02
 60   26 7.44740e-02
 60   28 7.42994e-02
 60   30 9.04034e-02
 60   32 9.90792e-02
 60   34 1.01234e-01
 60   36 1.00097e-01
 60   38 1.10318e-01
 60   40 1.13645e-01
 60   42 1.24871e-01
 60   44 1.45755e-01
 60   46 1.40524e-01
 60   48 1.42655e-01
 60   50 2.04273e-01
 60   52 2.31180e-01
 60   54 2.43908e-01
 60   56 6.36368e-01
 60   58 1.89187e+00
 60   60 2.43814e+01
 60   62 1.85082e+00
 60   64 6.03687e-01
 60   66 2.25272e-01
 60   68 1.98233e-01
 60   70 1.92856e-01
 60   72 1.43377e-01
 60   74 1.24633e-01
 60   76 1.29201e-01
 60   78 1.07612e-01
 60   80 8.60947e-02
 60   82 8.08388e-02
 60   84 6.92786e-02
 60   86 7.29012e-02
 60   88 8.56298e-02
 60   90 7.26314e-02
 61    1 5.46956e-03
 61    3 2.91141e-02
 61    5 5.29114e-02
 61    7 7.44388e-02
 61    9 9.60909e-02
 61   11 9.55161e-02
 61   13 9.34464e-02
 61   15 8.12147e-02
 61   17 7.76110e-02
 61   19 7.94415e-02
 61   21 7.48282e-02
 61   23 6.98090e-02
 61   25 6.98257e-02
 61   27 7.47274e-02
 61   29 7.52508e-02
 61   31 9.42622e-02
 61   33 9.16627e-02
 61   35 9.88676e-02
 61   37 1.04638e-01
 61   39 1.04563e-01
 61   41 1.09107e-01
 61   43 1.24240e-01
 61   45 1.48433e-01
 61   47 1.39583e-01
 61   49 1.37346e-01
 61   51 2.02381e-01
 61   53 2.22752e-01
 61   55 2.41442e-01
 61   57 6.17535e-01
 61   59 1.84718e+00
 61   61 2.40163e+01
 61   63 1.80990e+00
 61   65 5.96777e-01
 61   67 2.22336e-01
 61   69 1.95502e-01
 61   71 1.92893e-01
 61   73 1.40135e-01
 61   75 1.23487e-01
 61   77 1.26626e-01
 61   79 1.08137e-01
 61   81 8.70863e-02
 61   83 8.02645e-02
 61   85 6.44357e-02
 61   87 6.69190e-02
 61   89 7.96000e-02
 61   91 7.05776e-02
 62    2 2.00123e-02
 62    4 4.42869e-02
 62    6 6.54892e-02
 62    8 8.44123e-02
 62   10 9.33250e-02
 62   12 8.68866e-02
 62   14 8.37708e-02
 62   16 8.38480e-02
 62   18 8.15938e-02
 62   20 7.41505e-02
 62   22 7.95564e-02
 62   24 7.04507e-02
 62   26 7.26661e-02
 62   28 8.28825e-02
 62   30 8.90548e-02
 62   32 8.76249e-02
 62   34 8.82269e-02
 62   36 9.03568e-02
 62   38 9.44872e-02
 62   40 1.04353e-01
 62   42 1.11270e-01
 62   44 1.17643e-01
 62   46 1.49319e-01
 62   48 1.40023e-01
 62   50 1.37736e-01
 62   52 1.95048e-01
 62   54 2.20002e-01
 62   56 2.30412e-01
 62   58 6.01754e-01
 62   60 1.80209e+00
 62   62 2.36567e+01
 62   64 1.76179e+00
 62   66 5.77766e-01
 62   68 2.13142e-01
 62   70 1.92112e-01
 62   72 1.97101e-01
 62   74 1.44758e-01
 62   76 1.38205e-01
 62   78 1.18854e-01
 62   80 9.77962e-02
 62   82 8.22962e-02
 62   84 7.69692e-02
 62   86 7.03329e-02
 62   88 9.19579e-02
 62   90 7.18875e-02
 63    1 5.92672e-03
 63    3 2.92941e-02
 63    5 5.53495e-02
 63    7 7.50941e-02
 63    9 9.28925e-02
 63   11 9.07321e-02
 63   13 7.71640e-02
 63   15 7.69421e-02
 63   17 8.06540e-02
 63   19 8.20906e-02
 63   21 7.58625e-02
 63   23 7.33483e-02
 63   25 6.31010e-02
 63   27 6.86542e-02
 63   29 8.18479e-02
 63   31 8.90487e-02
 63   33 8.37534e-02
 63   35 8.40418e-02
 63   37 8.40670e-02
 63   39 8.95792e-02
 63   41 1.03708e-01
 63   43 1.06107e-01
 63   45 1.15640e-01
 63   47 1.45232e-01
 63   49 1.38327e-01
 63   51 1.38176e-01
 63   53 2.00593e-01
 63   55 2.10422e-01
 63   57 2.28549e-01
 63   59 5.90019e-01
 63   61 1.76341e+00
 63   63 2.33586e+01
 63   65 1.72592e+00
 63   67 5.65917e-01
 63   69 2.13083e-01
 63   71 1.89193e-01
 63   73 1.94287e-01
 63   75 1.43612e-01
 63   77 1.22094e-01
 63   79 1.15784e-01
 63   81 9.24963e-02
 63   83 8.02876e-02
 63   85 6.30432e-02
 63   87 7.19081e-02
 63   89 8.44378e-02
 63   91 7.51645e-02
 64    2 1.63030e-02
 64    4 3.72041e-02
 64    6 5.89298e-02
 64    8 8.47945e-02
 64   10 1.05172e-01
 64   12 1.02794e-01
 64   14 9.19614e-02
 64   16 7.79302e-02
 64   18 7.33165e-02
 64   20 7.21249e-02
 64   22 6.63913e-02
 64   24 6.46178e-02
 64   26 6.89405e-02
 64   28 8.15943e-02
 64   30 7.92352e-02
 64   32 8.34630e-02
 64   34 7.94526e-02
 64   36 8.64727e-02
 64   38 9.73005e-02
 64   40 9.12759e-02
 64   42 9.70865e-02
 64   44 1.02214e-01
 64   46 1.17870e-01
 64   48 1.38532e-01
 64   50 1.27389e-01
 64   52 1.32969e-01
 64   54 1.87957e-01
 64   56 2.00879e-01
 64   58 2.17653e-01
 64   60 5.73064e-01
 64   62 1.71765e+00
 64   64 2.29992e+01
 64   66 1.68907e+00
 64   68 5.61918e-01
 64   70 2.20895e-01
 64   72 1.89587e-01
 64   74 1.88356e-01
 64   76 1.45613e-01
 64   78 1.25859e-01
 64   80 9.87924e-02
 64   82 9.18691e-02
 64   84 7.75137e-02
 64   86 7.95181e-02
 64   88 9.09692e-02
 64   90 7.53858e-02
 65    1 6.17544e-03
 65    3 2.82394e-02
 65    5 4.59924e-02
 65    7 6.89342e-02
 65    9 9.31912e-02
 65   11 1.00866e-01
 65   13 1.03982e-01
 65   15 8.19358e-02
 65   17 7.40815e-02
 65   19 6.85042e-02
 65   21 6.75251e-02
 65   23 6.32953e-02
 65   25 6.34129e-02
 65   27 7.06232e-02
 65   29 7.52155e-02
 65   31 7.91648e-02
 65   33 7.76103e-02
 65   35 7.31882e-02
 65   37 8.55134e-02
 65   39 9.10101e-02
 65   41 8.89683e-02
 65   43 9.48831e-02
 65   45 9.93215e-02
 65   47 1.16955e-01
 65   49 1.35860e-01
 65   51 1.22814e-01
 65   53 1.28698e-01
 65   55 1.92874e-01
 65   57 1.95709e-01
 65   59 2.11235e-01
 65   61 5.67240e-01
 65   63 1.68374e+00
 65   65 2.26915e+01
 65   67 1.65110e+00
 65   69 5.46977e-01
 65   71 2.13255e-01
 65   73 1.85466e-01
 65   75 1.87974e-01
 65   77 1.45207e-01
 65   79 1.18147e-01
 65   81 9.73548e-02
 65   83 9.04796e-02
 65   85 7.35610e-02
 65   87 7.40001e-02
 65   89 8.90237e-02
 65   91 7.21288e-02
 66    2 1.97828e-02
 66    4 4.28427e-02
 66    6 6.13985e-02
 66    8 7.68453e-02
 66   10 8.32516e-02
 66   12 7.80772e-02
 66   14 7.59386e-02
 66   16 7.50495e-02
 66   18 7.73126e-02
 66   20 7.67937e-02
 66   22 6.97143e-02
 66   24 7.04547e-02
 66   26 7.80923e-02
 66   28 7.95495e-02
 66   30 7.98580e-02
 66   32 7.64722e-02
 66   34 7.30468e-02
 66   36 7.87113e-02
 66   38 7.80257e-02
 66   40 7.62867e-02
 66   42 9.09727e-02
 66   44 1.02684e-01
 66   46 9.94279e-02
 66   48 1.09126e-01
 66   50 1.30267e-01
 66   52 1.21890e-01
 66   54 1.28681e-01
 66   56 1.84763e-01
 66   58 1.91300e-01
 66   60 2.08748e-01
 66   62 5.49865e-01
 66   64 1.64882e+00
 66   66 2.23925e+01
 66   68 1.62131e+00
 66   70 5.50214e-01
 66   72 2.14502e-01
 66   74 1.78219e-01
 66   76 1.92320e-01
 66   78 1.41944e-01
 66   80 1.05620e-01
 66   82 9.46183e-02
 66   84 8.60241e-02
 66   86 7.79243e-02
 66   88 9.58104e-02
 66   90 7.77253e-02
 67    1 6.33924e-03
 67    3 2.96911e-02
 67    5 5.21949e-02
 67    7 6.80682e-02
 67    9 7.94852e-02
 67   11 7.56348e-02
 67   13 7.29705e-02
 67   15 7.56580e-02
 67   17 7.29402e-02
 67   19 7.08737e-02
 67   21 6.93789e-02
 67   23 6.88507e-02
 67   25 7.10027e-02
 67   27 7.49337e-02
 67   29 7.49294e-02
 67   31 7.51763e-02
 67   33 7.25870e-02
 67   35 7.06869e-02
 67   37 7.87557e-02
 67   39 8.02835e-02
 67   41 7.80734e-02
 67   43 8.72534e-02
 67   45 9.73463e-02
 67   47 9.08571e-02
 67   49 1.07135e-01
 67   51 1.27754e-01
 67   53 1.14963e-01
 67   55 1.30899e-01
 67   57 1.81021e-01
 67   59 1.88664e-01
 67   61 2.06419e-01
 67   63 5.39255e-01
 67   65 1.61272e+00
 67   67 2.21072e+01
 67   69 1.58823e+00
 67   71 5.35635e-01
 67   73 2.15794e-01
 67   75 1.73461e-01
 67   77 1.86416e-01
 67   79 1.44398e-01
 67   81 1.00824e-01
 67   83 9.22368e-02
 67   85 8.22955e-02
 67   87 7.96808e-02
 67   89 9.37713e-02
 67   91 7.74585e-02
 68    2 1.08092e-02
 68    4 2.80635e-02
 68    6 5.23812e-02
 68    8 7.90243e-02
 68   10 9.70775e-02
 68   12 1.01378e-01
 68   14 8.79661e-02
 68   16 8.04301e-02
 68   18 6.71991e-02
 68   20 6.02572e-02
 68   22 5.65631e-02
 68   24 6.05632e-02
 68   26 7.39767e-02
 68   28 6.87785e-02
 68   30 6.62637e-02
 68   32 6.98301e-02
 68   34 8.00880e-02
 68   36 7.74946e-02
 68   38 7.51179e-02
 68   40 8.46687e-02
 68   42 8.14687e-02
 68   44 8.95655e-02
 68   46 8.63487e-02
 68   48 8.78725e-02
 68   50 1.08981e-01
 68   52 1.21030e-01
 68   54 1.13804e-01
 68   56 1.29542e-01
 68   58 1.74782e-01
 68   60 1.79529e-01
 68   62 1.98251e-01
 68   64 5.36093e-01
 68   66 1.58456e+00
 68   68 2.18239e+01
 68   70 1.55811e+00
 68   72 5.30264e-01
 68   74 2.10295e-01
 68   76 1.76711e-01
 68   78 1.74931e-01
 68   80 1.25796e-01
 68   82 9.75270e-02
 68   84 9.23270e-02
 68   86 8.98189e-02
 68   88 1.04502e-01
 68   90 7.59030e-02
 69    1 3.64949e-03
 69    3 1.81007e-02
 69    5 3.60811e-02
 69    7 5.57966e-02
 69    9 8.32753e-02
 69   11 9.58651e-02
 69   13 9.71825e-02
 69   15 7.96658e-02
 69   17 6.69557e-02
 69   19 6.63061e-02
 69   21 6.09131e-02
 69   23 5.22880e-02
 69   25 5.94652e-02
 69   27 7.37130e-02
 69   29 7.32256e-02
 69   31 6.56046e-02
 69   33 6.85311e-02
 69   35 8.11389e-02
 69   37 7.58057e-02
 69   39 7.78376e-02
 69   41 7.85186e-02
 69   43 8.15876e-02
 69   45 8.16132e-02
 69   47 8.52396e-02
 69   49 8.79269e-02
 69   51 1.02411e-01
 69   53 1.20206e-01
 69   55 1.12527e-01
 69   57 1.23317e-01
 69   59 1.79630e-01
 69   61 1.77495e-01
 69   63 1.98557e-01
 69   65 5.22457e-01
 69   67 1.55313e+00
 69   69 2.15498e+01
 69   71 1.51518e+00
 69   73 5.16402e-01
 69   75 2.11860e-01
 69   77 1.71263e-01
 69   79 1.70962e-01
 69   81 1.30594e-01
 69   83 9.90047e-02
 69   85 8.59977e-02
 69   87 8.70799e-02
 69   89 9.86678e-02
 69   91 7.44797e-02
 70    2 1.73116e-02
 70    4 3.83243e-02
 70    6 5.43096e-02
 70    8 6.81959e-02
 70   10 7.68058e-02
 70   12 6.66980e-02
 70   14 6.53902e-02
 70   16 6.75860e-02
 70   18 6.83917e-02
 70   20 7.01124e-02
 70   22 8.36567e-02
 70   24 7.78597e-02
 70   26 7.54335e-02
 70   28 7.57416e-02
 70   30 6.99101e-02
 70   32 8.26224e-02
 70   34 7.69582e-02
 70   36 6.61782e-02
 70   38 6.77621e-02
 70   40 7.30518e-02
 70   42 7.16141e-02
 70   44 7.00134e-02
 70   46 7.43636e-02
 70   48 7.95791e-02
 70   50 8.18123e-02
 70   52 9.93178e-02
 70   54 1.11666e-01
 70   56 1.05161e-01
 70   58 1.18149e-01
 70   60 1.70896e-01
 70   62 1.74841e-01
 70   64 2.06203e-01
 70   66 5.26158e-01
 70   68 1.52454e+00
 70   70 2.12821e+01
 70   72 1.49096e+00
 70   74 5.11114e-01
 70   76 2.14782e-01
 70   78 1.63136e-01
 70   80 1.58840e-01
 70   82 1.28856e-01
 70   84 9.75964e-02
 70   86 9.97116e-02
 70   88 1.04616e-01
 70   90 8.21187e-02
 71    1 4.27609e-03
 71    3 2.35719e-02
 71    5 4.31658e-02
 71    7 5.97925e-02
 71    9 7.41487e-02
 71   11 6.98494e-02
 71   13 5.99301e-02
 71   15 6.18321e-02
 71   17 6.21869e-02
 71   19 6.73519e-02
 71   21 7.05707e-02
 71   23 7.91252e-02
 71   25 8.01949e-02
 71   27 6.83515e-02
 71   29 7.33175e-02
 71   31 6.98356e-02
 71   33 8.09275e-02
 71   35 8.05298e-02
 71   37 6.91945e-02
 71   39 6.53104e-02
 71   41 6.67674e-02
 71   43 7.31112e-02
 71   45 7.17926e-02
 71   47 7.36178e-02
 71   49 7.92394e-02
 71   51 8.24577e-02
 71   53 9.54610e-02
 71   55 1.12373e-01
 71   57 1.08466e-01
 71   59 1.15643e-01
 71   61 1.71449e-01
 71   63 1.72594e-01
 71   65 1.99418e-01
 71   67 5.12799e-01
 71   69 1.48336e+00
 71   71 2.10245e+01
 71   73 1.45466e+00
 71   75 5.02133e-01
 71   77 2.11175e-01
 71   79 1.61154e-01
 71   81 1.52630e-01
 71   83 1.21532e-01
 71   85 9.32964e-02
 71   87 9.34511e-02
 71   89 1.06396e-01
 71   91 8.03296e-02
 72    2 8.91502e-03
 72    4 2.19169e-02
 72    6 4.06488e-02
 72    8 6.69077e-02
 72   10 8.73759e-02
 72   12 8.62854e-02
 72   14 8.17907e-02
 72   16 8.05361e-02
 72   18 7.06834e-02
 72   20 6.71274e-02
 72   22 6.11255e-02
 72   24 6.27190e-02
 72   26 6.33854e-02
 72   28 6.37105e-02
 72   30 7.24181e-02
 72   32 6.54739e-02
 72   34 6.65859e-02
 72   36 6.82924e-02
 72   38 7.13728e-02
 72   40 6.33934e-02
 72   42 6.48195e-02
 72   44 6.70380e-02
 72   46 7.23261e-02
 72   48 7.67162e-02
 72   50 7.93913e-02
 72   52 8.24428e-02
 72   54 8.86629e-02
 72   56 1.09162e-01
 72   58 1.08272e-01
 72   60 1.24451e-01
 72   62 1.75711e-01
 72   64 1.73356e-01
 72   66 2.00926e-01
 72   68 5.08223e-01
 72   70 1.46045e+00
 72   72 2.07497e+01
 72   74 1.41883e+00
 72   76 4.96019e-01
 72   78 2.09073e-01
 72   80 1.46998e-01
 72   82 1.51862e-01
 72   84 1.28657e-01
 72   86 1.06895e-01
 72   88 1.18789e-01
 72   90 8.78520e-02
 73    1 2.79009e-03
 73    3 1.53338e-02
 73    5 2.82925e-02
 73    7 5.08982e-02
 73    9 7.83685e-02
 73   11 8.44384e-02
 73   13 8.33667e-02
 73   15 7.89722e-02
 73   17 8.12022e-02
 73   19 6.49004e-02
 73   21 6.11468e-02
 73   23 5.94240e-02
 73   25 5.87163e-02
 73   27 6.24977e-02
 73   29 6.50190e-02
 73   31 6.52329e-02
 73   33 6.52652e-02
 73   35 6.31353e-02
 73   37 6.72350e-02
 73   39 6.42896e-02
 73   41 6.70013e-02
 73   43 6.31779e-02
 73   45 6.60116e-02
 73   47 7.22123e-02
 73   49 7.10344e-02
 73   51 7.70532e-02
 73   53 7.94736e-02
 73   55 9.00867e-02
 73   57 1.09320e-01
 73   59 1.00263e-01
 73   61 1.22073e-01
 73   63 1.73707e-01
 73   65 1.69974e-01
 73   67 2.02475e-01
 73   69 4.95479e-01
 73   71 1.42566e+00
 73   73 2.05146e+01
 73   75 1.38891e+00
 73   77 4.86948e-01
 73   79 2.03375e-01
 73   81 1.44501e-01
 73   83 1.51190e-01
 73   85 1.20895e-01
 73   87 1.03338e-01
 73   89 1.12344e-01
 73   91 8.56241e-02
 74    2 1.44563e-02
 74    4 3.26564e-02
 74    6 4.97607e-02
 74    8 6.77284e-02
 74   10 7.50729e-02
 74   12 6.66514e-02
 74   14 6.82398e-02
 74   16 7.01030e-02
 74   18 6.93885e-02
 74   20 6.81303e-02
 74   22 6.61287e-02
 74   24 7.26892e-02
 74   26 7.53583e-02
 74   28 7.15504e-02
 74   30 7.32792e-02
 74   32 6.57308e-02
 74   34 6.73721e-02
 74   36 7.03449e-02
 74   38 6.16300e-02
 74   40 6.62628e-02
 74   42 6.06225e-02
 74   44 5.94083e-02
 74   46 6.47630e-02
 74   48 6.26519e-02
 74   50 7.30863e-02
 74   52 7.22832e-02
 74   54 7.66293e-02
 74   56 8.79607e-02
 74   58 1.04079e-01
 74   60 1.06081e-01
 74   62 1.26542e-01
 74   64 1.68885e-01
 74   66 1.63697e-01
 74   68 1.97639e-01
 74   70 4.90932e-01
 74   72 1.39128e+00
 74   74 2.02653e+01
 74   76 1.35481e+00
 74   78 4.69086e-01
 74   80 2.00056e-01
 74   82 1.50179e-01
 74   84 1.52776e-01
 74   86 1.27827e-01
 74   88 1.26149e-01
 74   90 9.04261e-02
 75    1 4.73835e-03
 75    3 2.24778e-02
 75    5 4.12806e-02
 75    7 5.78453e-02
 75    9 7.03181e-02
 75   11 6.67884e-02
 75   13 5.92931e-02
 75   15 6.45226e-02
 75   17 6.71844e-02
 75   19 6.76927e-02
 75   21 6.72960e-02
 75   23 6.76667e-02
 75   25 6.73305e-02
 75   27 6.83515e-02
 75   29 7.62144e-02
 75   31 7.09110e-02
 75   33 6.25549e-02
 75   35 6.29650e-02
 75   37 6.03998e-02
 75   39 6.90049e-02
 75   41 6.47616e-02
 75   43 5.75178e-02
 75   45 5.84673e-02
 75   47 5.84741e-02
 75   49 6.86847e-02
 75   51 6.72863e-02
 75   53 7.18996e-02
 75   55 7.57596e-02
 75   57 8.60594e-02
 75   59 9.97537e-02
 75   61 1.05536e-01
 75   63 1.25972e-01
 75   65 1.69014e-01
 75   67 1.59676e-01
 75   69 1.99431e-01
 75   71 4.82813e-01
 75   73 1.36264e+00
 75   75 2.00370e+01
 75   77 1.32646e+00
 75   79 4.58660e-01
 75   81 1.98099e-01
 75   83 1.45830e-01
 75   85 1.47255e-01
 75   87 1.27265e-01
 75   89 1.25131e-01
 75   91 8.84061e-02
 76    2 9.65963e-03
 76    4 2.43786e-02
 76    6 3.78568e-02
 76    8 5.36816e-02
 76   10 6.60450e-02
 76   12 6.84052e-02
 76   14 7.24435e-02
 76   16 7.75623e-02
 76   18 7.27197e-02
 76   20 7.39925e-02
 76   22 6.18977e-02
 76   24 6.57737e-02
 76   26 6.33849e-02
 76   28 6.52989e-02
 76   30 6.19226e-02
 76   32 5.67325e-02
 76   34 5.58496e-02
 76   36 5.64602e-02
 76   38 5.84593e-02
 76   40 6.07321e-02
 76   42 5.53220e-02
 76   44 5.38973e-02
 76   46 6.29540e-02
 76   48 7.17932e-02
 76   50 6.46483e-02
 76   52 6.86496e-02
 76   54 7.66600e-02
 76   56 8.84139e-02
 76   58 9.36202e-02
 76   60 1.07943e-01
 76   62 1.18589e-01
 76   64 1.28157e-01
 76   66 1.73397e-01
 76   68 1.63019e-01
 76   70 2.02503e-01
 76   72 4.77430e-01
 76   74 1.32986e+00
 76   76 1.97631e+01
 76   78 1.28434e+00
 76   80 4.54211e-01
 76   82 2.14958e-01
 76   84 1.66659e-01
 76   86 1.58436e-01
 76   88 1.38141e-01
 76   90 9.06159e-02
 77    1 3.05556e-03
 77    3 1.50717e-02
 77    5 2.89584e-02
 77    7 4.54654e-02
 77    9 6.07189e-02
 77   11 6.22014e-02
 77   13 6.51810e-02
 77   15 6.93411e-02
 77   17 7.68955e-02
 77   19 8.03274e-02
 77   21 6.62987e-02
 77   23 5.97090e-02
 77   25 6.22522e-02
 77   27 6.65341e-02
 77   29 6.06692e-02
 77   31 5.75308e-02
 77   33 5.97596e-02
 77   35 5.31160e-02
 77   37 5.32489e-02
 77   39 5.82109e-02
 77   41 5.75724e-02
 77   43 5.63758e-02
 77   45 6.02954e-02
 77   47 5.96111e-02
 77   49 5.92046e-02
 77   51 6.69722e-02
 77   53 6.91950e-02
 77   55 7.00881e-02
 77   57 7.50522e-02
 77   59 9.48670e-02
 77   61 1.06279e-01
 77   63 1.05178e-01
 77   65 1.28221e-01
 77   67 1.68527e-01
 77   69 1.58327e-01
 77   71 1.99412e-01
 77   73 4.69176e-01
 77   75 1.30269e+00
 77   77 1.95711e+01
 77   79 1.25432e+00
 77   81 4.44221e-01
 77   83 2.12177e-01
 77   85 1.66180e-01
 77   87 1.52464e-01
 77   89 1.34553e-01
 77   91 8.84816e-02
 78    2 1.35051e-02
 78    4 3.05307e-02
 78    6 4.52868e-02
 78    8 5.99770e-02
 78   10 7.18010e-02
 78   12 7.07277e-02
 78   14 7.00516e-02
 78   16 6.54031e-02
 78   18 6.11853e-02
 78   20 6.23486e-02
 78   22 6.08205e-02
 78   24 5.82175e-02
 78   26 5.43046e-02
 78   28 5.60417e-02
 78   30 6.25022e-02
 78   32 6.29751e-02
 78   34 5.39693e-02
 78   36 5.19424e-02
 78   38 5.77033e-02
 78   40 5.69425e-02
 78   42 6.09949e-02
 78   44 6.12541e-02
 78   46 5.72636e-02
 78   48 6.58475e-02
 78   50 6.20537e-02
 78   52 6.89265e-02
 78   54 6.97911e-02
 78   56 7.22416e-02
 78   58 7.91911e-02
 78   60 8.83394e-02
 78   62 1.00207e-01
 78   64 1.08839e-01
 78   66 1.25746e-01
 78   68 1.58562e-01
 78   70 1.51128e-01
 78   72 1.97729e-01
 78   74 4.52421e-01
 78   76 1.26195e+00
 78   78 1.93524e+01
 78   80 1.22740e+00
 78   82 4.65311e-01
 78   84 2.40828e-01
 78   86 1.76707e-01
 78   88 1.63735e-01
 78   90 1.12625e-01
 79    1 4.88088e-03
 79    3 2.24088e-02
 79    5 3.72405e-02
 79    7 4.99010e-02
 79    9 6.36287e-02
 79   11 6.54403e-02
 79   13 6.68751e-02
 79   15 6.96503e-02
 79   17 5.98293e-02
 79   19 5.30385e-02
 79   21 6.21500e-02
 79   23 6.26196e-02
 79   25 5.67361e-02
 79   27 5.45407e-02
 79   29 5.48254e-02
 79   31 6.46066e-02
 79   33 6.33966e-02
 79   35 5.39058e-02
 79   37 5.29573e-02
 79   39 5.28807e-02
 79   41 6.04542e-02
 79   43 5.62224e-02
 79   45 5.59589e-02
 79   47 5.86272e-02
 79   49 6.13479e-02
 79   51 6.39961e-02
 79   53 6.08576e-02
 79   55 6.87375e-02
 79   57 7.88727e-02
 79   59 7.71469e-02
 79   61 8.92226e-02
 79   63 9.80498e-02
 79   65 1.02558e-01
 79   67 1.28328e-01
 79   69 1.55368e-01
 79   71 1.49596e-01
 79   73 1.92630e-01
 79   75 4.42802e-01
 79   77 1.23306e+00
 79   79 1.91434e+01
 79   81 1.19965e+00
 79   83 4.45551e-01
 79   85 2.42924e-01
 79   87 1.71999e-01
 79   89 1.68064e-01
 79   91 1.04326e-01
 80    2 8.73343e-03
 80    4 2.26284e-02
 80    6 3.77112e-02
 80    8 4.89112e-02
 80   10 5.37559e-02
 80   12 4.74882e-02
 80   14 5.61298e-02
 80   16 7.56426e-02
 80   18 7.70464e-02
 80   20 7.65273e-02
 80   22 7.94065e-02
 80   24 7.36034e-02
 80   26 8.08207e-02
 80   28 7.41701e-02
 80   30 6.92270e-02
 80   32 6.13434e-02
 80   34 5.66908e-02
 80   36 5.94744e-02
 80   38 5.45543e-02
 80   40 5.80864e-02
 80   42 5.45645e-02
 80   44 5.97482e-02
 80   46 5.77794e-02
 80   48 5.74242e-02
 80   50 6.03177e-02
 80   52 5.73031e-02
 80   54 6.07997e-02
 80   56 6.63930e-02
 80   58 6.66244e-02
 80   60 6.95104e-02
 80   62 8.10933e-02
 80   64 8.40245e-02
 80   66 9.20245e-02
 80   68 1.12146e-01
 80   70 1.44722e-01
 80   72 1.36730e-01
 80   74 1.89767e-01
 80   76 4.38934e-01
 80   78 1.20717e+00
 80   80 1.89619e+01
 80   82 1.19605e+00
 80   84 4.71544e-01
 80   86 2.47234e-01
 80   88 1.99183e-01
 80   90 1.36274e-01
 81    1 2.60820e-03
 81    3 1.45921e-02
 81    5 2.55707e-02
 81    7 3.79485e-02
 81    9 5.20604e-02
 81   11 5.05028e-02
 81   13 4.57581e-02
 81   15 5.33168e-02
 81   17 7.11264e-02
 81   19 7.59123e-02
 81   21 7.18363e-02
 81   23 7.47270e-02
 81   25 7.29058e-02
 81   27 7.39605e-02
 81   29 7.45524e-02
 81   31 6.58389e-02
 81   33 6.10450e-02
 81   35 5.76074e-02
 81   37 5.67634e-02
 81   39 5.62591e-02
 81   41 5.36763e-02
 81   43 6.32668e-02
 81   45 5.78663e-02
 81   47 5.65536e-02
 81   49 5.68632e-02
 81   51 6.08019e-02
 81   53 6.11194e-02
 81   55 5.86144e-02
 81   57 6.51827e-02
 81   59 6.64863e-02
 81   61 7.07026e-02
 81   63 7.70745e-02
 81   65 8.31550e-02
 81   67 8.81672e-02
 81   69 1.16781e-01
 81   71 1.39413e-01
 81   73 1.34674e-01
 81   75 1.88186e-01
 81   77 4.29693e-01
 81   79 1.18044e+00
 81   81 1.87778e+01
 81   83 1.16705e+00
 81   85 4.60493e-01
 81   87 2.43815e-01
 81   89 1.94461e-01
 81   91 1.34341e-01
 82    2 1.33979e-02
 82    4 2.83013e-02
 82    6 4.56875e-02
 82    8 6.27745e-02
 82   10 7.43668e-02
 82   12 7.22114e-02
 82   14 6.34517e-02
 82   16 5.69259e-02
 82   18 6.58586e-02
 82   20 6.05571e-02
 82   22 5.63987e-02
 82   24 5.96060e-02
 82   26 4.88801e-02
 82   28 5.51060e-02
 82   30 5.61621e-02
 82   32 5.26305e-02
 82   34 5.17475e-02
 82   36 4.99991e-02
 82   38 4.89805e-02
 82   40 4.88779e-02
 82   42 5.07895e-02
 82   44 5.23187e-02
 82   46 5.38445e-02
 82   48 5.30792e-02
 82   50 5.19853e-02
 82   52 5.46045e-02
 82   54 5.92155e-02
 82   56 5.73418e-02
 82   58 5.89137e-02
 82   60 6.42514e-02
 82   62 6.71787e-02
 82   64 7.69203e-02
 82   66 8.11564e-02
 82   68 8.55913e-02
 82   70 1.15576e-01
 82   72 1.39056e-01
 82   74 1.40239e-01
 82   76 2.04496e-01
 82   78 4.50520e-01
 82   80 1.17744e+00
 82   82 1.85929e+01
 82   84 1.18358e+00
 82   86 4.61092e-01
 82   88 2.62746e-01
 82   90 1.69247e-01
 83    1 3.69924e-03
 83    3 1.93507e-02
 83    5 3.89349e-02
 83    7 5.46731e-02
 83    9 7.15652e-02
 83   11 7.13279e-02
 83   13 5.89622e-02
 83   15 6.23146e-02
 83   17 5.89622e-02
 83   19 5.62815e-02
 83   21 5.51029e-02
 83   23 5.50129e-02
 83   25 5.77342e-02
 83   27 5.20322e-02
 83   29 4.85920e-02
 83   31 5.34726e-02
 83   33 4.90031e-02
 83   35 4.89769e-02
 83   37 5.40901e-02
 83   39 4.85634e-02
 83   41 5.04713e-02
 83   43 4.59721e-02
 83   45 5.43825e-02
 83   47 5.51194e-02
 83   49 5.38319e-02
 83   51 5.58286e-02
 83   53 5.27178e-02
 83   55 5.64094e-02
 83   57 5.98491e-02
 83   59 5.71427e-02
 83   61 6.41798e-02
 83   63 6.58908e-02
 83   65 7.61152e-02
 83   67 7.94399e-02
 83   69 8.71958e-02
 83   71 1.09331e-01
 83   73 1.38780e-01
 83   75 1.36440e-01
 83   77 2.02138e-01
 83   79 4.31792e-01
 83   81 1.14943e+00
 83   83 1.84297e+01
 83   85 1.15861e+00
 83   87 4.51406e-01
 83   89 2.57294e-01
 83   91 1.65764e-01
 84    2 9.16841e-03
 84    4 2.22777e-02
 84    6 3.63886e-02
 84    8 4.92495e-02
 84   10 5.51840e-02
 84   12 5.06108e-02
 84   14 5.24056e-02
 84   16 5.91732e-02
 84   18 6.34047e-02
 84   20 6.41305e-02
 84   22 6.94413e-02
 84   24 6.71454e-02
 84   26 7.02063e-02
 84   28 6.11117e-02
 84   30 5.60904e-02
 84   32 5.23991e-02
 84   34 4.93222e-02
 84   36 4.96101e-02
 84   38 4.68317e-02
 84   40 4.56897e-02
 84   42 5.17502e-02
 84   44 4.98866e-02
 84   46 4.46747e-02
 84   48 4.76443e-02
 84   50 4.86439e-02
 84   52 4.79467e-02
 84   54 4.96105e-02
 84   56 5.20493e-02
 84   58 5.31037e-02
 84   60 5.42563e-02
 84   62 6.19095e-02
 84   64 6.39496e-02
 84   66 7.27036e-02
 84   68 7.98402e-02
 84   70 8.62551e-02
 84   72 1.16081e-01
 84   74 1.40573e-01
 84   76 1.56224e-01
 84   78 2.29755e-01
 84   80 4.57404e-01
 84   82 1.16623e+00
 84   84 1.82697e+01
 84   86 1.14332e+00
 84   88 4.53427e-01
 84   90 2.21062e-01
 85    1 2.96884e-03
 85    3 1.50292e-02
 85    5 2.71613e-02
 85    7 4.11080e-02
 85    9 5.45488e-02
 85   11 4.92839e-02
 85   13 4.85076e-02
 85   15 5.27844e-02
 85   17 5.37391e-02
 85   19 6.32688e-02
 85   21 6.50091e-02
 85   23 6.60487e-02
 85   25 6.79941e-02
 85   27 6.23357e-02
 85   29 6.21399e-02
 85   31 5.17278e-02
 85   33 5.18677e-02
 85   35 5.06015e-02
 85   37 4.71120e-02
 85   39 4.54688e-02
 85   41 4.42984e-02
 85   43 5.20698e-02
 85   45 5.04967e-02
 85   47 4.53589e-02
 85   49 4.74366e-02
 85   51 5.09212e-02
 85   53 5.11487e-02
 85   55 4.79482e-02
 85   57 4.70439e-02
 85   59 5.47396e-02
 85   61 5.07909e-02
 85   63 5.10033e-02
 85   65 6.10032e-02
 85   67 6.98706e-02
 85   69 7.46639e-02
 85   71 8.27380e-02
 85   73 1.09394e-01
 85   75 1.35815e-01
 85   77 1.56067e-01
 85   79 2.32077e-01
 85   81 4.47092e-01
 85   83 1.14214e+00
 85   85 1.81108e+01
 85   87 1.12757e+00
 85   89 4.44709e-01
 85   91 2.17503e-01
 86    2 1.18327e-02
 86    4 2.99922e-02
 86    6 4.80677e-02
 86    8 6.57639e-02
 86   10 7.88036e-02
 86   12 6.15159e-02
 86   14 6.00200e-02
 86   16 5.68034e-02
 86   18 5.91517e-02
 86   20 5.51824e-02
 86   22 5.72502e-02
 86   24 5.43792e-02
 86   26 5.58291e-02
 86   28 5.49672e-02
 86   30 4.55385e-02
 86   32 4.60068e-02
 86   34 4.10885e-02
 86   36 4.36217e-02
 86   38 4.43908e-02
 86   40 4.68712e-02
 86   42 4.75776e-02
 86   44 4.50513e-02
 86   46 5.03880e-02
 86   48 4.80659e-02
 86   50 4.70751e-02
 86   52 4.71349e-02
 86   54 4.99274e-02
 86   56 4.62598e-02
 86   58 4.95551e-02
 86   60 5.63071e-02
 86   62 5.57926e-02
 86   64 6.46999e-02
 86   66 6.49512e-02
 86   68 7.66017e-02
 86   70 8.69110e-02
 86   72 9.51185e-02
 86   74 1.15998e-01
 86   76 1.46471e-01
 86   78 1.66261e-01
 86   80 2.36518e-01
 86   82 4.48078e-01
 86   84 1.12757e+00
 86   86 1.79090e+01
 86   88 1.13827e+00
 86   90 4.12075e-01
 87    1 4.10635e-03
 87    3 2.09179e-02
 87    5 3.86321e-02
 87    7 5.72155e-02
 87    9 7.47018e-02
 87   11 7.06750e-02
 87   13 5.67765e-02
 87   15 5.84429e-02
 87   17 5.37962e-02
 87   19 5.61381e-02
 87   21 5.35359e-02
 87   23 5.39423e-02
 87   25 5.61116e-02
 87   27 5.19074e-02
 87   29 4.75305e-02
 87   31 4.66589e-02
 87   33 4.81211e-02
 87   35 4.25343e-02
 87   37 3.87447e-02
 87   39 3.91139e-02
 87   41 4.29100e-02
 87   43 4.70134e-02
 87   45 4.52161e-02
 87   47 4.44618e-02
 87   49 4.77151e-02
 87   51 4.26988e-02
 87   53 4.71413e-02
 87   55 4.69435e-02
 87   57 4.68174e-02
 87   59 4.72933e-02
 87   61 5.20450e-02
 87   63 5.73995e-02
 87   65 6.05491e-02
 87   67 6.67486e-02
 87   69 7.45953e-02
 87   71 8.17701e-02
 87   73 9.22604e-02
 87   75 1.15813e-01
 87   77 1.41277e-01
 87   79 1.62127e-01
 87   81 2.33564e-01
 87   83 4.39058e-01
 87   85 1.11254e+00
 87   87 1.77615e+01
 87   89 1.11084e+00
 87   91 4.01110e-01
 88    2 6.93321e-03
 88    4 1.57967e-02
 88    6 2.18234e-02
 88    8 3.10707e-02
 88   10 3.62328e-02
 88   12 3.24825e-02
 88   14 3.23401e-02
 88   16 3.00529e-02
 88   18 3.51016e-02
 88   20 3.64874e-02
 88   22 3.90288e-02
 88   24 3.77600e-02
 88   26 3.65764e-02
 88   28 3.85334e-02
 88   30 3.56736e-02
 88   32 4.32465e-02
 88   34 3.71838e-02
 88   36 4.21614e-02
 88   38 3.84645e-02
 88   40 4.25156e-02
 88   42 4.20891e-02
 88   44 4.69731e-02
 88   46 4.81628e-02
 88   48 4.86005e-02
 88   50 5.02210e-02
 88   52 5.12395e-02
 88   54 5.63049e-02
 88   56 6.20696e-02
 88   58 5.89590e-02
 88   60 6.52850e-02
 88   62 7.20057e-02
 88   64 7.30621e-02
 88   66 7.88291e-02
 88   68 8.79740e-02
 88   70 9.00089e-02
 88   72 1.04338e-01
 88   74 1.12997e-01
 88   76 1.26061e-01
 88   78 1.52068e-01
 88   80 1.88090e-01
 88   82 2.52036e-01
 88   84 4.41413e-01
 88   86 1.12358e+00
 88   88 1.72125e+01
 88   90 1.21859e+00
 89    1 2.17306e-03
 89    3 1.02861e-02
 89    5 1.91214e-02
 89    7 2.63876e-02
 89    9 3.40708e-02
 89   11 3.10151e-02
 89   13 2.98937e-02
 89   15 3.27939e-02
 89   17 2.98551e-02
 89   19 3.25341e-02
 89   21 3.55943e-02
 89   23 3.36222e-02
 89   25 3.81339e-02
 89   27 3.79449e-02
 89   29 3.62628e-02
 89   31 3.71641e-02
 89   33 3.45387e-02
 89   35 4.01652e-02
 89   37 4.17056e-02
 89   39 3.75371e-02
 89   41 4.08527e-02
 89   43 4.51581e-02
 89   45 4.09374e-02
 89   47 4.81780e-02
 89   49 4.97575e-02
 89   51 4.64874e-02
 89   53 5.39538e-02
 89   55 5.54029e-02
 89   57 5.60870e-02
 89   59 6.36352e-02
 89   61 6.11351e-02
 89   63 6.65604e-02
 89   65 7.19331e-02
 89   67 7.75723e-02
 89   69 8.34676e-02
 89   71 9.19356e-02
 89   73 9.90504e-02
 89   75 1.12451e-01
 89   77 1.23124e-01
 89   79 1.56443e-01
 89   81 1.83961e-01
 89   83 2.47134e-01
 89   85 4.33306e-01
 89   87 1.09699e+00
 89   89 1.70860e+01
 89   91 1.19046e+00
 90    2 9.51303e-03
 90    4 2.35136e-02
 90    6 4.02675e-02
 90    8 5.48356e-02
 90   10 6.02350e-02
 90   12 4.84000e-02
 90   14 4.88971e-02
 90   16 4.76760e-02
 90   18 5.03969e-02
 90   20 5.75744e-02
 90   22 5.23612e-02
 90   24 4.85573e-02
 90   26 4.52825e-02
 90   28 4.95473e-02
 90   30 5.13538e-02
 90   32 4.50466e-02
 90   34 5.00777e-02
 90   36 4.14256e-02
 90   38 4.46804e-02
 90   40 4.52363e-02
 90   42 4.73584e-02
 90   44 5.14928e-02
 90   46 5.01715e-02
 90   48 4.67286e-02
 90   50 4.78269e-02
 90   52 5.16979e-02
 90   54 5.43768e-02
 90   56 5.51261e-02
 90   58 5.43496e-02
 90   60 5.47078e-02
 90   62 5.56118e-02
 90   64 5.98167e-02
 90   66 6.31789e-02
 90   68 6.31285e-02
 90   70 6.98018e-02
 90   72 7.62352e-02
 90   74 8.00231e-02
 90   76 8.16953e-02
 90   78 1.03340e-01
 90   80 1.27135e-01
 90   82 1.60392e-01
 90   84 2.12612e-01
 90   86 4.01858e-01
 90   88 1.20391e+00
 90   90 1.72066e+01
 91    1 3.61314e-03
 91    3 1.71131e-02
 91    5 2.82172e-02
 91    7 4.24631e-02
 91    9 5.53930e-02
 91   11 5.16259e-02
 91   13 4.87524e-02
 91   15 4.62796e-02
 91   17 4.67108e-02
 91   19 4.41965e-02
 91   21 5.01817e-02
 91   23 5.54624e-02
 91   25 4.77645e-02
 91   27 4.38328e-02
 91   29 4.61579e-02
 91   31 4.78708e-02
 91   33 5.19287e-02
 91   35 4.64580e-02
 91   37 4.21899e-02
 91   39 4.33824e-02
 91   41 4.33707e-02
 91   43 5.03240e-02
 91   45 5.00124e-02
 91   47 5.23970e-02
 91   49 4.24007e-02
 91   51 4.82265e-02
 91   53 5.07450e-02
 91   55 5.13270e-02
 91   57 5.61046e-02
 91   59 4.97823e-02
 91   61 5.35754e-02
 91   63 5.85615e-02
 91   65 5.76041e-02
 91   67 6.33326e-02
 91   69 6.22732e-02
 91   71 6.86050e-02
 91   73 7.46143e-02
 91   75 7.85237e-02
 91   77 8.00249e-02
 91   79 9.59830e-02
 91   81 1.25610e-01
 91   83 1.57367e-01
 91   85 2.09462e-01
 91   87 3.91502e-01
 91   89 1.17662e+00
