# 13C+CO2(ji) -> 13C+CO2(jf) molscat cross sections, CS8_JMAX90 approx. (written on 08/08/2023); 
# E=35240.000000 (1/cm) = 4.369203116138723 eV
# ji  jf sigma(ji,jf) (1e-16 cm^2)
  1    1 1.42437e+02
  1    3 1.82151e+01
  1    5 5.51826e+00
  1    7 2.22526e+00
  1    9 1.48358e+00
  1   11 1.76585e+00
  1   13 1.28230e+00
  1   15 1.08525e+00
  1   17 1.09383e+00
  1   19 9.80903e-01
  1   21 8.09201e-01
  1   23 7.30180e-01
  1   25 7.90090e-01
  1   27 6.41385e-01
  1   29 8.15094e-01
  1   31 6.49658e-01
  1   33 6.51208e-01
  1   35 5.36900e-01
  1   37 6.40282e-01
  1   39 4.91060e-01
  1   41 5.98801e-01
  1   43 5.31653e-01
  1   45 6.79541e-01
  1   47 5.70128e-01
  1   49 6.52605e-01
  1   51 7.09119e-01
  1   53 7.05068e-01
  1   55 5.83652e-01
  1   57 5.38690e-01
  1   59 5.87878e-01
  1   61 4.28725e-01
  1   63 4.89435e-01
  1   65 4.12178e-01
  1   67 5.12744e-01
  1   69 4.62191e-01
  1   71 4.41276e-01
  1   73 4.23613e-01
  1   75 5.49861e-01
  1   77 4.26137e-01
  1   79 5.20461e-01
  1   81 4.39147e-01
  1   83 2.80652e-01
  1   85 3.13186e-01
  1   87 4.29162e-01
  1   89 3.66556e-01
  1   91 3.28244e-01
  2    2 1.49802e+02
  2    4 1.33224e+01
  2    6 4.07441e+00
  2    8 1.95421e+00
  2   10 1.65968e+00
  2   12 1.58187e+00
  2   14 1.15671e+00
  2   16 1.10749e+00
  2   18 1.02123e+00
  2   20 9.27456e-01
  2   22 8.13483e-01
  2   24 8.02345e-01
  2   26 7.61320e-01
  2   28 6.99432e-01
  2   30 7.35887e-01
  2   32 6.29256e-01
  2   34 6.24181e-01
  2   36 5.78303e-01
  2   38 5.46107e-01
  2   40 5.27689e-01
  2   42 6.05613e-01
  2   44 6.19257e-01
  2   46 6.84208e-01
  2   48 6.54355e-01
  2   50 6.80760e-01
  2   52 7.04965e-01
  2   54 6.08817e-01
  2   56 5.50068e-01
  2   58 4.90651e-01
  2   60 5.59852e-01
  2   62 4.44013e-01
  2   64 4.67061e-01
  2   66 5.00919e-01
  2   68 5.32819e-01
  2   70 5.22536e-01
  2   72 4.69797e-01
  2   74 3.60428e-01
  2   76 3.90294e-01
  2   78 4.81419e-01
  2   80 3.89854e-01
  2   82 3.66526e-01
  2   84 3.97104e-01
  2   86 4.10345e-01
  2   88 3.81438e-01
  2   90 3.28925e-01
  3    1 3.64326e+00
  3    3 1.49188e+02
  3    5 1.14865e+01
  3    7 3.56465e+00
  3    9 1.96586e+00
  3   11 1.54130e+00
  3   13 1.45849e+00
  3   15 1.21280e+00
  3   17 9.96047e-01
  3   19 1.04762e+00
  3   21 8.41163e-01
  3   23 8.18084e-01
  3   25 7.40974e-01
  3   27 7.75824e-01
  3   29 6.92476e-01
  3   31 7.31818e-01
  3   33 6.06763e-01
  3   35 6.51005e-01
  3   37 5.81722e-01
  3   39 5.43256e-01
  3   41 5.92694e-01
  3   43 5.48495e-01
  3   45 6.71551e-01
  3   47 6.32586e-01
  3   49 6.64095e-01
  3   51 6.58224e-01
  3   53 6.54091e-01
  3   55 6.43275e-01
  3   57 5.04575e-01
  3   59 4.92764e-01
  3   61 4.64854e-01
  3   63 4.56394e-01
  3   65 4.33184e-01
  3   67 4.74952e-01
  3   69 4.40321e-01
  3   71 4.62052e-01
  3   73 4.32221e-01
  3   75 4.92445e-01
  3   77 4.10858e-01
  3   79 4.78846e-01
  3   81 4.19738e-01
  3   83 3.00868e-01
  3   85 3.79413e-01
  3   87 3.78456e-01
  3   89 4.07573e-01
  3   91 3.10270e-01
  4    2 5.71023e+00
  4    4 1.48925e+02
  4    6 1.06378e+01
  4    8 3.47579e+00
  4   10 1.83583e+00
  4   12 1.43194e+00
  4   14 1.41889e+00
  4   16 1.13396e+00
  4   18 9.61304e-01
  4   20 1.00192e+00
  4   22 8.38946e-01
  4   24 8.02902e-01
  4   26 7.69979e-01
  4   28 7.30774e-01
  4   30 6.95824e-01
  4   32 6.60153e-01
  4   34 6.50700e-01
  4   36 5.78479e-01
  4   38 5.69258e-01
  4   40 5.67396e-01
  4   42 6.02757e-01
  4   44 5.79735e-01
  4   46 7.20560e-01
  4   48 6.87778e-01
  4   50 6.85296e-01
  4   52 6.37627e-01
  4   54 6.04899e-01
  4   56 5.71902e-01
  4   58 5.31374e-01
  4   60 5.32390e-01
  4   62 4.47147e-01
  4   64 4.72724e-01
  4   66 4.93056e-01
  4   68 5.55899e-01
  4   70 4.70920e-01
  4   72 4.39096e-01
  4   74 4.41693e-01
  4   76 4.01480e-01
  4   78 4.49915e-01
  4   80 3.44275e-01
  4   82 3.63489e-01
  4   84 4.45860e-01
  4   86 3.79914e-01
  4   88 3.45817e-01
  4   90 3.97729e-01
  5    1 6.13276e-01
  5    3 6.38235e+00
  5    5 1.48625e+02
  5    7 1.03224e+01
  5    9 3.28042e+00
  5   11 1.73427e+00
  5   13 1.45362e+00
  5   15 1.32916e+00
  5   17 1.08227e+00
  5   19 9.74826e-01
  5   21 9.12189e-01
  5   23 8.30275e-01
  5   25 7.66798e-01
  5   27 7.69853e-01
  5   29 7.13041e-01
  5   31 6.90129e-01
  5   33 6.76982e-01
  5   35 6.18651e-01
  5   37 5.84724e-01
  5   39 5.44628e-01
  5   41 6.32217e-01
  5   43 5.54076e-01
  5   45 6.37311e-01
  5   47 6.41333e-01
  5   49 7.20612e-01
  5   51 6.28858e-01
  5   53 6.45259e-01
  5   55 5.97383e-01
  5   57 5.68821e-01
  5   59 5.26990e-01
  5   61 4.90858e-01
  5   63 4.77803e-01
  5   65 4.08421e-01
  5   67 4.94094e-01
  5   69 4.72559e-01
  5   71 4.86048e-01
  5   73 4.59249e-01
  5   75 4.64795e-01
  5   77 3.73083e-01
  5   79 4.48666e-01
  5   81 3.83780e-01
  5   83 3.43149e-01
  5   85 3.79510e-01
  5   87 4.08238e-01
  5   89 3.71978e-01
  5   91 3.43498e-01
  6    2 1.11155e+00
  6    4 6.77088e+00
  6    6 1.48861e+02
  6    8 9.98012e+00
  6   10 3.13737e+00
  6   12 1.71811e+00
  6   14 1.39169e+00
  6   16 1.31603e+00
  6   18 1.05683e+00
  6   20 9.42399e-01
  6   22 9.20259e-01
  6   24 8.24720e-01
  6   26 7.83723e-01
  6   28 7.45845e-01
  6   30 7.09247e-01
  6   32 7.11601e-01
  6   34 6.38097e-01
  6   36 5.85110e-01
  6   38 5.65552e-01
  6   40 5.90891e-01
  6   42 6.11764e-01
  6   44 6.09669e-01
  6   46 6.86332e-01
  6   48 6.77643e-01
  6   50 6.68190e-01
  6   52 6.28141e-01
  6   54 5.92047e-01
  6   56 5.33175e-01
  6   58 5.52415e-01
  6   60 5.42414e-01
  6   62 4.56803e-01
  6   64 4.58404e-01
  6   66 4.98938e-01
  6   68 5.19442e-01
  6   70 5.06746e-01
  6   72 5.02407e-01
  6   74 4.75683e-01
  6   76 3.90708e-01
  6   78 4.39206e-01
  6   80 3.68273e-01
  6   82 3.36863e-01
  6   84 4.09342e-01
  6   86 4.53421e-01
  6   88 3.60158e-01
  6   90 3.68418e-01
  7    1 1.71254e-01
  7    3 1.37156e+00
  7    5 7.14804e+00
  7    7 1.48629e+02
  7    9 9.79270e+00
  7   11 3.07263e+00
  7   13 1.66858e+00
  7   15 1.37767e+00
  7   17 1.27709e+00
  7   19 1.04340e+00
  7   21 9.04400e-01
  7   23 9.03422e-01
  7   25 8.11493e-01
  7   27 7.82953e-01
  7   29 7.06458e-01
  7   31 7.67613e-01
  7   33 6.63524e-01
  7   35 6.38356e-01
  7   37 5.79627e-01
  7   39 6.15197e-01
  7   41 6.19169e-01
  7   43 5.94840e-01
  7   45 6.16918e-01
  7   47 6.29201e-01
  7   49 6.66097e-01
  7   51 6.45863e-01
  7   53 6.49643e-01
  7   55 5.63572e-01
  7   57 5.41444e-01
  7   59 5.32240e-01
  7   61 5.31644e-01
  7   63 4.83949e-01
  7   65 4.26638e-01
  7   67 4.49151e-01
  7   69 5.11065e-01
  7   71 5.18328e-01
  7   73 4.61934e-01
  7   75 5.02714e-01
  7   77 3.73203e-01
  7   79 4.44406e-01
  7   81 3.59143e-01
  7   83 3.22751e-01
  7   85 3.78958e-01
  7   87 4.25068e-01
  7   89 3.72323e-01
  7   91 3.39403e-01
  8    2 3.91076e-01
  8    4 1.62283e+00
  8    6 7.32086e+00
  8    8 1.48745e+02
  8   10 9.60415e+00
  8   12 3.02190e+00
  8   14 1.63035e+00
  8   16 1.33895e+00
  8   18 1.26242e+00
  8   20 1.02689e+00
  8   22 8.93983e-01
  8   24 8.85189e-01
  8   26 8.01259e-01
  8   28 7.54394e-01
  8   30 7.41854e-01
  8   32 6.97791e-01
  8   34 6.68624e-01
  8   36 6.21087e-01
  8   38 6.28779e-01
  8   40 6.11197e-01
  8   42 6.13321e-01
  8   44 6.64380e-01
  8   46 6.76044e-01
  8   48 6.71353e-01
  8   50 6.48527e-01
  8   52 6.21755e-01
  8   54 6.19510e-01
  8   56 5.23936e-01
  8   58 5.80270e-01
  8   60 5.37014e-01
  8   62 4.83244e-01
  8   64 4.64991e-01
  8   66 4.68536e-01
  8   68 4.97900e-01
  8   70 5.18186e-01
  8   72 4.97173e-01
  8   74 5.09782e-01
  8   76 3.78665e-01
  8   78 4.33413e-01
  8   80 3.59827e-01
  8   82 3.07109e-01
  8   84 4.07109e-01
  8   86 4.41858e-01
  8   88 3.91405e-01
  8   90 3.70583e-01
  9    1 8.73393e-02
  9    3 5.78618e-01
  9    5 1.73769e+00
  9    7 7.49102e+00
  9    9 1.48672e+02
  9   11 9.53913e+00
  9   13 2.94654e+00
  9   15 1.58455e+00
  9   17 1.32815e+00
  9   19 1.21871e+00
  9   21 1.01143e+00
  9   23 9.29415e-01
  9   25 8.55030e-01
  9   27 7.96345e-01
  9   29 7.62728e-01
  9   31 6.90109e-01
  9   33 7.22540e-01
  9   35 6.32044e-01
  9   37 6.57350e-01
  9   39 6.17531e-01
  9   41 5.93145e-01
  9   43 6.30444e-01
  9   45 6.18840e-01
  9   47 6.55415e-01
  9   49 6.46069e-01
  9   51 6.19677e-01
  9   53 6.25151e-01
  9   55 5.64913e-01
  9   57 5.49746e-01
  9   59 5.54543e-01
  9   61 5.52720e-01
  9   63 4.79683e-01
  9   65 4.39570e-01
  9   67 4.77499e-01
  9   69 5.18848e-01
  9   71 5.37296e-01
  9   73 4.98272e-01
  9   75 4.71162e-01
  9   77 3.60768e-01
  9   79 3.95020e-01
  9   81 3.74446e-01
  9   83 3.22455e-01
  9   85 3.92756e-01
  9   87 4.16056e-01
  9   89 3.81572e-01
  9   91 3.70756e-01
 10    2 2.62310e-01
 10    4 6.76943e-01
 10    6 1.81758e+00
 10    8 7.58508e+00
 10   10 1.28979e+02
 10   12 8.94026e+00
 10   14 2.68058e+00
 10   16 1.42797e+00
 10   18 1.17725e+00
 10   20 1.08543e+00
 10   22 9.10114e-01
 10   24 8.13512e-01
 10   26 7.49593e-01
 10   28 7.29692e-01
 10   30 6.55068e-01
 10   32 6.28263e-01
 10   34 6.16239e-01
 10   36 5.97219e-01
 10   38 6.01158e-01
 10   40 5.72086e-01
 10   42 5.64523e-01
 10   44 5.97208e-01
 10   46 5.95026e-01
 10   48 5.96510e-01
 10   50 5.47588e-01
 10   52 5.44140e-01
 10   54 5.47088e-01
 10   56 5.08084e-01
 10   58 5.39362e-01
 10   60 5.17158e-01
 10   62 4.88069e-01
 10   64 4.24807e-01
 10   66 4.54377e-01
 10   68 4.84457e-01
 10   70 5.01689e-01
 10   72 4.19738e-01
 10   74 4.81888e-01
 10   76 3.49661e-01
 10   78 3.83191e-01
 10   80 3.42710e-01
 10   82 2.67033e-01
 10   84 3.50426e-01
 10   86 3.85435e-01
 10   88 3.13014e-01
 10   90 3.80231e-01
 11    1 8.41909e-02
 11    3 3.67399e-01
 11    5 7.44000e-01
 11    7 1.90354e+00
 11    9 7.72541e+00
 11   11 1.13946e+02
 11   13 8.45524e+00
 11   15 2.47155e+00
 11   17 1.26785e+00
 11   19 1.03572e+00
 11   21 9.83472e-01
 11   23 8.13098e-01
 11   25 6.96933e-01
 11   27 6.92588e-01
 11   29 6.02127e-01
 11   31 5.76297e-01
 11   33 5.58756e-01
 11   35 5.36706e-01
 11   37 5.46759e-01
 11   39 5.28436e-01
 11   41 5.18580e-01
 11   43 5.40912e-01
 11   45 5.02741e-01
 11   47 5.55420e-01
 11   49 5.00811e-01
 11   51 4.84069e-01
 11   53 4.92966e-01
 11   55 4.93451e-01
 11   57 4.69103e-01
 11   59 4.62634e-01
 11   61 4.96915e-01
 11   63 3.95500e-01
 11   65 3.73155e-01
 11   67 3.95237e-01
 11   69 4.23711e-01
 11   71 4.19924e-01
 11   73 3.83014e-01
 11   75 3.90188e-01
 11   77 2.97778e-01
 11   79 3.00965e-01
 11   81 2.70041e-01
 11   83 2.50614e-01
 11   85 2.95335e-01
 11   87 3.34380e-01
 11   89 2.69887e-01
 11   91 3.11919e-01
 12    2 2.06628e-01
 12    4 4.36387e-01
 12    6 8.22636e-01
 12    8 1.97247e+00
 12   10 7.38887e+00
 12   12 1.02350e+02
 12   14 7.93497e+00
 12   16 2.36031e+00
 12   18 1.17624e+00
 12   20 9.45071e-01
 12   22 9.01827e-01
 12   24 7.47369e-01
 12   26 6.30690e-01
 12   28 6.12161e-01
 12   30 5.59479e-01
 12   32 5.33377e-01
 12   34 5.41510e-01
 12   36 4.85095e-01
 12   38 5.14230e-01
 12   40 5.05683e-01
 12   42 4.98358e-01
 12   44 4.82023e-01
 12   46 4.60832e-01
 12   48 4.60691e-01
 12   50 4.34860e-01
 12   52 4.19378e-01
 12   54 4.77021e-01
 12   56 4.20941e-01
 12   58 4.44647e-01
 12   60 4.10325e-01
 12   62 4.03746e-01
 12   64 3.56502e-01
 12   66 3.57697e-01
 12   68 3.79764e-01
 12   70 3.65314e-01
 12   72 3.49125e-01
 12   74 3.54170e-01
 12   76 2.90348e-01
 12   78 3.09253e-01
 12   80 2.40666e-01
 12   82 2.15285e-01
 12   84 2.33923e-01
 12   86 3.27891e-01
 12   88 2.57106e-01
 12   90 3.11876e-01
 13    1 5.13807e-02
 13    3 2.92183e-01
 13    5 5.24091e-01
 13    7 8.68757e-01
 13    9 2.00551e+00
 13   11 7.10603e+00
 13   13 9.30063e+01
 13   15 7.50936e+00
 13   17 2.23808e+00
 13   19 1.07483e+00
 13   21 8.53809e-01
 13   23 8.28198e-01
 13   25 6.60912e-01
 13   27 5.86861e-01
 13   29 5.68011e-01
 13   31 5.00528e-01
 13   33 4.78334e-01
 13   35 4.74238e-01
 13   37 4.71275e-01
 13   39 4.64698e-01
 13   41 4.82971e-01
 13   43 4.37246e-01
 13   45 4.13402e-01
 13   47 4.01579e-01
 13   49 3.95867e-01
 13   51 3.75288e-01
 13   53 3.80841e-01
 13   55 3.83110e-01
 13   57 3.89840e-01
 13   59 3.65731e-01
 13   61 3.73486e-01
 13   63 3.39416e-01
 13   65 3.13893e-01
 13   67 3.36147e-01
 13   69 3.11603e-01
 13   71 3.31729e-01
 13   73 2.77382e-01
 13   75 3.17535e-01
 13   77 2.55141e-01
 13   79 2.49080e-01
 13   81 2.48354e-01
 13   83 1.98678e-01
 13   85 2.08374e-01
 13   87 2.87822e-01
 13   89 2.11020e-01
 13   91 3.01077e-01
 14    2 1.28779e-01
 14    4 3.68555e-01
 14    6 5.67941e-01
 14    8 9.07018e-01
 14   10 1.88826e+00
 14   12 6.76317e+00
 14   14 8.54446e+01
 14   16 7.02852e+00
 14   18 2.12394e+00
 14   20 1.02018e+00
 14   22 7.84841e-01
 14   24 7.53940e-01
 14   26 6.12598e-01
 14   28 5.24554e-01
 14   30 5.01300e-01
 14   32 4.99510e-01
 14   34 4.34392e-01
 14   36 4.45329e-01
 14   38 4.25714e-01
 14   40 4.38091e-01
 14   42 4.24270e-01
 14   44 3.87412e-01
 14   46 3.52749e-01
 14   48 3.43840e-01
 14   50 3.37873e-01
 14   52 3.36803e-01
 14   54 3.34365e-01
 14   56 3.51256e-01
 14   58 3.59277e-01
 14   60 3.44689e-01
 14   62 3.34764e-01
 14   64 3.16415e-01
 14   66 3.03439e-01
 14   68 3.43162e-01
 14   70 3.11239e-01
 14   72 2.83775e-01
 14   74 2.76796e-01
 14   76 2.55039e-01
 14   78 2.86530e-01
 14   80 2.09468e-01
 14   82 2.21590e-01
 14   84 2.11554e-01
 14   86 2.84799e-01
 14   88 2.10447e-01
 14   90 3.23627e-01
 15    1 3.75097e-02
 15    3 2.09577e-01
 15    5 4.13368e-01
 15    7 6.18726e-01
 15    9 9.30299e-01
 15   11 1.79173e+00
 15   13 6.47746e+00
 15   15 7.88507e+01
 15   17 6.63319e+00
 15   19 2.02376e+00
 15   21 9.51792e-01
 15   23 7.49783e-01
 15   25 7.24083e-01
 15   27 5.43428e-01
 15   29 4.67718e-01
 15   31 4.75169e-01
 15   33 4.28362e-01
 15   35 4.12548e-01
 15   37 4.12465e-01
 15   39 4.13662e-01
 15   41 4.00597e-01
 15   43 3.82475e-01
 15   45 3.55608e-01
 15   47 3.05070e-01
 15   49 2.95865e-01
 15   51 3.07821e-01
 15   53 2.79556e-01
 15   55 3.01615e-01
 15   57 3.15507e-01
 15   59 3.23632e-01
 15   61 3.08866e-01
 15   63 3.02203e-01
 15   65 2.91412e-01
 15   67 2.98857e-01
 15   69 2.77019e-01
 15   71 2.93935e-01
 15   73 2.69071e-01
 15   75 2.85203e-01
 15   77 2.32269e-01
 15   79 2.57021e-01
 15   81 2.06194e-01
 15   83 1.93908e-01
 15   85 1.85499e-01
 15   87 2.40037e-01
 15   89 2.12854e-01
 15   91 2.57487e-01
 16    2 1.07460e-01
 16    4 2.56704e-01
 16    6 4.68066e-01
 16    8 6.49200e-01
 16   10 8.76667e-01
 16   12 1.75330e+00
 16   14 6.12555e+00
 16   16 7.34361e+01
 16   18 6.24985e+00
 16   20 1.92954e+00
 16   22 9.09059e-01
 16   24 6.89414e-01
 16   26 6.64670e-01
 16   28 5.08705e-01
 16   30 4.55475e-01
 16   32 4.44393e-01
 16   34 4.11135e-01
 16   36 4.21170e-01
 16   38 4.01469e-01
 16   40 3.80480e-01
 16   42 3.46385e-01
 16   44 3.25137e-01
 16   46 3.16455e-01
 16   48 2.64798e-01
 16   50 2.71866e-01
 16   52 2.69612e-01
 16   54 2.58727e-01
 16   56 2.74093e-01
 16   58 3.17968e-01
 16   60 2.74786e-01
 16   62 2.84108e-01
 16   64 2.96331e-01
 16   66 2.78047e-01
 16   68 3.22152e-01
 16   70 2.42719e-01
 16   72 2.63207e-01
 16   74 2.34097e-01
 16   76 2.05639e-01
 16   78 2.49897e-01
 16   80 1.59312e-01
 16   82 2.29482e-01
 16   84 2.13827e-01
 16   86 2.59439e-01
 16   88 1.81922e-01
 16   90 2.95807e-01
 17    1 3.32464e-02
 17    3 1.51362e-01
 17    5 2.95990e-01
 17    7 5.04380e-01
 17    9 6.85719e-01
 17   11 8.08263e-01
 17   13 1.69770e+00
 17   15 5.83318e+00
 17   17 6.85063e+01
 17   19 5.92880e+00
 17   21 1.85064e+00
 17   23 8.39960e-01
 17   25 6.58671e-01
 17   27 6.37500e-01
 17   29 4.80861e-01
 17   31 4.35469e-01
 17   33 4.32206e-01
 17   35 4.06407e-01
 17   37 3.77525e-01
 17   39 3.65667e-01
 17   41 3.49322e-01
 17   43 3.03395e-01
 17   45 3.06693e-01
 17   47 2.55588e-01
 17   49 2.59919e-01
 17   51 2.43568e-01
 17   53 2.30346e-01
 17   55 2.47908e-01
 17   57 2.54521e-01
 17   59 2.78353e-01
 17   61 2.80688e-01
 17   63 2.50732e-01
 17   65 2.59961e-01
 17   67 2.59683e-01
 17   69 2.74153e-01
 17   71 2.15725e-01
 17   73 2.23774e-01
 17   75 2.18704e-01
 17   77 1.87428e-01
 17   79 2.48263e-01
 17   81 1.71390e-01
 17   83 2.01210e-01
 17   85 1.83028e-01
 17   87 2.34679e-01
 17   89 1.61357e-01
 17   91 2.75226e-01
 18    2 8.78297e-02
 18    4 1.92889e-01
 18    6 3.33164e-01
 18    8 5.42538e-01
 18   10 6.40614e-01
 18   12 7.74452e-01
 18   14 1.64072e+00
 18   16 5.53964e+00
 18   18 6.44246e+01
 18   20 5.58569e+00
 18   22 1.75402e+00
 18   24 8.01363e-01
 18   26 6.24598e-01
 18   28 6.13311e-01
 18   30 4.75488e-01
 18   32 4.12823e-01
 18   34 4.03663e-01
 18   36 4.01406e-01
 18   38 3.60921e-01
 18   40 3.34268e-01
 18   42 2.98838e-01
 18   44 2.66443e-01
 18   46 2.64059e-01
 18   48 2.38645e-01
 18   50 2.44766e-01
 18   52 2.26923e-01
 18   54 2.51516e-01
 18   56 2.47805e-01
 18   58 2.26615e-01
 18   60 2.95892e-01
 18   62 2.49661e-01
 18   64 2.48432e-01
 18   66 2.21537e-01
 18   68 2.43378e-01
 18   70 2.53221e-01
 18   72 2.26664e-01
 18   74 2.06809e-01
 18   76 1.97103e-01
 18   78 2.17725e-01
 18   80 1.59215e-01
 18   82 2.18292e-01
 18   84 1.68463e-01
 18   86 2.57721e-01
 18   88 1.52048e-01
 18   90 2.50215e-01
 19    1 2.66117e-02
 19    3 1.42099e-01
 19    5 2.37968e-01
 19    7 3.67822e-01
 19    9 5.61629e-01
 19   11 5.89358e-01
 19   13 7.27738e-01
 19   15 1.58852e+00
 19   17 5.29196e+00
 19   19 6.06823e+01
 19   21 5.29506e+00
 19   23 1.67272e+00
 19   25 7.49992e-01
 19   27 5.88888e-01
 19   29 6.00880e-01
 19   31 4.54080e-01
 19   33 3.92301e-01
 19   35 3.86322e-01
 19   37 3.55486e-01
 19   39 3.39338e-01
 19   41 3.13571e-01
 19   43 2.76036e-01
 19   45 2.47645e-01
 19   47 2.44655e-01
 19   49 2.24108e-01
 19   51 2.18090e-01
 19   53 2.08620e-01
 19   55 2.17819e-01
 19   57 2.04560e-01
 19   59 2.68235e-01
 19   61 2.43298e-01
 19   63 2.53836e-01
 19   65 2.20844e-01
 19   67 2.07901e-01
 19   69 2.42028e-01
 19   71 1.93552e-01
 19   73 2.14020e-01
 19   75 2.12934e-01
 19   77 1.76493e-01
 19   79 2.07522e-01
 19   81 1.45430e-01
 19   83 2.14025e-01
 19   85 1.43691e-01
 19   87 2.34352e-01
 19   89 1.55977e-01
 19   91 2.25232e-01
 20    2 7.16426e-02
 20    4 1.80567e-01
 20    6 2.66840e-01
 20    8 3.96381e-01
 20   10 5.30504e-01
 20   12 5.58887e-01
 20   14 7.07837e-01
 20   16 1.53612e+00
 20   18 5.01693e+00
 20   20 5.75035e+01
 20   22 5.01857e+00
 20   24 1.60702e+00
 20   26 7.29253e-01
 20   28 5.58063e-01
 20   30 5.72160e-01
 20   32 4.50574e-01
 20   34 4.00692e-01
 20   36 3.72039e-01
 20   38 3.42645e-01
 20   40 3.12064e-01
 20   42 2.68678e-01
 20   44 2.43736e-01
 20   46 2.40471e-01
 20   48 2.15705e-01
 20   50 2.08856e-01
 20   52 2.01337e-01
 20   54 2.13627e-01
 20   56 2.23742e-01
 20   58 2.19761e-01
 20   60 2.48886e-01
 20   62 2.22857e-01
 20   64 2.18688e-01
 20   66 2.03458e-01
 20   68 1.94365e-01
 20   70 2.28382e-01
 20   72 1.97611e-01
 20   74 2.25749e-01
 20   76 1.75886e-01
 20   78 1.87939e-01
 20   80 1.62126e-01
 20   82 2.07471e-01
 20   84 1.56742e-01
 20   86 2.06909e-01
 20   88 1.49725e-01
 20   90 2.19694e-01
 21    1 1.98288e-02
 21    3 1.03053e-01
 21    5 2.01128e-01
 21    7 2.87967e-01
 21    9 4.20997e-01
 21   11 5.05467e-01
 21   13 5.22144e-01
 21   15 6.74791e-01
 21   17 1.49199e+00
 21   19 4.78262e+00
 21   21 5.45998e+01
 21   23 4.80293e+00
 21   25 1.56269e+00
 21   27 6.93850e-01
 21   29 5.19029e-01
 21   31 5.61664e-01
 21   33 4.29835e-01
 21   35 3.63780e-01
 21   37 3.68295e-01
 21   39 3.08534e-01
 21   41 2.75812e-01
 21   43 2.48747e-01
 21   45 2.49096e-01
 21   47 2.21622e-01
 21   49 2.04171e-01
 21   51 1.80476e-01
 21   53 1.74478e-01
 21   55 1.99508e-01
 21   57 1.97180e-01
 21   59 2.15848e-01
 21   61 2.17124e-01
 21   63 2.16667e-01
 21   65 2.11726e-01
 21   67 1.78243e-01
 21   69 1.85242e-01
 21   71 2.07489e-01
 21   73 1.82892e-01
 21   75 2.00896e-01
 21   77 1.68820e-01
 21   79 1.93928e-01
 21   81 1.39810e-01
 21   83 1.91919e-01
 21   85 1.43751e-01
 21   87 2.10260e-01
 21   89 1.42741e-01
 21   91 2.22549e-01
 22    2 5.70452e-02
 22    4 1.37257e-01
 22    6 2.36547e-01
 22    8 3.13264e-01
 22   10 4.03809e-01
 22   12 4.84144e-01
 22   14 4.94343e-01
 22   16 6.56987e-01
 22   18 1.43017e+00
 22   20 4.55588e+00
 22   22 5.20489e+01
 22   24 4.57599e+00
 22   26 1.49792e+00
 22   28 6.53774e-01
 22   30 5.10815e-01
 22   32 5.39547e-01
 22   34 4.15989e-01
 22   36 3.63450e-01
 22   38 3.39481e-01
 22   40 2.86629e-01
 22   42 2.54530e-01
 22   44 2.56066e-01
 22   46 2.12027e-01
 22   48 2.06041e-01
 22   50 1.98155e-01
 22   52 1.83605e-01
 22   54 1.78895e-01
 22   56 2.14888e-01
 22   58 2.12519e-01
 22   60 2.07021e-01
 22   62 1.81212e-01
 22   64 1.89949e-01
 22   66 1.97271e-01
 22   68 1.70404e-01
 22   70 1.89749e-01
 22   72 1.51006e-01
 22   74 2.29492e-01
 22   76 1.63108e-01
 22   78 1.94469e-01
 22   80 1.45713e-01
 22   82 1.86070e-01
 22   84 1.56380e-01
 22   86 2.09494e-01
 22   88 1.37482e-01
 22   90 1.91526e-01
 23    1 1.63176e-02
 23    3 9.14043e-02
 23    5 1.66954e-01
 23    7 2.62337e-01
 23    9 3.52809e-01
 23   11 3.81119e-01
 23   13 4.61903e-01
 23   15 4.84786e-01
 23   17 6.17576e-01
 23   19 1.37786e+00
 23   21 4.38019e+00
 23   23 4.96591e+01
 23   25 4.37687e+00
 23   27 1.44609e+00
 23   29 6.26855e-01
 23   31 4.96475e-01
 23   33 5.34133e-01
 23   35 3.84261e-01
 23   37 3.32211e-01
 23   39 2.98982e-01
 23   41 2.54655e-01
 23   43 2.46118e-01
 23   45 2.16206e-01
 23   47 2.20312e-01
 23   49 1.82254e-01
 23   51 1.94643e-01
 23   53 1.48922e-01
 23   55 1.75415e-01
 23   57 2.02591e-01
 23   59 2.02667e-01
 23   61 1.83349e-01
 23   63 1.83837e-01
 23   65 1.71265e-01
 23   67 1.93684e-01
 23   69 1.51753e-01
 23   71 1.77719e-01
 23   73 1.46521e-01
 23   75 2.15439e-01
 23   77 1.32099e-01
 23   79 1.92594e-01
 23   81 1.30220e-01
 23   83 1.80976e-01
 23   85 1.49368e-01
 23   87 2.07366e-01
 23   89 1.42078e-01
 23   91 1.83840e-01
 24    2 5.15273e-02
 24    4 1.20301e-01
 24    6 1.94142e-01
 24    8 2.84068e-01
 24   10 3.30560e-01
 24   12 3.67445e-01
 24   14 4.34900e-01
 24   16 4.56301e-01
 24   18 5.98395e-01
 24   20 1.33604e+00
 24   22 4.19074e+00
 24   24 4.75577e+01
 24   26 4.18697e+00
 24   28 1.41137e+00
 24   30 6.13915e-01
 24   32 4.84099e-01
 24   34 4.92230e-01
 24   36 3.64163e-01
 24   38 3.16478e-01
 24   40 2.78829e-01
 24   42 2.59536e-01
 24   44 2.27011e-01
 24   46 1.94403e-01
 24   48 1.88001e-01
 24   50 1.79256e-01
 24   52 1.75674e-01
 24   54 1.70097e-01
 24   56 1.74799e-01
 24   58 2.03837e-01
 24   60 2.03887e-01
 24   62 1.77633e-01
 24   64 1.50368e-01
 24   66 1.66102e-01
 24   68 1.49325e-01
 24   70 1.81070e-01
 24   72 1.52496e-01
 24   74 2.19897e-01
 24   76 1.46813e-01
 24   78 2.11189e-01
 24   80 1.45959e-01
 24   82 1.93850e-01
 24   84 1.25430e-01
 24   86 1.85873e-01
 24   88 1.45193e-01
 24   90 1.58865e-01
 25    1 1.62321e-02
 25    3 7.61103e-02
 25    5 1.41751e-01
 25    7 2.16633e-01
 25    9 2.98389e-01
 25   11 3.00317e-01
 25   13 3.38869e-01
 25   15 4.30402e-01
 25   17 4.45217e-01
 25   19 5.67949e-01
 25   21 1.31018e+00
 25   23 4.02379e+00
 25   25 4.56085e+01
 25   27 4.03799e+00
 25   29 1.35789e+00
 25   31 5.83077e-01
 25   33 4.56886e-01
 25   35 4.69750e-01
 25   37 3.48359e-01
 25   39 2.81306e-01
 25   41 2.87856e-01
 25   43 2.33513e-01
 25   45 2.07265e-01
 25   47 2.04417e-01
 25   49 1.65289e-01
 25   51 1.66883e-01
 25   53 1.68373e-01
 25   55 1.55470e-01
 25   57 1.82031e-01
 25   59 1.75611e-01
 25   61 2.06233e-01
 25   63 1.48562e-01
 25   65 1.53309e-01
 25   67 1.60405e-01
 25   69 1.31170e-01
 25   71 1.77275e-01
 25   73 1.17545e-01
 25   75 2.04683e-01
 25   77 1.39724e-01
 25   79 1.80818e-01
 25   81 1.56909e-01
 25   83 1.82254e-01
 25   85 1.32836e-01
 25   87 1.83004e-01
 25   89 1.38534e-01
 25   91 1.50205e-01
 26    2 4.51072e-02
 26    4 1.06435e-01
 26    6 1.70207e-01
 26    8 2.37226e-01
 26   10 2.81004e-01
 26   12 2.86072e-01
 26   14 3.26010e-01
 26   16 4.05863e-01
 26   18 4.30290e-01
 26   20 5.59343e-01
 26   22 1.26560e+00
 26   24 3.86280e+00
 26   26 4.38630e+01
 26   28 3.87972e+00
 26   30 1.30537e+00
 26   32 5.44538e-01
 26   34 4.29806e-01
 26   36 4.40215e-01
 26   38 3.24428e-01
 26   40 2.90613e-01
 26   42 2.66450e-01
 26   44 2.20517e-01
 26   46 1.98051e-01
 26   48 1.74630e-01
 26   50 1.56171e-01
 26   52 1.72178e-01
 26   54 1.60195e-01
 26   56 1.81880e-01
 26   58 1.76043e-01
 26   60 1.71532e-01
 26   62 1.77109e-01
 26   64 1.52477e-01
 26   66 1.39776e-01
 26   68 1.34755e-01
 26   70 1.51007e-01
 26   72 1.26766e-01
 26   74 1.94839e-01
 26   76 1.50840e-01
 26   78 2.00534e-01
 26   80 1.62731e-01
 26   82 1.76140e-01
 26   84 1.36548e-01
 26   86 1.59462e-01
 26   88 1.29669e-01
 26   90 1.54839e-01
 27    1 1.21964e-02
 27    3 7.37595e-02
 27    5 1.31725e-01
 27    7 1.93460e-01
 27    9 2.57227e-01
 27   11 2.76234e-01
 27   13 2.78508e-01
 27   15 2.98980e-01
 27   17 3.98839e-01
 27   19 4.12762e-01
 27   21 5.38441e-01
 27   23 1.23050e+00
 27   25 3.73749e+00
 27   27 4.21836e+01
 27   29 3.72601e+00
 27   31 1.24569e+00
 27   33 5.08606e-01
 27   35 4.08853e-01
 27   37 4.36120e-01
 27   39 3.07840e-01
 27   41 2.61340e-01
 27   43 2.61526e-01
 27   45 2.18492e-01
 27   47 1.87937e-01
 27   49 1.53649e-01
 27   51 1.72206e-01
 27   53 1.50087e-01
 27   55 1.56846e-01
 27   57 1.56404e-01
 27   59 1.55185e-01
 27   61 1.47686e-01
 27   63 1.56935e-01
 27   65 1.48378e-01
 27   67 1.35972e-01
 27   69 1.19148e-01
 27   71 1.59915e-01
 27   73 1.45769e-01
 27   75 1.74192e-01
 27   77 1.27697e-01
 27   79 1.93502e-01
 27   81 1.59279e-01
 27   83 1.63289e-01
 27   85 1.36292e-01
 27   87 1.45327e-01
 27   89 1.32348e-01
 27   91 1.38991e-01
 28    2 3.84720e-02
 28    4 9.37803e-02
 28    6 1.50378e-01
 28    8 2.07352e-01
 28   10 2.53950e-01
 28   12 2.57778e-01
 28   14 2.59159e-01
 28   16 2.88377e-01
 28   18 3.92250e-01
 28   20 3.97379e-01
 28   22 5.12810e-01
 28   24 1.20883e+00
 28   26 3.60182e+00
 28   28 4.06598e+01
 28   30 3.57812e+00
 28   32 1.19737e+00
 28   34 4.86466e-01
 28   36 3.88545e-01
 28   38 4.06640e-01
 28   40 2.91421e-01
 28   42 2.48922e-01
 28   44 2.43065e-01
 28   46 2.08527e-01
 28   48 1.82365e-01
 28   50 1.63520e-01
 28   52 1.56934e-01
 28   54 1.53114e-01
 28   56 1.65020e-01
 28   58 1.45161e-01
 28   60 1.43290e-01
 28   62 1.49228e-01
 28   64 1.52082e-01
 28   66 1.49313e-01
 28   68 1.21022e-01
 28   70 1.35014e-01
 28   72 1.53672e-01
 28   74 1.55873e-01
 28   76 1.48243e-01
 28   78 1.78680e-01
 28   80 1.62852e-01
 28   82 1.39437e-01
 28   84 1.63035e-01
 28   86 1.54112e-01
 28   88 1.33132e-01
 28   90 1.44789e-01
 29    1 1.44296e-02
 29    3 6.12906e-02
 29    5 1.13582e-01
 29    7 1.62508e-01
 29    9 2.29361e-01
 29   11 2.23576e-01
 29   13 2.50953e-01
 29   15 2.39563e-01
 29   17 2.80073e-01
 29   19 3.92093e-01
 29   21 3.74972e-01
 29   23 4.96577e-01
 29   25 1.17008e+00
 29   27 3.46879e+00
 29   29 3.92053e+01
 29   31 3.44214e+00
 29   33 1.15777e+00
 29   35 4.52193e-01
 29   37 3.67623e-01
 29   39 4.13204e-01
 29   41 2.70986e-01
 29   43 2.37472e-01
 29   45 2.19350e-01
 29   47 2.05744e-01
 29   49 1.71473e-01
 29   51 1.72693e-01
 29   53 1.56794e-01
 29   55 1.45660e-01
 29   57 1.63687e-01
 29   59 1.42907e-01
 29   61 1.47318e-01
 29   63 1.42344e-01
 29   65 1.47112e-01
 29   67 1.26761e-01
 29   69 1.20040e-01
 29   71 1.25782e-01
 29   73 1.43814e-01
 29   75 1.49034e-01
 29   77 1.46081e-01
 29   79 1.60389e-01
 29   81 1.61838e-01
 29   83 1.33104e-01
 29   85 1.53784e-01
 29   87 1.46549e-01
 29   89 1.16208e-01
 29   91 1.38725e-01
 30    2 3.77811e-02
 30    4 8.33473e-02
 30    6 1.33474e-01
 30    8 1.90323e-01
 30   10 2.12794e-01
 30   12 2.19901e-01
 30   14 2.31173e-01
 30   16 2.41003e-01
 30   18 2.83848e-01
 30   20 3.80279e-01
 30   22 3.73987e-01
 30   24 4.90789e-01
 30   26 1.13115e+00
 30   28 3.33979e+00
 30   30 3.79154e+01
 30   32 3.32210e+00
 30   34 1.10717e+00
 30   36 4.31932e-01
 30   38 3.59264e-01
 30   40 3.76776e-01
 30   42 2.60470e-01
 30   44 2.37805e-01
 30   46 2.10632e-01
 30   48 2.01072e-01
 30   50 1.85596e-01
 30   52 1.53367e-01
 30   54 1.43054e-01
 30   56 1.51333e-01
 30   58 1.53298e-01
 30   60 1.55379e-01
 30   62 1.35183e-01
 30   64 1.37909e-01
 30   66 1.09701e-01
 30   68 1.23177e-01
 30   70 1.10894e-01
 30   72 1.47823e-01
 30   74 1.45134e-01
 30   76 1.44638e-01
 30   78 1.35241e-01
 30   80 1.68167e-01
 30   82 1.35732e-01
 30   84 1.55002e-01
 30   86 1.49392e-01
 30   88 1.19292e-01
 30   90 1.53957e-01
 31    1 1.07610e-02
 31    3 6.06052e-02
 31    5 1.02859e-01
 31    7 1.65215e-01
 31    9 1.94172e-01
 31   11 2.00218e-01
 31   13 2.06911e-01
 31   15 2.27720e-01
 31   17 2.37316e-01
 31   19 2.77238e-01
 31   21 3.79666e-01
 31   23 3.67989e-01
 31   25 4.70102e-01
 31   27 1.08508e+00
 31   29 3.22068e+00
 31   31 3.66265e+01
 31   33 3.20329e+00
 31   35 1.07475e+00
 31   37 4.03314e-01
 31   39 3.43278e-01
 31   41 3.72990e-01
 31   43 2.60368e-01
 31   45 2.15501e-01
 31   47 2.21990e-01
 31   49 2.01624e-01
 31   51 1.52152e-01
 31   53 1.57762e-01
 31   55 1.38093e-01
 31   57 1.34317e-01
 31   59 1.42915e-01
 31   61 1.31922e-01
 31   63 1.32492e-01
 31   65 1.32505e-01
 31   67 1.21814e-01
 31   69 1.11314e-01
 31   71 1.20465e-01
 31   73 1.49978e-01
 31   75 1.21685e-01
 31   77 1.34081e-01
 31   79 1.27374e-01
 31   81 1.72570e-01
 31   83 1.33731e-01
 31   85 1.44583e-01
 31   87 1.29963e-01
 31   89 1.20993e-01
 31   91 1.45209e-01
 32    2 3.02967e-02
 32    4 7.41551e-02
 32    6 1.25586e-01
 32    8 1.67882e-01
 32   10 1.91390e-01
 32   12 1.96600e-01
 32   14 2.16017e-01
 32   16 2.20511e-01
 32   18 2.31108e-01
 32   20 2.80838e-01
 32   22 3.70447e-01
 32   24 3.62932e-01
 32   26 4.42505e-01
 32   28 1.04808e+00
 32   30 3.11542e+00
 32   32 3.54785e+01
 32   34 3.09785e+00
 32   36 1.01584e+00
 32   38 3.78007e-01
 32   40 3.34005e-01
 32   42 3.48635e-01
 32   44 2.53746e-01
 32   46 2.20210e-01
 32   48 2.06104e-01
 32   50 1.82875e-01
 32   52 1.61786e-01
 32   54 1.41438e-01
 32   56 1.44095e-01
 32   58 1.34634e-01
 32   60 1.38366e-01
 32   62 1.31462e-01
 32   64 1.41775e-01
 32   66 1.21215e-01
 32   68 1.14974e-01
 32   70 1.51123e-01
 32   72 1.32371e-01
 32   74 1.24587e-01
 32   76 1.38497e-01
 32   78 1.17408e-01
 32   80 1.72788e-01
 32   82 1.23654e-01
 32   84 1.49855e-01
 32   86 1.42882e-01
 32   88 1.14957e-01
 32   90 1.47824e-01
 33    1 1.01371e-02
 33    3 4.72232e-02
 33    5 9.48240e-02
 33    7 1.34213e-01
 33    9 1.91055e-01
 33   11 1.82434e-01
 33   13 1.85830e-01
 33   15 1.92927e-01
 33   17 2.21355e-01
 33   19 2.25096e-01
 33   21 2.73058e-01
 33   23 3.72063e-01
 33   25 3.46182e-01
 33   27 4.16355e-01
 33   29 1.01805e+00
 33   31 3.01041e+00
 33   33 3.43993e+01
 33   35 2.99080e+00
 33   37 9.83715e-01
 33   39 3.71920e-01
 33   41 2.96912e-01
 33   43 3.47477e-01
 33   45 2.48462e-01
 33   47 1.94919e-01
 33   49 2.06099e-01
 33   51 1.72677e-01
 33   53 1.59621e-01
 33   55 1.46727e-01
 33   57 1.38171e-01
 33   59 1.19315e-01
 33   61 1.35099e-01
 33   63 1.31548e-01
 33   65 1.29916e-01
 33   67 1.02360e-01
 33   69 1.15314e-01
 33   71 1.24306e-01
 33   73 1.26604e-01
 33   75 1.34603e-01
 33   77 1.22404e-01
 33   79 1.32934e-01
 33   81 1.60534e-01
 33   83 1.19675e-01
 33   85 1.45958e-01
 33   87 1.50257e-01
 33   89 9.96659e-02
 33   91 1.47921e-01
 34    2 2.82994e-02
 34    4 6.88297e-02
 34    6 1.06045e-01
 34    8 1.51481e-01
 34   10 1.76776e-01
 34   12 1.87955e-01
 34   14 1.76898e-01
 34   16 1.92108e-01
 34   18 2.12798e-01
 34   20 2.35179e-01
 34   22 2.68954e-01
 34   24 3.47502e-01
 34   26 3.28897e-01
 34   28 4.00977e-01
 34   30 9.77727e-01
 34   32 2.91715e+00
 34   34 3.34045e+01
 34   36 2.90088e+00
 34   38 9.54833e-01
 34   40 3.50013e-01
 34   42 3.06685e-01
 34   44 3.49712e-01
 34   46 2.34874e-01
 34   48 2.00565e-01
 34   50 1.92352e-01
 34   52 1.82503e-01
 34   54 1.49289e-01
 34   56 1.44197e-01
 34   58 1.28354e-01
 34   60 1.32375e-01
 34   62 1.26621e-01
 34   64 1.19735e-01
 34   66 1.13247e-01
 34   68 1.10661e-01
 34   70 1.28915e-01
 34   72 1.18333e-01
 34   74 1.22206e-01
 34   76 1.27766e-01
 34   78 1.07497e-01
 34   80 1.53651e-01
 34   82 1.12131e-01
 34   84 1.56663e-01
 34   86 1.57588e-01
 34   88 1.14787e-01
 34   90 1.32407e-01
 35    1 7.88506e-03
 35    3 4.78010e-02
 35    5 8.17530e-02
 35    7 1.21819e-01
 35    9 1.57675e-01
 35   11 1.65325e-01
 35   13 1.73819e-01
 35   15 1.75297e-01
 35   17 1.96371e-01
 35   19 2.09129e-01
 35   21 2.18027e-01
 35   23 2.52528e-01
 35   25 3.35799e-01
 35   27 3.15766e-01
 35   29 3.75135e-01
 35   31 9.52909e-01
 35   33 2.82166e+00
 35   35 3.24661e+01
 35   37 2.81404e+00
 35   39 9.33232e-01
 35   41 3.36915e-01
 35   43 2.91688e-01
 35   45 3.32314e-01
 35   47 2.28389e-01
 35   49 1.84578e-01
 35   51 1.97308e-01
 35   53 1.67674e-01
 35   55 1.34557e-01
 35   57 1.37762e-01
 35   59 1.29158e-01
 35   61 1.20054e-01
 35   63 1.21693e-01
 35   65 1.20359e-01
 35   67 1.12070e-01
 35   69 1.05329e-01
 35   71 1.22652e-01
 35   73 1.08680e-01
 35   75 1.05562e-01
 35   77 1.38529e-01
 35   79 1.10751e-01
 35   81 1.54747e-01
 35   83 1.09607e-01
 35   85 1.47907e-01
 35   87 1.46663e-01
 35   89 1.05021e-01
 35   91 1.45499e-01
 36    2 2.47805e-02
 36    4 5.78324e-02
 36    6 9.19030e-02
 36    8 1.32990e-01
 36   10 1.61919e-01
 36   12 1.59134e-01
 36   14 1.71400e-01
 36   16 1.85997e-01
 36   18 1.99996e-01
 36   20 2.06379e-01
 36   22 2.22090e-01
 36   24 2.42982e-01
 36   26 3.18377e-01
 36   28 3.02689e-01
 36   30 3.60502e-01
 36   32 9.04090e-01
 36   34 2.74169e+00
 36   36 3.15456e+01
 36   38 2.72851e+00
 36   40 8.91443e-01
 36   42 3.28874e-01
 36   44 3.02985e-01
 36   46 3.35647e-01
 36   48 2.24544e-01
 36   50 1.92535e-01
 36   52 1.80324e-01
 36   54 1.55403e-01
 36   56 1.37185e-01
 36   58 1.37615e-01
 36   60 1.17117e-01
 36   62 1.36809e-01
 36   64 1.12040e-01
 36   66 1.33745e-01
 36   68 1.10555e-01
 36   70 1.14550e-01
 36   72 9.80745e-02
 36   74 1.03182e-01
 36   76 1.40670e-01
 36   78 9.98820e-02
 36   80 1.56990e-01
 36   82 1.15645e-01
 36   84 1.46862e-01
 36   86 1.25932e-01
 36   88 1.11362e-01
 36   90 1.40039e-01
 37    1 8.90229e-03
 37    3 4.04377e-02
 37    5 7.31522e-02
 37    7 1.04718e-01
 37    9 1.55249e-01
 37   11 1.59447e-01
 37   13 1.63529e-01
 37   15 1.65922e-01
 37   17 1.72695e-01
 37   19 1.82183e-01
 37   21 2.08971e-01
 37   23 2.06688e-01
 37   25 2.35754e-01
 37   27 3.18877e-01
 37   29 2.88726e-01
 37   31 3.38539e-01
 37   33 8.78628e-01
 37   35 2.66409e+00
 37   37 3.06896e+01
 37   39 2.64504e+00
 37   41 8.68965e-01
 37   43 3.18053e-01
 37   45 2.84293e-01
 37   47 3.23788e-01
 37   49 2.16918e-01
 37   51 1.87504e-01
 37   53 1.70236e-01
 37   55 1.54403e-01
 37   57 1.24314e-01
 37   59 1.23761e-01
 37   61 1.16441e-01
 37   63 1.22852e-01
 37   65 1.23374e-01
 37   67 1.14314e-01
 37   69 1.15321e-01
 37   71 1.16747e-01
 37   73 9.77720e-02
 37   75 1.04386e-01
 37   77 1.26181e-01
 37   79 9.99521e-02
 37   81 1.45966e-01
 37   83 1.07712e-01
 37   85 1.43404e-01
 37   87 1.24116e-01
 37   89 1.15738e-01
 37   91 1.21306e-01
 38    2 2.21893e-02
 38    4 5.39639e-02
 38    6 8.42315e-02
 38    8 1.27665e-01
 38   10 1.54548e-01
 38   12 1.59957e-01
 38   14 1.55367e-01
 38   16 1.68117e-01
 38   18 1.70514e-01
 38   20 1.80232e-01
 38   22 1.96702e-01
 38   24 2.00232e-01
 38   26 2.22487e-01
 38   28 3.00383e-01
 38   30 2.84325e-01
 38   32 3.19005e-01
 38   34 8.55709e-01
 38   36 2.58724e+00
 38   38 2.98474e+01
 38   40 2.57197e+00
 38   42 8.55904e-01
 38   44 3.17553e-01
 38   46 2.77857e-01
 38   48 3.10829e-01
 38   50 2.07661e-01
 38   52 1.84855e-01
 38   54 1.57396e-01
 38   56 1.39652e-01
 38   58 1.31826e-01
 38   60 1.24725e-01
 38   62 1.15260e-01
 38   64 1.27398e-01
 38   66 1.20980e-01
 38   68 1.11083e-01
 38   70 1.07248e-01
 38   72 1.15874e-01
 38   74 1.13005e-01
 38   76 1.09936e-01
 38   78 1.08942e-01
 38   80 1.54215e-01
 38   82 1.14771e-01
 38   84 1.34782e-01
 38   86 1.28804e-01
 38   88 1.07051e-01
 38   90 1.22456e-01
 39    1 6.48380e-03
 39    3 3.58625e-02
 39    5 6.47056e-02
 39    7 1.05548e-01
 39    9 1.38502e-01
 39   11 1.46345e-01
 39   13 1.53128e-01
 39   15 1.58026e-01
 39   17 1.58849e-01
 39   19 1.65151e-01
 39   21 1.66249e-01
 39   23 1.76650e-01
 39   25 1.80790e-01
 39   27 2.13751e-01
 39   29 3.08186e-01
 39   31 2.73637e-01
 39   33 3.15464e-01
 39   35 8.39022e-01
 39   37 2.51187e+00
 39   39 2.90692e+01
 39   41 2.50494e+00
 39   43 8.16470e-01
 39   45 3.12554e-01
 39   47 2.57282e-01
 39   49 3.01458e-01
 39   51 2.04131e-01
 39   53 1.58845e-01
 39   55 1.54064e-01
 39   57 1.38089e-01
 39   59 1.23639e-01
 39   61 1.25128e-01
 39   63 1.15532e-01
 39   65 1.24328e-01
 39   67 1.21536e-01
 39   69 1.11297e-01
 39   71 9.88834e-02
 39   73 1.14128e-01
 39   75 1.08990e-01
 39   77 1.15049e-01
 39   79 1.11505e-01
 39   81 1.48674e-01
 39   83 1.09159e-01
 39   85 1.24810e-01
 39   87 1.23084e-01
 39   89 9.78738e-02
 39   91 1.22588e-01
 40    2 2.03906e-02
 40    4 5.11525e-02
 40    6 8.36943e-02
 40    8 1.18017e-01
 40   10 1.39869e-01
 40   12 1.49593e-01
 40   14 1.52052e-01
 40   16 1.51523e-01
 40   18 1.50186e-01
 40   20 1.56105e-01
 40   22 1.57943e-01
 40   24 1.67770e-01
 40   26 1.89535e-01
 40   28 2.04726e-01
 40   30 2.83577e-01
 40   32 2.68063e-01
 40   34 2.98311e-01
 40   36 8.03878e-01
 40   38 2.44598e+00
 40   40 2.83747e+01
 40   42 2.43733e+00
 40   44 8.00972e-01
 40   46 2.94228e-01
 40   48 2.59499e-01
 40   50 2.93136e-01
 40   52 1.97060e-01
 40   54 1.61602e-01
 40   56 1.64857e-01
 40   58 1.48392e-01
 40   60 1.21047e-01
 40   62 1.38747e-01
 40   64 1.24293e-01
 40   66 1.19891e-01
 40   68 1.08389e-01
 40   70 1.03619e-01
 40   72 1.04689e-01
 40   74 1.04175e-01
 40   76 1.10897e-01
 40   78 1.46676e-01
 40   80 1.34804e-01
 40   82 9.79707e-02
 40   84 1.18718e-01
 40   86 1.18087e-01
 40   88 1.01415e-01
 40   90 1.07567e-01
 41    1 7.52933e-03
 41    3 3.72603e-02
 41    5 7.15298e-02
 41    7 1.01164e-01
 41    9 1.26689e-01
 41   11 1.36767e-01
 41   13 1.51560e-01
 41   15 1.45737e-01
 41   17 1.44512e-01
 41   19 1.45333e-01
 41   21 1.41529e-01
 41   23 1.43284e-01
 41   25 1.76178e-01
 41   27 1.72809e-01
 41   29 1.92474e-01
 41   31 2.83143e-01
 41   33 2.39832e-01
 41   35 2.88458e-01
 41   37 7.85861e-01
 41   39 2.38548e+00
 41   41 2.76980e+01
 41   43 2.37288e+00
 41   45 7.79736e-01
 41   47 2.88440e-01
 41   49 2.46529e-01
 41   51 2.91371e-01
 41   53 1.88540e-01
 41   55 1.50452e-01
 41   57 1.58013e-01
 41   59 1.50398e-01
 41   61 1.06983e-01
 41   63 1.21733e-01
 41   65 1.24605e-01
 41   67 1.12100e-01
 41   69 1.12608e-01
 41   71 1.04187e-01
 41   73 1.13018e-01
 41   75 9.51011e-02
 41   77 1.05765e-01
 41   79 1.07881e-01
 41   81 1.42770e-01
 41   83 9.83153e-02
 41   85 1.23567e-01
 41   87 1.12000e-01
 41   89 9.75039e-02
 41   91 1.13452e-01
 42    2 2.23146e-02
 42    4 5.18162e-02
 42    6 8.26257e-02
 42    8 1.12926e-01
 42   10 1.31609e-01
 42   12 1.40578e-01
 42   14 1.40415e-01
 42   16 1.31537e-01
 42   18 1.28030e-01
 42   20 1.28159e-01
 42   22 1.33740e-01
 42   24 1.48907e-01
 42   26 1.65704e-01
 42   28 1.66747e-01
 42   30 1.86934e-01
 42   32 2.66807e-01
 42   34 2.49242e-01
 42   36 2.82793e-01
 42   38 7.76166e-01
 42   40 2.32411e+00
 42   42 2.70529e+01
 42   44 2.30108e+00
 42   46 7.53809e-01
 42   48 2.76986e-01
 42   50 2.45742e-01
 42   52 2.72363e-01
 42   54 1.99101e-01
 42   56 1.58125e-01
 42   58 1.56004e-01
 42   60 1.26934e-01
 42   62 1.27250e-01
 42   64 1.32490e-01
 42   66 1.19155e-01
 42   68 1.15877e-01
 42   70 1.08727e-01
 42   72 1.15558e-01
 42   74 1.01873e-01
 42   76 1.18782e-01
 42   78 1.12537e-01
 42   80 1.42352e-01
 42   82 9.78120e-02
 42   84 1.28699e-01
 42   86 9.63322e-02
 42   88 9.16320e-02
 42   90 1.15991e-01
 43    1 6.38237e-03
 43    3 3.29206e-02
 43    5 5.98507e-02
 43    7 9.27888e-02
 43    9 1.28559e-01
 43   11 1.36198e-01
 43   13 1.30999e-01
 43   15 1.32845e-01
 43   17 1.19830e-01
 43   19 1.22145e-01
 43   21 1.21863e-01
 43   23 1.32212e-01
 43   25 1.36448e-01
 43   27 1.65103e-01
 43   29 1.61034e-01
 43   31 1.88702e-01
 43   33 2.67970e-01
 43   35 2.38430e-01
 43   37 2.74614e-01
 43   39 7.42333e-01
 43   41 2.26546e+00
 43   43 2.64553e+01
 43   45 2.24301e+00
 43   47 7.33098e-01
 43   49 2.69218e-01
 43   51 2.33275e-01
 43   53 2.77413e-01
 43   55 1.92897e-01
 43   57 1.65678e-01
 43   59 1.43562e-01
 43   61 1.24846e-01
 43   63 1.16762e-01
 43   65 1.27056e-01
 43   67 1.14634e-01
 43   69 1.10694e-01
 43   71 1.09314e-01
 43   73 1.05922e-01
 43   75 1.01228e-01
 43   77 1.06620e-01
 43   79 1.32398e-01
 43   81 1.15243e-01
 43   83 9.79657e-02
 43   85 1.21035e-01
 43   87 9.77704e-02
 43   89 9.39780e-02
 43   91 1.12793e-01
 44    2 2.18101e-02
 44    4 4.76371e-02
 44    6 7.87079e-02
 44    8 1.16927e-01
 44   10 1.33083e-01
 44   12 1.29968e-01
 44   14 1.22557e-01
 44   16 1.18018e-01
 44   18 1.09112e-01
 44   20 1.11130e-01
 44   22 1.28608e-01
 44   24 1.24497e-01
 44   26 1.31084e-01
 44   28 1.55636e-01
 44   30 1.63134e-01
 44   32 1.85618e-01
 44   34 2.71664e-01
 44   36 2.49031e-01
 44   38 2.75257e-01
 44   40 7.30050e-01
 44   42 2.19950e+00
 44   44 2.58774e+01
 44   46 2.18892e+00
 44   48 7.13209e-01
 44   50 2.60972e-01
 44   52 2.44686e-01
 44   54 2.69662e-01
 44   56 1.83990e-01
 44   58 1.50365e-01
 44   60 1.49514e-01
 44   62 1.29824e-01
 44   64 1.35126e-01
 44   66 1.08255e-01
 44   68 1.11152e-01
 44   70 1.04678e-01
 44   72 1.13506e-01
 44   74 1.05573e-01
 44   76 1.16191e-01
 44   78 9.41402e-02
 44   80 1.21464e-01
 44   82 9.20733e-02
 44   84 1.11582e-01
 44   86 1.03420e-01
 44   88 1.00776e-01
 44   90 1.00157e-01
 45    1 7.80644e-03
 45    3 3.85707e-02
 45    5 6.58772e-02
 45    7 9.20887e-02
 45    9 1.20759e-01
 45   11 1.21136e-01
 45   13 1.18522e-01
 45   15 1.18194e-01
 45   17 1.15917e-01
 45   19 1.04862e-01
 45   21 1.16779e-01
 45   23 1.11142e-01
 45   25 1.15895e-01
 45   27 1.31996e-01
 45   29 1.42340e-01
 45   31 1.49459e-01
 45   33 1.83359e-01
 45   35 2.59941e-01
 45   37 2.34895e-01
 45   39 2.71936e-01
 45   41 7.12379e-01
 45   43 2.14642e+00
 45   45 2.53172e+01
 45   47 2.13753e+00
 45   49 6.98430e-01
 45   51 2.55182e-01
 45   53 2.34340e-01
 45   55 2.71835e-01
 45   57 1.77000e-01
 45   59 1.53040e-01
 45   61 1.39938e-01
 45   63 1.34949e-01
 45   65 1.14332e-01
 45   67 1.10109e-01
 45   69 1.22797e-01
 45   71 9.99659e-02
 45   73 1.14021e-01
 45   75 9.58379e-02
 45   77 1.08471e-01
 45   79 8.93390e-02
 45   81 1.33559e-01
 45   83 9.35801e-02
 45   85 9.94351e-02
 45   87 9.59439e-02
 45   89 7.78113e-02
 45   91 1.10268e-01
 46    2 2.30849e-02
 46    4 5.67204e-02
 46    6 8.48812e-02
 46    8 1.13979e-01
 46   10 1.27024e-01
 46   12 1.19032e-01
 46   14 1.06901e-01
 46   16 1.10039e-01
 46   18 1.03591e-01
 46   20 1.05033e-01
 46   22 1.02014e-01
 46   24 1.02133e-01
 46   26 1.12782e-01
 46   28 1.27910e-01
 46   30 1.38421e-01
 46   32 1.54316e-01
 46   34 1.74787e-01
 46   36 2.64282e-01
 46   38 2.30726e-01
 46   40 2.56905e-01
 46   42 6.90251e-01
 46   44 2.09693e+00
 46   46 2.47451e+01
 46   48 2.08906e+00
 46   50 6.86514e-01
 46   52 2.54056e-01
 46   54 2.29958e-01
 46   56 2.60692e-01
 46   58 1.74475e-01
 46   60 1.44220e-01
 46   62 1.54645e-01
 46   64 1.32374e-01
 46   66 1.27625e-01
 46   68 1.19854e-01
 46   70 1.08540e-01
 46   72 1.13706e-01
 46   74 9.55478e-02
 46   76 1.07341e-01
 46   78 9.18647e-02
 46   80 1.31711e-01
 46   82 9.77810e-02
 46   84 8.99459e-02
 46   86 1.05114e-01
 46   88 8.40932e-02
 46   90 1.02351e-01
 47    1 6.28077e-03
 47    3 3.48418e-02
 47    5 6.35726e-02
 47    7 9.00682e-02
 47    9 1.22648e-01
 47   11 1.28337e-01
 47   13 1.10408e-01
 47   15 9.72360e-02
 47   17 9.26371e-02
 47   19 9.93456e-02
 47   21 9.96353e-02
 47   23 1.08605e-01
 47   25 1.09612e-01
 47   27 1.08878e-01
 47   29 1.28033e-01
 47   31 1.47641e-01
 47   33 1.37943e-01
 47   35 1.71319e-01
 47   37 2.56549e-01
 47   39 2.14661e-01
 47   41 2.52710e-01
 47   43 6.72742e-01
 47   45 2.04982e+00
 47   47 2.42359e+01
 47   49 2.02766e+00
 47   51 6.74151e-01
 47   53 2.45897e-01
 47   55 2.30427e-01
 47   57 2.56146e-01
 47   59 1.64686e-01
 47   61 1.38027e-01
 47   63 1.46337e-01
 47   65 1.45509e-01
 47   67 1.09703e-01
 47   69 1.15457e-01
 47   71 1.09709e-01
 47   73 1.06596e-01
 47   75 9.31742e-02
 47   77 1.05098e-01
 47   79 9.49399e-02
 47   81 1.18605e-01
 47   83 8.93913e-02
 47   85 9.18414e-02
 47   87 1.04856e-01
 47   89 9.81364e-02
 47   91 8.46693e-02
 48    2 2.11928e-02
 48    4 5.19699e-02
 48    6 8.04475e-02
 48    8 1.08652e-01
 48   10 1.22237e-01
 48   12 1.14226e-01
 48   14 1.00025e-01
 48   16 8.83859e-02
 48   18 8.98690e-02
 48   20 9.04392e-02
 48   22 9.51607e-02
 48   24 9.48109e-02
 48   26 9.54585e-02
 48   28 1.07378e-01
 48   30 1.26842e-01
 48   32 1.38642e-01
 48   34 1.43273e-01
 48   36 1.69715e-01
 48   38 2.47760e-01
 48   40 2.17500e-01
 48   42 2.43466e-01
 48   44 6.55849e-01
 48   46 2.00533e+00
 48   48 2.37287e+01
 48   50 1.99697e+00
 48   52 6.73382e-01
 48   54 2.54946e-01
 48   56 2.10265e-01
 48   58 2.43402e-01
 48   60 1.68929e-01
 48   62 1.42005e-01
 48   64 1.52793e-01
 48   66 1.45784e-01
 48   68 1.15528e-01
 48   70 1.11661e-01
 48   72 1.09249e-01
 48   74 9.03043e-02
 48   76 1.05857e-01
 48   78 1.07894e-01
 48   80 1.09149e-01
 48   82 9.43356e-02
 48   84 1.06932e-01
 48   86 8.27035e-02
 48   88 9.07521e-02
 48   90 9.51501e-02
 49    1 6.90779e-03
 49    3 3.51447e-02
 49    5 6.86336e-02
 49    7 9.16152e-02
 49    9 1.16164e-01
 49   11 1.11187e-01
 49   13 1.04575e-01
 49   15 9.06085e-02
 49   17 9.05170e-02
 49   19 8.74378e-02
 49   21 8.81946e-02
 49   23 8.63253e-02
 49   25 8.51596e-02
 49   27 8.55273e-02
 49   29 1.02527e-01
 49   31 1.28844e-01
 49   33 1.40143e-01
 49   35 1.33033e-01
 49   37 1.65140e-01
 49   39 2.41669e-01
 49   41 2.07531e-01
 49   43 2.37377e-01
 49   45 6.43537e-01
 49   47 1.94824e+00
 49   49 2.32764e+01
 49   51 1.94377e+00
 49   53 6.60610e-01
 49   55 2.45941e-01
 49   57 2.02007e-01
 49   59 2.44145e-01
 49   61 1.63282e-01
 49   63 1.34885e-01
 49   65 1.48303e-01
 49   67 1.44178e-01
 49   69 1.12695e-01
 49   71 1.05842e-01
 49   73 1.11538e-01
 49   75 8.70057e-02
 49   77 9.78351e-02
 49   79 1.03381e-01
 49   81 1.06800e-01
 49   83 9.73247e-02
 49   85 1.11472e-01
 49   87 7.96144e-02
 49   89 7.73406e-02
 49   91 1.06639e-01
 50    2 2.12039e-02
 50    4 4.97999e-02
 50    6 7.62883e-02
 50    8 1.00939e-01
 50   10 1.07915e-01
 50   12 1.03693e-01
 50   14 9.45260e-02
 50   16 8.72711e-02
 50   18 8.86451e-02
 50   20 8.42150e-02
 50   22 8.80149e-02
 50   24 8.69398e-02
 50   26 8.20997e-02
 50   28 9.25959e-02
 50   30 1.12597e-01
 50   32 1.18306e-01
 50   34 1.32145e-01
 50   36 1.39951e-01
 50   38 1.59189e-01
 50   40 2.36286e-01
 50   42 2.07733e-01
 50   44 2.30795e-01
 50   46 6.33767e-01
 50   48 1.92052e+00
 50   50 2.28651e+01
 50   52 1.90637e+00
 50   54 6.40562e-01
 50   56 2.27066e-01
 50   58 2.04900e-01
 50   60 2.32638e-01
 50   62 1.73733e-01
 50   64 1.47955e-01
 50   66 1.56680e-01
 50   68 1.40076e-01
 50   70 1.05072e-01
 50   72 9.34205e-02
 50   74 9.24145e-02
 50   76 1.05115e-01
 50   78 1.13618e-01
 50   80 1.04240e-01
 50   82 8.80745e-02
 50   84 9.64709e-02
 50   86 9.35950e-02
 50   88 7.87898e-02
 50   90 1.01653e-01
 51    1 7.22499e-03
 51    3 3.35300e-02
 51    5 5.76523e-02
 51    7 8.55066e-02
 51    9 1.07247e-01
 51   11 1.03446e-01
 51   13 9.54271e-02
 51   15 9.07410e-02
 51   17 8.16475e-02
 51   19 8.19045e-02
 51   21 7.50408e-02
 51   23 8.87419e-02
 51   25 8.27619e-02
 51   27 9.22686e-02
 51   29 9.93905e-02
 51   31 9.35899e-02
 51   33 1.13021e-01
 51   35 1.36883e-01
 51   37 1.37403e-01
 51   39 1.57519e-01
 51   41 2.36097e-01
 51   43 1.97985e-01
 51   45 2.26324e-01
 51   47 6.23497e-01
 51   49 1.87101e+00
 51   51 2.24312e+01
 51   53 1.85292e+00
 51   55 6.24167e-01
 51   57 2.27478e-01
 51   59 1.97884e-01
 51   61 2.24072e-01
 51   63 1.65847e-01
 51   65 1.48870e-01
 51   67 1.47002e-01
 51   69 1.32848e-01
 51   71 1.00202e-01
 51   73 9.73010e-02
 51   75 9.42658e-02
 51   77 1.07123e-01
 51   79 1.00383e-01
 51   81 9.84691e-02
 51   83 8.72774e-02
 51   85 9.76750e-02
 51   87 8.94712e-02
 51   89 7.90998e-02
 51   91 9.49630e-02
 52    2 2.11537e-02
 52    4 4.46389e-02
 52    6 6.90895e-02
 52    8 9.32285e-02
 52   10 1.03309e-01
 52   12 9.63396e-02
 52   14 9.07760e-02
 52   16 8.33780e-02
 52   18 7.91734e-02
 52   20 7.82104e-02
 52   22 7.85656e-02
 52   24 8.20822e-02
 52   26 8.72000e-02
 52   28 8.56125e-02
 52   30 8.96368e-02
 52   32 1.00830e-01
 52   34 1.20787e-01
 52   36 1.26275e-01
 52   38 1.36517e-01
 52   40 1.53026e-01
 52   42 2.21805e-01
 52   44 2.08468e-01
 52   46 2.25947e-01
 52   48 6.23887e-01
 52   50 1.83656e+00
 52   52 2.20633e+01
 52   54 1.80937e+00
 52   56 6.06485e-01
 52   58 2.11348e-01
 52   60 2.00356e-01
 52   62 2.28786e-01
 52   64 1.75230e-01
 52   66 1.37210e-01
 52   68 1.35519e-01
 52   70 1.10512e-01
 52   72 1.19633e-01
 52   74 9.36814e-02
 52   76 1.01778e-01
 52   78 9.74471e-02
 52   80 1.21118e-01
 52   82 7.99102e-02
 52   84 9.25144e-02
 52   86 1.05150e-01
 52   88 9.35225e-02
 52   90 8.83688e-02
 53    1 6.92630e-03
 53    3 3.21255e-02
 53    5 5.70362e-02
 53    7 8.29252e-02
 53    9 1.04318e-01
 53   11 1.01573e-01
 53   13 9.33692e-02
 53   15 7.94558e-02
 53   17 7.44482e-02
 53   19 7.55408e-02
 53   21 6.99473e-02
 53   23 6.54638e-02
 53   25 8.05089e-02
 53   27 7.75352e-02
 53   29 8.70063e-02
 53   31 9.35638e-02
 53   33 1.00732e-01
 53   35 1.12157e-01
 53   37 1.20280e-01
 53   39 1.18181e-01
 53   41 1.47299e-01
 53   43 2.27010e-01
 53   45 2.00391e-01
 53   47 2.19272e-01
 53   49 6.13093e-01
 53   51 1.78652e+00
 53   53 2.16633e+01
 53   55 1.75811e+00
 53   57 5.88036e-01
 53   59 2.10317e-01
 53   61 2.00515e-01
 53   63 2.26147e-01
 53   65 1.67339e-01
 53   67 1.41071e-01
 53   69 1.34387e-01
 53   71 1.10875e-01
 53   73 1.08611e-01
 53   75 9.60881e-02
 53   77 1.03196e-01
 53   79 1.03753e-01
 53   81 1.22841e-01
 53   83 7.54473e-02
 53   85 9.13426e-02
 53   87 9.96280e-02
 53   89 8.89571e-02
 53   91 9.50304e-02
 54    2 1.76279e-02
 54    4 4.08625e-02
 54    6 6.28357e-02
 54    8 8.96339e-02
 54   10 1.00226e-01
 54   12 1.05738e-01
 54   14 8.69581e-02
 54   16 7.72059e-02
 54   18 8.46764e-02
 54   20 8.00740e-02
 54   22 7.38656e-02
 54   24 7.66891e-02
 54   26 7.82858e-02
 54   28 8.05986e-02
 54   30 8.06772e-02
 54   32 8.50577e-02
 54   34 9.53402e-02
 54   36 1.05007e-01
 54   38 1.12161e-01
 54   40 1.21090e-01
 54   42 1.56456e-01
 54   44 2.21690e-01
 54   46 1.97343e-01
 54   48 2.27922e-01
 54   50 5.95461e-01
 54   52 1.74592e+00
 54   54 2.13244e+01
 54   56 1.72403e+00
 54   58 5.82759e-01
 54   60 2.26718e-01
 54   62 2.14359e-01
 54   64 2.30304e-01
 54   66 1.54109e-01
 54   68 1.31493e-01
 54   70 1.36512e-01
 54   72 1.12356e-01
 54   74 8.73243e-02
 54   76 9.36213e-02
 54   78 9.44340e-02
 54   80 1.04833e-01
 54   82 8.93931e-02
 54   84 8.97069e-02
 54   86 9.15389e-02
 54   88 9.15874e-02
 54   90 9.61073e-02
 55    1 5.53669e-03
 55    3 3.05094e-02
 55    5 5.09912e-02
 55    7 6.94684e-02
 55    9 9.10291e-02
 55   11 9.81816e-02
 55   13 9.07004e-02
 55   15 8.27819e-02
 55   17 7.73733e-02
 55   19 7.61632e-02
 55   21 7.72353e-02
 55   23 7.44620e-02
 55   25 7.17868e-02
 55   27 7.82451e-02
 55   29 7.80528e-02
 55   31 7.90866e-02
 55   33 8.94154e-02
 55   35 8.69145e-02
 55   37 1.05347e-01
 55   39 1.10688e-01
 55   41 1.13506e-01
 55   43 1.52429e-01
 55   45 2.24473e-01
 55   47 1.98422e-01
 55   49 2.20413e-01
 55   51 5.81137e-01
 55   53 1.69774e+00
 55   55 2.09337e+01
 55   57 1.68815e+00
 55   59 5.77143e-01
 55   61 2.16808e-01
 55   63 2.08301e-01
 55   65 2.16631e-01
 55   67 1.52829e-01
 55   69 1.32022e-01
 55   71 1.40177e-01
 55   73 1.10276e-01
 55   75 8.53304e-02
 55   77 8.86562e-02
 55   79 9.72640e-02
 55   81 1.00332e-01
 55   83 9.50767e-02
 55   85 8.43379e-02
 55   87 8.99158e-02
 55   89 8.79417e-02
 55   91 9.22847e-02
 56    2 1.53913e-02
 56    4 3.73344e-02
 56    6 5.46846e-02
 56    8 7.32567e-02
 56   10 8.99504e-02
 56   12 9.01697e-02
 56   14 8.82791e-02
 56   16 7.90408e-02
 56   18 8.06215e-02
 56   20 8.10452e-02
 56   22 8.57434e-02
 56   24 7.61588e-02
 56   26 8.58943e-02
 56   28 8.39452e-02
 56   30 8.24760e-02
 56   32 8.37412e-02
 56   34 8.89914e-02
 56   36 8.95799e-02
 56   38 9.61705e-02
 56   40 1.19375e-01
 56   42 1.20079e-01
 56   44 1.46173e-01
 56   46 2.16195e-01
 56   48 1.81657e-01
 56   50 2.03981e-01
 56   52 5.65536e-01
 56   54 1.66605e+00
 56   56 2.05419e+01
 56   58 1.67066e+00
 56   60 5.72818e-01
 56   62 2.12599e-01
 56   64 1.93048e-01
 56   66 2.25860e-01
 56   68 1.53120e-01
 56   70 1.24139e-01
 56   72 1.24680e-01
 56   74 1.12219e-01
 56   76 1.08263e-01
 56   78 9.51025e-02
 56   80 9.30660e-02
 56   82 9.99077e-02
 56   84 9.41055e-02
 56   86 7.87690e-02
 56   88 8.18396e-02
 56   90 8.71109e-02
 57    1 4.94184e-03
 57    3 2.31428e-02
 57    5 4.69539e-02
 57    7 6.45423e-02
 57    9 8.56670e-02
 57   11 9.02626e-02
 57   13 8.92534e-02
 57   15 8.37423e-02
 57   17 7.68205e-02
 57   19 6.91709e-02
 57   21 7.38195e-02
 57   23 8.31652e-02
 57   25 8.12822e-02
 57   27 7.54543e-02
 57   29 8.48234e-02
 57   31 7.43900e-02
 57   33 8.14276e-02
 57   35 8.60533e-02
 57   37 8.20235e-02
 57   39 9.59431e-02
 57   41 1.15284e-01
 57   43 1.26608e-01
 57   45 1.41347e-01
 57   47 2.13303e-01
 57   49 1.75076e-01
 57   51 2.04819e-01
 57   53 5.49140e-01
 57   55 1.63254e+00
 57   57 2.02395e+01
 57   59 1.63205e+00
 57   61 5.63983e-01
 57   63 2.05682e-01
 57   65 1.92670e-01
 57   67 2.11659e-01
 57   69 1.51072e-01
 57   71 1.16275e-01
 57   73 1.22989e-01
 57   75 1.06647e-01
 57   77 1.02349e-01
 57   79 8.85878e-02
 57   81 9.54368e-02
 57   83 9.13819e-02
 57   85 1.00996e-01
 57   87 7.64410e-02
 57   89 7.57304e-02
 57   91 9.01767e-02
 58    2 1.32857e-02
 58    4 3.35691e-02
 58    6 5.48293e-02
 58    8 7.85146e-02
 58   10 9.24059e-02
 58   12 9.21735e-02
 58   14 8.73808e-02
 58   16 8.87336e-02
 58   18 7.13481e-02
 58   20 7.70339e-02
 58   22 8.20612e-02
 58   24 8.59440e-02
 58   26 8.04544e-02
 58   28 7.14594e-02
 58   30 8.08504e-02
 58   32 7.57174e-02
 58   34 7.66575e-02
 58   36 8.69599e-02
 58   38 8.78509e-02
 58   40 1.03984e-01
 58   42 1.14644e-01
 58   44 1.15603e-01
 58   46 1.40024e-01
 58   48 2.03498e-01
 58   50 1.78128e-01
 58   52 1.90718e-01
 58   54 5.44986e-01
 58   56 1.61674e+00
 58   58 1.98804e+01
 58   60 1.59668e+00
 58   62 5.46176e-01
 58   64 2.01640e-01
 58   66 1.90012e-01
 58   68 2.05780e-01
 58   70 1.45237e-01
 58   72 1.20603e-01
 58   74 1.17558e-01
 58   76 1.08306e-01
 58   78 1.08689e-01
 58   80 8.53775e-02
 58   82 8.15276e-02
 58   84 8.27134e-02
 58   86 8.37561e-02
 58   88 7.46818e-02
 58   90 9.42696e-02
 59    1 5.22249e-03
 59    3 2.18862e-02
 59    5 4.21249e-02
 59    7 6.14382e-02
 59    9 8.36813e-02
 59   11 8.62020e-02
 59   13 8.10850e-02
 59   15 8.31820e-02
 59   17 8.13559e-02
 59   19 8.78334e-02
 59   21 7.82524e-02
 59   23 8.05649e-02
 59   25 7.59352e-02
 59   27 7.24983e-02
 59   29 7.17129e-02
 59   31 7.66483e-02
 59   33 6.80910e-02
 59   35 7.81269e-02
 59   37 7.90756e-02
 59   39 8.31864e-02
 59   41 1.06257e-01
 59   43 1.06237e-01
 59   45 1.18347e-01
 59   47 1.32803e-01
 59   49 2.04903e-01
 59   51 1.72538e-01
 59   53 1.90192e-01
 59   55 5.40478e-01
 59   57 1.58043e+00
 59   59 1.95818e+01
 59   61 1.55768e+00
 59   63 5.33465e-01
 59   65 2.00672e-01
 59   67 1.89035e-01
 59   69 2.01653e-01
 59   71 1.46814e-01
 59   73 1.18640e-01
 59   75 1.17151e-01
 59   77 1.08932e-01
 59   79 9.41581e-02
 59   81 8.44729e-02
 59   83 8.44152e-02
 59   85 8.09310e-02
 59   87 7.90054e-02
 59   89 7.97402e-02
 59   91 7.66470e-02
 60    2 1.46894e-02
 60    4 3.25904e-02
 60    6 5.21673e-02
 60    8 7.04087e-02
 60   10 8.58544e-02
 60   12 8.24213e-02
 60   14 8.12334e-02
 60   16 7.43052e-02
 60   18 9.02706e-02
 60   20 8.45382e-02
 60   22 7.74596e-02
 60   24 8.32997e-02
 60   26 7.59620e-02
 60   28 6.83512e-02
 60   30 7.94070e-02
 60   32 7.54039e-02
 60   34 7.66071e-02
 60   36 7.17129e-02
 60   38 8.05416e-02
 60   40 8.21923e-02
 60   42 9.03884e-02
 60   44 1.11385e-01
 60   46 1.12155e-01
 60   48 1.36855e-01
 60   50 1.95970e-01
 60   52 1.75193e-01
 60   54 2.05448e-01
 60   56 5.37142e-01
 60   58 1.54717e+00
 60   60 1.93344e+01
 60   62 1.52145e+00
 60   64 5.21933e-01
 60   66 2.03375e-01
 60   68 1.89608e-01
 60   70 2.05357e-01
 60   72 1.49034e-01
 60   74 1.10319e-01
 60   76 1.10609e-01
 60   78 1.13116e-01
 60   80 9.24944e-02
 60   82 7.74155e-02
 60   84 7.35714e-02
 60   86 7.74957e-02
 60   88 8.45479e-02
 60   90 7.04747e-02
 61    1 3.69285e-03
 61    3 2.00189e-02
 61    5 3.80438e-02
 61    7 5.95037e-02
 61    9 8.08704e-02
 61   11 8.97747e-02
 61   13 8.02870e-02
 61   15 7.69730e-02
 61   17 7.95444e-02
 61   19 7.72457e-02
 61   21 7.63218e-02
 61   23 7.06696e-02
 61   25 8.64652e-02
 61   27 6.68974e-02
 61   29 7.16789e-02
 61   31 6.86015e-02
 61   33 7.47549e-02
 61   35 7.04121e-02
 61   37 7.21366e-02
 61   39 8.16281e-02
 61   41 7.32863e-02
 61   43 8.95786e-02
 61   45 1.04925e-01
 61   47 1.07921e-01
 61   49 1.32872e-01
 61   51 1.89431e-01
 61   53 1.75816e-01
 61   55 1.96861e-01
 61   57 5.29539e-01
 61   59 1.51033e+00
 61   61 1.90130e+01
 61   63 1.49324e+00
 61   65 5.14262e-01
 61   67 2.08935e-01
 61   69 1.79271e-01
 61   71 1.99312e-01
 61   73 1.47043e-01
 61   75 1.08700e-01
 61   77 1.12241e-01
 61   79 1.13578e-01
 61   81 7.90421e-02
 61   83 7.73543e-02
 61   85 7.38802e-02
 61   87 8.13806e-02
 61   89 7.57311e-02
 61   91 8.04293e-02
 62    2 1.13027e-02
 62    4 2.65561e-02
 62    6 4.26237e-02
 62    8 6.14698e-02
 62   10 7.86096e-02
 62   12 7.86819e-02
 62   14 7.65422e-02
 62   16 7.45355e-02
 62   18 7.38956e-02
 62   20 7.34402e-02
 62   22 6.57814e-02
 62   24 7.04098e-02
 62   26 7.60937e-02
 62   28 6.90615e-02
 62   30 6.70262e-02
 62   32 6.95051e-02
 62   34 7.10930e-02
 62   36 8.12727e-02
 62   38 7.22102e-02
 62   40 9.14022e-02
 62   42 8.79121e-02
 62   44 9.38328e-02
 62   46 1.16676e-01
 62   48 1.11613e-01
 62   50 1.41986e-01
 62   52 1.94087e-01
 62   54 1.88458e-01
 62   56 1.93414e-01
 62   58 5.13462e-01
 62   60 1.47609e+00
 62   62 1.87546e+01
 62   64 1.46581e+00
 62   66 5.04214e-01
 62   68 2.01247e-01
 62   70 1.71007e-01
 62   72 2.13208e-01
 62   74 1.41112e-01
 62   76 1.09138e-01
 62   78 1.14935e-01
 62   80 1.04839e-01
 62   82 7.65814e-02
 62   84 7.98013e-02
 62   86 7.93721e-02
 62   88 7.96761e-02
 62   90 7.63392e-02
 63    1 4.09248e-03
 63    3 1.90798e-02
 63    5 3.59490e-02
 63    7 5.25815e-02
 63    9 6.81317e-02
 63   11 6.93632e-02
 63   13 7.08293e-02
 63   15 7.31101e-02
 63   17 6.89773e-02
 63   19 7.82345e-02
 63   21 7.39339e-02
 63   23 6.87855e-02
 63   25 6.04647e-02
 63   27 6.90078e-02
 63   29 6.72331e-02
 63   31 6.68831e-02
 63   33 7.06612e-02
 63   35 6.92864e-02
 63   37 7.38827e-02
 63   39 7.31641e-02
 63   41 8.09515e-02
 63   43 8.13281e-02
 63   45 9.82254e-02
 63   47 1.11072e-01
 63   49 1.06553e-01
 63   51 1.36108e-01
 63   53 1.92492e-01
 63   55 1.83606e-01
 63   57 1.87473e-01
 63   59 5.02120e-01
 63   61 1.44957e+00
 63   63 1.84859e+01
 63   65 1.43185e+00
 63   67 4.94157e-01
 63   69 1.97132e-01
 63   71 1.81234e-01
 63   73 2.00971e-01
 63   75 1.36491e-01
 63   77 1.06538e-01
 63   79 1.11683e-01
 63   81 1.12426e-01
 63   83 7.18557e-02
 63   85 7.36492e-02
 63   87 7.36282e-02
 63   89 8.22939e-02
 63   91 7.88535e-02
 64    2 1.15483e-02
 64    4 2.72697e-02
 64    6 4.15459e-02
 64    8 5.74511e-02
 64   10 6.64576e-02
 64   12 6.74818e-02
 64   14 7.02710e-02
 64   16 7.55119e-02
 64   18 7.14222e-02
 64   20 6.99989e-02
 64   22 6.69746e-02
 64   24 5.78925e-02
 64   26 6.36313e-02
 64   28 6.83630e-02
 64   30 6.64160e-02
 64   32 7.28072e-02
 64   34 6.52978e-02
 64   36 6.46491e-02
 64   38 7.75251e-02
 64   40 7.95313e-02
 64   42 8.89064e-02
 64   44 9.48623e-02
 64   46 9.70075e-02
 64   48 1.16647e-01
 64   50 1.17450e-01
 64   52 1.44389e-01
 64   54 1.96667e-01
 64   56 1.70589e-01
 64   58 1.84124e-01
 64   60 4.91844e-01
 64   62 1.42375e+00
 64   64 1.82228e+01
 64   66 1.40438e+00
 64   68 4.91018e-01
 64   70 1.98118e-01
 64   72 1.60073e-01
 64   74 1.87018e-01
 64   76 1.40499e-01
 64   78 1.00390e-01
 64   80 1.09363e-01
 64   82 8.97614e-02
 64   84 8.18618e-02
 64   86 8.06930e-02
 64   88 8.98176e-02
 64   90 9.03327e-02
 65    1 3.34947e-03
 65    3 1.75997e-02
 65    5 2.98638e-02
 65    7 4.50497e-02
 65    9 6.06766e-02
 65   11 6.36019e-02
 65   13 6.36592e-02
 65   15 6.85149e-02
 65   17 6.95030e-02
 65   19 6.61502e-02
 65   21 7.02143e-02
 65   23 6.22776e-02
 65   25 6.06401e-02
 65   27 6.34086e-02
 65   29 6.75292e-02
 65   31 6.50066e-02
 65   33 6.78204e-02
 65   35 6.65974e-02
 65   37 7.21079e-02
 65   39 7.65179e-02
 65   41 8.05287e-02
 65   43 8.60070e-02
 65   45 8.08766e-02
 65   47 1.07335e-01
 65   49 1.13855e-01
 65   51 1.18735e-01
 65   53 1.38426e-01
 65   55 1.85573e-01
 65   57 1.70669e-01
 65   59 1.83564e-01
 65   61 4.85169e-01
 65   63 1.39154e+00
 65   65 1.79915e+01
 65   67 1.37322e+00
 65   69 4.85598e-01
 65   71 1.93787e-01
 65   73 1.57271e-01
 65   75 1.87758e-01
 65   77 1.33379e-01
 65   79 1.04408e-01
 65   81 9.92620e-02
 65   83 9.31494e-02
 65   85 7.68827e-02
 65   87 8.03449e-02
 65   89 9.39297e-02
 65   91 7.86696e-02
 66    2 1.20433e-02
 66    4 2.76568e-02
 66    6 4.39703e-02
 66    8 5.62899e-02
 66   10 6.91196e-02
 66   12 6.58375e-02
 66   14 6.55276e-02
 66   16 6.88952e-02
 66   18 6.19305e-02
 66   20 6.33246e-02
 66   22 6.76346e-02
 66   24 6.21834e-02
 66   26 5.67194e-02
 66   28 6.52642e-02
 66   30 5.13718e-02
 66   32 6.05294e-02
 66   34 6.00532e-02
 66   36 7.50409e-02
 66   38 7.15857e-02
 66   40 7.45954e-02
 66   42 7.77491e-02
 66   44 7.38985e-02
 66   46 9.09434e-02
 66   48 1.08221e-01
 66   50 1.20940e-01
 66   52 1.09937e-01
 66   54 1.27965e-01
 66   56 1.94070e-01
 66   58 1.68713e-01
 66   60 1.86356e-01
 66   62 4.76218e-01
 66   64 1.36559e+00
 66   66 1.77175e+01
 66   68 1.35215e+00
 66   70 4.76779e-01
 66   72 1.91397e-01
 66   74 1.60351e-01
 66   76 1.72750e-01
 66   78 1.27164e-01
 66   80 9.74328e-02
 66   82 1.13582e-01
 66   84 9.37242e-02
 66   86 7.81976e-02
 66   88 9.86720e-02
 66   90 8.91890e-02
 67    1 4.05371e-03
 67    3 1.87734e-02
 67    5 3.51485e-02
 67    7 4.61409e-02
 67    9 6.41250e-02
 67   11 6.55389e-02
 67   13 6.63240e-02
 67   15 6.83601e-02
 67   17 6.75459e-02
 67   19 6.05846e-02
 67   21 5.75074e-02
 67   23 6.85202e-02
 67   25 6.17265e-02
 67   27 5.65312e-02
 67   29 5.66098e-02
 67   31 5.81412e-02
 67   33 5.19861e-02
 67   35 6.03295e-02
 67   37 6.50010e-02
 67   39 7.27716e-02
 67   41 7.04826e-02
 67   43 7.54936e-02
 67   45 7.57771e-02
 67   47 7.87282e-02
 67   49 1.07687e-01
 67   51 1.14066e-01
 67   53 1.13533e-01
 67   55 1.27369e-01
 67   57 1.82406e-01
 67   59 1.68230e-01
 67   61 1.91770e-01
 67   63 4.67223e-01
 67   65 1.33598e+00
 67   67 1.74922e+01
 67   69 1.32321e+00
 67   71 4.68206e-01
 67   73 1.88874e-01
 67   75 1.58819e-01
 67   77 1.79016e-01
 67   79 1.22126e-01
 67   81 9.40754e-02
 67   83 1.08459e-01
 67   85 9.65187e-02
 67   87 7.76550e-02
 67   89 8.44158e-02
 67   91 8.73575e-02
 68    2 1.24692e-02
 68    4 3.03518e-02
 68    6 4.45587e-02
 68    8 5.82253e-02
 68   10 7.17337e-02
 68   12 6.80383e-02
 68   14 7.21331e-02
 68   16 7.76988e-02
 68   18 6.62252e-02
 68   20 5.88842e-02
 68   22 5.68682e-02
 68   24 5.44146e-02
 68   26 5.32261e-02
 68   28 5.14900e-02
 68   30 5.61466e-02
 68   32 5.58846e-02
 68   34 5.71201e-02
 68   36 6.03785e-02
 68   38 6.39795e-02
 68   40 6.56434e-02
 68   42 7.35974e-02
 68   44 7.38566e-02
 68   46 8.31322e-02
 68   48 8.34781e-02
 68   50 1.05245e-01
 68   52 1.05692e-01
 68   54 1.06279e-01
 68   56 1.28066e-01
 68   58 1.77849e-01
 68   60 1.69116e-01
 68   62 1.85013e-01
 68   64 4.64743e-01
 68   66 1.31616e+00
 68   68 1.72640e+01
 68   70 1.31672e+00
 68   72 4.72008e-01
 68   74 1.84999e-01
 68   76 1.49052e-01
 68   78 1.73436e-01
 68   80 1.22671e-01
 68   82 1.06418e-01
 68   84 9.40467e-02
 68   86 8.68217e-02
 68   88 8.56401e-02
 68   90 8.48139e-02
 69    1 3.55854e-03
 69    3 1.69496e-02
 69    5 3.27380e-02
 69    7 5.11291e-02
 69    9 6.78567e-02
 69   11 6.84242e-02
 69   13 5.98744e-02
 69   15 6.17087e-02
 69   17 6.94459e-02
 69   19 6.86861e-02
 69   21 5.82034e-02
 69   23 5.22828e-02
 69   25 4.91570e-02
 69   27 4.82417e-02
 69   29 5.22071e-02
 69   31 5.17409e-02
 69   33 5.70344e-02
 69   35 5.52190e-02
 69   37 6.38600e-02
 69   39 6.48991e-02
 69   41 6.89517e-02
 69   43 7.09940e-02
 69   45 8.23001e-02
 69   47 8.06919e-02
 69   49 8.19719e-02
 69   51 1.00389e-01
 69   53 1.05327e-01
 69   55 1.07152e-01
 69   57 1.26790e-01
 69   59 1.74769e-01
 69   61 1.60243e-01
 69   63 1.81517e-01
 69   65 4.60083e-01
 69   67 1.28863e+00
 69   69 1.70271e+01
 69   71 1.28299e+00
 69   73 4.61901e-01
 69   75 1.89635e-01
 69   77 1.48140e-01
 69   79 1.63661e-01
 69   81 1.18637e-01
 69   83 1.05292e-01
 69   85 9.64149e-02
 69   87 8.34952e-02
 69   89 8.83374e-02
 69   91 8.61504e-02
 70    2 1.19147e-02
 70    4 2.50521e-02
 70    6 4.23541e-02
 70    8 5.90424e-02
 70   10 7.23789e-02
 70   12 6.37699e-02
 70   14 6.37439e-02
 70   16 5.70384e-02
 70   18 6.71352e-02
 70   20 6.74144e-02
 70   22 6.16990e-02
 70   24 6.42891e-02
 70   26 5.81146e-02
 70   28 5.59690e-02
 70   30 4.92509e-02
 70   32 7.15700e-02
 70   34 6.48345e-02
 70   36 6.09550e-02
 70   38 6.01858e-02
 70   40 6.11441e-02
 70   42 6.72837e-02
 70   44 6.77700e-02
 70   46 7.33531e-02
 70   48 7.86135e-02
 70   50 7.69190e-02
 70   52 8.39764e-02
 70   54 1.07504e-01
 70   56 1.01162e-01
 70   58 1.22302e-01
 70   60 1.78463e-01
 70   62 1.53177e-01
 70   64 1.82704e-01
 70   66 4.52177e-01
 70   68 1.28293e+00
 70   70 1.68112e+01
 70   72 1.26725e+00
 70   74 4.43381e-01
 70   76 1.82919e-01
 70   78 1.39813e-01
 70   80 1.63496e-01
 70   82 1.21715e-01
 70   84 1.01002e-01
 70   86 9.07535e-02
 70   88 9.37719e-02
 70   90 8.14766e-02
 71    1 3.31188e-03
 71    3 1.73379e-02
 71    5 3.28238e-02
 71    7 5.05487e-02
 71    9 6.84983e-02
 71   11 6.61035e-02
 71   13 6.21350e-02
 71   15 6.38267e-02
 71   17 5.32683e-02
 71   19 5.35446e-02
 71   21 6.35505e-02
 71   23 5.96856e-02
 71   25 6.47610e-02
 71   27 6.31160e-02
 71   29 5.33256e-02
 71   31 5.45830e-02
 71   33 5.99322e-02
 71   35 6.26796e-02
 71   37 6.30203e-02
 71   39 5.62073e-02
 71   41 6.21873e-02
 71   43 6.83414e-02
 71   45 6.53098e-02
 71   47 7.47418e-02
 71   49 7.50471e-02
 71   51 7.38111e-02
 71   53 8.47086e-02
 71   55 1.10903e-01
 71   57 9.51262e-02
 71   59 1.24034e-01
 71   61 1.73666e-01
 71   63 1.62672e-01
 71   65 1.78977e-01
 71   67 4.44477e-01
 71   69 1.25065e+00
 71   71 1.66237e+01
 71   73 1.24166e+00
 71   75 4.34046e-01
 71   77 1.81464e-01
 71   79 1.34582e-01
 71   81 1.53419e-01
 71   83 1.20815e-01
 71   85 9.33182e-02
 71   87 8.73458e-02
 71   89 9.12486e-02
 71   91 8.00013e-02
 72    2 1.04470e-02
 72    4 2.27808e-02
 72    6 4.09519e-02
 72    8 5.52458e-02
 72   10 5.90567e-02
 72   12 5.94351e-02
 72   14 5.66802e-02
 72   16 6.03218e-02
 72   18 5.86066e-02
 72   20 5.68872e-02
 72   22 4.78857e-02
 72   24 5.28035e-02
 72   26 4.75779e-02
 72   28 6.21266e-02
 72   30 6.40267e-02
 72   32 6.11376e-02
 72   34 5.80392e-02
 72   36 5.08959e-02
 72   38 6.34167e-02
 72   40 6.02466e-02
 72   42 6.97408e-02
 72   44 7.16663e-02
 72   46 7.49417e-02
 72   48 7.50113e-02
 72   50 6.66965e-02
 72   52 8.86569e-02
 72   54 8.62911e-02
 72   56 9.90880e-02
 72   58 9.90447e-02
 72   60 1.26310e-01
 72   62 1.86251e-01
 72   64 1.43965e-01
 72   66 1.77028e-01
 72   68 4.48510e-01
 72   70 1.23588e+00
 72   72 1.64071e+01
 72   74 1.20759e+00
 72   76 4.34697e-01
 72   78 1.78861e-01
 72   80 1.36169e-01
 72   82 1.53610e-01
 72   84 1.24191e-01
 72   86 1.00773e-01
 72   88 1.01779e-01
 72   90 9.36394e-02
 73    1 3.10200e-03
 73    3 1.58241e-02
 73    5 3.02599e-02
 73    7 4.39536e-02
 73    9 6.19787e-02
 73   11 5.88272e-02
 73   13 5.06921e-02
 73   15 5.70068e-02
 73   17 5.39122e-02
 73   19 5.77672e-02
 73   21 5.46546e-02
 73   23 4.80117e-02
 73   25 4.18967e-02
 73   27 5.61338e-02
 73   29 5.94876e-02
 73   31 6.63032e-02
 73   33 5.95561e-02
 73   35 5.41888e-02
 73   37 5.14940e-02
 73   39 6.32953e-02
 73   41 6.58186e-02
 73   43 6.46106e-02
 73   45 7.26810e-02
 73   47 7.08555e-02
 73   49 7.71625e-02
 73   51 6.99314e-02
 73   53 8.09611e-02
 73   55 8.51253e-02
 73   57 9.81723e-02
 73   59 9.77940e-02
 73   61 1.25007e-01
 73   63 1.76001e-01
 73   65 1.41720e-01
 73   67 1.74942e-01
 73   69 4.39310e-01
 73   71 1.21147e+00
 73   73 1.62212e+01
 73   75 1.19042e+00
 73   77 4.25500e-01
 73   79 1.80655e-01
 73   81 1.28648e-01
 73   83 1.52239e-01
 73   85 1.20684e-01
 73   87 1.02129e-01
 73   89 9.88239e-02
 73   91 8.08693e-02
 74    2 7.82348e-03
 74    4 2.23682e-02
 74    6 3.78473e-02
 74    8 5.52937e-02
 74   10 6.61816e-02
 74   12 5.88538e-02
 74   14 5.39656e-02
 74   16 5.23686e-02
 74   18 5.21955e-02
 74   20 6.34351e-02
 74   22 7.10360e-02
 74   24 7.43232e-02
 74   26 7.13804e-02
 74   28 6.15109e-02
 74   30 6.13601e-02
 74   32 5.61676e-02
 74   34 5.85068e-02
 74   36 5.22674e-02
 74   38 6.03690e-02
 74   40 5.85183e-02
 74   42 6.00128e-02
 74   44 6.50651e-02
 74   46 6.14698e-02
 74   48 6.05222e-02
 74   50 6.44022e-02
 74   52 6.77666e-02
 74   54 6.54640e-02
 74   56 8.70540e-02
 74   58 9.42374e-02
 74   60 9.12641e-02
 74   62 1.20326e-01
 74   64 1.64180e-01
 74   66 1.44769e-01
 74   68 1.71590e-01
 74   70 4.22075e-01
 74   72 1.17874e+00
 74   74 1.60374e+01
 74   76 1.16100e+00
 74   78 4.08959e-01
 74   80 1.70190e-01
 74   82 1.49878e-01
 74   84 1.60927e-01
 74   86 1.31291e-01
 74   88 1.26230e-01
 74   90 9.47253e-02
 75    1 3.93198e-03
 75    3 1.76059e-02
 75    5 2.99066e-02
 75    7 4.67112e-02
 75    9 5.72310e-02
 75   11 5.85225e-02
 75   13 5.66681e-02
 75   15 5.90064e-02
 75   17 5.14540e-02
 75   19 5.61252e-02
 75   21 5.86257e-02
 75   23 6.89373e-02
 75   25 7.12427e-02
 75   27 6.55048e-02
 75   29 6.02001e-02
 75   31 5.25327e-02
 75   33 6.18325e-02
 75   35 5.13989e-02
 75   37 5.36874e-02
 75   39 5.90267e-02
 75   41 5.40842e-02
 75   43 6.02983e-02
 75   45 5.96566e-02
 75   47 6.04803e-02
 75   49 5.87784e-02
 75   51 6.61599e-02
 75   53 6.99452e-02
 75   55 6.43230e-02
 75   57 8.31298e-02
 75   59 9.43006e-02
 75   61 9.02413e-02
 75   63 1.16726e-01
 75   65 1.65221e-01
 75   67 1.43651e-01
 75   69 1.76127e-01
 75   71 4.13552e-01
 75   73 1.16248e+00
 75   75 1.58444e+01
 75   77 1.13536e+00
 75   79 4.02924e-01
 75   81 1.69562e-01
 75   83 1.41035e-01
 75   85 1.53313e-01
 75   87 1.26166e-01
 75   89 1.16387e-01
 75   91 1.00972e-01
 76    2 8.27638e-03
 76    4 1.98628e-02
 76    6 3.03695e-02
 76    8 4.01249e-02
 76   10 4.69142e-02
 76   12 4.71356e-02
 76   14 4.85771e-02
 76   16 4.49416e-02
 76   18 4.85986e-02
 76   20 4.82839e-02
 76   22 4.93235e-02
 76   24 4.84772e-02
 76   26 5.39867e-02
 76   28 5.71510e-02
 76   30 5.97402e-02
 76   32 6.09989e-02
 76   34 5.97582e-02
 76   36 6.96137e-02
 76   38 5.73750e-02
 76   40 6.08580e-02
 76   42 6.83605e-02
 76   44 6.99573e-02
 76   46 6.74644e-02
 76   48 6.93098e-02
 76   50 7.15636e-02
 76   52 7.19256e-02
 76   54 6.85661e-02
 76   56 8.20482e-02
 76   58 8.48189e-02
 76   60 8.93937e-02
 76   62 9.09159e-02
 76   64 1.20498e-01
 76   66 1.52366e-01
 76   68 1.35060e-01
 76   70 1.70114e-01
 76   72 4.14527e-01
 76   74 1.13423e+00
 76   76 1.56743e+01
 76   78 1.10775e+00
 76   80 4.00528e-01
 76   82 2.12587e-01
 76   84 1.56405e-01
 76   86 1.54054e-01
 76   88 1.39605e-01
 76   90 1.24409e-01
 77    1 2.97819e-03
 77    3 1.43561e-02
 77    5 2.34615e-02
 77    7 3.38914e-02
 77    9 4.28286e-02
 77   11 4.36501e-02
 77   13 4.45013e-02
 77   15 4.69659e-02
 77   17 4.30965e-02
 77   19 4.54658e-02
 77   21 4.81488e-02
 77   23 4.13120e-02
 77   25 4.75307e-02
 77   27 4.69323e-02
 77   29 5.76699e-02
 77   31 5.65723e-02
 77   33 5.49545e-02
 77   35 6.59223e-02
 77   37 6.34259e-02
 77   39 6.08965e-02
 77   41 5.87858e-02
 77   43 6.20711e-02
 77   45 6.59902e-02
 77   47 6.66743e-02
 77   49 6.45966e-02
 77   51 7.34799e-02
 77   53 7.34169e-02
 77   55 6.53155e-02
 77   57 7.79718e-02
 77   59 8.56973e-02
 77   61 9.10697e-02
 77   63 8.90463e-02
 77   65 1.14710e-01
 77   67 1.58250e-01
 77   69 1.34470e-01
 77   71 1.68978e-01
 77   73 4.06098e-01
 77   75 1.10963e+00
 77   77 1.55093e+01
 77   79 1.08747e+00
 77   81 3.94996e-01
 77   83 2.05972e-01
 77   85 1.58697e-01
 77   87 1.51269e-01
 77   89 1.47809e-01
 77   91 1.15528e-01
 78    2 9.98138e-03
 78    4 2.17634e-02
 78    6 3.33789e-02
 78    8 4.49035e-02
 78   10 5.02680e-02
 78   12 4.90865e-02
 78   14 5.33598e-02
 78   16 5.33977e-02
 78   18 5.24877e-02
 78   20 5.04435e-02
 78   22 5.74972e-02
 78   24 6.81809e-02
 78   26 7.01740e-02
 78   28 6.73510e-02
 78   30 5.46149e-02
 78   32 5.05588e-02
 78   34 4.91586e-02
 78   36 4.83281e-02
 78   38 5.55901e-02
 78   40 7.87003e-02
 78   42 6.33241e-02
 78   44 5.54186e-02
 78   46 5.64515e-02
 78   48 6.90702e-02
 78   50 7.56299e-02
 78   52 6.73314e-02
 78   54 6.76211e-02
 78   56 7.04695e-02
 78   58 8.32231e-02
 78   60 8.93841e-02
 78   62 9.36128e-02
 78   64 8.41809e-02
 78   66 1.09661e-01
 78   68 1.53656e-01
 78   70 1.27130e-01
 78   72 1.66764e-01
 78   74 3.90630e-01
 78   76 1.08308e+00
 78   78 1.53155e+01
 78   80 1.07058e+00
 78   82 4.13530e-01
 78   84 2.08261e-01
 78   86 1.44408e-01
 78   88 1.65885e-01
 78   90 1.09977e-01
 79    1 3.55779e-03
 79    3 1.63655e-02
 79    5 2.75970e-02
 79    7 3.94742e-02
 79    9 4.58684e-02
 79   11 4.31517e-02
 79   13 4.24932e-02
 79   15 5.08332e-02
 79   17 5.58353e-02
 79   19 5.22890e-02
 79   21 5.40994e-02
 79   23 5.89126e-02
 79   25 6.01637e-02
 79   27 6.95607e-02
 79   29 6.19327e-02
 79   31 5.25664e-02
 79   33 5.83758e-02
 79   35 5.15499e-02
 79   37 4.91421e-02
 79   39 5.77288e-02
 79   41 5.86493e-02
 79   43 7.53913e-02
 79   45 5.31613e-02
 79   47 5.89116e-02
 79   49 6.67641e-02
 79   51 6.73493e-02
 79   53 7.21976e-02
 79   55 7.00888e-02
 79   57 6.60110e-02
 79   59 7.24536e-02
 79   61 9.01375e-02
 79   63 9.13031e-02
 79   65 8.78281e-02
 79   67 1.05596e-01
 79   69 1.45307e-01
 79   71 1.22579e-01
 79   73 1.68644e-01
 79   75 3.85174e-01
 79   77 1.06367e+00
 79   79 1.51716e+01
 79   81 1.04536e+00
 79   83 4.10087e-01
 79   85 2.04842e-01
 79   87 1.44194e-01
 79   89 1.60664e-01
 79   91 1.07743e-01
 80    2 7.90906e-03
 80    4 1.62951e-02
 80    6 2.73861e-02
 80    8 3.64776e-02
 80   10 4.39904e-02
 80   12 3.73781e-02
 80   14 3.81694e-02
 80   16 3.33093e-02
 80   18 3.75569e-02
 80   20 4.25791e-02
 80   22 4.21552e-02
 80   24 4.61082e-02
 80   26 5.57202e-02
 80   28 6.00644e-02
 80   30 6.64507e-02
 80   32 7.28061e-02
 80   34 6.87532e-02
 80   36 7.43258e-02
 80   38 7.69987e-02
 80   40 7.07738e-02
 80   42 7.83773e-02
 80   44 6.99652e-02
 80   46 7.91963e-02
 80   48 6.83703e-02
 80   50 6.78950e-02
 80   52 8.18862e-02
 80   54 7.34525e-02
 80   56 6.74769e-02
 80   58 6.39670e-02
 80   60 7.15167e-02
 80   62 8.35526e-02
 80   64 8.97326e-02
 80   66 8.22150e-02
 80   68 1.06342e-01
 80   70 1.45466e-01
 80   72 1.24228e-01
 80   74 1.59065e-01
 80   76 3.83184e-01
 80   78 1.04754e+00
 80   80 1.50126e+01
 80   82 1.04040e+00
 80   84 4.02110e-01
 80   86 2.09338e-01
 80   88 1.73583e-01
 80   90 1.36026e-01
 81    1 2.93846e-03
 81    3 1.40420e-02
 81    5 2.31067e-02
 81    7 3.12262e-02
 81    9 4.25600e-02
 81   11 3.78992e-02
 81   13 4.14735e-02
 81   15 3.99183e-02
 81   17 3.77311e-02
 81   19 3.58689e-02
 81   21 3.81774e-02
 81   23 3.89906e-02
 81   25 5.11044e-02
 81   27 5.60475e-02
 81   29 6.11707e-02
 81   31 6.97125e-02
 81   33 6.90052e-02
 81   35 7.05052e-02
 81   37 7.02477e-02
 81   39 7.53442e-02
 81   41 7.59756e-02
 81   43 6.42348e-02
 81   45 7.77940e-02
 81   47 7.20400e-02
 81   49 6.75139e-02
 81   51 6.46684e-02
 81   53 8.36726e-02
 81   55 7.07705e-02
 81   57 6.96108e-02
 81   59 6.36264e-02
 81   61 6.14026e-02
 81   63 8.99675e-02
 81   65 8.17340e-02
 81   67 7.96223e-02
 81   69 1.03105e-01
 81   71 1.36781e-01
 81   73 1.17555e-01
 81   75 1.58664e-01
 81   77 3.78181e-01
 81   79 1.02326e+00
 81   81 1.48685e+01
 81   83 1.02194e+00
 81   85 3.97196e-01
 81   87 2.06816e-01
 81   89 1.71236e-01
 81   91 1.31078e-01
 82    2 7.28123e-03
 82    4 1.68469e-02
 82    6 2.45296e-02
 82    8 3.04862e-02
 82   10 3.35641e-02
 82   12 3.27412e-02
 82   14 3.95392e-02
 82   16 4.69833e-02
 82   18 5.04220e-02
 82   20 5.33555e-02
 82   22 5.27116e-02
 82   24 5.99638e-02
 82   26 5.90580e-02
 82   28 5.03592e-02
 82   30 5.25191e-02
 82   32 5.10200e-02
 82   34 4.91313e-02
 82   36 5.36131e-02
 82   38 5.61137e-02
 82   40 5.03668e-02
 82   42 5.27349e-02
 82   44 5.19334e-02
 82   46 5.75724e-02
 82   48 5.78630e-02
 82   50 5.61732e-02
 82   52 5.29034e-02
 82   54 6.13325e-02
 82   56 7.09317e-02
 82   58 5.98129e-02
 82   60 5.86135e-02
 82   62 5.97638e-02
 82   64 7.21184e-02
 82   66 9.38494e-02
 82   68 9.03355e-02
 82   70 1.06042e-01
 82   72 1.37226e-01
 82   74 1.37169e-01
 82   76 1.99154e-01
 82   78 3.96223e-01
 82   80 1.01877e+00
 82   82 1.47159e+01
 82   84 1.02744e+00
 82   86 4.10473e-01
 82   88 2.52099e-01
 82   90 1.81421e-01
 83    1 1.83956e-03
 83    3 9.85966e-03
 83    5 2.02383e-02
 83    7 2.74887e-02
 83    9 3.59018e-02
 83   11 3.44540e-02
 83   13 3.25000e-02
 83   15 3.67729e-02
 83   17 4.33908e-02
 83   19 5.17086e-02
 83   21 5.13361e-02
 83   23 5.30808e-02
 83   25 5.81464e-02
 83   27 5.62845e-02
 83   29 4.92820e-02
 83   31 5.29190e-02
 83   33 5.03912e-02
 83   35 4.89185e-02
 83   37 5.07783e-02
 83   39 5.41889e-02
 83   41 5.12497e-02
 83   43 5.34890e-02
 83   45 5.33937e-02
 83   47 5.31862e-02
 83   49 6.02669e-02
 83   51 5.61472e-02
 83   53 5.03405e-02
 83   55 6.56935e-02
 83   57 6.52913e-02
 83   59 6.22838e-02
 83   61 5.88636e-02
 83   63 5.63266e-02
 83   65 7.51335e-02
 83   67 8.99203e-02
 83   69 8.96376e-02
 83   71 1.05512e-01
 83   73 1.36269e-01
 83   75 1.29274e-01
 83   77 1.93174e-01
 83   79 3.93213e-01
 83   81 1.00106e+00
 83   83 1.45650e+01
 83   85 1.01374e+00
 83   87 4.00137e-01
 83   89 2.50383e-01
 83   91 1.74089e-01
 84    2 7.73022e-03
 84    4 2.02495e-02
 84    6 2.92086e-02
 84    8 3.96012e-02
 84   10 4.31612e-02
 84   12 3.48611e-02
 84   14 3.69900e-02
 84   16 4.28987e-02
 84   18 3.81307e-02
 84   20 3.94997e-02
 84   22 4.34109e-02
 84   24 3.80200e-02
 84   26 4.48637e-02
 84   28 5.76992e-02
 84   30 5.87708e-02
 84   32 6.05885e-02
 84   34 6.72649e-02
 84   36 6.67177e-02
 84   38 6.45736e-02
 84   40 5.98073e-02
 84   42 6.79936e-02
 84   44 6.16731e-02
 84   46 5.18954e-02
 84   48 6.42719e-02
 84   50 6.02925e-02
 84   52 6.00176e-02
 84   54 6.03114e-02
 84   56 6.54703e-02
 84   58 5.94639e-02
 84   60 5.45841e-02
 84   62 6.10257e-02
 84   64 6.44504e-02
 84   66 7.58862e-02
 84   68 7.82298e-02
 84   70 8.62283e-02
 84   72 1.08717e-01
 84   74 1.44323e-01
 84   76 1.43578e-01
 84   78 1.95537e-01
 84   80 3.85842e-01
 84   82 1.00680e+00
 84   84 1.43334e+01
 84   86 9.82656e-01
 84   88 4.28162e-01
 84   90 2.23649e-01
 85    1 2.01226e-03
 85    3 1.21881e-02
 85    5 2.19408e-02
 85    7 3.16385e-02
 85    9 4.28655e-02
 85   11 3.98004e-02
 85   13 3.34130e-02
 85   15 3.44834e-02
 85   17 3.86904e-02
 85   19 3.40304e-02
 85   21 3.76924e-02
 85   23 4.29448e-02
 85   25 4.15430e-02
 85   27 4.60509e-02
 85   29 5.58144e-02
 85   31 5.60832e-02
 85   33 6.02442e-02
 85   35 6.47083e-02
 85   37 6.62697e-02
 85   39 6.07347e-02
 85   41 6.31410e-02
 85   43 6.47798e-02
 85   45 5.56141e-02
 85   47 5.35649e-02
 85   49 6.76640e-02
 85   51 6.15953e-02
 85   53 5.97427e-02
 85   55 5.71227e-02
 85   57 7.07358e-02
 85   59 5.85339e-02
 85   61 5.51097e-02
 85   63 5.65924e-02
 85   65 6.07883e-02
 85   67 7.84409e-02
 85   69 8.04593e-02
 85   71 7.98886e-02
 85   73 1.05891e-01
 85   75 1.37754e-01
 85   77 1.45898e-01
 85   79 1.92535e-01
 85   81 3.81397e-01
 85   83 9.93718e-01
 85   85 1.41934e+01
 85   87 9.67268e-01
 85   89 4.19917e-01
 85   91 2.17488e-01
 86    2 7.83290e-03
 86    4 1.69195e-02
 86    6 3.17258e-02
 86    8 4.21469e-02
 86   10 4.65514e-02
 86   12 4.79163e-02
 86   14 4.88300e-02
 86   16 5.10392e-02
 86   18 5.72011e-02
 86   20 5.11298e-02
 86   22 5.70262e-02
 86   24 5.52476e-02
 86   26 5.13750e-02
 86   28 5.34822e-02
 86   30 5.55439e-02
 86   32 5.66480e-02
 86   34 6.63483e-02
 86   36 5.60987e-02
 86   38 6.05114e-02
 86   40 5.83340e-02
 86   42 4.99057e-02
 86   44 5.60517e-02
 86   46 5.94692e-02
 86   48 4.87441e-02
 86   50 5.73594e-02
 86   52 6.68903e-02
 86   54 6.03483e-02
 86   56 5.37366e-02
 86   58 5.90445e-02
 86   60 5.63793e-02
 86   62 5.95190e-02
 86   64 6.22967e-02
 86   66 6.20855e-02
 86   68 7.08177e-02
 86   70 7.59746e-02
 86   72 8.65039e-02
 86   74 1.15459e-01
 86   76 1.38675e-01
 86   78 1.32953e-01
 86   80 1.96969e-01
 86   82 3.94419e-01
 86   84 9.63578e-01
 86   86 1.42719e+01
 86   88 1.02161e+00
 86   90 3.93589e-01
 87    1 2.70479e-03
 87    3 1.19253e-02
 87    5 2.31511e-02
 87    7 3.48106e-02
 87    9 4.45417e-02
 87   11 4.42020e-02
 87   13 4.52715e-02
 87   15 4.37700e-02
 87   17 4.86621e-02
 87   19 5.44422e-02
 87   21 5.40789e-02
 87   23 5.84820e-02
 87   25 5.61403e-02
 87   27 4.81664e-02
 87   29 5.21732e-02
 87   31 4.94501e-02
 87   33 6.08349e-02
 87   35 6.29391e-02
 87   37 5.62614e-02
 87   39 5.87516e-02
 87   41 5.61378e-02
 87   43 5.13294e-02
 87   45 5.26371e-02
 87   47 5.99883e-02
 87   49 4.74040e-02
 87   51 5.53449e-02
 87   53 6.39180e-02
 87   55 5.97382e-02
 87   57 5.25157e-02
 87   59 5.60504e-02
 87   61 5.95458e-02
 87   63 5.54964e-02
 87   65 6.23132e-02
 87   67 6.19056e-02
 87   69 6.83477e-02
 87   71 7.33483e-02
 87   73 8.79000e-02
 87   75 1.11198e-01
 87   77 1.36414e-01
 87   79 1.32943e-01
 87   81 1.94799e-01
 87   83 3.84749e-01
 87   85 9.48805e-01
 87   87 1.41468e+01
 87   89 1.00160e+00
 87   91 3.90515e-01
 88    2 7.14445e-03
 88    4 1.51120e-02
 88    6 2.47272e-02
 88    8 3.66338e-02
 88   10 3.70952e-02
 88   12 3.68671e-02
 88   14 3.54049e-02
 88   16 3.51177e-02
 88   18 3.31137e-02
 88   20 3.63045e-02
 88   22 3.67215e-02
 88   24 4.23463e-02
 88   26 4.09925e-02
 88   28 4.53345e-02
 88   30 4.35204e-02
 88   32 4.47210e-02
 88   34 4.74213e-02
 88   36 4.86775e-02
 88   38 4.93480e-02
 88   40 4.91582e-02
 88   42 4.65798e-02
 88   44 5.35940e-02
 88   46 4.66838e-02
 88   48 5.24840e-02
 88   50 4.73799e-02
 88   52 5.83771e-02
 88   54 5.92471e-02
 88   56 5.47836e-02
 88   58 5.16595e-02
 88   60 6.03556e-02
 88   62 5.86257e-02
 88   64 6.80399e-02
 88   66 7.68710e-02
 88   68 6.85430e-02
 88   70 7.70282e-02
 88   72 8.57282e-02
 88   74 1.08925e-01
 88   76 1.23310e-01
 88   78 1.49860e-01
 88   80 1.60262e-01
 88   82 2.37693e-01
 88   84 4.11971e-01
 88   86 1.00243e+00
 88   88 1.47650e+01
 88   90 1.07127e+00
 89    1 2.26759e-03
 89    3 1.26058e-02
 89    5 2.07056e-02
 89    7 2.99285e-02
 89    9 4.00962e-02
 89   11 3.50183e-02
 89   13 3.25789e-02
 89   15 3.80972e-02
 89   17 3.28410e-02
 89   19 3.55662e-02
 89   21 3.60357e-02
 89   23 3.93299e-02
 89   25 4.17141e-02
 89   27 4.30553e-02
 89   29 4.06080e-02
 89   31 4.51875e-02
 89   33 3.96074e-02
 89   35 4.42375e-02
 89   37 5.14954e-02
 89   39 4.58559e-02
 89   41 4.79703e-02
 89   43 4.84280e-02
 89   45 4.19015e-02
 89   47 5.51080e-02
 89   49 4.52005e-02
 89   51 4.80266e-02
 89   53 5.60189e-02
 89   55 5.73487e-02
 89   57 5.10675e-02
 89   59 5.55280e-02
 89   61 5.43898e-02
 89   63 6.08836e-02
 89   65 7.15050e-02
 89   67 6.60536e-02
 89   69 7.09772e-02
 89   71 7.52119e-02
 89   73 8.34859e-02
 89   75 1.00686e-01
 89   77 1.30834e-01
 89   79 1.45396e-01
 89   81 1.58310e-01
 89   83 2.36311e-01
 89   85 4.04302e-01
 89   87 9.83120e-01
 89   89 1.46079e+01
 89   91 1.06940e+00
 90    2 6.04911e-03
 90    4 1.70652e-02
 90    6 2.48354e-02
 90    8 3.40557e-02
 90   10 4.42436e-02
 90   12 4.39094e-02
 90   14 5.34584e-02
 90   16 5.60657e-02
 90   18 5.35044e-02
 90   20 5.23041e-02
 90   22 5.02286e-02
 90   24 4.54932e-02
 90   26 4.80614e-02
 90   28 4.84096e-02
 90   30 5.51480e-02
 90   32 5.64638e-02
 90   34 5.37081e-02
 90   36 6.01021e-02
 90   38 5.54255e-02
 90   40 5.11942e-02
 90   42 5.78928e-02
 90   44 5.22983e-02
 90   46 5.57887e-02
 90   48 5.40293e-02
 90   50 6.00198e-02
 90   52 5.41595e-02
 90   54 6.10431e-02
 90   56 5.72543e-02
 90   58 6.40259e-02
 90   60 4.93966e-02
 90   62 5.51514e-02
 90   64 6.71886e-02
 90   66 6.82227e-02
 90   68 6.66503e-02
 90   70 6.57142e-02
 90   72 7.74410e-02
 90   74 8.02563e-02
 90   76 1.07894e-01
 90   78 9.75507e-02
 90   80 1.23309e-01
 90   82 1.67951e-01
 90   84 2.11288e-01
 90   86 3.79196e-01
 90   88 1.05184e+00
 90   90 1.58855e+01
 91    1 1.99437e-03
 91    3 9.42517e-03
 91    5 1.87793e-02
 91    7 2.67957e-02
 91    9 3.82647e-02
 91   11 3.97503e-02
 91   13 4.56537e-02
 91   15 4.52637e-02
 91   17 5.50176e-02
 91   19 5.04420e-02
 91   21 5.51815e-02
 91   23 4.99828e-02
 91   25 4.44216e-02
 91   27 4.44102e-02
 91   29 4.76120e-02
 91   31 5.32643e-02
 91   33 5.77357e-02
 91   35 6.01945e-02
 91   37 5.30104e-02
 91   39 5.64108e-02
 91   41 5.48210e-02
 91   43 5.70869e-02
 91   45 5.83202e-02
 91   47 4.66975e-02
 91   49 6.12118e-02
 91   51 5.66298e-02
 91   53 5.87760e-02
 91   55 5.91074e-02
 91   57 5.97246e-02
 91   59 5.24220e-02
 91   61 5.67336e-02
 91   63 5.72977e-02
 91   65 5.88199e-02
 91   67 6.71362e-02
 91   69 6.79853e-02
 91   71 6.47651e-02
 91   73 6.70994e-02
 91   75 8.57930e-02
 91   77 1.00437e-01
 91   79 9.57642e-02
 91   81 1.19022e-01
 91   83 1.61374e-01
 91   85 2.05665e-01
 91   87 3.76473e-01
 91   89 1.05032e+00
