# 13C+CO2(ji) -> 13C+CO2(jf) molscat cross sections, CS8_JMAX90 approx. (written on 08/08/2023); 
# E=22240.000000 (1/cm) = 2.7574085500262546 eV
# ji  jf sigma(ji,jf) (1e-16 cm^2)
  1    1 1.56288e+02
  1    3 2.28371e+01
  1    5 7.21063e+00
  1    7 2.53369e+00
  1    9 1.96825e+00
  1   11 1.72771e+00
  1   13 1.17622e+00
  1   15 1.26706e+00
  1   17 1.19227e+00
  1   19 9.61744e-01
  1   21 9.02325e-01
  1   23 8.22314e-01
  1   25 7.15980e-01
  1   27 6.69388e-01
  1   29 6.92173e-01
  1   31 6.96140e-01
  1   33 7.19147e-01
  1   35 6.21589e-01
  1   37 6.36132e-01
  1   39 5.62318e-01
  1   41 5.69743e-01
  1   43 5.95450e-01
  1   45 5.61827e-01
  1   47 5.93189e-01
  1   49 5.38421e-01
  1   51 7.00893e-01
  1   53 5.55688e-01
  1   55 7.10606e-01
  1   57 7.08352e-01
  1   59 6.39428e-01
  1   61 5.82185e-01
  1   63 5.13379e-01
  1   65 4.72033e-01
  1   67 4.18894e-01
  1   69 4.25959e-01
  1   71 4.09759e-01
  1   73 4.70587e-01
  1   75 3.56214e-01
  1   77 5.81743e-01
  1   79 4.96322e-01
  1   81 5.14239e-01
  1   83 5.05292e-01
  1   85 3.26157e-01
  1   87 5.49752e-01
  1   89 3.25342e-01
  1   91 5.81866e-01
  2    2 1.65213e+02
  2    4 1.69297e+01
  2    6 5.19146e+00
  2    8 2.23029e+00
  2   10 1.98210e+00
  2   12 1.47185e+00
  2   14 1.22167e+00
  2   16 1.19045e+00
  2   18 1.02150e+00
  2   20 8.95132e-01
  2   22 8.70607e-01
  2   24 8.04755e-01
  2   26 6.83977e-01
  2   28 7.32864e-01
  2   30 6.75242e-01
  2   32 7.62967e-01
  2   34 6.58412e-01
  2   36 6.34474e-01
  2   38 5.63487e-01
  2   40 5.67239e-01
  2   42 5.36637e-01
  2   44 5.05064e-01
  2   46 6.02011e-01
  2   48 6.22657e-01
  2   50 6.58565e-01
  2   52 5.77947e-01
  2   54 6.82375e-01
  2   56 7.50065e-01
  2   58 6.47982e-01
  2   60 5.72265e-01
  2   62 5.93316e-01
  2   64 5.82824e-01
  2   66 4.80468e-01
  2   68 4.79139e-01
  2   70 3.74049e-01
  2   72 4.65830e-01
  2   74 4.03828e-01
  2   76 5.37811e-01
  2   78 6.19307e-01
  2   80 4.70837e-01
  2   82 5.76643e-01
  2   84 3.04483e-01
  2   86 5.56542e-01
  2   88 3.00669e-01
  2   90 6.09372e-01
  3    1 4.56791e+00
  3    3 1.64855e+02
  3    5 1.44098e+01
  3    7 4.57174e+00
  3    9 2.20446e+00
  3   11 1.70208e+00
  3   13 1.41647e+00
  3   15 1.19901e+00
  3   17 1.08707e+00
  3   19 1.04167e+00
  3   21 9.20269e-01
  3   23 7.92702e-01
  3   25 7.76916e-01
  3   27 7.03857e-01
  3   29 7.10906e-01
  3   31 7.13699e-01
  3   33 6.43310e-01
  3   35 6.55701e-01
  3   37 6.11891e-01
  3   39 5.64718e-01
  3   41 5.86225e-01
  3   43 5.74298e-01
  3   45 5.49002e-01
  3   47 5.78810e-01
  3   49 5.69913e-01
  3   51 6.33815e-01
  3   53 5.65710e-01
  3   55 7.20638e-01
  3   57 6.46358e-01
  3   59 6.59576e-01
  3   61 5.60508e-01
  3   63 5.20817e-01
  3   65 5.28749e-01
  3   67 4.32475e-01
  3   69 5.35243e-01
  3   71 3.64160e-01
  3   73 4.58939e-01
  3   75 4.18745e-01
  3   77 5.24361e-01
  3   79 5.36163e-01
  3   81 4.91551e-01
  3   83 5.94363e-01
  3   85 3.08590e-01
  3   87 5.80572e-01
  3   89 2.66312e-01
  3   91 6.24938e-01
  4    2 7.25684e+00
  4    4 1.64084e+02
  4    6 1.33567e+01
  4    8 4.27196e+00
  4   10 2.03546e+00
  4   12 1.60527e+00
  4   14 1.46856e+00
  4   16 1.10747e+00
  4   18 1.06079e+00
  4   20 1.01248e+00
  4   22 8.45715e-01
  4   24 8.01791e-01
  4   26 7.83775e-01
  4   28 7.70642e-01
  4   30 6.94259e-01
  4   32 6.91062e-01
  4   34 6.42923e-01
  4   36 6.60474e-01
  4   38 5.83937e-01
  4   40 5.59588e-01
  4   42 5.85286e-01
  4   44 5.33329e-01
  4   46 5.42039e-01
  4   48 6.31206e-01
  4   50 6.54334e-01
  4   52 6.45702e-01
  4   54 6.14166e-01
  4   56 6.83895e-01
  4   58 6.65370e-01
  4   60 6.00245e-01
  4   62 5.54360e-01
  4   64 5.70091e-01
  4   66 4.82148e-01
  4   68 5.20135e-01
  4   70 4.17828e-01
  4   72 4.44241e-01
  4   74 4.07805e-01
  4   76 5.12241e-01
  4   78 5.86965e-01
  4   80 4.32599e-01
  4   82 6.03587e-01
  4   84 3.34438e-01
  4   86 6.11055e-01
  4   88 3.29231e-01
  4   90 5.34597e-01
  5    1 8.01462e-01
  5    3 8.00739e+00
  5    5 1.64099e+02
  5    7 1.28639e+01
  5    9 4.00685e+00
  5   11 1.95570e+00
  5   13 1.62947e+00
  5   15 1.37470e+00
  5   17 1.04961e+00
  5   19 1.02704e+00
  5   21 9.88912e-01
  5   23 8.35560e-01
  5   25 7.82556e-01
  5   27 7.40646e-01
  5   29 7.76711e-01
  5   31 6.57595e-01
  5   33 6.42276e-01
  5   35 6.83430e-01
  5   37 6.65941e-01
  5   39 5.57251e-01
  5   41 5.66108e-01
  5   43 6.13812e-01
  5   45 5.42537e-01
  5   47 5.49747e-01
  5   49 5.86180e-01
  5   51 6.54501e-01
  5   53 6.21185e-01
  5   55 6.54262e-01
  5   57 6.86523e-01
  5   59 6.26858e-01
  5   61 5.71832e-01
  5   63 5.38338e-01
  5   65 5.29657e-01
  5   67 4.40644e-01
  5   69 5.12153e-01
  5   71 3.97882e-01
  5   73 4.52763e-01
  5   75 4.21924e-01
  5   77 4.65223e-01
  5   79 5.68271e-01
  5   81 4.61356e-01
  5   83 5.91405e-01
  5   85 3.24514e-01
  5   87 5.77599e-01
  5   89 2.66012e-01
  5   91 5.86758e-01
  6    2 1.41655e+00
  6    4 8.50238e+00
  6    6 1.63959e+02
  6    8 1.23937e+01
  6   10 3.88274e+00
  6   12 1.94060e+00
  6   14 1.51308e+00
  6   16 1.30694e+00
  6   18 1.08033e+00
  6   20 9.85797e-01
  6   22 9.34884e-01
  6   24 8.15415e-01
  6   26 8.06551e-01
  6   28 7.57818e-01
  6   30 7.31110e-01
  6   32 6.76084e-01
  6   34 6.67073e-01
  6   36 6.83862e-01
  6   38 5.83262e-01
  6   40 5.62454e-01
  6   42 5.79801e-01
  6   44 5.89338e-01
  6   46 5.54033e-01
  6   48 6.38288e-01
  6   50 6.20712e-01
  6   52 6.11229e-01
  6   54 6.80257e-01
  6   56 6.97568e-01
  6   58 6.38818e-01
  6   60 5.84217e-01
  6   62 5.47112e-01
  6   64 5.62265e-01
  6   66 4.58811e-01
  6   68 5.68348e-01
  6   70 4.58067e-01
  6   72 4.35849e-01
  6   74 4.81371e-01
  6   76 4.51874e-01
  6   78 5.97282e-01
  6   80 4.48037e-01
  6   82 6.02257e-01
  6   84 3.62783e-01
  6   86 5.82768e-01
  6   88 3.01129e-01
  6   90 5.36913e-01
  7    1 1.95043e-01
  7    3 1.75947e+00
  7    5 8.90925e+00
  7    7 1.64016e+02
  7    9 1.21618e+01
  7   11 3.82164e+00
  7   13 1.85858e+00
  7   15 1.48987e+00
  7   17 1.30913e+00
  7   19 1.02679e+00
  7   21 1.00242e+00
  7   23 9.17650e-01
  7   25 8.02992e-01
  7   27 7.61420e-01
  7   29 7.24942e-01
  7   31 7.08649e-01
  7   33 6.71879e-01
  7   35 7.09632e-01
  7   37 6.39828e-01
  7   39 5.81372e-01
  7   41 5.78720e-01
  7   43 5.95568e-01
  7   45 5.49208e-01
  7   47 5.65532e-01
  7   49 5.94343e-01
  7   51 6.31493e-01
  7   53 6.28601e-01
  7   55 6.40327e-01
  7   57 6.72497e-01
  7   59 6.07642e-01
  7   61 5.67397e-01
  7   63 5.44455e-01
  7   65 5.65768e-01
  7   67 4.49493e-01
  7   69 5.03567e-01
  7   71 4.67696e-01
  7   73 4.50498e-01
  7   75 4.43686e-01
  7   77 4.42230e-01
  7   79 5.81950e-01
  7   81 4.62445e-01
  7   83 5.65172e-01
  7   85 3.75794e-01
  7   87 5.55181e-01
  7   89 3.11761e-01
  7   91 5.56449e-01
  8    2 4.46482e-01
  8    4 1.99512e+00
  8    6 9.09285e+00
  8    8 1.63922e+02
  8   10 1.19762e+01
  8   12 3.70739e+00
  8   14 1.79046e+00
  8   16 1.44823e+00
  8   18 1.29596e+00
  8   20 1.01881e+00
  8   22 9.99720e-01
  8   24 9.05695e-01
  8   26 7.91739e-01
  8   28 7.91570e-01
  8   30 7.59971e-01
  8   32 6.82178e-01
  8   34 6.83760e-01
  8   36 6.50181e-01
  8   38 6.41441e-01
  8   40 5.75241e-01
  8   42 5.98778e-01
  8   44 5.89033e-01
  8   46 5.64925e-01
  8   48 6.36370e-01
  8   50 6.12964e-01
  8   52 6.20576e-01
  8   54 6.47007e-01
  8   56 6.67314e-01
  8   58 6.15593e-01
  8   60 5.44858e-01
  8   62 5.40994e-01
  8   64 5.44226e-01
  8   66 4.88783e-01
  8   68 5.74021e-01
  8   70 4.98716e-01
  8   72 4.52985e-01
  8   74 5.45538e-01
  8   76 4.47791e-01
  8   78 5.42999e-01
  8   80 4.70039e-01
  8   82 5.63218e-01
  8   84 4.18016e-01
  8   86 5.99556e-01
  8   88 3.21239e-01
  8   90 5.18654e-01
  9    1 1.15926e-01
  9    3 6.49123e-01
  9    5 2.12321e+00
  9    7 9.30513e+00
  9    9 1.64040e+02
  9   11 1.18160e+01
  9   13 3.62595e+00
  9   15 1.77781e+00
  9   17 1.45428e+00
  9   19 1.22810e+00
  9   21 1.05075e+00
  9   23 9.68105e-01
  9   25 8.84520e-01
  9   27 7.84927e-01
  9   29 7.52538e-01
  9   31 7.28310e-01
  9   33 6.62757e-01
  9   35 6.56058e-01
  9   37 6.62491e-01
  9   39 6.35676e-01
  9   41 5.92422e-01
  9   43 5.94121e-01
  9   45 5.83155e-01
  9   47 5.62982e-01
  9   49 6.64022e-01
  9   51 5.99526e-01
  9   53 6.35542e-01
  9   55 6.28093e-01
  9   57 6.31124e-01
  9   59 6.25505e-01
  9   61 5.43011e-01
  9   63 5.43782e-01
  9   65 5.59264e-01
  9   67 4.82743e-01
  9   69 5.26253e-01
  9   71 4.83795e-01
  9   73 4.47350e-01
  9   75 5.04503e-01
  9   77 4.40247e-01
  9   79 5.56094e-01
  9   81 4.36833e-01
  9   83 5.60519e-01
  9   85 3.87208e-01
  9   87 5.85611e-01
  9   89 2.99804e-01
  9   91 5.45768e-01
 10    2 3.13447e-01
 10    4 7.50935e-01
 10    6 2.25027e+00
 10    8 9.46052e+00
 10   10 1.42672e+02
 10   12 1.11249e+01
 10   14 3.30703e+00
 10   16 1.55913e+00
 10   18 1.24761e+00
 10   20 1.09027e+00
 10   22 9.15165e-01
 10   24 8.64342e-01
 10   26 8.19013e-01
 10   28 7.26464e-01
 10   30 6.64390e-01
 10   32 6.30587e-01
 10   34 5.92044e-01
 10   36 5.62003e-01
 10   38 5.91123e-01
 10   40 6.11628e-01
 10   42 5.68174e-01
 10   44 5.48656e-01
 10   46 5.48565e-01
 10   48 5.76288e-01
 10   50 5.81731e-01
 10   52 5.73434e-01
 10   54 5.61127e-01
 10   56 5.87065e-01
 10   58 5.86104e-01
 10   60 4.94144e-01
 10   62 5.24444e-01
 10   64 4.97805e-01
 10   66 5.01893e-01
 10   68 4.97453e-01
 10   70 5.15942e-01
 10   72 4.28331e-01
 10   74 5.34654e-01
 10   76 4.22629e-01
 10   78 4.66913e-01
 10   80 4.08320e-01
 10   82 4.85728e-01
 10   84 3.74329e-01
 10   86 5.36409e-01
 10   88 3.14178e-01
 10   90 4.52232e-01
 11    1 8.24311e-02
 11    3 4.05997e-01
 11    5 8.39481e-01
 11    7 2.36860e+00
 11    9 9.57176e+00
 11   11 1.26813e+02
 11   13 1.04989e+01
 11   15 3.09559e+00
 11   17 1.41190e+00
 11   19 1.12785e+00
 11   21 9.76521e-01
 11   23 8.29990e-01
 11   25 7.78351e-01
 11   27 7.44985e-01
 11   29 6.31148e-01
 11   31 5.68569e-01
 11   33 5.55910e-01
 11   35 5.28846e-01
 11   37 5.06155e-01
 11   39 5.34259e-01
 11   41 5.00741e-01
 11   43 5.24789e-01
 11   45 4.84807e-01
 11   47 4.99449e-01
 11   49 5.33513e-01
 11   51 5.11519e-01
 11   53 4.86612e-01
 11   55 5.16694e-01
 11   57 5.17540e-01
 11   59 5.29183e-01
 11   61 4.38869e-01
 11   63 4.45311e-01
 11   65 4.47087e-01
 11   67 4.67441e-01
 11   69 4.40661e-01
 11   71 4.22790e-01
 11   73 3.76422e-01
 11   75 4.58182e-01
 11   77 3.43254e-01
 11   79 4.17991e-01
 11   81 3.23432e-01
 11   83 4.15645e-01
 11   85 3.20482e-01
 11   87 4.28986e-01
 11   89 2.43857e-01
 11   91 3.69337e-01
 12    2 1.92419e-01
 12    4 4.89591e-01
 12    6 9.29777e-01
 12    8 2.42110e+00
 12   10 9.19695e+00
 12   12 1.14083e+02
 12   14 9.87312e+00
 12   16 2.93270e+00
 12   18 1.31706e+00
 12   20 1.06119e+00
 12   22 9.08227e-01
 12   24 7.39132e-01
 12   26 7.01743e-01
 12   28 6.64051e-01
 12   30 5.79858e-01
 12   32 5.36073e-01
 12   34 5.25385e-01
 12   36 4.80634e-01
 12   38 4.67899e-01
 12   40 4.85962e-01
 12   42 4.73381e-01
 12   44 5.00592e-01
 12   46 4.55439e-01
 12   48 4.54284e-01
 12   50 4.78292e-01
 12   52 4.61701e-01
 12   54 4.56710e-01
 12   56 4.81987e-01
 12   58 4.42528e-01
 12   60 4.07488e-01
 12   62 4.30525e-01
 12   64 4.23567e-01
 12   66 4.20016e-01
 12   68 4.21839e-01
 12   70 4.24559e-01
 12   72 3.35032e-01
 12   74 4.18756e-01
 12   76 3.34180e-01
 12   78 4.03934e-01
 12   80 3.42926e-01
 12   82 3.32540e-01
 12   84 2.92475e-01
 12   86 3.15752e-01
 12   88 2.29942e-01
 12   90 3.42477e-01
 13    1 4.71777e-02
 13    3 2.84043e-01
 13    5 5.88014e-01
 13    7 9.68400e-01
 13    9 2.46929e+00
 13   11 8.82623e+00
 13   13 1.03879e+02
 13   15 9.27632e+00
 13   17 2.77598e+00
 13   19 1.23631e+00
 13   21 9.76130e-01
 13   23 8.21427e-01
 13   25 6.61862e-01
 13   27 6.39424e-01
 13   29 6.12589e-01
 13   31 5.28807e-01
 13   33 4.70225e-01
 13   35 4.72187e-01
 13   37 4.39939e-01
 13   39 4.39647e-01
 13   41 4.29011e-01
 13   43 4.57123e-01
 13   45 4.51477e-01
 13   47 4.14156e-01
 13   49 4.15778e-01
 13   51 4.22758e-01
 13   53 3.89742e-01
 13   55 4.18738e-01
 13   57 3.91813e-01
 13   59 4.08896e-01
 13   61 3.50316e-01
 13   63 3.65624e-01
 13   65 3.60419e-01
 13   67 3.92585e-01
 13   69 3.69655e-01
 13   71 3.93690e-01
 13   73 3.00286e-01
 13   75 3.51293e-01
 13   77 3.05100e-01
 13   79 3.36689e-01
 13   81 3.01532e-01
 13   83 2.90679e-01
 13   85 2.70394e-01
 13   87 2.87900e-01
 13   89 2.13997e-01
 13   91 2.88463e-01
 14    2 1.36171e-01
 14    4 3.81878e-01
 14    6 6.18088e-01
 14    8 9.96907e-01
 14   10 2.33094e+00
 14   12 8.41783e+00
 14   14 9.51219e+01
 14   16 8.69212e+00
 14   18 2.66541e+00
 14   20 1.17254e+00
 14   22 8.87466e-01
 14   24 7.76787e-01
 14   26 5.95444e-01
 14   28 5.88261e-01
 14   30 5.61412e-01
 14   32 4.85559e-01
 14   34 4.44797e-01
 14   36 4.54743e-01
 14   38 4.09272e-01
 14   40 4.14890e-01
 14   42 4.08612e-01
 14   44 4.13850e-01
 14   46 4.13066e-01
 14   48 3.90730e-01
 14   50 3.76489e-01
 14   52 3.74048e-01
 14   54 3.70394e-01
 14   56 3.64592e-01
 14   58 3.41825e-01
 14   60 3.21439e-01
 14   62 3.53343e-01
 14   64 3.51911e-01
 14   66 3.60995e-01
 14   68 3.57847e-01
 14   70 3.32587e-01
 14   72 3.05270e-01
 14   74 3.35255e-01
 14   76 2.80591e-01
 14   78 3.55439e-01
 14   80 3.05640e-01
 14   82 2.79644e-01
 14   84 2.47232e-01
 14   86 2.87827e-01
 14   88 1.90501e-01
 14   90 2.87814e-01
 15    1 4.38531e-02
 15    3 2.07468e-01
 15    5 4.28057e-01
 15    7 6.69851e-01
 15    9 1.04470e+00
 15   11 2.24559e+00
 15   13 8.00443e+00
 15   15 8.78447e+01
 15   17 8.18444e+00
 15   19 2.54928e+00
 15   21 1.09190e+00
 15   23 8.43399e-01
 15   25 7.52741e-01
 15   27 5.68140e-01
 15   29 5.43666e-01
 15   31 5.24150e-01
 15   33 4.47192e-01
 15   35 4.08799e-01
 15   37 4.07692e-01
 15   39 3.71940e-01
 15   41 4.07201e-01
 15   43 3.90517e-01
 15   45 3.92630e-01
 15   47 3.77251e-01
 15   49 3.20560e-01
 15   51 3.30579e-01
 15   53 3.17819e-01
 15   55 3.08546e-01
 15   57 2.85880e-01
 15   59 2.81823e-01
 15   61 2.74967e-01
 15   63 3.00876e-01
 15   65 3.03289e-01
 15   67 3.07602e-01
 15   69 3.37087e-01
 15   71 3.31029e-01
 15   73 2.89809e-01
 15   75 3.09710e-01
 15   77 2.67956e-01
 15   79 3.18392e-01
 15   81 2.79678e-01
 15   83 2.72920e-01
 15   85 2.29669e-01
 15   87 2.53046e-01
 15   89 1.62792e-01
 15   91 2.52538e-01
 16    2 1.15688e-01
 16    4 2.51079e-01
 16    6 4.65468e-01
 16    8 7.03029e-01
 16   10 9.58123e-01
 16   12 2.18001e+00
 16   14 7.57829e+00
 16   16 8.14907e+01
 16   18 7.69976e+00
 16   20 2.41415e+00
 16   22 1.02303e+00
 16   24 7.78412e-01
 16   26 7.16001e-01
 16   28 5.24813e-01
 16   30 4.95757e-01
 16   32 4.69523e-01
 16   34 4.12004e-01
 16   36 3.97888e-01
 16   38 4.08439e-01
 16   40 3.71195e-01
 16   42 3.74513e-01
 16   44 3.39676e-01
 16   46 3.50560e-01
 16   48 3.27353e-01
 16   50 3.01961e-01
 16   52 2.79260e-01
 16   54 2.93369e-01
 16   56 2.75569e-01
 16   58 2.72679e-01
 16   60 2.80441e-01
 16   62 2.67372e-01
 16   64 3.30854e-01
 16   66 2.74323e-01
 16   68 3.21973e-01
 16   70 2.84785e-01
 16   72 3.12884e-01
 16   74 2.85041e-01
 16   76 2.69431e-01
 16   78 3.31843e-01
 16   80 2.76453e-01
 16   82 2.73539e-01
 16   84 2.19608e-01
 16   86 2.36410e-01
 16   88 1.79829e-01
 16   90 2.33044e-01
 17    1 3.63026e-02
 17    3 1.65480e-01
 17    5 2.87528e-01
 17    7 5.17808e-01
 17    9 7.51814e-01
 17   11 9.01046e-01
 17   13 2.10732e+00
 17   15 7.20025e+00
 17   17 7.60251e+01
 17   19 7.23500e+00
 17   21 2.28501e+00
 17   23 9.80191e-01
 17   25 7.73238e-01
 17   27 6.72038e-01
 17   29 5.12316e-01
 17   31 4.73924e-01
 17   33 4.36694e-01
 17   35 3.90994e-01
 17   37 3.81691e-01
 17   39 3.51951e-01
 17   41 3.59304e-01
 17   43 3.27234e-01
 17   45 3.41156e-01
 17   47 3.17607e-01
 17   49 2.91148e-01
 17   51 2.72737e-01
 17   53 2.50264e-01
 17   55 2.52754e-01
 17   57 2.75163e-01
 17   59 2.32020e-01
 17   61 2.45330e-01
 17   63 2.50176e-01
 17   65 3.03762e-01
 17   67 2.39939e-01
 17   69 3.02298e-01
 17   71 2.61985e-01
 17   73 2.89309e-01
 17   75 2.58691e-01
 17   77 2.52950e-01
 17   79 2.79599e-01
 17   81 2.69626e-01
 17   83 2.47958e-01
 17   85 1.82410e-01
 17   87 2.25429e-01
 17   89 1.44445e-01
 17   91 2.35256e-01
 18    2 8.80270e-02
 18    4 2.13258e-01
 18    6 3.41186e-01
 18    8 5.57860e-01
 18   10 6.79854e-01
 18   12 8.68155e-01
 18   14 2.06067e+00
 18   16 6.82773e+00
 18   18 7.12930e+01
 18   20 6.81061e+00
 18   22 2.19707e+00
 18   24 9.23102e-01
 18   26 7.09689e-01
 18   28 6.18621e-01
 18   30 4.68871e-01
 18   32 4.64905e-01
 18   34 4.31124e-01
 18   36 3.76192e-01
 18   38 3.60813e-01
 18   40 3.66344e-01
 18   42 3.44571e-01
 18   44 3.10831e-01
 18   46 3.03350e-01
 18   48 2.64226e-01
 18   50 2.64431e-01
 18   52 2.49033e-01
 18   54 2.57375e-01
 18   56 2.31697e-01
 18   58 2.27928e-01
 18   60 2.44890e-01
 18   62 2.29799e-01
 18   64 2.96002e-01
 18   66 2.12042e-01
 18   68 2.77378e-01
 18   70 2.37936e-01
 18   72 2.83305e-01
 18   74 2.46449e-01
 18   76 2.62053e-01
 18   78 2.56314e-01
 18   80 2.37718e-01
 18   82 2.61479e-01
 18   84 2.03596e-01
 18   86 2.13769e-01
 18   88 1.51884e-01
 18   90 2.14061e-01
 19    1 2.61500e-02
 19    3 1.41602e-01
 19    5 2.51240e-01
 19    7 3.62676e-01
 19    9 5.66953e-01
 19   11 6.42752e-01
 19   13 8.38090e-01
 19   15 2.00274e+00
 19   17 6.46081e+00
 19   19 6.71302e+01
 19   21 6.47316e+00
 19   23 2.09952e+00
 19   25 8.59566e-01
 19   27 6.75427e-01
 19   29 5.87443e-01
 19   31 4.71425e-01
 19   33 4.45640e-01
 19   35 4.17768e-01
 19   37 3.60922e-01
 19   39 3.57803e-01
 19   41 3.34569e-01
 19   43 3.13465e-01
 19   45 2.76450e-01
 19   47 2.71090e-01
 19   49 2.51435e-01
 19   51 2.39003e-01
 19   53 2.02232e-01
 19   55 2.33805e-01
 19   57 2.30874e-01
 19   59 2.31107e-01
 19   61 2.26812e-01
 19   63 2.24675e-01
 19   65 2.80003e-01
 19   67 1.81746e-01
 19   69 2.63570e-01
 19   71 2.30397e-01
 19   73 2.52125e-01
 19   75 2.21557e-01
 19   77 2.31538e-01
 19   79 2.50349e-01
 19   81 2.31484e-01
 19   83 2.26338e-01
 19   85 1.89073e-01
 19   87 1.77697e-01
 19   89 1.44910e-01
 19   91 1.89553e-01
 20    2 6.93161e-02
 20    4 1.82908e-01
 20    6 2.79764e-01
 20    8 3.94093e-01
 20   10 5.33880e-01
 20   12 6.28570e-01
 20   14 8.14598e-01
 20   16 1.92369e+00
 20   18 6.12008e+00
 20   20 6.34703e+01
 20   22 6.13188e+00
 20   24 1.98131e+00
 20   26 8.05986e-01
 20   28 6.24404e-01
 20   30 5.65905e-01
 20   32 4.39483e-01
 20   34 4.23764e-01
 20   36 4.11233e-01
 20   38 3.53875e-01
 20   40 3.34857e-01
 20   42 3.31540e-01
 20   44 2.98405e-01
 20   46 2.64091e-01
 20   48 2.47225e-01
 20   50 2.19792e-01
 20   52 2.15002e-01
 20   54 2.03614e-01
 20   56 2.14963e-01
 20   58 2.20126e-01
 20   60 2.43807e-01
 20   62 2.11724e-01
 20   64 2.13215e-01
 20   66 2.25388e-01
 20   68 2.67848e-01
 20   70 2.28247e-01
 20   72 2.23662e-01
 20   74 2.42659e-01
 20   76 2.38820e-01
 20   78 1.98381e-01
 20   80 2.18517e-01
 20   82 2.40893e-01
 20   84 1.97381e-01
 20   86 1.95530e-01
 20   88 1.40797e-01
 20   90 1.76763e-01
 21    1 2.21713e-02
 21    3 1.13049e-01
 21    5 2.18613e-01
 21    7 3.19964e-01
 21    9 4.38356e-01
 21   11 5.02910e-01
 21   13 5.97979e-01
 21   15 7.75189e-01
 21   17 1.84397e+00
 21   19 5.84969e+00
 21   21 6.02047e+01
 21   23 5.81639e+00
 21   25 1.90010e+00
 21   27 7.74329e-01
 21   29 6.07935e-01
 21   31 5.28198e-01
 21   33 4.18637e-01
 21   35 4.05224e-01
 21   37 3.89553e-01
 21   39 3.33413e-01
 21   41 3.02636e-01
 21   43 3.03602e-01
 21   45 2.62498e-01
 21   47 2.55169e-01
 21   49 2.27750e-01
 21   51 1.93859e-01
 21   53 1.97224e-01
 21   55 2.09694e-01
 21   57 1.89967e-01
 21   59 2.02446e-01
 21   61 2.02957e-01
 21   63 2.05833e-01
 21   65 2.30192e-01
 21   67 2.27622e-01
 21   69 2.33855e-01
 21   71 1.88123e-01
 21   73 2.23443e-01
 21   75 2.29832e-01
 21   77 2.08258e-01
 21   79 1.92178e-01
 21   81 1.87936e-01
 21   83 2.33962e-01
 21   85 1.85051e-01
 21   87 1.84542e-01
 21   89 1.22854e-01
 21   91 1.69909e-01
 22    2 6.12342e-02
 22    4 1.38770e-01
 22    6 2.40984e-01
 22    8 3.51244e-01
 22   10 4.07036e-01
 22   12 4.88631e-01
 22   14 5.60006e-01
 22   16 7.40429e-01
 22   18 1.79325e+00
 22   20 5.56954e+00
 22   22 5.72720e+01
 22   24 5.53413e+00
 22   26 1.83482e+00
 22   28 7.38789e-01
 22   30 5.66818e-01
 22   32 5.21837e-01
 22   34 4.07948e-01
 22   36 3.91871e-01
 22   38 3.96935e-01
 22   40 3.54757e-01
 22   42 2.85214e-01
 22   44 2.81550e-01
 22   46 2.53949e-01
 22   48 2.16312e-01
 22   50 1.98851e-01
 22   52 1.99220e-01
 22   54 1.88096e-01
 22   56 1.91036e-01
 22   58 1.96471e-01
 22   60 2.14040e-01
 22   62 1.94545e-01
 22   64 2.15573e-01
 22   66 2.14059e-01
 22   68 2.17950e-01
 22   70 2.01271e-01
 22   72 1.81834e-01
 22   74 2.19005e-01
 22   76 2.04986e-01
 22   78 1.98777e-01
 22   80 2.22067e-01
 22   82 1.91360e-01
 22   84 2.02441e-01
 22   86 1.67770e-01
 22   88 1.31937e-01
 22   90 1.54966e-01
 23    1 1.84373e-02
 23    3 8.88576e-02
 23    5 1.68550e-01
 23    7 2.67276e-01
 23    9 3.68539e-01
 23   11 3.90044e-01
 23   13 4.59176e-01
 23   15 5.46372e-01
 23   17 7.21785e-01
 23   19 1.73128e+00
 23   21 5.30745e+00
 23   23 5.46350e+01
 23   25 5.30117e+00
 23   27 1.75704e+00
 23   29 6.95694e-01
 23   31 5.41074e-01
 23   33 5.42115e-01
 23   35 3.90154e-01
 23   37 3.79457e-01
 23   39 3.68367e-01
 23   41 2.90425e-01
 23   43 2.58117e-01
 23   45 2.72095e-01
 23   47 2.36394e-01
 23   49 1.97743e-01
 23   51 1.79427e-01
 23   53 2.06813e-01
 23   55 1.84385e-01
 23   57 1.92557e-01
 23   59 1.76776e-01
 23   61 1.76757e-01
 23   63 1.98300e-01
 23   65 1.95345e-01
 23   67 2.05778e-01
 23   69 1.77908e-01
 23   71 1.81062e-01
 23   73 1.74740e-01
 23   75 1.95143e-01
 23   77 2.02728e-01
 23   79 1.82404e-01
 23   81 2.07053e-01
 23   83 1.90987e-01
 23   85 1.92904e-01
 23   87 1.59800e-01
 23   89 1.29179e-01
 23   91 1.52506e-01
 24    2 5.18679e-02
 24    4 1.20558e-01
 24    6 1.92607e-01
 24    8 2.91592e-01
 24   10 3.52275e-01
 24   12 3.64394e-01
 24   14 4.49165e-01
 24   16 5.16259e-01
 24   18 6.90412e-01
 24   20 1.64908e+00
 24   22 5.07122e+00
 24   24 5.22974e+01
 24   26 5.06423e+00
 24   28 1.67961e+00
 24   30 6.62251e-01
 24   32 5.34875e-01
 24   34 5.16585e-01
 24   36 3.59184e-01
 24   38 3.69663e-01
 24   40 3.45691e-01
 24   42 2.85125e-01
 24   44 2.43911e-01
 24   46 2.62916e-01
 24   48 2.07735e-01
 24   50 1.85470e-01
 24   52 2.03335e-01
 24   54 2.08589e-01
 24   56 1.84543e-01
 24   58 1.82526e-01
 24   60 1.76831e-01
 24   62 2.19275e-01
 24   64 1.68911e-01
 24   66 1.96352e-01
 24   68 1.74099e-01
 24   70 2.16502e-01
 24   72 1.61722e-01
 24   74 1.68199e-01
 24   76 1.70913e-01
 24   78 1.85729e-01
 24   80 2.14079e-01
 24   82 1.71057e-01
 24   84 1.97931e-01
 24   86 1.63833e-01
 24   88 1.22914e-01
 24   90 1.46972e-01
 25    1 1.47673e-02
 25    3 8.01121e-02
 25    5 1.45213e-01
 25    7 2.15147e-01
 25    9 3.09747e-01
 25   11 3.36477e-01
 25   13 3.40343e-01
 25   15 4.48580e-01
 25   17 5.23781e-01
 25   19 6.52029e-01
 25   21 1.59495e+00
 25   23 4.87654e+00
 25   25 5.01216e+01
 25   27 4.84998e+00
 25   29 1.60198e+00
 25   31 6.37660e-01
 25   33 5.31586e-01
 25   35 4.88712e-01
 25   37 3.50836e-01
 25   39 3.47419e-01
 25   41 3.32991e-01
 25   43 2.63414e-01
 25   45 2.43676e-01
 25   47 2.20432e-01
 25   49 1.89773e-01
 25   51 1.86449e-01
 25   53 1.89185e-01
 25   55 1.79409e-01
 25   57 1.63409e-01
 25   59 1.50189e-01
 25   61 1.68664e-01
 25   63 2.09781e-01
 25   65 1.62523e-01
 25   67 1.76051e-01
 25   69 1.58260e-01
 25   71 2.11343e-01
 25   73 1.53546e-01
 25   75 1.62976e-01
 25   77 1.64789e-01
 25   79 1.58536e-01
 25   81 2.33015e-01
 25   83 1.48811e-01
 25   85 1.81715e-01
 25   87 1.54779e-01
 25   89 1.26727e-01
 25   91 1.51259e-01
 26    2 4.06967e-02
 26    4 1.08795e-01
 26    6 1.75876e-01
 26    8 2.35319e-01
 26   10 3.08155e-01
 26   12 3.19382e-01
 26   14 3.17853e-01
 26   16 4.38383e-01
 26   18 4.90015e-01
 26   20 6.19295e-01
 26   22 1.55217e+00
 26   24 4.67515e+00
 26   26 4.81919e+01
 26   28 4.64766e+00
 26   30 1.55587e+00
 26   32 6.09133e-01
 26   34 5.00700e-01
 26   36 4.68679e-01
 26   38 3.28941e-01
 26   40 3.24560e-01
 26   42 3.07139e-01
 26   44 2.51545e-01
 26   46 2.16674e-01
 26   48 2.22162e-01
 26   50 1.92162e-01
 26   52 1.78847e-01
 26   54 1.77576e-01
 26   56 1.74386e-01
 26   58 1.84275e-01
 26   60 1.72211e-01
 26   62 1.92718e-01
 26   64 1.61335e-01
 26   66 1.91202e-01
 26   68 1.58860e-01
 26   70 1.80681e-01
 26   72 1.44064e-01
 26   74 1.67413e-01
 26   76 1.47723e-01
 26   78 1.44382e-01
 26   80 2.41470e-01
 26   82 1.39986e-01
 26   84 1.77693e-01
 26   86 1.61378e-01
 26   88 1.29342e-01
 26   90 1.51482e-01
 27    1 1.27875e-02
 27    3 6.72226e-02
 27    5 1.27294e-01
 27    7 1.88953e-01
 27    9 2.54587e-01
 27   11 2.98287e-01
 27   13 3.04540e-01
 27   15 3.13586e-01
 27   17 4.21635e-01
 27   19 4.74540e-01
 27   21 6.02010e-01
 27   23 1.49702e+00
 27   25 4.49207e+00
 27   27 4.63569e+01
 27   29 4.48044e+00
 27   31 1.49222e+00
 27   33 5.78627e-01
 27   35 4.79782e-01
 27   37 4.29381e-01
 27   39 3.20324e-01
 27   41 3.06461e-01
 27   43 3.01360e-01
 27   45 2.28880e-01
 27   47 2.26449e-01
 27   49 1.98225e-01
 27   51 1.81317e-01
 27   53 1.77053e-01
 27   55 1.65244e-01
 27   57 1.80019e-01
 27   59 1.72579e-01
 27   61 1.53714e-01
 27   63 1.68526e-01
 27   65 1.47809e-01
 27   67 2.02274e-01
 27   69 1.38854e-01
 27   71 1.82677e-01
 27   73 1.48118e-01
 27   75 1.66022e-01
 27   77 1.42719e-01
 27   79 1.42007e-01
 27   81 2.20164e-01
 27   83 1.50052e-01
 27   85 1.60928e-01
 27   87 1.41140e-01
 27   89 1.07003e-01
 27   91 1.33348e-01
 28    2 4.05104e-02
 28    4 9.93792e-02
 28    6 1.53520e-01
 28    8 2.18570e-01
 28   10 2.53932e-01
 28   12 2.80775e-01
 28   14 2.91730e-01
 28   16 2.98518e-01
 28   18 3.96818e-01
 28   20 4.45719e-01
 28   22 5.80618e-01
 28   24 1.44051e+00
 28   26 4.31777e+00
 28   28 4.47564e+01
 28   30 4.30659e+00
 28   32 1.43927e+00
 28   34 5.48323e-01
 28   36 4.51372e-01
 28   38 4.12894e-01
 28   40 2.87901e-01
 28   42 2.85601e-01
 28   44 2.82251e-01
 28   46 2.51058e-01
 28   48 2.12606e-01
 28   50 1.99552e-01
 28   52 1.97993e-01
 28   54 1.67510e-01
 28   56 1.73031e-01
 28   58 1.90249e-01
 28   60 1.69890e-01
 28   62 1.55859e-01
 28   64 1.52437e-01
 28   66 1.85931e-01
 28   68 1.22083e-01
 28   70 1.53930e-01
 28   72 1.35409e-01
 28   74 1.57627e-01
 28   76 1.58256e-01
 28   78 1.58763e-01
 28   80 1.93944e-01
 28   82 1.37631e-01
 28   84 1.64161e-01
 28   86 1.32326e-01
 28   88 1.17588e-01
 28   90 1.48516e-01
 29    1 1.23189e-02
 29    3 6.32548e-02
 29    5 1.24367e-01
 29    7 1.67604e-01
 29    9 2.27397e-01
 29   11 2.35434e-01
 29   13 2.71817e-01
 29   15 2.79566e-01
 29   17 2.99455e-01
 29   19 3.84512e-01
 29   21 4.40337e-01
 29   23 5.52224e-01
 29   25 1.38234e+00
 29   27 4.17418e+00
 29   29 4.32212e+01
 29   31 4.16669e+00
 29   33 1.37006e+00
 29   35 5.07725e-01
 29   37 4.38271e-01
 29   39 3.86722e-01
 29   41 2.84660e-01
 29   43 2.64580e-01
 29   45 2.80376e-01
 29   47 2.26323e-01
 29   49 2.03836e-01
 29   51 1.89573e-01
 29   53 1.78745e-01
 29   55 1.64041e-01
 29   57 1.71572e-01
 29   59 1.74653e-01
 29   61 1.53759e-01
 29   63 1.49920e-01
 29   65 1.42465e-01
 29   67 1.74717e-01
 29   69 1.30993e-01
 29   71 1.51381e-01
 29   73 1.29038e-01
 29   75 1.52166e-01
 29   77 1.36526e-01
 29   79 1.36189e-01
 29   81 2.00298e-01
 29   83 1.33476e-01
 29   85 1.66318e-01
 29   87 1.23524e-01
 29   89 1.08905e-01
 29   91 1.40510e-01
 30    2 3.48654e-02
 30    4 8.36290e-02
 30    6 1.38349e-01
 30    8 1.96015e-01
 30   10 2.16929e-01
 30   12 2.29019e-01
 30   14 2.60067e-01
 30   16 2.63406e-01
 30   18 2.80939e-01
 30   20 3.77338e-01
 30   22 4.16108e-01
 30   24 5.30545e-01
 30   26 1.35018e+00
 30   28 4.02277e+00
 30   30 4.18644e+01
 30   32 4.00112e+00
 30   34 1.31727e+00
 30   36 4.90470e-01
 30   38 4.19743e-01
 30   40 3.73243e-01
 30   42 2.56943e-01
 30   44 2.74315e-01
 30   46 2.65932e-01
 30   48 2.28666e-01
 30   50 1.92944e-01
 30   52 2.06677e-01
 30   54 1.78635e-01
 30   56 1.73295e-01
 30   58 1.51833e-01
 30   60 1.75977e-01
 30   62 1.60326e-01
 30   64 1.21027e-01
 30   66 1.39692e-01
 30   68 1.43050e-01
 30   70 1.60732e-01
 30   72 1.47095e-01
 30   74 1.57113e-01
 30   76 1.47283e-01
 30   78 1.38621e-01
 30   80 1.64713e-01
 30   82 1.28460e-01
 30   84 1.48565e-01
 30   86 1.45979e-01
 30   88 9.63929e-02
 30   90 1.40760e-01
 31    1 1.16014e-02
 31    3 5.94640e-02
 31    5 9.85970e-02
 31    7 1.53416e-01
 31    9 2.06078e-01
 31   11 1.98600e-01
 31   13 2.19716e-01
 31   15 2.52386e-01
 31   17 2.59394e-01
 31   19 2.88946e-01
 31   21 3.58248e-01
 31   23 4.02172e-01
 31   25 5.15233e-01
 31   27 1.30180e+00
 31   29 3.90166e+00
 31   31 4.04680e+01
 31   33 3.86233e+00
 31   35 1.25234e+00
 31   37 4.74787e-01
 31   39 4.15451e-01
 31   41 3.64074e-01
 31   43 2.46946e-01
 31   45 2.58848e-01
 31   47 2.51555e-01
 31   49 2.17415e-01
 31   51 1.89847e-01
 31   53 1.92666e-01
 31   55 1.66039e-01
 31   57 1.71900e-01
 31   59 1.52886e-01
 31   61 1.60954e-01
 31   63 1.51870e-01
 31   65 1.32145e-01
 31   67 1.32963e-01
 31   69 1.42417e-01
 31   71 1.69770e-01
 31   73 1.27619e-01
 31   75 1.45285e-01
 31   77 1.41859e-01
 31   79 1.37503e-01
 31   81 1.38440e-01
 31   83 1.15139e-01
 31   85 1.50407e-01
 31   87 1.37850e-01
 31   89 9.91956e-02
 31   91 1.24071e-01
 32    2 3.69740e-02
 32    4 7.81283e-02
 32    6 1.20074e-01
 32    8 1.65138e-01
 32   10 1.93240e-01
 32   12 1.98715e-01
 32   14 2.11106e-01
 32   16 2.34137e-01
 32   18 2.61444e-01
 32   20 2.75034e-01
 32   22 3.59545e-01
 32   24 4.02168e-01
 32   26 4.96119e-01
 32   28 1.26180e+00
 32   30 3.75524e+00
 32   32 3.92757e+01
 32   34 3.72732e+00
 32   36 1.22522e+00
 32   38 4.40381e-01
 32   40 3.82780e-01
 32   42 3.59909e-01
 32   44 2.48700e-01
 32   46 2.60090e-01
 32   48 2.39534e-01
 32   50 2.19373e-01
 32   52 1.86802e-01
 32   54 1.81218e-01
 32   56 1.62430e-01
 32   58 1.48679e-01
 32   60 1.52652e-01
 32   62 1.37640e-01
 32   64 1.37119e-01
 32   66 1.61039e-01
 32   68 1.38689e-01
 32   70 1.59671e-01
 32   72 1.38186e-01
 32   74 1.55116e-01
 32   76 1.33046e-01
 32   78 1.20903e-01
 32   80 1.49301e-01
 32   82 1.15627e-01
 32   84 1.38714e-01
 32   86 1.23644e-01
 32   88 1.13697e-01
 32   90 1.08385e-01
 33    1 1.12727e-02
 33    3 5.04142e-02
 33    5 9.05776e-02
 33    7 1.36812e-01
 33    9 1.76385e-01
 33   11 1.82639e-01
 33   13 1.83765e-01
 33   15 2.02534e-01
 33   17 2.24813e-01
 33   19 2.56910e-01
 33   21 2.67066e-01
 33   23 3.79001e-01
 33   25 4.04001e-01
 33   27 4.74789e-01
 33   29 1.20668e+00
 33   31 3.63281e+00
 33   33 3.80834e+01
 33   35 3.61950e+00
 33   37 1.15755e+00
 33   39 4.12039e-01
 33   41 3.64291e-01
 33   43 3.39610e-01
 33   45 2.44765e-01
 33   47 2.36643e-01
 33   49 2.46473e-01
 33   51 1.90522e-01
 33   53 1.89076e-01
 33   55 1.91736e-01
 33   57 1.56065e-01
 33   59 1.39676e-01
 33   61 1.38471e-01
 33   63 1.43258e-01
 33   65 1.32095e-01
 33   67 1.41409e-01
 33   69 1.19236e-01
 33   71 1.49693e-01
 33   73 1.33363e-01
 33   75 1.54771e-01
 33   77 1.18879e-01
 33   79 1.08539e-01
 33   81 1.37817e-01
 33   83 1.26112e-01
 33   85 1.29003e-01
 33   87 1.37111e-01
 33   89 1.01461e-01
 33   91 1.18331e-01
 34    2 3.00721e-02
 34    4 6.85055e-02
 34    6 1.11660e-01
 34    8 1.56001e-01
 34   10 1.70994e-01
 34   12 1.83552e-01
 34   14 1.82262e-01
 34   16 1.93638e-01
 34   18 2.28503e-01
 34   20 2.49944e-01
 34   22 2.64910e-01
 34   24 3.66078e-01
 34   26 3.84350e-01
 34   28 4.53064e-01
 34   30 1.16521e+00
 34   32 3.51295e+00
 34   34 3.70044e+01
 34   36 3.46999e+00
 34   38 1.10362e+00
 34   40 3.99574e-01
 34   42 3.67396e-01
 34   44 3.36851e-01
 34   46 2.47065e-01
 34   48 2.40930e-01
 34   50 2.30436e-01
 34   52 1.82478e-01
 34   54 1.83841e-01
 34   56 1.74391e-01
 34   58 1.48078e-01
 34   60 1.45850e-01
 34   62 1.31058e-01
 34   64 1.52885e-01
 34   66 1.61400e-01
 34   68 1.38629e-01
 34   70 1.47522e-01
 34   72 1.26463e-01
 34   74 1.31774e-01
 34   76 1.10414e-01
 34   78 1.26082e-01
 34   80 1.40934e-01
 34   82 1.29396e-01
 34   84 1.23104e-01
 34   86 1.06543e-01
 34   88 8.99773e-02
 34   90 1.21629e-01
 35    1 9.20064e-03
 35    3 4.85227e-02
 35    5 9.10120e-02
 35    7 1.36449e-01
 35    9 1.64876e-01
 35   11 1.64068e-01
 35   13 1.74252e-01
 35   15 1.74832e-01
 35   17 1.90073e-01
 35   19 2.27425e-01
 35   21 2.44108e-01
 35   23 2.57567e-01
 35   25 3.50726e-01
 35   27 3.71751e-01
 35   29 4.22266e-01
 35   31 1.11230e+00
 35   33 3.41786e+00
 35   35 3.59503e+01
 35   37 3.35899e+00
 35   39 1.07654e+00
 35   41 3.84673e-01
 35   43 3.49081e-01
 35   45 3.29520e-01
 35   47 2.26943e-01
 35   49 2.23609e-01
 35   51 2.21470e-01
 35   53 1.88863e-01
 35   55 1.75730e-01
 35   57 1.61061e-01
 35   59 1.38885e-01
 35   61 1.30894e-01
 35   63 1.39019e-01
 35   65 1.49944e-01
 35   67 1.48635e-01
 35   69 1.33820e-01
 35   71 1.35018e-01
 35   73 1.28813e-01
 35   75 1.39439e-01
 35   77 1.15730e-01
 35   79 1.07749e-01
 35   81 1.42375e-01
 35   83 1.10744e-01
 35   85 1.21949e-01
 35   87 1.03612e-01
 35   89 9.58816e-02
 35   91 1.12462e-01
 36    2 2.74138e-02
 36    4 6.65753e-02
 36    6 1.08289e-01
 36    8 1.40330e-01
 36   10 1.53552e-01
 36   12 1.58850e-01
 36   14 1.76275e-01
 36   16 1.76905e-01
 36   18 1.88621e-01
 36   20 2.29455e-01
 36   22 2.40728e-01
 36   24 2.40790e-01
 36   26 3.40341e-01
 36   28 3.52816e-01
 36   30 4.10425e-01
 36   32 1.09239e+00
 36   34 3.28261e+00
 36   36 3.49557e+01
 36   38 3.25986e+00
 36   40 1.06324e+00
 36   42 3.81620e-01
 36   44 3.54814e-01
 36   46 3.25495e-01
 36   48 2.22750e-01
 36   50 2.27851e-01
 36   52 2.28098e-01
 36   54 1.78337e-01
 36   56 1.53078e-01
 36   58 1.63424e-01
 36   60 1.61630e-01
 36   62 1.38089e-01
 36   64 1.31723e-01
 36   66 1.38999e-01
 36   68 1.61026e-01
 36   70 1.35918e-01
 36   72 1.09162e-01
 36   74 1.15590e-01
 36   76 1.07507e-01
 36   78 1.14134e-01
 36   80 1.33721e-01
 36   82 1.00162e-01
 36   84 1.09417e-01
 36   86 1.12670e-01
 36   88 9.35615e-02
 36   90 1.10282e-01
 37    1 8.92267e-03
 37    3 4.29088e-02
 37    5 8.40375e-02
 37    7 1.16583e-01
 37    9 1.57771e-01
 37   11 1.48803e-01
 37   13 1.53847e-01
 37   15 1.65224e-01
 37   17 1.75831e-01
 37   19 1.86187e-01
 37   21 2.22375e-01
 37   23 2.37383e-01
 37   25 2.38590e-01
 37   27 3.15271e-01
 37   29 3.45408e-01
 37   31 3.99605e-01
 37   33 1.03580e+00
 37   35 3.18303e+00
 37   37 3.40123e+01
 37   39 3.17557e+00
 37   41 1.03527e+00
 37   43 3.67323e-01
 37   45 3.27197e-01
 37   47 3.19965e-01
 37   49 2.19065e-01
 37   51 2.29189e-01
 37   53 2.15660e-01
 37   55 1.69028e-01
 37   57 1.51342e-01
 37   59 1.49304e-01
 37   61 1.52275e-01
 37   63 1.30602e-01
 37   65 1.27371e-01
 37   67 1.38614e-01
 37   69 1.34736e-01
 37   71 1.36380e-01
 37   73 1.20296e-01
 37   75 1.16622e-01
 37   77 1.01909e-01
 37   79 1.22209e-01
 37   81 1.29937e-01
 37   83 9.67672e-02
 37   85 9.87822e-02
 37   87 1.06018e-01
 37   89 8.70029e-02
 37   91 9.86987e-02
 38    2 2.31088e-02
 38    4 5.58675e-02
 38    6 8.76625e-02
 38    8 1.31404e-01
 38   10 1.53296e-01
 38   12 1.46778e-01
 38   14 1.50582e-01
 38   16 1.72363e-01
 38   18 1.71711e-01
 38   20 1.87412e-01
 38   22 2.31441e-01
 38   24 2.35214e-01
 38   26 2.26722e-01
 38   28 3.06329e-01
 38   30 3.33382e-01
 38   32 3.72675e-01
 38   34 9.90938e-01
 38   36 3.09411e+00
 38   38 3.31760e+01
 38   40 3.08043e+00
 38   42 1.00375e+00
 38   44 3.56002e-01
 38   46 3.25664e-01
 38   48 3.26289e-01
 38   50 2.26075e-01
 38   52 2.26538e-01
 38   54 2.14645e-01
 38   56 1.73882e-01
 38   58 1.48393e-01
 38   60 1.64021e-01
 38   62 1.32818e-01
 38   64 1.37631e-01
 38   66 1.29159e-01
 38   68 1.34298e-01
 38   70 1.14106e-01
 38   72 1.20041e-01
 38   74 1.02957e-01
 38   76 1.06053e-01
 38   78 1.12949e-01
 38   80 1.24392e-01
 38   82 8.64387e-02
 38   84 1.02991e-01
 38   86 1.07297e-01
 38   88 9.51372e-02
 38   90 9.96903e-02
 39    1 7.49779e-03
 39    3 3.76450e-02
 39    5 6.68486e-02
 39    7 1.00700e-01
 39    9 1.43909e-01
 39   11 1.49308e-01
 39   13 1.46152e-01
 39   15 1.43291e-01
 39   17 1.54124e-01
 39   19 1.75462e-01
 39   21 1.80928e-01
 39   23 2.19064e-01
 39   25 2.24598e-01
 39   27 2.23581e-01
 39   29 2.89730e-01
 39   31 3.32396e-01
 39   33 3.50495e-01
 39   35 9.69769e-01
 39   37 3.01874e+00
 39   39 3.23456e+01
 39   41 2.99929e+00
 39   43 9.57220e-01
 39   45 3.39672e-01
 39   47 3.20535e-01
 39   49 3.04972e-01
 39   51 2.11645e-01
 39   53 2.22970e-01
 39   55 2.12108e-01
 39   57 1.64521e-01
 39   59 1.55430e-01
 39   61 1.63145e-01
 39   63 1.31842e-01
 39   65 1.26280e-01
 39   67 1.44468e-01
 39   69 1.27797e-01
 39   71 1.14173e-01
 39   73 1.12685e-01
 39   75 1.02705e-01
 39   77 1.00625e-01
 39   79 9.36568e-02
 39   81 1.07407e-01
 39   83 1.01381e-01
 39   85 1.03321e-01
 39   87 9.43523e-02
 39   89 9.80254e-02
 39   91 8.67219e-02
 40    2 2.21461e-02
 40    4 5.09684e-02
 40    6 8.04779e-02
 40    8 1.12186e-01
 40   10 1.51001e-01
 40   12 1.45127e-01
 40   14 1.45322e-01
 40   16 1.49127e-01
 40   18 1.65976e-01
 40   20 1.68828e-01
 40   22 1.96920e-01
 40   24 2.09404e-01
 40   26 2.12966e-01
 40   28 2.03345e-01
 40   30 2.82221e-01
 40   32 3.08383e-01
 40   34 3.41556e-01
 40   36 9.60744e-01
 40   38 2.93258e+00
 40   40 3.15617e+01
 40   42 2.90470e+00
 40   44 9.31464e-01
 40   46 3.36124e-01
 40   48 3.07398e-01
 40   50 3.01734e-01
 40   52 2.13646e-01
 40   54 2.22184e-01
 40   56 2.01707e-01
 40   58 1.70618e-01
 40   60 1.44280e-01
 40   62 1.45241e-01
 40   64 1.48438e-01
 40   66 1.28156e-01
 40   68 1.15567e-01
 40   70 1.08935e-01
 40   72 1.23001e-01
 40   74 1.03965e-01
 40   76 1.02718e-01
 40   78 8.81186e-02
 40   80 1.02292e-01
 40   82 9.89837e-02
 40   84 1.10283e-01
 40   86 8.34181e-02
 40   88 8.17701e-02
 40   90 1.15662e-01
 41    1 7.24225e-03
 41    3 3.72549e-02
 41    5 6.47418e-02
 41    7 9.55623e-02
 41    9 1.27857e-01
 41   11 1.33410e-01
 41   13 1.35960e-01
 41   15 1.49554e-01
 41   17 1.50001e-01
 41   19 1.56411e-01
 41   21 1.56562e-01
 41   23 1.64653e-01
 41   25 2.05224e-01
 41   27 2.03922e-01
 41   29 2.03313e-01
 41   31 2.77696e-01
 41   33 2.95417e-01
 41   35 3.30348e-01
 41   37 9.38214e-01
 41   39 2.85931e+00
 41   41 3.07932e+01
 41   43 2.82246e+00
 41   45 9.05752e-01
 41   47 3.28546e-01
 41   49 3.01262e-01
 41   51 2.86888e-01
 41   53 2.03488e-01
 41   55 2.06512e-01
 41   57 2.02578e-01
 41   59 1.58181e-01
 41   61 1.47676e-01
 41   63 1.40096e-01
 41   65 1.43584e-01
 41   67 1.22499e-01
 41   69 1.35850e-01
 41   71 1.07480e-01
 41   73 1.03901e-01
 41   75 9.28295e-02
 41   77 9.35415e-02
 41   79 8.67540e-02
 41   81 1.00362e-01
 41   83 8.41931e-02
 41   85 1.17869e-01
 41   87 7.66821e-02
 41   89 9.49720e-02
 41   91 1.08445e-01
 42    2 2.00001e-02
 42    4 5.08886e-02
 42    6 7.91933e-02
 42    8 1.11475e-01
 42   10 1.33904e-01
 42   12 1.34951e-01
 42   14 1.36625e-01
 42   16 1.43629e-01
 42   18 1.49023e-01
 42   20 1.59566e-01
 42   22 1.51130e-01
 42   24 1.64874e-01
 42   26 1.92384e-01
 42   28 1.92561e-01
 42   30 1.85462e-01
 42   32 2.76792e-01
 42   34 2.99792e-01
 42   36 3.29174e-01
 42   38 9.12187e-01
 42   40 2.77282e+00
 42   42 3.01130e+01
 42   44 2.75354e+00
 42   46 8.83506e-01
 42   48 3.11717e-01
 42   50 3.04684e-01
 42   52 2.85343e-01
 42   54 1.94488e-01
 42   56 2.06654e-01
 42   58 1.96603e-01
 42   60 1.68358e-01
 42   62 1.47450e-01
 42   64 1.42125e-01
 42   66 1.18832e-01
 42   68 1.15619e-01
 42   70 1.07345e-01
 42   72 1.15440e-01
 42   74 9.57594e-02
 42   76 9.13991e-02
 42   78 8.66536e-02
 42   80 1.07172e-01
 42   82 8.89615e-02
 42   84 9.18034e-02
 42   86 1.01038e-01
 42   88 8.23226e-02
 42   90 9.56964e-02
 43    1 7.23454e-03
 43    3 3.48840e-02
 43    5 6.70951e-02
 43    7 9.39982e-02
 43    9 1.22557e-01
 43   11 1.33638e-01
 43   13 1.38468e-01
 43   15 1.37088e-01
 43   17 1.30575e-01
 43   19 1.40069e-01
 43   21 1.50121e-01
 43   23 1.39869e-01
 43   25 1.55168e-01
 43   27 1.91665e-01
 43   29 1.80620e-01
 43   31 1.80033e-01
 43   33 2.63231e-01
 43   35 2.86535e-01
 43   37 3.18175e-01
 43   39 8.72220e-01
 43   41 2.69773e+00
 43   43 2.94224e+01
 43   45 2.69280e+00
 43   47 8.50764e-01
 43   49 3.04160e-01
 43   51 2.88405e-01
 43   53 2.78248e-01
 43   55 1.98586e-01
 43   57 1.88738e-01
 43   59 1.96093e-01
 43   61 1.67657e-01
 43   63 1.40265e-01
 43   65 1.34884e-01
 43   67 1.08554e-01
 43   69 1.10456e-01
 43   71 9.98752e-02
 43   73 1.17793e-01
 43   75 1.00354e-01
 43   77 9.35133e-02
 43   79 7.86135e-02
 43   81 1.09555e-01
 43   83 9.13281e-02
 43   85 8.80492e-02
 43   87 9.96839e-02
 43   89 8.23163e-02
 43   91 9.15333e-02
 44    2 1.80134e-02
 44    4 4.43756e-02
 44    6 7.70319e-02
 44    8 1.04941e-01
 44   10 1.23740e-01
 44   12 1.36568e-01
 44   14 1.32422e-01
 44   16 1.24662e-01
 44   18 1.28646e-01
 44   20 1.37438e-01
 44   22 1.42768e-01
 44   24 1.34972e-01
 44   26 1.50781e-01
 44   28 1.82113e-01
 44   30 1.89480e-01
 44   32 1.83034e-01
 44   34 2.63039e-01
 44   36 2.92882e-01
 44   38 3.09605e-01
 44   40 8.50908e-01
 44   42 2.63504e+00
 44   44 2.88110e+01
 44   46 2.59749e+00
 44   48 8.18153e-01
 44   50 2.92783e-01
 44   52 2.86065e-01
 44   54 2.80300e-01
 44   56 1.92250e-01
 44   58 1.95689e-01
 44   60 1.96049e-01
 44   62 1.52520e-01
 44   64 1.28045e-01
 44   66 1.22317e-01
 44   68 1.25818e-01
 44   70 1.00471e-01
 44   72 1.15446e-01
 44   74 1.01421e-01
 44   76 8.75821e-02
 44   78 1.02174e-01
 44   80 1.16852e-01
 44   82 9.59982e-02
 44   84 8.05744e-02
 44   86 1.02535e-01
 44   88 8.85858e-02
 44   90 7.66637e-02
 45    1 6.53986e-03
 45    3 3.19495e-02
 45    5 5.68179e-02
 45    7 8.30473e-02
 45    9 1.15252e-01
 45   11 1.18281e-01
 45   13 1.31024e-01
 45   15 1.32052e-01
 45   17 1.30423e-01
 45   19 1.18351e-01
 45   21 1.24355e-01
 45   23 1.41262e-01
 45   25 1.37524e-01
 45   27 1.39466e-01
 45   29 1.83379e-01
 45   31 1.80799e-01
 45   33 1.81763e-01
 45   35 2.59139e-01
 45   37 2.71536e-01
 45   39 2.96534e-01
 45   41 8.29430e-01
 45   43 2.57991e+00
 45   45 2.81671e+01
 45   47 2.52488e+00
 45   49 7.94539e-01
 45   51 2.88950e-01
 45   53 2.77837e-01
 45   55 2.76421e-01
 45   57 1.88875e-01
 45   59 1.87446e-01
 45   61 1.86570e-01
 45   63 1.50655e-01
 45   65 1.19532e-01
 45   67 1.17772e-01
 45   69 1.18235e-01
 45   71 1.01841e-01
 45   73 1.06725e-01
 45   75 9.65548e-02
 45   77 1.03467e-01
 45   79 1.00466e-01
 45   81 1.07986e-01
 45   83 8.65619e-02
 45   85 7.88057e-02
 45   87 1.05165e-01
 45   89 8.61038e-02
 45   91 7.64138e-02
 46    2 2.05938e-02
 46    4 4.32576e-02
 46    6 6.94584e-02
 46    8 9.65340e-02
 46   10 1.18665e-01
 46   12 1.19173e-01
 46   14 1.26771e-01
 46   16 1.23400e-01
 46   18 1.20420e-01
 46   20 1.16664e-01
 46   22 1.23511e-01
 46   24 1.39545e-01
 46   26 1.24572e-01
 46   28 1.55369e-01
 46   30 1.76184e-01
 46   32 1.83596e-01
 46   34 1.85045e-01
 46   36 2.57703e-01
 46   38 2.71649e-01
 46   40 2.94510e-01
 46   42 8.10941e-01
 46   44 2.49136e+00
 46   46 2.75728e+01
 46   48 2.46294e+00
 46   50 7.82276e-01
 46   52 2.91787e-01
 46   54 2.75323e-01
 46   56 2.70077e-01
 46   58 1.92220e-01
 46   60 1.79162e-01
 46   62 1.73227e-01
 46   64 1.38760e-01
 46   66 1.27059e-01
 46   68 1.26203e-01
 46   70 1.04178e-01
 46   72 1.00193e-01
 46   74 8.85377e-02
 46   76 1.06492e-01
 46   78 9.46465e-02
 46   80 9.91124e-02
 46   82 9.46696e-02
 46   84 1.04295e-01
 46   86 8.00420e-02
 46   88 8.56317e-02
 46   90 9.47141e-02
 47    1 6.62987e-03
 47    3 3.23424e-02
 47    5 5.52796e-02
 47    7 8.21092e-02
 47    9 1.06833e-01
 47   11 1.16999e-01
 47   13 1.15405e-01
 47   15 1.21825e-01
 47   17 1.16584e-01
 47   19 1.11433e-01
 47   21 1.16068e-01
 47   23 1.17839e-01
 47   25 1.19450e-01
 47   27 1.32488e-01
 47   29 1.42129e-01
 47   31 1.68706e-01
 47   33 1.68732e-01
 47   35 1.71362e-01
 47   37 2.54957e-01
 47   39 2.68680e-01
 47   41 2.88877e-01
 47   43 7.82629e-01
 47   45 2.42430e+00
 47   47 2.70229e+01
 47   49 2.40541e+00
 47   51 7.68395e-01
 47   53 2.81096e-01
 47   55 2.60347e-01
 47   57 2.66399e-01
 47   59 1.99519e-01
 47   61 1.72809e-01
 47   63 1.65975e-01
 47   65 1.34111e-01
 47   67 1.30201e-01
 47   69 1.20469e-01
 47   71 1.08471e-01
 47   73 1.01002e-01
 47   75 1.00209e-01
 47   77 8.61283e-02
 47   79 9.65645e-02
 47   81 9.42437e-02
 47   83 9.35071e-02
 47   85 9.71027e-02
 47   87 8.02966e-02
 47   89 7.80271e-02
 47   91 9.41873e-02
 48    2 2.04725e-02
 48    4 4.84166e-02
 48    6 7.69126e-02
 48    8 1.04518e-01
 48   10 1.19818e-01
 48   12 1.14252e-01
 48   14 1.15257e-01
 48   16 1.10755e-01
 48   18 1.00814e-01
 48   20 1.04970e-01
 48   22 1.01118e-01
 48   24 1.05973e-01
 48   26 1.22765e-01
 48   28 1.26460e-01
 48   30 1.45610e-01
 48   32 1.62517e-01
 48   34 1.73439e-01
 48   36 1.69505e-01
 48   38 2.61597e-01
 48   40 2.58876e-01
 48   42 2.74999e-01
 48   44 7.54238e-01
 48   46 2.36725e+00
 48   48 2.65042e+01
 48   50 2.36176e+00
 48   52 7.59874e-01
 48   54 2.65412e-01
 48   56 2.59031e-01
 48   58 2.48040e-01
 48   60 1.81859e-01
 48   62 1.63981e-01
 48   64 1.68199e-01
 48   66 1.36562e-01
 48   68 1.26751e-01
 48   70 1.05793e-01
 48   72 1.00861e-01
 48   74 9.16270e-02
 48   76 1.02138e-01
 48   78 9.07783e-02
 48   80 9.58213e-02
 48   82 8.20296e-02
 48   84 9.51932e-02
 48   86 9.64276e-02
 48   88 7.53831e-02
 48   90 1.15039e-01
 49    1 5.78965e-03
 49    3 3.06382e-02
 49    5 5.67089e-02
 49    7 8.30215e-02
 49    9 1.21231e-01
 49   11 1.20242e-01
 49   13 1.11466e-01
 49   15 9.95944e-02
 49   17 1.02821e-01
 49   19 9.94362e-02
 49   21 9.96690e-02
 49   23 9.48356e-02
 49   25 9.89386e-02
 49   27 1.11579e-01
 49   29 1.23155e-01
 49   31 1.40283e-01
 49   33 1.69080e-01
 49   35 1.62444e-01
 49   37 1.67941e-01
 49   39 2.45946e-01
 49   41 2.54847e-01
 49   43 2.69195e-01
 49   45 7.33973e-01
 49   47 2.31424e+00
 49   49 2.59990e+01
 49   51 2.29973e+00
 49   53 7.38807e-01
 49   55 2.59366e-01
 49   57 2.46922e-01
 49   59 2.44530e-01
 49   61 1.82100e-01
 49   63 1.62607e-01
 49   65 1.62728e-01
 49   67 1.36865e-01
 49   69 1.18754e-01
 49   71 9.96740e-02
 49   73 1.02822e-01
 49   75 9.06131e-02
 49   77 1.01961e-01
 49   79 8.71459e-02
 49   81 9.73260e-02
 49   83 9.00742e-02
 49   85 9.11287e-02
 49   87 9.06380e-02
 49   89 8.35410e-02
 49   91 8.59640e-02
 50    2 2.08522e-02
 50    4 4.83340e-02
 50    6 7.20279e-02
 50    8 9.69495e-02
 50   10 1.16476e-01
 50   12 1.15841e-01
 50   14 1.06948e-01
 50   16 9.83845e-02
 50   18 9.71605e-02
 50   20 8.98704e-02
 50   22 8.95178e-02
 50   24 9.11154e-02
 50   26 1.02259e-01
 50   28 1.14305e-01
 50   30 1.18318e-01
 50   32 1.43333e-01
 50   34 1.59748e-01
 50   36 1.66973e-01
 50   38 1.74547e-01
 50   40 2.44706e-01
 50   42 2.58852e-01
 50   44 2.59926e-01
 50   46 7.24071e-01
 50   48 2.27440e+00
 50   50 2.55339e+01
 50   52 2.23872e+00
 50   54 7.23463e-01
 50   56 2.53743e-01
 50   58 2.46489e-01
 50   60 2.34261e-01
 50   62 1.78130e-01
 50   64 1.58630e-01
 50   66 1.60395e-01
 50   68 1.26049e-01
 50   70 1.04236e-01
 50   72 1.14340e-01
 50   74 9.69272e-02
 50   76 8.54577e-02
 50   78 8.79532e-02
 50   80 1.00537e-01
 50   82 8.21113e-02
 50   84 6.82535e-02
 50   86 1.01486e-01
 50   88 9.05442e-02
 50   90 8.53714e-02
 51    1 7.26455e-03
 51    3 3.28431e-02
 51    5 6.10321e-02
 51    7 8.50255e-02
 51    9 1.05503e-01
 51   11 1.11122e-01
 51   13 1.09244e-01
 51   15 9.89982e-02
 51   17 9.28406e-02
 51   19 9.11061e-02
 51   21 8.17739e-02
 51   23 8.29442e-02
 51   25 9.36950e-02
 51   27 9.83760e-02
 51   29 1.10402e-01
 51   31 1.18071e-01
 51   33 1.25978e-01
 51   35 1.55080e-01
 51   37 1.69357e-01
 51   39 1.64518e-01
 51   41 2.33924e-01
 51   43 2.46034e-01
 51   45 2.57285e-01
 51   47 7.12574e-01
 51   49 2.21668e+00
 51   51 2.50509e+01
 51   53 2.18158e+00
 51   55 6.97653e-01
 51   57 2.51425e-01
 51   59 2.37313e-01
 51   61 2.38761e-01
 51   63 1.69148e-01
 51   65 1.50227e-01
 51   67 1.54359e-01
 51   69 1.32726e-01
 51   71 9.99085e-02
 51   73 9.15877e-02
 51   75 8.80895e-02
 51   77 8.92858e-02
 51   79 8.71750e-02
 51   81 9.95457e-02
 51   83 7.79271e-02
 51   85 8.32967e-02
 51   87 1.02918e-01
 51   89 9.12282e-02
 51   91 9.38862e-02
 52    2 1.76543e-02
 52    4 4.60145e-02
 52    6 6.84265e-02
 52    8 9.46924e-02
 52   10 1.10766e-01
 52   12 1.07879e-01
 52   14 1.02508e-01
 52   16 8.77796e-02
 52   18 8.82760e-02
 52   20 8.48119e-02
 52   22 8.65214e-02
 52   24 9.63695e-02
 52   26 9.18175e-02
 52   28 1.09413e-01
 52   30 1.22270e-01
 52   32 1.17748e-01
 52   34 1.22041e-01
 52   36 1.61260e-01
 52   38 1.68737e-01
 52   40 1.67157e-01
 52   42 2.33872e-01
 52   44 2.45007e-01
 52   46 2.60553e-01
 52   48 7.05962e-01
 52   50 2.15978e+00
 52   52 2.46010e+01
 52   54 2.12962e+00
 52   56 6.93122e-01
 52   58 2.42498e-01
 52   60 2.33553e-01
 52   62 2.29022e-01
 52   64 1.64406e-01
 52   66 1.45702e-01
 52   68 1.46012e-01
 52   70 1.19011e-01
 52   72 1.10884e-01
 52   74 9.52743e-02
 52   76 8.47453e-02
 52   78 8.90022e-02
 52   80 9.15116e-02
 52   82 8.74304e-02
 52   84 8.49707e-02
 52   86 7.31856e-02
 52   88 8.77338e-02
 52   90 8.73285e-02
 53    1 5.56118e-03
 53    3 2.83044e-02
 53    5 5.59302e-02
 53    7 8.17211e-02
 53    9 1.07989e-01
 53   11 1.02070e-01
 53   13 9.72440e-02
 53   15 9.18988e-02
 53   17 8.22566e-02
 53   19 7.44345e-02
 53   21 8.03282e-02
 53   23 9.23108e-02
 53   25 9.17957e-02
 53   27 9.27537e-02
 53   29 1.00511e-01
 53   31 1.15698e-01
 53   33 1.20715e-01
 53   35 1.27693e-01
 53   37 1.53871e-01
 53   39 1.67352e-01
 53   41 1.60207e-01
 53   43 2.29194e-01
 53   45 2.38869e-01
 53   47 2.51698e-01
 53   49 6.87601e-01
 53   51 2.10644e+00
 53   53 2.41716e+01
 53   55 2.07884e+00
 53   57 6.71231e-01
 53   59 2.35083e-01
 53   61 2.32206e-01
 53   63 2.30346e-01
 53   65 1.54561e-01
 53   67 1.34680e-01
 53   69 1.41553e-01
 53   71 1.07630e-01
 53   73 1.18924e-01
 53   75 9.57701e-02
 53   77 9.37163e-02
 53   79 8.67094e-02
 53   81 1.02295e-01
 53   83 8.22948e-02
 53   85 7.59345e-02
 53   87 7.44380e-02
 53   89 9.23318e-02
 53   91 7.27201e-02
 54    2 2.01428e-02
 54    4 4.22945e-02
 54    6 7.35916e-02
 54    8 9.54035e-02
 54   10 1.04742e-01
 54   12 1.03122e-01
 54   14 9.80910e-02
 54   16 8.91117e-02
 54   18 8.81632e-02
 54   20 7.76172e-02
 54   22 7.89411e-02
 54   24 9.55329e-02
 54   26 8.80977e-02
 54   28 8.94530e-02
 54   30 1.02124e-01
 54   32 1.10384e-01
 54   34 1.18816e-01
 54   36 1.21838e-01
 54   38 1.54499e-01
 54   40 1.67988e-01
 54   42 1.54041e-01
 54   44 2.31991e-01
 54   46 2.37579e-01
 54   48 2.38284e-01
 54   50 6.74467e-01
 54   52 2.05796e+00
 54   54 2.37508e+01
 54   56 2.03725e+00
 54   58 6.62029e-01
 54   60 2.32960e-01
 54   62 2.20532e-01
 54   64 2.17796e-01
 54   66 1.49765e-01
 54   68 1.30872e-01
 54   70 1.26800e-01
 54   72 1.23505e-01
 54   74 1.11760e-01
 54   76 1.06379e-01
 54   78 9.01384e-02
 54   80 8.73117e-02
 54   82 7.96790e-02
 54   84 8.61135e-02
 54   86 7.59977e-02
 54   88 7.44872e-02
 54   90 7.39087e-02
 55    1 6.87772e-03
 55    3 3.48704e-02
 55    5 5.69715e-02
 55    7 8.05083e-02
 55    9 1.03214e-01
 55   11 1.04816e-01
 55   13 1.01043e-01
 55   15 8.62841e-02
 55   17 8.03435e-02
 55   19 8.32256e-02
 55   21 8.25986e-02
 55   23 7.95941e-02
 55   25 8.41901e-02
 55   27 8.37210e-02
 55   29 8.92092e-02
 55   31 9.64295e-02
 55   33 1.18389e-01
 55   35 1.14907e-01
 55   37 1.16634e-01
 55   39 1.53965e-01
 55   41 1.57241e-01
 55   43 1.58197e-01
 55   45 2.29838e-01
 55   47 2.25453e-01
 55   49 2.33452e-01
 55   51 6.51474e-01
 55   53 2.01049e+00
 55   55 2.33681e+01
 55   57 1.98571e+00
 55   59 6.37115e-01
 55   61 2.23373e-01
 55   63 2.14281e-01
 55   65 2.08744e-01
 55   67 1.46003e-01
 55   69 1.26260e-01
 55   71 1.31205e-01
 55   73 1.14146e-01
 55   75 1.06192e-01
 55   77 1.07874e-01
 55   79 9.54050e-02
 55   81 8.10666e-02
 55   83 8.34596e-02
 55   85 8.32631e-02
 55   87 7.66066e-02
 55   89 6.85118e-02
 55   91 7.74751e-02
 56    2 2.14294e-02
 56    4 4.55827e-02
 56    6 7.30390e-02
 56    8 9.52355e-02
 56   10 1.06061e-01
 56   12 1.05332e-01
 56   14 9.34515e-02
 56   16 8.10146e-02
 56   18 7.68165e-02
 56   20 7.93099e-02
 56   22 7.75986e-02
 56   24 8.18036e-02
 56   26 8.37345e-02
 56   28 8.94318e-02
 56   30 9.58875e-02
 56   32 9.57604e-02
 56   34 1.09086e-01
 56   36 1.01220e-01
 56   38 1.21136e-01
 56   40 1.47605e-01
 56   42 1.58417e-01
 56   44 1.54002e-01
 56   46 2.25562e-01
 56   48 2.25082e-01
 56   50 2.28956e-01
 56   52 6.48273e-01
 56   54 1.97178e+00
 56   56 2.29829e+01
 56   58 1.94105e+00
 56   60 6.21854e-01
 56   62 2.17337e-01
 56   64 2.10668e-01
 56   66 2.08083e-01
 56   68 1.45046e-01
 56   70 1.15879e-01
 56   72 1.33726e-01
 56   74 1.13666e-01
 56   76 1.03422e-01
 56   78 9.32406e-02
 56   80 9.04406e-02
 56   82 7.81712e-02
 56   84 7.28041e-02
 56   86 7.94222e-02
 56   88 7.90118e-02
 56   90 7.18506e-02
 57    1 6.64050e-03
 57    3 3.02935e-02
 57    5 5.79025e-02
 57    7 8.18965e-02
 57    9 1.00454e-01
 57   11 1.01690e-01
 57   13 9.15757e-02
 57   15 7.74336e-02
 57   17 8.47186e-02
 57   19 7.96001e-02
 57   21 7.24773e-02
 57   23 8.05101e-02
 57   25 7.42723e-02
 57   27 8.83411e-02
 57   29 9.03738e-02
 57   31 9.66971e-02
 57   33 9.33359e-02
 57   35 1.02007e-01
 57   37 1.01150e-01
 57   39 1.15671e-01
 57   41 1.49399e-01
 57   43 1.45628e-01
 57   45 1.52111e-01
 57   47 2.23446e-01
 57   49 2.15269e-01
 57   51 2.27407e-01
 57   53 6.28765e-01
 57   55 1.92332e+00
 57   57 2.26196e+01
 57   59 1.90071e+00
 57   61 6.11958e-01
 57   63 2.15168e-01
 57   65 2.05513e-01
 57   67 2.07559e-01
 57   69 1.45364e-01
 57   71 1.18803e-01
 57   73 1.28287e-01
 57   75 1.09696e-01
 57   77 1.00670e-01
 57   79 9.23452e-02
 57   81 7.95881e-02
 57   83 7.09494e-02
 57   85 6.93523e-02
 57   87 7.88359e-02
 57   89 7.59320e-02
 57   91 7.48055e-02
 58    2 1.79441e-02
 58    4 4.29857e-02
 58    6 6.48328e-02
 58    8 8.51554e-02
 58   10 1.02635e-01
 58   12 9.37379e-02
 58   14 8.49243e-02
 58   16 7.77023e-02
 58   18 7.32454e-02
 58   20 7.87197e-02
 58   22 7.73544e-02
 58   24 7.84241e-02
 58   26 8.57648e-02
 58   28 9.53103e-02
 58   30 8.14311e-02
 58   32 8.49610e-02
 58   34 8.97810e-02
 58   36 1.04742e-01
 58   38 1.00203e-01
 58   40 1.21019e-01
 58   42 1.46082e-01
 58   44 1.51942e-01
 58   46 1.55607e-01
 58   48 2.08910e-01
 58   50 2.15578e-01
 58   52 2.19839e-01
 58   54 6.21069e-01
 58   56 1.88142e+00
 58   58 2.22252e+01
 58   60 1.85433e+00
 58   62 5.92535e-01
 58   64 2.08229e-01
 58   66 1.96345e-01
 58   68 1.96216e-01
 58   70 1.38418e-01
 58   72 1.33921e-01
 58   74 1.28106e-01
 58   76 1.09359e-01
 58   78 9.55656e-02
 58   80 8.51793e-02
 58   82 7.75815e-02
 58   84 7.12057e-02
 58   86 8.27632e-02
 58   88 8.49702e-02
 58   90 9.39222e-02
 59    1 5.81429e-03
 59    3 2.99843e-02
 59    5 5.12819e-02
 59    7 7.17755e-02
 59    9 9.65686e-02
 59   11 1.00854e-01
 59   13 9.26974e-02
 59   15 7.40418e-02
 59   17 6.92893e-02
 59   19 7.72869e-02
 59   21 7.49180e-02
 59   23 7.16915e-02
 59   25 6.62129e-02
 59   27 8.21459e-02
 59   29 8.92326e-02
 59   31 8.34174e-02
 59   33 8.10248e-02
 59   35 8.53191e-02
 59   37 9.67895e-02
 59   39 1.05996e-01
 59   41 1.13153e-01
 59   43 1.46758e-01
 59   45 1.46425e-01
 59   47 1.62322e-01
 59   49 2.06779e-01
 59   51 2.08194e-01
 59   53 2.13594e-01
 59   55 5.98559e-01
 59   57 1.84362e+00
 59   59 2.18829e+01
 59   61 1.81725e+00
 59   63 5.85370e-01
 59   65 2.09258e-01
 59   67 1.90280e-01
 59   69 1.93904e-01
 59   71 1.33597e-01
 59   73 1.33989e-01
 59   75 1.20680e-01
 59   77 1.04347e-01
 59   79 9.78191e-02
 59   81 9.41212e-02
 59   83 7.89417e-02
 59   85 6.89648e-02
 59   87 7.52917e-02
 59   89 9.51007e-02
 59   91 6.99739e-02
 60    2 1.53817e-02
 60    4 3.76389e-02
 60    6 5.75492e-02
 60    8 7.31559e-02
 60   10 8.39891e-02
 60   12 8.37793e-02
 60   14 7.75129e-02
 60   16 7.75661e-02
 60   18 7.63839e-02
 60   20 8.46265e-02
 60   22 8.17958e-02
 60   24 7.37447e-02
 60   26 7.77951e-02
 60   28 8.26100e-02
 60   30 9.16069e-02
 60   32 8.46677e-02
 60   34 8.58319e-02
 60   36 1.00548e-01
 60   38 1.07501e-01
 60   40 9.93304e-02
 60   42 1.21420e-01
 60   44 1.47749e-01
 60   46 1.40773e-01
 60   48 1.48669e-01
 60   50 1.98863e-01
 60   52 2.05509e-01
 60   54 2.12125e-01
 60   56 5.85040e-01
 60   58 1.79984e+00
 60   60 2.15654e+01
 60   62 1.77211e+00
 60   64 5.69720e-01
 60   66 2.00649e-01
 60   68 1.79808e-01
 60   70 1.92318e-01
 60   72 1.40120e-01
 60   74 1.23607e-01
 60   76 1.32036e-01
 60   78 1.08699e-01
 60   80 8.05774e-02
 60   82 8.90635e-02
 60   84 8.17842e-02
 60   86 7.56815e-02
 60   88 8.55826e-02
 60   90 8.58748e-02
 61    1 5.14162e-03
 61    3 2.47483e-02
 61    5 4.54358e-02
 61    7 6.50952e-02
 61    9 8.14230e-02
 61   11 8.12370e-02
 61   13 7.71346e-02
 61   15 7.01640e-02
 61   17 7.11583e-02
 61   19 7.36703e-02
 61   21 7.29483e-02
 61   23 6.96234e-02
 61   25 7.22208e-02
 61   27 7.10635e-02
 61   29 7.62995e-02
 61   31 8.52957e-02
 61   33 7.80171e-02
 61   35 7.80989e-02
 61   37 9.58786e-02
 61   39 1.08059e-01
 61   41 1.02601e-01
 61   43 1.21870e-01
 61   45 1.41552e-01
 61   47 1.36551e-01
 61   49 1.49561e-01
 61   51 2.03444e-01
 61   53 2.04916e-01
 61   55 2.03823e-01
 61   57 5.76513e-01
 61   59 1.76501e+00
 61   61 2.12241e+01
 61   63 1.73973e+00
 61   65 5.59816e-01
 61   67 2.00430e-01
 61   69 1.83727e-01
 61   71 1.90143e-01
 61   73 1.38104e-01
 61   75 1.24135e-01
 61   77 1.28321e-01
 61   79 1.02723e-01
 61   81 7.64700e-02
 61   83 7.61531e-02
 61   85 8.65848e-02
 61   87 6.98531e-02
 61   89 8.82577e-02
 61   91 8.67396e-02
 62    2 1.54991e-02
 62    4 3.37841e-02
 62    6 5.23786e-02
 62    8 7.05945e-02
 62   10 8.66324e-02
 62   12 8.60267e-02
 62   14 8.28105e-02
 62   16 7.18720e-02
 62   18 6.96613e-02
 62   20 7.14238e-02
 62   22 7.22549e-02
 62   24 8.88738e-02
 62   26 8.46104e-02
 62   28 7.36560e-02
 62   30 8.11130e-02
 62   32 7.41950e-02
 62   34 7.49578e-02
 62   36 8.34878e-02
 62   38 8.46028e-02
 62   40 9.71799e-02
 62   42 1.03351e-01
 62   44 1.11712e-01
 62   46 1.32283e-01
 62   48 1.30284e-01
 62   50 1.46962e-01
 62   52 1.95855e-01
 62   54 1.95162e-01
 62   56 1.98721e-01
 62   58 5.58951e-01
 62   60 1.72227e+00
 62   62 2.09379e+01
 62   64 1.69652e+00
 62   66 5.56106e-01
 62   68 1.96887e-01
 62   70 1.85256e-01
 62   72 1.99441e-01
 62   74 1.50501e-01
 62   76 1.24941e-01
 62   78 1.17733e-01
 62   80 9.31324e-02
 62   82 8.31000e-02
 62   84 7.72055e-02
 62   86 7.54314e-02
 62   88 8.99172e-02
 62   90 8.24733e-02
 63    1 4.40921e-03
 63    3 2.23631e-02
 63    5 4.15975e-02
 63    7 6.07445e-02
 63    9 7.92952e-02
 63   11 8.01616e-02
 63   13 7.82901e-02
 63   15 7.46628e-02
 63   17 7.05673e-02
 63   19 7.09685e-02
 63   21 7.19465e-02
 63   23 7.59598e-02
 63   25 8.73550e-02
 63   27 7.57677e-02
 63   29 7.23477e-02
 63   31 7.82673e-02
 63   33 7.84931e-02
 63   35 8.06646e-02
 63   37 7.99693e-02
 63   39 8.49231e-02
 63   41 9.46567e-02
 63   43 9.91529e-02
 63   45 1.11158e-01
 63   47 1.27542e-01
 63   49 1.29876e-01
 63   51 1.40163e-01
 63   53 1.97682e-01
 63   55 1.90147e-01
 63   57 1.97128e-01
 63   59 5.52901e-01
 63   61 1.69186e+00
 63   63 2.06185e+01
 63   65 1.65755e+00
 63   67 5.31807e-01
 63   69 1.94603e-01
 63   71 1.74261e-01
 63   73 1.88844e-01
 63   75 1.37833e-01
 63   77 1.26281e-01
 63   79 1.19817e-01
 63   81 8.97909e-02
 63   83 7.89949e-02
 63   85 7.14677e-02
 63   87 7.67099e-02
 63   89 8.50121e-02
 63   91 8.97787e-02
 64    2 1.48151e-02
 64    4 3.38074e-02
 64    6 5.23800e-02
 64    8 6.91042e-02
 64   10 8.00179e-02
 64   12 8.23574e-02
 64   14 8.02542e-02
 64   16 8.65417e-02
 64   18 8.73142e-02
 64   20 6.99901e-02
 64   22 7.79093e-02
 64   24 6.66177e-02
 64   26 6.89253e-02
 64   28 7.00994e-02
 64   30 5.95820e-02
 64   32 7.19236e-02
 64   34 8.50877e-02
 64   36 7.74947e-02
 64   38 8.53080e-02
 64   40 9.66454e-02
 64   42 9.69362e-02
 64   44 9.12601e-02
 64   46 1.03110e-01
 64   48 1.30037e-01
 64   50 1.27350e-01
 64   52 1.36811e-01
 64   54 1.87551e-01
 64   56 1.87437e-01
 64   58 1.91138e-01
 64   60 5.38791e-01
 64   62 1.65084e+00
 64   64 2.03308e+01
 64   66 1.62036e+00
 64   68 5.22801e-01
 64   70 1.99641e-01
 64   72 1.89418e-01
 64   74 2.01361e-01
 64   76 1.45581e-01
 64   78 1.17366e-01
 64   80 1.03767e-01
 64   82 9.18656e-02
 64   84 7.82383e-02
 64   86 8.57198e-02
 64   88 8.99332e-02
 64   90 7.16936e-02
 65    1 3.94728e-03
 65    3 2.21055e-02
 65    5 3.98483e-02
 65    7 6.14592e-02
 65    9 7.94040e-02
 65   11 7.83607e-02
 65   13 7.51420e-02
 65   15 7.32785e-02
 65   17 8.34248e-02
 65   19 8.61145e-02
 65   21 7.83407e-02
 65   23 7.28562e-02
 65   25 6.58930e-02
 65   27 6.47023e-02
 65   29 6.69384e-02
 65   31 6.63071e-02
 65   33 7.04699e-02
 65   35 8.47108e-02
 65   37 7.59359e-02
 65   39 7.91972e-02
 65   41 9.44577e-02
 65   43 9.28367e-02
 65   45 8.58706e-02
 65   47 1.00341e-01
 65   49 1.26549e-01
 65   51 1.21204e-01
 65   53 1.29148e-01
 65   55 1.80353e-01
 65   57 1.83321e-01
 65   59 1.92443e-01
 65   61 5.30068e-01
 65   63 1.61387e+00
 65   65 2.00452e+01
 65   67 1.59211e+00
 65   69 5.14743e-01
 65   71 1.93139e-01
 65   73 1.91928e-01
 65   75 1.98380e-01
 65   77 1.39918e-01
 65   79 1.14325e-01
 65   81 9.76288e-02
 65   83 9.10397e-02
 65   85 7.29391e-02
 65   87 7.93327e-02
 65   89 8.85161e-02
 65   91 6.84021e-02
 66    2 1.18983e-02
 66    4 2.78548e-02
 66    6 4.16401e-02
 66    8 6.04636e-02
 66   10 7.85944e-02
 66   12 7.95610e-02
 66   14 8.02028e-02
 66   16 6.99045e-02
 66   18 6.09350e-02
 66   20 7.20783e-02
 66   22 7.53668e-02
 66   24 7.54433e-02
 66   26 7.95785e-02
 66   28 8.32968e-02
 66   30 6.69970e-02
 66   32 8.22926e-02
 66   34 8.75099e-02
 66   36 7.96663e-02
 66   38 7.79923e-02
 66   40 8.12881e-02
 66   42 7.89588e-02
 66   44 8.49291e-02
 66   46 9.19804e-02
 66   48 1.02856e-01
 66   50 1.25446e-01
 66   52 1.18120e-01
 66   54 1.25642e-01
 66   56 1.80362e-01
 66   58 1.75582e-01
 66   60 1.84863e-01
 66   62 5.27178e-01
 66   64 1.57857e+00
 66   66 1.97920e+01
 66   68 1.55737e+00
 66   70 5.11914e-01
 66   72 2.06890e-01
 66   74 1.75576e-01
 66   76 1.98596e-01
 66   78 1.29811e-01
 66   80 1.01552e-01
 66   82 9.78516e-02
 66   84 9.10038e-02
 66   86 7.93989e-02
 66   88 9.03665e-02
 66   90 7.76270e-02
 67    1 3.41450e-03
 67    3 1.76241e-02
 67    5 3.23147e-02
 67    7 4.75958e-02
 67    9 6.68095e-02
 67   11 7.98600e-02
 67   13 7.97821e-02
 67   15 7.24447e-02
 67   17 6.42333e-02
 67   19 5.44846e-02
 67   21 7.55106e-02
 67   23 7.48104e-02
 67   25 6.95764e-02
 67   27 8.63088e-02
 67   29 8.00204e-02
 67   31 6.50335e-02
 67   33 7.35346e-02
 67   35 8.18517e-02
 67   37 8.05528e-02
 67   39 8.83165e-02
 67   41 7.85523e-02
 67   43 7.28287e-02
 67   45 8.24708e-02
 67   47 9.49568e-02
 67   49 1.03749e-01
 67   51 1.21394e-01
 67   53 1.09696e-01
 67   55 1.22961e-01
 67   57 1.80473e-01
 67   59 1.70573e-01
 67   61 1.84989e-01
 67   63 5.04724e-01
 67   65 1.55193e+00
 67   67 1.95108e+01
 67   69 1.51809e+00
 67   71 5.09301e-01
 67   73 2.00073e-01
 67   75 1.73226e-01
 67   77 1.85456e-01
 67   79 1.34886e-01
 67   81 9.83217e-02
 67   83 9.92782e-02
 67   85 9.01854e-02
 67   87 7.84533e-02
 67   89 9.08226e-02
 67   91 7.28390e-02
 68    2 1.15722e-02
 68    4 2.93070e-02
 68    6 5.03068e-02
 68    8 6.92533e-02
 68   10 7.59745e-02
 68   12 7.79321e-02
 68   14 7.75391e-02
 68   16 8.00197e-02
 68   18 7.77410e-02
 68   20 8.35404e-02
 68   22 7.48408e-02
 68   24 6.52404e-02
 68   26 6.44838e-02
 68   28 5.33419e-02
 68   30 6.69127e-02
 68   32 6.91201e-02
 68   34 7.33066e-02
 68   36 9.00107e-02
 68   38 7.90917e-02
 68   40 7.14919e-02
 68   42 7.49258e-02
 68   44 8.52016e-02
 68   46 8.91033e-02
 68   48 9.31074e-02
 68   50 9.61479e-02
 68   52 1.15447e-01
 68   54 1.07079e-01
 68   56 1.22617e-01
 68   58 1.71131e-01
 68   60 1.61568e-01
 68   62 1.82034e-01
 68   64 4.96735e-01
 68   66 1.51889e+00
 68   68 1.92530e+01
 68   70 1.49410e+00
 68   72 4.99628e-01
 68   74 1.93212e-01
 68   76 1.72036e-01
 68   78 1.74276e-01
 68   80 1.19455e-01
 68   82 1.05938e-01
 68   84 9.41587e-02
 68   86 8.85434e-02
 68   88 1.01055e-01
 68   90 8.24278e-02
 69    1 3.38811e-03
 69    3 2.12846e-02
 69    5 3.66505e-02
 69    7 5.20320e-02
 69    9 7.10696e-02
 69   11 7.34641e-02
 69   13 7.33053e-02
 69   15 7.74686e-02
 69   17 7.89697e-02
 69   19 7.71034e-02
 69   21 7.57022e-02
 69   23 6.31138e-02
 69   25 6.10325e-02
 69   27 5.78150e-02
 69   29 5.85436e-02
 69   31 6.79730e-02
 69   33 6.05047e-02
 69   35 7.19112e-02
 69   37 7.64055e-02
 69   39 7.62360e-02
 69   41 8.50072e-02
 69   43 7.23124e-02
 69   45 8.07926e-02
 69   47 8.57343e-02
 69   49 8.78431e-02
 69   51 1.01856e-01
 69   53 1.12505e-01
 69   55 1.03762e-01
 69   57 1.23337e-01
 69   59 1.69618e-01
 69   61 1.65472e-01
 69   63 1.80226e-01
 69   65 4.89615e-01
 69   67 1.48138e+00
 69   69 1.90105e+01
 69   71 1.46649e+00
 69   73 4.91427e-01
 69   75 1.92625e-01
 69   77 1.66490e-01
 69   79 1.75327e-01
 69   81 1.18864e-01
 69   83 1.00664e-01
 69   85 9.87975e-02
 69   87 8.83543e-02
 69   89 9.49544e-02
 69   91 7.58965e-02
 70    2 8.82019e-03
 70    4 2.29851e-02
 70    6 3.95855e-02
 70    8 5.87435e-02
 70   10 7.69327e-02
 70   12 7.65776e-02
 70   14 7.03594e-02
 70   16 6.91018e-02
 70   18 6.51078e-02
 70   20 6.95037e-02
 70   22 6.74774e-02
 70   24 7.92093e-02
 70   26 7.16052e-02
 70   28 6.56642e-02
 70   30 7.34034e-02
 70   32 7.76932e-02
 70   34 7.61624e-02
 70   36 7.41770e-02
 70   38 6.56092e-02
 70   40 6.57936e-02
 70   42 6.79171e-02
 70   44 6.64262e-02
 70   46 7.18114e-02
 70   48 7.58724e-02
 70   50 7.76274e-02
 70   52 9.18702e-02
 70   54 1.01291e-01
 70   56 9.56405e-02
 70   58 1.17864e-01
 70   60 1.68718e-01
 70   62 1.67225e-01
 70   64 1.85196e-01
 70   66 4.87445e-01
 70   68 1.45873e+00
 70   70 1.87800e+01
 70   72 1.43668e+00
 70   74 4.84007e-01
 70   76 1.92821e-01
 70   78 1.65479e-01
 70   80 1.58850e-01
 70   82 1.38091e-01
 70   84 1.07011e-01
 70   86 1.05338e-01
 70   88 1.08994e-01
 70   90 9.21792e-02
 71    1 3.18372e-03
 71    3 1.41456e-02
 71    5 2.78131e-02
 71    7 4.72055e-02
 71    9 6.38215e-02
 71   11 6.88510e-02
 71   13 7.62623e-02
 71   15 7.43132e-02
 71   17 6.68527e-02
 71   19 6.58369e-02
 71   21 5.94865e-02
 71   23 6.27439e-02
 71   25 7.96148e-02
 71   27 7.42989e-02
 71   29 6.60877e-02
 71   31 7.91499e-02
 71   33 7.41991e-02
 71   35 7.08732e-02
 71   37 7.55458e-02
 71   39 6.65301e-02
 71   41 6.56960e-02
 71   43 6.38702e-02
 71   45 6.79770e-02
 71   47 7.54065e-02
 71   49 7.20206e-02
 71   51 7.48946e-02
 71   53 8.35609e-02
 71   55 1.05327e-01
 71   57 9.84648e-02
 71   59 1.14155e-01
 71   61 1.67281e-01
 71   63 1.57646e-01
 71   65 1.79453e-01
 71   67 4.85465e-01
 71   69 1.43250e+00
 71   71 1.85446e+01
 71   73 1.40257e+00
 71   75 4.79353e-01
 71   77 2.03621e-01
 71   79 1.51260e-01
 71   81 1.52799e-01
 71   83 1.25373e-01
 71   85 1.07652e-01
 71   87 9.72240e-02
 71   89 1.01584e-01
 71   91 9.24618e-02
 72    2 1.07352e-02
 72    4 2.38836e-02
 72    6 3.68108e-02
 72    8 5.21463e-02
 72   10 6.24199e-02
 72   12 5.90585e-02
 72   14 6.31153e-02
 72   16 7.41973e-02
 72   18 7.57634e-02
 72   20 6.65623e-02
 72   22 5.95778e-02
 72   24 5.78250e-02
 72   26 5.57982e-02
 72   28 5.64528e-02
 72   30 6.56515e-02
 72   32 6.57135e-02
 72   34 6.38087e-02
 72   36 5.82232e-02
 72   38 6.74560e-02
 72   40 7.26037e-02
 72   42 7.13817e-02
 72   44 7.45951e-02
 72   46 6.74972e-02
 72   48 7.06940e-02
 72   50 8.32197e-02
 72   52 8.36541e-02
 72   54 9.64208e-02
 72   56 1.07867e-01
 72   58 1.11448e-01
 72   60 1.20136e-01
 72   62 1.75944e-01
 72   64 1.71726e-01
 72   66 1.92532e-01
 72   68 4.76732e-01
 72   70 1.40408e+00
 72   72 1.83115e+01
 72   74 1.38474e+00
 72   76 4.72792e-01
 72   78 1.87493e-01
 72   80 1.34177e-01
 72   82 1.56476e-01
 72   84 1.27890e-01
 72   86 1.10995e-01
 72   88 1.19576e-01
 72   90 9.20992e-02
 73    1 3.57512e-03
 73    3 1.74313e-02
 73    5 3.09465e-02
 73    7 4.44597e-02
 73    9 5.77029e-02
 73   11 5.99385e-02
 73   13 5.68769e-02
 73   15 6.36146e-02
 73   17 7.21853e-02
 73   19 7.04458e-02
 73   21 6.90859e-02
 73   23 5.92083e-02
 73   25 5.65573e-02
 73   27 5.89050e-02
 73   29 5.50821e-02
 73   31 5.81769e-02
 73   33 6.46366e-02
 73   35 6.61146e-02
 73   37 6.51560e-02
 73   39 6.42045e-02
 73   41 6.20978e-02
 73   43 7.36552e-02
 73   45 6.96546e-02
 73   47 6.86548e-02
 73   49 7.26448e-02
 73   51 6.71322e-02
 73   53 9.02788e-02
 73   55 8.95972e-02
 73   57 1.03963e-01
 73   59 1.11947e-01
 73   61 1.18800e-01
 73   63 1.67045e-01
 73   65 1.74366e-01
 73   67 1.86473e-01
 73   69 4.69376e-01
 73   71 1.37141e+00
 73   73 1.80931e+01
 73   75 1.34045e+00
 73   77 4.59354e-01
 73   79 1.91422e-01
 73   81 1.31024e-01
 73   83 1.55591e-01
 73   85 1.23719e-01
 73   87 1.10847e-01
 73   89 1.10710e-01
 73   91 9.62446e-02
 74    2 9.10397e-03
 74    4 2.14481e-02
 74    6 3.97715e-02
 74    8 6.14354e-02
 74   10 7.62199e-02
 74   12 7.22122e-02
 74   14 6.78077e-02
 74   16 6.61250e-02
 74   18 6.44741e-02
 74   20 7.06455e-02
 74   22 7.01966e-02
 74   24 5.88332e-02
 74   26 6.34319e-02
 74   28 6.42870e-02
 74   30 6.85983e-02
 74   32 7.21608e-02
 74   34 6.50427e-02
 74   36 6.03112e-02
 74   38 5.65975e-02
 74   40 6.00327e-02
 74   42 5.79248e-02
 74   44 6.41086e-02
 74   46 5.83488e-02
 74   48 6.28255e-02
 74   50 6.90125e-02
 74   52 7.03151e-02
 74   54 8.53538e-02
 74   56 8.96920e-02
 74   58 1.04291e-01
 74   60 1.03675e-01
 74   62 1.29883e-01
 74   64 1.78585e-01
 74   66 1.59838e-01
 74   68 1.80349e-01
 74   70 4.62741e-01
 74   72 1.35463e+00
 74   74 1.78455e+01
 74   76 1.31321e+00
 74   78 4.44909e-01
 74   80 1.79384e-01
 74   82 1.45916e-01
 74   84 1.62249e-01
 74   86 1.28134e-01
 74   88 1.22065e-01
 74   90 8.87151e-02
 75    1 2.64861e-03
 75    3 1.55661e-02
 75    5 2.82249e-02
 75    7 4.28554e-02
 75    9 6.36900e-02
 75   11 7.14044e-02
 75   13 6.51217e-02
 75   15 6.65361e-02
 75   17 6.31721e-02
 75   19 6.05871e-02
 75   21 6.95488e-02
 75   23 6.47141e-02
 75   25 5.87531e-02
 75   27 6.46199e-02
 75   29 6.35721e-02
 75   31 6.48206e-02
 75   33 7.34156e-02
 75   35 7.00448e-02
 75   37 6.18214e-02
 75   39 5.72724e-02
 75   41 5.42999e-02
 75   43 6.14152e-02
 75   45 6.16759e-02
 75   47 6.66654e-02
 75   49 6.26567e-02
 75   51 6.31938e-02
 75   53 7.11544e-02
 75   55 8.15800e-02
 75   57 8.70055e-02
 75   59 9.86818e-02
 75   61 1.04511e-01
 75   63 1.19327e-01
 75   65 1.76393e-01
 75   67 1.58015e-01
 75   69 1.80065e-01
 75   71 4.58730e-01
 75   73 1.31192e+00
 75   75 1.76450e+01
 75   77 1.29136e+00
 75   79 4.34055e-01
 75   81 1.75190e-01
 75   83 1.43052e-01
 75   85 1.54464e-01
 75   87 1.28307e-01
 75   89 1.16586e-01
 75   91 8.80971e-02
 76    2 1.18719e-02
 76    4 2.63795e-02
 76    6 3.65566e-02
 76    8 4.93770e-02
 76   10 5.89945e-02
 76   12 5.64269e-02
 76   14 5.55690e-02
 76   16 6.12015e-02
 76   18 6.71279e-02
 76   20 6.80792e-02
 76   22 6.43342e-02
 76   24 5.85372e-02
 76   26 5.48051e-02
 76   28 6.31986e-02
 76   30 6.29663e-02
 76   32 6.06039e-02
 76   34 5.33640e-02
 76   36 5.49253e-02
 76   38 5.70849e-02
 76   40 5.80772e-02
 76   42 5.41353e-02
 76   44 5.42074e-02
 76   46 6.87187e-02
 76   48 6.85734e-02
 76   50 5.95785e-02
 76   52 6.12413e-02
 76   54 7.95517e-02
 76   56 7.99088e-02
 76   58 8.71738e-02
 76   60 1.08436e-01
 76   62 1.05578e-01
 76   64 1.26424e-01
 76   66 1.77028e-01
 76   68 1.57238e-01
 76   70 1.80508e-01
 76   72 4.52876e-01
 76   74 1.28585e+00
 76   76 1.74287e+01
 76   78 1.24799e+00
 76   80 4.32180e-01
 76   82 2.03025e-01
 76   84 1.77026e-01
 76   86 1.57086e-01
 76   88 1.37602e-01
 76   90 1.03396e-01
 77    1 4.23731e-03
 77    3 1.90947e-02
 77    5 3.04867e-02
 77    7 4.18438e-02
 77    9 5.44447e-02
 77   11 5.24029e-02
 77   13 5.54052e-02
 77   15 5.63921e-02
 77   17 6.05104e-02
 77   19 6.20254e-02
 77   21 6.17351e-02
 77   23 6.58585e-02
 77   25 5.81952e-02
 77   27 5.44169e-02
 77   29 5.58748e-02
 77   31 6.20014e-02
 77   33 5.52405e-02
 77   35 5.69495e-02
 77   37 5.29207e-02
 77   39 5.49685e-02
 77   41 5.36005e-02
 77   43 5.60618e-02
 77   45 6.47433e-02
 77   47 5.61297e-02
 77   49 6.90659e-02
 77   51 6.27457e-02
 77   53 6.82085e-02
 77   55 8.11821e-02
 77   57 7.82180e-02
 77   59 8.35859e-02
 77   61 1.05832e-01
 77   63 1.07097e-01
 77   65 1.21873e-01
 77   67 1.65721e-01
 77   69 1.52460e-01
 77   71 1.90887e-01
 77   73 4.40408e-01
 77   75 1.26503e+00
 77   77 1.72149e+01
 77   79 1.23599e+00
 77   81 4.26562e-01
 77   83 2.02794e-01
 77   85 1.66403e-01
 77   87 1.51696e-01
 77   89 1.38851e-01
 77   91 9.51392e-02
 78    2 1.33980e-02
 78    4 2.96243e-02
 78    6 4.73556e-02
 78    8 5.86803e-02
 78   10 6.38751e-02
 78   12 6.68436e-02
 78   14 6.89872e-02
 78   16 7.38738e-02
 78   18 6.43474e-02
 78   20 5.54229e-02
 78   22 6.11405e-02
 78   24 6.23417e-02
 78   26 5.24966e-02
 78   28 6.21359e-02
 78   30 5.80804e-02
 78   32 5.39735e-02
 78   34 5.97203e-02
 78   36 5.71472e-02
 78   38 5.95835e-02
 78   40 4.88282e-02
 78   42 5.03002e-02
 78   44 6.19765e-02
 78   46 5.98560e-02
 78   48 5.97302e-02
 78   50 6.00944e-02
 78   52 6.30338e-02
 78   54 6.60613e-02
 78   56 7.06041e-02
 78   58 7.46581e-02
 78   60 8.74889e-02
 78   62 9.75019e-02
 78   64 9.98873e-02
 78   66 1.13404e-01
 78   68 1.56105e-01
 78   70 1.51820e-01
 78   72 1.76011e-01
 78   74 4.26945e-01
 78   76 1.22308e+00
 78   78 1.70178e+01
 78   80 1.19801e+00
 78   82 4.45464e-01
 78   84 2.28565e-01
 78   86 1.65979e-01
 78   88 1.74063e-01
 78   90 1.10404e-01
 79    1 3.54450e-03
 79    3 1.91431e-02
 79    5 3.65121e-02
 79    7 5.39884e-02
 79    9 6.74279e-02
 79   11 6.25661e-02
 79   13 5.99473e-02
 79   15 6.56975e-02
 79   17 6.55787e-02
 79   19 6.57545e-02
 79   21 5.58555e-02
 79   23 5.80985e-02
 79   25 5.48932e-02
 79   27 5.30877e-02
 79   29 5.46485e-02
 79   31 5.89236e-02
 79   33 4.94504e-02
 79   35 5.19863e-02
 79   37 6.22227e-02
 79   39 5.01626e-02
 79   41 4.87401e-02
 79   43 4.62086e-02
 79   45 6.16374e-02
 79   47 6.17017e-02
 79   49 5.78773e-02
 79   51 6.00656e-02
 79   53 6.18759e-02
 79   55 7.03959e-02
 79   57 7.03483e-02
 79   59 7.68264e-02
 79   61 8.30653e-02
 79   63 9.96291e-02
 79   65 9.76350e-02
 79   67 1.18178e-01
 79   69 1.57416e-01
 79   71 1.39030e-01
 79   73 1.79942e-01
 79   75 4.16897e-01
 79   77 1.21184e+00
 79   79 1.68174e+01
 79   81 1.17225e+00
 79   83 4.33634e-01
 79   85 2.31685e-01
 79   87 1.62956e-01
 79   89 1.61519e-01
 79   91 1.14721e-01
 80    2 9.99131e-03
 80    4 2.14160e-02
 80    6 3.48436e-02
 80    8 4.98247e-02
 80   10 5.47916e-02
 80   12 5.56631e-02
 80   14 5.81877e-02
 80   16 6.03665e-02
 80   18 5.85380e-02
 80   20 5.98813e-02
 80   22 6.69984e-02
 80   24 7.04841e-02
 80   26 8.61187e-02
 80   28 7.44535e-02
 80   30 6.76933e-02
 80   32 6.53766e-02
 80   34 6.54789e-02
 80   36 6.56742e-02
 80   38 6.43654e-02
 80   40 5.55985e-02
 80   42 6.10212e-02
 80   44 6.95251e-02
 80   46 6.14821e-02
 80   48 6.18432e-02
 80   50 6.73789e-02
 80   52 6.35721e-02
 80   54 6.27665e-02
 80   56 6.71746e-02
 80   58 6.52719e-02
 80   60 6.36147e-02
 80   62 7.56541e-02
 80   64 8.66255e-02
 80   66 8.70204e-02
 80   68 1.04955e-01
 80   70 1.42952e-01
 80   72 1.23551e-01
 80   74 1.68850e-01
 80   76 4.15456e-01
 80   78 1.17511e+00
 80   80 1.66724e+01
 80   82 1.16785e+00
 80   84 4.45006e-01
 80   86 2.26070e-01
 80   88 1.89197e-01
 80   90 1.39964e-01
 81    1 3.60376e-03
 81    3 1.72220e-02
 81    5 2.90882e-02
 81    7 4.20992e-02
 81    9 5.19764e-02
 81   11 4.75066e-02
 81   13 5.26834e-02
 81   15 5.66295e-02
 81   17 6.20567e-02
 81   19 5.96623e-02
 81   21 5.36008e-02
 81   23 6.47161e-02
 81   25 7.91726e-02
 81   27 8.07663e-02
 81   29 7.88695e-02
 81   31 5.82155e-02
 81   33 6.16149e-02
 81   35 6.74076e-02
 81   37 6.49198e-02
 81   39 5.64512e-02
 81   41 5.53305e-02
 81   43 6.31915e-02
 81   45 6.50121e-02
 81   47 5.90923e-02
 81   49 6.34291e-02
 81   51 6.73063e-02
 81   53 7.16323e-02
 81   55 5.86971e-02
 81   57 5.94959e-02
 81   59 7.25392e-02
 81   61 6.06795e-02
 81   63 7.32657e-02
 81   65 8.18169e-02
 81   67 8.45313e-02
 81   69 1.04725e-01
 81   71 1.37818e-01
 81   73 1.20863e-01
 81   75 1.65118e-01
 81   77 4.10406e-01
 81   79 1.15033e+00
 81   81 1.64840e+01
 81   83 1.14132e+00
 81   85 4.35175e-01
 81   87 2.24309e-01
 81   89 1.85477e-01
 81   91 1.37254e-01
 82    2 1.20126e-02
 82    4 2.93339e-02
 82    6 4.59801e-02
 82    8 5.86091e-02
 82   10 6.39859e-02
 82   12 5.29893e-02
 82   14 5.22642e-02
 82   16 5.86370e-02
 82   18 6.32106e-02
 82   20 6.48048e-02
 82   22 5.66774e-02
 82   24 5.52886e-02
 82   26 4.90114e-02
 82   28 5.18684e-02
 82   30 5.18277e-02
 82   32 4.97048e-02
 82   34 5.90182e-02
 82   36 4.82920e-02
 82   38 4.39082e-02
 82   40 5.28156e-02
 82   42 4.97257e-02
 82   44 5.60718e-02
 82   46 5.76513e-02
 82   48 5.19730e-02
 82   50 5.40232e-02
 82   52 5.96253e-02
 82   54 5.62311e-02
 82   56 5.69989e-02
 82   58 5.83618e-02
 82   60 6.90275e-02
 82   62 6.62691e-02
 82   64 7.52863e-02
 82   66 8.23149e-02
 82   68 9.13752e-02
 82   70 1.21996e-01
 82   72 1.41448e-01
 82   74 1.34833e-01
 82   76 1.91597e-01
 82   78 4.28952e-01
 82   80 1.14648e+00
 82   82 1.62709e+01
 82   84 1.15361e+00
 82   86 4.40797e-01
 82   88 2.55403e-01
 82   90 1.72975e-01
 83    1 3.47766e-03
 83    3 2.04513e-02
 83    5 3.66201e-02
 83    7 5.05298e-02
 83    9 6.54990e-02
 83   11 5.99580e-02
 83   13 4.98778e-02
 83   15 5.42719e-02
 83   17 5.60478e-02
 83   19 5.72915e-02
 83   21 6.55333e-02
 83   23 5.86256e-02
 83   25 4.96568e-02
 83   27 5.40605e-02
 83   29 5.16167e-02
 83   31 4.75502e-02
 83   33 5.53725e-02
 83   35 5.14930e-02
 83   37 4.74816e-02
 83   39 5.23300e-02
 83   41 4.55854e-02
 83   43 5.17349e-02
 83   45 5.11806e-02
 83   47 5.75807e-02
 83   49 5.76520e-02
 83   51 5.17459e-02
 83   53 5.65953e-02
 83   55 5.93479e-02
 83   57 5.20885e-02
 83   59 5.97511e-02
 83   61 5.93462e-02
 83   63 6.33026e-02
 83   65 7.49289e-02
 83   67 8.38255e-02
 83   69 8.71021e-02
 83   71 1.11056e-01
 83   73 1.40954e-01
 83   75 1.32413e-01
 83   77 1.91620e-01
 83   79 4.17904e-01
 83   81 1.12089e+00
 83   83 1.60817e+01
 83   85 1.12433e+00
 83   87 4.31331e-01
 83   89 2.48713e-01
 83   91 1.73097e-01
 84    2 6.23189e-03
 84    4 1.59688e-02
 84    6 2.72120e-02
 84    8 4.27374e-02
 84   10 4.84475e-02
 84   12 4.57890e-02
 84   14 4.53973e-02
 84   16 4.62517e-02
 84   18 4.83560e-02
 84   20 5.21693e-02
 84   22 5.89092e-02
 84   24 6.28545e-02
 84   26 6.11236e-02
 84   28 6.07832e-02
 84   30 5.88898e-02
 84   32 5.85848e-02
 84   34 5.51650e-02
 84   36 5.18305e-02
 84   38 5.13998e-02
 84   40 5.78140e-02
 84   42 5.04155e-02
 84   44 4.62387e-02
 84   46 6.24006e-02
 84   48 5.92571e-02
 84   50 4.41193e-02
 84   52 5.69330e-02
 84   54 5.97078e-02
 84   56 5.21558e-02
 84   58 5.26274e-02
 84   60 6.22757e-02
 84   62 6.04902e-02
 84   64 6.29955e-02
 84   66 7.52136e-02
 84   68 7.97926e-02
 84   70 9.28833e-02
 84   72 1.13582e-01
 84   74 1.47301e-01
 84   76 1.64135e-01
 84   78 2.16238e-01
 84   80 4.29211e-01
 84   82 1.13341e+00
 84   84 1.58056e+01
 84   86 1.10655e+00
 84   88 4.50576e-01
 84   90 2.32524e-01
 85    1 2.20631e-03
 85    3 1.04363e-02
 85    5 1.97499e-02
 85    7 3.30228e-02
 85    9 4.44719e-02
 85   11 4.54386e-02
 85   13 4.56025e-02
 85   15 4.48889e-02
 85   17 4.05253e-02
 85   19 4.70391e-02
 85   21 5.09455e-02
 85   23 5.81999e-02
 85   25 5.95980e-02
 85   27 5.69858e-02
 85   29 6.32155e-02
 85   31 6.10511e-02
 85   33 5.56713e-02
 85   35 5.57320e-02
 85   37 4.76401e-02
 85   39 5.24180e-02
 85   41 6.27256e-02
 85   43 4.90232e-02
 85   45 4.57966e-02
 85   47 5.87707e-02
 85   49 5.73279e-02
 85   51 5.43641e-02
 85   53 5.13269e-02
 85   55 5.81941e-02
 85   57 5.00438e-02
 85   59 5.13055e-02
 85   61 6.63199e-02
 85   63 5.62897e-02
 85   65 5.90034e-02
 85   67 7.48437e-02
 85   69 8.40229e-02
 85   71 9.37255e-02
 85   73 1.10161e-01
 85   75 1.40527e-01
 85   77 1.54540e-01
 85   79 2.19457e-01
 85   81 4.20064e-01
 85   83 1.10507e+00
 85   85 1.56349e+01
 85   87 1.08109e+00
 85   89 4.41579e-01
 85   91 2.28657e-01
 86    2 1.12000e-02
 86    4 2.86881e-02
 86    6 4.29809e-02
 86    8 6.02712e-02
 86   10 6.82619e-02
 86   12 4.86051e-02
 86   14 5.19664e-02
 86   16 4.89565e-02
 86   18 4.99218e-02
 86   20 5.08145e-02
 86   22 4.80025e-02
 86   24 5.11550e-02
 86   26 5.45819e-02
 86   28 4.81754e-02
 86   30 5.68955e-02
 86   32 5.13455e-02
 86   34 4.69442e-02
 86   36 5.24774e-02
 86   38 5.26519e-02
 86   40 4.29982e-02
 86   42 5.45576e-02
 86   44 5.78553e-02
 86   46 4.70878e-02
 86   48 5.90202e-02
 86   50 6.45024e-02
 86   52 4.82153e-02
 86   54 5.18113e-02
 86   56 5.59439e-02
 86   58 6.01449e-02
 86   60 5.66635e-02
 86   62 5.81104e-02
 86   64 6.78635e-02
 86   66 6.45232e-02
 86   68 7.37773e-02
 86   70 8.98992e-02
 86   72 9.69268e-02
 86   74 1.14381e-01
 86   76 1.43209e-01
 86   78 1.54398e-01
 86   80 2.14394e-01
 86   82 4.25824e-01
 86   84 1.08801e+00
 86   86 1.54837e+01
 86   88 1.11762e+00
 86   90 4.34337e-01
 87    1 3.65795e-03
 87    3 1.93131e-02
 87    5 3.45770e-02
 87    7 4.79877e-02
 87    9 6.61578e-02
 87   11 5.98266e-02
 87   13 4.77598e-02
 87   15 4.86481e-02
 87   17 4.92626e-02
 87   19 4.34849e-02
 87   21 4.99734e-02
 87   23 4.74230e-02
 87   25 4.99326e-02
 87   27 4.91603e-02
 87   29 4.61814e-02
 87   31 5.50382e-02
 87   33 5.82017e-02
 87   35 4.65765e-02
 87   37 5.02927e-02
 87   39 4.70839e-02
 87   41 4.01394e-02
 87   43 5.45923e-02
 87   45 6.01141e-02
 87   47 4.78032e-02
 87   49 5.60856e-02
 87   51 6.60701e-02
 87   53 4.94915e-02
 87   55 5.26650e-02
 87   57 5.59556e-02
 87   59 5.50952e-02
 87   61 5.26281e-02
 87   63 5.94293e-02
 87   65 6.31245e-02
 87   67 6.40413e-02
 87   69 7.39111e-02
 87   71 8.32605e-02
 87   73 9.70829e-02
 87   75 1.14819e-01
 87   77 1.38576e-01
 87   79 1.51827e-01
 87   81 2.12974e-01
 87   83 4.17002e-01
 87   85 1.06339e+00
 87   87 1.53378e+01
 87   89 1.10253e+00
 87   91 4.19666e-01
 88    2 5.95392e-03
 88    4 1.52095e-02
 88    6 2.18537e-02
 88    8 3.17762e-02
 88   10 3.93416e-02
 88   12 3.48296e-02
 88   14 3.38439e-02
 88   16 3.66435e-02
 88   18 3.49021e-02
 88   20 3.60049e-02
 88   22 3.71457e-02
 88   24 3.77642e-02
 88   26 4.30463e-02
 88   28 4.21245e-02
 88   30 3.69679e-02
 88   32 4.64592e-02
 88   34 3.90105e-02
 88   36 4.28801e-02
 88   38 4.59380e-02
 88   40 4.14741e-02
 88   42 4.37403e-02
 88   44 4.91847e-02
 88   46 4.95698e-02
 88   48 4.54011e-02
 88   50 5.66268e-02
 88   52 5.68747e-02
 88   54 4.99688e-02
 88   56 5.47641e-02
 88   58 6.07605e-02
 88   60 6.30511e-02
 88   62 6.81612e-02
 88   64 7.00596e-02
 88   66 7.22607e-02
 88   68 8.28551e-02
 88   70 9.15313e-02
 88   72 1.02749e-01
 88   74 1.07218e-01
 88   76 1.23438e-01
 88   78 1.59326e-01
 88   80 1.76554e-01
 88   82 2.42778e-01
 88   84 4.35939e-01
 88   86 1.09973e+00
 88   88 1.52368e+01
 88   90 1.22615e+00
 89    1 2.13091e-03
 89    3 8.72048e-03
 89    5 1.56753e-02
 89    7 2.65259e-02
 89    9 3.33398e-02
 89   11 3.34765e-02
 89   13 3.49448e-02
 89   15 3.08072e-02
 89   17 3.10716e-02
 89   19 3.49070e-02
 89   21 3.27482e-02
 89   23 3.77361e-02
 89   25 4.02435e-02
 89   27 3.66871e-02
 89   29 4.00789e-02
 89   31 3.89854e-02
 89   33 4.23952e-02
 89   35 4.24274e-02
 89   37 4.06267e-02
 89   39 4.81518e-02
 89   41 4.89357e-02
 89   43 4.43758e-02
 89   45 4.84486e-02
 89   47 4.57255e-02
 89   49 5.08855e-02
 89   51 5.76497e-02
 89   53 6.04284e-02
 89   55 4.63634e-02
 89   57 5.30516e-02
 89   59 6.85021e-02
 89   61 6.54544e-02
 89   63 6.48312e-02
 89   65 6.93301e-02
 89   67 7.29788e-02
 89   69 7.81899e-02
 89   71 8.56340e-02
 89   73 9.54466e-02
 89   75 1.02698e-01
 89   77 1.24857e-01
 89   79 1.48135e-01
 89   81 1.73351e-01
 89   83 2.36689e-01
 89   85 4.27555e-01
 89   87 1.08528e+00
 89   89 1.50976e+01
 89   91 1.18828e+00
 90    2 1.18825e-02
 90    4 2.43195e-02
 90    6 3.83697e-02
 90    8 5.05199e-02
 90   10 5.57634e-02
 90   12 5.10826e-02
 90   14 5.03509e-02
 90   16 4.67614e-02
 90   18 4.84383e-02
 90   20 4.45113e-02
 90   22 4.29627e-02
 90   24 4.44657e-02
 90   26 4.96443e-02
 90   28 5.23912e-02
 90   30 5.31585e-02
 90   32 4.36118e-02
 90   34 5.19276e-02
 90   36 4.97707e-02
 90   38 4.74009e-02
 90   40 5.77675e-02
 90   42 5.00692e-02
 90   44 4.19149e-02
 90   46 5.39896e-02
 90   48 6.82262e-02
 90   50 5.25759e-02
 90   52 5.57469e-02
 90   54 4.88231e-02
 90   56 4.90396e-02
 90   58 6.61356e-02
 90   60 6.22995e-02
 90   62 6.15631e-02
 90   64 5.49972e-02
 90   66 6.11251e-02
 90   68 6.65497e-02
 90   70 7.62273e-02
 90   72 7.79293e-02
 90   74 7.67343e-02
 90   76 9.13350e-02
 90   78 9.95120e-02
 90   80 1.28615e-01
 90   82 1.61913e-01
 90   84 2.21533e-01
 90   86 4.20855e-01
 90   88 1.20741e+00
 90   90 1.60707e+01
 91    1 3.75419e-03
 91    3 2.01583e-02
 91    5 3.40599e-02
 91    7 4.66382e-02
 91    9 5.97864e-02
 91   11 4.99455e-02
 91   13 4.64017e-02
 91   15 4.70778e-02
 91   17 4.98508e-02
 91   19 4.49793e-02
 91   21 4.46151e-02
 91   23 4.38855e-02
 91   25 4.73167e-02
 91   27 4.50376e-02
 91   29 5.09383e-02
 91   31 4.80340e-02
 91   33 4.87062e-02
 91   35 4.90214e-02
 91   37 4.54002e-02
 91   39 4.19634e-02
 91   41 5.50440e-02
 91   43 4.86080e-02
 91   45 4.23545e-02
 91   47 5.43719e-02
 91   49 5.15798e-02
 91   51 5.84438e-02
 91   53 4.68827e-02
 91   55 5.16465e-02
 91   57 5.14844e-02
 91   59 4.96507e-02
 91   61 6.33683e-02
 91   63 6.74442e-02
 91   65 5.27762e-02
 91   67 5.76548e-02
 91   69 6.15639e-02
 91   71 7.67805e-02
 91   73 8.17371e-02
 91   75 7.64448e-02
 91   77 8.42742e-02
 91   79 1.03644e-01
 91   81 1.26365e-01
 91   83 1.62271e-01
 91   85 2.18090e-01
 91   87 4.06936e-01
 91   89 1.17054e+00
