# 13C+CO2(ji) -> 13C+CO2(jf) molscat cross sections, CS8_JMAX90 approx. (written on 08/08/2023); 
# E=19240.000000 (1/cm) = 2.385455957846454 eV
# ji  jf sigma(ji,jf) (1e-16 cm^2)
  1    1 1.66197e+02
  1    3 2.40243e+01
  1    5 7.87536e+00
  1    7 2.78098e+00
  1    9 2.07543e+00
  1   11 1.74725e+00
  1   13 1.15807e+00
  1   15 1.26091e+00
  1   17 1.21320e+00
  1   19 8.66848e-01
  1   21 1.06281e+00
  1   23 8.88716e-01
  1   25 7.13523e-01
  1   27 7.09243e-01
  1   29 7.18768e-01
  1   31 6.11303e-01
  1   33 7.18841e-01
  1   35 6.01205e-01
  1   37 6.05937e-01
  1   39 5.50298e-01
  1   41 5.47585e-01
  1   43 6.52073e-01
  1   45 4.97751e-01
  1   47 6.20836e-01
  1   49 5.72512e-01
  1   51 5.91201e-01
  1   53 5.96944e-01
  1   55 6.51144e-01
  1   57 6.54320e-01
  1   59 6.54939e-01
  1   61 6.66997e-01
  1   63 5.57603e-01
  1   65 5.34246e-01
  1   67 5.17026e-01
  1   69 5.43018e-01
  1   71 3.78835e-01
  1   73 3.79852e-01
  1   75 4.96169e-01
  1   77 4.04807e-01
  1   79 7.52747e-01
  1   81 3.97459e-01
  1   83 6.01417e-01
  1   85 3.23987e-01
  1   87 6.30886e-01
  1   89 2.58260e-01
  1   91 5.64556e-01
  2    2 1.75434e+02
  2    4 1.78789e+01
  2    6 5.69470e+00
  2    8 2.49261e+00
  2   10 1.96267e+00
  2   12 1.49227e+00
  2   14 1.22398e+00
  2   16 1.27187e+00
  2   18 1.01295e+00
  2   20 9.34501e-01
  2   22 8.96521e-01
  2   24 8.38262e-01
  2   26 7.54608e-01
  2   28 7.16168e-01
  2   30 6.66502e-01
  2   32 6.80398e-01
  2   34 7.60528e-01
  2   36 5.77716e-01
  2   38 5.92880e-01
  2   40 5.52843e-01
  2   42 5.47765e-01
  2   44 5.35991e-01
  2   46 5.72252e-01
  2   48 6.35172e-01
  2   50 5.30685e-01
  2   52 6.16587e-01
  2   54 6.83910e-01
  2   56 6.65808e-01
  2   58 6.03315e-01
  2   60 6.50717e-01
  2   62 6.47731e-01
  2   64 6.51384e-01
  2   66 4.52454e-01
  2   68 5.48841e-01
  2   70 4.84902e-01
  2   72 3.76010e-01
  2   74 5.43478e-01
  2   76 4.26240e-01
  2   78 6.82824e-01
  2   80 4.95370e-01
  2   82 6.12734e-01
  2   84 3.32660e-01
  2   86 6.08905e-01
  2   88 2.81229e-01
  2   90 5.08455e-01
  3    1 4.80544e+00
  3    3 1.75264e+02
  3    5 1.52495e+01
  3    7 4.96345e+00
  3    9 2.35846e+00
  3   11 1.72380e+00
  3   13 1.43917e+00
  3   15 1.19506e+00
  3   17 1.07588e+00
  3   19 1.03310e+00
  3   21 9.59709e-01
  3   23 8.42177e-01
  3   25 8.05037e-01
  3   27 7.27372e-01
  3   29 7.12193e-01
  3   31 6.50608e-01
  3   33 6.98199e-01
  3   35 6.26352e-01
  3   37 5.96057e-01
  3   39 6.23903e-01
  3   41 5.41314e-01
  3   43 6.10932e-01
  3   45 5.28461e-01
  3   47 5.71297e-01
  3   49 5.49656e-01
  3   51 6.07039e-01
  3   53 6.38749e-01
  3   55 6.12876e-01
  3   57 6.46660e-01
  3   59 6.36631e-01
  3   61 6.53690e-01
  3   63 5.89990e-01
  3   65 5.73700e-01
  3   67 4.72874e-01
  3   69 5.85959e-01
  3   71 3.90857e-01
  3   73 3.98855e-01
  3   75 5.26900e-01
  3   77 4.28557e-01
  3   79 6.59840e-01
  3   81 3.90717e-01
  3   83 6.66061e-01
  3   85 3.49484e-01
  3   87 6.37060e-01
  3   89 2.61326e-01
  3   91 5.21315e-01
  4    2 7.66395e+00
  4    4 1.74464e+02
  4    6 1.41388e+01
  4    8 4.60329e+00
  4   10 2.13747e+00
  4   12 1.65562e+00
  4   14 1.44428e+00
  4   16 1.16115e+00
  4   18 1.06200e+00
  4   20 1.00690e+00
  4   22 8.73494e-01
  4   24 8.18779e-01
  4   26 7.96421e-01
  4   28 7.17716e-01
  4   30 7.19111e-01
  4   32 6.71163e-01
  4   34 7.06430e-01
  4   36 6.01292e-01
  4   38 6.15560e-01
  4   40 5.72085e-01
  4   42 6.05802e-01
  4   44 5.51107e-01
  4   46 5.35366e-01
  4   48 5.98685e-01
  4   50 5.84125e-01
  4   52 6.19763e-01
  4   54 5.98322e-01
  4   56 6.69217e-01
  4   58 6.67582e-01
  4   60 7.00176e-01
  4   62 5.92150e-01
  4   64 6.18635e-01
  4   66 4.91816e-01
  4   68 5.44115e-01
  4   70 4.87896e-01
  4   72 4.12627e-01
  4   74 5.49910e-01
  4   76 4.09605e-01
  4   78 6.63208e-01
  4   80 4.29712e-01
  4   82 6.56191e-01
  4   84 3.93853e-01
  4   86 6.02003e-01
  4   88 2.99717e-01
  4   90 4.86176e-01
  5    1 8.75395e-01
  5    3 8.47433e+00
  5    5 1.74433e+02
  5    7 1.35653e+01
  5    9 4.31586e+00
  5   11 2.05454e+00
  5   13 1.61024e+00
  5   15 1.37871e+00
  5   17 1.08060e+00
  5   19 1.07426e+00
  5   21 9.67502e-01
  5   23 8.53733e-01
  5   25 8.19306e-01
  5   27 7.87517e-01
  5   29 7.41629e-01
  5   31 6.65680e-01
  5   33 6.62964e-01
  5   35 6.55566e-01
  5   37 6.16505e-01
  5   39 5.91464e-01
  5   41 5.94705e-01
  5   43 6.01112e-01
  5   45 5.55320e-01
  5   47 5.45534e-01
  5   49 5.54707e-01
  5   51 6.15621e-01
  5   53 6.43945e-01
  5   55 6.12401e-01
  5   57 6.54841e-01
  5   59 6.44100e-01
  5   61 6.14996e-01
  5   63 5.94720e-01
  5   65 6.23834e-01
  5   67 5.02592e-01
  5   69 5.15165e-01
  5   71 4.29555e-01
  5   73 4.39514e-01
  5   75 5.20875e-01
  5   77 4.24302e-01
  5   79 6.05928e-01
  5   81 4.02185e-01
  5   83 6.40460e-01
  5   85 3.96501e-01
  5   87 6.07114e-01
  5   89 2.80207e-01
  5   91 5.10809e-01
  6    2 1.55398e+00
  6    4 9.00068e+00
  6    6 1.74303e+02
  6    8 1.30707e+01
  6   10 4.17669e+00
  6   12 2.02326e+00
  6   14 1.57096e+00
  6   16 1.31730e+00
  6   18 1.09251e+00
  6   20 1.03245e+00
  6   22 9.34736e-01
  6   24 8.51253e-01
  6   26 7.99442e-01
  6   28 7.70976e-01
  6   30 7.04863e-01
  6   32 6.86374e-01
  6   34 6.77265e-01
  6   36 6.56120e-01
  6   38 6.08328e-01
  6   40 5.90685e-01
  6   42 5.96680e-01
  6   44 5.79468e-01
  6   46 5.46285e-01
  6   48 6.13225e-01
  6   50 5.89324e-01
  6   52 5.97028e-01
  6   54 6.28940e-01
  6   56 6.93272e-01
  6   58 6.36170e-01
  6   60 6.07323e-01
  6   62 5.84398e-01
  6   64 6.28251e-01
  6   66 5.44945e-01
  6   68 5.41386e-01
  6   70 5.09042e-01
  6   72 4.30769e-01
  6   74 5.48512e-01
  6   76 4.18745e-01
  6   78 6.20251e-01
  6   80 4.28966e-01
  6   82 6.17718e-01
  6   84 4.23115e-01
  6   86 5.87313e-01
  6   88 3.07734e-01
  6   90 5.20992e-01
  7    1 2.14104e-01
  7    3 1.91042e+00
  7    5 9.39555e+00
  7    7 1.74382e+02
  7    9 1.28141e+01
  7   11 4.07960e+00
  7   13 1.94678e+00
  7   15 1.52014e+00
  7   17 1.32269e+00
  7   19 1.03029e+00
  7   21 1.03083e+00
  7   23 9.09520e-01
  7   25 8.17079e-01
  7   27 7.93368e-01
  7   29 7.28650e-01
  7   31 6.87890e-01
  7   33 6.70468e-01
  7   35 6.68037e-01
  7   37 6.76841e-01
  7   39 5.86968e-01
  7   41 6.34784e-01
  7   43 5.76755e-01
  7   45 5.72022e-01
  7   47 5.66717e-01
  7   49 5.88714e-01
  7   51 6.06693e-01
  7   53 5.98438e-01
  7   55 6.47528e-01
  7   57 6.37293e-01
  7   59 6.55507e-01
  7   61 5.61073e-01
  7   63 5.77503e-01
  7   65 6.25021e-01
  7   67 5.37784e-01
  7   69 4.95632e-01
  7   71 4.86215e-01
  7   73 4.59743e-01
  7   75 5.21730e-01
  7   77 4.22414e-01
  7   79 5.93477e-01
  7   81 4.55045e-01
  7   83 6.01208e-01
  7   85 4.06706e-01
  7   87 5.83661e-01
  7   89 2.86354e-01
  7   91 5.19296e-01
  8    2 4.99068e-01
  8    4 2.15012e+00
  8    6 9.59021e+00
  8    8 1.74331e+02
  8   10 1.25991e+01
  8   12 3.97930e+00
  8   14 1.89802e+00
  8   16 1.51334e+00
  8   18 1.26557e+00
  8   20 1.02401e+00
  8   22 1.01676e+00
  8   24 9.28663e-01
  8   26 7.84854e-01
  8   28 8.00810e-01
  8   30 7.41147e-01
  8   32 6.72604e-01
  8   34 6.94706e-01
  8   36 6.64811e-01
  8   38 6.24627e-01
  8   40 5.98476e-01
  8   42 6.09191e-01
  8   44 5.67832e-01
  8   46 5.77295e-01
  8   48 5.93861e-01
  8   50 6.05123e-01
  8   52 6.03343e-01
  8   54 6.19727e-01
  8   56 6.68907e-01
  8   58 6.17337e-01
  8   60 5.77700e-01
  8   62 5.95749e-01
  8   64 5.79840e-01
  8   66 5.90399e-01
  8   68 5.89027e-01
  8   70 5.36484e-01
  8   72 4.52761e-01
  8   74 5.55266e-01
  8   76 4.42092e-01
  8   78 5.75211e-01
  8   80 4.57460e-01
  8   82 6.00373e-01
  8   84 4.32178e-01
  8   86 5.96210e-01
  8   88 3.24769e-01
  8   90 5.26789e-01
  9    1 1.22263e-01
  9    3 6.94593e-01
  9    5 2.28728e+00
  9    7 9.80498e+00
  9    9 1.74453e+02
  9   11 1.24304e+01
  9   13 3.89898e+00
  9   15 1.88077e+00
  9   17 1.48168e+00
  9   19 1.24541e+00
  9   21 1.02459e+00
  9   23 9.83825e-01
  9   25 8.88430e-01
  9   27 7.89954e-01
  9   29 7.82748e-01
  9   31 7.13657e-01
  9   33 6.60516e-01
  9   35 6.76189e-01
  9   37 6.55443e-01
  9   39 6.18788e-01
  9   41 6.19661e-01
  9   43 6.01783e-01
  9   45 5.90194e-01
  9   47 5.70336e-01
  9   49 6.02883e-01
  9   51 6.27041e-01
  9   53 5.96090e-01
  9   55 6.53186e-01
  9   57 6.11327e-01
  9   59 6.29146e-01
  9   61 5.73491e-01
  9   63 5.85144e-01
  9   65 5.85702e-01
  9   67 5.74763e-01
  9   69 5.37829e-01
  9   71 5.28228e-01
  9   73 4.47648e-01
  9   75 5.18812e-01
  9   77 4.27146e-01
  9   79 5.48966e-01
  9   81 4.34676e-01
  9   83 6.20240e-01
  9   85 4.30210e-01
  9   87 5.81202e-01
  9   89 3.12822e-01
  9   91 5.13985e-01
 10    2 3.10450e-01
 10    4 7.88737e-01
 10    6 2.42103e+00
 10    8 9.95357e+00
 10   10 1.51738e+02
 10   12 1.17320e+01
 10   14 3.58709e+00
 10   16 1.64249e+00
 10   18 1.30254e+00
 10   20 1.10190e+00
 10   22 9.12664e-01
 10   24 8.88751e-01
 10   26 8.28647e-01
 10   28 7.17873e-01
 10   30 6.94822e-01
 10   32 6.21657e-01
 10   34 6.06377e-01
 10   36 5.77749e-01
 10   38 5.76742e-01
 10   40 5.84786e-01
 10   42 5.99025e-01
 10   44 5.30009e-01
 10   46 5.43950e-01
 10   48 5.68719e-01
 10   50 5.54749e-01
 10   52 5.86845e-01
 10   54 5.61858e-01
 10   56 5.68258e-01
 10   58 5.82445e-01
 10   60 5.13727e-01
 10   62 5.68126e-01
 10   64 5.40494e-01
 10   66 5.56541e-01
 10   68 5.25394e-01
 10   70 5.16271e-01
 10   72 4.56288e-01
 10   74 5.09936e-01
 10   76 4.23856e-01
 10   78 4.94432e-01
 10   80 4.34154e-01
 10   82 4.88890e-01
 10   84 4.13666e-01
 10   86 5.46926e-01
 10   88 2.74885e-01
 10   90 5.05133e-01
 11    1 8.33884e-02
 11    3 4.11295e-01
 11    5 8.82126e-01
 11    7 2.52896e+00
 11    9 1.00705e+01
 11   11 1.34671e+02
 11   13 1.10773e+01
 11   15 3.35773e+00
 11   17 1.51024e+00
 11   19 1.16689e+00
 11   21 9.76360e-01
 11   23 8.28627e-01
 11   25 7.75088e-01
 11   27 7.39451e-01
 11   29 6.35768e-01
 11   31 6.02728e-01
 11   33 5.45996e-01
 11   35 5.37370e-01
 11   37 5.11927e-01
 11   39 5.24613e-01
 11   41 5.18412e-01
 11   43 5.22919e-01
 11   45 4.82416e-01
 11   47 4.85302e-01
 11   49 4.96220e-01
 11   51 5.26973e-01
 11   53 5.12846e-01
 11   55 5.18035e-01
 11   57 5.04907e-01
 11   59 5.23955e-01
 11   61 4.55235e-01
 11   63 4.86038e-01
 11   65 5.03628e-01
 11   67 5.01632e-01
 11   69 4.57844e-01
 11   71 4.32970e-01
 11   73 4.10806e-01
 11   75 3.97758e-01
 11   77 3.86844e-01
 11   79 4.13986e-01
 11   81 3.63925e-01
 11   83 3.93013e-01
 11   85 3.38057e-01
 11   87 4.57620e-01
 11   89 2.25000e-01
 11   91 3.97898e-01
 12    2 1.95159e-01
 12    4 5.05115e-01
 12    6 9.69653e-01
 12    8 2.59920e+00
 12   10 9.69993e+00
 12   12 1.21066e+02
 12   14 1.03725e+01
 12   16 3.20330e+00
 12   18 1.39263e+00
 12   20 1.09206e+00
 12   22 9.16140e-01
 12   24 7.52560e-01
 12   26 7.29015e-01
 12   28 6.62790e-01
 12   30 5.79077e-01
 12   32 5.37612e-01
 12   34 5.39229e-01
 12   36 4.79065e-01
 12   38 4.68541e-01
 12   40 4.70069e-01
 12   42 4.84528e-01
 12   44 4.68572e-01
 12   46 4.63064e-01
 12   48 4.57605e-01
 12   50 4.72754e-01
 12   52 5.00816e-01
 12   54 4.92732e-01
 12   56 4.64433e-01
 12   58 4.32613e-01
 12   60 4.35945e-01
 12   62 4.51553e-01
 12   64 4.71755e-01
 12   66 4.14440e-01
 12   68 4.66158e-01
 12   70 3.89761e-01
 12   72 4.36143e-01
 12   74 3.56616e-01
 12   76 3.90819e-01
 12   78 3.55760e-01
 12   80 3.63826e-01
 12   82 3.52074e-01
 12   84 3.04899e-01
 12   86 3.63150e-01
 12   88 1.93508e-01
 12   90 3.47539e-01
 13    1 4.64698e-02
 13    3 2.88712e-01
 13    5 5.81289e-01
 13    7 1.01467e+00
 13    9 2.65584e+00
 13   11 9.31361e+00
 13   13 1.09979e+02
 13   15 9.73537e+00
 13   17 3.01868e+00
 13   19 1.31452e+00
 13   21 9.99728e-01
 13   23 8.39929e-01
 13   25 6.71286e-01
 13   27 6.44954e-01
 13   29 6.23158e-01
 13   31 5.18132e-01
 13   33 5.08612e-01
 13   35 4.72199e-01
 13   37 4.43335e-01
 13   39 4.21109e-01
 13   41 4.32303e-01
 13   43 4.46797e-01
 13   45 4.26640e-01
 13   47 4.23855e-01
 13   49 4.23433e-01
 13   51 4.42495e-01
 13   53 4.53940e-01
 13   55 4.11073e-01
 13   57 3.81373e-01
 13   59 3.86754e-01
 13   61 3.66719e-01
 13   63 4.06444e-01
 13   65 4.02186e-01
 13   67 3.50585e-01
 13   69 4.34204e-01
 13   71 3.46794e-01
 13   73 3.93043e-01
 13   75 2.87611e-01
 13   77 3.52404e-01
 13   79 3.07319e-01
 13   81 3.18098e-01
 13   83 2.94769e-01
 13   85 2.70208e-01
 13   87 3.28062e-01
 13   89 1.76706e-01
 13   91 3.04439e-01
 14    2 1.36496e-01
 14    4 3.75738e-01
 14    6 6.42000e-01
 14    8 1.05716e+00
 14   10 2.52897e+00
 14   12 8.84480e+00
 14   14 1.00638e+02
 14   16 9.10324e+00
 14   18 2.87623e+00
 14   20 1.24269e+00
 14   22 9.34206e-01
 14   24 7.69048e-01
 14   26 6.19245e-01
 14   28 6.00364e-01
 14   30 5.60944e-01
 14   32 5.05248e-01
 14   34 4.67111e-01
 14   36 4.58099e-01
 14   38 4.15318e-01
 14   40 4.11717e-01
 14   42 3.88556e-01
 14   44 4.24398e-01
 14   46 3.95216e-01
 14   48 4.09313e-01
 14   50 4.07058e-01
 14   52 3.80480e-01
 14   54 3.92099e-01
 14   56 3.89571e-01
 14   58 3.24177e-01
 14   60 3.71854e-01
 14   62 2.98553e-01
 14   64 4.14392e-01
 14   66 2.77201e-01
 14   68 4.12555e-01
 14   70 2.87266e-01
 14   72 3.97812e-01
 14   74 3.00531e-01
 14   76 3.38817e-01
 14   78 3.06627e-01
 14   80 3.19662e-01
 14   82 3.38147e-01
 14   84 2.37571e-01
 14   86 3.15013e-01
 14   88 1.62029e-01
 14   90 2.85478e-01
 15    1 4.36658e-02
 15    3 2.06901e-01
 15    5 4.29532e-01
 15    7 6.83772e-01
 15    9 1.10562e+00
 15   11 2.43641e+00
 15   13 8.40179e+00
 15   15 9.28367e+01
 15   17 8.53645e+00
 15   19 2.74604e+00
 15   21 1.16986e+00
 15   23 8.65095e-01
 15   25 7.53666e-01
 15   27 5.78016e-01
 15   29 5.63301e-01
 15   31 5.13049e-01
 15   33 4.65599e-01
 15   35 4.30452e-01
 15   37 4.12272e-01
 15   39 3.73095e-01
 15   41 3.93766e-01
 15   43 3.74700e-01
 15   45 3.76142e-01
 15   47 3.80751e-01
 15   49 3.85426e-01
 15   51 3.42287e-01
 15   53 3.32254e-01
 15   55 3.06398e-01
 15   57 3.15615e-01
 15   59 2.69370e-01
 15   61 3.20976e-01
 15   63 2.60669e-01
 15   65 3.65298e-01
 15   67 2.52056e-01
 15   69 3.85968e-01
 15   71 2.55147e-01
 15   73 3.69194e-01
 15   75 2.83512e-01
 15   77 3.20568e-01
 15   79 2.88010e-01
 15   81 2.70828e-01
 15   83 2.94382e-01
 15   85 2.36060e-01
 15   87 2.89298e-01
 15   89 1.37762e-01
 15   91 2.47641e-01
 16    2 1.23681e-01
 16    4 2.63414e-01
 16    6 4.69429e-01
 16    8 7.35007e-01
 16   10 1.00977e+00
 16   12 2.38187e+00
 16   14 7.93800e+00
 16   16 8.61476e+01
 16   18 8.01437e+00
 16   20 2.61829e+00
 16   22 1.08733e+00
 16   24 8.32220e-01
 16   26 6.85174e-01
 16   28 5.41833e-01
 16   30 5.29502e-01
 16   32 4.94079e-01
 16   34 4.10813e-01
 16   36 3.97969e-01
 16   38 4.14217e-01
 16   40 3.76212e-01
 16   42 3.62801e-01
 16   44 3.51072e-01
 16   46 3.50710e-01
 16   48 3.43057e-01
 16   50 3.20696e-01
 16   52 2.98932e-01
 16   54 2.92705e-01
 16   56 2.93690e-01
 16   58 2.72141e-01
 16   60 2.96054e-01
 16   62 2.43919e-01
 16   64 3.58955e-01
 16   66 2.46797e-01
 16   68 3.50894e-01
 16   70 2.64477e-01
 16   72 3.28057e-01
 16   74 2.72319e-01
 16   76 3.15317e-01
 16   78 3.30831e-01
 16   80 2.64033e-01
 16   82 3.08745e-01
 16   84 2.30276e-01
 16   86 2.48254e-01
 16   88 1.51931e-01
 16   90 2.18418e-01
 17    1 3.69675e-02
 17    3 1.63897e-01
 17    5 2.96223e-01
 17    7 5.23504e-01
 17    9 7.66403e-01
 17   11 9.64236e-01
 17   13 2.29229e+00
 17   15 7.51121e+00
 17   17 8.03830e+01
 17   19 7.53987e+00
 17   21 2.47522e+00
 17   23 1.03407e+00
 17   25 7.88399e-01
 17   27 6.94436e-01
 17   29 5.03180e-01
 17   31 5.07754e-01
 17   33 4.43457e-01
 17   35 3.95305e-01
 17   37 3.89141e-01
 17   39 3.68449e-01
 17   41 3.48950e-01
 17   43 3.29845e-01
 17   45 3.46424e-01
 17   47 3.40867e-01
 17   49 3.14260e-01
 17   51 2.89469e-01
 17   53 2.61367e-01
 17   55 2.71348e-01
 17   57 2.66560e-01
 17   59 2.41640e-01
 17   61 2.66639e-01
 17   63 2.23912e-01
 17   65 3.17312e-01
 17   67 2.30192e-01
 17   69 3.07058e-01
 17   71 2.26880e-01
 17   73 3.06207e-01
 17   75 2.67177e-01
 17   77 2.77099e-01
 17   79 2.90035e-01
 17   81 2.41407e-01
 17   83 2.74999e-01
 17   85 2.04496e-01
 17   87 2.29018e-01
 17   89 1.41542e-01
 17   91 2.09684e-01
 18    2 8.73626e-02
 18    4 2.13675e-01
 18    6 3.45294e-01
 18    8 5.45156e-01
 18   10 7.10211e-01
 18   12 9.18405e-01
 18   14 2.22442e+00
 18   16 7.10800e+00
 18   18 7.55046e+01
 18   20 7.09398e+00
 18   22 2.35330e+00
 18   24 9.93572e-01
 18   26 7.58168e-01
 18   28 6.24213e-01
 18   30 4.75174e-01
 18   32 4.87669e-01
 18   34 4.25354e-01
 18   36 3.78772e-01
 18   38 3.66430e-01
 18   40 3.58951e-01
 18   42 3.40505e-01
 18   44 3.33973e-01
 18   46 3.16144e-01
 18   48 2.77297e-01
 18   50 2.83644e-01
 18   52 2.68093e-01
 18   54 2.54563e-01
 18   56 2.35098e-01
 18   58 2.47180e-01
 18   60 2.44184e-01
 18   62 2.55382e-01
 18   64 2.63008e-01
 18   66 2.49525e-01
 18   68 2.67680e-01
 18   70 2.52783e-01
 18   72 2.39928e-01
 18   74 2.42193e-01
 18   76 2.61204e-01
 18   78 2.68549e-01
 18   80 2.54777e-01
 18   82 2.45282e-01
 18   84 2.29951e-01
 18   86 2.31197e-01
 18   88 1.58801e-01
 18   90 2.16585e-01
 19    1 2.35920e-02
 19    3 1.40567e-01
 19    5 2.63024e-01
 19    7 3.64212e-01
 19    9 5.75369e-01
 19   11 6.65425e-01
 19   13 8.91566e-01
 19   15 2.15810e+00
 19   17 6.73436e+00
 19   19 7.10096e+01
 19   21 6.69843e+00
 19   23 2.25433e+00
 19   25 9.42908e-01
 19   27 7.00036e-01
 19   29 6.00499e-01
 19   31 4.83153e-01
 19   33 4.42343e-01
 19   35 4.21193e-01
 19   37 3.75558e-01
 19   39 3.39731e-01
 19   41 3.34456e-01
 19   43 3.17751e-01
 19   45 3.10039e-01
 19   47 2.81520e-01
 19   49 2.47099e-01
 19   51 2.59975e-01
 19   53 2.28973e-01
 19   55 2.49042e-01
 19   57 2.45650e-01
 19   59 2.36273e-01
 19   61 2.20496e-01
 19   63 2.25873e-01
 19   65 2.54140e-01
 19   67 2.31280e-01
 19   69 2.40100e-01
 19   71 2.30859e-01
 19   73 2.19587e-01
 19   75 2.44342e-01
 19   77 2.36293e-01
 19   79 2.45150e-01
 19   81 2.52616e-01
 19   83 2.32117e-01
 19   85 2.12538e-01
 19   87 1.84812e-01
 19   89 1.32824e-01
 19   91 1.84820e-01
 20    2 7.24401e-02
 20    4 1.82085e-01
 20    6 2.93288e-01
 20    8 3.96457e-01
 20   10 5.40005e-01
 20   12 6.47300e-01
 20   14 8.63806e-01
 20   16 2.08716e+00
 20   18 6.37602e+00
 20   20 6.71929e+01
 20   22 6.37735e+00
 20   24 2.14173e+00
 20   26 8.82160e-01
 20   28 6.69866e-01
 20   30 5.56378e-01
 20   32 4.37528e-01
 20   34 4.51004e-01
 20   36 4.14801e-01
 20   38 3.64967e-01
 20   40 3.24178e-01
 20   42 3.37888e-01
 20   44 3.05372e-01
 20   46 2.96966e-01
 20   48 2.50347e-01
 20   50 2.37513e-01
 20   52 2.34707e-01
 20   54 2.18349e-01
 20   56 2.06135e-01
 20   58 2.43257e-01
 20   60 2.23376e-01
 20   62 2.23964e-01
 20   64 2.00999e-01
 20   66 2.61584e-01
 20   68 2.19781e-01
 20   70 2.19296e-01
 20   72 2.13084e-01
 20   74 2.26857e-01
 20   76 2.42343e-01
 20   78 1.90588e-01
 20   80 2.67428e-01
 20   82 2.05087e-01
 20   84 2.38870e-01
 20   86 1.96545e-01
 20   88 1.59049e-01
 20   90 1.70568e-01
 21    1 2.61449e-02
 21    3 1.18029e-01
 21    5 2.14116e-01
 21    7 3.29377e-01
 21    9 4.27853e-01
 21   11 5.03258e-01
 21   13 6.12882e-01
 21   15 8.31019e-01
 21   17 1.99828e+00
 21   19 6.05457e+00
 21   21 6.36531e+01
 21   23 6.03361e+00
 21   25 2.04268e+00
 21   27 8.32958e-01
 21   29 6.30847e-01
 21   31 5.49440e-01
 21   33 4.30072e-01
 21   35 4.25561e-01
 21   37 3.85157e-01
 21   39 3.37299e-01
 21   41 3.28291e-01
 21   43 3.23060e-01
 21   45 2.73765e-01
 21   47 2.58949e-01
 21   49 2.33563e-01
 21   51 2.26973e-01
 21   53 1.93740e-01
 21   55 2.34409e-01
 21   57 2.02327e-01
 21   59 2.07552e-01
 21   61 2.07797e-01
 21   63 2.26472e-01
 21   65 2.09340e-01
 21   67 2.34076e-01
 21   69 1.95189e-01
 21   71 2.16610e-01
 21   73 1.90631e-01
 21   75 2.10095e-01
 21   77 2.11726e-01
 21   79 1.74262e-01
 21   81 2.34818e-01
 21   83 1.89920e-01
 21   85 2.24434e-01
 21   87 1.76880e-01
 21   89 1.39944e-01
 21   91 1.79350e-01
 22    2 6.31371e-02
 22    4 1.43507e-01
 22    6 2.41233e-01
 22    8 3.57631e-01
 22   10 4.06342e-01
 22   12 4.93339e-01
 22   14 5.89957e-01
 22   16 7.87454e-01
 22   18 1.92159e+00
 22   20 5.79382e+00
 22   22 6.05800e+01
 22   24 5.74446e+00
 22   26 1.94912e+00
 22   28 7.98381e-01
 22   30 6.13619e-01
 22   32 5.15825e-01
 22   34 3.94949e-01
 22   36 4.12039e-01
 22   38 3.95688e-01
 22   40 3.44038e-01
 22   42 3.14371e-01
 22   44 2.88586e-01
 22   46 2.68298e-01
 22   48 2.50112e-01
 22   50 2.29093e-01
 22   52 2.10863e-01
 22   54 2.02221e-01
 22   56 1.91737e-01
 22   58 2.07025e-01
 22   60 1.97942e-01
 22   62 2.24881e-01
 22   64 1.92257e-01
 22   66 2.12427e-01
 22   68 1.74471e-01
 22   70 2.10372e-01
 22   72 1.82644e-01
 22   74 2.17086e-01
 22   76 1.99087e-01
 22   78 1.87949e-01
 22   80 2.55742e-01
 22   82 1.85283e-01
 22   84 2.30516e-01
 22   86 1.68281e-01
 22   88 1.28623e-01
 22   90 1.76185e-01
 23    1 1.99540e-02
 23    3 9.45340e-02
 23    5 1.72447e-01
 23    7 2.65248e-01
 23    9 3.74972e-01
 23   11 3.89831e-01
 23   13 4.69974e-01
 23   15 5.60887e-01
 23   17 7.61955e-01
 23   19 1.85979e+00
 23   21 5.50697e+00
 23   23 5.77645e+01
 23   25 5.47520e+00
 23   27 1.88348e+00
 23   29 7.57841e-01
 23   31 5.77183e-01
 23   33 5.18593e-01
 23   35 3.93709e-01
 23   37 3.90458e-01
 23   39 3.75190e-01
 23   41 3.11454e-01
 23   43 2.91506e-01
 23   45 2.59249e-01
 23   47 2.43526e-01
 23   49 2.43157e-01
 23   51 2.00042e-01
 23   53 2.08432e-01
 23   55 1.94978e-01
 23   57 1.93363e-01
 23   59 2.03542e-01
 23   61 1.69076e-01
 23   63 1.95606e-01
 23   65 1.82135e-01
 23   67 2.08196e-01
 23   69 1.57477e-01
 23   71 1.91125e-01
 23   73 1.73523e-01
 23   75 1.67754e-01
 23   77 2.08312e-01
 23   79 1.86510e-01
 23   81 2.52840e-01
 23   83 1.55128e-01
 23   85 2.05478e-01
 23   87 1.56505e-01
 23   89 1.33291e-01
 23   91 1.64377e-01
 24    2 5.41097e-02
 24    4 1.23297e-01
 24    6 2.01362e-01
 24    8 2.99397e-01
 24   10 3.62687e-01
 24   12 3.71447e-01
 24   14 4.45147e-01
 24   16 5.52424e-01
 24   18 7.43628e-01
 24   20 1.78345e+00
 24   22 5.26527e+00
 24   24 5.52520e+01
 24   26 5.25099e+00
 24   28 1.79429e+00
 24   30 7.08964e-01
 24   32 5.61107e-01
 24   34 4.84156e-01
 24   36 3.65074e-01
 24   38 3.87829e-01
 24   40 3.69811e-01
 24   42 2.85485e-01
 24   44 2.81706e-01
 24   46 2.53866e-01
 24   48 2.34749e-01
 24   50 2.19532e-01
 24   52 2.07678e-01
 24   54 2.01816e-01
 24   56 1.94550e-01
 24   58 1.95107e-01
 24   60 1.82275e-01
 24   62 1.86386e-01
 24   64 1.67883e-01
 24   66 1.78618e-01
 24   68 1.73449e-01
 24   70 1.95528e-01
 24   72 1.70986e-01
 24   74 1.95427e-01
 24   76 1.79238e-01
 24   78 1.64932e-01
 24   80 2.61870e-01
 24   82 1.49141e-01
 24   84 1.91313e-01
 24   86 1.57911e-01
 24   88 1.13803e-01
 24   90 1.60219e-01
 25    1 1.47411e-02
 25    3 8.31485e-02
 25    5 1.52277e-01
 25    7 2.19259e-01
 25    9 3.11572e-01
 25   11 3.35522e-01
 25   13 3.45615e-01
 25   15 4.49619e-01
 25   17 5.34538e-01
 25   19 7.15763e-01
 25   21 1.71550e+00
 25   23 5.03795e+00
 25   25 5.29658e+01
 25   27 5.01420e+00
 25   29 1.71158e+00
 25   31 6.78512e-01
 25   33 5.42449e-01
 25   35 4.78966e-01
 25   37 3.60407e-01
 25   39 3.81152e-01
 25   41 3.34560e-01
 25   43 2.69318e-01
 25   45 2.52254e-01
 25   47 2.37591e-01
 25   49 2.18358e-01
 25   51 1.94155e-01
 25   53 2.06058e-01
 25   55 1.92771e-01
 25   57 1.74273e-01
 25   59 1.68458e-01
 25   61 1.57845e-01
 25   63 1.81705e-01
 25   65 1.56263e-01
 25   67 1.62839e-01
 25   69 1.43030e-01
 25   71 1.99317e-01
 25   73 1.59383e-01
 25   75 1.99187e-01
 25   77 1.58295e-01
 25   79 1.53780e-01
 25   81 2.36445e-01
 25   83 1.75373e-01
 25   85 1.88725e-01
 25   87 1.62956e-01
 25   89 1.04193e-01
 25   91 1.46281e-01
 26    2 4.49799e-02
 26    4 1.10746e-01
 26    6 1.74626e-01
 26    8 2.33657e-01
 26   10 3.12265e-01
 26   12 3.32272e-01
 26   14 3.30989e-01
 26   16 4.19988e-01
 26   18 5.23990e-01
 26   20 6.78336e-01
 26   22 1.64973e+00
 26   24 4.84889e+00
 26   26 5.09019e+01
 26   28 4.79921e+00
 26   30 1.64559e+00
 26   32 6.58739e-01
 26   34 5.28598e-01
 26   36 4.60036e-01
 26   38 3.40565e-01
 26   40 3.39039e-01
 26   42 3.16705e-01
 26   44 2.60991e-01
 26   46 2.47893e-01
 26   48 2.30349e-01
 26   50 2.10163e-01
 26   52 1.91596e-01
 26   54 1.89656e-01
 26   56 1.85018e-01
 26   58 1.83739e-01
 26   60 1.62175e-01
 26   62 1.58762e-01
 26   64 1.62394e-01
 26   66 1.86821e-01
 26   68 1.42050e-01
 26   70 1.90799e-01
 26   72 1.50944e-01
 26   74 1.92925e-01
 26   76 1.69074e-01
 26   78 1.68775e-01
 26   80 2.02935e-01
 26   82 1.74904e-01
 26   84 1.76473e-01
 26   86 1.52890e-01
 26   88 1.08779e-01
 26   90 1.48472e-01
 27    1 1.35752e-02
 27    3 6.96026e-02
 27    5 1.35606e-01
 27    7 1.97242e-01
 27    9 2.56666e-01
 27   11 2.96559e-01
 27   13 3.07641e-01
 27   15 3.19474e-01
 27   17 4.36210e-01
 27   19 4.92324e-01
 27   21 6.48102e-01
 27   23 1.60563e+00
 27   25 4.64550e+00
 27   27 4.89555e+01
 27   29 4.61716e+00
 27   31 1.57806e+00
 27   33 6.26731e-01
 27   35 5.02229e-01
 27   37 4.50370e-01
 27   39 3.20487e-01
 27   41 3.15681e-01
 27   43 2.95739e-01
 27   45 2.56872e-01
 27   47 2.38750e-01
 27   49 2.28933e-01
 27   51 1.86996e-01
 27   53 1.87071e-01
 27   55 1.79108e-01
 27   57 1.75700e-01
 27   59 1.61666e-01
 27   61 1.51634e-01
 27   63 1.51868e-01
 27   65 1.51476e-01
 27   67 1.81526e-01
 27   69 1.48596e-01
 27   71 1.80500e-01
 27   73 1.49030e-01
 27   75 2.02313e-01
 27   77 1.55918e-01
 27   79 1.50907e-01
 27   81 1.89460e-01
 27   83 1.38151e-01
 27   85 1.72894e-01
 27   87 1.40053e-01
 27   89 9.62295e-02
 27   91 1.35407e-01
 28    2 3.96704e-02
 28    4 9.27455e-02
 28    6 1.56501e-01
 28    8 2.21552e-01
 28   10 2.51394e-01
 28   12 2.80729e-01
 28   14 2.98209e-01
 28   16 3.08643e-01
 28   18 4.00908e-01
 28   20 4.78674e-01
 28   22 6.27968e-01
 28   24 1.53974e+00
 28   26 4.45990e+00
 28   28 4.72698e+01
 28   30 4.45913e+00
 28   32 1.51817e+00
 28   34 5.99622e-01
 28   36 4.95349e-01
 28   38 4.22189e-01
 28   40 2.92607e-01
 28   42 2.93498e-01
 28   44 3.01976e-01
 28   46 2.56109e-01
 28   48 2.12041e-01
 28   50 2.22065e-01
 28   52 2.09030e-01
 28   54 1.81412e-01
 28   56 1.72798e-01
 28   58 1.70345e-01
 28   60 1.48573e-01
 28   62 1.59809e-01
 28   64 1.55912e-01
 28   66 1.71209e-01
 28   68 1.43646e-01
 28   70 1.88009e-01
 28   72 1.40798e-01
 28   74 1.74618e-01
 28   76 1.51320e-01
 28   78 1.59045e-01
 28   80 1.71325e-01
 28   82 1.26026e-01
 28   84 1.69219e-01
 28   86 1.37418e-01
 28   88 1.09327e-01
 28   90 1.39597e-01
 29    1 1.28211e-02
 29    3 6.35114e-02
 29    5 1.19012e-01
 29    7 1.68822e-01
 29    9 2.37013e-01
 29   11 2.37621e-01
 29   13 2.77012e-01
 29   15 2.90149e-01
 29   17 2.94559e-01
 29   19 3.93575e-01
 29   21 4.57435e-01
 29   23 6.02071e-01
 29   25 1.47779e+00
 29   27 4.30289e+00
 29   29 4.55920e+01
 29   31 4.28420e+00
 29   33 1.46039e+00
 29   35 5.71626e-01
 29   37 4.53376e-01
 29   39 3.99987e-01
 29   41 2.81089e-01
 29   43 2.85532e-01
 29   45 2.91173e-01
 29   47 2.42796e-01
 29   49 2.21156e-01
 29   51 2.10780e-01
 29   53 1.90936e-01
 29   55 1.73872e-01
 29   57 1.58566e-01
 29   59 1.61877e-01
 29   61 1.41474e-01
 29   63 1.53174e-01
 29   65 1.34296e-01
 29   67 1.60194e-01
 29   69 1.46856e-01
 29   71 1.85756e-01
 29   73 1.36073e-01
 29   75 1.65328e-01
 29   77 1.44637e-01
 29   79 1.45457e-01
 29   81 1.72853e-01
 29   83 1.35219e-01
 29   85 1.54662e-01
 29   87 1.29674e-01
 29   89 1.00128e-01
 29   91 1.28688e-01
 30    2 3.44973e-02
 30    4 8.68295e-02
 30    6 1.33694e-01
 30    8 1.91594e-01
 30   10 2.27359e-01
 30   12 2.29181e-01
 30   14 2.60349e-01
 30   16 2.81832e-01
 30   18 2.85165e-01
 30   20 3.71496e-01
 30   22 4.50981e-01
 30   24 5.68476e-01
 30   26 1.42893e+00
 30   28 4.16660e+00
 30   30 4.41349e+01
 30   32 4.13863e+00
 30   34 1.39803e+00
 30   36 5.39654e-01
 30   38 4.42449e-01
 30   40 3.83345e-01
 30   42 2.68809e-01
 30   44 2.89041e-01
 30   46 2.82928e-01
 30   48 2.30718e-01
 30   50 2.05489e-01
 30   52 2.29095e-01
 30   54 1.90856e-01
 30   56 1.59696e-01
 30   58 1.50175e-01
 30   60 1.54716e-01
 30   62 1.63730e-01
 30   64 1.32441e-01
 30   66 1.41704e-01
 30   68 1.57478e-01
 30   70 1.84238e-01
 30   72 1.47614e-01
 30   74 1.49649e-01
 30   76 1.26863e-01
 30   78 1.39764e-01
 30   80 1.72688e-01
 30   82 1.15085e-01
 30   84 1.46199e-01
 30   86 1.39714e-01
 30   88 1.17476e-01
 30   90 1.23090e-01
 31    1 1.02140e-02
 31    3 5.43471e-02
 31    5 1.00063e-01
 31    7 1.49290e-01
 31    9 2.02416e-01
 31   11 2.11014e-01
 31   13 2.15747e-01
 31   15 2.47539e-01
 31   17 2.78423e-01
 31   19 2.96622e-01
 31   21 3.73189e-01
 31   23 4.29522e-01
 31   25 5.48752e-01
 31   27 1.37756e+00
 31   29 4.01303e+00
 31   31 4.27612e+01
 31   33 3.97877e+00
 31   35 1.33195e+00
 31   37 5.07299e-01
 31   39 4.29806e-01
 31   41 3.76416e-01
 31   43 2.55016e-01
 31   45 2.74385e-01
 31   47 2.63915e-01
 31   49 2.20299e-01
 31   51 2.03735e-01
 31   53 2.02985e-01
 31   55 1.74650e-01
 31   57 1.69793e-01
 31   59 1.43197e-01
 31   61 1.65847e-01
 31   63 1.56837e-01
 31   65 1.27658e-01
 31   67 1.38322e-01
 31   69 1.47864e-01
 31   71 1.85677e-01
 31   73 1.29481e-01
 31   75 1.49592e-01
 31   77 1.34330e-01
 31   79 1.28358e-01
 31   81 1.55331e-01
 31   83 1.13382e-01
 31   85 1.42831e-01
 31   87 1.23741e-01
 31   89 9.98998e-02
 31   91 1.14943e-01
 32    2 3.30638e-02
 32    4 7.60863e-02
 32    6 1.22229e-01
 32    8 1.63246e-01
 32   10 1.90984e-01
 32   12 1.99765e-01
 32   14 2.20165e-01
 32   16 2.46902e-01
 32   18 2.74774e-01
 32   20 2.74282e-01
 32   22 3.55933e-01
 32   24 4.22416e-01
 32   26 5.37040e-01
 32   28 1.33186e+00
 32   30 3.88564e+00
 32   32 4.14335e+01
 32   34 3.83898e+00
 32   36 1.29618e+00
 32   38 4.93229e-01
 32   40 4.20647e-01
 32   42 3.48229e-01
 32   44 2.47982e-01
 32   46 2.69808e-01
 32   48 2.64005e-01
 32   50 2.16001e-01
 32   52 2.00864e-01
 32   54 1.88872e-01
 32   56 1.68093e-01
 32   58 1.46833e-01
 32   60 1.62225e-01
 32   62 1.52187e-01
 32   64 1.46404e-01
 32   66 1.73090e-01
 32   68 1.50936e-01
 32   70 1.47071e-01
 32   72 1.39342e-01
 32   74 1.58606e-01
 32   76 1.18777e-01
 32   78 1.27617e-01
 32   80 1.48682e-01
 32   82 1.14467e-01
 32   84 1.30546e-01
 32   86 1.05072e-01
 32   88 9.73533e-02
 32   90 1.12248e-01
 33    1 1.13011e-02
 33    3 5.48764e-02
 33    5 9.37660e-02
 33    7 1.36912e-01
 33    9 1.76273e-01
 33   11 1.79857e-01
 33   13 1.99269e-01
 33   15 2.11371e-01
 33   17 2.28798e-01
 33   19 2.55521e-01
 33   21 2.74852e-01
 33   23 3.63119e-01
 33   25 4.12788e-01
 33   27 5.14776e-01
 33   29 1.28712e+00
 33   31 3.74367e+00
 33   33 4.02177e+01
 33   35 3.70855e+00
 33   37 1.23840e+00
 33   39 4.64095e-01
 33   41 3.88703e-01
 33   43 3.43200e-01
 33   45 2.44429e-01
 33   47 2.54653e-01
 33   49 2.50455e-01
 33   51 2.03523e-01
 33   53 1.98302e-01
 33   55 1.85012e-01
 33   57 1.68466e-01
 33   59 1.39673e-01
 33   61 1.42607e-01
 33   63 1.48465e-01
 33   65 1.47496e-01
 33   67 1.58675e-01
 33   69 1.34113e-01
 33   71 1.43295e-01
 33   73 1.41809e-01
 33   75 1.28977e-01
 33   77 1.11656e-01
 33   79 1.22690e-01
 33   81 1.48434e-01
 33   83 1.17481e-01
 33   85 1.24530e-01
 33   87 1.11499e-01
 33   89 1.04541e-01
 33   91 1.22745e-01
 34    2 3.48450e-02
 34    4 7.55063e-02
 34    6 1.13713e-01
 34    8 1.58972e-01
 34   10 1.75641e-01
 34   12 1.88912e-01
 34   14 1.91911e-01
 34   16 1.93557e-01
 34   18 2.25963e-01
 34   20 2.66567e-01
 34   22 2.56947e-01
 34   24 3.43650e-01
 34   26 4.06307e-01
 34   28 4.95966e-01
 34   30 1.23754e+00
 34   32 3.61952e+00
 34   34 3.90548e+01
 34   36 3.59956e+00
 34   38 1.19634e+00
 34   40 4.38729e-01
 34   42 3.94859e-01
 34   44 3.38285e-01
 34   46 2.43424e-01
 34   48 2.47683e-01
 34   50 2.49268e-01
 34   52 1.90391e-01
 34   54 1.71815e-01
 34   56 1.75026e-01
 34   58 1.67331e-01
 34   60 1.61894e-01
 34   62 1.37925e-01
 34   64 1.51426e-01
 34   66 1.66757e-01
 34   68 1.47378e-01
 34   70 1.36025e-01
 34   72 1.31991e-01
 34   74 1.37643e-01
 34   76 1.11608e-01
 34   78 1.20152e-01
 34   80 1.29819e-01
 34   82 1.11482e-01
 34   84 1.16864e-01
 34   86 1.04048e-01
 34   88 8.70576e-02
 34   90 1.16097e-01
 35    1 8.92860e-03
 35    3 4.65047e-02
 35    5 8.75879e-02
 35    7 1.28865e-01
 35    9 1.70468e-01
 35   11 1.67218e-01
 35   13 1.74763e-01
 35   15 1.84599e-01
 35   17 1.92666e-01
 35   19 2.29838e-01
 35   21 2.56916e-01
 35   23 2.60416e-01
 35   25 3.44306e-01
 35   27 3.89683e-01
 35   29 4.75923e-01
 35   31 1.18388e+00
 35   33 3.50329e+00
 35   35 3.79649e+01
 35   37 3.47843e+00
 35   39 1.14827e+00
 35   41 4.32074e-01
 35   43 3.74516e-01
 35   45 3.27142e-01
 35   47 2.31370e-01
 35   49 2.41266e-01
 35   51 2.31873e-01
 35   53 1.92793e-01
 35   55 1.66963e-01
 35   57 1.73744e-01
 35   59 1.50264e-01
 35   61 1.43548e-01
 35   63 1.39813e-01
 35   65 1.52140e-01
 35   67 1.50820e-01
 35   69 1.38576e-01
 35   71 1.30010e-01
 35   73 1.31776e-01
 35   75 1.32314e-01
 35   77 1.19575e-01
 35   79 1.14179e-01
 35   81 1.28000e-01
 35   83 1.12820e-01
 35   85 1.09294e-01
 35   87 9.81633e-02
 35   89 8.75559e-02
 35   91 1.06315e-01
 36    2 2.50497e-02
 36    4 6.08221e-02
 36    6 1.04255e-01
 36    8 1.43973e-01
 36   10 1.58374e-01
 36   12 1.58833e-01
 36   14 1.78115e-01
 36   16 1.77450e-01
 36   18 1.90426e-01
 36   20 2.32022e-01
 36   22 2.53689e-01
 36   24 2.45230e-01
 36   26 3.34644e-01
 36   28 3.87746e-01
 36   30 4.52085e-01
 36   32 1.15655e+00
 36   34 3.40653e+00
 36   36 3.69187e+01
 36   38 3.37215e+00
 36   40 1.11718e+00
 36   42 4.26067e-01
 36   44 3.79864e-01
 36   46 3.20270e-01
 36   48 2.22892e-01
 36   50 2.31485e-01
 36   52 2.26813e-01
 36   54 1.76130e-01
 36   56 1.69455e-01
 36   58 1.78064e-01
 36   60 1.79738e-01
 36   62 1.53595e-01
 36   64 1.35051e-01
 36   66 1.28672e-01
 36   68 1.39829e-01
 36   70 1.36137e-01
 36   72 1.22284e-01
 36   74 1.26338e-01
 36   76 1.14115e-01
 36   78 1.04806e-01
 36   80 1.15280e-01
 36   82 1.13543e-01
 36   84 9.43702e-02
 36   86 1.05108e-01
 36   88 8.71271e-02
 36   90 9.80909e-02
 37    1 8.53097e-03
 37    3 4.19542e-02
 37    5 7.80861e-02
 37    7 1.23774e-01
 37    9 1.56646e-01
 37   11 1.51018e-01
 37   13 1.55549e-01
 37   15 1.67610e-01
 37   17 1.79800e-01
 37   19 1.94279e-01
 37   21 2.20433e-01
 37   23 2.44838e-01
 37   25 2.45608e-01
 37   27 3.31275e-01
 37   29 3.57843e-01
 37   31 4.27460e-01
 37   33 1.10903e+00
 37   35 3.29756e+00
 37   37 3.59484e+01
 37   39 3.28201e+00
 37   41 1.09016e+00
 37   43 4.04865e-01
 37   45 3.54854e-01
 37   47 3.07025e-01
 37   49 2.11458e-01
 37   51 2.31537e-01
 37   53 2.16798e-01
 37   55 1.75211e-01
 37   57 1.54731e-01
 37   59 1.75368e-01
 37   61 1.64843e-01
 37   63 1.47124e-01
 37   65 1.31988e-01
 37   67 1.25603e-01
 37   69 1.23713e-01
 37   71 1.33814e-01
 37   73 1.17038e-01
 37   75 1.46410e-01
 37   77 1.00336e-01
 37   79 1.06028e-01
 37   81 1.10420e-01
 37   83 9.56055e-02
 37   85 9.86099e-02
 37   87 1.00674e-01
 37   89 8.46516e-02
 37   91 8.60375e-02
 38    2 2.44103e-02
 38    4 5.91242e-02
 38    6 9.17845e-02
 38    8 1.28446e-01
 38   10 1.50122e-01
 38   12 1.47508e-01
 38   14 1.53335e-01
 38   16 1.75377e-01
 38   18 1.74927e-01
 38   20 1.93848e-01
 38   22 2.31332e-01
 38   24 2.47373e-01
 38   26 2.35239e-01
 38   28 3.13807e-01
 38   30 3.51954e-01
 38   32 4.17893e-01
 38   34 1.07507e+00
 38   36 3.20203e+00
 38   38 3.50344e+01
 38   40 3.18823e+00
 38   42 1.04971e+00
 38   44 4.01425e-01
 38   46 3.45090e-01
 38   48 2.95631e-01
 38   50 1.98218e-01
 38   52 2.25052e-01
 38   54 2.34684e-01
 38   56 1.96432e-01
 38   58 1.67705e-01
 38   60 1.71439e-01
 38   62 1.37928e-01
 38   64 1.39537e-01
 38   66 1.26268e-01
 38   68 1.22743e-01
 38   70 1.14502e-01
 38   72 1.16918e-01
 38   74 1.20669e-01
 38   76 1.07069e-01
 38   78 1.06522e-01
 38   80 1.03765e-01
 38   82 9.37777e-02
 38   84 1.01085e-01
 38   86 8.49867e-02
 38   88 9.05334e-02
 38   90 9.23110e-02
 39    1 7.36819e-03
 39    3 4.17635e-02
 39    5 7.12455e-02
 39    7 1.02082e-01
 39    9 1.40643e-01
 39   11 1.47181e-01
 39   13 1.40515e-01
 39   15 1.44254e-01
 39   17 1.61902e-01
 39   19 1.67138e-01
 39   21 1.83589e-01
 39   23 2.23741e-01
 39   25 2.47025e-01
 39   27 2.24193e-01
 39   29 3.00243e-01
 39   31 3.44425e-01
 39   33 3.95258e-01
 39   35 1.03525e+00
 39   37 3.12127e+00
 39   39 3.42179e+01
 39   41 3.08570e+00
 39   43 1.00886e+00
 39   45 3.74710e-01
 39   47 3.32158e-01
 39   49 2.83763e-01
 39   51 1.97978e-01
 39   53 2.17003e-01
 39   55 2.16680e-01
 39   57 1.87305e-01
 39   59 1.69983e-01
 39   61 1.68994e-01
 39   63 1.48205e-01
 39   65 1.26004e-01
 39   67 1.30912e-01
 39   69 1.31790e-01
 39   71 1.14814e-01
 39   73 1.15284e-01
 39   75 1.12133e-01
 39   77 9.58944e-02
 39   79 9.90372e-02
 39   81 1.00837e-01
 39   83 9.60008e-02
 39   85 9.43951e-02
 39   87 7.78447e-02
 39   89 8.27317e-02
 39   91 8.94447e-02
 40    2 2.16791e-02
 40    4 5.23345e-02
 40    6 8.48828e-02
 40    8 1.17214e-01
 40   10 1.44975e-01
 40   12 1.40949e-01
 40   14 1.44775e-01
 40   16 1.51709e-01
 40   18 1.63205e-01
 40   20 1.63993e-01
 40   22 1.91568e-01
 40   24 2.24659e-01
 40   26 2.23045e-01
 40   28 2.07144e-01
 40   30 2.90433e-01
 40   32 3.39444e-01
 40   34 3.75500e-01
 40   36 1.01036e+00
 40   38 3.03656e+00
 40   40 3.33667e+01
 40   42 2.99930e+00
 40   44 9.72179e-01
 40   46 3.62568e-01
 40   48 3.19456e-01
 40   50 2.82473e-01
 40   52 2.14152e-01
 40   54 2.48560e-01
 40   56 2.22108e-01
 40   58 1.74525e-01
 40   60 1.57040e-01
 40   62 1.42129e-01
 40   64 1.41894e-01
 40   66 1.34337e-01
 40   68 1.22096e-01
 40   70 1.17175e-01
 40   72 1.22333e-01
 40   74 9.30524e-02
 40   76 9.55438e-02
 40   78 1.04123e-01
 40   80 1.04194e-01
 40   82 8.02388e-02
 40   84 9.28157e-02
 40   86 8.67832e-02
 40   88 8.44416e-02
 40   90 1.04418e-01
 41    1 6.99290e-03
 41    3 3.45599e-02
 41    5 6.83240e-02
 41    7 1.05294e-01
 41    9 1.34330e-01
 41   11 1.38717e-01
 41   13 1.37581e-01
 41   15 1.45207e-01
 41   17 1.46245e-01
 41   19 1.56936e-01
 41   21 1.70425e-01
 41   23 1.77147e-01
 41   25 2.06804e-01
 41   27 2.10621e-01
 41   29 2.01240e-01
 41   31 2.87696e-01
 41   33 3.15743e-01
 41   35 3.71538e-01
 41   37 9.88839e-01
 41   39 2.94305e+00
 41   41 3.25916e+01
 41   43 2.90653e+00
 41   45 9.37876e-01
 41   47 3.48442e-01
 41   49 3.12729e-01
 41   51 2.76647e-01
 41   53 1.97059e-01
 41   55 2.31656e-01
 41   57 2.16902e-01
 41   59 1.66295e-01
 41   61 1.55202e-01
 41   63 1.35281e-01
 41   65 1.38867e-01
 41   67 1.23927e-01
 41   69 1.25187e-01
 41   71 1.22818e-01
 41   73 1.00712e-01
 41   75 9.61228e-02
 41   77 1.05719e-01
 41   79 8.97200e-02
 41   81 1.02594e-01
 41   83 8.22645e-02
 41   85 8.96958e-02
 41   87 8.41917e-02
 41   89 8.37382e-02
 41   91 9.48917e-02
 42    2 2.05144e-02
 42    4 5.29277e-02
 42    6 8.18899e-02
 42    8 1.13949e-01
 42   10 1.41829e-01
 42   12 1.38753e-01
 42   14 1.30488e-01
 42   16 1.39724e-01
 42   18 1.47859e-01
 42   20 1.63244e-01
 42   22 1.67180e-01
 42   24 1.65635e-01
 42   26 1.98986e-01
 42   28 1.98435e-01
 42   30 1.94502e-01
 42   32 2.68373e-01
 42   34 3.22761e-01
 42   36 3.68005e-01
 42   38 9.54833e-01
 42   40 2.86447e+00
 42   42 3.18729e+01
 42   44 2.81912e+00
 42   46 9.10945e-01
 42   48 3.41158e-01
 42   50 3.23392e-01
 42   52 2.99902e-01
 42   54 2.05543e-01
 42   56 2.06081e-01
 42   58 2.01242e-01
 42   60 1.70494e-01
 42   62 1.54677e-01
 42   64 1.46980e-01
 42   66 1.22843e-01
 42   68 1.22500e-01
 42   70 1.03113e-01
 42   72 1.07167e-01
 42   74 9.83915e-02
 42   76 9.65628e-02
 42   78 9.01825e-02
 42   80 1.03509e-01
 42   82 8.05629e-02
 42   84 8.19413e-02
 42   86 9.59021e-02
 42   88 8.98130e-02
 42   90 9.06550e-02
 43    1 7.96311e-03
 43    3 3.72990e-02
 43    5 6.60403e-02
 43    7 9.14853e-02
 43    9 1.24750e-01
 43   11 1.33805e-01
 43   13 1.35976e-01
 43   15 1.32134e-01
 43   17 1.32193e-01
 43   19 1.42578e-01
 43   21 1.60376e-01
 43   23 1.58550e-01
 43   25 1.59196e-01
 43   27 1.88688e-01
 43   29 1.95481e-01
 43   31 1.86386e-01
 43   33 2.66591e-01
 43   35 3.07961e-01
 43   37 3.51178e-01
 43   39 9.20142e-01
 43   41 2.77943e+00
 43   43 3.11228e+01
 43   45 2.75475e+00
 43   47 9.01203e-01
 43   49 3.26592e-01
 43   51 3.02214e-01
 43   53 2.85876e-01
 43   55 2.05660e-01
 43   57 2.06450e-01
 43   59 1.97432e-01
 43   61 1.67737e-01
 43   63 1.43707e-01
 43   65 1.37600e-01
 43   67 1.18824e-01
 43   69 1.17952e-01
 43   71 1.04034e-01
 43   73 1.05918e-01
 43   75 8.57019e-02
 43   77 8.75678e-02
 43   79 8.92961e-02
 43   81 9.69419e-02
 43   83 8.43588e-02
 43   85 8.85019e-02
 43   87 9.51982e-02
 43   89 8.75367e-02
 43   91 9.83614e-02
 44    2 1.92192e-02
 44    4 4.61001e-02
 44    6 7.61432e-02
 44    8 1.01693e-01
 44   10 1.20148e-01
 44   12 1.28474e-01
 44   14 1.36460e-01
 44   16 1.29453e-01
 44   18 1.38851e-01
 44   20 1.41256e-01
 44   22 1.46936e-01
 44   24 1.56487e-01
 44   26 1.57002e-01
 44   28 1.95478e-01
 44   30 2.00241e-01
 44   32 1.82981e-01
 44   34 2.64749e-01
 44   36 3.14136e-01
 44   38 3.49603e-01
 44   40 8.88965e-01
 44   42 2.69915e+00
 44   44 3.04686e+01
 44   46 2.68312e+00
 44   48 8.73590e-01
 44   50 3.35777e-01
 44   52 2.96915e-01
 44   54 2.74307e-01
 44   56 1.92851e-01
 44   58 1.93673e-01
 44   60 1.98977e-01
 44   62 1.55007e-01
 44   64 1.33828e-01
 44   66 1.29901e-01
 44   68 1.23984e-01
 44   70 1.00985e-01
 44   72 1.07369e-01
 44   74 9.94902e-02
 44   76 9.43424e-02
 44   78 9.63508e-02
 44   80 9.69466e-02
 44   82 8.85899e-02
 44   84 9.63846e-02
 44   86 8.33616e-02
 44   88 8.01983e-02
 44   90 9.27260e-02
 45    1 5.82669e-03
 45    3 3.09272e-02
 45    5 5.84816e-02
 45    7 8.69752e-02
 45    9 1.17278e-01
 45   11 1.18326e-01
 45   13 1.24462e-01
 45   15 1.27147e-01
 45   17 1.33085e-01
 45   19 1.33354e-01
 45   21 1.30273e-01
 45   23 1.35163e-01
 45   25 1.42931e-01
 45   27 1.57100e-01
 45   29 1.91084e-01
 45   31 1.92234e-01
 45   33 1.82001e-01
 45   35 2.57861e-01
 45   37 2.95046e-01
 45   39 3.27599e-01
 45   41 8.59705e-01
 45   43 2.64061e+00
 45   45 2.98054e+01
 45   47 2.61250e+00
 45   49 8.41285e-01
 45   51 3.15424e-01
 45   53 3.01973e-01
 45   55 2.61080e-01
 45   57 1.88725e-01
 45   59 1.88924e-01
 45   61 1.83511e-01
 45   63 1.55549e-01
 45   65 1.31766e-01
 45   67 1.22870e-01
 45   69 1.20496e-01
 45   71 9.67617e-02
 45   73 1.09680e-01
 45   75 9.38519e-02
 45   77 9.05171e-02
 45   79 9.65446e-02
 45   81 9.97851e-02
 45   83 9.09387e-02
 45   85 8.53572e-02
 45   87 7.68976e-02
 45   89 9.30479e-02
 45   91 8.34003e-02
 46    2 1.96914e-02
 46    4 4.29762e-02
 46    6 6.88863e-02
 46    8 9.92157e-02
 46   10 1.18332e-01
 46   12 1.21840e-01
 46   14 1.21949e-01
 46   16 1.24101e-01
 46   18 1.26135e-01
 46   20 1.31825e-01
 46   22 1.31094e-01
 46   24 1.35331e-01
 46   26 1.43105e-01
 46   28 1.59097e-01
 46   30 1.88097e-01
 46   32 1.91053e-01
 46   34 1.82821e-01
 46   36 2.54166e-01
 46   38 2.88413e-01
 46   40 3.18155e-01
 46   42 8.36983e-01
 46   44 2.57485e+00
 46   46 2.92075e+01
 46   48 2.54782e+00
 46   50 8.24923e-01
 46   52 3.08808e-01
 46   54 2.87095e-01
 46   56 2.56206e-01
 46   58 1.86738e-01
 46   60 1.84156e-01
 46   62 1.86203e-01
 46   64 1.42468e-01
 46   66 1.22869e-01
 46   68 1.18744e-01
 46   70 1.12264e-01
 46   72 1.01943e-01
 46   74 1.00512e-01
 46   76 9.89276e-02
 46   78 8.91313e-02
 46   80 9.96411e-02
 46   82 9.66746e-02
 46   84 9.18902e-02
 46   86 8.84625e-02
 46   88 7.41167e-02
 46   90 8.92738e-02
 47    1 6.98179e-03
 47    3 3.21195e-02
 47    5 5.51923e-02
 47    7 8.27808e-02
 47    9 1.08877e-01
 47   11 1.14354e-01
 47   13 1.18788e-01
 47   15 1.23645e-01
 47   17 1.25802e-01
 47   19 1.16326e-01
 47   21 1.18379e-01
 47   23 1.21974e-01
 47   25 1.29330e-01
 47   27 1.40275e-01
 47   29 1.53071e-01
 47   31 1.77629e-01
 47   33 1.82159e-01
 47   35 1.75200e-01
 47   37 2.45241e-01
 47   39 2.78979e-01
 47   41 3.06842e-01
 47   43 8.29900e-01
 47   45 2.50979e+00
 47   47 2.85959e+01
 47   49 2.48445e+00
 47   51 8.05517e-01
 47   53 2.97438e-01
 47   55 2.77828e-01
 47   57 2.46033e-01
 47   59 1.92984e-01
 47   61 1.73046e-01
 47   63 1.81847e-01
 47   65 1.36290e-01
 47   67 1.22274e-01
 47   69 1.20226e-01
 47   71 1.05276e-01
 47   73 1.03401e-01
 47   75 1.07925e-01
 47   77 9.03415e-02
 47   79 8.90315e-02
 47   81 1.00237e-01
 47   83 8.23993e-02
 47   85 9.42281e-02
 47   87 7.91257e-02
 47   89 6.96349e-02
 47   91 8.11739e-02
 48    2 2.10190e-02
 48    4 4.62175e-02
 48    6 7.43643e-02
 48    8 9.81520e-02
 48   10 1.18980e-01
 48   12 1.15790e-01
 48   14 1.21459e-01
 48   16 1.16741e-01
 48   18 1.06396e-01
 48   20 1.06872e-01
 48   22 1.17525e-01
 48   24 1.20345e-01
 48   26 1.27882e-01
 48   28 1.26674e-01
 48   30 1.47509e-01
 48   32 1.79780e-01
 48   34 1.78892e-01
 48   36 1.70109e-01
 48   38 2.37610e-01
 48   40 2.69583e-01
 48   42 3.01448e-01
 48   44 8.06214e-01
 48   46 2.45019e+00
 48   48 2.80678e+01
 48   50 2.41677e+00
 48   52 7.94342e-01
 48   54 2.89712e-01
 48   56 2.75676e-01
 48   58 2.53057e-01
 48   60 1.76352e-01
 48   62 1.71080e-01
 48   64 1.76606e-01
 48   66 1.32572e-01
 48   68 1.19584e-01
 48   70 1.06619e-01
 48   72 1.08614e-01
 48   74 1.02191e-01
 48   76 9.80616e-02
 48   78 9.58997e-02
 48   80 9.74839e-02
 48   82 8.08988e-02
 48   84 7.54837e-02
 48   86 9.62794e-02
 48   88 7.93720e-02
 48   90 7.97183e-02
 49    1 6.19783e-03
 49    3 2.97484e-02
 49    5 5.40238e-02
 49    7 8.27814e-02
 49    9 1.10791e-01
 49   11 1.12559e-01
 49   13 1.14236e-01
 49   15 1.20487e-01
 49   17 1.11649e-01
 49   19 9.82891e-02
 49   21 1.02784e-01
 49   23 1.17240e-01
 49   25 1.14420e-01
 49   27 1.29483e-01
 49   29 1.34220e-01
 49   31 1.42734e-01
 49   33 1.72463e-01
 49   35 1.75869e-01
 49   37 1.62596e-01
 49   39 2.29429e-01
 49   41 2.65105e-01
 49   43 2.89517e-01
 49   45 7.78016e-01
 49   47 2.39163e+00
 49   49 2.75161e+01
 49   51 2.36078e+00
 49   53 7.74167e-01
 49   55 2.75740e-01
 49   57 2.60742e-01
 49   59 2.47389e-01
 49   61 1.81887e-01
 49   63 1.70597e-01
 49   65 1.66552e-01
 49   67 1.38214e-01
 49   69 1.08866e-01
 49   71 1.02725e-01
 49   73 1.05742e-01
 49   75 9.84960e-02
 49   77 1.04316e-01
 49   79 8.60347e-02
 49   81 8.82175e-02
 49   83 8.38311e-02
 49   85 7.40160e-02
 49   87 9.10816e-02
 49   89 7.28177e-02
 49   91 7.73706e-02
 50    2 1.69215e-02
 50    4 4.34507e-02
 50    6 6.88623e-02
 50    8 9.63697e-02
 50   10 1.11829e-01
 50   12 1.15265e-01
 50   14 1.16389e-01
 50   16 1.05156e-01
 50   18 1.04866e-01
 50   20 9.76994e-02
 50   22 1.03727e-01
 50   24 1.08444e-01
 50   26 1.12425e-01
 50   28 1.27830e-01
 50   30 1.26593e-01
 50   32 1.41732e-01
 50   34 1.73477e-01
 50   36 1.70231e-01
 50   38 1.53511e-01
 50   40 2.29689e-01
 50   42 2.75339e-01
 50   44 2.98591e-01
 50   46 7.64412e-01
 50   48 2.32872e+00
 50   50 2.69899e+01
 50   52 2.30334e+00
 50   54 7.59980e-01
 50   56 2.73068e-01
 50   58 2.62566e-01
 50   60 2.39113e-01
 50   62 1.66526e-01
 50   64 1.59697e-01
 50   66 1.66302e-01
 50   68 1.31461e-01
 50   70 1.07756e-01
 50   72 1.11396e-01
 50   74 9.21578e-02
 50   76 8.88070e-02
 50   78 9.19131e-02
 50   80 8.98560e-02
 50   82 7.98954e-02
 50   84 7.22700e-02
 50   86 8.48524e-02
 50   88 8.51749e-02
 50   90 8.53091e-02
 51    1 6.17271e-03
 51    3 3.16865e-02
 51    5 5.78257e-02
 51    7 8.22778e-02
 51    9 1.11135e-01
 51   11 1.15287e-01
 51   13 1.15136e-01
 51   15 1.03199e-01
 51   17 9.91869e-02
 51   19 9.97357e-02
 51   21 9.63349e-02
 51   23 9.30238e-02
 51   25 9.81226e-02
 51   27 1.02005e-01
 51   29 1.23377e-01
 51   31 1.27311e-01
 51   33 1.35165e-01
 51   35 1.63016e-01
 51   37 1.71708e-01
 51   39 1.54381e-01
 51   41 2.26184e-01
 51   43 2.58385e-01
 51   45 2.81336e-01
 51   47 7.47869e-01
 51   49 2.27689e+00
 51   51 2.65145e+01
 51   53 2.24513e+00
 51   55 7.24638e-01
 51   57 2.65429e-01
 51   59 2.47677e-01
 51   61 2.49469e-01
 51   63 1.61651e-01
 51   65 1.57004e-01
 51   67 1.58359e-01
 51   69 1.32307e-01
 51   71 1.01488e-01
 51   73 9.96095e-02
 51   75 8.67369e-02
 51   77 9.33040e-02
 51   79 8.53575e-02
 51   81 9.64304e-02
 51   83 8.05734e-02
 51   85 7.38251e-02
 51   87 8.46689e-02
 51   89 8.85865e-02
 51   91 7.84103e-02
 52    2 1.89789e-02
 52    4 4.45032e-02
 52    6 6.73436e-02
 52    8 9.27545e-02
 52   10 1.14198e-01
 52   12 1.17873e-01
 52   14 1.05018e-01
 52   16 9.46213e-02
 52   18 9.56805e-02
 52   20 9.31972e-02
 52   22 9.21625e-02
 52   24 9.90312e-02
 52   26 9.89386e-02
 52   28 1.16154e-01
 52   30 1.36242e-01
 52   32 1.27230e-01
 52   34 1.27908e-01
 52   36 1.61011e-01
 52   38 1.68249e-01
 52   40 1.68097e-01
 52   42 2.46486e-01
 52   44 2.54877e-01
 52   46 2.76234e-01
 52   48 7.38864e-01
 52   50 2.22347e+00
 52   52 2.60287e+01
 52   54 2.18936e+00
 52   56 7.10085e-01
 52   58 2.62985e-01
 52   60 2.41720e-01
 52   62 2.34606e-01
 52   64 1.56525e-01
 52   66 1.45645e-01
 52   68 1.57097e-01
 52   70 1.13028e-01
 52   72 1.02537e-01
 52   74 8.95383e-02
 52   76 9.18941e-02
 52   78 8.88459e-02
 52   80 8.36617e-02
 52   82 8.38851e-02
 52   84 8.08336e-02
 52   86 6.98406e-02
 52   88 8.28098e-02
 52   90 8.53019e-02
 53    1 6.02176e-03
 53    3 3.22135e-02
 53    5 5.84393e-02
 53    7 7.84120e-02
 53    9 1.02074e-01
 53   11 1.08399e-01
 53   13 1.14118e-01
 53   15 9.67842e-02
 53   17 8.65272e-02
 53   19 8.48699e-02
 53   21 7.94473e-02
 53   23 9.36455e-02
 53   25 1.00614e-01
 53   27 9.85929e-02
 53   29 1.07980e-01
 53   31 1.22550e-01
 53   33 1.27241e-01
 53   35 1.30955e-01
 53   37 1.55337e-01
 53   39 1.63491e-01
 53   41 1.55661e-01
 53   43 2.36147e-01
 53   45 2.60225e-01
 53   47 2.66806e-01
 53   49 7.21390e-01
 53   51 2.16916e+00
 53   53 2.55838e+01
 53   55 2.13554e+00
 53   57 6.93876e-01
 53   59 2.53630e-01
 53   61 2.41210e-01
 53   63 2.24382e-01
 53   65 1.52228e-01
 53   67 1.38934e-01
 53   69 1.39778e-01
 53   71 1.16082e-01
 53   73 1.04942e-01
 53   75 9.08086e-02
 53   77 9.52874e-02
 53   79 8.56641e-02
 53   81 8.21604e-02
 53   83 7.80629e-02
 53   85 8.15415e-02
 53   87 6.80979e-02
 53   89 8.09162e-02
 53   91 8.59778e-02
 54    2 2.03558e-02
 54    4 4.15445e-02
 54    6 6.86000e-02
 54    8 9.21264e-02
 54   10 1.05724e-01
 54   12 1.12140e-01
 54   14 1.04650e-01
 54   16 8.95898e-02
 54   18 8.78509e-02
 54   20 8.38382e-02
 54   22 8.54659e-02
 54   24 9.30573e-02
 54   26 9.47019e-02
 54   28 9.74775e-02
 54   30 1.09752e-01
 54   32 1.15682e-01
 54   34 1.11616e-01
 54   36 1.20903e-01
 54   38 1.69655e-01
 54   40 1.88661e-01
 54   42 1.63354e-01
 54   44 2.27693e-01
 54   46 2.48328e-01
 54   48 2.60577e-01
 54   50 7.09396e-01
 54   52 2.11705e+00
 54   54 2.51429e+01
 54   56 2.08999e+00
 54   58 6.75118e-01
 54   60 2.53949e-01
 54   62 2.28103e-01
 54   64 2.19254e-01
 54   66 1.51569e-01
 54   68 1.33092e-01
 54   70 1.29322e-01
 54   72 1.17718e-01
 54   74 1.08283e-01
 54   76 1.03762e-01
 54   78 8.88555e-02
 54   80 7.74601e-02
 54   82 7.32534e-02
 54   84 7.45610e-02
 54   86 7.67364e-02
 54   88 8.39629e-02
 54   90 8.19108e-02
 55    1 6.35670e-03
 55    3 2.99119e-02
 55    5 5.37844e-02
 55    7 8.21081e-02
 55    9 1.08244e-01
 55   11 1.05965e-01
 55   13 1.00009e-01
 55   15 8.63744e-02
 55   17 8.69347e-02
 55   19 8.93317e-02
 55   21 9.30245e-02
 55   23 8.47760e-02
 55   25 9.10906e-02
 55   27 9.13516e-02
 55   29 9.51584e-02
 55   31 1.02043e-01
 55   33 1.14885e-01
 55   35 1.09753e-01
 55   37 1.21491e-01
 55   39 1.57983e-01
 55   41 1.77089e-01
 55   43 1.64406e-01
 55   45 2.17730e-01
 55   47 2.41179e-01
 55   49 2.48656e-01
 55   51 6.77539e-01
 55   53 2.06668e+00
 55   55 2.47282e+01
 55   57 2.03920e+00
 55   59 6.56426e-01
 55   61 2.39512e-01
 55   63 2.36965e-01
 55   65 2.10570e-01
 55   67 1.41561e-01
 55   69 1.30819e-01
 55   71 1.28232e-01
 55   73 1.14865e-01
 55   75 9.32372e-02
 55   77 9.80199e-02
 55   79 9.34372e-02
 55   81 8.11020e-02
 55   83 7.34454e-02
 55   85 7.53405e-02
 55   87 7.31919e-02
 55   89 8.52310e-02
 55   91 7.63336e-02
 56    2 1.91930e-02
 56    4 4.50038e-02
 56    6 7.32355e-02
 56    8 9.63061e-02
 56   10 1.03561e-01
 56   12 1.02371e-01
 56   14 1.00701e-01
 56   16 8.70608e-02
 56   18 7.85783e-02
 56   20 7.66560e-02
 56   22 7.84828e-02
 56   24 8.68819e-02
 56   26 8.94767e-02
 56   28 8.99250e-02
 56   30 8.89417e-02
 56   32 9.97135e-02
 56   34 1.10121e-01
 56   36 1.12658e-01
 56   38 1.37530e-01
 56   40 1.63274e-01
 56   42 1.58624e-01
 56   44 1.55038e-01
 56   46 2.14632e-01
 56   48 2.40145e-01
 56   50 2.46866e-01
 56   52 6.65008e-01
 56   54 2.02418e+00
 56   56 2.43268e+01
 56   58 2.00107e+00
 56   60 6.46150e-01
 56   62 2.37026e-01
 56   64 2.14249e-01
 56   66 2.07759e-01
 56   68 1.40020e-01
 56   70 1.22317e-01
 56   72 1.38192e-01
 56   74 1.09814e-01
 56   76 1.05921e-01
 56   78 9.97604e-02
 56   80 8.74952e-02
 56   82 8.09515e-02
 56   84 6.74757e-02
 56   86 7.83409e-02
 56   88 7.79048e-02
 56   90 7.31176e-02
 57    1 6.19125e-03
 57    3 3.05901e-02
 57    5 5.57429e-02
 57    7 7.83250e-02
 57    9 9.81920e-02
 57   11 1.00103e-01
 57   13 8.99295e-02
 57   15 8.62364e-02
 57   17 8.27741e-02
 57   19 8.54051e-02
 57   21 7.78236e-02
 57   23 8.14881e-02
 57   25 7.98173e-02
 57   27 8.68575e-02
 57   29 8.41129e-02
 57   31 9.61539e-02
 57   33 1.01394e-01
 57   35 1.10698e-01
 57   37 1.03991e-01
 57   39 1.32365e-01
 57   41 1.60711e-01
 57   43 1.59962e-01
 57   45 1.52549e-01
 57   47 2.07010e-01
 57   49 2.27900e-01
 57   51 2.40545e-01
 57   53 6.50848e-01
 57   55 1.97649e+00
 57   57 2.39417e+01
 57   59 1.95058e+00
 57   61 6.31203e-01
 57   63 2.32476e-01
 57   65 2.08373e-01
 57   67 2.08189e-01
 57   69 1.43250e-01
 57   71 1.17792e-01
 57   73 1.32755e-01
 57   75 1.18155e-01
 57   77 9.74578e-02
 57   79 9.28797e-02
 57   81 8.35055e-02
 57   83 7.34968e-02
 57   85 6.81558e-02
 57   87 7.21826e-02
 57   89 7.94914e-02
 57   91 6.90273e-02
 58    2 1.68691e-02
 58    4 4.35452e-02
 58    6 6.51846e-02
 58    8 8.62111e-02
 58   10 1.02958e-01
 58   12 9.24926e-02
 58   14 8.12799e-02
 58   16 7.82493e-02
 58   18 8.01348e-02
 58   20 8.77431e-02
 58   22 8.21952e-02
 58   24 8.45132e-02
 58   26 8.61891e-02
 58   28 8.59855e-02
 58   30 8.11266e-02
 58   32 8.44853e-02
 58   34 1.02117e-01
 58   36 1.14825e-01
 58   38 1.13891e-01
 58   40 1.24441e-01
 58   42 1.50246e-01
 58   44 1.51022e-01
 58   46 1.51737e-01
 58   48 2.13819e-01
 58   50 2.30241e-01
 58   52 2.38892e-01
 58   54 6.34216e-01
 58   56 1.94096e+00
 58   58 2.35516e+01
 58   60 1.90640e+00
 58   62 6.14252e-01
 58   64 2.16382e-01
 58   66 2.00909e-01
 58   68 1.92996e-01
 58   70 1.35598e-01
 58   72 1.33881e-01
 58   74 1.37147e-01
 58   76 1.15119e-01
 58   78 9.13263e-02
 58   80 8.63391e-02
 58   82 8.01478e-02
 58   84 7.00983e-02
 58   86 6.87436e-02
 58   88 8.85127e-02
 58   90 8.44591e-02
 59    1 6.01524e-03
 59    3 2.92319e-02
 59    5 5.32196e-02
 59    7 7.81993e-02
 59    9 9.80884e-02
 59   11 1.00831e-01
 59   13 8.85219e-02
 59   15 7.14407e-02
 59   17 7.28338e-02
 59   19 7.97343e-02
 59   21 7.74902e-02
 59   23 8.32603e-02
 59   25 7.48897e-02
 59   27 7.75744e-02
 59   29 8.33490e-02
 59   31 7.87127e-02
 59   33 8.15973e-02
 59   35 9.29282e-02
 59   37 1.14401e-01
 59   39 1.16599e-01
 59   41 1.19598e-01
 59   43 1.48485e-01
 59   45 1.48228e-01
 59   47 1.57610e-01
 59   49 2.09883e-01
 59   51 2.17870e-01
 59   53 2.30921e-01
 59   55 6.17566e-01
 59   57 1.89333e+00
 59   59 2.31708e+01
 59   61 1.86742e+00
 59   63 5.98006e-01
 59   65 2.16003e-01
 59   67 2.04149e-01
 59   69 1.92061e-01
 59   71 1.34558e-01
 59   73 1.29194e-01
 59   75 1.28927e-01
 59   77 1.10437e-01
 59   79 9.32342e-02
 59   81 8.31862e-02
 59   83 8.31503e-02
 59   85 6.79559e-02
 59   87 6.95096e-02
 59   89 8.12571e-02
 59   91 7.49288e-02
 60    2 1.76728e-02
 60    4 4.43617e-02
 60    6 6.04445e-02
 60    8 7.83627e-02
 60   10 8.82068e-02
 60   12 9.05326e-02
 60   14 9.05606e-02
 60   16 8.26842e-02
 60   18 7.68937e-02
 60   20 7.82619e-02
 60   22 7.63357e-02
 60   24 7.66909e-02
 60   26 7.38926e-02
 60   28 7.28455e-02
 60   30 8.11829e-02
 60   32 9.06655e-02
 60   34 9.59664e-02
 60   36 1.12581e-01
 60   38 1.13088e-01
 60   40 1.08764e-01
 60   42 1.23640e-01
 60   44 1.50709e-01
 60   46 1.45348e-01
 60   48 1.44735e-01
 60   50 2.03663e-01
 60   52 2.13279e-01
 60   54 2.31723e-01
 60   56 6.08769e-01
 60   58 1.85173e+00
 60   60 2.28415e+01
 60   62 1.81950e+00
 60   64 5.83334e-01
 60   66 2.07489e-01
 60   68 1.88484e-01
 60   70 1.88962e-01
 60   72 1.45431e-01
 60   74 1.25967e-01
 60   76 1.31818e-01
 60   78 1.05131e-01
 60   80 8.11386e-02
 60   82 8.10353e-02
 60   84 7.59151e-02
 60   86 7.21055e-02
 60   88 8.77559e-02
 60   90 7.85889e-02
 61    1 5.95436e-03
 61    3 2.91743e-02
 61    5 4.93912e-02
 61    7 6.50584e-02
 61    9 8.69064e-02
 61   11 8.51522e-02
 61   13 8.15846e-02
 61   15 8.27423e-02
 61   17 7.81170e-02
 61   19 7.23254e-02
 61   21 7.54084e-02
 61   23 6.72243e-02
 61   25 6.82057e-02
 61   27 7.07220e-02
 61   29 7.08029e-02
 61   31 8.86092e-02
 61   33 8.09775e-02
 61   35 8.62876e-02
 61   37 1.04523e-01
 61   39 1.12673e-01
 61   41 1.08493e-01
 61   43 1.22618e-01
 61   45 1.39947e-01
 61   47 1.37367e-01
 61   49 1.49988e-01
 61   51 2.13298e-01
 61   53 2.13460e-01
 61   55 2.19021e-01
 61   57 5.95514e-01
 61   59 1.81510e+00
 61   61 2.24748e+01
 61   63 1.78258e+00
 61   65 5.73068e-01
 61   67 2.06005e-01
 61   69 1.85483e-01
 61   71 1.90818e-01
 61   73 1.38573e-01
 61   75 1.18972e-01
 61   77 1.27951e-01
 61   79 1.07243e-01
 61   81 8.31430e-02
 61   83 7.91160e-02
 61   85 7.16623e-02
 61   87 7.03147e-02
 61   89 8.67039e-02
 61   91 7.75762e-02
 62    2 1.71101e-02
 62    4 3.64903e-02
 62    6 5.65706e-02
 62    8 7.85986e-02
 62   10 9.48765e-02
 62   12 9.12066e-02
 62   14 7.07184e-02
 62   16 6.62586e-02
 62   18 7.82182e-02
 62   20 7.63197e-02
 62   22 8.43504e-02
 62   24 7.62736e-02
 62   26 7.03569e-02
 62   28 7.62093e-02
 62   30 8.35607e-02
 62   32 8.27267e-02
 62   34 7.95195e-02
 62   36 9.35723e-02
 62   38 8.84920e-02
 62   40 9.57418e-02
 62   42 1.09099e-01
 62   44 1.14191e-01
 62   46 1.42941e-01
 62   48 1.36564e-01
 62   50 1.37954e-01
 62   52 2.01335e-01
 62   54 2.02441e-01
 62   56 2.17200e-01
 62   58 5.80305e-01
 62   60 1.76969e+00
 62   62 2.21507e+01
 62   64 1.73562e+00
 62   66 5.69367e-01
 62   68 2.03019e-01
 62   70 1.86169e-01
 62   72 1.90750e-01
 62   74 1.38050e-01
 62   76 1.38189e-01
 62   78 1.25324e-01
 62   80 9.34809e-02
 62   82 8.61284e-02
 62   84 7.30184e-02
 62   86 8.45070e-02
 62   88 8.28999e-02
 62   90 7.97141e-02
 63    1 4.84461e-03
 63    3 2.56268e-02
 63    5 4.64850e-02
 63    7 6.51720e-02
 63    9 8.62998e-02
 63   11 8.84816e-02
 63   13 8.80032e-02
 63   15 6.53983e-02
 63   17 6.38445e-02
 63   19 7.21069e-02
 63   21 7.99866e-02
 63   23 7.56917e-02
 63   25 7.64151e-02
 63   27 6.89361e-02
 63   29 7.46073e-02
 63   31 8.15534e-02
 63   33 8.20482e-02
 63   35 8.17934e-02
 63   37 9.07919e-02
 63   39 9.61684e-02
 63   41 9.20373e-02
 63   43 1.02241e-01
 63   45 1.15449e-01
 63   47 1.40491e-01
 63   49 1.36915e-01
 63   51 1.34515e-01
 63   53 1.93255e-01
 63   55 2.10894e-01
 63   57 2.13463e-01
 63   59 5.65701e-01
 63   61 1.73489e+00
 63   63 2.18344e+01
 63   65 1.69402e+00
 63   67 5.52112e-01
 63   69 2.00373e-01
 63   71 1.81612e-01
 63   73 1.88499e-01
 63   75 1.39631e-01
 63   77 1.26655e-01
 63   79 1.18188e-01
 63   81 9.11838e-02
 63   83 7.35277e-02
 63   85 7.00006e-02
 63   87 7.36583e-02
 63   89 8.77686e-02
 63   91 7.60931e-02
 64    2 1.67567e-02
 64    4 3.71256e-02
 64    6 5.92254e-02
 64    8 7.44993e-02
 64   10 8.79017e-02
 64   12 9.27956e-02
 64   14 9.55906e-02
 64   16 9.49574e-02
 64   18 7.84478e-02
 64   20 6.67028e-02
 64   22 7.02279e-02
 64   24 6.69056e-02
 64   26 7.00847e-02
 64   28 7.24068e-02
 64   30 6.58249e-02
 64   32 7.75022e-02
 64   34 8.50209e-02
 64   36 8.01238e-02
 64   38 8.71835e-02
 64   40 9.30840e-02
 64   42 1.00959e-01
 64   44 9.60111e-02
 64   46 1.06507e-01
 64   48 1.37289e-01
 64   50 1.28838e-01
 64   52 1.30815e-01
 64   54 1.89499e-01
 64   56 1.91195e-01
 64   58 1.99078e-01
 64   60 5.52528e-01
 64   62 1.69023e+00
 64   64 2.15014e+01
 64   66 1.66586e+00
 64   68 5.42328e-01
 64   70 2.05522e-01
 64   72 1.87254e-01
 64   74 1.95068e-01
 64   76 1.50348e-01
 64   78 1.16910e-01
 64   80 1.01151e-01
 64   82 9.27254e-02
 64   84 7.79946e-02
 64   86 7.37687e-02
 64   88 9.48460e-02
 64   90 7.57409e-02
 65    1 4.52305e-03
 65    3 2.42824e-02
 65    5 4.75144e-02
 65    7 6.87319e-02
 65    9 8.41746e-02
 65   11 8.93408e-02
 65   13 8.48556e-02
 65   15 8.93063e-02
 65   17 8.81635e-02
 65   19 7.90574e-02
 65   21 7.20462e-02
 65   23 6.86779e-02
 65   25 6.40361e-02
 65   27 6.70012e-02
 65   29 6.37409e-02
 65   31 6.46841e-02
 65   33 7.94294e-02
 65   35 8.67308e-02
 65   37 7.93693e-02
 65   39 7.96728e-02
 65   41 9.20626e-02
 65   43 9.53939e-02
 65   45 9.52978e-02
 65   47 1.02604e-01
 65   49 1.30252e-01
 65   51 1.27309e-01
 65   53 1.27759e-01
 65   55 1.82613e-01
 65   57 1.86442e-01
 65   59 1.99112e-01
 65   61 5.43482e-01
 65   63 1.65072e+00
 65   65 2.12142e+01
 65   67 1.62328e+00
 65   69 5.30331e-01
 65   71 1.98298e-01
 65   73 1.84201e-01
 65   75 1.86193e-01
 65   77 1.40677e-01
 65   79 1.27925e-01
 65   81 9.59322e-02
 65   83 9.05917e-02
 65   85 7.42922e-02
 65   87 7.83994e-02
 65   89 8.79964e-02
 65   91 7.82916e-02
 66    2 1.13485e-02
 66    4 2.87777e-02
 66    6 5.00890e-02
 66    8 7.39613e-02
 66   10 8.82507e-02
 66   12 7.94852e-02
 66   14 6.23467e-02
 66   16 6.36566e-02
 66   18 7.25670e-02
 66   20 8.46404e-02
 66   22 7.56574e-02
 66   24 6.94055e-02
 66   26 7.86128e-02
 66   28 7.75246e-02
 66   30 6.86694e-02
 66   32 8.93400e-02
 66   34 9.12902e-02
 66   36 7.44321e-02
 66   38 7.69219e-02
 66   40 8.59251e-02
 66   42 8.22719e-02
 66   44 9.08655e-02
 66   46 8.95607e-02
 66   48 1.00484e-01
 66   50 1.30816e-01
 66   52 1.18682e-01
 66   54 1.27728e-01
 66   56 1.80771e-01
 66   58 1.80226e-01
 66   60 1.91623e-01
 66   62 5.40629e-01
 66   64 1.62425e+00
 66   66 2.09502e+01
 66   68 1.59637e+00
 66   70 5.28751e-01
 66   72 2.15813e-01
 66   74 1.75734e-01
 66   76 1.91274e-01
 66   78 1.39276e-01
 66   80 1.04880e-01
 66   82 9.40351e-02
 66   84 9.24393e-02
 66   86 7.85375e-02
 66   88 9.56271e-02
 66   90 7.48605e-02
 67    1 4.27039e-03
 67    3 1.95262e-02
 67    5 3.73455e-02
 67    7 5.76948e-02
 67    9 8.05859e-02
 67   11 8.68141e-02
 67   13 7.21627e-02
 67   15 6.01171e-02
 67   17 6.23962e-02
 67   19 7.01897e-02
 67   21 7.85924e-02
 67   23 7.65880e-02
 67   25 6.51019e-02
 67   27 7.83326e-02
 67   29 7.41761e-02
 67   31 6.83768e-02
 67   33 8.33633e-02
 67   35 8.38791e-02
 67   37 7.36862e-02
 67   39 8.07554e-02
 67   41 8.01523e-02
 67   43 8.03660e-02
 67   45 8.66944e-02
 67   47 8.98052e-02
 67   49 1.05452e-01
 67   51 1.25273e-01
 67   53 1.13756e-01
 67   55 1.19770e-01
 67   57 1.81729e-01
 67   59 1.83591e-01
 67   61 1.90600e-01
 67   63 5.24868e-01
 67   65 1.58365e+00
 67   67 2.06733e+01
 67   69 1.56587e+00
 67   71 5.19244e-01
 67   73 1.99639e-01
 67   75 1.73113e-01
 67   77 1.88613e-01
 67   79 1.34517e-01
 67   81 9.94173e-02
 67   83 9.81723e-02
 67   85 8.16489e-02
 67   87 7.90916e-02
 67   89 9.20598e-02
 67   91 7.76022e-02
 68    2 1.34376e-02
 68    4 3.10781e-02
 68    6 4.85744e-02
 68    8 7.20286e-02
 68   10 8.13237e-02
 68   12 8.72708e-02
 68   14 9.05758e-02
 68   16 8.83468e-02
 68   18 7.59892e-02
 68   20 6.94171e-02
 68   22 6.06561e-02
 68   24 6.57887e-02
 68   26 5.83475e-02
 68   28 6.34920e-02
 68   30 7.44925e-02
 68   32 7.60466e-02
 68   34 7.87558e-02
 68   36 7.89559e-02
 68   38 7.29907e-02
 68   40 7.62324e-02
 68   42 8.00845e-02
 68   44 8.46575e-02
 68   46 8.44887e-02
 68   48 8.84764e-02
 68   50 1.00942e-01
 68   52 1.24959e-01
 68   54 1.09481e-01
 68   56 1.18925e-01
 68   58 1.68996e-01
 68   60 1.69917e-01
 68   62 1.88172e-01
 68   64 5.16164e-01
 68   66 1.55828e+00
 68   68 2.04048e+01
 68   70 1.53159e+00
 68   72 5.14793e-01
 68   74 2.05515e-01
 68   76 1.68903e-01
 68   78 1.71766e-01
 68   80 1.23459e-01
 68   82 1.03396e-01
 68   84 9.46510e-02
 68   86 9.25696e-02
 68   88 1.00798e-01
 68   90 8.01014e-02
 69    1 4.38047e-03
 69    3 2.36315e-02
 69    5 3.73870e-02
 69    7 5.19325e-02
 69    9 7.36489e-02
 69   11 7.73881e-02
 69   13 8.72900e-02
 69   15 8.99091e-02
 69   17 8.12905e-02
 69   19 7.11671e-02
 69   21 6.40075e-02
 69   23 5.65792e-02
 69   25 5.58489e-02
 69   27 6.26274e-02
 69   29 6.64145e-02
 69   31 7.13886e-02
 69   33 6.88162e-02
 69   35 7.52719e-02
 69   37 7.08845e-02
 69   39 7.94014e-02
 69   41 7.90786e-02
 69   43 7.79159e-02
 69   45 8.30367e-02
 69   47 8.62414e-02
 69   49 8.11232e-02
 69   51 1.02223e-01
 69   53 1.11778e-01
 69   55 1.08099e-01
 69   57 1.22128e-01
 69   59 1.68692e-01
 69   61 1.67610e-01
 69   63 1.86043e-01
 69   65 5.05317e-01
 69   67 1.52936e+00
 69   69 2.01476e+01
 69   71 1.49995e+00
 69   73 5.03810e-01
 69   75 2.07242e-01
 69   77 1.69028e-01
 69   79 1.72780e-01
 69   81 1.23702e-01
 69   83 1.03692e-01
 69   85 8.91154e-02
 69   87 8.59513e-02
 69   89 9.31786e-02
 69   91 7.17942e-02
 70    2 1.16016e-02
 70    4 2.72319e-02
 70    6 4.46314e-02
 70    8 6.41081e-02
 70   10 7.80902e-02
 70   12 7.13051e-02
 70   14 6.16312e-02
 70   16 6.50711e-02
 70   18 7.01247e-02
 70   20 6.76853e-02
 70   22 7.14703e-02
 70   24 7.24731e-02
 70   26 7.65844e-02
 70   28 8.12061e-02
 70   30 8.51645e-02
 70   32 7.24101e-02
 70   34 7.10323e-02
 70   36 7.51194e-02
 70   38 6.65378e-02
 70   40 7.14923e-02
 70   42 6.58735e-02
 70   44 6.73815e-02
 70   46 7.80575e-02
 70   48 7.70866e-02
 70   50 8.08536e-02
 70   52 8.78556e-02
 70   54 1.03955e-01
 70   56 1.01521e-01
 70   58 1.16029e-01
 70   60 1.66465e-01
 70   62 1.68621e-01
 70   64 1.91149e-01
 70   66 5.04369e-01
 70   68 1.49668e+00
 70   70 1.98938e+01
 70   72 1.46799e+00
 70   74 4.94150e-01
 70   76 2.05640e-01
 70   78 1.70574e-01
 70   80 1.57748e-01
 70   82 1.39268e-01
 70   84 1.02000e-01
 70   86 1.03915e-01
 70   88 1.08882e-01
 70   90 9.04281e-02
 71    1 2.98795e-03
 71    3 1.54120e-02
 71    5 3.04795e-02
 71    7 4.98110e-02
 71    9 7.07228e-02
 71   11 7.15534e-02
 71   13 6.81645e-02
 71   15 5.81109e-02
 71   17 5.87261e-02
 71   19 6.69034e-02
 71   21 6.94497e-02
 71   23 6.71387e-02
 71   25 7.60933e-02
 71   27 7.43785e-02
 71   29 8.21354e-02
 71   31 8.76481e-02
 71   33 7.18895e-02
 71   35 6.90463e-02
 71   37 7.49640e-02
 71   39 6.76326e-02
 71   41 7.58543e-02
 71   43 6.71912e-02
 71   45 6.51955e-02
 71   47 7.38354e-02
 71   49 7.48421e-02
 71   51 7.66649e-02
 71   53 9.07606e-02
 71   55 1.03602e-01
 71   57 9.81861e-02
 71   59 1.15553e-01
 71   61 1.68590e-01
 71   63 1.64868e-01
 71   65 1.84736e-01
 71   67 4.95837e-01
 71   69 1.46654e+00
 71   71 1.96251e+01
 71   73 1.43786e+00
 71   75 4.86511e-01
 71   77 2.06245e-01
 71   79 1.53934e-01
 71   81 1.53494e-01
 71   83 1.24075e-01
 71   85 1.06859e-01
 71   87 1.00939e-01
 71   89 1.05357e-01
 71   91 8.74057e-02
 72    2 8.80040e-03
 72    4 2.25294e-02
 72    6 3.69464e-02
 72    8 5.29257e-02
 72   10 6.75147e-02
 72   12 7.80534e-02
 72   14 8.34902e-02
 72   16 7.89572e-02
 72   18 6.51097e-02
 72   20 6.43363e-02
 72   22 6.06996e-02
 72   24 6.19966e-02
 72   26 5.92682e-02
 72   28 5.94905e-02
 72   30 6.67495e-02
 72   32 6.71114e-02
 72   34 6.74250e-02
 72   36 6.60065e-02
 72   38 6.64629e-02
 72   40 7.30143e-02
 72   42 6.69730e-02
 72   44 7.00816e-02
 72   46 6.93380e-02
 72   48 7.68189e-02
 72   50 8.17658e-02
 72   52 7.79665e-02
 72   54 9.25668e-02
 72   56 1.12200e-01
 72   58 1.12066e-01
 72   60 1.25328e-01
 72   62 1.69009e-01
 72   64 1.70367e-01
 72   66 2.01380e-01
 72   68 4.92108e-01
 72   70 1.43604e+00
 72   72 1.93691e+01
 72   74 1.40280e+00
 72   76 4.88906e-01
 72   78 1.90652e-01
 72   80 1.39657e-01
 72   82 1.51914e-01
 72   84 1.32677e-01
 72   86 1.15287e-01
 72   88 1.18677e-01
 72   90 8.74847e-02
 73    1 2.93224e-03
 73    3 1.53928e-02
 73    5 3.05228e-02
 73    7 4.60970e-02
 73    9 5.86592e-02
 73   11 6.64463e-02
 73   13 7.56117e-02
 73   15 8.22970e-02
 73   17 7.75732e-02
 73   19 6.22830e-02
 73   21 5.98202e-02
 73   23 5.96587e-02
 73   25 5.95532e-02
 73   27 6.01045e-02
 73   29 5.88871e-02
 73   31 5.98206e-02
 73   33 6.96303e-02
 73   35 6.84955e-02
 73   37 6.41712e-02
 73   39 6.64647e-02
 73   41 6.08782e-02
 73   43 6.69527e-02
 73   45 7.23272e-02
 73   47 7.09774e-02
 73   49 7.54011e-02
 73   51 7.36453e-02
 73   53 8.03053e-02
 73   55 9.08278e-02
 73   57 1.08305e-01
 73   59 1.08586e-01
 73   61 1.19826e-01
 73   63 1.67480e-01
 73   65 1.67952e-01
 73   67 1.86584e-01
 73   69 4.82108e-01
 73   71 1.40728e+00
 73   73 1.91399e+01
 73   75 1.37147e+00
 73   77 4.69327e-01
 73   79 2.01573e-01
 73   81 1.37035e-01
 73   83 1.54749e-01
 73   85 1.20270e-01
 73   87 1.11346e-01
 73   89 1.14887e-01
 73   91 9.29939e-02
 74    2 1.24555e-02
 74    4 2.94009e-02
 74    6 4.60672e-02
 74    8 6.35589e-02
 74   10 7.38845e-02
 74   12 6.24945e-02
 74   14 6.17625e-02
 74   16 6.41799e-02
 74   18 6.43581e-02
 74   20 6.70709e-02
 74   22 7.06462e-02
 74   24 6.93856e-02
 74   26 7.41778e-02
 74   28 7.22468e-02
 74   30 6.62630e-02
 74   32 7.48015e-02
 74   34 6.88509e-02
 74   36 6.67772e-02
 74   38 6.71692e-02
 74   40 5.43838e-02
 74   42 6.02108e-02
 74   44 6.35893e-02
 74   46 6.69436e-02
 74   48 7.07740e-02
 74   50 6.62385e-02
 74   52 6.66673e-02
 74   54 8.33783e-02
 74   56 8.73061e-02
 74   58 1.12414e-01
 74   60 1.06298e-01
 74   62 1.19774e-01
 74   64 1.73787e-01
 74   66 1.60573e-01
 74   68 1.92375e-01
 74   70 4.73345e-01
 74   72 1.37364e+00
 74   74 1.89030e+01
 74   76 1.33566e+00
 74   78 4.55250e-01
 74   80 1.86338e-01
 74   82 1.49258e-01
 74   84 1.57387e-01
 74   86 1.29700e-01
 74   88 1.23314e-01
 74   90 8.90913e-02
 75    1 3.75236e-03
 75    3 1.99214e-02
 75    5 3.54384e-02
 75    7 5.12500e-02
 75    9 6.66039e-02
 75   11 6.30293e-02
 75   13 5.42056e-02
 75   15 6.19142e-02
 75   17 6.63111e-02
 75   19 6.78972e-02
 75   21 6.45890e-02
 75   23 5.65041e-02
 75   25 7.29147e-02
 75   27 7.99369e-02
 75   29 7.00945e-02
 75   31 6.77086e-02
 75   33 6.20440e-02
 75   35 6.73781e-02
 75   37 7.86455e-02
 75   39 6.33352e-02
 75   41 5.69240e-02
 75   43 5.30736e-02
 75   45 6.06329e-02
 75   47 7.25785e-02
 75   49 6.88079e-02
 75   51 6.28258e-02
 75   53 6.80788e-02
 75   55 7.22287e-02
 75   57 9.44362e-02
 75   59 1.06161e-01
 75   61 1.00788e-01
 75   63 1.21541e-01
 75   65 1.66322e-01
 75   67 1.58507e-01
 75   69 1.94288e-01
 75   71 4.66493e-01
 75   73 1.34362e+00
 75   75 1.86757e+01
 75   77 1.30738e+00
 75   79 4.43208e-01
 75   81 1.85707e-01
 75   83 1.43563e-01
 75   85 1.52480e-01
 75   87 1.27467e-01
 75   89 1.22757e-01
 75   91 8.68008e-02
 76    2 9.57488e-03
 76    4 2.14651e-02
 76    6 3.44710e-02
 76    8 4.96005e-02
 76   10 6.01941e-02
 76   12 6.71297e-02
 76   14 6.82493e-02
 76   16 7.28393e-02
 76   18 6.80331e-02
 76   20 7.02281e-02
 76   22 6.35037e-02
 76   24 6.23757e-02
 76   26 6.37176e-02
 76   28 6.13653e-02
 76   30 5.50595e-02
 76   32 5.49063e-02
 76   34 5.47203e-02
 76   36 5.91202e-02
 76   38 5.84169e-02
 76   40 5.47322e-02
 76   42 5.79196e-02
 76   44 5.91030e-02
 76   46 6.45815e-02
 76   48 6.65669e-02
 76   50 6.25639e-02
 76   52 6.70641e-02
 76   54 7.83121e-02
 76   56 8.25404e-02
 76   58 9.24867e-02
 76   60 1.09029e-01
 76   62 1.17516e-01
 76   64 1.31289e-01
 76   66 1.71306e-01
 76   68 1.54967e-01
 76   70 1.93074e-01
 76   72 4.69247e-01
 76   74 1.30917e+00
 76   76 1.84473e+01
 76   78 1.27100e+00
 76   80 4.43906e-01
 76   82 2.07233e-01
 76   84 1.74890e-01
 76   86 1.55022e-01
 76   88 1.39093e-01
 76   90 9.83580e-02
 77    1 3.00211e-03
 77    3 1.58893e-02
 77    5 2.83087e-02
 77    7 4.06901e-02
 77    9 5.37735e-02
 77   11 6.01122e-02
 77   13 6.51301e-02
 77   15 6.86503e-02
 77   17 6.74409e-02
 77   19 6.43884e-02
 77   21 6.38294e-02
 77   23 6.88056e-02
 77   25 5.68227e-02
 77   27 6.04117e-02
 77   29 6.01340e-02
 77   31 5.96226e-02
 77   33 5.26708e-02
 77   35 5.97115e-02
 77   37 5.28525e-02
 77   39 5.31139e-02
 77   41 6.13938e-02
 77   43 5.31784e-02
 77   45 5.73454e-02
 77   47 5.95765e-02
 77   49 7.14617e-02
 77   51 6.62731e-02
 77   53 7.00523e-02
 77   55 7.44625e-02
 77   57 7.63847e-02
 77   59 8.91741e-02
 77   61 1.06294e-01
 77   63 1.08110e-01
 77   65 1.23228e-01
 77   67 1.69353e-01
 77   69 1.55392e-01
 77   71 1.93927e-01
 77   73 4.50887e-01
 77   75 1.28205e+00
 77   77 1.82295e+01
 77   79 1.24917e+00
 77   81 4.35651e-01
 77   83 2.07885e-01
 77   85 1.68430e-01
 77   87 1.49517e-01
 77   89 1.37640e-01
 77   91 9.37458e-02
 78    2 1.50485e-02
 78    4 3.40974e-02
 78    6 5.00928e-02
 78    8 6.33147e-02
 78   10 6.88885e-02
 78   12 5.99515e-02
 78   14 6.05965e-02
 78   16 7.49770e-02
 78   18 6.86227e-02
 78   20 5.41851e-02
 78   22 5.88166e-02
 78   24 5.63109e-02
 78   26 6.24013e-02
 78   28 6.32778e-02
 78   30 5.95105e-02
 78   32 5.78765e-02
 78   34 5.77948e-02
 78   36 5.32698e-02
 78   38 5.70185e-02
 78   40 5.85178e-02
 78   42 5.30690e-02
 78   44 5.92190e-02
 78   46 5.70853e-02
 78   48 6.38676e-02
 78   50 6.35269e-02
 78   52 6.36127e-02
 78   54 6.57927e-02
 78   56 7.62689e-02
 78   58 7.19832e-02
 78   60 8.53099e-02
 78   62 1.04558e-01
 78   64 1.00158e-01
 78   66 1.22375e-01
 78   68 1.54613e-01
 78   70 1.57121e-01
 78   72 1.79524e-01
 78   74 4.37775e-01
 78   76 1.24695e+00
 78   78 1.80164e+01
 78   80 1.22052e+00
 78   82 4.57330e-01
 78   84 2.33417e-01
 78   86 1.71219e-01
 78   88 1.69029e-01
 78   90 1.09525e-01
 79    1 5.47934e-03
 79    3 2.40123e-02
 79    5 3.96795e-02
 79    7 5.61121e-02
 79    9 6.78326e-02
 79   11 6.31413e-02
 79   13 5.57484e-02
 79   15 6.05383e-02
 79   17 6.92853e-02
 79   19 6.55677e-02
 79   21 5.15645e-02
 79   23 6.04663e-02
 79   25 5.41821e-02
 79   27 5.73902e-02
 79   29 5.93576e-02
 79   31 5.59191e-02
 79   33 5.68066e-02
 79   35 5.59632e-02
 79   37 5.48186e-02
 79   39 5.38411e-02
 79   41 5.11402e-02
 79   43 5.32260e-02
 79   45 6.00340e-02
 79   47 5.76279e-02
 79   49 5.78492e-02
 79   51 5.95086e-02
 79   53 6.18141e-02
 79   55 6.96697e-02
 79   57 7.14516e-02
 79   59 7.38928e-02
 79   61 8.74453e-02
 79   63 9.90192e-02
 79   65 1.09988e-01
 79   67 1.18549e-01
 79   69 1.55907e-01
 79   71 1.42066e-01
 79   73 1.90075e-01
 79   75 4.26590e-01
 79   77 1.22609e+00
 79   79 1.78038e+01
 79   81 1.19087e+00
 79   83 4.39766e-01
 79   85 2.38627e-01
 79   87 1.66359e-01
 79   89 1.62751e-01
 79   91 1.11627e-01
 80    2 1.07203e-02
 80    4 2.16942e-02
 80    6 3.40193e-02
 80    8 4.94454e-02
 80   10 5.93990e-02
 80   12 6.02049e-02
 80   14 6.20330e-02
 80   16 5.87591e-02
 80   18 6.39291e-02
 80   20 7.46596e-02
 80   22 7.85881e-02
 80   24 8.77948e-02
 80   26 7.36783e-02
 80   28 6.69342e-02
 80   30 7.22034e-02
 80   32 6.62135e-02
 80   34 6.13183e-02
 80   36 5.75365e-02
 80   38 5.45412e-02
 80   40 5.75017e-02
 80   42 5.98127e-02
 80   44 5.85105e-02
 80   46 6.26654e-02
 80   48 6.37517e-02
 80   50 6.09849e-02
 80   52 5.88204e-02
 80   54 5.63205e-02
 80   56 6.56854e-02
 80   58 6.68249e-02
 80   60 6.46536e-02
 80   62 7.65851e-02
 80   64 8.50936e-02
 80   66 9.04911e-02
 80   68 1.09125e-01
 80   70 1.42686e-01
 80   72 1.29133e-01
 80   74 1.75954e-01
 80   76 4.27652e-01
 80   78 1.19851e+00
 80   80 1.76518e+01
 80   82 1.18716e+00
 80   84 4.58901e-01
 80   86 2.34217e-01
 80   88 1.94550e-01
 80   90 1.39367e-01
 81    1 2.84222e-03
 81    3 1.39683e-02
 81    5 2.58736e-02
 81    7 4.22662e-02
 81    9 5.27649e-02
 81   11 5.45289e-02
 81   13 5.66878e-02
 81   15 5.59246e-02
 81   17 5.66536e-02
 81   19 6.63750e-02
 81   21 6.82598e-02
 81   23 8.05275e-02
 81   25 8.18418e-02
 81   27 7.07833e-02
 81   29 6.92956e-02
 81   31 6.64790e-02
 81   33 6.75164e-02
 81   35 6.16332e-02
 81   37 5.60842e-02
 81   39 5.38548e-02
 81   41 5.74489e-02
 81   43 5.67662e-02
 81   45 6.09567e-02
 81   47 6.37385e-02
 81   49 5.82727e-02
 81   51 6.60448e-02
 81   53 5.82422e-02
 81   55 5.94077e-02
 81   57 6.31092e-02
 81   59 6.47686e-02
 81   61 6.66009e-02
 81   63 7.50498e-02
 81   65 8.10289e-02
 81   67 8.60739e-02
 81   69 1.09657e-01
 81   71 1.39166e-01
 81   73 1.26944e-01
 81   75 1.75598e-01
 81   77 4.20075e-01
 81   79 1.16991e+00
 81   81 1.74531e+01
 81   83 1.16007e+00
 81   85 4.48853e-01
 81   87 2.33941e-01
 81   89 1.86831e-01
 81   91 1.37248e-01
 82    2 1.30324e-02
 82    4 3.25591e-02
 82    6 4.81468e-02
 82    8 6.37776e-02
 82   10 6.57387e-02
 82   12 5.72595e-02
 82   14 6.44930e-02
 82   16 6.75293e-02
 82   18 6.04896e-02
 82   20 5.62718e-02
 82   22 5.59584e-02
 82   24 4.91422e-02
 82   26 6.24104e-02
 82   28 4.83905e-02
 82   30 4.72921e-02
 82   32 5.01009e-02
 82   34 5.17524e-02
 82   36 5.56961e-02
 82   38 4.84447e-02
 82   40 4.35209e-02
 82   42 4.57535e-02
 82   44 5.25484e-02
 82   46 5.97554e-02
 82   48 5.19966e-02
 82   50 5.32933e-02
 82   52 5.79643e-02
 82   54 5.23469e-02
 82   56 5.97289e-02
 82   58 6.09674e-02
 82   60 6.34621e-02
 82   62 6.93493e-02
 82   64 7.66658e-02
 82   66 7.97404e-02
 82   68 8.98214e-02
 82   70 1.23806e-01
 82   72 1.38053e-01
 82   74 1.38519e-01
 82   76 1.96215e-01
 82   78 4.41368e-01
 82   80 1.16677e+00
 82   82 1.72450e+01
 82   84 1.17269e+00
 82   86 4.49426e-01
 82   88 2.56596e-01
 82   90 1.75639e-01
 83    1 4.22865e-03
 83    3 2.34130e-02
 83    5 4.05121e-02
 83    7 5.49065e-02
 83    9 7.40286e-02
 83   11 5.79005e-02
 83   13 5.16502e-02
 83   15 5.97697e-02
 83   17 6.34554e-02
 83   19 5.99668e-02
 83   21 5.42831e-02
 83   23 4.85791e-02
 83   25 5.96855e-02
 83   27 5.07490e-02
 83   29 5.32998e-02
 83   31 4.77123e-02
 83   33 5.25419e-02
 83   35 5.34133e-02
 83   37 4.77461e-02
 83   39 5.04124e-02
 83   41 4.52931e-02
 83   43 4.85701e-02
 83   45 5.46217e-02
 83   47 5.15180e-02
 83   49 5.44472e-02
 83   51 5.42596e-02
 83   53 5.44102e-02
 83   55 5.28976e-02
 83   57 5.46143e-02
 83   59 6.36557e-02
 83   61 6.23131e-02
 83   63 5.95036e-02
 83   65 7.52358e-02
 83   67 8.35716e-02
 83   69 9.03780e-02
 83   71 1.10608e-01
 83   73 1.40951e-01
 83   75 1.33472e-01
 83   77 1.97093e-01
 83   79 4.24785e-01
 83   81 1.14063e+00
 83   83 1.70579e+01
 83   85 1.14637e+00
 83   87 4.40420e-01
 83   89 2.54515e-01
 83   91 1.71841e-01
 84    2 6.95980e-03
 84    4 1.92229e-02
 84    6 3.24399e-02
 84    8 4.51599e-02
 84   10 5.47146e-02
 84   12 4.87767e-02
 84   14 4.45702e-02
 84   16 4.95431e-02
 84   18 5.57818e-02
 84   20 6.44702e-02
 84   22 6.84817e-02
 84   24 6.20077e-02
 84   26 6.19411e-02
 84   28 6.39138e-02
 84   30 5.90961e-02
 84   32 5.62042e-02
 84   34 5.33643e-02
 84   36 4.55348e-02
 84   38 5.13661e-02
 84   40 4.95198e-02
 84   42 4.57757e-02
 84   44 5.62376e-02
 84   46 5.58698e-02
 84   48 4.77232e-02
 84   50 4.74190e-02
 84   52 5.49429e-02
 84   54 5.24105e-02
 84   56 4.89723e-02
 84   58 5.24514e-02
 84   60 5.84806e-02
 84   62 5.78324e-02
 84   64 6.34323e-02
 84   66 7.71060e-02
 84   68 8.08809e-02
 84   70 8.91933e-02
 84   72 1.18601e-01
 84   74 1.43676e-01
 84   76 1.62886e-01
 84   78 2.21588e-01
 84   80 4.43647e-01
 84   82 1.15353e+00
 84   84 1.67868e+01
 84   86 1.12786e+00
 84   88 4.50280e-01
 84   90 2.34589e-01
 85    1 2.24170e-03
 85    3 1.20891e-02
 85    5 2.46809e-02
 85    7 3.65513e-02
 85    9 5.05295e-02
 85   11 4.90105e-02
 85   13 4.65920e-02
 85   15 4.71647e-02
 85   17 4.64351e-02
 85   19 5.40337e-02
 85   21 6.31258e-02
 85   23 6.33210e-02
 85   25 6.32061e-02
 85   27 6.24998e-02
 85   29 5.99925e-02
 85   31 5.91470e-02
 85   33 5.48068e-02
 85   35 5.09195e-02
 85   37 4.84617e-02
 85   39 4.87794e-02
 85   41 4.85977e-02
 85   43 5.01436e-02
 85   45 5.04522e-02
 85   47 5.79749e-02
 85   49 4.73064e-02
 85   51 4.89230e-02
 85   53 5.59291e-02
 85   55 5.33979e-02
 85   57 4.98384e-02
 85   59 5.11946e-02
 85   61 5.55430e-02
 85   63 5.57465e-02
 85   65 6.07159e-02
 85   67 6.83981e-02
 85   69 7.64354e-02
 85   71 9.37428e-02
 85   73 1.07801e-01
 85   75 1.39504e-01
 85   77 1.57141e-01
 85   79 2.26825e-01
 85   81 4.34299e-01
 85   83 1.12810e+00
 85   85 1.66128e+01
 85   87 1.10503e+00
 85   89 4.40545e-01
 85   91 2.26749e-01
 86    2 1.25415e-02
 86    4 2.89258e-02
 86    6 4.43295e-02
 86    8 6.13326e-02
 86   10 7.12170e-02
 86   12 5.71931e-02
 86   14 5.81810e-02
 86   16 5.25816e-02
 86   18 5.52129e-02
 86   20 5.22228e-02
 86   22 4.92165e-02
 86   24 5.03866e-02
 86   26 5.28298e-02
 86   28 5.10964e-02
 86   30 5.55974e-02
 86   32 4.45346e-02
 86   34 4.67741e-02
 86   36 4.99283e-02
 86   38 4.25150e-02
 86   40 4.55822e-02
 86   42 5.27427e-02
 86   44 4.78836e-02
 86   46 5.29504e-02
 86   48 5.99255e-02
 86   50 5.48100e-02
 86   52 4.67336e-02
 86   54 5.31019e-02
 86   56 5.59749e-02
 86   58 5.06387e-02
 86   60 5.46832e-02
 86   62 6.58921e-02
 86   64 5.90637e-02
 86   66 6.44927e-02
 86   68 7.78737e-02
 86   70 8.94567e-02
 86   72 1.01456e-01
 86   74 1.16562e-01
 86   76 1.42138e-01
 86   78 1.60017e-01
 86   80 2.22914e-01
 86   82 4.35214e-01
 86   84 1.11034e+00
 86   86 1.64189e+01
 86   88 1.13303e+00
 86   90 4.29825e-01
 87    1 4.29910e-03
 87    3 2.17032e-02
 87    5 3.72189e-02
 87    7 5.16607e-02
 87    9 6.72308e-02
 87   11 6.53403e-02
 87   13 5.57118e-02
 87   15 5.69269e-02
 87   17 5.12163e-02
 87   19 4.62739e-02
 87   21 4.89977e-02
 87   23 4.74995e-02
 87   25 5.37498e-02
 87   27 4.98618e-02
 87   29 4.95386e-02
 87   31 5.04663e-02
 87   33 4.83290e-02
 87   35 4.50417e-02
 87   37 4.87276e-02
 87   39 3.96180e-02
 87   41 4.49252e-02
 87   43 5.31213e-02
 87   45 4.47641e-02
 87   47 4.79462e-02
 87   49 5.73327e-02
 87   51 5.52599e-02
 87   53 4.60013e-02
 87   55 5.10900e-02
 87   57 5.19842e-02
 87   59 5.15727e-02
 87   61 5.36738e-02
 87   63 5.77717e-02
 87   65 6.31029e-02
 87   67 6.52532e-02
 87   69 7.26059e-02
 87   71 8.72095e-02
 87   73 9.82915e-02
 87   75 1.14855e-01
 87   77 1.37385e-01
 87   79 1.55738e-01
 87   81 2.22929e-01
 87   83 4.26843e-01
 87   85 1.08831e+00
 87   87 1.62542e+01
 87   89 1.11358e+00
 87   91 4.18283e-01
 88    2 5.70701e-03
 88    4 1.41889e-02
 88    6 2.28849e-02
 88    8 3.29168e-02
 88   10 3.52661e-02
 88   12 3.00268e-02
 88   14 2.94847e-02
 88   16 3.17054e-02
 88   18 3.73648e-02
 88   20 4.16372e-02
 88   22 3.70634e-02
 88   24 3.57772e-02
 88   26 3.70339e-02
 88   28 4.00519e-02
 88   30 4.60589e-02
 88   32 4.06546e-02
 88   34 3.85594e-02
 88   36 4.07769e-02
 88   38 4.46222e-02
 88   40 4.36985e-02
 88   42 4.86658e-02
 88   44 4.53876e-02
 88   46 4.37096e-02
 88   48 4.86739e-02
 88   50 5.42073e-02
 88   52 5.45952e-02
 88   54 5.72462e-02
 88   56 5.48428e-02
 88   58 6.42402e-02
 88   60 6.55711e-02
 88   62 6.36862e-02
 88   64 7.48200e-02
 88   66 7.73688e-02
 88   68 8.35461e-02
 88   70 9.23511e-02
 88   72 1.02899e-01
 88   74 1.09189e-01
 88   76 1.25653e-01
 88   78 1.55643e-01
 88   80 1.82433e-01
 88   82 2.44819e-01
 88   84 4.36753e-01
 88   86 1.11633e+00
 88   88 1.58654e+01
 88   90 1.23161e+00
 89    1 1.73463e-03
 89    3 8.77503e-03
 89    5 1.69315e-02
 89    7 2.49819e-02
 89    9 3.56665e-02
 89   11 3.16652e-02
 89   13 2.95777e-02
 89   15 2.67192e-02
 89   17 3.11994e-02
 89   19 3.27798e-02
 89   21 3.82096e-02
 89   23 3.98732e-02
 89   25 3.38740e-02
 89   27 3.37680e-02
 89   29 3.77023e-02
 89   31 4.01582e-02
 89   33 4.46629e-02
 89   35 3.95980e-02
 89   37 4.03844e-02
 89   39 4.15010e-02
 89   41 4.40420e-02
 89   43 4.81451e-02
 89   45 5.33883e-02
 89   47 4.15897e-02
 89   49 4.51784e-02
 89   51 5.69870e-02
 89   53 5.38759e-02
 89   55 5.86398e-02
 89   57 5.64262e-02
 89   59 5.94235e-02
 89   61 6.52344e-02
 89   63 6.78508e-02
 89   65 6.98110e-02
 89   67 7.48624e-02
 89   69 7.75815e-02
 89   71 8.97199e-02
 89   73 9.99619e-02
 89   75 1.09024e-01
 89   77 1.24657e-01
 89   79 1.50174e-01
 89   81 1.75483e-01
 89   83 2.43129e-01
 89   85 4.27652e-01
 89   87 1.09760e+00
 89   89 1.57099e+01
 89   91 1.20345e+00
 90    2 1.01740e-02
 90    4 2.26946e-02
 90    6 3.82029e-02
 90    8 5.26468e-02
 90   10 6.39003e-02
 90   12 5.31747e-02
 90   14 5.12233e-02
 90   16 4.49437e-02
 90   18 5.02493e-02
 90   20 4.40291e-02
 90   22 5.00596e-02
 90   24 4.96661e-02
 90   26 4.98413e-02
 90   28 5.04272e-02
 90   30 4.75862e-02
 90   32 4.62198e-02
 90   34 5.07031e-02
 90   36 4.52670e-02
 90   38 4.48630e-02
 90   40 5.32819e-02
 90   42 4.84360e-02
 90   44 5.17447e-02
 90   46 5.19131e-02
 90   48 4.82036e-02
 90   50 5.35345e-02
 90   52 5.54527e-02
 90   54 5.50672e-02
 90   56 5.07539e-02
 90   58 6.04422e-02
 90   60 5.79015e-02
 90   62 6.03836e-02
 90   64 5.89144e-02
 90   66 5.97213e-02
 90   68 6.54644e-02
 90   70 7.56279e-02
 90   72 7.47946e-02
 90   74 7.77849e-02
 90   76 8.76135e-02
 90   78 9.94425e-02
 90   80 1.28861e-01
 90   82 1.65237e-01
 90   84 2.24363e-01
 90   86 4.17575e-01
 90   88 1.21441e+00
 90   90 1.62953e+01
 91    1 3.74038e-03
 91    3 1.72674e-02
 91    5 3.04462e-02
 91    7 4.46886e-02
 91    9 5.78061e-02
 91   11 5.52370e-02
 91   13 5.02659e-02
 91   15 4.73779e-02
 91   17 4.55918e-02
 91   19 4.49921e-02
 91   21 4.83036e-02
 91   23 4.85044e-02
 91   25 4.69113e-02
 91   27 4.68704e-02
 91   29 4.77980e-02
 91   31 4.55776e-02
 91   33 5.17280e-02
 91   35 4.74288e-02
 91   37 4.04879e-02
 91   39 4.42589e-02
 91   41 4.92302e-02
 91   43 5.33638e-02
 91   45 4.72027e-02
 91   47 4.78229e-02
 91   49 4.73511e-02
 91   51 4.97556e-02
 91   53 5.64683e-02
 91   55 5.18048e-02
 91   57 4.83328e-02
 91   59 5.40513e-02
 91   61 5.75740e-02
 91   63 5.80258e-02
 91   65 6.12681e-02
 91   67 6.22483e-02
 91   69 5.89645e-02
 91   71 7.34219e-02
 91   73 7.98139e-02
 91   75 7.60427e-02
 91   77 8.37496e-02
 91   79 1.01602e-01
 91   81 1.27160e-01
 91   83 1.61923e-01
 91   85 2.17123e-01
 91   87 4.06679e-01
 91   89 1.18710e+00
