# 13C+CO2(ji) -> 13C+CO2(jf) molscat cross sections, CS8_JMAX90 approx. (written on 08/08/2023); 
# E=32240.000000 (1/cm) = 3.997250523958923 eV
# ji  jf sigma(ji,jf) (1e-16 cm^2)
  1    1 1.43173e+02
  1    3 1.91445e+01
  1    5 5.76842e+00
  1    7 2.25823e+00
  1    9 1.54757e+00
  1   11 1.79907e+00
  1   13 1.23199e+00
  1   15 1.06130e+00
  1   17 1.14606e+00
  1   19 1.02728e+00
  1   21 7.89535e-01
  1   23 7.39600e-01
  1   25 7.65519e-01
  1   27 6.09919e-01
  1   29 7.81909e-01
  1   31 7.18020e-01
  1   33 6.43140e-01
  1   35 5.57869e-01
  1   37 6.10633e-01
  1   39 4.81083e-01
  1   41 6.02028e-01
  1   43 5.19640e-01
  1   45 6.85092e-01
  1   47 5.67365e-01
  1   49 6.85859e-01
  1   51 6.39952e-01
  1   53 7.08613e-01
  1   55 6.72108e-01
  1   57 6.04085e-01
  1   59 6.34752e-01
  1   61 4.53894e-01
  1   63 4.28437e-01
  1   65 3.85369e-01
  1   67 5.18162e-01
  1   69 4.85181e-01
  1   71 5.10383e-01
  1   73 4.35240e-01
  1   75 5.42573e-01
  1   77 3.04724e-01
  1   79 5.01550e-01
  1   81 5.18136e-01
  1   83 3.05899e-01
  1   85 3.53188e-01
  1   87 4.04405e-01
  1   89 4.04938e-01
  1   91 3.72757e-01
  2    2 1.50741e+02
  2    4 1.40542e+01
  2    6 4.23016e+00
  2    8 1.99893e+00
  2   10 1.70877e+00
  2   12 1.54252e+00
  2   14 1.12954e+00
  2   16 1.11291e+00
  2   18 1.04147e+00
  2   20 9.18724e-01
  2   22 8.38950e-01
  2   24 7.84002e-01
  2   26 7.37395e-01
  2   28 7.38171e-01
  2   30 7.29260e-01
  2   32 6.73041e-01
  2   34 6.36858e-01
  2   36 5.71534e-01
  2   38 5.36855e-01
  2   40 5.41331e-01
  2   42 5.90530e-01
  2   44 6.05104e-01
  2   46 6.70988e-01
  2   48 6.40761e-01
  2   50 7.14524e-01
  2   52 6.44910e-01
  2   54 6.28709e-01
  2   56 5.98834e-01
  2   58 5.65955e-01
  2   60 5.59281e-01
  2   62 4.26937e-01
  2   64 4.30688e-01
  2   66 4.84928e-01
  2   68 5.58197e-01
  2   70 5.52071e-01
  2   72 4.52674e-01
  2   74 3.79845e-01
  2   76 3.15106e-01
  2   78 4.85546e-01
  2   80 4.12216e-01
  2   82 4.24324e-01
  2   84 3.96739e-01
  2   86 4.56701e-01
  2   88 3.78823e-01
  2   90 4.45017e-01
  3    1 3.82918e+00
  3    3 1.50190e+02
  3    5 1.20726e+01
  3    7 3.69941e+00
  3    9 2.01018e+00
  3   11 1.55703e+00
  3   13 1.46452e+00
  3   15 1.20571e+00
  3   17 1.00518e+00
  3   19 1.05342e+00
  3   21 8.46462e-01
  3   23 8.47917e-01
  3   25 7.27281e-01
  3   27 7.87998e-01
  3   29 6.76644e-01
  3   31 7.49232e-01
  3   33 6.25940e-01
  3   35 6.65482e-01
  3   37 5.71903e-01
  3   39 5.51684e-01
  3   41 5.58487e-01
  3   43 5.23527e-01
  3   45 6.72289e-01
  3   47 6.09709e-01
  3   49 6.53077e-01
  3   51 6.47924e-01
  3   53 6.76397e-01
  3   55 6.59796e-01
  3   57 5.71680e-01
  3   59 5.31023e-01
  3   61 4.68631e-01
  3   63 4.23514e-01
  3   65 4.31158e-01
  3   67 4.70985e-01
  3   69 4.77112e-01
  3   71 4.98304e-01
  3   73 4.21974e-01
  3   75 5.13644e-01
  3   77 3.63332e-01
  3   79 4.41974e-01
  3   81 4.49779e-01
  3   83 3.42248e-01
  3   85 3.94550e-01
  3   87 4.36194e-01
  3   89 3.74149e-01
  3   91 3.93430e-01
  4    2 6.02394e+00
  4    4 1.49684e+02
  4    6 1.11956e+01
  4    8 3.60504e+00
  4   10 1.84397e+00
  4   12 1.46909e+00
  4   14 1.41471e+00
  4   16 1.11884e+00
  4   18 9.65551e-01
  4   20 1.01326e+00
  4   22 8.58647e-01
  4   24 8.10546e-01
  4   26 7.83760e-01
  4   28 7.32209e-01
  4   30 7.01164e-01
  4   32 6.80258e-01
  4   34 6.43657e-01
  4   36 5.93051e-01
  4   38 5.63920e-01
  4   40 5.43003e-01
  4   42 5.68956e-01
  4   44 5.82046e-01
  4   46 6.93739e-01
  4   48 6.66815e-01
  4   50 6.91531e-01
  4   52 6.44306e-01
  4   54 6.30764e-01
  4   56 5.73999e-01
  4   58 5.80329e-01
  4   60 5.35069e-01
  4   62 4.45320e-01
  4   64 4.45424e-01
  4   66 4.98662e-01
  4   68 5.49864e-01
  4   70 5.02571e-01
  4   72 4.46069e-01
  4   74 4.42212e-01
  4   76 3.96146e-01
  4   78 4.22920e-01
  4   80 3.88580e-01
  4   82 3.61028e-01
  4   84 4.48451e-01
  4   86 4.61634e-01
  4   88 3.79291e-01
  4   90 4.38886e-01
  5    1 6.41090e-01
  5    3 6.70812e+00
  5    5 1.49653e+02
  5    7 1.08400e+01
  5    9 3.38704e+00
  5   11 1.76735e+00
  5   13 1.46852e+00
  5   15 1.35753e+00
  5   17 1.05777e+00
  5   19 9.70598e-01
  5   21 9.40268e-01
  5   23 8.14747e-01
  5   25 7.53756e-01
  5   27 7.78588e-01
  5   29 7.04219e-01
  5   31 6.99292e-01
  5   33 6.85425e-01
  5   35 6.50825e-01
  5   37 5.62142e-01
  5   39 5.58084e-01
  5   41 5.97715e-01
  5   43 5.42834e-01
  5   45 6.52813e-01
  5   47 6.20093e-01
  5   49 6.89984e-01
  5   51 6.40343e-01
  5   53 6.77750e-01
  5   55 6.06466e-01
  5   57 6.04219e-01
  5   59 5.41077e-01
  5   61 5.12883e-01
  5   63 4.64670e-01
  5   65 4.14760e-01
  5   67 5.03065e-01
  5   69 4.62721e-01
  5   71 5.03568e-01
  5   73 4.35219e-01
  5   75 4.81482e-01
  5   77 3.58957e-01
  5   79 4.46709e-01
  5   81 4.27059e-01
  5   83 3.48949e-01
  5   85 4.19330e-01
  5   87 4.35641e-01
  5   89 3.89379e-01
  5   91 3.88825e-01
  6    2 1.15407e+00
  6    4 7.12600e+00
  6    6 1.49687e+02
  6    8 1.04791e+01
  6   10 3.25860e+00
  6   12 1.74158e+00
  6   14 1.39614e+00
  6   16 1.31546e+00
  6   18 1.05023e+00
  6   20 9.50151e-01
  6   22 9.37527e-01
  6   24 8.01310e-01
  6   26 7.95661e-01
  6   28 7.65139e-01
  6   30 6.96842e-01
  6   32 7.28643e-01
  6   34 6.46776e-01
  6   36 5.98951e-01
  6   38 5.50368e-01
  6   40 5.83838e-01
  6   42 5.70416e-01
  6   44 6.32310e-01
  6   46 6.67903e-01
  6   48 6.37311e-01
  6   50 6.76745e-01
  6   52 6.52782e-01
  6   54 6.17423e-01
  6   56 5.42108e-01
  6   58 5.84328e-01
  6   60 5.47307e-01
  6   62 4.83753e-01
  6   64 4.56674e-01
  6   66 4.90550e-01
  6   68 5.25253e-01
  6   70 5.09693e-01
  6   72 5.06201e-01
  6   74 4.59754e-01
  6   76 4.02398e-01
  6   78 4.51485e-01
  6   80 3.79915e-01
  6   82 3.48088e-01
  6   84 4.26518e-01
  6   86 4.93716e-01
  6   88 3.84738e-01
  6   90 4.14363e-01
  7    1 1.73798e-01
  7    3 1.42347e+00
  7    5 7.50659e+00
  7    7 1.49625e+02
  7    9 1.02741e+01
  7   11 3.19715e+00
  7   13 1.69233e+00
  7   15 1.40211e+00
  7   17 1.28830e+00
  7   19 1.04153e+00
  7   21 9.16797e-01
  7   23 8.97165e-01
  7   25 8.17543e-01
  7   27 7.71893e-01
  7   29 7.28115e-01
  7   31 7.63562e-01
  7   33 6.74156e-01
  7   35 6.55009e-01
  7   37 5.66899e-01
  7   39 6.02051e-01
  7   41 5.92755e-01
  7   43 5.82608e-01
  7   45 6.12065e-01
  7   47 6.21157e-01
  7   49 6.50404e-01
  7   51 6.35014e-01
  7   53 6.94356e-01
  7   55 5.74314e-01
  7   57 5.56578e-01
  7   59 5.33022e-01
  7   61 5.71278e-01
  7   63 4.92162e-01
  7   65 4.33470e-01
  7   67 4.64601e-01
  7   69 4.91546e-01
  7   71 5.10622e-01
  7   73 4.53598e-01
  7   75 4.92490e-01
  7   77 3.94029e-01
  7   79 4.41281e-01
  7   81 4.01944e-01
  7   83 3.36579e-01
  7   85 3.80431e-01
  7   87 4.50714e-01
  7   89 3.95578e-01
  7   91 3.97835e-01
  8    2 4.00048e-01
  8    4 1.68325e+00
  8    6 7.68712e+00
  8    8 1.49697e+02
  8   10 1.00982e+01
  8   12 3.11676e+00
  8   14 1.66090e+00
  8   16 1.35170e+00
  8   18 1.26141e+00
  8   20 1.01778e+00
  8   22 9.09565e-01
  8   24 9.03169e-01
  8   26 8.03783e-01
  8   28 7.61716e-01
  8   30 7.36315e-01
  8   32 7.03695e-01
  8   34 6.80511e-01
  8   36 6.25522e-01
  8   38 6.13183e-01
  8   40 6.10605e-01
  8   42 6.00562e-01
  8   44 6.43743e-01
  8   46 6.70209e-01
  8   48 6.57785e-01
  8   50 6.34913e-01
  8   52 6.49940e-01
  8   54 6.42321e-01
  8   56 5.30536e-01
  8   58 5.73652e-01
  8   60 5.29418e-01
  8   62 5.20915e-01
  8   64 4.55379e-01
  8   66 4.66736e-01
  8   68 5.03840e-01
  8   70 4.98656e-01
  8   72 4.89537e-01
  8   74 5.00358e-01
  8   76 4.16529e-01
  8   78 4.61412e-01
  8   80 3.70652e-01
  8   82 3.23292e-01
  8   84 4.05756e-01
  8   86 4.83700e-01
  8   88 3.96199e-01
  8   90 4.38006e-01
  9    1 9.11130e-02
  9    3 5.91701e-01
  9    5 1.79427e+00
  9    7 7.85955e+00
  9    9 1.49682e+02
  9   11 9.98373e+00
  9   13 3.06577e+00
  9   15 1.61543e+00
  9   17 1.33799e+00
  9   19 1.22369e+00
  9   21 1.00085e+00
  9   23 9.35226e-01
  9   25 8.69861e-01
  9   27 8.06484e-01
  9   29 7.50763e-01
  9   31 6.98757e-01
  9   33 7.37566e-01
  9   35 6.26884e-01
  9   37 6.53412e-01
  9   39 6.02431e-01
  9   41 5.94593e-01
  9   43 6.05230e-01
  9   45 6.06637e-01
  9   47 6.62236e-01
  9   49 6.30549e-01
  9   51 6.22332e-01
  9   53 6.46256e-01
  9   55 5.81433e-01
  9   57 5.63346e-01
  9   59 5.46382e-01
  9   61 5.78220e-01
  9   63 5.02021e-01
  9   65 4.54237e-01
  9   67 4.68303e-01
  9   69 5.11957e-01
  9   71 5.19241e-01
  9   73 4.80325e-01
  9   75 4.80023e-01
  9   77 4.00946e-01
  9   79 4.24630e-01
  9   81 3.93608e-01
  9   83 3.39638e-01
  9   85 3.93335e-01
  9   87 4.26289e-01
  9   89 3.74069e-01
  9   91 4.57960e-01
 10    2 2.70093e-01
 10    4 6.79998e-01
 10    6 1.88793e+00
 10    8 7.97555e+00
 10   10 1.29948e+02
 10   12 9.40207e+00
 10   14 2.77780e+00
 10   16 1.43147e+00
 10   18 1.19497e+00
 10   20 1.09756e+00
 10   22 9.04085e-01
 10   24 8.24015e-01
 10   26 7.70927e-01
 10   28 7.12695e-01
 10   30 6.57802e-01
 10   32 6.34246e-01
 10   34 6.17243e-01
 10   36 5.93267e-01
 10   38 5.91819e-01
 10   40 5.76507e-01
 10   42 5.63912e-01
 10   44 5.81664e-01
 10   46 5.92441e-01
 10   48 5.90945e-01
 10   50 5.61125e-01
 10   52 5.52459e-01
 10   54 5.62380e-01
 10   56 4.96423e-01
 10   58 5.63103e-01
 10   60 5.24230e-01
 10   62 4.98064e-01
 10   64 4.32758e-01
 10   66 4.61140e-01
 10   68 5.01317e-01
 10   70 4.72946e-01
 10   72 4.12315e-01
 10   74 4.95007e-01
 10   76 3.81581e-01
 10   78 4.12332e-01
 10   80 3.47750e-01
 10   82 2.84108e-01
 10   84 3.38860e-01
 10   86 4.37292e-01
 10   88 3.09847e-01
 10   90 4.16083e-01
 11    1 8.57840e-02
 11    3 3.71189e-01
 11    5 7.58262e-01
 11    7 1.98082e+00
 11    9 8.08579e+00
 11   11 1.14947e+02
 11   13 8.87248e+00
 11   15 2.57365e+00
 11   17 1.28547e+00
 11   19 1.04941e+00
 11   21 9.88624e-01
 11   23 8.14335e-01
 11   25 7.12874e-01
 11   27 6.96816e-01
 11   29 6.11773e-01
 11   31 5.66162e-01
 11   33 5.64074e-01
 11   35 5.38322e-01
 11   37 5.31158e-01
 11   39 5.44996e-01
 11   41 5.06660e-01
 11   43 5.28669e-01
 11   45 5.06247e-01
 11   47 5.51527e-01
 11   49 5.01086e-01
 11   51 4.83761e-01
 11   53 4.99895e-01
 11   55 4.83565e-01
 11   57 4.80306e-01
 11   59 4.84060e-01
 11   61 4.95868e-01
 11   63 4.12687e-01
 11   65 3.80764e-01
 11   67 4.12900e-01
 11   69 4.04788e-01
 11   71 4.02584e-01
 11   73 3.84739e-01
 11   75 3.91913e-01
 11   77 3.36711e-01
 11   79 3.40181e-01
 11   81 2.85116e-01
 11   83 2.77560e-01
 11   85 2.68389e-01
 11   87 3.64237e-01
 11   89 2.47605e-01
 11   91 3.50067e-01
 12    2 2.01515e-01
 12    4 4.47765e-01
 12    6 8.33959e-01
 12    8 2.03454e+00
 12   10 7.77088e+00
 12   12 1.03290e+02
 12   14 8.35175e+00
 12   16 2.44394e+00
 12   18 1.20506e+00
 12   20 9.50008e-01
 12   22 9.05618e-01
 12   24 7.40421e-01
 12   26 6.34009e-01
 12   28 6.34295e-01
 12   30 5.65855e-01
 12   32 5.38285e-01
 12   34 5.20488e-01
 12   36 4.83480e-01
 12   38 5.17865e-01
 12   40 5.06631e-01
 12   42 4.84615e-01
 12   44 4.87823e-01
 12   46 4.70544e-01
 12   48 4.50709e-01
 12   50 4.40842e-01
 12   52 4.19900e-01
 12   54 4.58952e-01
 12   56 4.15720e-01
 12   58 4.56817e-01
 12   60 4.32767e-01
 12   62 4.04581e-01
 12   64 3.58563e-01
 12   66 3.56507e-01
 12   68 3.77256e-01
 12   70 3.70159e-01
 12   72 3.45826e-01
 12   74 3.91518e-01
 12   76 2.86607e-01
 12   78 3.55043e-01
 12   80 2.59939e-01
 12   82 2.59854e-01
 12   84 2.24658e-01
 12   86 3.31595e-01
 12   88 2.37421e-01
 12   90 3.22979e-01
 13    1 4.93727e-02
 13    3 2.93436e-01
 13    5 5.29538e-01
 13    7 8.81227e-01
 13    9 2.08685e+00
 13   11 7.45704e+00
 13   13 9.39215e+01
 13   15 7.86386e+00
 13   17 2.33907e+00
 13   19 1.09127e+00
 13   21 8.67403e-01
 13   23 8.44469e-01
 13   25 6.59744e-01
 13   27 5.93264e-01
 13   29 5.73375e-01
 13   31 5.01778e-01
 13   33 4.77534e-01
 13   35 4.65133e-01
 13   37 4.69854e-01
 13   39 4.53819e-01
 13   41 4.72288e-01
 13   43 4.56185e-01
 13   45 4.15075e-01
 13   47 4.19320e-01
 13   49 3.93281e-01
 13   51 3.67530e-01
 13   53 3.67960e-01
 13   55 3.82479e-01
 13   57 3.90370e-01
 13   59 3.97004e-01
 13   61 3.87706e-01
 13   63 3.22391e-01
 13   65 3.09107e-01
 13   67 3.34811e-01
 13   69 3.19500e-01
 13   71 3.47719e-01
 13   73 2.86791e-01
 13   75 3.45788e-01
 13   77 2.43221e-01
 13   79 2.88586e-01
 13   81 2.56530e-01
 13   83 2.29130e-01
 13   85 2.03216e-01
 13   87 2.94367e-01
 13   89 2.09112e-01
 13   91 3.01516e-01
 14    2 1.25779e-01
 14    4 3.67534e-01
 14    6 5.69847e-01
 14    8 9.24130e-01
 14   10 1.95693e+00
 14   12 7.11877e+00
 14   14 8.61726e+01
 14   16 7.42051e+00
 14   18 2.20060e+00
 14   20 1.02972e+00
 14   22 8.03059e-01
 14   24 7.52530e-01
 14   26 6.10989e-01
 14   28 5.39310e-01
 14   30 5.15599e-01
 14   32 4.74567e-01
 14   34 4.48776e-01
 14   36 4.42781e-01
 14   38 4.17029e-01
 14   40 4.28459e-01
 14   42 4.24806e-01
 14   44 4.07207e-01
 14   46 3.61806e-01
 14   48 3.53253e-01
 14   50 3.36767e-01
 14   52 3.35356e-01
 14   54 3.24262e-01
 14   56 3.42880e-01
 14   58 3.76483e-01
 14   60 3.70160e-01
 14   62 3.22501e-01
 14   64 3.09516e-01
 14   66 2.94136e-01
 14   68 3.52338e-01
 14   70 3.12670e-01
 14   72 2.88106e-01
 14   74 3.06390e-01
 14   76 2.58450e-01
 14   78 3.25688e-01
 14   80 2.29274e-01
 14   82 2.70176e-01
 14   84 1.91584e-01
 14   86 2.87096e-01
 14   88 1.99235e-01
 14   90 3.12551e-01
 15    1 3.66898e-02
 15    3 2.08396e-01
 15    5 4.22275e-01
 15    7 6.29814e-01
 15    9 9.48563e-01
 15   11 1.86594e+00
 15   13 6.78363e+00
 15   15 7.96368e+01
 15   17 6.95717e+00
 15   19 2.09596e+00
 15   21 9.73904e-01
 15   23 7.57777e-01
 15   25 7.38886e-01
 15   27 5.36345e-01
 15   29 4.78617e-01
 15   31 4.73563e-01
 15   33 4.27375e-01
 15   35 4.20566e-01
 15   37 4.09880e-01
 15   39 4.05697e-01
 15   41 3.90875e-01
 15   43 3.92815e-01
 15   45 3.79551e-01
 15   47 3.18889e-01
 15   49 2.87771e-01
 15   51 3.06370e-01
 15   53 2.82976e-01
 15   55 2.98859e-01
 15   57 3.16077e-01
 15   59 3.23784e-01
 15   61 3.09601e-01
 15   63 2.83777e-01
 15   65 2.84600e-01
 15   67 2.97150e-01
 15   69 2.98273e-01
 15   71 3.09995e-01
 15   73 2.66536e-01
 15   75 3.24439e-01
 15   77 2.13261e-01
 15   79 2.83681e-01
 15   81 2.15335e-01
 15   83 2.44418e-01
 15   85 1.77531e-01
 15   87 2.48171e-01
 15   89 1.77804e-01
 15   91 2.61705e-01
 16    2 1.08012e-01
 16    4 2.53341e-01
 16    6 4.67967e-01
 16    8 6.55509e-01
 16   10 8.78948e-01
 16   12 1.81562e+00
 16   14 6.46758e+00
 16   16 7.39514e+01
 16   18 6.57544e+00
 16   20 2.00667e+00
 16   22 9.10595e-01
 16   24 7.03749e-01
 16   26 6.81119e-01
 16   28 5.01221e-01
 16   30 4.61004e-01
 16   32 4.54391e-01
 16   34 4.10546e-01
 16   36 4.29162e-01
 16   38 3.96883e-01
 16   40 3.74361e-01
 16   42 3.54172e-01
 16   44 3.30597e-01
 16   46 3.31718e-01
 16   48 2.73339e-01
 16   50 2.58468e-01
 16   52 2.68364e-01
 16   54 2.72641e-01
 16   56 2.72793e-01
 16   58 2.93627e-01
 16   60 2.88152e-01
 16   62 2.67594e-01
 16   64 2.93813e-01
 16   66 2.69571e-01
 16   68 3.20351e-01
 16   70 2.69865e-01
 16   72 2.73147e-01
 16   74 2.61537e-01
 16   76 2.18520e-01
 16   78 2.61633e-01
 16   80 1.84788e-01
 16   82 2.70270e-01
 16   84 2.00758e-01
 16   86 2.62227e-01
 16   88 1.74930e-01
 16   90 2.72564e-01
 17    1 3.48439e-02
 17    3 1.52792e-01
 17    5 2.89364e-01
 17    7 5.08929e-01
 17    9 6.90941e-01
 17   11 8.19636e-01
 17   13 1.77452e+00
 17   15 6.11848e+00
 17   17 6.91089e+01
 17   19 6.21909e+00
 17   21 1.93032e+00
 17   23 8.55068e-01
 17   25 6.73925e-01
 17   27 6.39002e-01
 17   29 4.77384e-01
 17   31 4.40578e-01
 17   33 4.33200e-01
 17   35 4.17301e-01
 17   37 3.67094e-01
 17   39 3.70885e-01
 17   41 3.53992e-01
 17   43 3.12088e-01
 17   45 3.12383e-01
 17   47 2.69893e-01
 17   49 2.61542e-01
 17   51 2.34956e-01
 17   53 2.31234e-01
 17   55 2.53933e-01
 17   57 2.62903e-01
 17   59 2.55971e-01
 17   61 2.66356e-01
 17   63 2.43339e-01
 17   65 2.63349e-01
 17   67 2.50758e-01
 17   69 3.02215e-01
 17   71 2.36096e-01
 17   73 2.34335e-01
 17   75 2.46288e-01
 17   77 1.99636e-01
 17   79 2.51263e-01
 17   81 1.80858e-01
 17   83 2.39825e-01
 17   85 1.81102e-01
 17   87 2.28030e-01
 17   89 1.50795e-01
 17   91 2.59715e-01
 18    2 8.95982e-02
 18    4 1.93800e-01
 18    6 3.31178e-01
 18    8 5.42246e-01
 18   10 6.50402e-01
 18   12 7.93570e-01
 18   14 1.70017e+00
 18   16 5.82864e+00
 18   18 6.48612e+01
 18   20 5.87261e+00
 18   22 1.82299e+00
 18   24 8.07967e-01
 18   26 6.39913e-01
 18   28 6.09773e-01
 18   30 4.73764e-01
 18   32 4.24607e-01
 18   34 4.22695e-01
 18   36 3.93761e-01
 18   38 3.64244e-01
 18   40 3.50680e-01
 18   42 3.06774e-01
 18   44 2.74238e-01
 18   46 2.56321e-01
 18   48 2.44846e-01
 18   50 2.43787e-01
 18   52 2.30913e-01
 18   54 2.44987e-01
 18   56 2.58504e-01
 18   58 2.28896e-01
 18   60 2.64395e-01
 18   62 2.47028e-01
 18   64 2.41271e-01
 18   66 2.33124e-01
 18   68 2.33587e-01
 18   70 2.65010e-01
 18   72 2.40413e-01
 18   74 2.30422e-01
 18   76 2.03595e-01
 18   78 2.33405e-01
 18   80 1.57473e-01
 18   82 2.48743e-01
 18   84 1.70378e-01
 18   86 2.54032e-01
 18   88 1.55174e-01
 18   90 2.31651e-01
 19    1 2.78798e-02
 19    3 1.42935e-01
 19    5 2.37015e-01
 19    7 3.67278e-01
 19    9 5.64082e-01
 19   11 5.97293e-01
 19   13 7.39014e-01
 19   15 1.64541e+00
 19   17 5.55147e+00
 19   19 6.11601e+01
 19   21 5.54509e+00
 19   23 1.74169e+00
 19   25 7.62606e-01
 19   27 5.90245e-01
 19   29 6.04577e-01
 19   31 4.59430e-01
 19   33 4.03382e-01
 19   35 3.79752e-01
 19   37 3.62490e-01
 19   39 3.47019e-01
 19   41 3.31545e-01
 19   43 2.88338e-01
 19   45 2.40147e-01
 19   47 2.46985e-01
 19   49 2.39166e-01
 19   51 2.19151e-01
 19   53 2.08464e-01
 19   55 2.27384e-01
 19   57 2.00241e-01
 19   59 2.52858e-01
 19   61 2.33652e-01
 19   63 2.50378e-01
 19   65 2.25825e-01
 19   67 2.17911e-01
 19   69 2.25280e-01
 19   71 2.11481e-01
 19   73 2.22840e-01
 19   75 2.34791e-01
 19   77 1.87151e-01
 19   79 2.17459e-01
 19   81 1.46661e-01
 19   83 2.29606e-01
 19   85 1.47580e-01
 19   87 2.31012e-01
 19   89 1.63344e-01
 19   91 2.07219e-01
 20    2 7.09959e-02
 20    4 1.82680e-01
 20    6 2.69132e-01
 20    8 3.92998e-01
 20   10 5.36593e-01
 20   12 5.61951e-01
 20   14 7.14601e-01
 20   16 1.59776e+00
 20   18 5.27504e+00
 20   20 5.79328e+01
 20   22 5.27710e+00
 20   24 1.66533e+00
 20   26 7.27793e-01
 20   28 5.61813e-01
 20   30 5.82241e-01
 20   32 4.51476e-01
 20   34 3.85470e-01
 20   36 3.91804e-01
 20   38 3.48174e-01
 20   40 3.28328e-01
 20   42 2.88254e-01
 20   44 2.46058e-01
 20   46 2.38017e-01
 20   48 2.15168e-01
 20   50 2.18273e-01
 20   52 2.04297e-01
 20   54 2.15959e-01
 20   56 2.22388e-01
 20   58 2.17487e-01
 20   60 2.36819e-01
 20   62 2.19851e-01
 20   64 1.99467e-01
 20   66 2.25534e-01
 20   68 2.01056e-01
 20   70 2.42239e-01
 20   72 1.91131e-01
 20   74 2.51362e-01
 20   76 1.70989e-01
 20   78 2.18098e-01
 20   80 1.56406e-01
 20   82 2.11394e-01
 20   84 1.73734e-01
 20   86 2.12457e-01
 20   88 1.50753e-01
 20   90 1.97864e-01
 21    1 1.93553e-02
 21    3 1.03747e-01
 21    5 2.07405e-01
 21    7 2.92028e-01
 21    9 4.16744e-01
 21   11 5.08278e-01
 21   13 5.30603e-01
 21   15 6.90619e-01
 21   17 1.55647e+00
 21   19 5.00885e+00
 21   21 5.49995e+01
 21   23 5.01338e+00
 21   25 1.61908e+00
 21   27 6.97963e-01
 21   29 5.36470e-01
 21   31 5.56145e-01
 21   33 4.19644e-01
 21   35 3.77278e-01
 21   37 3.71673e-01
 21   39 3.33469e-01
 21   41 2.73593e-01
 21   43 2.55383e-01
 21   45 2.46391e-01
 21   47 2.19405e-01
 21   49 2.11126e-01
 21   51 1.87948e-01
 21   53 1.81657e-01
 21   55 1.91348e-01
 21   57 1.95806e-01
 21   59 2.05677e-01
 21   61 2.09823e-01
 21   63 2.31402e-01
 21   65 1.95727e-01
 21   67 2.09265e-01
 21   69 1.90155e-01
 21   71 2.22062e-01
 21   73 1.64036e-01
 21   75 2.32183e-01
 21   77 1.60968e-01
 21   79 2.21686e-01
 21   81 1.34992e-01
 21   83 1.97270e-01
 21   85 1.60488e-01
 21   87 2.07796e-01
 21   89 1.44451e-01
 21   91 1.94173e-01
 22    2 5.88591e-02
 22    4 1.40545e-01
 22    6 2.41093e-01
 22    8 3.18858e-01
 22   10 4.01288e-01
 22   12 4.86346e-01
 22   14 5.05965e-01
 22   16 6.58249e-01
 22   18 1.48665e+00
 22   20 4.79098e+00
 22   22 5.24048e+01
 22   24 4.80980e+00
 22   26 1.54778e+00
 22   28 6.58324e-01
 22   30 5.11559e-01
 22   32 5.35359e-01
 22   34 4.16965e-01
 22   36 3.70501e-01
 22   38 3.67292e-01
 22   40 2.93202e-01
 22   42 2.65870e-01
 22   44 2.44154e-01
 22   46 2.14433e-01
 22   48 2.05182e-01
 22   50 2.10720e-01
 22   52 1.75949e-01
 22   54 1.91498e-01
 22   56 1.91471e-01
 22   58 2.09013e-01
 22   60 2.09062e-01
 22   62 1.81375e-01
 22   64 1.87153e-01
 22   66 2.06641e-01
 22   68 1.88051e-01
 22   70 2.04068e-01
 22   72 1.43358e-01
 22   74 2.59543e-01
 22   76 1.48260e-01
 22   78 2.20140e-01
 22   80 1.52729e-01
 22   82 1.95409e-01
 22   84 1.62806e-01
 22   86 2.09629e-01
 22   88 1.42036e-01
 22   90 1.62746e-01
 23    1 1.65368e-02
 23    3 9.47867e-02
 23    5 1.63914e-01
 23    7 2.60645e-01
 23    9 3.55175e-01
 23   11 3.81856e-01
 23   13 4.71149e-01
 23   15 4.90106e-01
 23   17 6.28837e-01
 23   19 1.43492e+00
 23   21 4.57253e+00
 23   23 5.00536e+01
 23   25 4.56974e+00
 23   27 1.49940e+00
 23   29 6.25398e-01
 23   31 4.94398e-01
 23   33 5.39816e-01
 23   35 3.75550e-01
 23   37 3.64026e-01
 23   39 3.01601e-01
 23   41 2.69303e-01
 23   43 2.40901e-01
 23   45 2.22144e-01
 23   47 2.32161e-01
 23   49 1.88450e-01
 23   51 1.98980e-01
 23   53 1.51967e-01
 23   55 1.76352e-01
 23   57 1.96971e-01
 23   59 2.05256e-01
 23   61 1.78286e-01
 23   63 1.85306e-01
 23   65 1.68173e-01
 23   67 2.03623e-01
 23   69 1.60170e-01
 23   71 1.96860e-01
 23   73 1.36940e-01
 23   75 2.21338e-01
 23   77 1.31386e-01
 23   79 2.09752e-01
 23   81 1.45793e-01
 23   83 1.86444e-01
 23   85 1.47683e-01
 23   87 2.04081e-01
 23   89 1.47565e-01
 23   91 1.66064e-01
 24    2 5.03781e-02
 24    4 1.21514e-01
 24    6 1.88733e-01
 24    8 2.89987e-01
 24   10 3.34988e-01
 24   12 3.64188e-01
 24   14 4.34254e-01
 24   16 4.65939e-01
 24   18 6.03481e-01
 24   20 1.38477e+00
 24   22 4.40528e+00
 24   24 4.78731e+01
 24   26 4.39922e+00
 24   28 1.45337e+00
 24   30 6.15054e-01
 24   32 4.93804e-01
 24   34 4.91514e-01
 24   36 3.74121e-01
 24   38 3.16686e-01
 24   40 3.01085e-01
 24   42 2.53813e-01
 24   44 2.35629e-01
 24   46 1.97994e-01
 24   48 1.97832e-01
 24   50 1.75298e-01
 24   52 1.85434e-01
 24   54 1.59940e-01
 24   56 1.76607e-01
 24   58 2.01602e-01
 24   60 1.96398e-01
 24   62 1.92319e-01
 24   64 1.55745e-01
 24   66 1.72716e-01
 24   68 1.61791e-01
 24   70 1.86786e-01
 24   72 1.65594e-01
 24   74 2.14499e-01
 24   76 1.53081e-01
 24   78 2.08146e-01
 24   80 1.79351e-01
 24   82 1.75350e-01
 24   84 1.32901e-01
 24   86 1.67092e-01
 24   88 1.47434e-01
 24   90 1.61440e-01
 25    1 1.57371e-02
 25    3 7.47498e-02
 25    5 1.39424e-01
 25    7 2.18375e-01
 25    9 3.03731e-01
 25   11 3.07343e-01
 25   13 3.38426e-01
 25   15 4.39379e-01
 25   17 4.55683e-01
 25   19 5.77657e-01
 25   21 1.35771e+00
 25   23 4.20151e+00
 25   25 4.59399e+01
 25   27 4.20639e+00
 25   29 1.40030e+00
 25   31 5.92302e-01
 25   33 4.68382e-01
 25   35 4.78437e-01
 25   37 3.44490e-01
 25   39 2.92956e-01
 25   41 2.83403e-01
 25   43 2.54411e-01
 25   45 2.08052e-01
 25   47 2.17561e-01
 25   49 1.74481e-01
 25   51 1.68197e-01
 25   53 1.61424e-01
 25   55 1.52972e-01
 25   57 1.75220e-01
 25   59 1.73739e-01
 25   61 2.12409e-01
 25   63 1.55091e-01
 25   65 1.72280e-01
 25   67 1.62026e-01
 25   69 1.37325e-01
 25   71 1.65602e-01
 25   73 1.42544e-01
 25   75 2.04218e-01
 25   77 1.43968e-01
 25   79 1.84949e-01
 25   81 1.74726e-01
 25   83 1.66517e-01
 25   85 1.37276e-01
 25   87 1.65664e-01
 25   89 1.40894e-01
 25   91 1.46157e-01
 26    2 4.37191e-02
 26    4 1.08412e-01
 26    6 1.72911e-01
 26    8 2.38120e-01
 26   10 2.89170e-01
 26   12 2.87733e-01
 26   14 3.25312e-01
 26   16 4.16084e-01
 26   18 4.40999e-01
 26   20 5.58381e-01
 26   22 1.30799e+00
 26   24 4.05903e+00
 26   26 4.41268e+01
 26   28 4.07609e+00
 26   30 1.34078e+00
 26   32 5.53201e-01
 26   34 4.42893e-01
 26   36 4.42568e-01
 26   38 3.30461e-01
 26   40 2.81859e-01
 26   42 2.87421e-01
 26   44 2.30853e-01
 26   46 2.02367e-01
 26   48 1.83983e-01
 26   50 1.54338e-01
 26   52 1.63135e-01
 26   54 1.58017e-01
 26   56 1.74970e-01
 26   58 1.71892e-01
 26   60 1.88299e-01
 26   62 1.66878e-01
 26   64 1.81122e-01
 26   66 1.43512e-01
 26   68 1.48950e-01
 26   70 1.31856e-01
 26   72 1.62051e-01
 26   74 1.89389e-01
 26   76 1.72203e-01
 26   78 1.69342e-01
 26   80 1.80231e-01
 26   82 1.59520e-01
 26   84 1.37881e-01
 26   86 1.51081e-01
 26   88 1.38721e-01
 26   90 1.54802e-01
 27    1 1.16065e-02
 27    3 7.49710e-02
 27    5 1.33314e-01
 27    7 1.90858e-01
 27    9 2.60673e-01
 27   11 2.78092e-01
 27   13 2.81707e-01
 27   15 2.95234e-01
 27   17 3.99958e-01
 27   19 4.13868e-01
 27   21 5.41793e-01
 27   23 1.27612e+00
 27   25 3.89377e+00
 27   27 4.25230e+01
 27   29 3.89873e+00
 27   31 1.28664e+00
 27   33 5.22574e-01
 27   35 4.15081e-01
 27   37 4.43997e-01
 27   39 3.02974e-01
 27   41 2.75583e-01
 27   43 2.69954e-01
 27   45 2.32181e-01
 27   47 1.99021e-01
 27   49 1.60092e-01
 27   51 1.63006e-01
 27   53 1.46788e-01
 27   55 1.48089e-01
 27   57 1.70359e-01
 27   59 1.56596e-01
 27   61 1.52848e-01
 27   63 1.59602e-01
 27   65 1.59853e-01
 27   67 1.38474e-01
 27   69 1.40167e-01
 27   71 1.51493e-01
 27   73 1.70620e-01
 27   75 1.64541e-01
 27   77 1.43973e-01
 27   79 1.68417e-01
 27   81 1.87919e-01
 27   83 1.43842e-01
 27   85 1.38542e-01
 27   87 1.40486e-01
 27   89 1.25853e-01
 27   91 1.43666e-01
 28    2 4.06347e-02
 28    4 9.40371e-02
 28    6 1.54385e-01
 28    8 2.09517e-01
 28   10 2.48207e-01
 28   12 2.67272e-01
 28   14 2.66609e-01
 28   16 2.84287e-01
 28   18 3.90170e-01
 28   20 4.00206e-01
 28   22 5.16538e-01
 28   24 1.24507e+00
 28   26 3.78454e+00
 28   28 4.09570e+01
 28   30 3.76385e+00
 28   32 1.23002e+00
 28   34 4.86914e-01
 28   36 3.89756e-01
 28   38 4.15134e-01
 28   40 2.86366e-01
 28   42 2.67113e-01
 28   44 2.53263e-01
 28   46 2.10710e-01
 28   48 1.95545e-01
 28   50 1.61622e-01
 28   52 1.57314e-01
 28   54 1.43647e-01
 28   56 1.79472e-01
 28   58 1.51718e-01
 28   60 1.51980e-01
 28   62 1.57984e-01
 28   64 1.59385e-01
 28   66 1.53879e-01
 28   68 1.37234e-01
 28   70 1.41430e-01
 28   72 1.58190e-01
 28   74 1.42368e-01
 28   76 1.59628e-01
 28   78 1.63448e-01
 28   80 1.65279e-01
 28   82 1.40342e-01
 28   84 1.61490e-01
 28   86 1.54186e-01
 28   88 1.16199e-01
 28   90 1.58251e-01
 29    1 1.38539e-02
 29    3 5.99395e-02
 29    5 1.12269e-01
 29    7 1.67624e-01
 29    9 2.25937e-01
 29   11 2.27324e-01
 29   13 2.53497e-01
 29   15 2.45299e-01
 29   17 2.78204e-01
 29   19 3.94699e-01
 29   21 3.87731e-01
 29   23 4.95582e-01
 29   25 1.20689e+00
 29   27 3.63001e+00
 29   29 3.96185e+01
 29   31 3.60476e+00
 29   33 1.19519e+00
 29   35 4.52286e-01
 29   37 3.75951e-01
 29   39 4.10650e-01
 29   41 2.74276e-01
 29   43 2.59628e-01
 29   45 2.22095e-01
 29   47 2.07222e-01
 29   49 1.69885e-01
 29   51 1.72014e-01
 29   53 1.47198e-01
 29   55 1.47438e-01
 29   57 1.67151e-01
 29   59 1.48086e-01
 29   61 1.54736e-01
 29   63 1.42923e-01
 29   65 1.53692e-01
 29   67 1.34576e-01
 29   69 1.33697e-01
 29   71 1.28938e-01
 29   73 1.56385e-01
 29   75 1.39508e-01
 29   77 1.57977e-01
 29   79 1.32130e-01
 29   81 1.63601e-01
 29   83 1.37755e-01
 29   85 1.55816e-01
 29   87 1.40027e-01
 29   89 1.22198e-01
 29   91 1.36229e-01
 30    2 3.74747e-02
 30    4 8.40621e-02
 30    6 1.31255e-01
 30    8 1.89063e-01
 30   10 2.13856e-01
 30   12 2.22579e-01
 30   14 2.37938e-01
 30   16 2.44089e-01
 30   18 2.82986e-01
 30   20 3.87178e-01
 30   22 3.74692e-01
 30   24 4.91864e-01
 30   26 1.16210e+00
 30   28 3.51356e+00
 30   30 3.82765e+01
 30   32 3.48726e+00
 30   34 1.14312e+00
 30   36 4.33951e-01
 30   38 3.51446e-01
 30   40 3.88086e-01
 30   42 2.63425e-01
 30   44 2.40878e-01
 30   46 2.22507e-01
 30   48 1.98460e-01
 30   50 1.86757e-01
 30   52 1.46222e-01
 30   54 1.46841e-01
 30   56 1.48994e-01
 30   58 1.57494e-01
 30   60 1.61486e-01
 30   62 1.57065e-01
 30   64 1.34426e-01
 30   66 1.28070e-01
 30   68 1.21787e-01
 30   70 1.35362e-01
 30   72 1.35438e-01
 30   74 1.32186e-01
 30   76 1.42667e-01
 30   78 1.39197e-01
 30   80 1.55193e-01
 30   82 1.39007e-01
 30   84 1.62696e-01
 30   86 1.50440e-01
 30   88 1.15562e-01
 30   90 1.64094e-01
 31    1 1.19048e-02
 31    3 6.21070e-02
 31    5 1.04323e-01
 31    7 1.64495e-01
 31    9 1.96781e-01
 31   11 1.96864e-01
 31   13 2.07595e-01
 31   15 2.27121e-01
 31   17 2.40265e-01
 31   19 2.80676e-01
 31   21 3.76136e-01
 31   23 3.66613e-01
 31   25 4.77706e-01
 31   27 1.12102e+00
 31   29 3.37325e+00
 31   31 3.70174e+01
 31   33 3.34431e+00
 31   35 1.10625e+00
 31   37 4.01492e-01
 31   39 3.59743e-01
 31   41 3.75356e-01
 31   43 2.61120e-01
 31   45 2.19669e-01
 31   47 2.15247e-01
 31   49 2.08770e-01
 31   51 1.52838e-01
 31   53 1.56015e-01
 31   55 1.39498e-01
 31   57 1.35458e-01
 31   59 1.38268e-01
 31   61 1.44136e-01
 31   63 1.45909e-01
 31   65 1.38218e-01
 31   67 1.36570e-01
 31   69 1.21639e-01
 31   71 1.40651e-01
 31   73 1.31198e-01
 31   75 1.19508e-01
 31   77 1.25165e-01
 31   79 1.38988e-01
 31   81 1.61082e-01
 31   83 1.37987e-01
 31   85 1.46209e-01
 31   87 1.39592e-01
 31   89 9.91313e-02
 31   91 1.64517e-01
 32    2 3.24383e-02
 32    4 7.64917e-02
 32    6 1.28723e-01
 32    8 1.69467e-01
 32   10 1.93394e-01
 32   12 1.98587e-01
 32   14 2.05404e-01
 32   16 2.25649e-01
 32   18 2.37875e-01
 32   20 2.81580e-01
 32   22 3.67776e-01
 32   24 3.70379e-01
 32   26 4.49705e-01
 32   28 1.07693e+00
 32   30 3.27072e+00
 32   32 3.58244e+01
 32   34 3.24608e+00
 32   36 1.04208e+00
 32   38 3.84929e-01
 32   40 3.41337e-01
 32   42 3.51152e-01
 32   44 2.52395e-01
 32   46 2.16131e-01
 32   48 2.22067e-01
 32   50 1.80423e-01
 32   52 1.61781e-01
 32   54 1.43088e-01
 32   56 1.45689e-01
 32   58 1.42025e-01
 32   60 1.47385e-01
 32   62 1.36894e-01
 32   64 1.46643e-01
 32   66 1.43663e-01
 32   68 1.19305e-01
 32   70 1.55620e-01
 32   72 1.10893e-01
 32   74 1.24710e-01
 32   76 1.26430e-01
 32   78 1.22606e-01
 32   80 1.64726e-01
 32   82 1.20181e-01
 32   84 1.54903e-01
 32   86 1.56548e-01
 32   88 1.22951e-01
 32   90 1.39760e-01
 33    1 1.00226e-02
 33    3 4.87691e-02
 33    5 9.61104e-02
 33    7 1.36507e-01
 33    9 1.95229e-01
 33   11 1.84353e-01
 33   13 1.85693e-01
 33   15 1.92653e-01
 33   17 2.22046e-01
 33   19 2.31627e-01
 33   21 2.66762e-01
 33   23 3.76239e-01
 33   25 3.55062e-01
 33   27 4.27948e-01
 33   29 1.05122e+00
 33   31 3.14336e+00
 33   33 3.47177e+01
 33   35 3.12050e+00
 33   37 1.01513e+00
 33   39 3.74727e-01
 33   41 3.13678e-01
 33   43 3.44660e-01
 33   45 2.40593e-01
 33   47 2.02433e-01
 33   49 2.06202e-01
 33   51 1.82796e-01
 33   53 1.64326e-01
 33   55 1.54989e-01
 33   57 1.38910e-01
 33   59 1.36854e-01
 33   61 1.28804e-01
 33   63 1.52939e-01
 33   65 1.19380e-01
 33   67 1.24224e-01
 33   69 1.16782e-01
 33   71 1.30060e-01
 33   73 1.09921e-01
 33   75 1.24914e-01
 33   77 1.21621e-01
 33   79 1.33440e-01
 33   81 1.57244e-01
 33   83 1.07816e-01
 33   85 1.52889e-01
 33   87 1.49337e-01
 33   89 1.07238e-01
 33   91 1.38067e-01
 34    2 2.89079e-02
 34    4 6.81636e-02
 34    6 1.07610e-01
 34    8 1.54346e-01
 34   10 1.77256e-01
 34   12 1.80845e-01
 34   14 1.82936e-01
 34   16 1.92010e-01
 34   18 2.23021e-01
 34   20 2.26421e-01
 34   22 2.69772e-01
 34   24 3.47205e-01
 34   26 3.39080e-01
 34   28 4.01500e-01
 34   30 1.00974e+00
 34   32 3.05715e+00
 34   34 3.36828e+01
 34   36 3.04236e+00
 34   38 9.78955e-01
 34   40 3.55595e-01
 34   42 3.14162e-01
 34   44 3.55679e-01
 34   46 2.32238e-01
 34   48 2.01125e-01
 34   50 2.00784e-01
 34   52 1.86988e-01
 34   54 1.52382e-01
 34   56 1.60800e-01
 34   58 1.38756e-01
 34   60 1.31174e-01
 34   62 1.40846e-01
 34   64 1.25343e-01
 34   66 1.24370e-01
 34   68 1.14722e-01
 34   70 1.19330e-01
 34   72 1.17431e-01
 34   74 1.22610e-01
 34   76 1.12931e-01
 34   78 9.82428e-02
 34   80 1.68943e-01
 34   82 1.08833e-01
 34   84 1.64051e-01
 34   86 1.45867e-01
 34   88 1.08446e-01
 34   90 1.31042e-01
 35    1 8.20321e-03
 35    3 4.89245e-02
 35    5 8.61099e-02
 35    7 1.25147e-01
 35    9 1.56570e-01
 35   11 1.66010e-01
 35   13 1.70666e-01
 35   15 1.78887e-01
 35   17 2.01828e-01
 35   19 2.05756e-01
 35   21 2.26299e-01
 35   23 2.46981e-01
 35   25 3.42221e-01
 35   27 3.20741e-01
 35   29 3.75362e-01
 35   31 9.81115e-01
 35   33 2.94444e+00
 35   35 3.27301e+01
 35   37 2.94355e+00
 35   39 9.58736e-01
 35   41 3.33332e-01
 35   43 3.05370e-01
 35   45 3.31631e-01
 35   47 2.24168e-01
 35   49 2.00791e-01
 35   51 2.01105e-01
 35   53 1.69543e-01
 35   55 1.44480e-01
 35   57 1.51544e-01
 35   59 1.32579e-01
 35   61 1.30873e-01
 35   63 1.29718e-01
 35   65 1.22659e-01
 35   67 1.18078e-01
 35   69 1.10285e-01
 35   71 1.12952e-01
 35   73 1.00753e-01
 35   75 1.12032e-01
 35   77 1.33916e-01
 35   79 1.09167e-01
 35   81 1.57799e-01
 35   83 1.12040e-01
 35   85 1.46756e-01
 35   87 1.48649e-01
 35   89 1.14521e-01
 35   91 1.19517e-01
 36    2 2.45227e-02
 36    4 5.93667e-02
 36    6 9.41981e-02
 36    8 1.34108e-01
 36   10 1.61045e-01
 36   12 1.58792e-01
 36   14 1.70613e-01
 36   16 1.89730e-01
 36   18 1.96383e-01
 36   20 2.17544e-01
 36   22 2.26589e-01
 36   24 2.49813e-01
 36   26 3.20285e-01
 36   28 3.03794e-01
 36   30 3.62335e-01
 36   32 9.27707e-01
 36   34 2.87583e+00
 36   36 3.17690e+01
 36   38 2.86223e+00
 36   40 9.13733e-01
 36   42 3.23633e-01
 36   44 3.01436e-01
 36   46 3.38882e-01
 36   48 2.27601e-01
 36   50 2.03098e-01
 36   52 1.85476e-01
 36   54 1.71679e-01
 36   56 1.53211e-01
 36   58 1.39292e-01
 36   60 1.32499e-01
 36   62 1.25303e-01
 36   64 1.20718e-01
 36   66 1.28101e-01
 36   68 1.14027e-01
 36   70 1.14573e-01
 36   72 9.91842e-02
 36   74 1.03373e-01
 36   76 1.37961e-01
 36   78 8.69154e-02
 36   80 1.67295e-01
 36   82 1.23653e-01
 36   84 1.50978e-01
 36   86 1.11899e-01
 36   88 1.14363e-01
 36   90 1.28073e-01
 37    1 8.50190e-03
 37    3 3.98104e-02
 37    5 7.04237e-02
 37    7 1.02557e-01
 37    9 1.54523e-01
 37   11 1.55096e-01
 37   13 1.63237e-01
 37   15 1.65076e-01
 37   17 1.68110e-01
 37   19 1.85965e-01
 37   21 2.11090e-01
 37   23 2.26680e-01
 37   25 2.33315e-01
 37   27 3.24852e-01
 37   29 2.95429e-01
 37   31 3.37153e-01
 37   33 9.06955e-01
 37   35 2.78712e+00
 37   37 3.09610e+01
 37   39 2.76210e+00
 37   41 8.94383e-01
 37   43 3.08826e-01
 37   45 2.92834e-01
 37   47 3.23997e-01
 37   49 2.25900e-01
 37   51 1.97758e-01
 37   53 1.83371e-01
 37   55 1.65181e-01
 37   57 1.32922e-01
 37   59 1.39755e-01
 37   61 1.18885e-01
 37   63 1.17938e-01
 37   65 1.27145e-01
 37   67 1.20033e-01
 37   69 1.07881e-01
 37   71 1.14733e-01
 37   73 1.05249e-01
 37   75 1.03073e-01
 37   77 1.13660e-01
 37   79 9.04719e-02
 37   81 1.57504e-01
 37   83 1.14329e-01
 37   85 1.48638e-01
 37   87 1.09948e-01
 37   89 1.02777e-01
 37   91 1.23261e-01
 38    2 2.18454e-02
 38    4 5.35359e-02
 38    6 8.20883e-02
 38    8 1.24675e-01
 38   10 1.52357e-01
 38   12 1.61303e-01
 38   14 1.52393e-01
 38   16 1.66400e-01
 38   18 1.72283e-01
 38   20 1.83338e-01
 38   22 2.13029e-01
 38   24 2.00543e-01
 38   26 2.26805e-01
 38   28 3.06868e-01
 38   30 2.78296e-01
 38   32 3.24989e-01
 38   34 8.77591e-01
 38   36 2.71445e+00
 38   38 3.01331e+01
 38   40 2.68579e+00
 38   42 8.73142e-01
 38   44 3.10180e-01
 38   46 2.83558e-01
 38   48 3.24740e-01
 38   50 2.05456e-01
 38   52 1.99386e-01
 38   54 1.73000e-01
 38   56 1.54276e-01
 38   58 1.43523e-01
 38   60 1.27986e-01
 38   62 1.16017e-01
 38   64 1.29440e-01
 38   66 1.21078e-01
 38   68 1.14771e-01
 38   70 1.12157e-01
 38   72 1.15749e-01
 38   74 1.13896e-01
 38   76 1.09682e-01
 38   78 1.19993e-01
 38   80 1.47739e-01
 38   82 1.14962e-01
 38   84 1.23512e-01
 38   86 1.26248e-01
 38   88 8.94609e-02
 38   90 1.30268e-01
 39    1 6.36195e-03
 39    3 3.64753e-02
 39    5 6.64059e-02
 39    7 1.03449e-01
 39    9 1.35315e-01
 39   11 1.51149e-01
 39   13 1.49752e-01
 39   15 1.55190e-01
 39   17 1.61321e-01
 39   19 1.69092e-01
 39   21 1.79885e-01
 39   23 1.78380e-01
 39   25 1.88453e-01
 39   27 2.10546e-01
 39   29 3.06497e-01
 39   31 2.86930e-01
 39   33 3.17989e-01
 39   35 8.62219e-01
 39   37 2.62345e+00
 39   39 2.93683e+01
 39   41 2.60573e+00
 39   43 8.38405e-01
 39   45 3.06704e-01
 39   47 2.75718e-01
 39   49 2.96953e-01
 39   51 2.14584e-01
 39   53 1.66831e-01
 39   55 1.61140e-01
 39   57 1.55023e-01
 39   59 1.31997e-01
 39   61 1.31326e-01
 39   63 1.12958e-01
 39   65 1.28373e-01
 39   67 1.10162e-01
 39   69 1.21137e-01
 39   71 1.03686e-01
 39   73 1.18091e-01
 39   75 1.09298e-01
 39   77 1.18285e-01
 39   79 1.08233e-01
 39   81 1.42591e-01
 39   83 1.04890e-01
 39   85 1.19470e-01
 39   87 1.21331e-01
 39   89 9.75388e-02
 39   91 1.19667e-01
 40    2 2.09520e-02
 40    4 4.90330e-02
 40    6 8.28282e-02
 40    8 1.18089e-01
 40   10 1.41168e-01
 40   12 1.50099e-01
 40   14 1.48924e-01
 40   16 1.49293e-01
 40   18 1.57768e-01
 40   20 1.64445e-01
 40   22 1.61753e-01
 40   24 1.81354e-01
 40   26 1.84002e-01
 40   28 2.01346e-01
 40   30 2.92303e-01
 40   32 2.74113e-01
 40   34 3.03210e-01
 40   36 8.24242e-01
 40   38 2.55464e+00
 40   40 2.86742e+01
 40   42 2.54485e+00
 40   44 8.26331e-01
 40   46 3.00061e-01
 40   48 2.60151e-01
 40   50 3.12482e-01
 40   52 2.01155e-01
 40   54 1.74459e-01
 40   56 1.81582e-01
 40   58 1.53906e-01
 40   60 1.22800e-01
 40   62 1.43032e-01
 40   64 1.21386e-01
 40   66 1.19669e-01
 40   68 1.04204e-01
 40   70 1.06344e-01
 40   72 1.08441e-01
 40   74 1.06571e-01
 40   76 1.19178e-01
 40   78 1.49035e-01
 40   80 1.27730e-01
 40   82 8.84045e-02
 40   84 1.11478e-01
 40   86 1.12025e-01
 40   88 1.03225e-01
 40   90 1.03765e-01
 41    1 7.58296e-03
 41    3 3.51701e-02
 41    5 6.77413e-02
 41    7 9.70108e-02
 41    9 1.27207e-01
 41   11 1.33838e-01
 41   13 1.48439e-01
 41   15 1.42414e-01
 41   17 1.46655e-01
 41   19 1.53874e-01
 41   21 1.40572e-01
 41   23 1.51708e-01
 41   25 1.73643e-01
 41   27 1.82409e-01
 41   29 1.94983e-01
 41   31 2.85154e-01
 41   33 2.53532e-01
 41   35 2.85527e-01
 41   37 8.09115e-01
 41   39 2.48188e+00
 41   41 2.79818e+01
 41   43 2.47437e+00
 41   45 8.05925e-01
 41   47 2.85504e-01
 41   49 2.61240e-01
 41   51 2.97320e-01
 41   53 1.95974e-01
 41   55 1.67553e-01
 41   57 1.66396e-01
 41   59 1.59576e-01
 41   61 1.12591e-01
 41   63 1.22940e-01
 41   65 1.26895e-01
 41   67 1.15189e-01
 41   69 1.06363e-01
 41   71 1.06408e-01
 41   73 1.17608e-01
 41   75 9.62647e-02
 41   77 1.09117e-01
 41   79 1.13273e-01
 41   81 1.30710e-01
 41   83 1.03480e-01
 41   85 1.13138e-01
 41   87 1.08607e-01
 41   89 9.29003e-02
 41   91 1.07578e-01
 42    2 2.17983e-02
 42    4 4.89985e-02
 42    6 7.71785e-02
 42    8 1.10770e-01
 42   10 1.31692e-01
 42   12 1.36930e-01
 42   14 1.40820e-01
 42   16 1.34704e-01
 42   18 1.31627e-01
 42   20 1.37692e-01
 42   22 1.39885e-01
 42   24 1.45804e-01
 42   26 1.78948e-01
 42   28 1.79116e-01
 42   30 1.89226e-01
 42   32 2.68942e-01
 42   34 2.55481e-01
 42   36 2.78424e-01
 42   38 7.92065e-01
 42   40 2.42705e+00
 42   42 2.73409e+01
 42   44 2.40901e+00
 42   46 7.73429e-01
 42   48 2.83175e-01
 42   50 2.55322e-01
 42   52 2.93046e-01
 42   54 2.03404e-01
 42   56 1.76523e-01
 42   58 1.59872e-01
 42   60 1.36518e-01
 42   62 1.32349e-01
 42   64 1.34175e-01
 42   66 1.16387e-01
 42   68 1.14424e-01
 42   70 1.10173e-01
 42   72 1.11043e-01
 42   74 1.03201e-01
 42   76 1.17519e-01
 42   78 1.07804e-01
 42   80 1.33761e-01
 42   82 9.94658e-02
 42   84 1.24386e-01
 42   86 8.86945e-02
 42   88 8.85683e-02
 42   90 1.07743e-01
 43    1 6.25003e-03
 43    3 3.14816e-02
 43    5 5.87467e-02
 43    7 9.10496e-02
 43    9 1.23643e-01
 43   11 1.33353e-01
 43   13 1.36911e-01
 43   15 1.36666e-01
 43   17 1.23464e-01
 43   19 1.27785e-01
 43   21 1.25297e-01
 43   23 1.29587e-01
 43   25 1.48849e-01
 43   27 1.70624e-01
 43   29 1.76245e-01
 43   31 1.89423e-01
 43   33 2.66010e-01
 43   35 2.49778e-01
 43   37 2.66783e-01
 43   39 7.62541e-01
 43   41 2.36278e+00
 43   43 2.67310e+01
 43   45 2.33667e+00
 43   47 7.53475e-01
 43   49 2.71980e-01
 43   51 2.47775e-01
 43   53 2.79496e-01
 43   55 2.06897e-01
 43   57 1.73351e-01
 43   59 1.51794e-01
 43   61 1.27502e-01
 43   63 1.24195e-01
 43   65 1.17831e-01
 43   67 1.11387e-01
 43   69 1.14956e-01
 43   71 1.14290e-01
 43   73 9.96758e-02
 43   75 1.00020e-01
 43   77 1.11079e-01
 43   79 1.27625e-01
 43   81 1.07790e-01
 43   83 9.08571e-02
 43   85 1.20390e-01
 43   87 9.95606e-02
 43   89 8.82447e-02
 43   91 1.04121e-01
 44    2 2.13541e-02
 44    4 4.79218e-02
 44    6 8.17912e-02
 44    8 1.13514e-01
 44   10 1.29865e-01
 44   12 1.31776e-01
 44   14 1.29051e-01
 44   16 1.20209e-01
 44   18 1.12493e-01
 44   20 1.12368e-01
 44   22 1.22811e-01
 44   24 1.29407e-01
 44   26 1.37410e-01
 44   28 1.62362e-01
 44   30 1.65422e-01
 44   32 1.84806e-01
 44   34 2.76526e-01
 44   36 2.47925e-01
 44   38 2.69007e-01
 44   40 7.53432e-01
 44   42 2.30309e+00
 44   44 2.61305e+01
 44   46 2.28579e+00
 44   48 7.39746e-01
 44   50 2.72018e-01
 44   52 2.54382e-01
 44   54 2.72080e-01
 44   56 1.85328e-01
 44   58 1.56113e-01
 44   60 1.57067e-01
 44   62 1.31450e-01
 44   64 1.31302e-01
 44   66 1.11992e-01
 44   68 1.26093e-01
 44   70 9.91030e-02
 44   72 1.11247e-01
 44   74 1.04461e-01
 44   76 1.07413e-01
 44   78 9.58352e-02
 44   80 1.23614e-01
 44   82 8.37336e-02
 44   84 1.14508e-01
 44   86 1.04343e-01
 44   88 8.93194e-02
 44   90 9.74809e-02
 45    1 7.88666e-03
 45    3 3.86936e-02
 45    5 6.76192e-02
 45    7 9.15513e-02
 45    9 1.18616e-01
 45   11 1.22222e-01
 45   13 1.19231e-01
 45   15 1.26388e-01
 45   17 1.18281e-01
 45   19 1.01864e-01
 45   21 1.15702e-01
 45   23 1.14373e-01
 45   25 1.16506e-01
 45   27 1.40456e-01
 45   29 1.44301e-01
 45   31 1.52520e-01
 45   33 1.77728e-01
 45   35 2.59626e-01
 45   37 2.42120e-01
 45   39 2.66990e-01
 45   41 7.36574e-01
 45   43 2.23646e+00
 45   45 2.55790e+01
 45   47 2.22579e+00
 45   49 7.19090e-01
 45   51 2.68352e-01
 45   53 2.53945e-01
 45   55 2.69188e-01
 45   57 1.80111e-01
 45   59 1.59026e-01
 45   61 1.43952e-01
 45   63 1.34649e-01
 45   65 1.16262e-01
 45   67 1.17909e-01
 45   69 1.32719e-01
 45   71 9.43636e-02
 45   73 1.09971e-01
 45   75 9.06882e-02
 45   77 1.02450e-01
 45   79 9.24072e-02
 45   81 1.36998e-01
 45   83 8.10996e-02
 45   85 9.71866e-02
 45   87 9.77997e-02
 45   89 8.20753e-02
 45   91 1.02451e-01
 46    2 2.26884e-02
 46    4 5.47280e-02
 46    6 8.27802e-02
 46    8 1.13236e-01
 46   10 1.26737e-01
 46   12 1.21790e-01
 46   14 1.09865e-01
 46   16 1.15570e-01
 46   18 1.00744e-01
 46   20 1.04147e-01
 46   22 1.03348e-01
 46   24 1.04188e-01
 46   26 1.15414e-01
 46   28 1.29429e-01
 46   30 1.46412e-01
 46   32 1.51631e-01
 46   34 1.73001e-01
 46   36 2.67062e-01
 46   38 2.35628e-01
 46   40 2.62141e-01
 46   42 7.08483e-01
 46   44 2.19015e+00
 46   46 2.50265e+01
 46   48 2.18746e+00
 46   50 7.16305e-01
 46   52 2.54317e-01
 46   54 2.36306e-01
 46   56 2.58520e-01
 46   58 1.77231e-01
 46   60 1.44985e-01
 46   62 1.55554e-01
 46   64 1.40262e-01
 46   66 1.36899e-01
 46   68 1.16522e-01
 46   70 1.00085e-01
 46   72 1.12663e-01
 46   74 8.87266e-02
 46   76 9.93523e-02
 46   78 8.89795e-02
 46   80 1.37079e-01
 46   82 9.10072e-02
 46   84 9.09603e-02
 46   86 9.92380e-02
 46   88 9.16022e-02
 46   90 1.05599e-01
 47    1 6.26463e-03
 47    3 3.36584e-02
 47    5 6.16065e-02
 47    7 8.91162e-02
 47    9 1.24198e-01
 47   11 1.27715e-01
 47   13 1.15531e-01
 47   15 1.01851e-01
 47   17 9.80179e-02
 47   19 1.00486e-01
 47   21 9.88212e-02
 47   23 1.14648e-01
 47   25 1.16855e-01
 47   27 1.15479e-01
 47   29 1.29138e-01
 47   31 1.43345e-01
 47   33 1.43430e-01
 47   35 1.68327e-01
 47   37 2.56944e-01
 47   39 2.30212e-01
 47   41 2.50279e-01
 47   43 6.91707e-01
 47   45 2.13487e+00
 47   47 2.45006e+01
 47   49 2.12939e+00
 47   51 6.96440e-01
 47   53 2.45839e-01
 47   55 2.36451e-01
 47   57 2.52161e-01
 47   59 1.68737e-01
 47   61 1.40779e-01
 47   63 1.44706e-01
 47   65 1.50678e-01
 47   67 1.19574e-01
 47   69 1.14110e-01
 47   71 1.00779e-01
 47   73 1.06056e-01
 47   75 8.94971e-02
 47   77 9.24941e-02
 47   79 9.53556e-02
 47   81 1.17014e-01
 47   83 9.22585e-02
 47   85 8.84840e-02
 47   87 9.98627e-02
 47   89 9.65266e-02
 47   91 8.75442e-02
 48    2 2.08021e-02
 48    4 5.05056e-02
 48    6 7.58379e-02
 48    8 1.06704e-01
 48   10 1.21374e-01
 48   12 1.12003e-01
 48   14 1.02989e-01
 48   16 9.14323e-02
 48   18 9.23954e-02
 48   20 9.03940e-02
 48   22 9.49451e-02
 48   24 9.99502e-02
 48   26 1.00744e-01
 48   28 1.15323e-01
 48   30 1.25380e-01
 48   32 1.49581e-01
 48   34 1.43847e-01
 48   36 1.72209e-01
 48   38 2.59085e-01
 48   40 2.18209e-01
 48   42 2.49049e-01
 48   44 6.80520e-01
 48   46 2.10021e+00
 48   48 2.40308e+01
 48   50 2.08166e+00
 48   52 6.83453e-01
 48   54 2.45920e-01
 48   56 2.17281e-01
 48   58 2.45648e-01
 48   60 1.57855e-01
 48   62 1.43671e-01
 48   64 1.65411e-01
 48   66 1.45810e-01
 48   68 1.13503e-01
 48   70 1.10681e-01
 48   72 1.08015e-01
 48   74 8.84953e-02
 48   76 1.11448e-01
 48   78 9.14686e-02
 48   80 1.02422e-01
 48   82 1.02650e-01
 48   84 1.08258e-01
 48   86 8.06617e-02
 48   88 9.35828e-02
 48   90 9.94530e-02
 49    1 7.27789e-03
 49    3 3.46477e-02
 49    5 6.58790e-02
 49    7 8.96760e-02
 49    9 1.13647e-01
 49   11 1.11513e-01
 49   13 1.04134e-01
 49   15 8.83305e-02
 49   17 9.12839e-02
 49   19 9.35126e-02
 49   21 9.13866e-02
 49   23 8.94359e-02
 49   25 9.00634e-02
 49   27 8.92709e-02
 49   29 1.01745e-01
 49   31 1.33614e-01
 49   33 1.40407e-01
 49   35 1.44898e-01
 49   37 1.72168e-01
 49   39 2.38281e-01
 49   41 2.20084e-01
 49   43 2.39954e-01
 49   45 6.62841e-01
 49   47 2.04641e+00
 49   49 2.35529e+01
 49   51 2.02604e+00
 49   53 6.62266e-01
 49   55 2.40109e-01
 49   57 2.10189e-01
 49   59 2.40742e-01
 49   61 1.58284e-01
 49   63 1.40279e-01
 49   65 1.68833e-01
 49   67 1.39582e-01
 49   69 1.12106e-01
 49   71 1.00556e-01
 49   73 1.08587e-01
 49   75 8.58957e-02
 49   77 1.02059e-01
 49   79 9.34596e-02
 49   81 9.74656e-02
 49   83 9.80671e-02
 49   85 1.18428e-01
 49   87 7.90963e-02
 49   89 7.92097e-02
 49   91 1.13398e-01
 50    2 2.23134e-02
 50    4 5.03831e-02
 50    6 7.74636e-02
 50    8 9.90715e-02
 50   10 1.10861e-01
 50   12 1.05379e-01
 50   14 9.44439e-02
 50   16 8.31656e-02
 50   18 8.84920e-02
 50   20 8.82064e-02
 50   22 9.37945e-02
 50   24 8.51925e-02
 50   26 8.12925e-02
 50   28 9.16870e-02
 50   30 1.13493e-01
 50   32 1.16903e-01
 50   34 1.38135e-01
 50   36 1.47818e-01
 50   38 1.57675e-01
 50   40 2.52122e-01
 50   42 2.16002e-01
 50   44 2.40710e-01
 50   46 6.61542e-01
 50   48 2.00238e+00
 50   50 2.31300e+01
 50   52 1.98102e+00
 50   54 6.46600e-01
 50   56 2.29694e-01
 50   58 2.07218e-01
 50   60 2.33454e-01
 50   62 1.81706e-01
 50   64 1.48304e-01
 50   66 1.56020e-01
 50   68 1.31712e-01
 50   70 1.14861e-01
 50   72 9.53498e-02
 50   74 9.22434e-02
 50   76 1.05902e-01
 50   78 1.16792e-01
 50   80 9.65926e-02
 50   82 8.62212e-02
 50   84 9.42137e-02
 50   86 1.00913e-01
 50   88 7.32975e-02
 50   90 1.01712e-01
 51    1 6.53794e-03
 51    3 3.30945e-02
 51    5 5.88632e-02
 51    7 8.42945e-02
 51    9 1.07991e-01
 51   11 1.03649e-01
 51   13 9.36928e-02
 51   15 9.05384e-02
 51   17 7.89518e-02
 51   19 8.24968e-02
 51   21 7.83251e-02
 51   23 9.09176e-02
 51   25 8.35879e-02
 51   27 8.75119e-02
 51   29 9.91845e-02
 51   31 9.41754e-02
 51   33 1.19836e-01
 51   35 1.39722e-01
 51   37 1.45109e-01
 51   39 1.65776e-01
 51   41 2.41154e-01
 51   43 2.10461e-01
 51   45 2.38152e-01
 51   47 6.44384e-01
 51   49 1.95062e+00
 51   51 2.27304e+01
 51   53 1.92076e+00
 51   55 6.33745e-01
 51   57 2.23140e-01
 51   59 1.98263e-01
 51   61 2.27786e-01
 51   63 1.75625e-01
 51   65 1.47360e-01
 51   67 1.39050e-01
 51   69 1.32177e-01
 51   71 1.03392e-01
 51   73 1.01585e-01
 51   75 9.19453e-02
 51   77 1.07485e-01
 51   79 9.23667e-02
 51   81 9.86966e-02
 51   83 9.09118e-02
 51   85 9.87353e-02
 51   87 9.65260e-02
 51   89 8.30870e-02
 51   91 9.21804e-02
 52    2 1.94062e-02
 52    4 4.52333e-02
 52    6 7.20003e-02
 52    8 9.77240e-02
 52   10 1.05175e-01
 52   12 9.67188e-02
 52   14 9.06240e-02
 52   16 8.32057e-02
 52   18 8.07673e-02
 52   20 7.95531e-02
 52   22 7.54659e-02
 52   24 8.68376e-02
 52   26 8.27979e-02
 52   28 8.59941e-02
 52   30 8.56246e-02
 52   32 1.01008e-01
 52   34 1.23960e-01
 52   36 1.30078e-01
 52   38 1.47446e-01
 52   40 1.56390e-01
 52   42 2.38890e-01
 52   44 2.16909e-01
 52   46 2.26323e-01
 52   48 6.33491e-01
 52   50 1.90890e+00
 52   52 2.23357e+01
 52   54 1.88847e+00
 52   56 6.20413e-01
 52   58 2.12007e-01
 52   60 2.11735e-01
 52   62 2.34479e-01
 52   64 1.64646e-01
 52   66 1.36816e-01
 52   68 1.36620e-01
 52   70 1.14159e-01
 52   72 1.24249e-01
 52   74 9.19747e-02
 52   76 9.75964e-02
 52   78 9.94438e-02
 52   80 1.25120e-01
 52   82 7.84020e-02
 52   84 8.97546e-02
 52   86 1.04556e-01
 52   88 9.31625e-02
 52   90 8.27148e-02
 53    1 6.98158e-03
 53    3 3.33184e-02
 53    5 6.00830e-02
 53    7 8.88892e-02
 53    9 1.08148e-01
 53   11 1.03291e-01
 53   13 9.04615e-02
 53   15 8.06468e-02
 53   17 7.49338e-02
 53   19 7.56791e-02
 53   21 7.30076e-02
 53   23 6.69635e-02
 53   25 7.73649e-02
 53   27 7.59988e-02
 53   29 8.18525e-02
 53   31 9.27094e-02
 53   33 1.03891e-01
 53   35 1.13599e-01
 53   37 1.29759e-01
 53   39 1.24294e-01
 53   41 1.53292e-01
 53   43 2.28950e-01
 53   45 2.17340e-01
 53   47 2.19363e-01
 53   49 6.14903e-01
 53   51 1.85235e+00
 53   53 2.18972e+01
 53   55 1.83312e+00
 53   57 6.03266e-01
 53   59 2.15814e-01
 53   61 2.12995e-01
 53   63 2.24725e-01
 53   65 1.61686e-01
 53   67 1.40709e-01
 53   69 1.36248e-01
 53   71 1.17240e-01
 53   73 1.16509e-01
 53   75 9.30660e-02
 53   77 9.73642e-02
 53   79 1.11957e-01
 53   81 1.13737e-01
 53   83 7.73674e-02
 53   85 8.85632e-02
 53   87 1.01726e-01
 53   89 8.62628e-02
 53   91 8.88925e-02
 54    2 1.82594e-02
 54    4 4.27394e-02
 54    6 6.57271e-02
 54    8 9.32128e-02
 54   10 1.03333e-01
 54   12 1.02030e-01
 54   14 8.45724e-02
 54   16 8.15862e-02
 54   18 8.27041e-02
 54   20 8.11634e-02
 54   22 7.92729e-02
 54   24 7.22886e-02
 54   26 7.74051e-02
 54   28 7.57866e-02
 54   30 8.29905e-02
 54   32 8.62234e-02
 54   34 9.74986e-02
 54   36 1.16206e-01
 54   38 1.23475e-01
 54   40 1.30909e-01
 54   42 1.60036e-01
 54   44 2.23914e-01
 54   46 2.02966e-01
 54   48 2.19999e-01
 54   50 6.01346e-01
 54   52 1.82266e+00
 54   54 2.15403e+01
 54   56 1.80351e+00
 54   58 6.06211e-01
 54   60 2.21763e-01
 54   62 2.04658e-01
 54   64 2.38780e-01
 54   66 1.56537e-01
 54   68 1.33670e-01
 54   70 1.34562e-01
 54   72 1.16974e-01
 54   74 8.86892e-02
 54   76 9.50220e-02
 54   78 1.00064e-01
 54   80 9.83271e-02
 54   82 8.24923e-02
 54   84 9.30617e-02
 54   86 8.66613e-02
 54   88 9.08325e-02
 54   90 9.14034e-02
 55    1 6.39605e-03
 55    3 3.13921e-02
 55    5 5.19298e-02
 55    7 7.10141e-02
 55    9 9.39815e-02
 55   11 9.65091e-02
 55   13 9.08237e-02
 55   15 8.22680e-02
 55   17 7.94830e-02
 55   19 7.97321e-02
 55   21 7.42792e-02
 55   23 7.50580e-02
 55   25 7.08135e-02
 55   27 7.40568e-02
 55   29 7.91895e-02
 55   31 8.00669e-02
 55   33 9.46454e-02
 55   35 9.35035e-02
 55   37 1.12901e-01
 55   39 1.15959e-01
 55   41 1.26591e-01
 55   43 1.63700e-01
 55   45 2.22527e-01
 55   47 2.03789e-01
 55   49 2.15333e-01
 55   51 5.90328e-01
 55   53 1.77059e+00
 55   55 2.11648e+01
 55   57 1.75939e+00
 55   59 6.00174e-01
 55   61 2.12646e-01
 55   63 2.04063e-01
 55   65 2.16718e-01
 55   67 1.57840e-01
 55   69 1.34712e-01
 55   71 1.37130e-01
 55   73 1.16845e-01
 55   75 8.61885e-02
 55   77 8.80982e-02
 55   79 9.72216e-02
 55   81 9.82377e-02
 55   83 8.94171e-02
 55   85 8.35136e-02
 55   87 8.31674e-02
 55   89 8.16794e-02
 55   91 9.14266e-02
 56    2 1.68110e-02
 56    4 3.75943e-02
 56    6 5.57824e-02
 56    8 7.44197e-02
 56   10 8.81675e-02
 56   12 8.93327e-02
 56   14 8.64418e-02
 56   16 7.89057e-02
 56   18 8.43529e-02
 56   20 8.07888e-02
 56   22 7.66147e-02
 56   24 7.71562e-02
 56   26 8.28477e-02
 56   28 9.15260e-02
 56   30 8.13951e-02
 56   32 8.48589e-02
 56   34 9.94483e-02
 56   36 1.00242e-01
 56   38 1.06435e-01
 56   40 1.31703e-01
 56   42 1.34248e-01
 56   44 1.47426e-01
 56   46 2.14631e-01
 56   48 1.87888e-01
 56   50 2.06485e-01
 56   52 5.78796e-01
 56   54 1.74329e+00
 56   56 2.07828e+01
 56   58 1.74033e+00
 56   60 5.74511e-01
 56   62 2.12728e-01
 56   64 2.00532e-01
 56   66 2.22038e-01
 56   68 1.50571e-01
 56   70 1.18895e-01
 56   72 1.24623e-01
 56   74 1.07713e-01
 56   76 1.03632e-01
 56   78 8.80544e-02
 56   80 9.45891e-02
 56   82 9.51619e-02
 56   84 9.35907e-02
 56   86 7.84412e-02
 56   88 7.67182e-02
 56   90 9.10497e-02
 57    1 5.56072e-03
 57    3 2.63102e-02
 57    5 5.00454e-02
 57    7 6.65704e-02
 57    9 8.80801e-02
 57   11 9.27239e-02
 57   13 8.96660e-02
 57   15 8.41624e-02
 57   17 7.95995e-02
 57   19 6.79181e-02
 57   21 7.35240e-02
 57   23 8.10923e-02
 57   25 7.84599e-02
 57   27 8.24077e-02
 57   29 8.68414e-02
 57   31 7.52055e-02
 57   33 8.20525e-02
 57   35 9.48678e-02
 57   37 8.78811e-02
 57   39 1.07909e-01
 57   41 1.21605e-01
 57   43 1.32672e-01
 57   45 1.44022e-01
 57   47 2.10222e-01
 57   49 1.82336e-01
 57   51 2.01055e-01
 57   53 5.63634e-01
 57   55 1.70185e+00
 57   57 2.05129e+01
 57   59 1.69036e+00
 57   61 5.69217e-01
 57   63 2.04427e-01
 57   65 2.04176e-01
 57   67 2.07295e-01
 57   69 1.48645e-01
 57   71 1.12137e-01
 57   73 1.20877e-01
 57   75 1.02502e-01
 57   77 9.95894e-02
 57   79 8.69620e-02
 57   81 9.99719e-02
 57   83 8.37929e-02
 57   85 9.54649e-02
 57   87 7.49126e-02
 57   89 7.83904e-02
 57   91 8.41671e-02
 58    2 1.53791e-02
 58    4 3.67914e-02
 58    6 5.82008e-02
 58    8 7.78901e-02
 58   10 9.68066e-02
 58   12 9.50196e-02
 58   14 9.18732e-02
 58   16 8.22112e-02
 58   18 7.22990e-02
 58   20 7.64772e-02
 58   22 8.09549e-02
 58   24 8.52546e-02
 58   26 7.87830e-02
 58   28 7.48934e-02
 58   30 8.32831e-02
 58   32 8.00751e-02
 58   34 8.30664e-02
 58   36 8.82161e-02
 58   38 9.58443e-02
 58   40 1.08054e-01
 58   42 1.17690e-01
 58   44 1.20209e-01
 58   46 1.42429e-01
 58   48 2.05613e-01
 58   50 1.80313e-01
 58   52 1.91450e-01
 58   54 5.67198e-01
 58   56 1.68458e+00
 58   58 2.01368e+01
 58   60 1.65695e+00
 58   62 5.58156e-01
 58   64 2.02644e-01
 58   66 1.89898e-01
 58   68 1.97384e-01
 58   70 1.44978e-01
 58   72 1.18024e-01
 58   74 1.18480e-01
 58   76 1.09710e-01
 58   78 9.57780e-02
 58   80 8.91830e-02
 58   82 8.21324e-02
 58   84 8.07296e-02
 58   86 8.36156e-02
 58   88 8.18645e-02
 58   90 9.21061e-02
 59    1 5.65964e-03
 59    3 2.36721e-02
 59    5 4.34091e-02
 59    7 6.17522e-02
 59    9 8.27468e-02
 59   11 9.05158e-02
 59   13 8.83282e-02
 59   15 8.35089e-02
 59   17 7.50683e-02
 59   19 8.30733e-02
 59   21 7.48067e-02
 59   23 8.18514e-02
 59   25 7.53552e-02
 59   27 7.33730e-02
 59   29 7.45218e-02
 59   31 7.43565e-02
 59   33 7.83016e-02
 59   35 8.03910e-02
 59   37 8.94983e-02
 59   39 8.89976e-02
 59   41 1.12961e-01
 59   43 1.12528e-01
 59   45 1.23171e-01
 59   47 1.36258e-01
 59   49 2.02286e-01
 59   51 1.73035e-01
 59   53 1.95308e-01
 59   55 5.62327e-01
 59   57 1.63731e+00
 59   59 1.98601e+01
 59   61 1.61551e+00
 59   63 5.48122e-01
 59   65 1.97693e-01
 59   67 1.88287e-01
 59   69 1.93537e-01
 59   71 1.43891e-01
 59   73 1.17593e-01
 59   75 1.19319e-01
 59   77 1.07349e-01
 59   79 9.27342e-02
 59   81 8.13160e-02
 59   83 8.20661e-02
 59   85 8.28617e-02
 59   87 7.94241e-02
 59   89 8.00575e-02
 59   91 8.29474e-02
 60    2 1.47303e-02
 60    4 3.28788e-02
 60    6 5.28369e-02
 60    8 6.96733e-02
 60   10 8.73520e-02
 60   12 8.72486e-02
 60   14 8.75521e-02
 60   16 7.81971e-02
 60   18 8.09434e-02
 60   20 8.07144e-02
 60   22 7.84835e-02
 60   24 8.04998e-02
 60   26 8.36488e-02
 60   28 7.27156e-02
 60   30 8.27675e-02
 60   32 8.05413e-02
 60   34 7.61125e-02
 60   36 8.13334e-02
 60   38 8.28402e-02
 60   40 8.35634e-02
 60   42 9.74071e-02
 60   44 1.17223e-01
 60   46 1.12931e-01
 60   48 1.28064e-01
 60   50 1.96895e-01
 60   52 1.85324e-01
 60   54 2.01110e-01
 60   56 5.39005e-01
 60   58 1.60599e+00
 60   60 1.95577e+01
 60   62 1.58490e+00
 60   64 5.29700e-01
 60   66 1.96283e-01
 60   68 1.87618e-01
 60   70 2.13232e-01
 60   72 1.50827e-01
 60   74 1.12420e-01
 60   76 1.11740e-01
 60   78 1.14196e-01
 60   80 8.95216e-02
 60   82 7.93280e-02
 60   84 7.50907e-02
 60   86 7.61306e-02
 60   88 8.53414e-02
 60   90 7.18902e-02
 61    1 3.92506e-03
 61    3 2.02610e-02
 61    5 3.99069e-02
 61    7 6.41892e-02
 61    9 8.49289e-02
 61   11 8.99288e-02
 61   13 8.36593e-02
 61   15 7.74438e-02
 61   17 7.57595e-02
 61   19 7.44496e-02
 61   21 7.40144e-02
 61   23 6.89530e-02
 61   25 8.93503e-02
 61   27 6.94578e-02
 61   29 7.55215e-02
 61   31 7.51760e-02
 61   33 7.14740e-02
 61   35 7.69648e-02
 61   37 7.38383e-02
 61   39 8.58759e-02
 61   41 7.72991e-02
 61   43 9.16702e-02
 61   45 1.08135e-01
 61   47 1.10255e-01
 61   49 1.28991e-01
 61   51 1.92808e-01
 61   53 1.86946e-01
 61   55 1.93231e-01
 61   57 5.34733e-01
 61   59 1.56681e+00
 61   61 1.92363e+01
 61   63 1.54751e+00
 61   65 5.24710e-01
 61   67 2.00470e-01
 61   69 1.78166e-01
 61   71 1.98446e-01
 61   73 1.49126e-01
 61   75 1.13390e-01
 61   77 1.17296e-01
 61   79 1.08055e-01
 61   81 8.40295e-02
 61   83 8.18327e-02
 61   85 7.30754e-02
 61   87 7.93104e-02
 61   89 7.57814e-02
 61   91 7.93723e-02
 62    2 1.09124e-02
 62    4 2.65553e-02
 62    6 4.53213e-02
 62    8 6.65285e-02
 62   10 8.05396e-02
 62   12 7.91558e-02
 62   14 7.40254e-02
 62   16 7.04723e-02
 62   18 7.33916e-02
 62   20 7.27169e-02
 62   22 6.60778e-02
 62   24 7.64984e-02
 62   26 7.19421e-02
 62   28 7.33546e-02
 62   30 7.81231e-02
 62   32 7.25978e-02
 62   34 7.93095e-02
 62   36 7.46432e-02
 62   38 7.28740e-02
 62   40 9.44552e-02
 62   42 9.16419e-02
 62   44 9.52054e-02
 62   46 1.17584e-01
 62   48 1.13113e-01
 62   50 1.48722e-01
 62   52 1.99166e-01
 62   54 1.80114e-01
 62   56 1.93683e-01
 62   58 5.25003e-01
 62   60 1.53806e+00
 62   62 1.89650e+01
 62   64 1.52226e+00
 62   66 5.11752e-01
 62   68 1.96435e-01
 62   70 1.74994e-01
 62   72 2.19412e-01
 62   74 1.40574e-01
 62   76 1.12768e-01
 62   78 1.16719e-01
 62   80 1.06185e-01
 62   82 7.99052e-02
 62   84 8.15070e-02
 62   86 7.97555e-02
 62   88 7.46808e-02
 62   90 7.36739e-02
 63    1 3.59757e-03
 63    3 1.77799e-02
 63    5 3.51079e-02
 63    7 5.36974e-02
 63    9 7.16003e-02
 63   11 7.26749e-02
 63   13 6.75499e-02
 63   15 6.89275e-02
 63   17 6.72073e-02
 63   19 7.74674e-02
 63   21 7.92611e-02
 63   23 6.95915e-02
 63   25 6.33489e-02
 63   27 7.04255e-02
 63   29 6.77345e-02
 63   31 7.38955e-02
 63   33 8.24074e-02
 63   35 7.40750e-02
 63   37 7.11281e-02
 63   39 7.17250e-02
 63   41 8.19582e-02
 63   43 8.67057e-02
 63   45 9.82160e-02
 63   47 1.10047e-01
 63   49 1.11005e-01
 63   51 1.44349e-01
 63   53 1.91526e-01
 63   55 1.80059e-01
 63   57 1.86479e-01
 63   59 5.16197e-01
 63   61 1.50267e+00
 63   63 1.86840e+01
 63   65 1.48396e+00
 63   67 5.04045e-01
 63   69 1.93308e-01
 63   71 1.86535e-01
 63   73 2.06246e-01
 63   75 1.40566e-01
 63   77 1.09027e-01
 63   79 1.11872e-01
 63   81 1.07206e-01
 63   83 7.26503e-02
 63   85 7.62473e-02
 63   87 7.25908e-02
 63   89 8.28906e-02
 63   91 7.53145e-02
 64    2 1.06954e-02
 64    4 2.58067e-02
 64    6 4.15686e-02
 64    8 5.65060e-02
 64   10 6.79908e-02
 64   12 6.81589e-02
 64   14 6.90261e-02
 64   16 7.51786e-02
 64   18 6.96445e-02
 64   20 6.40999e-02
 64   22 6.62452e-02
 64   24 6.01900e-02
 64   26 7.58642e-02
 64   28 7.19023e-02
 64   30 6.49626e-02
 64   32 7.55578e-02
 64   34 6.85744e-02
 64   36 6.98684e-02
 64   38 7.89950e-02
 64   40 7.78832e-02
 64   42 9.02666e-02
 64   44 9.23963e-02
 64   46 1.03012e-01
 64   48 1.26528e-01
 64   50 1.17934e-01
 64   52 1.35876e-01
 64   54 2.04171e-01
 64   56 1.77391e-01
 64   58 1.85192e-01
 64   60 4.99441e-01
 64   62 1.47900e+00
 64   64 1.84005e+01
 64   66 1.45654e+00
 64   68 5.04183e-01
 64   70 1.96123e-01
 64   72 1.67018e-01
 64   74 1.86401e-01
 64   76 1.41746e-01
 64   78 1.04452e-01
 64   80 1.10366e-01
 64   82 8.40240e-02
 64   84 8.21182e-02
 64   86 8.11469e-02
 64   88 9.25642e-02
 64   90 8.64067e-02
 65    1 3.14575e-03
 65    3 1.75963e-02
 65    5 3.04635e-02
 65    7 4.59756e-02
 65    9 6.29795e-02
 65   11 6.51843e-02
 65   13 6.29615e-02
 65   15 6.72008e-02
 65   17 7.07066e-02
 65   19 6.79233e-02
 65   21 6.51732e-02
 65   23 6.13971e-02
 65   25 6.84089e-02
 65   27 6.85706e-02
 65   29 7.08082e-02
 65   31 6.80496e-02
 65   33 6.25323e-02
 65   35 6.80919e-02
 65   37 7.45436e-02
 65   39 7.92411e-02
 65   41 8.22375e-02
 65   43 7.99702e-02
 65   45 8.24407e-02
 65   47 1.11394e-01
 65   49 1.29878e-01
 65   51 1.17743e-01
 65   53 1.33960e-01
 65   55 1.85895e-01
 65   57 1.81058e-01
 65   59 1.80989e-01
 65   61 4.95307e-01
 65   63 1.44260e+00
 65   65 1.81786e+01
 65   67 1.42373e+00
 65   69 4.94538e-01
 65   71 1.95119e-01
 65   73 1.62574e-01
 65   75 1.84621e-01
 65   77 1.36916e-01
 65   79 1.10531e-01
 65   81 9.74884e-02
 65   83 9.03695e-02
 65   85 7.80493e-02
 65   87 8.22605e-02
 65   89 8.79187e-02
 65   91 7.77977e-02
 66    2 1.17131e-02
 66    4 2.81013e-02
 66    6 4.34313e-02
 66    8 5.63318e-02
 66   10 7.04691e-02
 66   12 6.59155e-02
 66   14 6.38028e-02
 66   16 6.70898e-02
 66   18 6.54529e-02
 66   20 7.04951e-02
 66   22 7.11433e-02
 66   24 6.49237e-02
 66   26 5.84674e-02
 66   28 6.75204e-02
 66   30 6.01989e-02
 66   32 7.19986e-02
 66   34 6.61817e-02
 66   36 7.21145e-02
 66   38 7.18717e-02
 66   40 7.46821e-02
 66   42 7.61591e-02
 66   44 7.66536e-02
 66   46 9.77926e-02
 66   48 1.08486e-01
 66   50 1.20678e-01
 66   52 1.09823e-01
 66   54 1.30190e-01
 66   56 1.91046e-01
 66   58 1.68798e-01
 66   60 1.80010e-01
 66   62 4.83616e-01
 66   64 1.41672e+00
 66   66 1.79316e+01
 66   68 1.39825e+00
 66   70 4.83747e-01
 66   72 1.93645e-01
 66   74 1.62204e-01
 66   76 1.78243e-01
 66   78 1.29601e-01
 66   80 1.01018e-01
 66   82 1.09575e-01
 66   84 9.11636e-02
 66   86 7.92448e-02
 66   88 9.82915e-02
 66   90 8.47089e-02
 67    1 4.11626e-03
 67    3 1.87061e-02
 67    5 3.59583e-02
 67    7 4.79557e-02
 67    9 6.31880e-02
 67   11 6.87896e-02
 67   13 6.63675e-02
 67   15 6.82820e-02
 67   17 6.55200e-02
 67   19 6.37848e-02
 67   21 6.78116e-02
 67   23 7.23450e-02
 67   25 6.26115e-02
 67   27 5.78064e-02
 67   29 6.03378e-02
 67   31 6.54346e-02
 67   33 6.33240e-02
 67   35 6.37903e-02
 67   37 6.84861e-02
 67   39 6.61755e-02
 67   41 7.26482e-02
 67   43 7.35685e-02
 67   45 8.13655e-02
 67   47 8.60280e-02
 67   49 1.04495e-01
 67   51 1.08122e-01
 67   53 1.13453e-01
 67   55 1.31759e-01
 67   57 1.78893e-01
 67   59 1.67754e-01
 67   61 1.84160e-01
 67   63 4.76852e-01
 67   65 1.38554e+00
 67   67 1.77008e+01
 67   69 1.36818e+00
 67   71 4.72980e-01
 67   73 1.90830e-01
 67   75 1.61343e-01
 67   77 1.76155e-01
 67   79 1.23533e-01
 67   81 1.04075e-01
 67   83 1.04470e-01
 67   85 9.23820e-02
 67   87 7.81884e-02
 67   89 8.65591e-02
 67   91 8.65753e-02
 68    2 1.31280e-02
 68    4 3.01711e-02
 68    6 4.52797e-02
 68    8 5.92092e-02
 68   10 7.45921e-02
 68   12 6.79156e-02
 68   14 7.44158e-02
 68   16 7.76291e-02
 68   18 6.38564e-02
 68   20 6.11900e-02
 68   22 6.30388e-02
 68   24 5.92162e-02
 68   26 5.90855e-02
 68   28 5.86318e-02
 68   30 5.57387e-02
 68   32 5.82176e-02
 68   34 5.94405e-02
 68   36 6.25017e-02
 68   38 6.63347e-02
 68   40 6.33188e-02
 68   42 7.29037e-02
 68   44 8.40332e-02
 68   46 8.10459e-02
 68   48 8.22257e-02
 68   50 9.91942e-02
 68   52 1.06778e-01
 68   54 1.08245e-01
 68   56 1.26143e-01
 68   58 1.70834e-01
 68   60 1.67534e-01
 68   62 1.80749e-01
 68   64 4.77489e-01
 68   66 1.36145e+00
 68   68 1.74717e+01
 68   70 1.35910e+00
 68   72 4.74237e-01
 68   74 1.89963e-01
 68   76 1.52428e-01
 68   78 1.73417e-01
 68   80 1.17484e-01
 68   82 1.16631e-01
 68   84 9.80037e-02
 68   86 8.68668e-02
 68   88 9.42743e-02
 68   90 8.82626e-02
 69    1 3.75469e-03
 69    3 1.84599e-02
 69    5 3.22201e-02
 69    7 4.94262e-02
 69    9 6.72937e-02
 69   11 6.56959e-02
 69   13 6.16966e-02
 69   15 6.67693e-02
 69   17 7.69252e-02
 69   19 6.42382e-02
 69   21 6.00274e-02
 69   23 5.54366e-02
 69   25 5.16954e-02
 69   27 5.70014e-02
 69   29 5.83952e-02
 69   31 5.67750e-02
 69   33 5.79927e-02
 69   35 5.80412e-02
 69   37 5.99624e-02
 69   39 7.08885e-02
 69   41 6.53488e-02
 69   43 7.39645e-02
 69   45 8.92191e-02
 69   47 7.99763e-02
 69   49 8.17578e-02
 69   51 1.00123e-01
 69   53 1.07018e-01
 69   55 1.09548e-01
 69   57 1.24965e-01
 69   59 1.67977e-01
 69   61 1.59442e-01
 69   63 1.78155e-01
 69   65 4.68838e-01
 69   67 1.33284e+00
 69   69 1.72251e+01
 69   71 1.32276e+00
 69   73 4.65662e-01
 69   75 1.87503e-01
 69   77 1.58910e-01
 69   79 1.64698e-01
 69   81 1.15706e-01
 69   83 1.04994e-01
 69   85 1.03480e-01
 69   87 8.21386e-02
 69   89 9.50803e-02
 69   91 8.99221e-02
 70    2 1.26547e-02
 70    4 2.68769e-02
 70    6 4.28242e-02
 70    8 5.71142e-02
 70   10 6.85864e-02
 70   12 6.49483e-02
 70   14 6.43632e-02
 70   16 6.37369e-02
 70   18 7.06098e-02
 70   20 7.18542e-02
 70   22 6.66734e-02
 70   24 6.66312e-02
 70   26 5.09785e-02
 70   28 5.88923e-02
 70   30 6.03808e-02
 70   32 7.40128e-02
 70   34 6.02602e-02
 70   36 6.12087e-02
 70   38 6.31801e-02
 70   40 6.29810e-02
 70   42 6.84150e-02
 70   44 6.43712e-02
 70   46 6.78482e-02
 70   48 7.81481e-02
 70   50 8.43101e-02
 70   52 8.69608e-02
 70   54 1.06204e-01
 70   56 9.70809e-02
 70   58 1.22296e-01
 70   60 1.85579e-01
 70   62 1.56937e-01
 70   64 1.81030e-01
 70   66 4.59070e-01
 70   68 1.32464e+00
 70   70 1.70251e+01
 70   72 1.30639e+00
 70   74 4.52661e-01
 70   76 1.84023e-01
 70   78 1.42740e-01
 70   80 1.60236e-01
 70   82 1.23576e-01
 70   84 1.01749e-01
 70   86 9.19479e-02
 70   88 9.42088e-02
 70   90 8.52655e-02
 71    1 3.85141e-03
 71    3 1.88000e-02
 71    5 3.41916e-02
 71    7 5.00663e-02
 71    9 6.65524e-02
 71   11 6.37119e-02
 71   13 6.54743e-02
 71   15 6.76661e-02
 71   17 5.85994e-02
 71   19 5.88025e-02
 71   21 6.83546e-02
 71   23 6.64393e-02
 71   25 6.07883e-02
 71   27 6.00739e-02
 71   29 5.49148e-02
 71   31 6.40150e-02
 71   33 6.29786e-02
 71   35 5.79651e-02
 71   37 6.21835e-02
 71   39 5.91660e-02
 71   41 6.37496e-02
 71   43 7.17056e-02
 71   45 6.18563e-02
 71   47 6.88746e-02
 71   49 7.15091e-02
 71   51 7.63693e-02
 71   53 8.97956e-02
 71   55 1.08739e-01
 71   57 9.19261e-02
 71   59 1.21779e-01
 71   61 1.73171e-01
 71   63 1.67634e-01
 71   65 1.80375e-01
 71   67 4.49293e-01
 71   69 1.28984e+00
 71   71 1.68068e+01
 71   73 1.28128e+00
 71   75 4.43288e-01
 71   77 1.82879e-01
 71   79 1.40403e-01
 71   81 1.48121e-01
 71   83 1.30628e-01
 71   85 9.53979e-02
 71   87 8.99309e-02
 71   89 9.35302e-02
 71   91 8.01625e-02
 72    2 1.01227e-02
 72    4 2.32723e-02
 72    6 4.14916e-02
 72    8 5.46997e-02
 72   10 5.83326e-02
 72   12 5.91960e-02
 72   14 5.78576e-02
 72   16 6.29357e-02
 72   18 6.24909e-02
 72   20 5.53089e-02
 72   22 4.56938e-02
 72   24 5.76279e-02
 72   26 6.11213e-02
 72   28 6.42615e-02
 72   30 5.89382e-02
 72   32 5.14517e-02
 72   34 5.78524e-02
 72   36 5.16926e-02
 72   38 6.36102e-02
 72   40 6.26536e-02
 72   42 6.72704e-02
 72   44 7.04935e-02
 72   46 7.45083e-02
 72   48 7.44024e-02
 72   50 6.82785e-02
 72   52 9.23346e-02
 72   54 9.00667e-02
 72   56 9.92716e-02
 72   58 9.71262e-02
 72   60 1.28059e-01
 72   62 1.91963e-01
 72   64 1.50397e-01
 72   66 1.79276e-01
 72   68 4.50918e-01
 72   70 1.27447e+00
 72   72 1.66344e+01
 72   74 1.24747e+00
 72   76 4.39249e-01
 72   78 1.80609e-01
 72   80 1.38385e-01
 72   82 1.53105e-01
 72   84 1.24138e-01
 72   86 1.06380e-01
 72   88 1.05227e-01
 72   90 8.68966e-02
 73    1 3.20558e-03
 73    3 1.55382e-02
 73    5 2.88418e-02
 73    7 4.34081e-02
 73    9 6.00874e-02
 73   11 5.94270e-02
 73   13 5.27064e-02
 73   15 5.67841e-02
 73   17 5.67670e-02
 73   19 6.04744e-02
 73   21 4.92817e-02
 73   23 4.51080e-02
 73   25 5.10690e-02
 73   27 6.60355e-02
 73   29 6.50067e-02
 73   31 5.82800e-02
 73   33 5.19498e-02
 73   35 5.04641e-02
 73   37 5.56751e-02
 73   39 6.57694e-02
 73   41 6.87687e-02
 73   43 6.10362e-02
 73   45 7.03578e-02
 73   47 7.07427e-02
 73   49 7.53676e-02
 73   51 7.32342e-02
 73   53 8.70948e-02
 73   55 9.04308e-02
 73   57 9.67142e-02
 73   59 9.71344e-02
 73   61 1.27010e-01
 73   63 1.80901e-01
 73   65 1.46684e-01
 73   67 1.76925e-01
 73   69 4.43178e-01
 73   71 1.25054e+00
 73   73 1.64310e+01
 73   75 1.22873e+00
 73   77 4.35460e-01
 73   79 1.81124e-01
 73   81 1.31758e-01
 73   83 1.48482e-01
 73   85 1.22314e-01
 73   87 1.01798e-01
 73   89 9.94058e-02
 73   91 8.10637e-02
 74    2 8.29402e-03
 74    4 2.25275e-02
 74    6 3.67967e-02
 74    8 5.45916e-02
 74   10 6.83817e-02
 74   12 6.54386e-02
 74   14 6.00798e-02
 74   16 5.88409e-02
 74   18 5.84830e-02
 74   20 7.10250e-02
 74   22 8.07775e-02
 74   24 7.28887e-02
 74   26 6.97499e-02
 74   28 5.64718e-02
 74   30 5.61678e-02
 74   32 5.64993e-02
 74   34 5.89808e-02
 74   36 5.26068e-02
 74   38 6.11173e-02
 74   40 6.01224e-02
 74   42 6.10467e-02
 74   44 6.46342e-02
 74   46 5.72960e-02
 74   48 5.95208e-02
 74   50 6.44980e-02
 74   52 6.67399e-02
 74   54 6.66796e-02
 74   56 8.37801e-02
 74   58 9.52042e-02
 74   60 9.32007e-02
 74   62 1.20090e-01
 74   64 1.63897e-01
 74   66 1.46631e-01
 74   68 1.76367e-01
 74   70 4.31197e-01
 74   72 1.21808e+00
 74   74 1.62333e+01
 74   76 1.20983e+00
 74   78 4.17344e-01
 74   80 1.67506e-01
 74   82 1.49192e-01
 74   84 1.63586e-01
 74   86 1.29711e-01
 74   88 1.20740e-01
 74   90 9.74361e-02
 75    1 3.90365e-03
 75    3 1.84762e-02
 75    5 3.11696e-02
 75    7 4.60397e-02
 75    9 5.86604e-02
 75   11 5.91348e-02
 75   13 6.20786e-02
 75   15 6.75211e-02
 75   17 5.82826e-02
 75   19 6.22434e-02
 75   21 6.81417e-02
 75   23 7.12217e-02
 75   25 7.14723e-02
 75   27 6.22095e-02
 75   29 5.66497e-02
 75   31 5.18591e-02
 75   33 5.76700e-02
 75   35 5.48156e-02
 75   37 5.32625e-02
 75   39 5.94642e-02
 75   41 5.49867e-02
 75   43 5.98302e-02
 75   45 5.66786e-02
 75   47 5.83161e-02
 75   49 5.82389e-02
 75   51 6.47513e-02
 75   53 6.79609e-02
 75   55 6.51613e-02
 75   57 8.01146e-02
 75   59 9.62805e-02
 75   61 9.43395e-02
 75   63 1.20440e-01
 75   65 1.62723e-01
 75   67 1.46125e-01
 75   69 1.74321e-01
 75   71 4.22644e-01
 75   73 1.20030e+00
 75   75 1.60443e+01
 75   77 1.16902e+00
 75   79 4.12662e-01
 75   81 1.70637e-01
 75   83 1.40167e-01
 75   85 1.51275e-01
 75   87 1.30255e-01
 75   89 1.19989e-01
 75   91 9.80051e-02
 76    2 6.72412e-03
 76    4 1.97223e-02
 76    6 3.14745e-02
 76    8 4.44131e-02
 76   10 5.15151e-02
 76   12 4.68153e-02
 76   14 4.95280e-02
 76   16 4.80460e-02
 76   18 5.05000e-02
 76   20 4.72171e-02
 76   22 4.50948e-02
 76   24 5.08366e-02
 76   26 6.19797e-02
 76   28 6.18794e-02
 76   30 5.92444e-02
 76   32 5.59775e-02
 76   34 5.30907e-02
 76   36 6.86134e-02
 76   38 5.75186e-02
 76   40 6.57073e-02
 76   42 6.79371e-02
 76   44 6.49506e-02
 76   46 6.27001e-02
 76   48 7.32557e-02
 76   50 7.23663e-02
 76   52 6.92102e-02
 76   54 6.98177e-02
 76   56 7.87745e-02
 76   58 8.61546e-02
 76   60 9.05328e-02
 76   62 9.41475e-02
 76   64 1.21802e-01
 76   66 1.57469e-01
 76   68 1.38303e-01
 76   70 1.71315e-01
 76   72 4.19157e-01
 76   74 1.18235e+00
 76   76 1.58417e+01
 76   78 1.14965e+00
 76   80 4.09455e-01
 76   82 2.13834e-01
 76   84 1.54719e-01
 76   86 1.56103e-01
 76   88 1.43341e-01
 76   90 1.19116e-01
 77    1 2.14348e-03
 77    3 1.27778e-02
 77    5 2.27191e-02
 77    7 3.60133e-02
 77    9 4.79036e-02
 77   11 4.96718e-02
 77   13 4.26906e-02
 77   15 4.33927e-02
 77   17 4.61884e-02
 77   19 4.85071e-02
 77   21 4.61872e-02
 77   23 4.13340e-02
 77   25 4.92618e-02
 77   27 5.32186e-02
 77   29 6.27180e-02
 77   31 5.31018e-02
 77   33 5.48967e-02
 77   35 6.40611e-02
 77   37 5.74228e-02
 77   39 6.29179e-02
 77   41 6.09370e-02
 77   43 6.49631e-02
 77   45 6.26010e-02
 77   47 5.89242e-02
 77   49 6.76538e-02
 77   51 7.40061e-02
 77   53 6.95132e-02
 77   55 6.51190e-02
 77   57 7.61015e-02
 77   59 8.46891e-02
 77   61 9.54119e-02
 77   63 9.13321e-02
 77   65 1.17984e-01
 77   67 1.55981e-01
 77   69 1.44442e-01
 77   71 1.70472e-01
 77   73 4.15895e-01
 77   75 1.14294e+00
 77   77 1.57070e+01
 77   79 1.12313e+00
 77   81 4.00097e-01
 77   83 2.05083e-01
 77   85 1.63164e-01
 77   87 1.50833e-01
 77   89 1.44915e-01
 77   91 1.14927e-01
 78    2 1.01341e-02
 78    4 2.05939e-02
 78    6 3.45400e-02
 78    8 4.81205e-02
 78   10 5.44468e-02
 78   12 5.67229e-02
 78   14 6.10454e-02
 78   16 5.62646e-02
 78   18 5.66253e-02
 78   20 5.89059e-02
 78   22 6.54901e-02
 78   24 6.76081e-02
 78   26 5.96142e-02
 78   28 6.19721e-02
 78   30 5.65367e-02
 78   32 5.30947e-02
 78   34 4.51733e-02
 78   36 4.22791e-02
 78   38 6.15472e-02
 78   40 8.03677e-02
 78   42 6.09553e-02
 78   44 5.66798e-02
 78   46 5.49233e-02
 78   48 5.88054e-02
 78   50 7.80585e-02
 78   52 6.89749e-02
 78   54 7.19112e-02
 78   56 6.54665e-02
 78   58 7.35654e-02
 78   60 9.04945e-02
 78   62 9.53108e-02
 78   64 8.77885e-02
 78   66 1.11987e-01
 78   68 1.53899e-01
 78   70 1.29970e-01
 78   72 1.68570e-01
 78   74 3.98924e-01
 78   76 1.12445e+00
 78   78 1.54750e+01
 78   80 1.09994e+00
 78   82 4.19459e-01
 78   84 2.13828e-01
 78   86 1.46584e-01
 78   88 1.66250e-01
 78   90 1.12884e-01
 79    1 3.45204e-03
 79    3 1.52088e-02
 79    5 2.76645e-02
 79    7 3.94638e-02
 79    9 4.96412e-02
 79   11 4.91034e-02
 79   13 4.95628e-02
 79   15 5.64788e-02
 79   17 5.68816e-02
 79   19 5.51493e-02
 79   21 6.22400e-02
 79   23 6.45673e-02
 79   25 6.19218e-02
 79   27 6.09143e-02
 79   29 5.13273e-02
 79   31 5.76969e-02
 79   33 5.89351e-02
 79   35 5.10978e-02
 79   37 4.47239e-02
 79   39 5.63317e-02
 79   41 6.18967e-02
 79   43 7.30328e-02
 79   45 5.52488e-02
 79   47 5.94395e-02
 79   49 6.06199e-02
 79   51 6.22277e-02
 79   53 7.82110e-02
 79   55 7.03156e-02
 79   57 6.50217e-02
 79   59 7.15841e-02
 79   61 8.60033e-02
 79   63 9.16982e-02
 79   65 9.31967e-02
 79   67 1.07030e-01
 79   69 1.46481e-01
 79   71 1.28061e-01
 79   73 1.69262e-01
 79   75 3.94769e-01
 79   77 1.09895e+00
 79   79 1.53211e+01
 79   81 1.07622e+00
 79   83 4.17746e-01
 79   85 2.06552e-01
 79   87 1.47164e-01
 79   89 1.62868e-01
 79   91 1.09726e-01
 80    2 8.42166e-03
 80    4 1.85216e-02
 80    6 2.84501e-02
 80    8 3.78377e-02
 80   10 4.49480e-02
 80   12 4.06506e-02
 80   14 4.20653e-02
 80   16 3.88988e-02
 80   18 3.73961e-02
 80   20 4.13502e-02
 80   22 4.44753e-02
 80   24 5.70235e-02
 80   26 6.21057e-02
 80   28 6.13409e-02
 80   30 6.17006e-02
 80   32 6.98264e-02
 80   34 7.60398e-02
 80   36 7.96582e-02
 80   38 7.41763e-02
 80   40 6.74224e-02
 80   42 7.40324e-02
 80   44 7.15631e-02
 80   46 8.28238e-02
 80   48 6.44552e-02
 80   50 6.31929e-02
 80   52 8.49487e-02
 80   54 6.91686e-02
 80   56 6.88379e-02
 80   58 6.70513e-02
 80   60 6.94416e-02
 80   62 8.48757e-02
 80   64 9.07973e-02
 80   66 8.54428e-02
 80   68 1.02057e-01
 80   70 1.42816e-01
 80   72 1.26430e-01
 80   74 1.56727e-01
 80   76 3.92014e-01
 80   78 1.07668e+00
 80   80 1.51744e+01
 80   82 1.07160e+00
 80   84 4.09390e-01
 80   86 2.10207e-01
 80   88 1.77376e-01
 80   90 1.36936e-01
 81    1 3.49212e-03
 81    3 1.51560e-02
 81    5 2.58983e-02
 81    7 3.51992e-02
 81    9 4.50588e-02
 81   11 4.03003e-02
 81   13 4.31423e-02
 81   15 4.19809e-02
 81   17 4.00927e-02
 81   19 3.64217e-02
 81   21 3.71129e-02
 81   23 4.39467e-02
 81   25 5.72839e-02
 81   27 6.65558e-02
 81   29 6.22326e-02
 81   31 6.54798e-02
 81   33 6.80058e-02
 81   35 7.23265e-02
 81   37 7.62432e-02
 81   39 7.26720e-02
 81   41 6.99409e-02
 81   43 6.04010e-02
 81   45 8.02075e-02
 81   47 7.14254e-02
 81   49 6.19051e-02
 81   51 6.51110e-02
 81   53 7.78044e-02
 81   55 6.95747e-02
 81   57 7.31965e-02
 81   59 6.14662e-02
 81   61 6.54915e-02
 81   63 8.60479e-02
 81   65 8.04919e-02
 81   67 8.82985e-02
 81   69 1.00770e-01
 81   71 1.32294e-01
 81   73 1.20571e-01
 81   75 1.59848e-01
 81   77 3.83352e-01
 81   79 1.05386e+00
 81   81 1.50147e+01
 81   83 1.05195e+00
 81   85 4.04294e-01
 81   87 2.07506e-01
 81   89 1.75425e-01
 81   91 1.32760e-01
 82    2 8.49214e-03
 82    4 1.68572e-02
 82    6 2.55348e-02
 82    8 3.23296e-02
 82   10 3.59726e-02
 82   12 3.98081e-02
 82   14 4.85580e-02
 82   16 5.57320e-02
 82   18 5.78649e-02
 82   20 5.47476e-02
 82   22 5.57424e-02
 82   24 5.46135e-02
 82   26 5.38473e-02
 82   28 5.10231e-02
 82   30 5.41378e-02
 82   32 4.99043e-02
 82   34 4.79851e-02
 82   36 5.76764e-02
 82   38 5.65418e-02
 82   40 4.57122e-02
 82   42 5.39279e-02
 82   44 4.74862e-02
 82   46 5.38650e-02
 82   48 6.32801e-02
 82   50 5.52567e-02
 82   52 5.21440e-02
 82   54 5.68454e-02
 82   56 6.78415e-02
 82   58 6.04904e-02
 82   60 6.02788e-02
 82   62 6.25662e-02
 82   64 6.77154e-02
 82   66 9.07889e-02
 82   68 9.92481e-02
 82   70 1.07894e-01
 82   72 1.37024e-01
 82   74 1.36743e-01
 82   76 2.00548e-01
 82   78 4.02211e-01
 82   80 1.04973e+00
 82   82 1.48577e+01
 82   84 1.05773e+00
 82   86 4.15864e-01
 82   88 2.56269e-01
 82   90 1.81968e-01
 83    1 2.02036e-03
 83    3 1.13013e-02
 83    5 2.07372e-02
 83    7 2.88842e-02
 83    9 3.81011e-02
 83   11 3.84458e-02
 83   13 3.77618e-02
 83   15 4.66957e-02
 83   17 5.20987e-02
 83   19 5.58773e-02
 83   21 5.31475e-02
 83   23 5.50735e-02
 83   25 5.34984e-02
 83   27 4.99237e-02
 83   29 5.13505e-02
 83   31 5.49670e-02
 83   33 4.56942e-02
 83   35 5.03235e-02
 83   37 5.42338e-02
 83   39 5.23860e-02
 83   41 5.42608e-02
 83   43 4.98919e-02
 83   45 4.65291e-02
 83   47 5.51854e-02
 83   49 6.10385e-02
 83   51 5.87729e-02
 83   53 5.18638e-02
 83   55 6.20581e-02
 83   57 6.01209e-02
 83   59 6.07897e-02
 83   61 6.25008e-02
 83   63 5.71433e-02
 83   65 7.31183e-02
 83   67 8.68572e-02
 83   69 8.96077e-02
 83   71 1.14330e-01
 83   73 1.33152e-01
 83   75 1.28672e-01
 83   77 1.92561e-01
 83   79 4.00868e-01
 83   81 1.03086e+00
 83   83 1.47152e+01
 83   85 1.03924e+00
 83   87 4.06922e-01
 83   89 2.50499e-01
 83   91 1.76774e-01
 84    2 7.78370e-03
 84    4 2.05267e-02
 84    6 3.06720e-02
 84    8 3.97770e-02
 84   10 4.20601e-02
 84   12 3.37384e-02
 84   14 3.37548e-02
 84   16 4.05827e-02
 84   18 3.88544e-02
 84   20 4.41081e-02
 84   22 4.55276e-02
 84   24 4.05774e-02
 84   26 4.56263e-02
 84   28 5.75556e-02
 84   30 6.21159e-02
 84   32 6.30558e-02
 84   34 7.09065e-02
 84   36 6.90351e-02
 84   38 5.95508e-02
 84   40 5.65078e-02
 84   42 6.61107e-02
 84   44 6.36595e-02
 84   46 5.27770e-02
 84   48 6.54229e-02
 84   50 5.91897e-02
 84   52 5.85188e-02
 84   54 6.28658e-02
 84   56 6.54074e-02
 84   58 5.82862e-02
 84   60 5.59352e-02
 84   62 6.25635e-02
 84   64 6.48761e-02
 84   66 7.40469e-02
 84   68 8.17547e-02
 84   70 8.70871e-02
 84   72 1.08911e-01
 84   74 1.46984e-01
 84   76 1.42247e-01
 84   78 2.00997e-01
 84   80 3.93138e-01
 84   82 1.03690e+00
 84   84 1.44717e+01
 84   86 1.01427e+00
 84   88 4.36947e-01
 84   90 2.21824e-01
 85    1 2.28755e-03
 85    3 1.27763e-02
 85    5 2.44376e-02
 85    7 3.20157e-02
 85    9 4.32712e-02
 85   11 3.64562e-02
 85   13 3.28430e-02
 85   15 3.32608e-02
 85   17 3.85808e-02
 85   19 3.52202e-02
 85   21 4.24012e-02
 85   23 4.27800e-02
 85   25 4.32504e-02
 85   27 4.71537e-02
 85   29 5.69590e-02
 85   31 5.71156e-02
 85   33 6.35431e-02
 85   35 6.46411e-02
 85   37 6.91448e-02
 85   39 5.85132e-02
 85   41 5.81771e-02
 85   43 6.48303e-02
 85   45 5.46799e-02
 85   47 5.19036e-02
 85   49 7.22851e-02
 85   51 6.25957e-02
 85   53 5.82203e-02
 85   55 5.68395e-02
 85   57 6.71702e-02
 85   59 6.01915e-02
 85   61 5.47324e-02
 85   63 5.88122e-02
 85   65 6.19281e-02
 85   67 7.53209e-02
 85   69 8.66066e-02
 85   71 8.18805e-02
 85   73 1.07563e-01
 85   75 1.36182e-01
 85   77 1.50237e-01
 85   79 1.94372e-01
 85   81 3.88523e-01
 85   83 1.01913e+00
 85   85 1.43367e+01
 85   87 9.94910e-01
 85   89 4.24045e-01
 85   91 2.19656e-01
 86    2 8.78978e-03
 86    4 2.07285e-02
 86    6 3.48295e-02
 86    8 4.65166e-02
 86   10 5.32461e-02
 86   12 4.88513e-02
 86   14 4.96213e-02
 86   16 5.20008e-02
 86   18 5.68304e-02
 86   20 5.29138e-02
 86   22 5.75068e-02
 86   24 5.00469e-02
 86   26 4.90438e-02
 86   28 5.39078e-02
 86   30 5.63448e-02
 86   32 6.25140e-02
 86   34 6.18486e-02
 86   36 5.01933e-02
 86   38 5.97130e-02
 86   40 5.57055e-02
 86   42 4.62448e-02
 86   44 5.69058e-02
 86   46 5.64853e-02
 86   48 4.78193e-02
 86   50 6.21934e-02
 86   52 6.68734e-02
 86   54 5.74293e-02
 86   56 5.37778e-02
 86   58 5.92224e-02
 86   60 5.56319e-02
 86   62 6.00554e-02
 86   64 6.28902e-02
 86   66 6.31423e-02
 86   68 7.10869e-02
 86   70 7.72025e-02
 86   72 9.15571e-02
 86   74 1.14331e-01
 86   76 1.40792e-01
 86   78 1.35169e-01
 86   80 1.98025e-01
 86   82 3.99925e-01
 86   84 9.94988e-01
 86   86 1.43961e+01
 86   88 1.04627e+00
 86   90 4.03714e-01
 87    1 2.57037e-03
 87    3 1.38611e-02
 87    5 2.49141e-02
 87    7 3.72222e-02
 87    9 4.60206e-02
 87   11 4.85515e-02
 87   13 4.66860e-02
 87   15 4.56270e-02
 87   17 4.76707e-02
 87   19 5.41020e-02
 87   21 5.38750e-02
 87   23 5.80132e-02
 87   25 5.12197e-02
 87   27 4.69226e-02
 87   29 5.02315e-02
 87   31 5.35122e-02
 87   33 6.09075e-02
 87   35 6.42521e-02
 87   37 5.01915e-02
 87   39 5.83152e-02
 87   41 5.48044e-02
 87   43 5.26122e-02
 87   45 5.39972e-02
 87   47 5.74843e-02
 87   49 4.73766e-02
 87   51 6.00522e-02
 87   53 6.56243e-02
 87   55 5.55468e-02
 87   57 5.17250e-02
 87   59 5.66169e-02
 87   61 5.82930e-02
 87   63 5.49461e-02
 87   65 6.40505e-02
 87   67 6.25581e-02
 87   69 6.74614e-02
 87   71 7.57466e-02
 87   73 8.78500e-02
 87   75 1.15069e-01
 87   77 1.36289e-01
 87   79 1.35900e-01
 87   81 1.95688e-01
 87   83 3.91597e-01
 87   85 9.76330e-01
 87   87 1.42587e+01
 87   89 1.02657e+00
 87   91 4.00233e-01
 88    2 7.15715e-03
 88    4 1.67186e-02
 88    6 2.66436e-02
 88    8 3.74027e-02
 88   10 3.70358e-02
 88   12 3.43357e-02
 88   14 3.38037e-02
 88   16 3.40530e-02
 88   18 3.40776e-02
 88   20 3.68571e-02
 88   22 3.82494e-02
 88   24 4.33489e-02
 88   26 4.42055e-02
 88   28 3.98810e-02
 88   30 4.24878e-02
 88   32 4.81968e-02
 88   34 4.51380e-02
 88   36 5.03573e-02
 88   38 4.15369e-02
 88   40 5.03881e-02
 88   42 4.53318e-02
 88   44 4.78186e-02
 88   46 5.11824e-02
 88   48 5.44615e-02
 88   50 4.43450e-02
 88   52 5.84929e-02
 88   54 5.90891e-02
 88   56 5.16316e-02
 88   58 5.69183e-02
 88   60 6.12184e-02
 88   62 5.52024e-02
 88   64 7.04225e-02
 88   66 7.68819e-02
 88   68 7.57332e-02
 88   70 7.76495e-02
 88   72 8.89033e-02
 88   74 1.04471e-01
 88   76 1.26910e-01
 88   78 1.50491e-01
 88   80 1.64031e-01
 88   82 2.41925e-01
 88   84 4.20777e-01
 88   86 1.02707e+00
 88   88 1.47741e+01
 88   90 1.10866e+00
 89    1 2.52736e-03
 89    3 1.16751e-02
 89    5 2.18670e-02
 89    7 3.20800e-02
 89    9 3.96553e-02
 89   11 3.24099e-02
 89   13 3.25669e-02
 89   15 3.21007e-02
 89   17 3.09561e-02
 89   19 3.75648e-02
 89   21 3.67765e-02
 89   23 4.11913e-02
 89   25 4.27763e-02
 89   27 4.12775e-02
 89   29 4.30456e-02
 89   31 3.73167e-02
 89   33 4.29490e-02
 89   35 4.86086e-02
 89   37 4.60725e-02
 89   39 4.60348e-02
 89   41 4.60335e-02
 89   43 4.57918e-02
 89   45 4.44987e-02
 89   47 5.45623e-02
 89   49 4.65893e-02
 89   51 5.07596e-02
 89   53 5.46459e-02
 89   55 5.35697e-02
 89   57 5.31507e-02
 89   59 5.60397e-02
 89   61 5.46952e-02
 89   63 6.16115e-02
 89   65 6.72223e-02
 89   67 6.80071e-02
 89   69 7.66829e-02
 89   71 7.73582e-02
 89   73 8.42390e-02
 89   75 1.04089e-01
 89   77 1.28582e-01
 89   79 1.47690e-01
 89   81 1.62452e-01
 89   83 2.36720e-01
 89   85 4.08625e-01
 89   87 1.00806e+00
 89   89 1.46115e+01
 89   91 1.10694e+00
 90    2 8.25888e-03
 90    4 1.90029e-02
 90    6 2.81870e-02
 90    8 4.06173e-02
 90   10 4.88534e-02
 90   12 4.58819e-02
 90   14 5.20907e-02
 90   16 5.21195e-02
 90   18 4.99718e-02
 90   20 4.75186e-02
 90   22 4.30505e-02
 90   24 4.66264e-02
 90   26 4.84564e-02
 90   28 5.33520e-02
 90   30 5.92626e-02
 90   32 5.38158e-02
 90   34 5.35773e-02
 90   36 5.53957e-02
 90   38 5.94126e-02
 90   40 4.97546e-02
 90   42 5.41692e-02
 90   44 5.12640e-02
 90   46 5.79584e-02
 90   48 5.68528e-02
 90   50 6.04462e-02
 90   52 5.10135e-02
 90   54 5.84076e-02
 90   56 6.01917e-02
 90   58 6.29050e-02
 90   60 5.06562e-02
 90   62 5.34938e-02
 90   64 6.45739e-02
 90   66 6.50845e-02
 90   68 6.96483e-02
 90   70 6.90338e-02
 90   72 7.21165e-02
 90   74 8.28143e-02
 90   76 1.03594e-01
 90   78 1.00375e-01
 90   80 1.24391e-01
 90   82 1.68740e-01
 90   84 2.09832e-01
 90   86 3.89289e-01
 90   88 1.08903e+00
 90   90 1.59256e+01
 91    1 2.28604e-03
 91    3 1.20632e-02
 91    5 2.14560e-02
 91    7 3.17017e-02
 91    9 4.77040e-02
 91   11 4.50246e-02
 91   13 4.61410e-02
 91   15 4.64261e-02
 91   17 5.23886e-02
 91   19 4.68260e-02
 91   21 4.85754e-02
 91   23 4.55487e-02
 91   25 4.36022e-02
 91   27 4.62999e-02
 91   29 4.71534e-02
 91   31 6.08531e-02
 91   33 5.43344e-02
 91   35 4.98464e-02
 91   37 5.42935e-02
 91   39 5.54962e-02
 91   41 5.23791e-02
 91   43 5.30902e-02
 91   45 5.45793e-02
 91   47 4.86242e-02
 91   49 6.55376e-02
 91   51 5.53353e-02
 91   53 5.53322e-02
 91   55 5.89193e-02
 91   57 5.60747e-02
 91   59 5.70526e-02
 91   61 5.62904e-02
 91   63 5.50064e-02
 91   65 5.84491e-02
 91   67 6.68365e-02
 91   69 7.12612e-02
 91   71 6.51485e-02
 91   73 6.75004e-02
 91   75 8.35398e-02
 91   77 1.00200e-01
 91   79 9.77699e-02
 91   81 1.20803e-01
 91   83 1.64144e-01
 91   85 2.07986e-01
 91   87 3.86182e-01
 91   89 1.08768e+00
