# 13C+CO2(ji) -> 13C+CO2(jf) molscat cross sections, CS8_JMAX90 approx. (written on 08/08/2023); 
# E=2240.000000 (1/cm) = 0.2777246021609177 eV
# ji  jf sigma(ji,jf) (1e-16 cm^2)
  1    1 2.68466e+02
  1    3 3.49132e+01
  1    5 1.46927e+01
  1    7 9.08892e+00
  1    9 6.97221e+00
  1   11 5.36650e+00
  1   13 4.06486e+00
  1   15 3.01241e+00
  1   17 2.24174e+00
  1   19 1.87952e+00
  1   21 1.69759e+00
  1   23 1.61196e+00
  1   25 1.45159e+00
  1   27 1.23866e+00
  1   29 1.22730e+00
  1   31 1.26342e+00
  1   33 1.10765e+00
  1   35 9.53226e-01
  1   37 9.26832e-01
  1   39 9.14786e-01
  1   41 8.34676e-01
  1   43 7.81544e-01
  1   45 7.60112e-01
  1   47 7.40006e-01
  1   49 6.60895e-01
  1   51 5.81774e-01
  1   53 5.70420e-01
  1   55 5.47607e-01
  1   57 4.95657e-01
  1   59 4.15287e-01
  1   61 3.91240e-01
  1   63 3.89852e-01
  1   65 3.76688e-01
  1   67 3.10525e-01
  1   69 2.25972e-01
  1   71 1.15807e-01
  1   73 5.55875e-02
  1   75 2.45988e-02
  2    2 2.82587e+02
  2    4 2.74431e+01
  2    6 1.23537e+01
  2    8 8.15943e+00
  2   10 6.25514e+00
  2   12 4.76372e+00
  2   14 3.55867e+00
  2   16 2.63589e+00
  2   18 2.07376e+00
  2   20 1.79337e+00
  2   22 1.64965e+00
  2   24 1.52680e+00
  2   26 1.33963e+00
  2   28 1.22293e+00
  2   30 1.23361e+00
  2   32 1.17942e+00
  2   34 1.03493e+00
  2   36 9.48881e-01
  2   38 9.28097e-01
  2   40 8.77598e-01
  2   42 8.11248e-01
  2   44 7.69872e-01
  2   46 7.53588e-01
  2   48 7.07994e-01
  2   50 6.20897e-01
  2   52 5.75929e-01
  2   54 5.57526e-01
  2   56 5.20355e-01
  2   58 4.50629e-01
  2   60 3.99617e-01
  2   62 3.87995e-01
  2   64 3.85320e-01
  2   66 3.45300e-01
  2   68 2.67554e-01
  2   70 1.71676e-01
  2   72 8.40129e-02
  2   74 3.84749e-02
  2   76 1.05626e-02
  3    1 6.98995e+00
  3    3 2.82991e+02
  3    5 2.45252e+01
  3    7 1.12417e+01
  3    9 7.47232e+00
  3   11 5.68363e+00
  3   13 4.25844e+00
  3   15 3.14686e+00
  3   17 2.41576e+00
  3   19 1.96729e+00
  3   21 1.73420e+00
  3   23 1.57465e+00
  3   25 1.44259e+00
  3   27 1.33310e+00
  3   29 1.25324e+00
  3   31 1.18197e+00
  3   33 1.10317e+00
  3   35 1.01189e+00
  3   37 9.49430e-01
  3   39 8.93484e-01
  3   41 8.35097e-01
  3   43 7.88361e-01
  3   45 7.68195e-01
  3   47 7.28303e-01
  3   49 6.57254e-01
  3   51 6.00782e-01
  3   53 5.72302e-01
  3   55 5.44622e-01
  3   57 4.89734e-01
  3   59 4.29351e-01
  3   61 3.92848e-01
  3   63 3.87907e-01
  3   65 3.72643e-01
  3   67 3.13119e-01
  3   69 2.21736e-01
  3   71 1.25659e-01
  3   73 5.85605e-02
  3   75 2.42708e-02
  4    2 1.17819e+01
  4    4 2.83222e+02
  4    6 2.30550e+01
  4    8 1.04911e+01
  4   10 6.92083e+00
  4   12 5.20146e+00
  4   14 3.85058e+00
  4   16 2.89796e+00
  4   18 2.27500e+00
  4   20 1.89202e+00
  4   22 1.65912e+00
  4   24 1.48942e+00
  4   26 1.40570e+00
  4   28 1.32324e+00
  4   30 1.20030e+00
  4   32 1.11773e+00
  4   34 1.07446e+00
  4   36 1.00658e+00
  4   38 9.25675e-01
  4   40 8.64157e-01
  4   42 8.17117e-01
  4   44 7.86116e-01
  4   46 7.53721e-01
  4   48 6.93609e-01
  4   50 6.38354e-01
  4   52 5.86581e-01
  4   54 5.55651e-01
  4   56 5.15494e-01
  4   58 4.57176e-01
  4   60 4.11430e-01
  4   62 3.92066e-01
  4   64 3.81220e-01
  4   66 3.42960e-01
  4   68 2.65869e-01
  4   70 1.75635e-01
  4   72 9.38138e-02
  4   74 4.04671e-02
  4   76 1.09528e-02
  5    1 1.63823e+00
  5    3 1.36585e+01
  5    5 2.83658e+02
  5    7 2.20609e+01
  5    9 9.90194e+00
  5   11 6.44454e+00
  5   13 4.78827e+00
  5   15 3.57165e+00
  5   17 2.72074e+00
  5   19 2.17684e+00
  5   21 1.81702e+00
  5   23 1.58697e+00
  5   25 1.46492e+00
  5   27 1.40490e+00
  5   29 1.28473e+00
  5   31 1.15817e+00
  5   33 1.09682e+00
  5   35 1.05546e+00
  5   37 9.70715e-01
  5   39 8.93905e-01
  5   41 8.44490e-01
  5   43 8.05883e-01
  5   45 7.67053e-01
  5   47 7.14430e-01
  5   49 6.62442e-01
  5   51 6.21727e-01
  5   53 5.76371e-01
  5   55 5.39268e-01
  5   57 4.90645e-01
  5   59 4.43409e-01
  5   61 4.04548e-01
  5   63 3.86298e-01
  5   65 3.64360e-01
  5   67 3.10215e-01
  5   69 2.23396e-01
  5   71 1.39087e-01
  5   73 6.73748e-02
  5   75 2.43176e-02
  6    2 3.38570e+00
  6    4 1.47176e+01
  6    6 2.84061e+02
  6    8 2.12833e+01
  6   10 9.39680e+00
  6   12 6.04882e+00
  6   14 4.52389e+00
  6   16 3.37981e+00
  6   18 2.58411e+00
  6   20 2.07433e+00
  6   22 1.74042e+00
  6   24 1.55167e+00
  6   26 1.44098e+00
  6   28 1.34854e+00
  6   30 1.23703e+00
  6   32 1.13903e+00
  6   34 1.08115e+00
  6   36 1.01801e+00
  6   38 9.42290e-01
  6   40 8.84772e-01
  6   42 8.41154e-01
  6   44 7.93586e-01
  6   46 7.38319e-01
  6   48 6.95588e-01
  6   50 6.50834e-01
  6   52 6.04179e-01
  6   54 5.52660e-01
  6   56 5.12808e-01
  6   58 4.70828e-01
  6   60 4.28842e-01
  6   62 3.98084e-01
  6   64 3.73563e-01
  6   66 3.34123e-01
  6   68 2.68928e-01
  6   70 1.85812e-01
  6   72 1.05708e-01
  6   74 4.44544e-02
  6   76 1.28605e-02
  7    1 7.04301e-01
  7    3 4.35105e+00
  7    5 1.53319e+01
  7    7 2.84651e+02
  7    9 2.06226e+01
  7   11 8.95754e+00
  7   13 5.75569e+00
  7   15 4.31064e+00
  7   17 3.22251e+00
  7   19 2.46566e+00
  7   21 1.99428e+00
  7   23 1.71131e+00
  7   25 1.53907e+00
  7   27 1.39850e+00
  7   29 1.31261e+00
  7   31 1.22315e+00
  7   33 1.13127e+00
  7   35 1.04750e+00
  7   37 9.77739e-01
  7   39 9.16628e-01
  7   41 8.72254e-01
  7   43 8.29725e-01
  7   45 7.61366e-01
  7   47 7.06989e-01
  7   49 6.74504e-01
  7   51 6.33842e-01
  7   53 5.83979e-01
  7   55 5.37139e-01
  7   57 4.98273e-01
  7   59 4.56129e-01
  7   61 4.20402e-01
  7   63 3.86509e-01
  7   65 3.54042e-01
  7   67 3.05588e-01
  7   69 2.34595e-01
  7   71 1.49237e-01
  7   73 7.73685e-02
  7   75 2.98556e-02
  8    2 1.64739e+00
  8    4 4.93374e+00
  8    6 1.56791e+01
  8    8 2.85101e+02
  8   10 2.00421e+01
  8   12 8.64202e+00
  8   14 5.54954e+00
  8   16 4.15118e+00
  8   18 3.08126e+00
  8   20 2.35707e+00
  8   22 1.94101e+00
  8   24 1.68066e+00
  8   26 1.48274e+00
  8   28 1.35168e+00
  8   30 1.28636e+00
  8   32 1.20744e+00
  8   34 1.10146e+00
  8   36 1.01818e+00
  8   38 9.59821e-01
  8   40 9.13083e-01
  8   42 8.70464e-01
  8   44 8.01917e-01
  8   46 7.37550e-01
  8   48 6.97843e-01
  8   50 6.63098e-01
  8   52 6.14380e-01
  8   54 5.59670e-01
  8   56 5.14635e-01
  8   58 4.82125e-01
  8   60 4.48561e-01
  8   62 4.05816e-01
  8   64 3.67444e-01
  8   66 3.28135e-01
  8   68 2.72415e-01
  8   70 1.96745e-01
  8   72 1.16308e-01
  8   74 5.57047e-02
  8   76 1.53660e-02
  9    1 4.15339e-01
  9    3 2.22333e+00
  9    5 5.29030e+00
  9    7 1.58537e+01
  9    9 2.85843e+02
  9   11 1.95688e+01
  9   13 8.37471e+00
  9   15 5.36364e+00
  9   17 3.99985e+00
  9   19 2.96321e+00
  9   21 2.29328e+00
  9   23 1.90797e+00
  9   25 1.63853e+00
  9   27 1.45684e+00
  9   29 1.34049e+00
  9   31 1.27081e+00
  9   33 1.17664e+00
  9   35 1.07660e+00
  9   37 9.98176e-01
  9   39 9.33829e-01
  9   41 8.94914e-01
  9   43 8.45057e-01
  9   45 7.77896e-01
  9   47 7.16400e-01
  9   49 6.79034e-01
  9   51 6.44229e-01
  9   53 5.95120e-01
  9   55 5.39194e-01
  9   57 5.04085e-01
  9   59 4.74442e-01
  9   61 4.31912e-01
  9   63 3.89556e-01
  9   65 3.50197e-01
  9   67 3.04194e-01
  9   69 2.41284e-01
  9   71 1.60278e-01
  9   73 9.09695e-02
  9   75 3.92218e-02
 10    2 1.00303e+00
 10    4 2.58498e+00
 10    6 5.49802e+00
 10    8 1.59179e+01
 10   10 2.45840e+02
 10   12 1.77540e+01
 10   14 7.62479e+00
 10   16 4.89973e+00
 10   18 3.65318e+00
 10   20 2.70211e+00
 10   22 2.08575e+00
 10   24 1.71848e+00
 10   26 1.48933e+00
 10   28 1.34253e+00
 10   30 1.24122e+00
 10   32 1.17026e+00
 10   34 1.09437e+00
 10   36 1.01407e+00
 10   38 9.45155e-01
 10   40 8.88903e-01
 10   42 8.39113e-01
 10   44 7.93668e-01
 10   46 7.36706e-01
 10   48 6.84488e-01
 10   50 6.49090e-01
 10   52 6.06189e-01
 10   54 5.51776e-01
 10   56 5.06287e-01
 10   58 4.79893e-01
 10   60 4.51037e-01
 10   62 4.09110e-01
 10   64 3.61783e-01
 10   66 3.15472e-01
 10   68 2.67475e-01
 10   70 2.02589e-01
 10   72 1.28647e-01
 10   74 6.82735e-02
 10   76 2.03974e-02
 11    1 2.60540e-01
 11    3 1.37824e+00
 11    5 2.80609e+00
 11    7 5.61212e+00
 11    9 1.59483e+01
 11   11 2.16802e+02
 11   13 1.58426e+01
 11   15 6.84720e+00
 11   17 4.46128e+00
 11   19 3.34815e+00
 11   21 2.44816e+00
 11   23 1.85425e+00
 11   25 1.53088e+00
 11   27 1.34145e+00
 11   29 1.20075e+00
 11   31 1.09365e+00
 11   33 1.02750e+00
 11   35 9.67428e-01
 11   37 8.99482e-01
 11   39 8.38830e-01
 11   41 7.74917e-01
 11   43 7.36718e-01
 11   45 6.99821e-01
 11   47 6.47865e-01
 11   49 6.00369e-01
 11   51 5.71699e-01
 11   53 5.29088e-01
 11   55 4.79742e-01
 11   57 4.47080e-01
 11   59 4.29950e-01
 11   61 3.95993e-01
 11   63 3.52017e-01
 11   65 3.03535e-01
 11   67 2.62019e-01
 11   69 2.15512e-01
 11   71 1.56950e-01
 11   73 9.55518e-02
 11   75 4.64220e-02
 12    2 6.35757e-01
 12    4 1.61692e+00
 12    6 2.94553e+00
 12    8 5.71248e+00
 12   10 1.47762e+01
 12   12 1.94525e+02
 12   14 1.41864e+01
 12   16 6.15950e+00
 12   18 4.14224e+00
 12   20 3.14750e+00
 12   22 2.27153e+00
 12   24 1.71074e+00
 12   26 1.41973e+00
 12   28 1.24062e+00
 12   30 1.09997e+00
 12   32 1.00137e+00
 12   34 9.34829e-01
 12   36 8.80175e-01
 12   38 8.20394e-01
 12   40 7.48362e-01
 12   42 6.81058e-01
 12   44 6.46184e-01
 12   46 6.10782e-01
 12   48 5.65128e-01
 12   50 5.17419e-01
 12   52 4.79884e-01
 12   54 4.31948e-01
 12   56 3.92448e-01
 12   58 3.72026e-01
 12   60 3.54810e-01
 12   62 3.20873e-01
 12   64 2.65332e-01
 12   66 2.18578e-01
 12   68 1.86031e-01
 12   70 1.55984e-01
 12   72 1.09888e-01
 12   74 6.44540e-02
 12   76 2.26616e-02
 13    1 1.67136e-01
 13    3 8.74564e-01
 13    5 1.76576e+00
 13    7 3.05406e+00
 13    9 5.78046e+00
 13   11 1.34174e+01
 13   13 1.77111e+02
 13   15 1.27950e+01
 13   17 5.51288e+00
 13   19 3.78915e+00
 13   21 2.90422e+00
 13   23 2.09606e+00
 13   25 1.58865e+00
 13   27 1.31217e+00
 13   29 1.13942e+00
 13   31 1.01266e+00
 13   33 9.19040e-01
 13   35 8.51034e-01
 13   37 8.00756e-01
 13   39 7.43989e-01
 13   41 6.75354e-01
 13   43 6.09116e-01
 13   45 5.74131e-01
 13   47 5.37977e-01
 13   49 4.88506e-01
 13   51 4.42087e-01
 13   53 4.04840e-01
 13   55 3.64405e-01
 13   57 3.29018e-01
 13   59 3.11190e-01
 13   61 2.93980e-01
 13   63 2.43287e-01
 13   65 1.91971e-01
 13   67 1.54444e-01
 13   69 1.36432e-01
 13   71 1.12145e-01
 13   73 7.75449e-02
 13   75 4.41392e-02
 14    2 4.08212e-01
 14    4 1.02883e+00
 14    6 1.89346e+00
 14    8 3.15297e+00
 14   10 5.45440e+00
 14   12 1.21935e+01
 14   14 1.63035e+02
 14   16 1.17241e+01
 14   18 4.99723e+00
 14   20 3.48426e+00
 14   22 2.69854e+00
 14   24 1.94538e+00
 14   26 1.46008e+00
 14   28 1.19479e+00
 14   30 1.03914e+00
 14   32 9.20202e-01
 14   34 8.30624e-01
 14   36 7.61111e-01
 14   38 7.09400e-01
 14   40 6.59262e-01
 14   42 5.90379e-01
 14   44 5.24209e-01
 14   46 4.99596e-01
 14   48 4.68784e-01
 14   50 4.16067e-01
 14   52 3.67683e-01
 14   54 3.38314e-01
 14   56 3.11111e-01
 14   58 2.85235e-01
 14   60 2.67596e-01
 14   62 2.38665e-01
 14   64 1.94933e-01
 14   66 1.53496e-01
 14   68 1.29981e-01
 14   70 1.18464e-01
 14   72 9.51665e-02
 14   74 6.28132e-02
 14   76 2.37430e-02
 15    1 1.07820e-01
 15    3 5.62575e-01
 15    5 1.14652e+00
 15    7 1.99106e+00
 15    9 3.22266e+00
 15   11 5.04797e+00
 15   13 1.11379e+01
 15   15 1.51407e+02
 15   17 1.07907e+01
 15   19 4.52250e+00
 15   21 3.19775e+00
 15   23 2.51333e+00
 15   25 1.80548e+00
 15   27 1.34404e+00
 15   29 1.09842e+00
 15   31 9.54105e-01
 15   33 8.43909e-01
 15   35 7.61149e-01
 15   37 6.83996e-01
 15   39 6.28725e-01
 15   41 5.84616e-01
 15   43 5.21779e-01
 15   45 4.63602e-01
 15   47 4.34319e-01
 15   49 3.96700e-01
 15   51 3.45617e-01
 15   53 3.13866e-01
 15   55 2.93968e-01
 15   57 2.73679e-01
 15   59 2.46979e-01
 15   61 2.26471e-01
 15   63 1.98489e-01
 15   65 1.64415e-01
 15   67 1.34868e-01
 15   69 1.21526e-01
 15   71 1.08421e-01
 15   73 8.20598e-02
 15   75 4.80651e-02
 16    2 2.66123e-01
 16    4 6.81503e-01
 16    6 1.24507e+00
 16    8 2.07583e+00
 16   10 3.08495e+00
 16   12 4.65968e+00
 16   14 1.03190e+01
 16   16 1.41445e+02
 16   18 9.97652e+00
 16   20 4.12158e+00
 16   22 2.94080e+00
 16   24 2.31526e+00
 16   26 1.65094e+00
 16   28 1.22510e+00
 16   30 9.96060e-01
 16   32 8.60432e-01
 16   34 7.65285e-01
 16   36 6.90250e-01
 16   38 6.13488e-01
 16   40 5.56769e-01
 16   42 5.20108e-01
 16   44 4.69913e-01
 16   46 4.20597e-01
 16   48 3.91918e-01
 16   50 3.52302e-01
 16   52 3.04198e-01
 16   54 2.88063e-01
 16   56 2.75234e-01
 16   58 2.47979e-01
 16   60 2.22294e-01
 16   62 2.00263e-01
 16   64 1.71511e-01
 16   66 1.35847e-01
 16   68 1.13823e-01
 16   70 1.06550e-01
 16   72 9.34781e-02
 16   74 6.50185e-02
 16   76 2.57951e-02
 17    1 7.13104e-02
 17    3 3.83828e-01
 17    5 7.76215e-01
 17    7 1.32287e+00
 17    9 2.13589e+00
 17   11 2.92310e+00
 17   13 4.26502e+00
 17   15 9.59030e+00
 17   17 1.32567e+02
 17   19 9.24156e+00
 17   21 3.78186e+00
 17   23 2.71863e+00
 17   25 2.14074e+00
 17   27 1.52163e+00
 17   29 1.12416e+00
 17   31 9.07505e-01
 17   33 7.90791e-01
 17   35 7.06651e-01
 17   37 6.31427e-01
 17   39 5.50330e-01
 17   41 4.95924e-01
 17   43 4.75934e-01
 17   45 4.32394e-01
 17   47 3.79100e-01
 17   49 3.48802e-01
 17   51 3.15025e-01
 17   53 2.83431e-01
 17   55 2.72745e-01
 17   57 2.52332e-01
 17   59 2.25163e-01
 17   61 1.94603e-01
 17   63 1.76672e-01
 17   65 1.44281e-01
 17   67 1.12527e-01
 17   69 9.71242e-02
 17   71 9.40470e-02
 17   73 7.84470e-02
 17   75 4.99146e-02
 18    2 1.87694e-01
 18    4 4.79614e-01
 18    6 8.53394e-01
 18    8 1.38129e+00
 18   10 2.06198e+00
 18   12 2.80920e+00
 18   14 3.94297e+00
 18   16 8.94366e+00
 18   18 1.24862e+02
 18   20 8.56469e+00
 18   22 3.45894e+00
 18   24 2.50393e+00
 18   26 1.97359e+00
 18   28 1.39810e+00
 18   30 1.02839e+00
 18   32 8.33910e-01
 18   34 7.30782e-01
 18   36 6.55921e-01
 18   38 5.87294e-01
 18   40 5.09660e-01
 18   42 4.65897e-01
 18   44 4.44790e-01
 18   46 4.00621e-01
 18   48 3.56406e-01
 18   50 3.22588e-01
 18   52 2.86014e-01
 18   54 2.62225e-01
 18   56 2.53051e-01
 18   58 2.29691e-01
 18   60 1.88104e-01
 18   62 1.65618e-01
 18   64 1.44169e-01
 18   66 1.21093e-01
 18   68 9.96679e-02
 18   70 9.30612e-02
 18   72 8.81191e-02
 18   74 6.88060e-02
 18   76 2.65460e-02
 19    1 5.40158e-02
 19    3 2.82397e-01
 19    5 5.61084e-01
 19    7 9.14457e-01
 19    9 1.42957e+00
 19   11 1.98197e+00
 19   13 2.64845e+00
 19   15 3.63133e+00
 19   17 8.34935e+00
 19   19 1.18131e+02
 19   21 7.96167e+00
 19   23 3.19439e+00
 19   25 2.33514e+00
 19   27 1.82532e+00
 19   29 1.28674e+00
 19   31 9.57466e-01
 19   33 7.80313e-01
 19   35 6.72923e-01
 19   37 6.07871e-01
 19   39 5.47793e-01
 19   41 4.81477e-01
 19   43 4.35596e-01
 19   45 4.11188e-01
 19   47 3.63975e-01
 19   49 3.25343e-01
 19   51 2.97797e-01
 19   53 2.65750e-01
 19   55 2.42997e-01
 19   57 2.29810e-01
 19   59 1.91830e-01
 19   61 1.61471e-01
 19   63 1.40605e-01
 19   65 1.27894e-01
 19   67 1.05691e-01
 19   69 8.94602e-02
 19   71 8.60050e-02
 19   73 8.06557e-02
 19   75 5.63702e-02
 20    2 1.47679e-01
 20    4 3.62906e-01
 20    6 6.23269e-01
 20    8 9.61360e-01
 20   10 1.38763e+00
 20   12 1.94209e+00
 20   14 2.50128e+00
 20   16 3.36169e+00
 20   18 7.79237e+00
 20   20 1.12269e+02
 20   22 7.39135e+00
 20   24 2.95764e+00
 20   26 2.18311e+00
 20   28 1.68975e+00
 20   30 1.19588e+00
 20   32 9.00841e-01
 20   34 7.31307e-01
 20   36 6.30530e-01
 20   38 5.75504e-01
 20   40 5.24934e-01
 20   42 4.55921e-01
 20   44 4.07335e-01
 20   46 3.76859e-01
 20   48 3.27163e-01
 20   50 3.00105e-01
 20   52 2.76063e-01
 20   54 2.44867e-01
 20   56 2.25769e-01
 20   58 2.03613e-01
 20   60 1.69810e-01
 20   62 1.42510e-01
 20   64 1.30268e-01
 20   66 1.15212e-01
 20   68 9.29248e-02
 20   70 8.20862e-02
 20   72 8.05167e-02
 20   74 7.22809e-02
 20   76 2.93988e-02
 21    1 4.46732e-02
 21    3 2.27944e-01
 21    5 4.28845e-01
 21    7 6.77258e-01
 21    9 1.01306e+00
 21   11 1.32700e+00
 21   13 1.85874e+00
 21   15 2.35109e+00
 21   17 3.12861e+00
 21   19 7.29026e+00
 21   21 1.07005e+02
 21   23 6.89638e+00
 21   25 2.75288e+00
 21   27 2.04966e+00
 21   29 1.57647e+00
 21   31 1.12042e+00
 21   33 8.42694e-01
 21   35 6.82157e-01
 21   37 5.85259e-01
 21   39 5.40883e-01
 21   41 4.93749e-01
 21   43 4.26548e-01
 21   45 3.71888e-01
 21   47 3.39603e-01
 21   49 2.99949e-01
 21   51 2.81073e-01
 21   53 2.59375e-01
 21   55 2.26313e-01
 21   57 2.03684e-01
 21   59 1.77828e-01
 21   61 1.47616e-01
 21   63 1.27754e-01
 21   65 1.16902e-01
 21   67 1.01708e-01
 21   69 8.17889e-02
 21   71 7.68238e-02
 21   73 7.59117e-02
 21   75 6.21650e-02
 22    2 1.25122e-01
 22    4 2.93115e-01
 22    6 4.81661e-01
 22    8 7.29174e-01
 22   10 9.86562e-01
 22   12 1.29096e+00
 22   14 1.78431e+00
 22   16 2.20928e+00
 22   18 2.89862e+00
 22   20 6.80792e+00
 22   22 1.02267e+02
 22   24 6.42988e+00
 22   26 2.56987e+00
 22   28 1.94071e+00
 22   30 1.47504e+00
 22   32 1.04363e+00
 22   34 7.93248e-01
 22   36 6.49339e-01
 22   38 5.53889e-01
 22   40 5.08663e-01
 22   42 4.63027e-01
 22   44 3.94014e-01
 22   46 3.45324e-01
 22   48 3.14529e-01
 22   50 2.83876e-01
 22   52 2.71042e-01
 22   54 2.46135e-01
 22   56 2.07230e-01
 22   58 1.85941e-01
 22   60 1.61123e-01
 22   62 1.27574e-01
 22   64 1.10835e-01
 22   66 1.03258e-01
 22   68 9.09451e-02
 22   70 7.70028e-02
 22   72 7.47743e-02
 22   74 7.15320e-02
 22   76 3.41806e-02
 23    1 3.92840e-02
 23    3 1.91673e-01
 23    5 3.46863e-01
 23    7 5.38201e-01
 23    9 7.80548e-01
 23   11 9.30782e-01
 23   13 1.24234e+00
 23   15 1.71129e+00
 23   17 2.08279e+00
 23   19 2.70879e+00
 23   21 6.38660e+00
 23   23 9.80862e+01
 23   25 6.00021e+00
 23   27 2.41838e+00
 23   29 1.84682e+00
 23   31 1.37614e+00
 23   33 9.67856e-01
 23   35 7.47880e-01
 23   37 6.12143e-01
 23   39 5.13646e-01
 23   41 4.69571e-01
 23   43 4.23532e-01
 23   45 3.65297e-01
 23   47 3.24838e-01
 23   49 2.98239e-01
 23   51 2.69552e-01
 23   53 2.53783e-01
 23   55 2.22705e-01
 23   57 1.83305e-01
 23   59 1.66851e-01
 23   61 1.38489e-01
 23   63 1.16025e-01
 23   65 1.05151e-01
 23   67 9.62203e-02
 23   69 8.20910e-02
 23   71 7.25521e-02
 23   73 6.97457e-02
 23   75 6.36897e-02
 24    2 1.07786e-01
 24    4 2.44916e-01
 24    6 3.99693e-01
 24    8 5.87658e-01
 24   10 7.56563e-01
 24   12 9.04939e-01
 24   14 1.19725e+00
 24   16 1.61891e+00
 24   18 1.95304e+00
 24   20 2.53557e+00
 24   22 5.98470e+00
 24   24 9.42592e+01
 24   26 5.60621e+00
 24   28 2.28532e+00
 24   30 1.75649e+00
 24   32 1.27745e+00
 24   34 9.01200e-01
 24   36 7.09111e-01
 24   38 5.86396e-01
 24   40 4.90095e-01
 24   42 4.32913e-01
 24   44 3.95886e-01
 24   46 3.48053e-01
 24   48 3.19927e-01
 24   50 2.84239e-01
 24   52 2.53797e-01
 24   54 2.32674e-01
 24   56 1.97445e-01
 24   58 1.65560e-01
 24   60 1.46648e-01
 24   62 1.24595e-01
 24   64 1.04524e-01
 24   66 9.96647e-02
 24   68 9.20543e-02
 24   70 7.60515e-02
 24   72 6.91836e-02
 24   74 6.69599e-02
 24   76 3.35843e-02
 25    1 3.30821e-02
 25    3 1.64213e-01
 25    5 2.99426e-01
 25    7 4.52647e-01
 25    9 6.26860e-01
 25   11 7.18633e-01
 25   13 8.80545e-01
 25   15 1.14962e+00
 25   17 1.53371e+00
 25   19 1.85177e+00
 25   21 2.38409e+00
 25   23 5.61116e+00
 25   25 9.09111e+01
 25   27 5.24134e+00
 25   29 2.16477e+00
 25   31 1.66766e+00
 25   33 1.19598e+00
 25   35 8.41787e-01
 25   37 6.67622e-01
 25   39 5.53402e-01
 25   41 4.50703e-01
 25   43 3.99219e-01
 25   45 3.62046e-01
 25   47 3.27058e-01
 25   49 3.02250e-01
 25   51 2.71412e-01
 25   53 2.34172e-01
 25   55 2.10195e-01
 25   57 1.78285e-01
 25   59 1.51504e-01
 25   61 1.39874e-01
 25   63 1.15588e-01
 25   65 9.75236e-02
 25   67 9.18424e-02
 25   69 8.20736e-02
 25   71 7.01288e-02
 25   73 6.54948e-02
 25   75 6.06270e-02
 26    2 8.88328e-02
 26    4 2.17121e-01
 26    6 3.48654e-01
 26    8 4.86988e-01
 26   10 6.15885e-01
 26   12 7.05425e-01
 26   14 8.44050e-01
 26   16 1.08434e+00
 26   18 1.44595e+00
 26   20 1.75798e+00
 26   22 2.24678e+00
 26   24 5.26597e+00
 26   26 8.77959e+01
 26   28 4.89778e+00
 26   30 2.04810e+00
 26   32 1.58772e+00
 26   34 1.11714e+00
 26   36 7.86216e-01
 26   38 6.39616e-01
 26   40 5.26922e-01
 26   42 4.29231e-01
 26   44 3.73875e-01
 26   46 3.42369e-01
 26   48 3.14965e-01
 26   50 2.92091e-01
 26   52 2.48282e-01
 26   54 2.13917e-01
 26   56 1.92966e-01
 26   58 1.56437e-01
 26   60 1.38808e-01
 26   62 1.26132e-01
 26   64 1.04849e-01
 26   66 9.43725e-02
 26   68 8.99263e-02
 26   70 7.79047e-02
 26   72 6.59749e-02
 26   74 6.35316e-02
 26   76 2.88232e-02
 27    1 2.66271e-02
 27    3 1.43136e-01
 27    5 2.70860e-01
 27    7 3.87963e-01
 27    9 5.25716e-01
 27   11 5.93967e-01
 27   13 6.86020e-01
 27   15 8.07229e-01
 27   17 1.02829e+00
 27   19 1.36533e+00
 27   21 1.67433e+00
 27   23 2.13322e+00
 27   25 4.94386e+00
 27   27 8.49954e+01
 27   29 4.56758e+00
 27   31 1.95665e+00
 27   33 1.52112e+00
 27   35 1.04729e+00
 27   37 7.31501e-01
 27   39 5.92088e-01
 27   41 4.91316e-01
 27   43 3.99403e-01
 27   45 3.46865e-01
 27   47 3.16233e-01
 27   49 2.96233e-01
 27   51 2.73436e-01
 27   53 2.34367e-01
 27   55 2.00430e-01
 27   57 1.73743e-01
 27   59 1.40984e-01
 27   61 1.28549e-01
 27   63 1.20813e-01
 27   65 9.72001e-02
 27   67 9.13105e-02
 27   69 8.48652e-02
 27   71 7.12008e-02
 27   73 6.18802e-02
 27   75 5.71353e-02
 28    2 7.67957e-02
 28    4 1.93550e-01
 28    6 3.08992e-01
 28    8 4.20410e-01
 28   10 5.25750e-01
 28   12 5.83755e-01
 28   14 6.54075e-01
 28   16 7.61990e-01
 28   18 9.70020e-01
 28   20 1.28857e+00
 28   22 1.60677e+00
 28   24 2.03283e+00
 28   26 4.63816e+00
 28   28 8.23952e+01
 28   30 4.26331e+00
 28   32 1.87106e+00
 28   34 1.45204e+00
 28   36 9.86919e-01
 28   38 6.80393e-01
 28   40 5.54415e-01
 28   42 4.66056e-01
 28   44 3.83111e-01
 28   46 3.34009e-01
 28   48 3.02791e-01
 28   50 2.77833e-01
 28   52 2.57024e-01
 28   54 2.10384e-01
 28   56 1.80142e-01
 28   58 1.54027e-01
 28   60 1.30081e-01
 28   62 1.22878e-01
 28   64 1.13918e-01
 28   66 9.31141e-02
 28   68 9.14246e-02
 28   70 8.12250e-02
 28   72 6.50174e-02
 28   74 6.10748e-02
 28   76 2.20182e-02
 29    1 2.50790e-02
 29    3 1.27912e-01
 29    5 2.35450e-01
 29    7 3.46138e-01
 29    9 4.59825e-01
 29   11 5.05394e-01
 29   13 5.66264e-01
 29   15 6.27106e-01
 29   17 7.22139e-01
 29   19 9.14902e-01
 29   21 1.22415e+00
 29   23 1.54854e+00
 29   25 1.94099e+00
 29   27 4.34184e+00
 29   29 8.00666e+01
 29   31 3.98852e+00
 29   33 1.79790e+00
 29   35 1.38478e+00
 29   37 9.16543e-01
 29   39 6.22940e-01
 29   41 5.12376e-01
 29   43 4.35754e-01
 29   45 3.66978e-01
 29   47 3.20693e-01
 29   49 2.79967e-01
 29   51 2.55572e-01
 29   53 2.29320e-01
 29   55 1.93039e-01
 29   57 1.65677e-01
 29   59 1.43152e-01
 29   61 1.23069e-01
 29   63 1.18390e-01
 29   65 1.04971e-01
 29   67 8.91185e-02
 29   69 8.81699e-02
 29   71 7.89721e-02
 29   73 6.02891e-02
 29   75 5.47694e-02
 30    2 7.39044e-02
 30    4 1.67496e-01
 30    6 2.70410e-01
 30    8 3.81700e-01
 30   10 4.63730e-01
 30   12 4.93776e-01
 30   14 5.42712e-01
 30   16 5.91050e-01
 30   18 6.80709e-01
 30   20 8.70027e-01
 30   22 1.16508e+00
 30   24 1.49059e+00
 30   26 1.85036e+00
 30   28 4.06729e+00
 30   30 7.79101e+01
 30   32 3.72829e+00
 30   34 1.73333e+00
 30   36 1.31617e+00
 30   38 8.59836e-01
 30   40 5.81923e-01
 30   42 4.74277e-01
 30   44 4.13074e-01
 30   46 3.57128e-01
 30   48 3.06156e-01
 30   50 2.67018e-01
 30   52 2.34298e-01
 30   54 2.06840e-01
 30   56 1.74053e-01
 30   58 1.56601e-01
 30   60 1.30367e-01
 30   62 1.14073e-01
 30   64 1.13683e-01
 30   66 1.00118e-01
 30   68 9.12695e-02
 30   70 8.78785e-02
 30   72 7.23761e-02
 30   74 5.83537e-02
 30   76 1.73822e-02
 31    1 2.47160e-02
 31    3 1.15492e-01
 31    5 2.03203e-01
 31    7 3.08791e-01
 31    9 4.17328e-01
 31   11 4.40682e-01
 31   13 4.81800e-01
 31   15 5.21481e-01
 31   17 5.58099e-01
 31   19 6.51746e-01
 31   21 8.32909e-01
 31   23 1.10466e+00
 31   25 1.43149e+00
 31   27 1.78062e+00
 31   29 3.81839e+00
 31   31 7.59095e+01
 31   33 3.48997e+00
 31   35 1.65948e+00
 31   37 1.23806e+00
 31   39 8.05640e-01
 31   41 5.42851e-01
 31   43 4.40776e-01
 31   45 3.88258e-01
 31   47 3.40155e-01
 31   49 2.90590e-01
 31   51 2.42315e-01
 31   53 2.08768e-01
 31   55 1.83355e-01
 31   57 1.62666e-01
 31   59 1.47137e-01
 31   61 1.21583e-01
 31   63 1.10094e-01
 31   65 1.08400e-01
 31   67 9.36449e-02
 31   69 9.04560e-02
 31   71 8.88157e-02
 31   73 6.63397e-02
 31   75 5.33357e-02
 32    2 6.78719e-02
 32    4 1.49823e-01
 32    6 2.39169e-01
 32    8 3.44153e-01
 32   10 4.19976e-01
 32   12 4.31788e-01
 32   14 4.61644e-01
 32   16 4.90437e-01
 32   18 5.30212e-01
 32   20 6.29536e-01
 32   22 7.91822e-01
 32   24 1.04132e+00
 32   26 1.37786e+00
 32   28 1.71465e+00
 32   30 3.58128e+00
 32   32 7.40933e+01
 32   34 3.27141e+00
 32   36 1.60335e+00
 32   38 1.17424e+00
 32   40 7.50772e-01
 32   42 5.08240e-01
 32   44 4.12966e-01
 32   46 3.62470e-01
 32   48 3.23830e-01
 32   50 2.77465e-01
 32   52 2.29945e-01
 32   54 1.93498e-01
 32   56 1.65797e-01
 32   58 1.50705e-01
 32   60 1.32181e-01
 32   62 1.13105e-01
 32   64 1.08511e-01
 32   66 1.06230e-01
 32   68 9.10746e-02
 32   70 9.09380e-02
 32   72 8.38962e-02
 32   74 6.13890e-02
 32   76 1.54433e-02
 33    1 2.08822e-02
 33    3 1.03880e-01
 33    5 1.85453e-01
 33    7 2.75228e-01
 33    9 3.72379e-01
 33   11 3.98999e-01
 33   13 4.21388e-01
 33   15 4.44510e-01
 33   17 4.68670e-01
 33   19 5.11879e-01
 33   21 6.03712e-01
 33   23 7.48724e-01
 33   25 9.89348e-01
 33   27 1.33403e+00
 33   29 1.65874e+00
 33   31 3.36330e+00
 33   33 7.23506e+01
 33   35 3.06705e+00
 33   37 1.54422e+00
 33   39 1.10318e+00
 33   41 7.08441e-01
 33   43 4.84002e-01
 33   45 3.87254e-01
 33   47 3.34695e-01
 33   49 3.00466e-01
 33   51 2.54015e-01
 33   53 2.10359e-01
 33   55 1.73812e-01
 33   57 1.53612e-01
 33   59 1.40581e-01
 33   61 1.27715e-01
 33   63 1.09871e-01
 33   65 1.05393e-01
 33   67 9.88587e-02
 33   69 9.22450e-02
 33   71 9.21538e-02
 33   73 7.98638e-02
 33   75 5.37840e-02
 34    2 5.75777e-02
 34    4 1.39237e-01
 34    6 2.19470e-01
 34    8 3.03513e-01
 34   10 3.79689e-01
 34   12 3.89700e-01
 34   14 4.02857e-01
 34   16 4.21708e-01
 34   18 4.49200e-01
 34   20 4.94076e-01
 34   22 5.81851e-01
 34   24 7.10207e-01
 34   26 9.37265e-01
 34   28 1.28643e+00
 34   30 1.60965e+00
 34   32 3.16269e+00
 34   34 7.07170e+01
 34   36 2.90339e+00
 34   38 1.48171e+00
 34   40 1.02827e+00
 34   42 6.67309e-01
 34   44 4.60996e-01
 34   46 3.66864e-01
 34   48 3.12496e-01
 34   50 2.75543e-01
 34   52 2.38623e-01
 34   54 1.94300e-01
 34   56 1.66495e-01
 34   58 1.40808e-01
 34   60 1.32386e-01
 34   62 1.17256e-01
 34   64 1.06418e-01
 34   66 1.04329e-01
 34   68 9.44971e-02
 34   70 9.12714e-02
 34   72 9.01094e-02
 34   74 7.33512e-02
 34   76 1.28032e-02
 35    1 1.74276e-02
 35    3 9.24039e-02
 35    5 1.73065e-01
 35    7 2.47143e-01
 35    9 3.30417e-01
 35   11 3.64315e-01
 35   13 3.78410e-01
 35   15 3.88798e-01
 35   17 4.06143e-01
 35   19 4.28087e-01
 35   21 4.73928e-01
 35   23 5.61063e-01
 35   25 6.75298e-01
 35   27 8.90705e-01
 35   29 1.23898e+00
 35   31 1.55090e+00
 35   33 2.97433e+00
 35   35 6.91916e+01
 35   37 2.75580e+00
 35   39 1.43311e+00
 35   41 9.65062e-01
 35   43 6.30527e-01
 35   45 4.39230e-01
 35   47 3.42519e-01
 35   49 2.80461e-01
 35   51 2.49369e-01
 35   53 2.18502e-01
 35   55 1.87614e-01
 35   57 1.52692e-01
 35   59 1.35611e-01
 35   61 1.28255e-01
 35   63 1.13320e-01
 35   65 1.05599e-01
 35   67 1.01871e-01
 35   69 9.52472e-02
 35   71 9.26060e-02
 35   73 8.82723e-02
 35   75 5.82319e-02
 36    2 5.13508e-02
 36    4 1.26883e-01
 36    6 2.01017e-01
 36    8 2.72914e-01
 36   10 3.42236e-01
 36   12 3.56910e-01
 36   14 3.59074e-01
 36   16 3.69986e-01
 36   18 3.92188e-01
 36   20 4.14372e-01
 36   22 4.63304e-01
 36   24 5.43587e-01
 36   26 6.41635e-01
 36   28 8.50513e-01
 36   30 1.18892e+00
 36   32 1.50779e+00
 36   34 2.82420e+00
 36   36 6.76787e+01
 36   38 2.63225e+00
 36   40 1.38540e+00
 36   42 8.92209e-01
 36   44 5.90175e-01
 36   46 4.24370e-01
 36   48 3.24277e-01
 36   50 2.62899e-01
 36   52 2.19588e-01
 36   54 2.01441e-01
 36   56 1.71971e-01
 36   58 1.47505e-01
 36   60 1.28659e-01
 36   62 1.20226e-01
 36   64 1.09254e-01
 36   66 1.03885e-01
 36   68 9.91533e-02
 36   70 9.27631e-02
 36   72 9.13380e-02
 36   74 8.63907e-02
 36   76 1.06539e-02
 37    1 1.65324e-02
 37    3 8.45892e-02
 37    5 1.55294e-01
 37    7 2.25068e-01
 37    9 2.98889e-01
 37   11 3.30480e-01
 37   13 3.47385e-01
 37   15 3.40880e-01
 37   17 3.54072e-01
 37   19 3.77288e-01
 37   21 3.96707e-01
 37   23 4.48051e-01
 37   25 5.22539e-01
 37   27 6.06986e-01
 37   29 8.00072e-01
 37   31 1.12888e+00
 37   33 1.46107e+00
 37   35 2.68870e+00
 37   37 6.62801e+01
 37   39 2.54811e+00
 37   41 1.34164e+00
 37   43 8.21266e-01
 37   45 5.41332e-01
 37   47 3.95375e-01
 37   49 3.10714e-01
 37   51 2.44806e-01
 37   53 2.04512e-01
 37   55 1.82288e-01
 37   57 1.65804e-01
 37   59 1.43364e-01
 37   61 1.27029e-01
 37   63 1.19645e-01
 37   65 1.07955e-01
 37   67 1.04328e-01
 37   69 9.90283e-02
 37   71 9.25486e-02
 37   73 9.03553e-02
 37   75 6.62057e-02
 38    2 4.91488e-02
 38    4 1.14182e-01
 38    6 1.82075e-01
 38    8 2.51752e-01
 38   10 3.12136e-01
 38   12 3.25534e-01
 38   14 3.27501e-01
 38   16 3.21788e-01
 38   18 3.43623e-01
 38   20 3.70099e-01
 38   22 3.86724e-01
 38   24 4.39876e-01
 38   26 5.10799e-01
 38   28 5.73778e-01
 38   30 7.60048e-01
 38   32 1.08057e+00
 38   34 1.41039e+00
 38   36 2.57579e+00
 38   38 6.49897e+01
 38   40 2.47382e+00
 38   42 1.28939e+00
 38   44 7.58390e-01
 38   46 4.96741e-01
 38   48 3.77211e-01
 38   50 2.91991e-01
 38   52 2.30305e-01
 38   54 1.84413e-01
 38   56 1.66508e-01
 38   58 1.53995e-01
 38   60 1.34684e-01
 38   62 1.23087e-01
 38   64 1.14145e-01
 38   66 1.06259e-01
 38   68 1.03783e-01
 38   70 9.59227e-02
 38   72 9.30532e-02
 38   74 9.38714e-02
 38   76 1.32341e-02
 39    1 1.60148e-02
 39    3 7.81277e-02
 39    5 1.40353e-01
 39    7 2.07085e-01
 39    9 2.74433e-01
 39   11 3.02477e-01
 39   13 3.16769e-01
 39   15 3.07522e-01
 39   17 3.02871e-01
 39   19 3.33690e-01
 39   21 3.59826e-01
 39   23 3.68981e-01
 39   25 4.25103e-01
 39   27 4.82188e-01
 39   29 5.33689e-01
 39   31 7.20964e-01
 39   33 1.02442e+00
 39   35 1.37227e+00
 39   37 2.50083e+00
 39   39 6.36668e+01
 39   41 2.41851e+00
 39   43 1.22987e+00
 39   45 6.85983e-01
 39   47 4.53669e-01
 39   49 3.51201e-01
 39   51 2.83761e-01
 39   53 2.21479e-01
 39   55 1.77436e-01
 39   57 1.57990e-01
 39   59 1.46165e-01
 39   61 1.34632e-01
 39   63 1.22784e-01
 39   65 1.13934e-01
 39   67 1.04977e-01
 39   69 1.02646e-01
 39   71 9.39296e-02
 39   73 9.14944e-02
 39   75 7.47661e-02
 40    2 4.57467e-02
 40    4 1.04924e-01
 40    6 1.68284e-01
 40    8 2.35743e-01
 40   10 2.88961e-01
 40   12 2.92301e-01
 40   14 2.99588e-01
 40   16 2.87464e-01
 40   18 2.93530e-01
 40   20 3.32292e-01
 40   22 3.49585e-01
 40   24 3.61880e-01
 40   26 4.14211e-01
 40   28 4.60219e-01
 40   30 5.06333e-01
 40   32 6.80064e-01
 40   34 9.63446e-01
 40   36 1.33446e+00
 40   38 2.43507e+00
 40   40 6.24612e+01
 40   42 2.38458e+00
 40   44 1.17551e+00
 40   46 6.28674e-01
 40   48 4.01601e-01
 40   50 3.20254e-01
 40   52 2.74893e-01
 40   54 2.16965e-01
 40   56 1.66769e-01
 40   58 1.43381e-01
 40   60 1.37820e-01
 40   62 1.26978e-01
 40   64 1.19428e-01
 40   66 1.11385e-01
 40   68 1.05022e-01
 40   70 9.95237e-02
 40   72 9.81384e-02
 40   74 9.56265e-02
 40   76 2.05122e-02
 41    1 1.44260e-02
 41    3 7.20910e-02
 41    5 1.30903e-01
 41    7 1.94547e-01
 41    9 2.59643e-01
 41   11 2.75867e-01
 41   13 2.83880e-01
 41   15 2.82300e-01
 41   17 2.69448e-01
 41   19 2.89553e-01
 41   21 3.24281e-01
 41   23 3.33017e-01
 41   25 3.41799e-01
 41   27 3.95018e-01
 41   29 4.33367e-01
 41   31 4.79600e-01
 41   33 6.49469e-01
 41   35 9.12308e-01
 41   37 1.29996e+00
 41   39 2.38767e+00
 41   41 6.14719e+01
 41   43 2.33876e+00
 41   45 1.11269e+00
 41   47 5.74356e-01
 41   49 3.69208e-01
 41   51 2.96867e-01
 41   53 2.67272e-01
 41   55 2.14045e-01
 41   57 1.61456e-01
 41   59 1.42178e-01
 41   61 1.33060e-01
 41   63 1.24564e-01
 41   65 1.16952e-01
 41   67 1.07235e-01
 41   69 1.05433e-01
 41   71 9.73011e-02
 41   73 9.70973e-02
 41   75 7.91728e-02
 42    2 4.18727e-02
 42    4 9.82384e-02
 42    6 1.58416e-01
 42    8 2.22532e-01
 42   10 2.70097e-01
 42   12 2.63401e-01
 42   14 2.65650e-01
 42   16 2.65898e-01
 42   18 2.65690e-01
 42   20 2.85771e-01
 42   22 3.15096e-01
 42   24 3.16518e-01
 42   26 3.34102e-01
 42   28 3.83072e-01
 42   30 4.08616e-01
 42   32 4.55852e-01
 42   34 6.19100e-01
 42   36 8.50961e-01
 42   38 1.25673e+00
 42   40 2.36116e+00
 42   42 6.03659e+01
 42   44 2.30126e+00
 42   46 1.03751e+00
 42   48 5.24246e-01
 42   50 3.35688e-01
 42   52 2.70177e-01
 42   54 2.51903e-01
 42   56 2.07695e-01
 42   58 1.59966e-01
 42   60 1.35269e-01
 42   62 1.25338e-01
 42   64 1.22206e-01
 42   66 1.14420e-01
 42   68 1.06060e-01
 42   70 1.05333e-01
 42   72 1.03262e-01
 42   74 9.53846e-02
 42   76 2.69416e-02
 43    1 1.34151e-02
 43    3 6.75900e-02
 43    5 1.24062e-01
 43    7 1.83793e-01
 43    9 2.43498e-01
 43   11 2.60471e-01
 43   13 2.54282e-01
 43   15 2.50231e-01
 43   17 2.56815e-01
 43   19 2.60166e-01
 43   21 2.78224e-01
 43   23 2.98308e-01
 43   25 3.00680e-01
 43   27 3.18919e-01
 43   29 3.66035e-01
 43   31 3.86749e-01
 43   33 4.40672e-01
 43   35 5.91975e-01
 43   37 7.90295e-01
 43   39 1.20587e+00
 43   41 2.32273e+00
 43   43 5.96350e+01
 43   45 2.24230e+00
 43   47 9.74806e-01
 43   49 4.99387e-01
 43   51 3.17843e-01
 43   53 2.51549e-01
 43   55 2.34767e-01
 43   57 2.02137e-01
 43   59 1.59426e-01
 43   61 1.31264e-01
 43   63 1.21450e-01
 43   65 1.16460e-01
 43   67 1.12321e-01
 43   69 1.08493e-01
 43   71 1.02900e-01
 43   73 1.06985e-01
 43   75 7.57999e-02
 44    2 3.95847e-02
 44    4 9.41488e-02
 44    6 1.48885e-01
 44    8 2.04222e-01
 44   10 2.54489e-01
 44   12 2.48955e-01
 44   14 2.34972e-01
 44   16 2.39316e-01
 44   18 2.52681e-01
 44   20 2.54338e-01
 44   22 2.67104e-01
 44   24 2.88336e-01
 44   26 2.89899e-01
 44   28 3.13688e-01
 44   30 3.54521e-01
 44   32 3.68978e-01
 44   34 4.26051e-01
 44   36 5.60732e-01
 44   38 7.36346e-01
 44   40 1.15950e+00
 44   42 2.29243e+00
 44   44 5.89104e+01
 44   46 2.16874e+00
 44   48 8.95841e-01
 44   50 4.66033e-01
 44   52 2.95556e-01
 44   54 2.30513e-01
 44   56 2.18590e-01
 44   58 1.94602e-01
 44   60 1.54696e-01
 44   62 1.32227e-01
 44   64 1.22100e-01
 44   66 1.15105e-01
 44   68 1.12661e-01
 44   70 1.09714e-01
 44   72 1.07532e-01
 44   74 9.63254e-02
 44   76 3.01376e-02
 45    1 1.30374e-02
 45    3 6.58114e-02
 45    5 1.17996e-01
 45    7 1.68524e-01
 45    9 2.23977e-01
 45   11 2.47240e-01
 45   13 2.39497e-01
 45   15 2.22163e-01
 45   17 2.33145e-01
 45   19 2.45403e-01
 45   21 2.42389e-01
 45   23 2.57098e-01
 45   25 2.72477e-01
 45   27 2.76759e-01
 45   29 3.08031e-01
 45   31 3.40412e-01
 45   33 3.52319e-01
 45   35 4.12064e-01
 45   37 5.20525e-01
 45   39 6.72086e-01
 45   41 1.10423e+00
 45   43 2.24061e+00
 45   45 5.81564e+01
 45   47 2.08398e+00
 45   49 8.20010e-01
 45   51 4.60711e-01
 45   53 2.93767e-01
 45   55 2.15040e-01
 45   57 2.01500e-01
 45   59 1.80490e-01
 45   61 1.49207e-01
 45   63 1.28664e-01
 45   65 1.20261e-01
 45   67 1.18518e-01
 45   69 1.12907e-01
 45   71 1.09597e-01
 45   73 1.15415e-01
 45   75 6.79976e-02
 46    2 3.88407e-02
 46    4 9.04863e-02
 46    6 1.38849e-01
 46    8 1.88282e-01
 46   10 2.36793e-01
 46   12 2.35882e-01
 46   14 2.24478e-01
 46   16 2.14716e-01
 46   18 2.28137e-01
 46   20 2.35875e-01
 46   22 2.34660e-01
 46   24 2.54108e-01
 46   26 2.66108e-01
 46   28 2.74142e-01
 46   30 3.07244e-01
 46   32 3.24640e-01
 46   34 3.39871e-01
 46   36 4.04169e-01
 46   38 4.83463e-01
 46   40 6.21605e-01
 46   42 1.03602e+00
 46   44 2.17396e+00
 46   46 5.76494e+01
 46   48 1.95516e+00
 46   50 7.26297e-01
 46   52 4.39412e-01
 46   54 2.87808e-01
 46   56 2.05941e-01
 46   58 1.84370e-01
 46   60 1.72677e-01
 46   62 1.52752e-01
 46   64 1.31679e-01
 46   66 1.22638e-01
 46   68 1.19528e-01
 46   70 1.14213e-01
 46   72 1.13565e-01
 46   74 9.96108e-02
 46   76 2.97677e-02
 47    1 1.27644e-02
 47    3 6.27472e-02
 47    5 1.10523e-01
 47    7 1.57374e-01
 47    9 2.07438e-01
 47   11 2.30180e-01
 47   13 2.25686e-01
 47   15 2.09309e-01
 47   17 2.05566e-01
 47   19 2.18455e-01
 47   21 2.22599e-01
 47   23 2.29917e-01
 47   25 2.47539e-01
 47   27 2.53747e-01
 47   29 2.70704e-01
 47   31 2.99925e-01
 47   33 3.06226e-01
 47   35 3.23153e-01
 47   37 3.82330e-01
 47   39 4.46995e-01
 47   41 5.73217e-01
 47   43 9.79586e-01
 47   45 2.09578e+00
 47   47 5.72407e+01
 47   49 1.82855e+00
 47   51 6.54076e-01
 47   53 4.28920e-01
 47   55 2.92531e-01
 47   57 1.98954e-01
 47   59 1.67358e-01
 47   61 1.60170e-01
 47   63 1.47476e-01
 47   65 1.35159e-01
 47   67 1.25726e-01
 47   69 1.18414e-01
 47   71 1.17227e-01
 47   73 1.20810e-01
 47   75 5.95574e-02
 48    2 3.68201e-02
 48    4 8.40213e-02
 48    6 1.31994e-01
 48    8 1.79753e-01
 48   10 2.21995e-01
 48   12 2.20220e-01
 48   14 2.12535e-01
 48   16 2.01881e-01
 48   18 2.04790e-01
 48   20 2.06619e-01
 48   22 2.15663e-01
 48   24 2.35682e-01
 48   26 2.47018e-01
 48   28 2.50763e-01
 48   30 2.65769e-01
 48   32 2.92651e-01
 48   34 2.92117e-01
 48   36 3.11628e-01
 48   38 3.70442e-01
 48   40 4.00669e-01
 48   42 5.28218e-01
 48   44 9.06103e-01
 48   46 1.97281e+00
 48   48 5.69059e+01
 48   50 1.65918e+00
 48   52 5.63221e-01
 48   54 4.10142e-01
 48   56 2.93337e-01
 48   58 1.96816e-01
 48   60 1.66785e-01
 48   62 1.60058e-01
 48   64 1.48755e-01
 48   66 1.35354e-01
 48   68 1.28068e-01
 48   70 1.23431e-01
 48   72 1.21222e-01
 48   74 1.01885e-01
 48   76 2.59355e-02
 49    1 1.15426e-02
 49    3 5.73350e-02
 49    5 1.03764e-01
 49    7 1.52023e-01
 49    9 1.99081e-01
 49   11 2.15976e-01
 49   13 2.07499e-01
 49   15 1.93573e-01
 49   17 1.91506e-01
 49   19 1.97714e-01
 49   21 1.99070e-01
 49   23 2.13733e-01
 49   25 2.31627e-01
 49   27 2.40675e-01
 49   29 2.39286e-01
 49   31 2.59431e-01
 49   33 2.78351e-01
 49   35 2.67918e-01
 49   37 3.04226e-01
 49   39 3.50368e-01
 49   41 3.73091e-01
 49   43 5.08121e-01
 49   45 8.34979e-01
 49   47 1.85145e+00
 49   49 5.66130e+01
 49   51 1.49260e+00
 49   53 4.91411e-01
 49   55 3.91291e-01
 49   57 2.90267e-01
 49   59 1.95845e-01
 49   61 1.59543e-01
 49   63 1.56781e-01
 49   65 1.46583e-01
 49   67 1.35750e-01
 49   69 1.29102e-01
 49   71 1.28323e-01
 49   73 1.22692e-01
 49   75 5.20621e-02
 50    2 3.28127e-02
 50    4 7.85784e-02
 50    6 1.25499e-01
 50    8 1.73566e-01
 50   10 2.13918e-01
 50   12 2.04890e-01
 50   14 1.91685e-01
 50   16 1.84409e-01
 50   18 1.88356e-01
 50   20 1.92595e-01
 50   22 1.97793e-01
 50   24 2.12778e-01
 50   26 2.32783e-01
 50   28 2.33814e-01
 50   30 2.35542e-01
 50   32 2.54805e-01
 50   34 2.61738e-01
 50   36 2.56730e-01
 50   38 2.91389e-01
 50   40 3.24678e-01
 50   42 3.43701e-01
 50   44 4.78994e-01
 50   46 7.44704e-01
 50   48 1.68601e+00
 50   50 5.65151e+01
 50   52 1.31615e+00
 50   54 4.23839e-01
 50   56 3.61534e-01
 50   58 2.88701e-01
 50   60 2.06017e-01
 50   62 1.66804e-01
 50   64 1.55996e-01
 50   66 1.47212e-01
 50   68 1.41471e-01
 50   70 1.35405e-01
 50   72 1.30073e-01
 50   74 1.00931e-01
 50   76 2.09272e-02
 51    1 1.03639e-02
 51    3 5.34568e-02
 51    5 9.93336e-02
 51    7 1.45715e-01
 51    9 1.92654e-01
 51   11 2.09775e-01
 51   13 1.91537e-01
 51   15 1.72019e-01
 51   17 1.76420e-01
 51   19 1.84593e-01
 51   21 1.90273e-01
 51   23 1.97038e-01
 51   25 2.12154e-01
 51   27 2.26596e-01
 51   29 2.22804e-01
 51   31 2.20658e-01
 51   33 2.40025e-01
 51   35 2.42980e-01
 51   37 2.44487e-01
 51   39 2.88748e-01
 51   41 3.05988e-01
 51   43 3.29868e-01
 51   45 4.78502e-01
 51   47 6.75511e-01
 51   49 1.52245e+00
 51   51 5.62298e+01
 51   53 1.15547e+00
 51   55 3.63752e-01
 51   57 3.26763e-01
 51   59 2.76705e-01
 51   61 2.07229e-01
 51   63 1.67119e-01
 51   65 1.51687e-01
 51   67 1.49427e-01
 51   69 1.46661e-01
 51   71 1.41674e-01
 51   73 1.26220e-01
 51   75 4.85008e-02
 52    2 3.11677e-02
 52    4 7.39404e-02
 52    6 1.19302e-01
 52    8 1.64678e-01
 52   10 2.04580e-01
 52   12 1.94592e-01
 52   14 1.73464e-01
 52   16 1.63055e-01
 52   18 1.71013e-01
 52   20 1.81423e-01
 52   22 1.93389e-01
 52   24 1.94555e-01
 52   26 2.02624e-01
 52   28 2.21500e-01
 52   30 2.11646e-01
 52   32 2.16240e-01
 52   34 2.32115e-01
 52   36 2.19588e-01
 52   38 2.35353e-01
 52   40 2.85387e-01
 52   42 2.83274e-01
 52   44 3.11075e-01
 52   46 4.61374e-01
 52   48 5.86081e-01
 52   50 1.34777e+00
 52   52 5.61555e+01
 52   54 1.00848e+00
 52   56 3.20690e-01
 52   58 3.01315e-01
 52   60 2.68080e-01
 52   62 2.12405e-01
 52   64 1.75948e-01
 52   66 1.61371e-01
 52   68 1.56850e-01
 52   70 1.51378e-01
 52   72 1.40153e-01
 52   74 9.95849e-02
 52   76 1.69415e-02
 53    1 1.04492e-02
 53    3 5.23637e-02
 53    5 9.46930e-02
 53    7 1.38051e-01
 53    9 1.83004e-01
 53   11 1.99633e-01
 53   13 1.80363e-01
 53   15 1.60637e-01
 53   17 1.63218e-01
 53   19 1.69390e-01
 53   21 1.80552e-01
 53   23 1.90761e-01
 53   25 1.88224e-01
 53   27 1.99716e-01
 53   29 2.05575e-01
 53   31 1.95490e-01
 53   33 2.04399e-01
 53   35 2.18929e-01
 53   37 2.10026e-01
 53   39 2.31750e-01
 53   41 2.83279e-01
 53   43 2.68454e-01
 53   45 3.13746e-01
 53   47 4.55511e-01
 53   49 5.15422e-01
 53   51 1.18816e+00
 53   53 5.58924e+01
 53   55 8.79727e-01
 53   57 2.91479e-01
 53   59 2.72001e-01
 53   61 2.54267e-01
 53   63 2.03934e-01
 53   65 1.76288e-01
 53   67 1.70389e-01
 53   69 1.68754e-01
 53   71 1.59914e-01
 53   73 1.31979e-01
 53   75 4.79961e-02
 54    2 3.11627e-02
 54    4 7.23421e-02
 54    6 1.12713e-01
 54    8 1.54941e-01
 54   10 1.92333e-01
 54   12 1.80907e-01
 54   14 1.64851e-01
 54   16 1.59478e-01
 54   18 1.61939e-01
 54   20 1.66207e-01
 54   22 1.81386e-01
 54   24 1.84221e-01
 54   26 1.80313e-01
 54   28 1.87261e-01
 54   30 1.92979e-01
 54   32 1.87942e-01
 54   34 1.95209e-01
 54   36 2.08058e-01
 54   38 1.94644e-01
 54   40 2.32646e-01
 54   42 2.72789e-01
 54   44 2.50586e-01
 54   46 3.12119e-01
 54   48 4.40807e-01
 54   50 4.48279e-01
 54   52 1.04160e+00
 54   54 5.56459e+01
 54   56 7.96938e-01
 54   58 2.79307e-01
 54   60 2.50636e-01
 54   62 2.48560e-01
 54   64 2.14104e-01
 54   66 1.89938e-01
 54   68 1.82694e-01
 54   70 1.70340e-01
 54   72 1.53847e-01
 54   74 9.77543e-02
 54   76 1.42715e-02
 55    1 1.04096e-02
 55    3 5.17102e-02
 55    5 9.19384e-02
 55    7 1.31767e-01
 55    9 1.72059e-01
 55   11 1.87841e-01
 55   13 1.68471e-01
 55   15 1.56127e-01
 55   17 1.62987e-01
 55   19 1.60728e-01
 55   21 1.63479e-01
 55   23 1.73714e-01
 55   25 1.75323e-01
 55   27 1.77237e-01
 55   29 1.79576e-01
 55   31 1.78168e-01
 55   33 1.75255e-01
 55   35 1.95069e-01
 55   37 1.94262e-01
 55   39 1.92666e-01
 55   41 2.35419e-01
 55   43 2.59993e-01
 55   45 2.38325e-01
 55   47 3.22382e-01
 55   49 4.25887e-01
 55   51 3.88151e-01
 55   53 9.12902e-01
 55   55 5.50772e+01
 55   57 7.41803e-01
 55   59 2.90146e-01
 55   61 2.37782e-01
 55   63 2.31351e-01
 55   65 2.15526e-01
 55   67 2.03837e-01
 55   69 1.95653e-01
 55   71 1.74138e-01
 55   73 1.35326e-01
 55   75 4.81086e-02
 56    2 3.03343e-02
 56    4 6.99965e-02
 56    6 1.09078e-01
 56    8 1.48592e-01
 56   10 1.84057e-01
 56   12 1.71423e-01
 56   14 1.58107e-01
 56   16 1.58920e-01
 56   18 1.62986e-01
 56   20 1.59826e-01
 56   22 1.59274e-01
 56   24 1.63042e-01
 56   26 1.69639e-01
 56   28 1.67229e-01
 56   30 1.69365e-01
 56   32 1.67953e-01
 56   34 1.74458e-01
 56   36 1.85248e-01
 56   38 1.83294e-01
 56   40 1.86502e-01
 56   42 2.34575e-01
 56   44 2.47831e-01
 56   46 2.32929e-01
 56   48 3.28809e-01
 56   50 3.98805e-01
 56   52 3.45449e-01
 56   54 8.31168e-01
 56   56 5.44598e+01
 56   58 7.07744e-01
 56   60 3.12123e-01
 56   62 2.45469e-01
 56   64 2.35654e-01
 56   66 2.30093e-01
 56   68 2.15433e-01
 56   70 1.95119e-01
 56   72 1.68248e-01
 56   74 9.47048e-02
 56   76 1.19134e-02
 57    1 9.88025e-03
 57    3 4.87599e-02
 57    5 8.77165e-02
 57    7 1.28177e-01
 57    9 1.68678e-01
 57   11 1.83564e-01
 57   13 1.59507e-01
 57   15 1.52420e-01
 57   17 1.58122e-01
 57   19 1.59397e-01
 57   21 1.54288e-01
 57   23 1.49934e-01
 57   25 1.55938e-01
 57   27 1.61110e-01
 57   29 1.61617e-01
 57   31 1.65750e-01
 57   33 1.62420e-01
 57   35 1.66479e-01
 57   37 1.85287e-01
 57   39 1.79893e-01
 57   41 1.86215e-01
 57   43 2.34742e-01
 57   45 2.34178e-01
 57   47 2.29919e-01
 57   49 3.31295e-01
 57   51 3.65637e-01
 57   53 3.17180e-01
 57   55 7.77876e-01
 57   57 5.36641e+01
 57   59 7.13865e-01
 57   61 3.38815e-01
 57   63 2.55476e-01
 57   65 2.44468e-01
 57   67 2.39735e-01
 57   69 2.19893e-01
 57   71 1.85467e-01
 57   73 1.40234e-01
 57   75 4.98402e-02
 58    2 2.77097e-02
 58    4 6.54809e-02
 58    6 1.05638e-01
 58    8 1.46837e-01
 58   10 1.84025e-01
 58   12 1.71412e-01
 58   14 1.52903e-01
 58   16 1.51033e-01
 58   18 1.56050e-01
 58   20 1.52043e-01
 58   22 1.50746e-01
 58   24 1.44207e-01
 58   26 1.45065e-01
 58   28 1.50825e-01
 58   30 1.60736e-01
 58   32 1.61034e-01
 58   34 1.55631e-01
 58   36 1.67604e-01
 58   38 1.78813e-01
 58   40 1.69138e-01
 58   42 1.90574e-01
 58   44 2.32730e-01
 58   46 2.19963e-01
 58   48 2.32710e-01
 58   50 3.35921e-01
 58   52 3.42372e-01
 58   54 3.07273e-01
 58   56 7.46543e-01
 58   58 5.27482e+01
 58   60 7.26165e-01
 58   62 3.73655e-01
 58   64 2.81968e-01
 58   66 2.65513e-01
 58   68 2.49200e-01
 58   70 2.24815e-01
 58   72 1.81744e-01
 58   74 9.30256e-02
 58   76 1.09523e-02
 59    1 8.78831e-03
 59    3 4.53822e-02
 59    5 8.41565e-02
 59    7 1.24566e-01
 59    9 1.68542e-01
 59   11 1.87409e-01
 59   13 1.60161e-01
 59   15 1.46026e-01
 59   17 1.49791e-01
 59   19 1.41253e-01
 59   21 1.43002e-01
 59   23 1.44885e-01
 59   25 1.40680e-01
 59   27 1.38789e-01
 59   29 1.48250e-01
 59   31 1.59166e-01
 59   33 1.57801e-01
 59   35 1.56967e-01
 59   37 1.70083e-01
 59   39 1.76684e-01
 59   41 1.74085e-01
 59   43 1.96551e-01
 59   45 2.22688e-01
 59   47 2.05323e-01
 59   49 2.37301e-01
 59   51 3.28703e-01
 59   53 3.14224e-01
 59   55 3.23005e-01
 59   57 7.57856e-01
 59   59 5.18892e+01
 59   61 7.45846e-01
 59   63 4.10172e-01
 59   65 3.08676e-01
 59   67 2.80413e-01
 59   69 2.51263e-01
 59   71 2.10458e-01
 59   73 1.51311e-01
 59   75 5.38877e-02
 60    2 2.62721e-02
 60    4 6.30038e-02
 60    6 1.02872e-01
 60    8 1.46062e-01
 60   10 1.84920e-01
 60   12 1.74784e-01
 60   14 1.53367e-01
 60   16 1.44752e-01
 60   18 1.36634e-01
 60   20 1.35570e-01
 60   22 1.39659e-01
 60   24 1.36567e-01
 60   26 1.37619e-01
 60   28 1.36185e-01
 60   30 1.43063e-01
 60   32 1.51007e-01
 60   34 1.56441e-01
 60   36 1.56299e-01
 60   38 1.67205e-01
 60   40 1.73820e-01
 60   42 1.72294e-01
 60   44 1.97798e-01
 60   46 2.20258e-01
 60   48 2.10840e-01
 60   50 2.56290e-01
 60   52 3.25673e-01
 60   54 2.94798e-01
 60   56 3.52000e-01
 60   58 7.76380e-01
 60   60 5.13093e+01
 60   62 7.60731e-01
 60   64 4.50767e-01
 60   66 3.42216e-01
 60   68 3.00675e-01
 60   70 2.60066e-01
 60   72 1.99512e-01
 60   74 9.35820e-02
 60   76 1.27509e-02
 61    1 8.92155e-03
 61    3 4.47442e-02
 61    5 8.27359e-02
 61    7 1.23713e-01
 61    9 1.65333e-01
 61   11 1.85995e-01
 61   13 1.63038e-01
 61   15 1.44285e-01
 61   17 1.39502e-01
 61   19 1.28120e-01
 61   21 1.27914e-01
 61   23 1.29584e-01
 61   25 1.39954e-01
 61   27 1.36361e-01
 61   29 1.37336e-01
 61   31 1.41723e-01
 61   33 1.54477e-01
 61   35 1.59967e-01
 61   37 1.62392e-01
 61   39 1.75365e-01
 61   41 1.75556e-01
 61   43 1.74382e-01
 61   45 1.98369e-01
 61   47 2.11744e-01
 61   49 2.08307e-01
 61   51 2.65263e-01
 61   53 3.16518e-01
 61   55 2.85240e-01
 61   57 3.87590e-01
 61   59 8.03691e-01
 61   61 5.13007e+01
 61   63 7.67225e-01
 61   65 4.82349e-01
 61   67 3.71582e-01
 61   69 3.12600e-01
 61   71 2.49603e-01
 61   73 1.66263e-01
 61   75 5.74187e-02
 62    2 2.77279e-02
 62    4 6.52634e-02
 62    6 1.03804e-01
 62    8 1.43643e-01
 62   10 1.82328e-01
 62   12 1.71822e-01
 62   14 1.48690e-01
 62   16 1.41755e-01
 62   18 1.30769e-01
 62   20 1.23677e-01
 62   22 1.20202e-01
 62   24 1.26128e-01
 62   26 1.35934e-01
 62   28 1.39840e-01
 62   30 1.36075e-01
 62   32 1.40459e-01
 62   34 1.50620e-01
 62   36 1.58765e-01
 62   38 1.66106e-01
 62   40 1.74083e-01
 62   42 1.73539e-01
 62   44 1.83782e-01
 62   46 2.11799e-01
 62   48 2.19944e-01
 62   50 2.25567e-01
 62   52 2.80492e-01
 62   54 3.17799e-01
 62   56 3.00922e-01
 62   58 4.34260e-01
 62   60 8.26934e-01
 62   62 5.11389e+01
 62   64 7.74424e-01
 62   66 5.14511e-01
 62   68 3.96569e-01
 62   70 3.09208e-01
 62   72 2.18874e-01
 62   74 9.58390e-02
 62   76 1.52179e-02
 63    1 9.75938e-03
 63    3 4.85027e-02
 63    5 8.67304e-02
 63    7 1.24864e-01
 63    9 1.63704e-01
 63   11 1.81511e-01
 63   13 1.48121e-01
 63   15 1.38826e-01
 63   17 1.39035e-01
 63   19 1.22475e-01
 63   21 1.21530e-01
 63   23 1.19182e-01
 63   25 1.26966e-01
 63   27 1.40690e-01
 63   29 1.45037e-01
 63   31 1.40882e-01
 63   33 1.45892e-01
 63   35 1.55162e-01
 63   37 1.67912e-01
 63   39 1.75574e-01
 63   41 1.80422e-01
 63   43 1.77124e-01
 63   45 1.87787e-01
 63   47 2.14031e-01
 63   49 2.24722e-01
 63   51 2.34843e-01
 63   53 2.78691e-01
 63   55 3.04669e-01
 63   57 3.20838e-01
 63   59 4.85212e-01
 63   61 8.42264e-01
 63   63 5.05322e+01
 63   65 7.75081e-01
 63   67 5.37683e-01
 63   69 4.00653e-01
 63   71 2.93351e-01
 63   73 1.74622e-01
 63   75 6.00693e-02
 64    2 3.05719e-02
 64    4 7.04525e-02
 64    6 1.08146e-01
 64    8 1.44396e-01
 64   10 1.79007e-01
 64   12 1.57741e-01
 64   14 1.34831e-01
 64   16 1.34784e-01
 64   18 1.26381e-01
 64   20 1.25513e-01
 64   22 1.15941e-01
 64   24 1.17473e-01
 64   26 1.25451e-01
 64   28 1.43932e-01
 64   30 1.50558e-01
 64   32 1.49607e-01
 64   34 1.51765e-01
 64   36 1.60178e-01
 64   38 1.71017e-01
 64   40 1.81778e-01
 64   42 1.87852e-01
 64   44 1.88412e-01
 64   46 2.02705e-01
 64   48 2.26943e-01
 64   50 2.34203e-01
 64   52 2.57959e-01
 64   54 3.03918e-01
 64   56 3.20732e-01
 64   58 3.63822e-01
 64   60 5.44003e-01
 64   62 8.59784e-01
 64   64 4.98969e+01
 64   66 7.71239e-01
 64   68 5.28950e-01
 64   70 3.67111e-01
 64   72 2.41066e-01
 64   74 1.00985e-01
 64   76 1.80696e-02
 65    1 1.06059e-02
 65    3 5.24053e-02
 65    5 9.20075e-02
 65    7 1.28639e-01
 65    9 1.65518e-01
 65   11 1.76032e-01
 65   13 1.31455e-01
 65   15 1.29336e-01
 65   17 1.27705e-01
 65   19 1.25297e-01
 65   21 1.25076e-01
 65   23 1.21484e-01
 65   25 1.20483e-01
 65   27 1.27309e-01
 65   29 1.44636e-01
 65   31 1.56014e-01
 65   33 1.57400e-01
 65   35 1.62625e-01
 65   37 1.70401e-01
 65   39 1.83239e-01
 65   41 1.90523e-01
 65   43 1.91030e-01
 65   45 1.97413e-01
 65   47 2.20620e-01
 65   49 2.36309e-01
 65   51 2.39742e-01
 65   53 2.70957e-01
 65   55 3.19227e-01
 65   57 3.45303e-01
 65   59 4.10687e-01
 65   61 5.95566e-01
 65   63 8.71748e-01
 65   65 4.99282e+01
 65   67 7.43021e-01
 65   69 4.94981e-01
 65   71 3.32649e-01
 65   73 1.81702e-01
 65   75 6.69268e-02
 66    2 3.12844e-02
 66    4 7.23759e-02
 66    6 1.10455e-01
 66    8 1.47247e-01
 66   10 1.78243e-01
 66   12 1.48386e-01
 66   14 1.21235e-01
 66   16 1.21906e-01
 66   18 1.21215e-01
 66   20 1.26759e-01
 66   22 1.23343e-01
 66   24 1.27906e-01
 66   26 1.28940e-01
 66   28 1.34342e-01
 66   30 1.51409e-01
 66   32 1.67245e-01
 66   34 1.69899e-01
 66   36 1.73919e-01
 66   38 1.81793e-01
 66   40 1.93594e-01
 66   42 2.00842e-01
 66   44 2.02823e-01
 66   46 2.15577e-01
 66   48 2.35801e-01
 66   50 2.52379e-01
 66   52 2.70159e-01
 66   54 3.07874e-01
 66   56 3.57603e-01
 66   58 3.91205e-01
 66   60 4.71607e-01
 66   62 6.52281e-01
 66   64 8.80681e-01
 66   66 5.08246e+01
 66   68 6.76256e-01
 66   70 4.34177e-01
 66   72 2.75278e-01
 66   74 1.14036e-01
 66   76 2.37156e-02
 67    1 1.01652e-02
 67    3 5.11969e-02
 67    5 9.10769e-02
 67    7 1.29095e-01
 67    9 1.67161e-01
 67   11 1.76672e-01
 67   13 1.22960e-01
 67   15 1.23350e-01
 67   17 1.15799e-01
 67   19 1.20388e-01
 67   21 1.26521e-01
 67   23 1.29248e-01
 67   25 1.31921e-01
 67   27 1.39049e-01
 67   29 1.42766e-01
 67   31 1.56701e-01
 67   33 1.71656e-01
 67   35 1.82400e-01
 67   37 1.91462e-01
 67   39 1.96296e-01
 67   41 2.03108e-01
 67   43 2.14210e-01
 67   45 2.26199e-01
 67   47 2.38604e-01
 67   49 2.54442e-01
 67   51 2.74585e-01
 67   53 3.04488e-01
 67   55 3.51023e-01
 67   57 3.93698e-01
 67   59 4.33771e-01
 67   61 5.33428e-01
 67   63 7.03109e-01
 67   65 8.63881e-01
 67   67 5.16944e+01
 67   69 6.03707e-01
 67   71 3.94030e-01
 67   73 2.02843e-01
 67   75 7.59278e-02
 68    2 2.88047e-02
 68    4 6.66713e-02
 68    6 1.05642e-01
 68    8 1.45260e-01
 68   10 1.79579e-01
 68   12 1.50069e-01
 68   14 1.21992e-01
 68   16 1.21374e-01
 68   18 1.18554e-01
 68   20 1.21488e-01
 68   22 1.29089e-01
 68   24 1.40383e-01
 68   26 1.45999e-01
 68   28 1.56740e-01
 68   30 1.64015e-01
 68   32 1.70383e-01
 68   34 1.82863e-01
 68   36 1.97253e-01
 68   38 2.10989e-01
 68   40 2.16904e-01
 68   42 2.21220e-01
 68   44 2.35894e-01
 68   46 2.49671e-01
 68   48 2.65116e-01
 68   50 2.88202e-01
 68   52 3.12033e-01
 68   54 3.51888e-01
 68   56 3.97860e-01
 68   58 4.36301e-01
 68   60 4.92375e-01
 68   62 5.97419e-01
 68   64 7.17736e-01
 68   66 8.03584e-01
 68   68 5.14025e+01
 68   70 5.46227e-01
 68   72 3.36023e-01
 68   74 1.40055e-01
 68   76 3.06377e-02
 69    1 9.03059e-03
 69    3 4.42602e-02
 69    5 8.00687e-02
 69    7 1.20985e-01
 69    9 1.61866e-01
 69   11 1.77398e-01
 69   13 1.32602e-01
 69   15 1.35688e-01
 69   17 1.22017e-01
 69   19 1.24399e-01
 69   21 1.24206e-01
 69   23 1.34615e-01
 69   25 1.43918e-01
 69   27 1.57768e-01
 69   29 1.72433e-01
 69   31 1.84786e-01
 69   33 1.95538e-01
 69   35 2.08196e-01
 69   37 2.21863e-01
 69   39 2.34315e-01
 69   41 2.43787e-01
 69   43 2.52593e-01
 69   45 2.63068e-01
 69   47 2.74346e-01
 69   49 2.95409e-01
 69   51 3.29007e-01
 69   53 3.68150e-01
 69   55 4.11323e-01
 69   57 4.40845e-01
 69   59 4.74496e-01
 69   61 5.47839e-01
 69   63 6.39598e-01
 69   65 7.02561e-01
 69   67 7.37003e-01
 69   69 5.04222e+01
 69   71 5.27763e-01
 69   73 2.38414e-01
 69   75 9.56248e-02
 70    2 2.33525e-02
 70    4 5.56488e-02
 70    6 9.22243e-02
 70    8 1.32554e-01
 70   10 1.71855e-01
 70   12 1.58987e-01
 70   14 1.40480e-01
 70   16 1.43557e-01
 70   18 1.39863e-01
 70   20 1.35596e-01
 70   22 1.38099e-01
 70   24 1.46539e-01
 70   26 1.59808e-01
 70   28 1.75946e-01
 70   30 1.99533e-01
 70   32 2.14955e-01
 70   34 2.23160e-01
 70   36 2.33166e-01
 70   38 2.46392e-01
 70   40 2.59709e-01
 70   42 2.77596e-01
 70   44 2.90255e-01
 70   46 3.01430e-01
 70   48 3.22845e-01
 70   50 3.48529e-01
 70   52 3.80499e-01
 70   54 4.14545e-01
 70   56 4.55294e-01
 70   58 4.97322e-01
 70   60 5.38093e-01
 70   62 5.88552e-01
 70   64 6.29392e-01
 70   66 6.51870e-01
 70   68 6.90156e-01
 70   70 5.00152e+01
 70   72 4.63783e-01
 70   74 1.84063e-01
 70   76 3.96810e-02
 71    1 6.11919e-03
 71    3 3.31641e-02
 71    5 6.59131e-02
 71    7 1.01763e-01
 71    9 1.42167e-01
 71   11 1.70819e-01
 71   13 1.44116e-01
 71   15 1.60060e-01
 71   17 1.56220e-01
 71   19 1.58128e-01
 71   21 1.54255e-01
 71   23 1.57306e-01
 71   25 1.62595e-01
 71   27 1.75013e-01
 71   29 2.04208e-01
 71   31 2.39894e-01
 71   33 2.58285e-01
 71   35 2.67643e-01
 71   37 2.74153e-01
 71   39 2.83504e-01
 71   41 2.97474e-01
 71   43 3.16763e-01
 71   45 3.37633e-01
 71   47 3.59106e-01
 71   49 3.88234e-01
 71   51 4.20222e-01
 71   53 4.61271e-01
 71   55 4.84048e-01
 71   57 4.91631e-01
 71   59 5.25492e-01
 71   61 5.78379e-01
 71   63 6.19190e-01
 71   65 6.24279e-01
 71   67 6.36019e-01
 71   69 6.97809e-01
 71   71 5.10651e+01
 71   73 3.24740e-01
 71   75 1.34403e-01
 72    2 1.60926e-02
 72    4 4.18567e-02
 72    6 7.38813e-02
 72    8 1.10345e-01
 72   10 1.53674e-01
 72   12 1.57719e-01
 72   14 1.58915e-01
 72   16 1.77351e-01
 72   18 1.86491e-01
 72   20 1.87290e-01
 72   22 1.88839e-01
 72   24 1.87716e-01
 72   26 1.90576e-01
 72   28 1.98323e-01
 72   30 2.31409e-01
 72   32 2.79253e-01
 72   34 3.10245e-01
 72   36 3.23293e-01
 72   38 3.36582e-01
 72   40 3.60623e-01
 72   42 3.83215e-01
 72   44 4.00597e-01
 72   46 4.22057e-01
 72   48 4.46483e-01
 72   50 4.71457e-01
 72   52 4.96075e-01
 72   54 5.27227e-01
 72   56 5.52837e-01
 72   58 5.66143e-01
 72   60 5.81295e-01
 72   62 5.86653e-01
 72   64 5.81987e-01
 72   66 5.81996e-01
 72   68 5.97855e-01
 72   70 6.53083e-01
 72   72 5.32572e+01
 72   74 2.78857e-01
 72   76 5.91503e-02
 73    1 4.54220e-03
 73    3 2.39007e-02
 73    5 4.93757e-02
 73    7 8.15844e-02
 73    9 1.24782e-01
 73   11 1.60822e-01
 73   13 1.54105e-01
 73   15 1.87341e-01
 73   17 2.01511e-01
 73   19 2.29324e-01
 73   21 2.35713e-01
 73   23 2.33854e-01
 73   25 2.34827e-01
 73   27 2.35217e-01
 73   29 2.41084e-01
 73   31 2.77098e-01
 73   33 3.46151e-01
 73   35 3.94523e-01
 73   37 4.13911e-01
 73   39 4.27052e-01
 73   41 4.59059e-01
 73   43 5.09299e-01
 73   45 5.49838e-01
 73   47 5.72304e-01
 73   49 5.74029e-01
 73   51 5.78959e-01
 73   53 5.88715e-01
 73   55 5.81706e-01
 73   57 5.74850e-01
 73   59 5.84256e-01
 73   61 5.95781e-01
 73   63 5.69988e-01
 73   65 5.27331e-01
 73   67 5.06328e-01
 73   69 4.87483e-01
 73   71 5.02187e-01
 73   73 5.28351e+01
 73   75 2.07223e-01
 74    2 1.33114e-02
 74    4 3.26112e-02
 74    6 5.61186e-02
 74    8 9.54555e-02
 74   10 1.47305e-01
 74   12 1.67090e-01
 74   14 1.89451e-01
 74   16 2.22806e-01
 74   18 2.63014e-01
 74   20 3.03682e-01
 74   22 3.26291e-01
 74   24 3.28156e-01
 74   26 3.31471e-01
 74   28 3.36490e-01
 74   30 3.36992e-01
 74   32 3.69073e-01
 74   34 4.56151e-01
 74   36 5.52303e-01
 74   38 6.13281e-01
 74   40 6.34686e-01
 74   42 6.39361e-01
 74   44 6.48152e-01
 74   46 6.68649e-01
 74   48 6.77795e-01
 74   50 6.60768e-01
 74   52 6.36655e-01
 74   54 6.05078e-01
 74   56 5.62061e-01
 74   58 5.23402e-01
 74   60 4.92477e-01
 74   62 4.63977e-01
 74   64 4.40351e-01
 74   66 4.35469e-01
 74   68 4.50082e-01
 74   70 4.68153e-01
 74   72 5.03672e-01
 74   74 5.64722e+01
 74   76 1.07053e-01
 75    1 4.97490e-03
 75    3 2.45173e-02
 75    5 4.41081e-02
 75    7 7.79203e-02
 75    9 1.33158e-01
 75   11 1.93380e-01
 75   13 2.17105e-01
 75   15 2.71590e-01
 75   17 3.17344e-01
 75   19 3.96685e-01
 75   21 4.77753e-01
 75   23 5.28541e-01
 75   25 5.38009e-01
 75   27 5.37531e-01
 75   29 5.42062e-01
 75   31 5.51391e-01
 75   33 5.76968e-01
 75   35 6.44155e-01
 75   37 7.50638e-01
 75   39 8.63722e-01
 75   41 9.26445e-01
 75   43 8.93097e-01
 75   45 8.01772e-01
 75   47 6.98299e-01
 75   49 6.02869e-01
 75   51 5.50618e-01
 75   53 5.29893e-01
 75   55 5.11834e-01
 75   57 5.05666e-01
 75   59 5.14996e-01
 75   61 5.09246e-01
 75   63 4.85290e-01
 75   65 4.80735e-01
 75   67 4.69087e-01
 75   69 4.83928e-01
 75   71 5.14426e-01
 75   73 5.12884e-01
 75   75 6.01066e+01
 76    2 2.97354e-02
 76    4 7.18198e-02
 76    6 1.32101e-01
 76    8 2.14252e-01
 76   10 3.58094e-01
 76   12 4.78022e-01
 76   14 5.82692e-01
 76   16 7.19255e-01
 76   18 8.25673e-01
 76   20 1.00504e+00
 76   22 1.26865e+00
 76   24 1.33924e+00
 76   26 1.22364e+00
 76   28 9.87072e-01
 76   30 8.16793e-01
 76   32 7.55475e-01
 76   34 6.47851e-01
 76   36 5.54210e-01
 76   38 7.03520e-01
 76   40 1.10777e+00
 76   42 1.46942e+00
 76   44 1.65007e+00
 76   46 1.62590e+00
 76   48 1.40392e+00
 76   50 1.11478e+00
 76   52 8.81289e-01
 76   54 7.18789e-01
 76   56 5.75312e-01
 76   58 5.01411e-01
 76   60 5.45998e-01
 76   62 5.99468e-01
 76   64 6.41133e-01
 76   66 7.36894e-01
 76   68 8.01136e-01
 76   70 8.21219e-01
 76   72 8.69320e-01
 76   74 8.71078e-01
