# 13C+CO2(ji) -> 13C+CO2(jf) molscat cross sections, CS8_JMAX90 approx. (written on 08/08/2023); 
# E=26240.000000 (1/cm) = 3.253345339599322 eV
# ji  jf sigma(ji,jf) (1e-16 cm^2)
  1    1 1.47957e+02
  1    3 2.12763e+01
  1    5 6.49576e+00
  1    7 2.43304e+00
  1    9 1.75588e+00
  1   11 1.76200e+00
  1   13 1.13569e+00
  1   15 1.15601e+00
  1   17 1.14220e+00
  1   19 1.07094e+00
  1   21 8.00942e-01
  1   23 8.27757e-01
  1   25 7.25297e-01
  1   27 6.07698e-01
  1   29 6.94508e-01
  1   31 8.39615e-01
  1   33 6.56065e-01
  1   35 5.69059e-01
  1   37 6.01004e-01
  1   39 5.66638e-01
  1   41 5.66381e-01
  1   43 5.75372e-01
  1   45 7.11142e-01
  1   47 5.59318e-01
  1   49 5.63523e-01
  1   51 6.89139e-01
  1   53 7.49855e-01
  1   55 6.16610e-01
  1   57 6.30825e-01
  1   59 5.88602e-01
  1   61 5.70635e-01
  1   63 4.99883e-01
  1   65 4.39850e-01
  1   67 3.45648e-01
  1   69 3.39589e-01
  1   71 5.53499e-01
  1   73 6.17195e-01
  1   75 3.94203e-01
  1   77 4.18652e-01
  1   79 4.43932e-01
  1   81 4.08685e-01
  1   83 4.61734e-01
  1   85 3.96879e-01
  1   87 5.35742e-01
  1   89 4.00160e-01
  1   91 4.89045e-01
  2    2 1.56449e+02
  2    4 1.57414e+01
  2    6 4.71010e+00
  2    8 2.07073e+00
  2   10 1.88666e+00
  2   12 1.45048e+00
  2   14 1.18879e+00
  2   16 1.11709e+00
  2   18 1.03068e+00
  2   20 9.52961e-01
  2   22 8.26546e-01
  2   24 8.15799e-01
  2   26 6.84981e-01
  2   28 7.56319e-01
  2   30 7.12459e-01
  2   32 7.63956e-01
  2   34 6.00212e-01
  2   36 6.10688e-01
  2   38 5.41462e-01
  2   40 5.37158e-01
  2   42 5.48805e-01
  2   44 6.13752e-01
  2   46 6.06560e-01
  2   48 6.08748e-01
  2   50 6.52525e-01
  2   52 7.06797e-01
  2   54 6.47754e-01
  2   56 6.13825e-01
  2   58 6.57807e-01
  2   60 5.96819e-01
  2   62 5.51179e-01
  2   64 4.63686e-01
  2   66 4.44268e-01
  2   68 4.60631e-01
  2   70 3.87825e-01
  2   72 5.12479e-01
  2   74 4.63428e-01
  2   76 4.86866e-01
  2   78 4.91084e-01
  2   80 3.69621e-01
  2   82 4.11884e-01
  2   84 4.48561e-01
  2   86 6.25283e-01
  2   88 3.47608e-01
  2   90 5.50868e-01
  3    1 4.25563e+00
  3    3 1.55888e+02
  3    5 1.33664e+01
  3    7 4.16617e+00
  3    9 2.13078e+00
  3   11 1.58686e+00
  3   13 1.45349e+00
  3   15 1.21013e+00
  3   17 1.05217e+00
  3   19 1.06940e+00
  3   21 9.05624e-01
  3   23 7.75040e-01
  3   25 7.88496e-01
  3   27 7.09420e-01
  3   29 7.24231e-01
  3   31 7.36385e-01
  3   33 6.37271e-01
  3   35 6.88187e-01
  3   37 6.03916e-01
  3   39 5.70454e-01
  3   41 5.04363e-01
  3   43 5.60028e-01
  3   45 6.06431e-01
  3   47 5.63979e-01
  3   49 5.94131e-01
  3   51 6.44236e-01
  3   53 6.53003e-01
  3   55 6.48151e-01
  3   57 6.82120e-01
  3   59 6.08888e-01
  3   61 5.34658e-01
  3   63 4.87726e-01
  3   65 4.37786e-01
  3   67 4.03041e-01
  3   69 4.58319e-01
  3   71 4.64844e-01
  3   73 5.08502e-01
  3   75 4.60170e-01
  3   77 4.60259e-01
  3   79 3.84987e-01
  3   81 4.91704e-01
  3   83 3.71262e-01
  3   85 4.10919e-01
  3   87 5.22396e-01
  3   89 3.42154e-01
  3   91 6.02109e-01
  4    2 6.74732e+00
  4    4 1.55431e+02
  4    6 1.24211e+01
  4    8 3.95290e+00
  4   10 1.90044e+00
  4   12 1.54935e+00
  4   14 1.47569e+00
  4   16 1.08566e+00
  4   18 1.04628e+00
  4   20 9.93835e-01
  4   22 8.61603e-01
  4   24 8.06081e-01
  4   26 8.01350e-01
  4   28 7.61482e-01
  4   30 6.78577e-01
  4   32 7.13513e-01
  4   34 6.08624e-01
  4   36 6.73681e-01
  4   38 5.39870e-01
  4   40 5.27757e-01
  4   42 5.50130e-01
  4   44 5.58945e-01
  4   46 5.94376e-01
  4   48 6.49511e-01
  4   50 6.81531e-01
  4   52 6.32302e-01
  4   54 6.60883e-01
  4   56 6.28439e-01
  4   58 6.83306e-01
  4   60 5.48956e-01
  4   62 5.19967e-01
  4   64 4.47359e-01
  4   66 4.57340e-01
  4   68 5.32067e-01
  4   70 4.65357e-01
  4   72 4.48192e-01
  4   74 4.48207e-01
  4   76 4.88958e-01
  4   78 4.61207e-01
  4   80 4.08198e-01
  4   82 4.32215e-01
  4   84 3.82219e-01
  4   86 6.16040e-01
  4   88 3.48549e-01
  4   90 5.71899e-01
  5    1 7.21966e-01
  5    3 7.42735e+00
  5    5 1.55216e+02
  5    7 1.19544e+01
  5    9 3.73868e+00
  5   11 1.86928e+00
  5   13 1.53779e+00
  5   15 1.37598e+00
  5   17 1.04707e+00
  5   19 9.86306e-01
  5   21 9.68856e-01
  5   23 8.11819e-01
  5   25 7.70670e-01
  5   27 7.72219e-01
  5   29 6.99877e-01
  5   31 7.04500e-01
  5   33 6.62697e-01
  5   35 6.97552e-01
  5   37 6.15650e-01
  5   39 5.89156e-01
  5   41 5.49975e-01
  5   43 5.66682e-01
  5   45 5.77365e-01
  5   47 5.93485e-01
  5   49 6.57960e-01
  5   51 6.30321e-01
  5   53 6.23882e-01
  5   55 6.61478e-01
  5   57 6.89226e-01
  5   59 5.95073e-01
  5   61 5.02796e-01
  5   63 4.97562e-01
  5   65 4.52726e-01
  5   67 4.49603e-01
  5   69 4.84406e-01
  5   71 4.48926e-01
  5   73 4.46980e-01
  5   75 4.79150e-01
  5   77 4.67188e-01
  5   79 4.42356e-01
  5   81 4.90601e-01
  5   83 3.85846e-01
  5   85 3.69181e-01
  5   87 5.27256e-01
  5   89 3.34979e-01
  5   91 5.90070e-01
  6    2 1.28511e+00
  6    4 7.90646e+00
  6    6 1.55330e+02
  6    8 1.15788e+01
  6   10 3.60339e+00
  6   12 1.82681e+00
  6   14 1.44962e+00
  6   16 1.30737e+00
  6   18 1.05661e+00
  6   20 9.81624e-01
  6   22 9.20636e-01
  6   24 8.05553e-01
  6   26 8.15237e-01
  6   28 7.47283e-01
  6   30 7.34400e-01
  6   32 6.74414e-01
  6   34 6.76119e-01
  6   36 6.34616e-01
  6   38 5.83590e-01
  6   40 5.58074e-01
  6   42 5.50447e-01
  6   44 6.02812e-01
  6   46 6.09905e-01
  6   48 6.42182e-01
  6   50 6.53751e-01
  6   52 6.30459e-01
  6   54 6.68563e-01
  6   56 6.47566e-01
  6   58 6.47523e-01
  6   60 5.16532e-01
  6   62 5.11063e-01
  6   64 4.76413e-01
  6   66 4.95847e-01
  6   68 5.32145e-01
  6   70 5.13778e-01
  6   72 4.43246e-01
  6   74 4.57391e-01
  6   76 4.82981e-01
  6   78 4.71651e-01
  6   80 4.55037e-01
  6   82 4.37681e-01
  6   84 3.70316e-01
  6   86 5.56735e-01
  6   88 3.74044e-01
  6   90 5.49721e-01
  7    1 1.87274e-01
  7    3 1.60323e+00
  7    5 8.27886e+00
  7    7 1.55194e+02
  7    9 1.13441e+01
  7   11 3.53373e+00
  7   13 1.76586e+00
  7   15 1.43763e+00
  7   17 1.31045e+00
  7   19 1.04545e+00
  7   21 9.76425e-01
  7   23 8.83345e-01
  7   25 8.02465e-01
  7   27 7.66121e-01
  7   29 7.32647e-01
  7   31 7.24622e-01
  7   33 6.90148e-01
  7   35 6.85494e-01
  7   37 5.97545e-01
  7   39 6.06547e-01
  7   41 5.45217e-01
  7   43 5.71044e-01
  7   45 5.92069e-01
  7   47 5.85111e-01
  7   49 6.33527e-01
  7   51 6.30410e-01
  7   53 6.51488e-01
  7   55 6.36058e-01
  7   57 6.43485e-01
  7   59 5.98194e-01
  7   61 5.16067e-01
  7   63 4.98645e-01
  7   65 4.96744e-01
  7   67 4.90016e-01
  7   69 4.78794e-01
  7   71 4.79919e-01
  7   73 4.28259e-01
  7   75 4.60180e-01
  7   77 4.25596e-01
  7   79 5.13973e-01
  7   81 4.57377e-01
  7   83 4.40094e-01
  7   85 3.51490e-01
  7   87 5.15943e-01
  7   89 3.34237e-01
  7   91 5.81523e-01
  8    2 4.14478e-01
  8    4 1.84590e+00
  8    6 8.49440e+00
  8    8 1.55241e+02
  8   10 1.11900e+01
  8   12 3.44218e+00
  8   14 1.70596e+00
  8   16 1.39710e+00
  8   18 1.28593e+00
  8   20 9.95589e-01
  8   22 9.77623e-01
  8   24 8.85176e-01
  8   26 8.02359e-01
  8   28 8.12116e-01
  8   30 7.10271e-01
  8   32 7.17637e-01
  8   34 6.73336e-01
  8   36 6.70200e-01
  8   38 6.22755e-01
  8   40 5.82655e-01
  8   42 5.66119e-01
  8   44 6.25800e-01
  8   46 6.34376e-01
  8   48 6.22168e-01
  8   50 6.01644e-01
  8   52 6.54710e-01
  8   54 6.57810e-01
  8   56 6.18186e-01
  8   58 5.91120e-01
  8   60 5.50068e-01
  8   62 4.84020e-01
  8   64 4.70690e-01
  8   66 5.10642e-01
  8   68 5.32384e-01
  8   70 4.99647e-01
  8   72 4.44385e-01
  8   74 4.66822e-01
  8   76 4.64626e-01
  8   78 5.10425e-01
  8   80 4.70020e-01
  8   82 4.77694e-01
  8   84 3.73510e-01
  8   86 5.50653e-01
  8   88 3.62209e-01
  8   90 5.41867e-01
  9    1 1.03398e-01
  9    3 6.27316e-01
  9    5 1.98083e+00
  9    7 8.67874e+00
  9    9 1.55184e+02
  9   11 1.10368e+01
  9   13 3.35307e+00
  9   15 1.69710e+00
  9   17 1.39942e+00
  9   19 1.20809e+00
  9   21 1.01730e+00
  9   23 9.60781e-01
  9   25 8.68267e-01
  9   27 8.09114e-01
  9   29 7.40751e-01
  9   31 7.24082e-01
  9   33 6.99048e-01
  9   35 6.49195e-01
  9   37 6.75474e-01
  9   39 6.50822e-01
  9   41 5.63847e-01
  9   43 5.72357e-01
  9   45 6.09874e-01
  9   47 6.11832e-01
  9   49 6.24172e-01
  9   51 6.19898e-01
  9   53 6.34793e-01
  9   55 6.25979e-01
  9   57 6.11049e-01
  9   59 5.94233e-01
  9   61 5.42192e-01
  9   63 5.01047e-01
  9   65 5.04820e-01
  9   67 4.98433e-01
  9   69 5.26695e-01
  9   71 4.85633e-01
  9   73 4.09280e-01
  9   75 4.71537e-01
  9   77 4.44144e-01
  9   79 5.19215e-01
  9   81 4.64938e-01
  9   83 4.49605e-01
  9   85 3.53254e-01
  9   87 5.19921e-01
  9   89 3.30000e-01
  9   91 5.45729e-01
 10    2 2.98284e-01
 10    4 7.00975e-01
 10    6 2.08804e+00
 10    8 8.83871e+00
 10   10 1.35018e+02
 10   12 1.03897e+01
 10   14 3.06213e+00
 10   16 1.46749e+00
 10   18 1.22080e+00
 10   20 1.08763e+00
 10   22 8.98563e-01
 10   24 8.64147e-01
 10   26 7.96035e-01
 10   28 7.16138e-01
 10   30 6.41551e-01
 10   32 6.32640e-01
 10   34 5.88478e-01
 10   36 6.00710e-01
 10   38 6.12356e-01
 10   40 5.77103e-01
 10   42 5.48927e-01
 10   44 5.63473e-01
 10   46 5.81531e-01
 10   48 5.55485e-01
 10   50 5.82635e-01
 10   52 5.88958e-01
 10   54 5.58250e-01
 10   56 5.52567e-01
 10   58 5.45322e-01
 10   60 5.20661e-01
 10   62 4.87088e-01
 10   64 4.85969e-01
 10   66 4.80344e-01
 10   68 5.30555e-01
 10   70 4.82263e-01
 10   72 4.03026e-01
 10   74 4.55014e-01
 10   76 4.19918e-01
 10   78 4.62236e-01
 10   80 4.02505e-01
 10   82 4.63463e-01
 10   84 3.07892e-01
 10   86 4.92171e-01
 10   88 2.94542e-01
 10   90 4.74046e-01
 11    1 8.40424e-02
 11    3 3.78409e-01
 11    5 8.02192e-01
 11    7 2.18976e+00
 11    9 8.93961e+00
 11   11 1.19723e+02
 11   13 9.82232e+00
 11   15 2.84094e+00
 11   17 1.34884e+00
 11   19 1.08215e+00
 11   21 9.94680e-01
 11   23 8.25977e-01
 11   25 7.56339e-01
 11   27 7.22383e-01
 11   29 6.24663e-01
 11   31 5.56502e-01
 11   33 5.64440e-01
 11   35 5.14355e-01
 11   37 5.27977e-01
 11   39 5.38911e-01
 11   41 5.14282e-01
 11   43 5.16292e-01
 11   45 4.98523e-01
 11   47 5.16943e-01
 11   49 5.25014e-01
 11   51 4.84861e-01
 11   53 5.17944e-01
 11   55 4.94519e-01
 11   57 5.20701e-01
 11   59 4.73865e-01
 11   61 4.52473e-01
 11   63 4.37560e-01
 11   65 4.21599e-01
 11   67 4.15837e-01
 11   69 4.77017e-01
 11   71 3.91837e-01
 11   73 3.36655e-01
 11   75 3.80644e-01
 11   77 3.47162e-01
 11   79 4.08732e-01
 11   81 3.38767e-01
 11   83 4.23489e-01
 11   85 2.71134e-01
 11   87 3.89018e-01
 11   89 2.27352e-01
 11   91 3.65282e-01
 12    2 1.89560e-01
 12    4 4.72384e-01
 12    6 8.75018e-01
 12    8 2.24744e+00
 12   10 8.58817e+00
 12   12 1.07860e+02
 12   14 9.25616e+00
 12   16 2.69017e+00
 12   18 1.26683e+00
 12   20 1.00691e+00
 12   22 9.12219e-01
 12   24 7.23280e-01
 12   26 6.74422e-01
 12   28 6.49075e-01
 12   30 5.72480e-01
 12   32 5.44666e-01
 12   34 5.14696e-01
 12   36 4.79076e-01
 12   38 4.69095e-01
 12   40 4.90933e-01
 12   42 4.86424e-01
 12   44 4.97731e-01
 12   46 4.53609e-01
 12   48 4.50009e-01
 12   50 4.61592e-01
 12   52 4.54431e-01
 12   54 4.46428e-01
 12   56 4.47669e-01
 12   58 4.29622e-01
 12   60 4.13645e-01
 12   62 4.35444e-01
 12   64 4.13830e-01
 12   66 3.54535e-01
 12   68 4.05302e-01
 12   70 3.85110e-01
 12   72 3.36938e-01
 12   74 4.21743e-01
 12   76 2.82998e-01
 12   78 4.18204e-01
 12   80 2.66797e-01
 12   82 3.59640e-01
 12   84 2.80139e-01
 12   86 3.41854e-01
 12   88 2.29453e-01
 12   90 3.06881e-01
 13    1 4.55333e-02
 13    3 2.91347e-01
 13    5 5.54728e-01
 13    7 9.19806e-01
 13    9 2.28294e+00
 13   11 8.25641e+00
 13   13 9.81911e+01
 13   15 8.67694e+00
 13   17 2.57518e+00
 13   19 1.18335e+00
 13   21 9.24566e-01
 13   23 8.33047e-01
 13   25 6.65614e-01
 13   27 6.20039e-01
 13   29 5.90673e-01
 13   31 5.11171e-01
 13   33 4.66037e-01
 13   35 4.73947e-01
 13   37 4.28430e-01
 13   39 4.48228e-01
 13   41 4.47714e-01
 13   43 4.66361e-01
 13   45 4.42417e-01
 13   47 4.16677e-01
 13   49 4.14168e-01
 13   51 3.88609e-01
 13   53 3.94030e-01
 13   55 3.75869e-01
 13   57 3.92664e-01
 13   59 3.74170e-01
 13   61 3.93443e-01
 13   63 3.66587e-01
 13   65 3.45364e-01
 13   67 3.19647e-01
 13   69 3.41830e-01
 13   71 3.58984e-01
 13   73 3.12572e-01
 13   75 3.37200e-01
 13   77 2.52945e-01
 13   79 3.83785e-01
 13   81 2.35142e-01
 13   83 3.28213e-01
 13   85 2.29230e-01
 13   87 2.91376e-01
 13   89 1.81364e-01
 13   91 3.02397e-01
 14    2 1.32443e-01
 14    4 3.83557e-01
 14    6 5.91924e-01
 14    8 9.49538e-01
 14   10 2.15779e+00
 14   12 7.89076e+00
 14   14 9.00932e+01
 14   16 8.17483e+00
 14   18 2.45844e+00
 14   20 1.09073e+00
 14   22 8.42994e-01
 14   24 7.56914e-01
 14   26 5.95658e-01
 14   28 5.64813e-01
 14   30 5.40538e-01
 14   32 4.61365e-01
 14   34 4.52956e-01
 14   36 4.31240e-01
 14   38 4.13098e-01
 14   40 4.18636e-01
 14   42 4.20039e-01
 14   44 4.10429e-01
 14   46 3.94283e-01
 14   48 3.75446e-01
 14   50 3.67094e-01
 14   52 3.49972e-01
 14   54 3.45263e-01
 14   56 3.17181e-01
 14   58 3.78978e-01
 14   60 3.41298e-01
 14   62 3.45477e-01
 14   64 3.27819e-01
 14   66 3.25273e-01
 14   68 3.38523e-01
 14   70 3.07244e-01
 14   72 2.87885e-01
 14   74 4.10596e-01
 14   76 2.21932e-01
 14   78 3.92599e-01
 14   80 2.16278e-01
 14   82 3.09036e-01
 14   84 2.48204e-01
 14   86 3.12709e-01
 14   88 1.98519e-01
 14   90 2.49990e-01
 15    1 3.99874e-02
 15    3 2.09278e-01
 15    5 4.28237e-01
 15    7 6.46069e-01
 15    9 9.96897e-01
 15   11 2.06030e+00
 15   13 7.48615e+00
 15   15 8.32516e+01
 15   17 7.67522e+00
 15   19 2.33808e+00
 15   21 1.02513e+00
 15   23 8.03391e-01
 15   25 7.41305e-01
 15   27 5.53133e-01
 15   29 5.06559e-01
 15   31 5.02101e-01
 15   33 4.16855e-01
 15   35 4.25068e-01
 15   37 3.98600e-01
 15   39 4.03985e-01
 15   41 3.78744e-01
 15   43 4.01974e-01
 15   45 3.88485e-01
 15   47 3.60900e-01
 15   49 3.21399e-01
 15   51 3.09293e-01
 15   53 2.86348e-01
 15   55 2.83130e-01
 15   57 2.97266e-01
 15   59 3.32918e-01
 15   61 2.73115e-01
 15   63 2.96752e-01
 15   65 2.84052e-01
 15   67 3.29087e-01
 15   69 2.70738e-01
 15   71 3.17267e-01
 15   73 2.82477e-01
 15   75 3.65158e-01
 15   77 2.20166e-01
 15   79 3.23116e-01
 15   81 2.17447e-01
 15   83 2.78902e-01
 15   85 2.32482e-01
 15   87 2.55852e-01
 15   89 1.78218e-01
 15   91 2.34393e-01
 16    2 1.08489e-01
 16    4 2.45982e-01
 16    6 4.65360e-01
 16    8 6.77871e-01
 16   10 9.01440e-01
 16   12 1.99915e+00
 16   14 7.12617e+00
 16   16 7.73031e+01
 16   18 7.24031e+00
 16   20 2.21866e+00
 16   22 9.56278e-01
 16   24 7.51339e-01
 16   26 6.99658e-01
 16   28 5.15135e-01
 16   30 4.76191e-01
 16   32 4.57312e-01
 16   34 4.01777e-01
 16   36 4.13898e-01
 16   38 3.98697e-01
 16   40 3.79124e-01
 16   42 3.51168e-01
 16   44 3.42469e-01
 16   46 3.45168e-01
 16   48 3.20163e-01
 16   50 2.81369e-01
 16   52 2.69388e-01
 16   54 2.66237e-01
 16   56 2.57987e-01
 16   58 2.91937e-01
 16   60 2.85944e-01
 16   62 2.72679e-01
 16   64 2.43879e-01
 16   66 3.04558e-01
 16   68 3.07997e-01
 16   70 3.02482e-01
 16   72 2.37534e-01
 16   74 3.76906e-01
 16   76 2.38568e-01
 16   78 2.99026e-01
 16   80 2.37847e-01
 16   82 2.73708e-01
 16   84 2.17589e-01
 16   86 2.69668e-01
 16   88 1.71476e-01
 16   90 2.29456e-01
 17    1 3.47527e-02
 17    3 1.60053e-01
 17    5 2.86640e-01
 17    7 5.18012e-01
 17    9 7.23064e-01
 17   11 8.60431e-01
 17   13 1.95428e+00
 17   15 6.75113e+00
 17   17 7.21393e+01
 17   19 6.79425e+00
 17   21 2.13614e+00
 17   23 9.13029e-01
 17   25 7.30114e-01
 17   27 6.28887e-01
 17   29 5.07010e-01
 17   31 4.55697e-01
 17   33 4.23653e-01
 17   35 3.97377e-01
 17   37 3.63204e-01
 17   39 3.77464e-01
 17   41 3.45825e-01
 17   43 3.11694e-01
 17   45 3.31175e-01
 17   47 3.23831e-01
 17   49 2.74621e-01
 17   51 2.47192e-01
 17   53 2.16151e-01
 17   55 2.52083e-01
 17   57 2.48417e-01
 17   59 2.78399e-01
 17   61 2.34818e-01
 17   63 2.52528e-01
 17   65 2.25693e-01
 17   67 2.89564e-01
 17   69 2.76385e-01
 17   71 2.87349e-01
 17   73 2.17363e-01
 17   75 3.58048e-01
 17   77 2.09559e-01
 17   79 2.56578e-01
 17   81 2.21486e-01
 17   83 2.51090e-01
 17   85 1.94678e-01
 17   87 2.41827e-01
 17   89 1.58971e-01
 17   91 2.03671e-01
 18    2 8.87448e-02
 18    4 2.10176e-01
 18    6 3.33447e-01
 18    8 5.53172e-01
 18   10 6.64857e-01
 18   12 8.34653e-01
 18   14 1.90002e+00
 18   16 6.41916e+00
 18   18 6.75981e+01
 18   20 6.45596e+00
 18   22 2.02136e+00
 18   24 8.43310e-01
 18   26 6.76872e-01
 18   28 6.00394e-01
 18   30 4.68052e-01
 18   32 4.40600e-01
 18   34 4.31579e-01
 18   36 3.78236e-01
 18   38 3.68697e-01
 18   40 3.52571e-01
 18   42 3.31252e-01
 18   44 2.99211e-01
 18   46 2.92747e-01
 18   48 2.55630e-01
 18   50 2.43644e-01
 18   52 2.18828e-01
 18   54 2.50126e-01
 18   56 2.54631e-01
 18   58 2.39204e-01
 18   60 2.49251e-01
 18   62 2.37288e-01
 18   64 2.32731e-01
 18   66 2.45795e-01
 18   68 2.42005e-01
 18   70 2.93527e-01
 18   72 2.33735e-01
 18   74 2.59348e-01
 18   76 2.52486e-01
 18   78 2.62304e-01
 18   80 2.23956e-01
 18   82 2.52701e-01
 18   84 1.80712e-01
 18   86 2.24604e-01
 18   88 1.73185e-01
 18   90 1.86376e-01
 19    1 2.90923e-02
 19    3 1.45239e-01
 19    5 2.41067e-01
 19    7 3.68966e-01
 19    9 5.57306e-01
 19   11 6.16324e-01
 19   13 8.01785e-01
 19   15 1.83617e+00
 19   17 6.06608e+00
 19   19 6.36750e+01
 19   21 6.11967e+00
 19   23 1.92346e+00
 19   25 8.04400e-01
 19   27 6.23165e-01
 19   29 5.98062e-01
 19   31 4.55625e-01
 19   33 4.26619e-01
 19   35 4.11996e-01
 19   37 3.65323e-01
 19   39 3.21172e-01
 19   41 3.58067e-01
 19   43 2.97123e-01
 19   45 2.68591e-01
 19   47 2.57383e-01
 19   49 2.63615e-01
 19   51 2.02718e-01
 19   53 1.90268e-01
 19   55 2.39070e-01
 19   57 2.21750e-01
 19   59 2.27768e-01
 19   61 2.32428e-01
 19   63 2.27107e-01
 19   65 2.23403e-01
 19   67 2.13847e-01
 19   69 2.24711e-01
 19   71 2.66797e-01
 19   73 2.10878e-01
 19   75 2.65256e-01
 19   77 2.07048e-01
 19   79 2.57278e-01
 19   81 2.12490e-01
 19   83 2.30858e-01
 19   85 1.56393e-01
 19   87 1.88414e-01
 19   89 1.54954e-01
 19   91 1.91630e-01
 20    2 7.37191e-02
 20    4 1.79362e-01
 20    6 2.78317e-01
 20    8 3.84774e-01
 20   10 5.32171e-01
 20   12 5.96021e-01
 20   14 7.57354e-01
 20   16 1.76724e+00
 20   18 5.80023e+00
 20   20 6.02221e+01
 20   22 5.78813e+00
 20   24 1.82951e+00
 20   26 7.51425e-01
 20   28 5.90973e-01
 20   30 5.72460e-01
 20   32 4.39560e-01
 20   34 4.10617e-01
 20   36 4.09971e-01
 20   38 3.43015e-01
 20   40 3.29920e-01
 20   42 3.33855e-01
 20   44 2.72366e-01
 20   46 2.52350e-01
 20   48 2.12970e-01
 20   50 2.13558e-01
 20   52 1.95610e-01
 20   54 2.12326e-01
 20   56 2.44908e-01
 20   58 2.00129e-01
 20   60 2.39185e-01
 20   62 2.00213e-01
 20   64 2.23159e-01
 20   66 2.11614e-01
 20   68 2.47817e-01
 20   70 2.35586e-01
 20   72 2.42280e-01
 20   74 2.09563e-01
 20   76 2.26246e-01
 20   78 2.57396e-01
 20   80 2.13332e-01
 20   82 2.16953e-01
 20   84 1.68358e-01
 20   86 1.89891e-01
 20   88 1.38873e-01
 20   90 1.88325e-01
 21    1 1.96580e-02
 21    3 1.11126e-01
 21    5 2.13949e-01
 21    7 3.11349e-01
 21    9 4.24002e-01
 21   11 5.11834e-01
 21   13 5.65987e-01
 21   15 7.27374e-01
 21   17 1.72314e+00
 21   19 5.52908e+00
 21   21 5.71177e+01
 21   23 5.49988e+00
 21   25 1.77026e+00
 21   27 7.36768e-01
 21   29 5.61170e-01
 21   31 5.36959e-01
 21   33 4.25515e-01
 21   35 3.93026e-01
 21   37 3.78169e-01
 21   39 3.24879e-01
 21   41 2.93564e-01
 21   43 3.00758e-01
 21   45 2.44125e-01
 21   47 2.25700e-01
 21   49 1.95981e-01
 21   51 1.89353e-01
 21   53 2.04474e-01
 21   55 1.94418e-01
 21   57 2.04508e-01
 21   59 1.96184e-01
 21   61 1.97351e-01
 21   63 1.89174e-01
 21   65 2.44016e-01
 21   67 2.04704e-01
 21   69 2.41859e-01
 21   71 2.01164e-01
 21   73 2.15303e-01
 21   75 2.06065e-01
 21   77 2.34257e-01
 21   79 2.11082e-01
 21   81 2.04796e-01
 21   83 1.92652e-01
 21   85 1.54422e-01
 21   87 1.75428e-01
 21   89 1.33691e-01
 21   91 1.71284e-01
 22    2 5.80632e-02
 22    4 1.41206e-01
 22    6 2.37035e-01
 22    8 3.43104e-01
 22   10 3.99251e-01
 22   12 4.90342e-01
 22   14 5.31541e-01
 22   16 6.91701e-01
 22   18 1.64913e+00
 22   20 5.25614e+00
 22   22 5.43927e+01
 22   24 5.27053e+00
 22   26 1.69935e+00
 22   28 6.76742e-01
 22   30 5.35060e-01
 22   32 5.38101e-01
 22   34 3.99694e-01
 22   36 3.75003e-01
 22   38 3.87174e-01
 22   40 3.42616e-01
 22   42 2.85027e-01
 22   44 2.49329e-01
 22   46 2.22189e-01
 22   48 1.94148e-01
 22   50 1.96947e-01
 22   52 2.03473e-01
 22   54 1.90342e-01
 22   56 1.87671e-01
 22   58 1.86133e-01
 22   60 2.08780e-01
 22   62 1.88021e-01
 22   64 2.08712e-01
 22   66 2.18991e-01
 22   68 2.19077e-01
 22   70 1.92246e-01
 22   72 2.17008e-01
 22   74 2.29409e-01
 22   76 2.00646e-01
 22   78 1.94604e-01
 22   80 2.09941e-01
 22   82 2.01364e-01
 22   84 1.55954e-01
 22   86 1.59328e-01
 22   88 1.40100e-01
 22   90 1.65686e-01
 23    1 1.85340e-02
 23    3 8.67607e-02
 23    5 1.63546e-01
 23    7 2.56963e-01
 23    9 3.65322e-01
 23   11 3.87743e-01
 23   13 4.65231e-01
 23   15 5.20037e-01
 23   17 6.71902e-01
 23   19 1.58540e+00
 23   21 5.01746e+00
 23   23 5.19418e+01
 23   25 5.01865e+00
 23   27 1.62391e+00
 23   29 6.50840e-01
 23   31 5.27162e-01
 23   33 5.29743e-01
 23   35 3.80661e-01
 23   37 3.71038e-01
 23   39 3.35565e-01
 23   41 2.95238e-01
 23   43 2.50744e-01
 23   45 2.39378e-01
 23   47 2.28468e-01
 23   49 1.76451e-01
 23   51 1.95583e-01
 23   53 2.00942e-01
 23   55 1.86556e-01
 23   57 1.85987e-01
 23   59 1.68492e-01
 23   61 2.01639e-01
 23   63 1.71695e-01
 23   65 1.95962e-01
 23   67 1.89318e-01
 23   69 1.88422e-01
 23   71 1.76441e-01
 23   73 2.07119e-01
 23   75 1.94368e-01
 23   77 1.75604e-01
 23   79 1.90119e-01
 23   81 1.93917e-01
 23   83 1.96785e-01
 23   85 1.51685e-01
 23   87 1.61060e-01
 23   89 1.25352e-01
 23   91 1.71288e-01
 24    2 5.25017e-02
 24    4 1.21027e-01
 24    6 1.90009e-01
 24    8 2.84604e-01
 24   10 3.51756e-01
 24   12 3.56174e-01
 24   14 4.37235e-01
 24   16 4.97882e-01
 24   18 6.30313e-01
 24   20 1.52202e+00
 24   22 4.82848e+00
 24   24 4.96925e+01
 24   26 4.78627e+00
 24   28 1.57199e+00
 24   30 6.38087e-01
 24   32 5.17113e-01
 24   34 5.04395e-01
 24   36 3.57949e-01
 24   38 3.47166e-01
 24   40 3.35348e-01
 24   42 2.67282e-01
 24   44 2.36855e-01
 24   46 2.18262e-01
 24   48 1.96402e-01
 24   50 1.86556e-01
 24   52 1.97554e-01
 24   54 1.92166e-01
 24   56 1.78532e-01
 24   58 1.79762e-01
 24   60 1.93105e-01
 24   62 2.12391e-01
 24   64 1.85975e-01
 24   66 1.68271e-01
 24   68 1.97967e-01
 24   70 2.01311e-01
 24   72 1.73529e-01
 24   74 1.89843e-01
 24   76 1.54771e-01
 24   78 1.83830e-01
 24   80 1.78073e-01
 24   82 1.86704e-01
 24   84 1.65013e-01
 24   86 1.55769e-01
 24   88 1.29335e-01
 24   90 1.78670e-01
 25    1 1.49352e-02
 25    3 8.11758e-02
 25    5 1.42784e-01
 25    7 2.14681e-01
 25    9 3.03622e-01
 25   11 3.26529e-01
 25   13 3.41862e-01
 25   15 4.41299e-01
 25   17 4.94130e-01
 25   19 6.09755e-01
 25   21 1.48524e+00
 25   23 4.61546e+00
 25   25 4.76337e+01
 25   27 4.59088e+00
 25   29 1.51057e+00
 25   31 6.05273e-01
 25   33 5.10397e-01
 25   35 4.66204e-01
 25   37 3.54606e-01
 25   39 3.26855e-01
 25   41 3.05398e-01
 25   43 2.71062e-01
 25   45 2.07464e-01
 25   47 2.10269e-01
 25   49 1.92140e-01
 25   51 1.81886e-01
 25   53 1.84314e-01
 25   55 1.53736e-01
 25   57 1.66201e-01
 25   59 1.51472e-01
 25   61 1.76951e-01
 25   63 2.05925e-01
 25   65 1.66792e-01
 25   67 1.76582e-01
 25   69 1.74536e-01
 25   71 1.85872e-01
 25   73 1.59940e-01
 25   75 1.69465e-01
 25   77 1.62644e-01
 25   79 1.85768e-01
 25   81 1.70268e-01
 25   83 1.67632e-01
 25   85 1.55251e-01
 25   87 1.50590e-01
 25   89 1.29213e-01
 25   91 1.64407e-01
 26    2 4.06851e-02
 26    4 1.11043e-01
 26    6 1.77472e-01
 26    8 2.38093e-01
 26   10 2.99056e-01
 26   12 3.06517e-01
 26   14 3.17565e-01
 26   16 4.27901e-01
 26   18 4.66919e-01
 26   20 5.76949e-01
 26   22 1.43683e+00
 26   24 4.41737e+00
 26   26 4.57972e+01
 26   28 4.42918e+00
 26   30 1.45929e+00
 26   32 5.75058e-01
 26   34 4.67562e-01
 26   36 4.61275e-01
 26   38 3.40666e-01
 26   40 2.99072e-01
 26   42 3.10449e-01
 26   44 2.27970e-01
 26   46 2.12506e-01
 26   48 2.21501e-01
 26   50 1.74608e-01
 26   52 1.69459e-01
 26   54 1.59870e-01
 26   56 1.58404e-01
 26   58 1.82288e-01
 26   60 1.72166e-01
 26   62 1.97558e-01
 26   64 1.74182e-01
 26   66 1.80435e-01
 26   68 1.73977e-01
 26   70 1.77410e-01
 26   72 1.44180e-01
 26   74 1.72557e-01
 26   76 1.54491e-01
 26   78 1.67880e-01
 26   80 1.61366e-01
 26   82 1.42199e-01
 26   84 1.79814e-01
 26   86 1.70234e-01
 26   88 1.18221e-01
 26   90 1.59120e-01
 27    1 1.15870e-02
 27    3 6.76264e-02
 27    5 1.32475e-01
 27    7 1.89780e-01
 27    9 2.61984e-01
 27   11 2.88774e-01
 27   13 2.94871e-01
 27   15 3.04895e-01
 27   17 3.94102e-01
 27   19 4.37393e-01
 27   21 5.72368e-01
 27   23 1.38285e+00
 27   25 4.25090e+00
 27   27 4.41076e+01
 27   29 4.25724e+00
 27   31 1.39413e+00
 27   33 5.46233e-01
 27   35 4.56528e-01
 27   37 4.37493e-01
 27   39 3.03223e-01
 27   41 3.00001e-01
 27   43 2.83498e-01
 27   45 2.31725e-01
 27   47 2.23575e-01
 27   49 1.93185e-01
 27   51 1.63469e-01
 27   53 1.57819e-01
 27   55 1.55988e-01
 27   57 1.66794e-01
 27   59 1.69319e-01
 27   61 1.47859e-01
 27   63 1.73374e-01
 27   65 1.55148e-01
 27   67 1.77540e-01
 27   69 1.65785e-01
 27   71 1.90045e-01
 27   73 1.31257e-01
 27   75 1.56983e-01
 27   77 1.44151e-01
 27   79 1.40809e-01
 27   81 1.84608e-01
 27   83 1.21844e-01
 27   85 1.81456e-01
 27   87 1.57711e-01
 27   89 1.26060e-01
 27   91 1.36400e-01
 28    2 4.17216e-02
 28    4 9.80004e-02
 28    6 1.51088e-01
 28    8 2.23818e-01
 28   10 2.49871e-01
 28   12 2.73979e-01
 28   14 2.79666e-01
 28   16 2.92602e-01
 28   18 3.84655e-01
 28   20 4.21423e-01
 28   22 5.31429e-01
 28   24 1.34746e+00
 28   26 4.11360e+00
 28   28 4.25404e+01
 28   30 4.09832e+00
 28   32 1.33224e+00
 28   34 5.14048e-01
 28   36 4.17691e-01
 28   38 4.09643e-01
 28   40 2.87602e-01
 28   42 2.67628e-01
 28   44 2.79837e-01
 28   46 2.22906e-01
 28   48 2.17104e-01
 28   50 1.85789e-01
 28   52 1.56397e-01
 28   54 1.58755e-01
 28   56 1.76859e-01
 28   58 1.79893e-01
 28   60 1.65678e-01
 28   62 1.67266e-01
 28   64 1.54614e-01
 28   66 1.69941e-01
 28   68 1.42134e-01
 28   70 1.50040e-01
 28   72 1.29978e-01
 28   74 1.47844e-01
 28   76 1.63788e-01
 28   78 1.26066e-01
 28   80 2.04673e-01
 28   82 1.35830e-01
 28   84 1.76622e-01
 28   86 1.63511e-01
 28   88 1.24833e-01
 28   90 1.43708e-01
 29    1 1.23333e-02
 29    3 6.42998e-02
 29    5 1.11824e-01
 29    7 1.69032e-01
 29    9 2.23387e-01
 29   11 2.32571e-01
 29   13 2.61625e-01
 29   15 2.60059e-01
 29   17 2.95918e-01
 29   19 3.90962e-01
 29   21 4.06030e-01
 29   23 5.16188e-01
 29   25 1.30271e+00
 29   27 3.96504e+00
 29   29 4.10894e+01
 29   31 3.94636e+00
 29   33 1.28747e+00
 29   35 4.96250e-01
 29   37 3.97264e-01
 29   39 3.85591e-01
 29   41 2.75812e-01
 29   43 2.65021e-01
 29   45 2.64336e-01
 29   47 2.09791e-01
 29   49 1.82538e-01
 29   51 1.68869e-01
 29   53 1.56884e-01
 29   55 1.50018e-01
 29   57 1.58178e-01
 29   59 1.65841e-01
 29   61 1.71967e-01
 29   63 1.58914e-01
 29   65 1.36137e-01
 29   67 1.84744e-01
 29   69 1.22879e-01
 29   71 1.45106e-01
 29   73 1.43357e-01
 29   75 1.58307e-01
 29   77 1.23884e-01
 29   79 1.25249e-01
 29   81 1.78792e-01
 29   83 1.46443e-01
 29   85 1.73173e-01
 29   87 1.45621e-01
 29   89 1.09677e-01
 29   91 1.33783e-01
 30    2 3.67005e-02
 30    4 8.15499e-02
 30    6 1.38655e-01
 30    8 1.82792e-01
 30   10 2.09029e-01
 30   12 2.25651e-01
 30   14 2.49929e-01
 30   16 2.52577e-01
 30   18 2.80017e-01
 30   20 3.81199e-01
 30   22 3.92356e-01
 30   24 5.10742e-01
 30   26 1.26560e+00
 30   28 3.82703e+00
 30   30 3.97534e+01
 30   32 3.81556e+00
 30   34 1.25574e+00
 30   36 4.54455e-01
 30   38 3.71463e-01
 30   40 3.78058e-01
 30   42 2.63199e-01
 30   44 2.50605e-01
 30   46 2.51526e-01
 30   48 2.11150e-01
 30   50 1.78842e-01
 30   52 1.72365e-01
 30   54 1.49467e-01
 30   56 1.60272e-01
 30   58 1.54718e-01
 30   60 1.84333e-01
 30   62 1.59579e-01
 30   64 1.34886e-01
 30   66 1.52953e-01
 30   68 1.30880e-01
 30   70 1.47327e-01
 30   72 1.35968e-01
 30   74 1.38775e-01
 30   76 1.34604e-01
 30   78 1.32756e-01
 30   80 1.98273e-01
 30   82 1.30795e-01
 30   84 1.51495e-01
 30   86 1.41872e-01
 30   88 1.25877e-01
 30   90 1.33944e-01
 31    1 1.39572e-02
 31    3 6.12004e-02
 31    5 1.05369e-01
 31    7 1.56495e-01
 31    9 2.04404e-01
 31   11 1.93951e-01
 31   13 2.11941e-01
 31   15 2.41295e-01
 31   17 2.48971e-01
 31   19 2.78813e-01
 31   21 3.63682e-01
 31   23 3.91377e-01
 31   25 4.88622e-01
 31   27 1.21546e+00
 31   29 3.69414e+00
 31   31 3.84540e+01
 31   33 3.67117e+00
 31   35 1.18931e+00
 31   37 4.37458e-01
 31   39 3.66873e-01
 31   41 3.65079e-01
 31   43 2.57887e-01
 31   45 2.36034e-01
 31   47 2.29296e-01
 31   49 2.16132e-01
 31   51 1.62661e-01
 31   53 1.61491e-01
 31   55 1.50242e-01
 31   57 1.37263e-01
 31   59 1.46692e-01
 31   61 1.71633e-01
 31   63 1.64983e-01
 31   65 1.42822e-01
 31   67 1.51816e-01
 31   69 1.42226e-01
 31   71 1.45770e-01
 31   73 1.17855e-01
 31   75 1.31445e-01
 31   77 1.39021e-01
 31   79 9.79077e-02
 31   81 1.89443e-01
 31   83 1.22751e-01
 31   85 1.48029e-01
 31   87 1.39500e-01
 31   89 1.14803e-01
 31   91 1.33762e-01
 32    2 3.69224e-02
 32    4 8.04519e-02
 32    6 1.19465e-01
 32    8 1.73280e-01
 32   10 1.93394e-01
 32   12 2.01427e-01
 32   14 2.00145e-01
 32   16 2.27581e-01
 32   18 2.47312e-01
 32   20 2.74622e-01
 32   22 3.70213e-01
 32   24 3.88345e-01
 32   26 4.67926e-01
 32   28 1.16721e+00
 32   30 3.57988e+00
 32   32 3.72828e+01
 32   34 3.55269e+00
 32   36 1.13287e+00
 32   38 3.99100e-01
 32   40 3.58588e-01
 32   42 3.58017e-01
 32   44 2.47295e-01
 32   46 2.40377e-01
 32   48 2.40413e-01
 32   50 1.95078e-01
 32   52 1.63344e-01
 32   54 1.61858e-01
 32   56 1.52315e-01
 32   58 1.52040e-01
 32   60 1.65874e-01
 32   62 1.46028e-01
 32   64 1.32298e-01
 32   66 1.72027e-01
 32   68 1.27657e-01
 32   70 1.42758e-01
 32   72 1.13604e-01
 32   74 1.32581e-01
 32   76 1.30978e-01
 32   78 1.33737e-01
 32   80 1.54872e-01
 32   82 1.21558e-01
 32   84 1.47463e-01
 32   86 1.41738e-01
 32   88 1.05450e-01
 32   90 1.28745e-01
 33    1 1.02543e-02
 33    3 4.97985e-02
 33    5 9.31942e-02
 33    7 1.40144e-01
 33    9 1.85546e-01
 33   11 1.84964e-01
 33   13 1.81682e-01
 33   15 1.88358e-01
 33   17 2.17633e-01
 33   19 2.45464e-01
 33   21 2.70981e-01
 33   23 3.69792e-01
 33   25 3.87411e-01
 33   27 4.47772e-01
 33   29 1.13317e+00
 33   31 3.45181e+00
 33   33 3.61601e+01
 33   35 3.41900e+00
 33   37 1.08378e+00
 33   39 3.81101e-01
 33   41 3.48556e-01
 33   43 3.50157e-01
 33   45 2.38038e-01
 33   47 2.23612e-01
 33   49 2.16690e-01
 33   51 1.93224e-01
 33   53 1.63258e-01
 33   55 1.66349e-01
 33   57 1.52160e-01
 33   59 1.51202e-01
 33   61 1.42146e-01
 33   63 1.47861e-01
 33   65 1.25673e-01
 33   67 1.35675e-01
 33   69 1.19082e-01
 33   71 1.41807e-01
 33   73 1.05197e-01
 33   75 1.24218e-01
 33   77 1.25241e-01
 33   79 1.17931e-01
 33   81 1.62205e-01
 33   83 1.25814e-01
 33   85 1.37393e-01
 33   87 1.36699e-01
 33   89 1.09748e-01
 33   91 1.18489e-01
 34    2 2.73304e-02
 34    4 6.46550e-02
 34    6 1.12838e-01
 34    8 1.53177e-01
 34   10 1.69486e-01
 34   12 1.79332e-01
 34   14 1.85129e-01
 34   16 1.88377e-01
 34   18 2.28234e-01
 34   20 2.41698e-01
 34   22 2.59081e-01
 34   24 3.56879e-01
 34   26 3.58446e-01
 34   28 4.24315e-01
 34   30 1.11002e+00
 34   32 3.34716e+00
 34   34 3.51012e+01
 34   36 3.29138e+00
 34   38 1.04200e+00
 34   40 3.81159e-01
 34   42 3.47138e-01
 34   44 3.42966e-01
 34   46 2.36326e-01
 34   48 2.16453e-01
 34   50 2.16572e-01
 34   52 1.76504e-01
 34   54 1.73984e-01
 34   56 1.85334e-01
 34   58 1.46320e-01
 34   60 1.34984e-01
 34   62 1.49572e-01
 34   64 1.52834e-01
 34   66 1.37287e-01
 34   68 1.19907e-01
 34   70 1.24478e-01
 34   72 1.15880e-01
 34   74 1.18712e-01
 34   76 1.17882e-01
 34   78 1.24966e-01
 34   80 1.59362e-01
 34   82 1.16263e-01
 34   84 1.47040e-01
 34   86 1.10045e-01
 34   88 1.02388e-01
 34   90 1.32050e-01
 35    1 8.39580e-03
 35    3 5.07625e-02
 35    5 9.25966e-02
 35    7 1.31395e-01
 35    9 1.62654e-01
 35   11 1.59102e-01
 35   13 1.74408e-01
 35   15 1.81302e-01
 35   17 1.92691e-01
 35   19 2.23761e-01
 35   21 2.36260e-01
 35   23 2.50828e-01
 35   25 3.34029e-01
 35   27 3.53257e-01
 35   29 4.12291e-01
 35   31 1.05556e+00
 35   33 3.22733e+00
 35   35 3.41025e+01
 35   37 3.19413e+00
 35   39 1.02406e+00
 35   41 3.62170e-01
 35   43 3.31056e-01
 35   45 3.18332e-01
 35   47 2.19381e-01
 35   49 2.15663e-01
 35   51 2.06641e-01
 35   53 1.74905e-01
 35   55 1.68335e-01
 35   57 1.73085e-01
 35   59 1.39636e-01
 35   61 1.35111e-01
 35   63 1.47623e-01
 35   65 1.24540e-01
 35   67 1.44510e-01
 35   69 1.00729e-01
 35   71 1.21999e-01
 35   73 1.11830e-01
 35   75 1.19657e-01
 35   77 1.23263e-01
 35   79 1.53905e-01
 35   81 1.27088e-01
 35   83 1.06742e-01
 35   85 1.41568e-01
 35   87 1.16701e-01
 35   89 8.90454e-02
 35   91 1.24897e-01
 36    2 2.62957e-02
 36    4 6.76755e-02
 36    6 1.00154e-01
 36    8 1.44175e-01
 36   10 1.63604e-01
 36   12 1.57847e-01
 36   14 1.66672e-01
 36   16 1.83509e-01
 36   18 1.89150e-01
 36   20 2.28199e-01
 36   22 2.29861e-01
 36   24 2.39495e-01
 36   26 3.34401e-01
 36   28 3.26035e-01
 36   30 3.79877e-01
 36   32 1.00930e+00
 36   34 3.11245e+00
 36   36 3.31720e+01
 36   38 3.11372e+00
 36   40 9.93978e-01
 36   42 3.46411e-01
 36   44 3.21575e-01
 36   46 3.25218e-01
 36   48 2.28575e-01
 36   50 2.10020e-01
 36   52 2.21645e-01
 36   54 1.86612e-01
 36   56 1.66373e-01
 36   58 1.58360e-01
 36   60 1.44993e-01
 36   62 1.26867e-01
 36   64 1.32886e-01
 36   66 1.23849e-01
 36   68 1.28313e-01
 36   70 1.31841e-01
 36   72 1.20022e-01
 36   74 1.16163e-01
 36   76 1.11787e-01
 36   78 1.17408e-01
 36   80 1.32194e-01
 36   82 1.00022e-01
 36   84 1.31833e-01
 36   86 1.20087e-01
 36   88 9.39298e-02
 36   90 1.28379e-01
 37    1 8.39931e-03
 37    3 4.21963e-02
 37    5 7.74128e-02
 37    7 1.08495e-01
 37    9 1.60309e-01
 37   11 1.54700e-01
 37   13 1.49340e-01
 37   15 1.61043e-01
 37   17 1.66828e-01
 37   19 1.87945e-01
 37   21 2.15335e-01
 37   23 2.31588e-01
 37   25 2.40667e-01
 37   27 3.20667e-01
 37   29 3.12640e-01
 37   31 3.67776e-01
 37   33 9.69053e-01
 37   35 3.02561e+00
 37   37 3.22993e+01
 37   39 3.01802e+00
 37   41 9.63421e-01
 37   43 3.28356e-01
 37   45 3.10126e-01
 37   47 3.07145e-01
 37   49 2.16318e-01
 37   51 2.14679e-01
 37   53 2.16281e-01
 37   55 1.83168e-01
 37   57 1.56225e-01
 37   59 1.52040e-01
 37   61 1.35305e-01
 37   63 1.15988e-01
 37   65 1.38829e-01
 37   67 1.25787e-01
 37   69 1.15409e-01
 37   71 1.27203e-01
 37   73 1.14574e-01
 37   75 1.09666e-01
 37   77 1.05010e-01
 37   79 1.07206e-01
 37   81 1.36858e-01
 37   83 1.01565e-01
 37   85 1.20604e-01
 37   87 1.17048e-01
 37   89 1.00147e-01
 37   91 1.14513e-01
 38    2 2.21203e-02
 38    4 5.14547e-02
 38    6 8.73821e-02
 38    8 1.27105e-01
 38   10 1.58231e-01
 38   12 1.46640e-01
 38   14 1.51480e-01
 38   16 1.67713e-01
 38   18 1.74933e-01
 38   20 1.81148e-01
 38   22 2.25162e-01
 38   24 2.20379e-01
 38   26 2.34313e-01
 38   28 3.03370e-01
 38   30 2.94596e-01
 38   32 3.37352e-01
 38   34 9.34865e-01
 38   36 2.95419e+00
 38   38 3.14702e+01
 38   40 2.92311e+00
 38   42 9.26359e-01
 38   44 3.21034e-01
 38   46 2.97985e-01
 38   48 3.28655e-01
 38   50 2.24348e-01
 38   52 2.25495e-01
 38   54 2.11264e-01
 38   56 1.72221e-01
 38   58 1.40736e-01
 38   60 1.45621e-01
 38   62 1.28345e-01
 38   64 1.18020e-01
 38   66 1.18535e-01
 38   68 1.35990e-01
 38   70 1.27162e-01
 38   72 1.25856e-01
 38   74 1.11158e-01
 38   76 1.08031e-01
 38   78 8.77084e-02
 38   80 1.45142e-01
 38   82 1.10645e-01
 38   84 1.05994e-01
 38   86 1.19998e-01
 38   88 9.76279e-02
 38   90 1.18400e-01
 39    1 7.52476e-03
 39    3 3.78739e-02
 39    5 7.03933e-02
 39    7 1.04646e-01
 39    9 1.46769e-01
 39   11 1.50042e-01
 39   13 1.48463e-01
 39   15 1.55093e-01
 39   17 1.64746e-01
 39   19 1.57005e-01
 39   21 1.75781e-01
 39   23 1.99020e-01
 39   25 2.10788e-01
 39   27 2.11187e-01
 39   29 2.88345e-01
 39   31 2.93079e-01
 39   33 3.23793e-01
 39   35 9.21741e-01
 39   37 2.86776e+00
 39   39 3.06440e+01
 39   41 2.83762e+00
 39   43 8.96703e-01
 39   45 3.10581e-01
 39   47 2.99902e-01
 39   49 3.02261e-01
 39   51 2.29795e-01
 39   53 2.16609e-01
 39   55 1.96975e-01
 39   57 1.63030e-01
 39   59 1.41292e-01
 39   61 1.44652e-01
 39   63 1.20790e-01
 39   65 1.18307e-01
 39   67 1.01321e-01
 39   69 1.52323e-01
 39   71 1.20919e-01
 39   73 1.20004e-01
 39   75 1.17594e-01
 39   77 9.62014e-02
 39   79 8.42304e-02
 39   81 1.28153e-01
 39   83 1.05185e-01
 39   85 1.11057e-01
 39   87 1.21644e-01
 39   89 1.07038e-01
 39   91 9.37373e-02
 40    2 2.08823e-02
 40    4 4.78653e-02
 40    6 7.95164e-02
 40    8 1.13164e-01
 40   10 1.41903e-01
 40   12 1.46037e-01
 40   14 1.46080e-01
 40   16 1.51760e-01
 40   18 1.59184e-01
 40   20 1.65798e-01
 40   22 1.89605e-01
 40   24 2.02573e-01
 40   26 1.95746e-01
 40   28 2.02680e-01
 40   30 2.85313e-01
 40   32 2.88436e-01
 40   34 3.25417e-01
 40   36 8.97402e-01
 40   38 2.78161e+00
 40   40 2.99356e+01
 40   42 2.76359e+00
 40   44 8.76943e-01
 40   46 3.12617e-01
 40   48 2.98959e-01
 40   50 3.27263e-01
 40   52 2.18178e-01
 40   54 2.05289e-01
 40   56 1.94344e-01
 40   58 1.56676e-01
 40   60 1.38439e-01
 40   62 1.31302e-01
 40   64 1.40579e-01
 40   66 1.15126e-01
 40   68 1.24655e-01
 40   70 1.09428e-01
 40   72 1.14475e-01
 40   74 1.05955e-01
 40   76 1.03220e-01
 40   78 1.03349e-01
 40   80 1.17071e-01
 40   82 1.00496e-01
 40   84 1.18358e-01
 40   86 8.64781e-02
 40   88 9.60171e-02
 40   90 9.88001e-02
 41    1 7.16715e-03
 41    3 3.19090e-02
 41    5 6.26173e-02
 41    7 8.96353e-02
 41    9 1.21167e-01
 41   11 1.36442e-01
 41   13 1.41309e-01
 41   15 1.38555e-01
 41   17 1.43830e-01
 41   19 1.66797e-01
 41   21 1.51357e-01
 41   23 1.66856e-01
 41   25 1.87675e-01
 41   27 1.99104e-01
 41   29 1.96540e-01
 41   31 2.77912e-01
 41   33 2.82195e-01
 41   35 3.10632e-01
 41   37 8.72344e-01
 41   39 2.70399e+00
 41   41 2.92128e+01
 41   43 2.68594e+00
 41   45 8.57078e-01
 41   47 2.98964e-01
 41   49 2.86448e-01
 41   51 3.16755e-01
 41   53 2.00720e-01
 41   55 2.00108e-01
 41   57 1.76946e-01
 41   59 1.55423e-01
 41   61 1.37253e-01
 41   63 1.26390e-01
 41   65 1.24594e-01
 41   67 1.19639e-01
 41   69 1.28962e-01
 41   71 1.09279e-01
 41   73 1.10205e-01
 41   75 9.05058e-02
 41   77 1.02072e-01
 41   79 9.56781e-02
 41   81 1.10081e-01
 41   83 1.06289e-01
 41   85 1.21663e-01
 41   87 9.28385e-02
 41   89 8.73422e-02
 41   91 1.10564e-01
 42    2 2.03570e-02
 42    4 4.76074e-02
 42    6 7.48345e-02
 42    8 1.04912e-01
 42   10 1.28788e-01
 42   12 1.38063e-01
 42   14 1.39851e-01
 42   16 1.34126e-01
 42   18 1.42703e-01
 42   20 1.60084e-01
 42   22 1.50504e-01
 42   24 1.54055e-01
 42   26 1.93878e-01
 42   28 1.79958e-01
 42   30 1.89526e-01
 42   32 2.74775e-01
 42   34 2.82786e-01
 42   36 2.98416e-01
 42   38 8.41108e-01
 42   40 2.63691e+00
 42   42 2.85737e+01
 42   44 2.61908e+00
 42   46 8.39368e-01
 42   48 3.02380e-01
 42   50 2.89687e-01
 42   52 2.93213e-01
 42   54 1.97571e-01
 42   56 1.93058e-01
 42   58 1.87552e-01
 42   60 1.52718e-01
 42   62 1.29568e-01
 42   64 1.45978e-01
 42   66 1.31681e-01
 42   68 1.10106e-01
 42   70 1.08938e-01
 42   72 1.11192e-01
 42   74 8.93994e-02
 42   76 1.01697e-01
 42   78 1.24484e-01
 42   80 1.09494e-01
 42   82 9.47441e-02
 42   84 1.06977e-01
 42   86 9.28213e-02
 42   88 7.29277e-02
 42   90 9.93103e-02
 43    1 6.95590e-03
 43    3 3.38489e-02
 43    5 6.16392e-02
 43    7 8.96905e-02
 43    9 1.17505e-01
 43   11 1.30860e-01
 43   13 1.40623e-01
 43   15 1.40489e-01
 43   17 1.23847e-01
 43   19 1.32229e-01
 43   21 1.48144e-01
 43   23 1.35384e-01
 43   25 1.59139e-01
 43   27 1.79751e-01
 43   29 1.80420e-01
 43   31 1.87549e-01
 43   33 2.70836e-01
 43   35 2.71269e-01
 43   37 2.84043e-01
 43   39 8.16329e-01
 43   41 2.56603e+00
 43   43 2.79183e+01
 43   45 2.55025e+00
 43   47 8.12018e-01
 43   49 2.96207e-01
 43   51 2.71810e-01
 43   53 2.77156e-01
 43   55 2.02253e-01
 43   57 1.80175e-01
 43   59 1.86503e-01
 43   61 1.40107e-01
 43   63 1.21947e-01
 43   65 1.32670e-01
 43   67 1.19966e-01
 43   69 1.21879e-01
 43   71 9.47934e-02
 43   73 1.10955e-01
 43   75 9.60239e-02
 43   77 1.11272e-01
 43   79 9.00348e-02
 43   81 1.18807e-01
 43   83 9.34880e-02
 43   85 1.04015e-01
 43   87 9.34212e-02
 43   89 8.10897e-02
 43   91 8.91147e-02
 44    2 2.17759e-02
 44    4 4.62663e-02
 44    6 7.83891e-02
 44    8 1.10928e-01
 44   10 1.26450e-01
 44   12 1.35128e-01
 44   14 1.30707e-01
 44   16 1.25114e-01
 44   18 1.23293e-01
 44   20 1.24920e-01
 44   22 1.25928e-01
 44   24 1.30580e-01
 44   26 1.36177e-01
 44   28 1.79984e-01
 44   30 1.72608e-01
 44   32 1.81542e-01
 44   34 2.67236e-01
 44   36 2.64973e-01
 44   38 2.78811e-01
 44   40 8.00350e-01
 44   42 2.50516e+00
 44   44 2.73162e+01
 44   46 2.49151e+00
 44   48 7.88491e-01
 44   50 2.94349e-01
 44   52 2.60540e-01
 44   54 2.76931e-01
 44   56 1.88753e-01
 44   58 1.80472e-01
 44   60 1.81357e-01
 44   62 1.51221e-01
 44   64 1.35581e-01
 44   66 1.22992e-01
 44   68 1.15126e-01
 44   70 9.28134e-02
 44   72 1.19195e-01
 44   74 9.49377e-02
 44   76 9.73453e-02
 44   78 9.20446e-02
 44   80 1.39316e-01
 44   82 8.61857e-02
 44   84 8.84989e-02
 44   86 1.10352e-01
 44   88 8.10817e-02
 44   90 8.91065e-02
 45    1 8.23277e-03
 45    3 3.50996e-02
 45    5 6.01386e-02
 45    7 8.90500e-02
 45    9 1.19898e-01
 45   11 1.20999e-01
 45   13 1.27748e-01
 45   15 1.30018e-01
 45   17 1.26009e-01
 45   19 1.14464e-01
 45   21 1.15150e-01
 45   23 1.23768e-01
 45   25 1.16637e-01
 45   27 1.40695e-01
 45   29 1.72324e-01
 45   31 1.64379e-01
 45   33 1.76309e-01
 45   35 2.49784e-01
 45   37 2.56898e-01
 45   39 2.70755e-01
 45   41 7.84101e-01
 45   43 2.44212e+00
 45   45 2.67345e+01
 45   47 2.42205e+00
 45   49 7.68804e-01
 45   51 2.86141e-01
 45   53 2.64968e-01
 45   55 2.62931e-01
 45   57 1.92286e-01
 45   59 1.67185e-01
 45   61 1.68092e-01
 45   63 1.53403e-01
 45   65 1.28094e-01
 45   67 1.19657e-01
 45   69 1.14460e-01
 45   71 1.02070e-01
 45   73 1.12613e-01
 45   75 8.70261e-02
 45   77 9.45269e-02
 45   79 1.27027e-01
 45   81 1.15218e-01
 45   83 7.62762e-02
 45   85 7.44888e-02
 45   87 1.09669e-01
 45   89 8.21376e-02
 45   91 7.70705e-02
 46    2 2.06310e-02
 46    4 4.71650e-02
 46    6 7.60324e-02
 46    8 1.07799e-01
 46   10 1.25107e-01
 46   12 1.18057e-01
 46   14 1.20374e-01
 46   16 1.20886e-01
 46   18 1.15642e-01
 46   20 1.10954e-01
 46   22 1.07580e-01
 46   24 1.15354e-01
 46   26 1.21692e-01
 46   28 1.37439e-01
 46   30 1.66080e-01
 46   32 1.69167e-01
 46   34 1.76529e-01
 46   36 2.56895e-01
 46   38 2.48094e-01
 46   40 2.73516e-01
 46   42 7.69665e-01
 46   44 2.38850e+00
 46   46 2.61531e+01
 46   48 2.36631e+00
 46   50 7.53746e-01
 46   52 2.66418e-01
 46   54 2.48952e-01
 46   56 2.65018e-01
 46   58 1.86128e-01
 46   60 1.68039e-01
 46   62 1.78935e-01
 46   64 1.48441e-01
 46   66 1.15963e-01
 46   68 1.24273e-01
 46   70 9.91047e-02
 46   72 1.00101e-01
 46   74 8.48959e-02
 46   76 1.00224e-01
 46   78 9.41134e-02
 46   80 1.09859e-01
 46   82 8.92364e-02
 46   84 1.02216e-01
 46   86 8.35937e-02
 46   88 1.04888e-01
 46   90 9.74710e-02
 47    1 6.21396e-03
 47    3 3.13259e-02
 47    5 5.93243e-02
 47    7 8.44539e-02
 47    9 1.15432e-01
 47   11 1.20409e-01
 47   13 1.15462e-01
 47   15 1.15914e-01
 47   17 1.18245e-01
 47   19 1.05263e-01
 47   21 1.02166e-01
 47   23 1.13362e-01
 47   25 1.13446e-01
 47   27 1.30272e-01
 47   29 1.31248e-01
 47   31 1.53245e-01
 47   33 1.58944e-01
 47   35 1.65197e-01
 47   37 2.44167e-01
 47   39 2.50900e-01
 47   41 2.62477e-01
 47   43 7.46227e-01
 47   45 2.32436e+00
 47   47 2.56125e+01
 47   49 2.30833e+00
 47   51 7.36379e-01
 47   53 2.53652e-01
 47   55 2.50408e-01
 47   57 2.58299e-01
 47   59 1.86919e-01
 47   61 1.60827e-01
 47   63 1.67734e-01
 47   65 1.45656e-01
 47   67 1.27447e-01
 47   69 1.11817e-01
 47   71 9.55972e-02
 47   73 1.01976e-01
 47   75 8.10085e-02
 47   77 9.43479e-02
 47   79 9.14343e-02
 47   81 9.91258e-02
 47   83 9.21834e-02
 47   85 9.62678e-02
 47   87 8.77451e-02
 47   89 8.95385e-02
 47   91 9.46312e-02
 48    2 1.98903e-02
 48    4 4.95112e-02
 48    6 7.69048e-02
 48    8 1.01562e-01
 48   10 1.14800e-01
 48   12 1.12510e-01
 48   14 1.10111e-01
 48   16 1.07715e-01
 48   18 9.70055e-02
 48   20 8.99534e-02
 48   22 9.03035e-02
 48   24 9.97149e-02
 48   26 1.21850e-01
 48   28 1.28593e-01
 48   30 1.33932e-01
 48   32 1.62532e-01
 48   34 1.55320e-01
 48   36 1.73448e-01
 48   38 2.62858e-01
 48   40 2.51270e-01
 48   42 2.66356e-01
 48   44 7.26136e-01
 48   46 2.27316e+00
 48   48 2.51064e+01
 48   50 2.23847e+00
 48   52 7.10096e-01
 48   54 2.47196e-01
 48   56 2.41032e-01
 48   58 2.54479e-01
 48   60 1.71588e-01
 48   62 1.53474e-01
 48   64 1.55731e-01
 48   66 1.45029e-01
 48   68 1.30736e-01
 48   70 1.00462e-01
 48   72 1.05102e-01
 48   74 8.79944e-02
 48   76 1.00752e-01
 48   78 8.28893e-02
 48   80 9.08569e-02
 48   82 1.01260e-01
 48   84 1.07549e-01
 48   86 8.77939e-02
 48   88 7.63621e-02
 48   90 1.22556e-01
 49    1 6.02008e-03
 49    3 3.17324e-02
 49    5 6.32416e-02
 49    7 8.79280e-02
 49    9 1.13234e-01
 49   11 1.17590e-01
 49   13 1.10356e-01
 49   15 9.92599e-02
 49   17 9.64224e-02
 49   19 1.03669e-01
 49   21 8.53036e-02
 49   23 8.41874e-02
 49   25 9.96809e-02
 49   27 1.08238e-01
 49   29 1.09810e-01
 49   31 1.38896e-01
 49   33 1.48105e-01
 49   35 1.56157e-01
 49   37 1.65354e-01
 49   39 2.43156e-01
 49   41 2.41823e-01
 49   43 2.61747e-01
 49   45 7.09441e-01
 49   47 2.21962e+00
 49   49 2.46151e+01
 49   51 2.18306e+00
 49   53 6.90397e-01
 49   55 2.41929e-01
 49   57 2.35869e-01
 49   59 2.37597e-01
 49   61 1.79019e-01
 49   63 1.50075e-01
 49   65 1.63219e-01
 49   67 1.26536e-01
 49   69 1.35783e-01
 49   71 9.61759e-02
 49   73 9.73852e-02
 49   75 8.66182e-02
 49   77 1.03116e-01
 49   79 8.39353e-02
 49   81 1.00043e-01
 49   83 9.44938e-02
 49   85 1.12516e-01
 49   87 8.45762e-02
 49   89 9.23154e-02
 49   91 1.02735e-01
 50    2 2.05205e-02
 50    4 5.00022e-02
 50    6 7.53519e-02
 50    8 9.45262e-02
 50   10 1.15892e-01
 50   12 1.11075e-01
 50   14 1.03621e-01
 50   16 9.11105e-02
 50   18 8.89870e-02
 50   20 8.68164e-02
 50   22 8.81670e-02
 50   24 9.11610e-02
 50   26 9.24484e-02
 50   28 1.05914e-01
 50   30 1.09182e-01
 50   32 1.26934e-01
 50   34 1.49573e-01
 50   36 1.53386e-01
 50   38 1.72699e-01
 50   40 2.64736e-01
 50   42 2.45598e-01
 50   44 2.60898e-01
 50   46 6.96900e-01
 50   48 2.15446e+00
 50   50 2.41937e+01
 50   52 2.12975e+00
 50   54 6.93158e-01
 50   56 2.42590e-01
 50   58 2.29982e-01
 50   60 2.30404e-01
 50   62 1.66420e-01
 50   64 1.55872e-01
 50   66 1.58928e-01
 50   68 1.22514e-01
 50   70 1.11767e-01
 50   72 1.05511e-01
 50   74 9.69252e-02
 50   76 9.60826e-02
 50   78 9.77105e-02
 50   80 1.07752e-01
 50   82 8.11421e-02
 50   84 7.92127e-02
 50   86 9.96442e-02
 50   88 8.90796e-02
 50   90 8.72033e-02
 51    1 7.09209e-03
 51    3 3.31470e-02
 51    5 5.83637e-02
 51    7 8.42874e-02
 51    9 1.08336e-01
 51   11 1.04615e-01
 51   13 9.97498e-02
 51   15 9.20191e-02
 51   17 8.36095e-02
 51   19 7.67976e-02
 51   21 7.93968e-02
 51   23 8.98943e-02
 51   25 9.09012e-02
 51   27 8.82311e-02
 51   29 9.78626e-02
 51   31 1.00700e-01
 51   33 1.27224e-01
 51   35 1.44138e-01
 51   37 1.58085e-01
 51   39 1.78082e-01
 51   41 2.57605e-01
 51   43 2.31382e-01
 51   45 2.54366e-01
 51   47 6.82118e-01
 51   49 2.10302e+00
 51   51 2.37111e+01
 51   53 2.08108e+00
 51   55 6.61349e-01
 51   57 2.35855e-01
 51   59 2.32008e-01
 51   61 2.26449e-01
 51   63 1.61580e-01
 51   65 1.54707e-01
 51   67 1.48607e-01
 51   69 1.22393e-01
 51   71 9.70379e-02
 51   73 1.08746e-01
 51   75 9.79203e-02
 51   77 9.18203e-02
 51   79 8.67706e-02
 51   81 1.01717e-01
 51   83 8.74774e-02
 51   85 9.40780e-02
 51   87 1.03067e-01
 51   89 8.36857e-02
 51   91 9.27131e-02
 52    2 2.14309e-02
 52    4 4.47283e-02
 52    6 7.00637e-02
 52    8 9.91781e-02
 52   10 1.12952e-01
 52   12 1.05434e-01
 52   14 9.52482e-02
 52   16 8.41056e-02
 52   18 7.70597e-02
 52   20 7.66712e-02
 52   22 8.78251e-02
 52   24 9.30765e-02
 52   26 8.65074e-02
 52   28 8.59641e-02
 52   30 1.01457e-01
 52   32 1.02477e-01
 52   34 1.17533e-01
 52   36 1.56077e-01
 52   38 1.67363e-01
 52   40 1.70169e-01
 52   42 2.39681e-01
 52   44 2.22657e-01
 52   46 2.37500e-01
 52   48 6.58958e-01
 52   50 2.05344e+00
 52   52 2.33032e+01
 52   54 2.03732e+00
 52   56 6.70224e-01
 52   58 2.28011e-01
 52   60 2.16671e-01
 52   62 2.27702e-01
 52   64 1.68438e-01
 52   66 1.44912e-01
 52   68 1.37712e-01
 52   70 1.22093e-01
 52   72 1.22195e-01
 52   74 1.03273e-01
 52   76 8.65417e-02
 52   78 9.85499e-02
 52   80 1.06523e-01
 52   82 8.76360e-02
 52   84 9.00063e-02
 52   86 9.00858e-02
 52   88 8.88817e-02
 52   90 7.83450e-02
 53    1 7.44667e-03
 53    3 3.24214e-02
 53    5 5.57443e-02
 53    7 8.40550e-02
 53    9 1.07053e-01
 53   11 1.07839e-01
 53   13 9.75991e-02
 53   15 8.22089e-02
 53   17 7.05498e-02
 53   19 6.95565e-02
 53   21 8.27342e-02
 53   23 8.91228e-02
 53   25 8.88889e-02
 53   27 8.21984e-02
 53   29 8.77327e-02
 53   31 9.64748e-02
 53   33 1.03729e-01
 53   35 1.17729e-01
 53   37 1.53687e-01
 53   39 1.61985e-01
 53   41 1.57521e-01
 53   43 2.27670e-01
 53   45 2.27294e-01
 53   47 2.26732e-01
 53   49 6.41791e-01
 53   51 2.00820e+00
 53   53 2.28717e+01
 53   55 2.00531e+00
 53   57 6.42167e-01
 53   59 2.13947e-01
 53   61 2.15069e-01
 53   63 2.29709e-01
 53   65 1.63946e-01
 53   67 1.39636e-01
 53   69 1.35397e-01
 53   71 1.17803e-01
 53   73 1.19900e-01
 53   75 9.74967e-02
 53   77 1.01321e-01
 53   79 9.31396e-02
 53   81 1.02119e-01
 53   83 9.26368e-02
 53   85 8.10147e-02
 53   87 9.13854e-02
 53   89 8.26041e-02
 53   91 7.51997e-02
 54    2 1.89681e-02
 54    4 4.51491e-02
 54    6 7.17540e-02
 54    8 9.62354e-02
 54   10 1.03396e-01
 54   12 1.00030e-01
 54   14 9.07489e-02
 54   16 8.02754e-02
 54   18 8.50649e-02
 54   20 8.03730e-02
 54   22 7.93438e-02
 54   24 8.74381e-02
 54   26 7.88175e-02
 54   28 8.42723e-02
 54   30 8.49663e-02
 54   32 9.80678e-02
 54   34 1.11887e-01
 54   36 1.26908e-01
 54   38 1.51431e-01
 54   40 1.54633e-01
 54   42 1.55970e-01
 54   44 2.28561e-01
 54   46 2.14330e-01
 54   48 2.21539e-01
 54   50 6.45437e-01
 54   52 1.96755e+00
 54   54 2.25002e+01
 54   56 1.94895e+00
 54   58 6.27697e-01
 54   60 2.23496e-01
 54   62 2.14073e-01
 54   64 2.29893e-01
 54   66 1.52479e-01
 54   68 1.29837e-01
 54   70 1.31898e-01
 54   72 1.24086e-01
 54   74 9.85856e-02
 54   76 1.04359e-01
 54   78 9.52376e-02
 54   80 9.29821e-02
 54   82 8.23701e-02
 54   84 9.50197e-02
 54   86 7.59191e-02
 54   88 7.31391e-02
 54   90 7.87191e-02
 55    1 5.91837e-03
 55    3 3.11027e-02
 55    5 5.71241e-02
 55    7 7.93158e-02
 55    9 1.02032e-01
 55   11 9.95136e-02
 55   13 8.99826e-02
 55   15 7.85628e-02
 55   17 7.95223e-02
 55   19 8.44702e-02
 55   21 7.60309e-02
 55   23 7.99713e-02
 55   25 7.16591e-02
 55   27 7.85238e-02
 55   29 8.10837e-02
 55   31 8.67487e-02
 55   33 1.02153e-01
 55   35 1.09512e-01
 55   37 1.25799e-01
 55   39 1.42369e-01
 55   41 1.51781e-01
 55   43 1.60576e-01
 55   45 2.17993e-01
 55   47 2.16337e-01
 55   49 2.17365e-01
 55   51 6.16814e-01
 55   53 1.93815e+00
 55   55 2.21040e+01
 55   57 1.90082e+00
 55   59 6.21394e-01
 55   61 2.16538e-01
 55   63 2.08877e-01
 55   65 2.16600e-01
 55   67 1.50145e-01
 55   69 1.30780e-01
 55   71 1.32473e-01
 55   73 1.32326e-01
 55   75 9.97728e-02
 55   77 9.44217e-02
 55   79 1.01220e-01
 55   81 9.13094e-02
 55   83 7.82993e-02
 55   85 8.49723e-02
 55   87 7.55332e-02
 55   89 7.26737e-02
 55   91 7.72982e-02
 56    2 1.73857e-02
 56    4 4.15262e-02
 56    6 6.72235e-02
 56    8 8.74756e-02
 56   10 9.89910e-02
 56   12 9.70219e-02
 56   14 8.06366e-02
 56   16 7.52393e-02
 56   18 8.37600e-02
 56   20 8.96696e-02
 56   22 7.56675e-02
 56   24 7.85727e-02
 56   26 7.55366e-02
 56   28 9.08068e-02
 56   30 8.81238e-02
 56   32 8.92620e-02
 56   34 1.15282e-01
 56   36 1.09437e-01
 56   38 1.19401e-01
 56   40 1.41593e-01
 56   42 1.47414e-01
 56   44 1.50681e-01
 56   46 2.20687e-01
 56   48 2.08938e-01
 56   50 2.18488e-01
 56   52 6.26068e-01
 56   54 1.88510e+00
 56   56 2.17646e+01
 56   58 1.86454e+00
 56   60 6.01350e-01
 56   62 2.13476e-01
 56   64 2.03155e-01
 56   66 2.14706e-01
 56   68 1.44493e-01
 56   70 1.16850e-01
 56   72 1.25912e-01
 56   74 1.06353e-01
 56   76 1.01381e-01
 56   78 8.95640e-02
 56   80 9.57012e-02
 56   82 6.80828e-02
 56   84 8.54159e-02
 56   86 8.61009e-02
 56   88 7.47055e-02
 56   90 8.58035e-02
 57    1 5.86071e-03
 57    3 3.16835e-02
 57    5 5.76125e-02
 57    7 7.76698e-02
 57    9 9.64055e-02
 57   11 1.01423e-01
 57   13 9.09901e-02
 57   15 7.98411e-02
 57   17 7.58537e-02
 57   19 7.58391e-02
 57   21 7.74132e-02
 57   23 7.71713e-02
 57   25 7.49859e-02
 57   27 8.12718e-02
 57   29 8.27535e-02
 57   31 7.67145e-02
 57   33 9.04443e-02
 57   35 1.08992e-01
 57   37 1.03855e-01
 57   39 1.14057e-01
 57   41 1.29911e-01
 57   43 1.38463e-01
 57   45 1.54312e-01
 57   47 2.16001e-01
 57   49 2.05126e-01
 57   51 2.12922e-01
 57   53 6.00766e-01
 57   55 1.83989e+00
 57   57 2.14012e+01
 57   59 1.82160e+00
 57   61 5.91948e-01
 57   63 2.11619e-01
 57   65 1.99006e-01
 57   67 2.08671e-01
 57   69 1.41293e-01
 57   71 1.16761e-01
 57   73 1.21530e-01
 57   75 1.02541e-01
 57   77 9.43839e-02
 57   79 9.72107e-02
 57   81 8.48545e-02
 57   83 7.47996e-02
 57   85 7.44575e-02
 57   87 8.42711e-02
 57   89 8.22647e-02
 57   91 7.56560e-02
 58    2 1.80469e-02
 58    4 4.37353e-02
 58    6 6.51104e-02
 58    8 8.10217e-02
 58   10 9.46283e-02
 58   12 9.01898e-02
 58   14 9.33247e-02
 58   16 8.24697e-02
 58   18 7.62169e-02
 58   20 7.09756e-02
 58   22 7.26932e-02
 58   24 7.66325e-02
 58   26 8.41991e-02
 58   28 8.94669e-02
 58   30 8.24014e-02
 58   32 8.63056e-02
 58   34 8.81594e-02
 58   36 1.00899e-01
 58   38 9.45115e-02
 58   40 1.10568e-01
 58   42 1.38717e-01
 58   44 1.39550e-01
 58   46 1.50131e-01
 58   48 2.13674e-01
 58   50 2.00635e-01
 58   52 2.06307e-01
 58   54 5.88087e-01
 58   56 1.80605e+00
 58   58 2.10834e+01
 58   60 1.77348e+00
 58   62 5.82826e-01
 58   64 2.02086e-01
 58   66 1.94441e-01
 58   68 1.97225e-01
 58   70 1.34968e-01
 58   72 1.28377e-01
 58   74 1.20207e-01
 58   76 1.08497e-01
 58   78 9.08049e-02
 58   80 8.59832e-02
 58   82 8.36574e-02
 58   84 7.00089e-02
 58   86 8.35999e-02
 58   88 9.42812e-02
 58   90 8.59033e-02
 59    1 5.30052e-03
 59    3 2.74135e-02
 59    5 4.82148e-02
 59    7 6.99859e-02
 59    9 9.08734e-02
 59   11 8.94663e-02
 59   13 8.40422e-02
 59   15 8.66710e-02
 59   17 8.23982e-02
 59   19 7.55051e-02
 59   21 7.19819e-02
 59   23 6.77655e-02
 59   25 6.62418e-02
 59   27 7.99687e-02
 59   29 8.40982e-02
 59   31 7.94667e-02
 59   33 8.71149e-02
 59   35 8.52292e-02
 59   37 9.79688e-02
 59   39 9.58133e-02
 59   41 1.10605e-01
 59   43 1.38924e-01
 59   45 1.30049e-01
 59   47 1.51510e-01
 59   49 2.00285e-01
 59   51 2.03017e-01
 59   53 1.94007e-01
 59   55 5.83006e-01
 59   57 1.76567e+00
 59   59 2.07181e+01
 59   61 1.74582e+00
 59   63 5.62844e-01
 59   65 2.05906e-01
 59   67 1.85135e-01
 59   69 1.97642e-01
 59   71 1.35348e-01
 59   73 1.18324e-01
 59   75 1.11937e-01
 59   77 1.04642e-01
 59   79 9.19915e-02
 59   81 9.07445e-02
 59   83 7.18882e-02
 59   85 7.64910e-02
 59   87 7.96968e-02
 59   89 8.88755e-02
 59   91 9.33279e-02
 60    2 1.58814e-02
 60    4 3.40798e-02
 60    6 5.03773e-02
 60    8 7.31282e-02
 60   10 8.76326e-02
 60   12 8.42252e-02
 60   14 8.15192e-02
 60   16 7.83481e-02
 60   18 7.70306e-02
 60   20 8.22766e-02
 60   22 7.90866e-02
 60   24 7.98454e-02
 60   26 7.71327e-02
 60   28 7.99202e-02
 60   30 9.52226e-02
 60   32 9.13278e-02
 60   34 7.88843e-02
 60   36 8.96045e-02
 60   38 9.48520e-02
 60   40 9.47613e-02
 60   42 1.09558e-01
 60   44 1.36018e-01
 60   46 1.31466e-01
 60   48 1.39743e-01
 60   50 1.94960e-01
 60   52 1.90153e-01
 60   54 2.03097e-01
 60   56 5.64973e-01
 60   58 1.72017e+00
 60   60 2.04163e+01
 60   62 1.69778e+00
 60   64 5.56111e-01
 60   66 1.98616e-01
 60   68 1.77414e-01
 60   70 1.99398e-01
 60   72 1.45509e-01
 60   74 1.19879e-01
 60   76 1.19036e-01
 60   78 1.03632e-01
 60   80 8.04232e-02
 60   82 9.34768e-02
 60   84 8.19504e-02
 60   86 7.27156e-02
 60   88 8.87079e-02
 60   90 8.95845e-02
 61    1 4.98744e-03
 61    3 2.33629e-02
 61    5 3.95389e-02
 61    7 5.86000e-02
 61    9 8.04742e-02
 61   11 8.29126e-02
 61   13 8.57695e-02
 61   15 6.90090e-02
 61   17 6.74534e-02
 61   19 7.47817e-02
 61   21 7.02785e-02
 61   23 7.87093e-02
 61   25 7.51065e-02
 61   27 6.77774e-02
 61   29 8.46379e-02
 61   31 9.02408e-02
 61   33 7.94864e-02
 61   35 8.00397e-02
 61   37 8.46193e-02
 61   39 9.52046e-02
 61   41 9.47987e-02
 61   43 1.01292e-01
 61   45 1.26904e-01
 61   47 1.26523e-01
 61   49 1.46463e-01
 61   51 1.92319e-01
 61   53 1.89283e-01
 61   55 1.97180e-01
 61   57 5.56879e-01
 61   59 1.69443e+00
 61   61 2.01066e+01
 61   63 1.66936e+00
 61   65 5.49144e-01
 61   67 1.92842e-01
 61   69 1.74855e-01
 61   71 1.94666e-01
 61   73 1.45923e-01
 61   75 1.28246e-01
 61   77 1.24386e-01
 61   79 9.60586e-02
 61   81 8.18227e-02
 61   83 8.38712e-02
 61   85 7.96886e-02
 61   87 7.17321e-02
 61   89 8.98162e-02
 61   91 7.70631e-02
 62    2 1.42441e-02
 62    4 3.13495e-02
 62    6 4.84069e-02
 62    8 6.24923e-02
 62   10 7.96184e-02
 62   12 8.61075e-02
 62   14 8.01382e-02
 62   16 7.25595e-02
 62   18 7.12192e-02
 62   20 6.68851e-02
 62   22 6.91694e-02
 62   24 8.52881e-02
 62   26 8.59568e-02
 62   28 7.83601e-02
 62   30 8.00581e-02
 62   32 7.80831e-02
 62   34 8.48890e-02
 62   36 7.61424e-02
 62   38 8.11889e-02
 62   40 8.72847e-02
 62   42 9.02697e-02
 62   44 1.10147e-01
 62   46 1.35954e-01
 62   48 1.21387e-01
 62   50 1.36760e-01
 62   52 1.94072e-01
 62   54 1.88926e-01
 62   56 1.94780e-01
 62   58 5.49006e-01
 62   60 1.64883e+00
 62   62 1.98189e+01
 62   64 1.62967e+00
 62   66 5.27632e-01
 62   68 1.92080e-01
 62   70 1.92669e-01
 62   72 2.00242e-01
 62   74 1.55536e-01
 62   76 1.19407e-01
 62   78 1.16439e-01
 62   80 9.70577e-02
 62   82 7.86335e-02
 62   84 7.96333e-02
 62   86 7.82291e-02
 62   88 8.18600e-02
 62   90 7.74372e-02
 63    1 4.24567e-03
 63    3 2.07103e-02
 63    5 3.80224e-02
 63    7 5.50227e-02
 63    9 7.22671e-02
 63   11 7.79157e-02
 63   13 7.76581e-02
 63   15 7.28638e-02
 63   17 7.04922e-02
 63   19 7.10061e-02
 63   21 6.54639e-02
 63   23 6.51280e-02
 63   25 8.49358e-02
 63   27 7.72288e-02
 63   29 7.60047e-02
 63   31 8.42943e-02
 63   33 8.03473e-02
 63   35 8.49820e-02
 63   37 7.04897e-02
 63   39 7.72540e-02
 63   41 8.48306e-02
 63   43 8.56735e-02
 63   45 1.12544e-01
 63   47 1.28230e-01
 63   49 1.19315e-01
 63   51 1.33352e-01
 63   53 1.96459e-01
 63   55 1.84832e-01
 63   57 1.93460e-01
 63   59 5.30848e-01
 63   61 1.62222e+00
 63   63 1.95459e+01
 63   65 1.59959e+00
 63   67 5.19603e-01
 63   69 1.87934e-01
 63   71 1.73269e-01
 63   73 2.05251e-01
 63   75 1.39839e-01
 63   77 1.17338e-01
 63   79 1.12424e-01
 63   81 8.85533e-02
 63   83 9.06804e-02
 63   85 7.58598e-02
 63   87 7.46206e-02
 63   89 7.98281e-02
 63   91 8.60552e-02
 64    2 1.16515e-02
 64    4 2.62257e-02
 64    6 4.38766e-02
 64    8 5.90900e-02
 64   10 7.72379e-02
 64   12 7.95693e-02
 64   14 7.39384e-02
 64   16 6.31006e-02
 64   18 6.79189e-02
 64   20 7.24882e-02
 64   22 7.46571e-02
 64   24 7.26144e-02
 64   26 7.36892e-02
 64   28 7.04290e-02
 64   30 6.57983e-02
 64   32 6.87843e-02
 64   34 8.43404e-02
 64   36 7.75483e-02
 64   38 7.25924e-02
 64   40 9.08668e-02
 64   42 9.88895e-02
 64   44 9.60223e-02
 64   46 1.09664e-01
 64   48 1.19764e-01
 64   50 1.24547e-01
 64   52 1.39589e-01
 64   54 1.97274e-01
 64   56 1.80235e-01
 64   58 1.85093e-01
 64   60 5.25136e-01
 64   62 1.58459e+00
 64   64 1.92703e+01
 64   66 1.55837e+00
 64   68 5.15798e-01
 64   70 1.94694e-01
 64   72 1.95697e-01
 64   74 1.95707e-01
 64   76 1.40292e-01
 64   78 1.15211e-01
 64   80 1.11002e-01
 64   82 9.21841e-02
 64   84 7.81213e-02
 64   86 8.23409e-02
 64   88 8.43749e-02
 64   90 6.72110e-02
 65    1 3.63453e-03
 65    3 1.80858e-02
 65    5 3.36583e-02
 65    7 5.33271e-02
 65    9 7.08376e-02
 65   11 7.30385e-02
 65   13 7.11791e-02
 65   15 6.78550e-02
 65   17 6.12936e-02
 65   19 6.79549e-02
 65   21 8.21534e-02
 65   23 7.23184e-02
 65   25 6.69304e-02
 65   27 6.72372e-02
 65   29 6.33460e-02
 65   31 7.09939e-02
 65   33 6.64395e-02
 65   35 6.97508e-02
 65   37 8.20839e-02
 65   39 7.36152e-02
 65   41 8.13588e-02
 65   43 9.06804e-02
 65   45 9.14287e-02
 65   47 1.08333e-01
 65   49 1.26248e-01
 65   51 1.24218e-01
 65   53 1.36414e-01
 65   55 1.86471e-01
 65   57 1.76998e-01
 65   59 1.88937e-01
 65   61 5.19171e-01
 65   63 1.55624e+00
 65   65 1.90175e+01
 65   67 1.52320e+00
 65   69 5.05004e-01
 65   71 2.01581e-01
 65   73 1.86952e-01
 65   75 1.93789e-01
 65   77 1.36527e-01
 65   79 1.15581e-01
 65   81 1.01331e-01
 65   83 8.17330e-02
 65   85 7.76205e-02
 65   87 7.87219e-02
 65   89 7.90657e-02
 65   91 7.09485e-02
 66    2 1.08670e-02
 66    4 2.60986e-02
 66    6 4.44533e-02
 66    8 6.24028e-02
 66   10 7.43160e-02
 66   12 6.63577e-02
 66   14 7.14156e-02
 66   16 7.67073e-02
 66   18 6.98263e-02
 66   20 6.69123e-02
 66   22 7.62533e-02
 66   24 6.39565e-02
 66   26 7.43071e-02
 66   28 7.53547e-02
 66   30 7.26295e-02
 66   32 8.70644e-02
 66   34 7.37490e-02
 66   36 7.03551e-02
 66   38 7.09725e-02
 66   40 7.24377e-02
 66   42 8.68347e-02
 66   44 8.47933e-02
 66   46 8.33954e-02
 66   48 1.08571e-01
 66   50 1.23617e-01
 66   52 1.16903e-01
 66   54 1.27369e-01
 66   56 1.85423e-01
 66   58 1.73361e-01
 66   60 1.82572e-01
 66   62 4.99407e-01
 66   64 1.51698e+00
 66   66 1.87423e+01
 66   68 1.49500e+00
 66   70 5.04252e-01
 66   72 2.02339e-01
 66   74 1.67756e-01
 66   76 1.91011e-01
 66   78 1.31444e-01
 66   80 1.00873e-01
 66   82 9.90840e-02
 66   84 9.29091e-02
 66   86 7.97276e-02
 66   88 8.86048e-02
 66   90 8.27137e-02
 67    1 2.78178e-03
 67    3 1.62170e-02
 67    5 3.25561e-02
 67    7 5.12356e-02
 67    9 6.81208e-02
 67   11 7.01651e-02
 67   13 6.41639e-02
 67   15 7.65665e-02
 67   17 7.65928e-02
 67   19 6.33548e-02
 67   21 6.71242e-02
 67   23 6.80476e-02
 67   25 6.90142e-02
 67   27 7.49385e-02
 67   29 8.37258e-02
 67   31 7.35002e-02
 67   33 6.98601e-02
 67   35 7.88280e-02
 67   37 7.24367e-02
 67   39 6.14046e-02
 67   41 7.60893e-02
 67   43 7.98624e-02
 67   45 8.31834e-02
 67   47 9.23228e-02
 67   49 9.53267e-02
 67   51 1.16215e-01
 67   53 1.13162e-01
 67   55 1.25895e-01
 67   57 1.80763e-01
 67   59 1.65455e-01
 67   61 1.77571e-01
 67   63 4.92360e-01
 67   65 1.48355e+00
 67   67 1.84931e+01
 67   69 1.46605e+00
 67   71 4.87340e-01
 67   73 2.02015e-01
 67   75 1.65469e-01
 67   77 1.84705e-01
 67   79 1.33927e-01
 67   81 1.07286e-01
 67   83 9.53999e-02
 67   85 8.71089e-02
 67   87 7.99342e-02
 67   89 9.20554e-02
 67   91 6.92218e-02
 68    2 1.09798e-02
 68    4 2.95884e-02
 68    6 4.64904e-02
 68    8 6.33999e-02
 68   10 7.99903e-02
 68   12 7.39243e-02
 68   14 7.24285e-02
 68   16 7.55945e-02
 68   18 6.69956e-02
 68   20 7.63606e-02
 68   22 7.43371e-02
 68   24 7.33239e-02
 68   26 6.98197e-02
 68   28 6.14166e-02
 68   30 6.05627e-02
 68   32 6.29600e-02
 68   34 6.27693e-02
 68   36 7.10313e-02
 68   38 7.93464e-02
 68   40 7.64323e-02
 68   42 7.07550e-02
 68   44 7.73453e-02
 68   46 8.70913e-02
 68   48 9.53750e-02
 68   50 9.28621e-02
 68   52 1.08260e-01
 68   54 1.05688e-01
 68   56 1.21602e-01
 68   58 1.71357e-01
 68   60 1.58922e-01
 68   62 1.77167e-01
 68   64 4.89288e-01
 68   66 1.45686e+00
 68   68 1.82403e+01
 68   70 1.44088e+00
 68   72 4.82002e-01
 68   74 1.93163e-01
 68   76 1.63695e-01
 68   78 1.75757e-01
 68   80 1.16796e-01
 68   82 1.11857e-01
 68   84 1.00139e-01
 68   86 8.94202e-02
 68   88 9.98075e-02
 68   90 8.73392e-02
 69    1 2.66468e-03
 69    3 1.79800e-02
 69    5 3.41990e-02
 69    7 4.88104e-02
 69    9 7.01833e-02
 69   11 7.84752e-02
 69   13 6.69009e-02
 69   15 6.14158e-02
 69   17 7.12785e-02
 69   19 6.49088e-02
 69   21 7.73241e-02
 69   23 6.60320e-02
 69   25 6.65088e-02
 69   27 6.82267e-02
 69   29 5.42958e-02
 69   31 6.71354e-02
 69   33 5.97828e-02
 69   35 5.35726e-02
 69   37 6.47985e-02
 69   39 9.00056e-02
 69   41 7.99677e-02
 69   43 7.91070e-02
 69   45 7.75809e-02
 69   47 7.89751e-02
 69   49 9.97346e-02
 69   51 9.33208e-02
 69   53 1.06983e-01
 69   55 1.06915e-01
 69   57 1.19335e-01
 69   59 1.72216e-01
 69   61 1.56982e-01
 69   63 1.73627e-01
 69   65 4.79559e-01
 69   67 1.42939e+00
 69   69 1.80126e+01
 69   71 1.40575e+00
 69   73 4.73354e-01
 69   75 1.89123e-01
 69   77 1.60189e-01
 69   79 1.70464e-01
 69   81 1.12686e-01
 69   83 1.02468e-01
 69   85 1.05648e-01
 69   87 8.65926e-02
 69   89 9.91264e-02
 69   91 8.76168e-02
 70    2 9.01778e-03
 70    4 2.52442e-02
 70    6 4.37855e-02
 70    8 5.80428e-02
 70   10 7.09271e-02
 70   12 6.85197e-02
 70   14 6.41248e-02
 70   16 7.24208e-02
 70   18 7.92669e-02
 70   20 7.08122e-02
 70   22 6.36339e-02
 70   24 7.27345e-02
 70   26 6.94521e-02
 70   28 6.32433e-02
 70   30 6.65020e-02
 70   32 6.86818e-02
 70   34 6.35647e-02
 70   36 7.11953e-02
 70   38 7.23766e-02
 70   40 6.54510e-02
 70   42 6.82886e-02
 70   44 6.08263e-02
 70   46 6.77505e-02
 70   48 7.14923e-02
 70   50 8.26394e-02
 70   52 9.36284e-02
 70   54 1.04735e-01
 70   56 9.59284e-02
 70   58 1.14391e-01
 70   60 1.74235e-01
 70   62 1.73354e-01
 70   64 1.80160e-01
 70   66 4.79342e-01
 70   68 1.40556e+00
 70   70 1.78087e+01
 70   72 1.38452e+00
 70   74 4.71332e-01
 70   76 1.88027e-01
 70   78 1.46853e-01
 70   80 1.56393e-01
 70   82 1.31589e-01
 70   84 1.02239e-01
 70   86 9.88297e-02
 70   88 1.11458e-01
 70   90 8.72126e-02
 71    1 4.23880e-03
 71    3 1.77977e-02
 71    5 3.09325e-02
 71    7 4.77492e-02
 71    9 6.31565e-02
 71   11 6.29131e-02
 71   13 6.85699e-02
 71   15 7.02410e-02
 71   17 7.23252e-02
 71   19 7.52133e-02
 71   21 6.27682e-02
 71   23 6.03474e-02
 71   25 6.91266e-02
 71   27 7.63312e-02
 71   29 6.25764e-02
 71   31 6.71546e-02
 71   33 6.94806e-02
 71   35 6.33252e-02
 71   37 6.97040e-02
 71   39 6.97320e-02
 71   41 6.61341e-02
 71   43 6.00483e-02
 71   45 6.75203e-02
 71   47 6.58966e-02
 71   49 6.89450e-02
 71   51 7.22105e-02
 71   53 9.08441e-02
 71   55 1.05697e-01
 71   57 9.62462e-02
 71   59 1.15101e-01
 71   61 1.70568e-01
 71   63 1.56232e-01
 71   65 1.86824e-01
 71   67 4.63735e-01
 71   69 1.37197e+00
 71   71 1.75674e+01
 71   73 1.35665e+00
 71   75 4.63016e-01
 71   77 1.95388e-01
 71   79 1.48564e-01
 71   81 1.49878e-01
 71   83 1.32436e-01
 71   85 1.01700e-01
 71   87 9.63855e-02
 71   89 9.67012e-02
 71   91 9.29335e-02
 72    2 1.16355e-02
 72    4 2.37403e-02
 72    6 3.68846e-02
 72    8 5.04069e-02
 72   10 5.78771e-02
 72   12 5.85363e-02
 72   14 5.86688e-02
 72   16 5.55311e-02
 72   18 6.16329e-02
 72   20 7.11087e-02
 72   22 7.01376e-02
 72   24 6.12197e-02
 72   26 5.51135e-02
 72   28 5.34965e-02
 72   30 5.99285e-02
 72   32 5.33679e-02
 72   34 5.77800e-02
 72   36 6.32855e-02
 72   38 6.99457e-02
 72   40 6.68565e-02
 72   42 6.80592e-02
 72   44 7.62754e-02
 72   46 6.68193e-02
 72   48 7.30327e-02
 72   50 7.61759e-02
 72   52 9.14994e-02
 72   54 9.62095e-02
 72   56 1.00932e-01
 72   58 1.06241e-01
 72   60 1.24151e-01
 72   62 1.75923e-01
 72   64 1.76822e-01
 72   66 1.87812e-01
 72   68 4.59109e-01
 72   70 1.35190e+00
 72   72 1.73772e+01
 72   74 1.33103e+00
 72   76 4.60282e-01
 72   78 1.85130e-01
 72   80 1.29849e-01
 72   82 1.57389e-01
 72   84 1.29387e-01
 72   86 1.12977e-01
 72   88 1.09890e-01
 72   90 9.21181e-02
 73    1 4.61742e-03
 73    3 1.90196e-02
 73    5 3.00870e-02
 73    7 4.16251e-02
 73    9 5.19973e-02
 73   11 5.28044e-02
 73   13 5.83255e-02
 73   15 6.10941e-02
 73   17 5.34461e-02
 73   19 5.80760e-02
 73   21 6.56282e-02
 73   23 6.92038e-02
 73   25 5.81080e-02
 73   27 5.15011e-02
 73   29 6.03942e-02
 73   31 5.30403e-02
 73   33 5.03524e-02
 73   35 5.67061e-02
 73   37 6.13336e-02
 73   39 6.76058e-02
 73   41 6.51537e-02
 73   43 6.86625e-02
 73   45 7.27738e-02
 73   47 6.86699e-02
 73   49 6.81993e-02
 73   51 7.90541e-02
 73   53 9.03258e-02
 73   55 1.03141e-01
 73   57 9.78633e-02
 73   59 9.83001e-02
 73   61 1.24906e-01
 73   63 1.80794e-01
 73   65 1.69264e-01
 73   67 1.87789e-01
 73   69 4.51307e-01
 73   71 1.32532e+00
 73   73 1.71719e+01
 73   75 1.30195e+00
 73   77 4.49711e-01
 73   79 1.76688e-01
 73   81 1.28666e-01
 73   83 1.51431e-01
 73   85 1.25790e-01
 73   87 1.05816e-01
 73   89 1.07206e-01
 73   91 8.53168e-02
 74    2 1.02835e-02
 74    4 2.32034e-02
 74    6 3.71996e-02
 74    8 5.17527e-02
 74   10 6.38629e-02
 74   12 7.16100e-02
 74   14 8.17812e-02
 74   16 8.61180e-02
 74   18 6.68377e-02
 74   20 6.01133e-02
 74   22 7.24665e-02
 74   24 6.54584e-02
 74   26 6.44667e-02
 74   28 5.94715e-02
 74   30 5.97804e-02
 74   32 6.08725e-02
 74   34 5.78515e-02
 74   36 5.98635e-02
 74   38 6.03775e-02
 74   40 6.04793e-02
 74   42 5.34808e-02
 74   44 5.93766e-02
 74   46 5.53861e-02
 74   48 5.97599e-02
 74   50 6.83920e-02
 74   52 7.55790e-02
 74   54 7.47068e-02
 74   56 8.33224e-02
 74   58 9.72268e-02
 74   60 9.99667e-02
 74   62 1.33551e-01
 74   64 1.72826e-01
 74   66 1.52185e-01
 74   68 1.79821e-01
 74   70 4.49803e-01
 74   72 1.30089e+00
 74   74 1.69352e+01
 74   76 1.27700e+00
 74   78 4.30772e-01
 74   80 1.75369e-01
 74   82 1.43241e-01
 74   84 1.65656e-01
 74   86 1.26924e-01
 74   88 1.17974e-01
 74   90 9.70918e-02
 75    1 2.88365e-03
 75    3 1.68296e-02
 75    5 3.15361e-02
 75    7 4.37343e-02
 75    9 5.85763e-02
 75   11 5.83781e-02
 75   13 6.15236e-02
 75   15 7.72226e-02
 75   17 8.60832e-02
 75   19 7.14291e-02
 75   21 6.14174e-02
 75   23 6.35010e-02
 75   25 6.02013e-02
 75   27 6.02273e-02
 75   29 6.52113e-02
 75   31 5.78429e-02
 75   33 5.81362e-02
 75   35 5.93277e-02
 75   37 5.74022e-02
 75   39 6.47768e-02
 75   41 5.23193e-02
 75   43 5.81030e-02
 75   45 5.49900e-02
 75   47 5.33389e-02
 75   49 5.93120e-02
 75   51 6.96031e-02
 75   53 7.18171e-02
 75   55 7.60404e-02
 75   57 8.07380e-02
 75   59 9.09283e-02
 75   61 1.07337e-01
 75   63 1.20441e-01
 75   65 1.71557e-01
 75   67 1.50401e-01
 75   69 1.76310e-01
 75   71 4.42275e-01
 75   73 1.27304e+00
 75   75 1.67442e+01
 75   77 1.24764e+00
 75   79 4.29452e-01
 75   81 1.70683e-01
 75   83 1.39508e-01
 75   85 1.55029e-01
 75   87 1.29928e-01
 75   89 1.23453e-01
 75   91 8.90831e-02
 76    2 1.05684e-02
 76    4 2.47618e-02
 76    6 3.84254e-02
 76    8 5.03875e-02
 76   10 5.76536e-02
 76   12 4.70054e-02
 76   14 4.32410e-02
 76   16 5.33226e-02
 76   18 6.36523e-02
 76   20 6.34856e-02
 76   22 6.20004e-02
 76   24 5.22031e-02
 76   26 5.64607e-02
 76   28 6.44501e-02
 76   30 5.67209e-02
 76   32 5.88267e-02
 76   34 5.61958e-02
 76   36 5.63542e-02
 76   38 5.74016e-02
 76   40 5.76352e-02
 76   42 5.95125e-02
 76   44 5.95566e-02
 76   46 6.39625e-02
 76   48 6.69338e-02
 76   50 6.63211e-02
 76   52 6.19553e-02
 76   54 7.73597e-02
 76   56 7.76975e-02
 76   58 8.58443e-02
 76   60 9.71020e-02
 76   62 1.00296e-01
 76   64 1.21192e-01
 76   66 1.69508e-01
 76   68 1.49070e-01
 76   70 1.75532e-01
 76   72 4.40060e-01
 76   74 1.24919e+00
 76   76 1.65520e+01
 76   78 1.21960e+00
 76   80 4.24345e-01
 76   82 2.04954e-01
 76   84 1.63584e-01
 76   86 1.62498e-01
 76   88 1.51234e-01
 76   90 1.03199e-01
 77    1 2.99711e-03
 77    3 1.64734e-02
 77    5 3.00922e-02
 77    7 3.95839e-02
 77    9 5.39954e-02
 77   11 5.21062e-02
 77   13 4.51655e-02
 77   15 4.55658e-02
 77   17 4.93070e-02
 77   19 5.45641e-02
 77   21 6.83289e-02
 77   23 5.61457e-02
 77   25 5.65445e-02
 77   27 5.41233e-02
 77   29 4.99418e-02
 77   31 5.98703e-02
 77   33 5.73632e-02
 77   35 5.98103e-02
 77   37 5.37917e-02
 77   39 5.18612e-02
 77   41 5.77456e-02
 77   43 6.58919e-02
 77   45 5.84541e-02
 77   47 6.07956e-02
 77   49 6.91010e-02
 77   51 6.38735e-02
 77   53 7.30403e-02
 77   55 7.04255e-02
 77   57 7.27286e-02
 77   59 8.31878e-02
 77   61 1.01883e-01
 77   63 9.89031e-02
 77   65 1.18283e-01
 77   67 1.64301e-01
 77   69 1.46147e-01
 77   71 1.82650e-01
 77   73 4.30334e-01
 77   75 1.22100e+00
 77   77 1.63668e+01
 77   79 1.19846e+00
 77   81 4.16167e-01
 77   83 2.02506e-01
 77   85 1.65399e-01
 77   87 1.50983e-01
 77   89 1.34220e-01
 77   91 1.12601e-01
 78    2 1.04367e-02
 78    4 2.28674e-02
 78    6 3.67383e-02
 78    8 5.41953e-02
 78   10 6.21349e-02
 78   12 6.80084e-02
 78   14 7.48921e-02
 78   16 6.54362e-02
 78   18 6.47429e-02
 78   20 7.07139e-02
 78   22 5.88743e-02
 78   24 6.07064e-02
 78   26 6.00689e-02
 78   28 4.85682e-02
 78   30 5.47712e-02
 78   32 5.88082e-02
 78   34 5.83254e-02
 78   36 5.79485e-02
 78   38 4.56274e-02
 78   40 5.64989e-02
 78   42 7.13223e-02
 78   44 5.51344e-02
 78   46 5.88049e-02
 78   48 5.39140e-02
 78   50 6.60325e-02
 78   52 6.90747e-02
 78   54 6.91199e-02
 78   56 6.72039e-02
 78   58 7.03417e-02
 78   60 8.27668e-02
 78   62 9.57553e-02
 78   64 9.74418e-02
 78   66 1.14204e-01
 78   68 1.56703e-01
 78   70 1.34223e-01
 78   72 1.73291e-01
 78   74 4.12568e-01
 78   76 1.19406e+00
 78   78 1.61448e+01
 78   80 1.16257e+00
 78   82 4.38352e-01
 78   84 2.21052e-01
 78   86 1.54670e-01
 78   88 1.66159e-01
 78   90 1.16640e-01
 79    1 3.11283e-03
 79    3 1.34964e-02
 79    5 2.79077e-02
 79    7 4.68222e-02
 79    9 6.18259e-02
 79   11 6.00878e-02
 79   13 6.71211e-02
 79   15 6.54994e-02
 79   17 5.91307e-02
 79   19 6.64095e-02
 79   21 6.03051e-02
 79   23 5.95384e-02
 79   25 6.32577e-02
 79   27 5.17833e-02
 79   29 4.94553e-02
 79   31 4.12989e-02
 79   33 5.29064e-02
 79   35 7.31456e-02
 79   37 5.37890e-02
 79   39 4.44755e-02
 79   41 5.30168e-02
 79   43 5.22210e-02
 79   45 7.69387e-02
 79   47 5.77084e-02
 79   49 5.50927e-02
 79   51 5.91213e-02
 79   53 6.57641e-02
 79   55 7.39457e-02
 79   57 7.33689e-02
 79   59 7.16293e-02
 79   61 7.70648e-02
 79   63 9.28152e-02
 79   65 9.80804e-02
 79   67 1.16685e-01
 79   69 1.52329e-01
 79   71 1.36027e-01
 79   73 1.65604e-01
 79   75 4.11653e-01
 79   77 1.17385e+00
 79   79 1.59653e+01
 79   81 1.13926e+00
 79   83 4.27240e-01
 79   85 2.16377e-01
 79   87 1.51732e-01
 79   89 1.62299e-01
 79   91 1.13455e-01
 80    2 7.69718e-03
 80    4 1.98316e-02
 80    6 3.47306e-02
 80    8 4.89004e-02
 80   10 5.30164e-02
 80   12 4.25130e-02
 80   14 4.04264e-02
 80   16 5.10003e-02
 80   18 5.41647e-02
 80   20 5.74284e-02
 80   22 6.22354e-02
 80   24 5.76213e-02
 80   26 5.65758e-02
 80   28 7.72645e-02
 80   30 8.01542e-02
 80   32 6.67309e-02
 80   34 7.28820e-02
 80   36 6.39327e-02
 80   38 7.39851e-02
 80   40 6.27120e-02
 80   42 6.14710e-02
 80   44 8.17698e-02
 80   46 6.72611e-02
 80   48 5.79066e-02
 80   50 7.13526e-02
 80   52 7.31598e-02
 80   54 6.61244e-02
 80   56 7.03632e-02
 80   58 6.52656e-02
 80   60 6.29374e-02
 80   62 7.82101e-02
 80   64 9.19913e-02
 80   66 8.58781e-02
 80   68 1.02038e-01
 80   70 1.40064e-01
 80   72 1.19098e-01
 80   74 1.64577e-01
 80   76 4.07095e-01
 80   78 1.13916e+00
 80   80 1.58320e+01
 80   82 1.13295e+00
 80   84 4.27273e-01
 80   86 2.16214e-01
 80   88 1.84326e-01
 80   90 1.43379e-01
 81    1 2.80911e-03
 81    3 1.68972e-02
 81    5 3.03404e-02
 81    7 4.08439e-02
 81    9 5.42699e-02
 81   11 4.88190e-02
 81   13 4.03127e-02
 81   15 4.32088e-02
 81   17 5.00357e-02
 81   19 5.37658e-02
 81   21 5.73540e-02
 81   23 5.95288e-02
 81   25 5.68353e-02
 81   27 6.65500e-02
 81   29 6.92032e-02
 81   31 7.83321e-02
 81   33 7.13320e-02
 81   35 5.92080e-02
 81   37 6.73110e-02
 81   39 6.63315e-02
 81   41 5.97934e-02
 81   43 6.75487e-02
 81   45 6.84084e-02
 81   47 6.13278e-02
 81   49 6.43691e-02
 81   51 6.79367e-02
 81   53 7.06806e-02
 81   55 6.53890e-02
 81   57 6.27788e-02
 81   59 6.92634e-02
 81   61 6.43479e-02
 81   63 7.16649e-02
 81   65 8.42904e-02
 81   67 9.16293e-02
 81   69 9.87096e-02
 81   71 1.34522e-01
 81   73 1.18214e-01
 81   75 1.60379e-01
 81   77 3.99575e-01
 81   79 1.11677e+00
 81   81 1.56597e+01
 81   83 1.11194e+00
 81   85 4.21315e-01
 81   87 2.13564e-01
 81   89 1.81740e-01
 81   91 1.39179e-01
 82    2 8.41126e-03
 82    4 2.05920e-02
 82    6 3.27593e-02
 82    8 4.87368e-02
 82   10 5.98638e-02
 82   12 5.61979e-02
 82   14 5.66465e-02
 82   16 5.75537e-02
 82   18 5.99337e-02
 82   20 5.72727e-02
 82   22 5.85374e-02
 82   24 5.92447e-02
 82   26 4.88908e-02
 82   28 5.02837e-02
 82   30 5.18521e-02
 82   32 5.13626e-02
 82   34 5.21416e-02
 82   36 4.74368e-02
 82   38 5.53087e-02
 82   40 5.27911e-02
 82   42 5.21605e-02
 82   44 4.96064e-02
 82   46 5.35775e-02
 82   48 6.32876e-02
 82   50 5.26915e-02
 82   52 5.90233e-02
 82   54 5.74437e-02
 82   56 4.90881e-02
 82   58 6.22711e-02
 82   60 7.17369e-02
 82   62 6.21372e-02
 82   64 7.49177e-02
 82   66 8.27224e-02
 82   68 9.58311e-02
 82   70 1.15569e-01
 82   72 1.41564e-01
 82   74 1.31824e-01
 82   76 1.92817e-01
 82   78 4.21212e-01
 82   80 1.11102e+00
 82   82 1.54636e+01
 82   84 1.11700e+00
 82   86 4.27886e-01
 82   88 2.57156e-01
 82   90 1.73232e-01
 83    1 3.11351e-03
 83    3 1.25161e-02
 83    5 2.34091e-02
 83    7 3.85546e-02
 83    9 5.14841e-02
 83   11 5.98699e-02
 83   13 5.52008e-02
 83   15 5.43688e-02
 83   17 5.56470e-02
 83   19 5.73048e-02
 83   21 5.29290e-02
 83   23 5.92629e-02
 83   25 5.48932e-02
 83   27 4.30906e-02
 83   29 5.56067e-02
 83   31 4.97927e-02
 83   33 5.42785e-02
 83   35 4.87850e-02
 83   37 4.90045e-02
 83   39 5.34102e-02
 83   41 5.66381e-02
 83   43 5.21447e-02
 83   45 4.44281e-02
 83   47 5.59502e-02
 83   49 5.96446e-02
 83   51 5.73174e-02
 83   53 6.29009e-02
 83   55 5.50079e-02
 83   57 5.42895e-02
 83   59 5.38293e-02
 83   61 6.47070e-02
 83   63 7.19935e-02
 83   65 6.66979e-02
 83   67 7.99313e-02
 83   69 8.80554e-02
 83   71 1.16610e-01
 83   73 1.36489e-01
 83   75 1.28598e-01
 83   77 1.90742e-01
 83   79 4.10857e-01
 83   81 1.09083e+00
 83   83 1.53163e+01
 83   85 1.09061e+00
 83   87 4.19833e-01
 83   89 2.48062e-01
 83   91 1.75210e-01
 84    2 8.98980e-03
 84    4 1.78712e-02
 84    6 2.72014e-02
 84    8 3.73983e-02
 84   10 3.90293e-02
 84   12 4.29604e-02
 84   14 4.46493e-02
 84   16 4.49021e-02
 84   18 4.20623e-02
 84   20 4.36171e-02
 84   22 4.44928e-02
 84   24 5.13873e-02
 84   26 6.06731e-02
 84   28 6.41680e-02
 84   30 5.89408e-02
 84   32 6.11489e-02
 84   34 6.47176e-02
 84   36 6.13604e-02
 84   38 5.19981e-02
 84   40 6.10173e-02
 84   42 5.77994e-02
 84   44 4.99899e-02
 84   46 6.02283e-02
 84   48 6.59677e-02
 84   50 5.04815e-02
 84   52 5.94916e-02
 84   54 6.50322e-02
 84   56 6.04394e-02
 84   58 5.11419e-02
 84   60 6.17209e-02
 84   62 6.17562e-02
 84   64 6.23075e-02
 84   66 7.61238e-02
 84   68 8.41952e-02
 84   70 8.81212e-02
 84   72 1.14212e-01
 84   74 1.49615e-01
 84   76 1.51033e-01
 84   78 2.08456e-01
 84   80 4.11206e-01
 84   82 1.09622e+00
 84   84 1.50109e+01
 84   86 1.07250e+00
 84   88 4.51559e-01
 84   90 2.25985e-01
 85    1 2.62737e-03
 85    3 1.36003e-02
 85    5 2.19895e-02
 85    7 3.02307e-02
 85    9 3.97131e-02
 85   11 3.76317e-02
 85   13 3.78499e-02
 85   15 4.44930e-02
 85   17 4.23577e-02
 85   19 3.81126e-02
 85   21 4.16520e-02
 85   23 4.48473e-02
 85   25 4.99113e-02
 85   27 6.30016e-02
 85   29 6.45566e-02
 85   31 5.89510e-02
 85   33 5.81924e-02
 85   35 6.35217e-02
 85   37 5.71289e-02
 85   39 5.53629e-02
 85   41 6.36477e-02
 85   43 5.69577e-02
 85   45 4.25955e-02
 85   47 5.73633e-02
 85   49 6.97247e-02
 85   51 6.05177e-02
 85   53 5.40059e-02
 85   55 5.86069e-02
 85   57 5.30553e-02
 85   59 5.62310e-02
 85   61 6.03585e-02
 85   63 5.91283e-02
 85   65 6.21863e-02
 85   67 7.16531e-02
 85   69 8.91313e-02
 85   71 8.79139e-02
 85   73 1.11309e-01
 85   75 1.40298e-01
 85   77 1.52948e-01
 85   79 2.04284e-01
 85   81 4.05778e-01
 85   83 1.07071e+00
 85   85 1.48770e+01
 85   87 1.04784e+00
 85   89 4.35692e-01
 85   91 2.30591e-01
 86    2 1.23074e-02
 86    4 2.82886e-02
 86    6 4.01634e-02
 86    8 5.41490e-02
 86   10 6.12732e-02
 86   12 5.14870e-02
 86   14 5.52472e-02
 86   16 5.46540e-02
 86   18 5.13438e-02
 86   20 4.83159e-02
 86   22 4.46425e-02
 86   24 4.76410e-02
 86   26 5.64133e-02
 86   28 5.83421e-02
 86   30 5.42095e-02
 86   32 5.77238e-02
 86   34 4.75687e-02
 86   36 5.48936e-02
 86   38 5.78150e-02
 86   40 4.37847e-02
 86   42 4.92541e-02
 86   44 6.12193e-02
 86   46 4.83748e-02
 86   48 5.28872e-02
 86   50 6.23665e-02
 86   52 5.84793e-02
 86   54 5.10304e-02
 86   56 5.98345e-02
 86   58 5.99781e-02
 86   60 5.37862e-02
 86   62 5.95823e-02
 86   64 6.44984e-02
 86   66 6.41555e-02
 86   68 7.38387e-02
 86   70 8.36593e-02
 86   72 9.79425e-02
 86   74 1.12584e-01
 86   76 1.47347e-01
 86   78 1.43248e-01
 86   80 2.04362e-01
 86   82 4.12413e-01
 86   84 1.05332e+00
 86   86 1.47904e+01
 86   88 1.08988e+00
 86   90 4.26238e-01
 87    1 3.48447e-03
 87    3 1.69868e-02
 87    5 3.08543e-02
 87    7 4.35968e-02
 87    9 5.74251e-02
 87   11 5.30468e-02
 87   13 4.72678e-02
 87   15 4.81070e-02
 87   17 5.16939e-02
 87   19 4.51109e-02
 87   21 4.64883e-02
 87   23 4.67843e-02
 87   25 4.75641e-02
 87   27 5.37975e-02
 87   29 5.33338e-02
 87   31 5.45805e-02
 87   33 5.68834e-02
 87   35 5.14458e-02
 87   37 5.44725e-02
 87   39 5.95779e-02
 87   41 4.77168e-02
 87   43 5.02600e-02
 87   45 6.16133e-02
 87   47 5.13682e-02
 87   49 5.14919e-02
 87   51 6.51377e-02
 87   53 5.98512e-02
 87   55 5.11832e-02
 87   57 5.89953e-02
 87   59 5.75606e-02
 87   61 5.33795e-02
 87   63 5.71428e-02
 87   65 6.19630e-02
 87   67 6.45988e-02
 87   69 7.17746e-02
 87   71 8.18589e-02
 87   73 9.19934e-02
 87   75 1.15521e-01
 87   77 1.37170e-01
 87   79 1.40740e-01
 87   81 2.02082e-01
 87   83 4.04948e-01
 87   85 1.02947e+00
 87   87 1.46602e+01
 87   89 1.07499e+00
 87   91 4.13763e-01
 88    2 6.72440e-03
 88    4 1.57304e-02
 88    6 2.65202e-02
 88    8 3.50061e-02
 88   10 3.60392e-02
 88   12 3.39644e-02
 88   14 3.44702e-02
 88   16 3.41561e-02
 88   18 3.89093e-02
 88   20 3.47278e-02
 88   22 3.85805e-02
 88   24 3.88767e-02
 88   26 3.85038e-02
 88   28 4.37762e-02
 88   30 4.72712e-02
 88   32 4.22073e-02
 88   34 4.34981e-02
 88   36 4.21990e-02
 88   38 4.62289e-02
 88   40 4.77790e-02
 88   42 3.80329e-02
 88   44 4.42082e-02
 88   46 5.96548e-02
 88   48 4.52102e-02
 88   50 5.47962e-02
 88   52 5.67062e-02
 88   54 4.83170e-02
 88   56 5.10234e-02
 88   58 6.64790e-02
 88   60 6.44879e-02
 88   62 6.12764e-02
 88   64 6.49560e-02
 88   66 7.00736e-02
 88   68 8.09998e-02
 88   70 9.27275e-02
 88   72 9.36290e-02
 88   74 1.02847e-01
 88   76 1.34777e-01
 88   78 1.51245e-01
 88   80 1.71228e-01
 88   82 2.43598e-01
 88   84 4.35863e-01
 88   86 1.07115e+00
 88   88 1.48975e+01
 88   90 1.19085e+00
 89    1 2.55881e-03
 89    3 1.09385e-02
 89    5 1.92724e-02
 89    7 2.77671e-02
 89    9 3.58346e-02
 89   11 3.04797e-02
 89   13 2.89259e-02
 89   15 3.29455e-02
 89   17 3.34099e-02
 89   19 3.64750e-02
 89   21 3.48313e-02
 89   23 3.57988e-02
 89   25 4.01248e-02
 89   27 4.22768e-02
 89   29 3.94930e-02
 89   31 4.41609e-02
 89   33 4.48992e-02
 89   35 3.85932e-02
 89   37 4.58221e-02
 89   39 5.15411e-02
 89   41 4.41358e-02
 89   43 4.28910e-02
 89   45 4.53688e-02
 89   47 5.15353e-02
 89   49 5.52571e-02
 89   51 5.19981e-02
 89   53 5.31890e-02
 89   55 4.84162e-02
 89   57 5.66208e-02
 89   59 6.31088e-02
 89   61 6.57112e-02
 89   63 6.01010e-02
 89   65 6.11855e-02
 89   67 7.31416e-02
 89   69 8.07799e-02
 89   71 8.07439e-02
 89   73 9.16319e-02
 89   75 1.07915e-01
 89   77 1.19888e-01
 89   79 1.48007e-01
 89   81 1.69074e-01
 89   83 2.35237e-01
 89   85 4.20845e-01
 89   87 1.05688e+00
 89   89 1.47631e+01
 89   91 1.16431e+00
 90    2 1.04805e-02
 90    4 2.53845e-02
 90    6 3.83327e-02
 90    8 5.15051e-02
 90   10 5.70453e-02
 90   12 4.46758e-02
 90   14 4.26910e-02
 90   16 4.49506e-02
 90   18 4.11818e-02
 90   20 4.63168e-02
 90   22 4.48734e-02
 90   24 5.28200e-02
 90   26 5.09689e-02
 90   28 4.95633e-02
 90   30 4.94706e-02
 90   32 5.06809e-02
 90   34 5.51738e-02
 90   36 5.67236e-02
 90   38 5.51395e-02
 90   40 4.83524e-02
 90   42 5.09371e-02
 90   44 4.77818e-02
 90   46 5.45213e-02
 90   48 7.13616e-02
 90   50 5.27567e-02
 90   52 4.91589e-02
 90   54 5.11450e-02
 90   56 5.76361e-02
 90   58 5.95719e-02
 90   60 6.40503e-02
 90   62 5.70090e-02
 90   64 5.08884e-02
 90   66 6.43350e-02
 90   68 6.97112e-02
 90   70 7.13594e-02
 90   72 7.71919e-02
 90   74 8.32451e-02
 90   76 9.04507e-02
 90   78 1.04418e-01
 90   80 1.30993e-01
 90   82 1.61391e-01
 90   84 2.14530e-01
 90   86 4.12000e-01
 90   88 1.17120e+00
 90   90 1.60240e+01
 91    1 3.07661e-03
 91    3 1.89378e-02
 91    5 3.33996e-02
 91    7 4.75295e-02
 91    9 5.83021e-02
 91   11 4.81793e-02
 91   13 4.74496e-02
 91   15 4.26294e-02
 91   17 4.21121e-02
 91   19 4.43788e-02
 91   21 4.39039e-02
 91   23 4.81263e-02
 91   25 5.02284e-02
 91   27 4.50045e-02
 91   29 4.73941e-02
 91   31 5.06218e-02
 91   33 4.76916e-02
 91   35 5.32563e-02
 91   37 5.15481e-02
 91   39 4.44067e-02
 91   41 5.49667e-02
 91   43 4.63734e-02
 91   45 4.18815e-02
 91   47 5.35857e-02
 91   49 6.04997e-02
 91   51 5.66757e-02
 91   53 4.76382e-02
 91   55 5.06643e-02
 91   57 5.12301e-02
 91   59 6.51987e-02
 91   61 5.54691e-02
 91   63 6.37416e-02
 91   65 5.40161e-02
 91   67 5.41100e-02
 91   69 7.02458e-02
 91   71 7.63430e-02
 91   73 7.17434e-02
 91   75 7.66119e-02
 91   77 9.89506e-02
 91   79 1.01791e-01
 91   81 1.27384e-01
 91   83 1.63465e-01
 91   85 2.19131e-01
 91   87 4.00216e-01
 91   89 1.14548e+00
