# 13C+CO2(ji) -> 13C+CO2(jf) molscat cross sections, CS8_JMAX90 approx. (written on 08/08/2023); 
# E=23240.000000 (1/cm) = 2.8813927474195213 eV
# ji  jf sigma(ji,jf) (1e-16 cm^2)
  1    1 1.53290e+02
  1    3 2.24294e+01
  1    5 7.01343e+00
  1    7 2.49945e+00
  1    9 1.95372e+00
  1   11 1.71091e+00
  1   13 1.17619e+00
  1   15 1.23640e+00
  1   17 1.17466e+00
  1   19 9.86316e-01
  1   21 8.65743e-01
  1   23 8.23039e-01
  1   25 7.23481e-01
  1   27 6.64321e-01
  1   29 6.56486e-01
  1   31 7.72505e-01
  1   33 6.97783e-01
  1   35 6.40589e-01
  1   37 6.39888e-01
  1   39 5.33704e-01
  1   41 5.89706e-01
  1   43 5.74857e-01
  1   45 5.94689e-01
  1   47 5.86750e-01
  1   49 5.36373e-01
  1   51 6.90038e-01
  1   53 6.06163e-01
  1   55 7.00693e-01
  1   57 7.33158e-01
  1   59 5.65167e-01
  1   61 5.75928e-01
  1   63 5.24957e-01
  1   65 4.92138e-01
  1   67 3.98210e-01
  1   69 3.67220e-01
  1   71 4.26175e-01
  1   73 5.24908e-01
  1   75 3.29385e-01
  1   77 5.99144e-01
  1   79 4.38235e-01
  1   81 5.76751e-01
  1   83 4.33544e-01
  1   85 3.16736e-01
  1   87 5.27693e-01
  1   89 3.19847e-01
  1   91 6.17362e-01
  2    2 1.62180e+02
  2    4 1.66159e+01
  2    6 5.04778e+00
  2    8 2.18656e+00
  2   10 1.96260e+00
  2   12 1.46221e+00
  2   14 1.21109e+00
  2   16 1.15939e+00
  2   18 1.03470e+00
  2   20 9.03208e-01
  2   22 8.61561e-01
  2   24 8.02222e-01
  2   26 6.71057e-01
  2   28 7.47445e-01
  2   30 6.76450e-01
  2   32 7.78552e-01
  2   34 6.39227e-01
  2   36 6.46818e-01
  2   38 5.46543e-01
  2   40 5.69624e-01
  2   42 5.22107e-01
  2   44 5.27039e-01
  2   46 6.09501e-01
  2   48 6.11744e-01
  2   50 6.81657e-01
  2   52 5.81217e-01
  2   54 6.83486e-01
  2   56 7.38111e-01
  2   58 6.36252e-01
  2   60 5.64311e-01
  2   62 5.86195e-01
  2   64 5.79157e-01
  2   66 4.83928e-01
  2   68 4.50618e-01
  2   70 3.45120e-01
  2   72 4.85502e-01
  2   74 3.93869e-01
  2   76 5.76536e-01
  2   78 6.03924e-01
  2   80 4.21421e-01
  2   82 5.31397e-01
  2   84 3.36043e-01
  2   86 5.83411e-01
  2   88 3.10825e-01
  2   90 6.07660e-01
  3    1 4.48634e+00
  3    3 1.61689e+02
  3    5 1.41387e+01
  3    7 4.45975e+00
  3    9 2.17948e+00
  3   11 1.67820e+00
  3   13 1.43309e+00
  3   15 1.19324e+00
  3   17 1.08132e+00
  3   19 1.04629e+00
  3   21 9.12218e-01
  3   23 7.86184e-01
  3   25 7.74309e-01
  3   27 6.99781e-01
  3   29 7.13600e-01
  3   31 7.19289e-01
  3   33 6.43133e-01
  3   35 6.64601e-01
  3   37 6.25317e-01
  3   39 5.69380e-01
  3   41 5.73576e-01
  3   43 5.65309e-01
  3   45 5.54312e-01
  3   47 5.73749e-01
  3   49 5.92791e-01
  3   51 6.27603e-01
  3   53 5.75829e-01
  3   55 7.21044e-01
  3   57 6.56641e-01
  3   59 6.39240e-01
  3   61 5.40520e-01
  3   63 5.23186e-01
  3   65 5.26609e-01
  3   67 4.22737e-01
  3   69 4.90612e-01
  3   71 3.80571e-01
  3   73 4.74329e-01
  3   75 4.20849e-01
  3   77 5.42566e-01
  3   79 4.80674e-01
  3   81 5.03259e-01
  3   83 5.38903e-01
  3   85 3.16108e-01
  3   87 5.56240e-01
  3   89 2.89333e-01
  3   91 6.38335e-01
  4    2 7.12230e+00
  4    4 1.61126e+02
  4    6 1.31169e+01
  4    8 4.17592e+00
  4   10 2.00754e+00
  4   12 1.58733e+00
  4   14 1.47104e+00
  4   16 1.10420e+00
  4   18 1.06065e+00
  4   20 1.00359e+00
  4   22 8.46779e-01
  4   24 7.98583e-01
  4   26 7.84835e-01
  4   28 7.77310e-01
  4   30 6.87600e-01
  4   32 7.08109e-01
  4   34 6.13679e-01
  4   36 6.87431e-01
  4   38 5.72360e-01
  4   40 5.51086e-01
  4   42 5.71032e-01
  4   44 5.35500e-01
  4   46 5.59669e-01
  4   48 6.22826e-01
  4   50 6.76400e-01
  4   52 6.52365e-01
  4   54 6.18694e-01
  4   56 6.64347e-01
  4   58 6.71264e-01
  4   60 5.80143e-01
  4   62 5.50886e-01
  4   64 5.41107e-01
  4   66 4.85117e-01
  4   68 5.10758e-01
  4   70 4.14011e-01
  4   72 4.43661e-01
  4   74 4.03759e-01
  4   76 5.32184e-01
  4   78 5.38541e-01
  4   80 4.31935e-01
  4   82 5.69556e-01
  4   84 3.34208e-01
  4   86 6.13684e-01
  4   88 3.45651e-01
  4   90 5.52645e-01
  5    1 7.79532e-01
  5    3 7.85670e+00
  5    5 1.61099e+02
  5    7 1.26264e+01
  5    9 3.93006e+00
  5   11 1.94012e+00
  5   13 1.60982e+00
  5   15 1.37219e+00
  5   17 1.04833e+00
  5   19 1.02068e+00
  5   21 9.78839e-01
  5   23 8.35024e-01
  5   25 7.75512e-01
  5   27 7.34398e-01
  5   29 7.61547e-01
  5   31 6.78252e-01
  5   33 6.36268e-01
  5   35 6.89556e-01
  5   37 6.72941e-01
  5   39 5.68448e-01
  5   41 5.54667e-01
  5   43 6.11139e-01
  5   45 5.45217e-01
  5   47 5.53876e-01
  5   49 6.07020e-01
  5   51 6.61180e-01
  5   53 6.09450e-01
  5   55 6.54332e-01
  5   57 6.87507e-01
  5   59 6.24449e-01
  5   61 5.58484e-01
  5   63 5.22772e-01
  5   65 5.10273e-01
  5   67 4.46649e-01
  5   69 4.93844e-01
  5   71 4.05274e-01
  5   73 4.56500e-01
  5   75 4.31684e-01
  5   77 4.73942e-01
  5   79 5.27702e-01
  5   81 4.66962e-01
  5   83 5.33069e-01
  5   85 3.31329e-01
  5   87 5.67415e-01
  5   89 2.79914e-01
  5   91 6.00872e-01
  6    2 1.37731e+00
  6    4 8.34966e+00
  6    6 1.61113e+02
  6    8 1.21828e+01
  6   10 3.79690e+00
  6   12 1.90756e+00
  6   14 1.50120e+00
  6   16 1.30177e+00
  6   18 1.07748e+00
  6   20 9.81842e-01
  6   22 9.27997e-01
  6   24 8.12392e-01
  6   26 8.06395e-01
  6   28 7.53718e-01
  6   30 7.40586e-01
  6   32 6.75309e-01
  6   34 6.76833e-01
  6   36 6.68671e-01
  6   38 5.81200e-01
  6   40 5.62290e-01
  6   42 5.70745e-01
  6   44 5.97531e-01
  6   46 5.60684e-01
  6   48 6.38763e-01
  6   50 6.31319e-01
  6   52 6.20895e-01
  6   54 6.75601e-01
  6   56 6.78304e-01
  6   58 6.51362e-01
  6   60 5.68128e-01
  6   62 5.34428e-01
  6   64 5.25982e-01
  6   66 4.65889e-01
  6   68 5.69160e-01
  6   70 4.73055e-01
  6   72 4.33423e-01
  6   74 4.63628e-01
  6   76 4.63343e-01
  6   78 5.65436e-01
  6   80 4.64270e-01
  6   82 5.66414e-01
  6   84 3.58538e-01
  6   86 5.83217e-01
  6   88 3.11437e-01
  6   90 5.46995e-01
  7    1 1.92401e-01
  7    3 1.71633e+00
  7    5 8.74459e+00
  7    7 1.61053e+02
  7    9 1.19437e+01
  7   11 3.74131e+00
  7   13 1.83490e+00
  7   15 1.48072e+00
  7   17 1.29747e+00
  7   19 1.03614e+00
  7   21 1.00033e+00
  7   23 8.98833e-01
  7   25 8.02673e-01
  7   27 7.50745e-01
  7   29 7.28267e-01
  7   31 7.21155e-01
  7   33 6.82392e-01
  7   35 7.08965e-01
  7   37 6.20365e-01
  7   39 5.95980e-01
  7   41 5.63585e-01
  7   43 5.98903e-01
  7   45 5.51565e-01
  7   47 5.70140e-01
  7   49 6.07738e-01
  7   51 6.33407e-01
  7   53 6.34127e-01
  7   55 6.27686e-01
  7   57 6.79491e-01
  7   59 6.08253e-01
  7   61 5.56705e-01
  7   63 5.25641e-01
  7   65 5.44304e-01
  7   67 4.50880e-01
  7   69 5.05078e-01
  7   71 4.74406e-01
  7   73 4.45662e-01
  7   75 4.39110e-01
  7   77 4.38184e-01
  7   79 5.69012e-01
  7   81 4.55579e-01
  7   83 5.39390e-01
  7   85 3.68610e-01
  7   87 5.47274e-01
  7   89 3.20813e-01
  7   91 5.63710e-01
  8    2 4.37709e-01
  8    4 1.95020e+00
  8    6 8.93797e+00
  8    8 1.61132e+02
  8   10 1.17742e+01
  8   12 3.62963e+00
  8   14 1.76449e+00
  8   16 1.43370e+00
  8   18 1.29118e+00
  8   20 1.01975e+00
  8   22 9.92863e-01
  8   24 8.96279e-01
  8   26 7.99662e-01
  8   28 7.95976e-01
  8   30 7.52475e-01
  8   32 6.92406e-01
  8   34 6.83932e-01
  8   36 6.53240e-01
  8   38 6.42190e-01
  8   40 5.75563e-01
  8   42 5.94573e-01
  8   44 5.97619e-01
  8   46 5.74677e-01
  8   48 6.37205e-01
  8   50 6.09047e-01
  8   52 6.18981e-01
  8   54 6.52217e-01
  8   56 6.58153e-01
  8   58 6.13973e-01
  8   60 5.36891e-01
  8   62 5.29271e-01
  8   64 5.20593e-01
  8   66 4.74987e-01
  8   68 5.72010e-01
  8   70 5.04530e-01
  8   72 4.50356e-01
  8   74 5.23881e-01
  8   76 4.61910e-01
  8   78 5.26382e-01
  8   80 4.82130e-01
  8   82 5.53729e-01
  8   84 3.92344e-01
  8   86 6.03687e-01
  8   88 3.14859e-01
  8   90 5.32707e-01
  9    1 1.15064e-01
  9    3 6.41735e-01
  9    5 2.08244e+00
  9    7 9.13805e+00
  9    9 1.61126e+02
  9   11 1.16168e+01
  9   13 3.54832e+00
  9   15 1.75678e+00
  9   17 1.44618e+00
  9   19 1.21620e+00
  9   21 1.04435e+00
  9   23 9.64763e-01
  9   25 8.77018e-01
  9   27 7.90035e-01
  9   29 7.43450e-01
  9   31 7.35498e-01
  9   33 6.65086e-01
  9   35 6.57996e-01
  9   37 6.57959e-01
  9   39 6.50822e-01
  9   41 5.84983e-01
  9   43 5.85430e-01
  9   45 5.93847e-01
  9   47 5.69268e-01
  9   49 6.75572e-01
  9   51 5.86074e-01
  9   53 6.36565e-01
  9   55 6.24627e-01
  9   57 6.36727e-01
  9   59 6.23469e-01
  9   61 5.39917e-01
  9   63 5.32384e-01
  9   65 5.37130e-01
  9   67 4.74508e-01
  9   69 5.37034e-01
  9   71 4.79172e-01
  9   73 4.36277e-01
  9   75 4.88936e-01
  9   77 4.58080e-01
  9   79 5.47172e-01
  9   81 4.37708e-01
  9   83 5.45384e-01
  9   85 3.67251e-01
  9   87 5.74773e-01
  9   89 2.99737e-01
  9   91 5.53951e-01
 10    2 3.10342e-01
 10    4 7.40591e-01
 10    6 2.20042e+00
 10    8 9.30074e+00
 10   10 1.40416e+02
 10   12 1.09371e+01
 10   14 3.23245e+00
 10   16 1.53340e+00
 10   18 1.24140e+00
 10   20 1.08486e+00
 10   22 9.13083e-01
 10   24 8.62466e-01
 10   26 8.16665e-01
 10   28 7.29978e-01
 10   30 6.51117e-01
 10   32 6.32739e-01
 10   34 5.87091e-01
 10   36 5.68902e-01
 10   38 6.03161e-01
 10   40 6.12469e-01
 10   42 5.59868e-01
 10   44 5.53293e-01
 10   46 5.59938e-01
 10   48 5.66007e-01
 10   50 5.77888e-01
 10   52 5.68588e-01
 10   54 5.63369e-01
 10   56 5.89340e-01
 10   58 5.78304e-01
 10   60 4.94783e-01
 10   62 5.02223e-01
 10   64 5.00313e-01
 10   66 4.85181e-01
 10   68 5.11937e-01
 10   70 5.05008e-01
 10   72 4.30614e-01
 10   74 5.15697e-01
 10   76 4.24851e-01
 10   78 4.59675e-01
 10   80 4.11867e-01
 10   82 4.82932e-01
 10   84 3.56240e-01
 10   86 5.28089e-01
 10   88 3.12184e-01
 10   90 4.54774e-01
 11    1 8.16228e-02
 11    3 4.00270e-01
 11    5 8.32738e-01
 11    7 2.31870e+00
 11    9 9.41006e+00
 11   11 1.24630e+02
 11   13 1.03212e+01
 11   15 3.02475e+00
 11   17 1.38945e+00
 11   19 1.11536e+00
 11   21 9.81590e-01
 11   23 8.24371e-01
 11   25 7.78320e-01
 11   27 7.39654e-01
 11   29 6.32642e-01
 11   31 5.63937e-01
 11   33 5.59408e-01
 11   35 5.21568e-01
 11   37 5.16033e-01
 11   39 5.25256e-01
 11   41 5.10483e-01
 11   43 5.24478e-01
 11   45 4.93467e-01
 11   47 5.05104e-01
 11   49 5.29176e-01
 11   51 4.98899e-01
 11   53 4.87747e-01
 11   55 5.18654e-01
 11   57 5.25411e-01
 11   59 5.12797e-01
 11   61 4.41738e-01
 11   63 4.34652e-01
 11   65 4.39048e-01
 11   67 4.46642e-01
 11   69 4.58536e-01
 11   71 4.11500e-01
 11   73 3.71901e-01
 11   75 4.53161e-01
 11   77 3.36404e-01
 11   79 4.09779e-01
 11   81 3.30529e-01
 11   83 4.18390e-01
 11   85 3.08201e-01
 11   87 4.24257e-01
 11   89 2.40102e-01
 11   91 3.60297e-01
 12    2 1.91141e-01
 12    4 4.84077e-01
 12    6 9.13876e-01
 12    8 2.37018e+00
 12   10 9.04139e+00
 12   12 1.12340e+02
 12   14 9.70913e+00
 12   16 2.86062e+00
 12   18 1.30743e+00
 12   20 1.04878e+00
 12   22 9.04287e-01
 12   24 7.41966e-01
 12   26 6.91557e-01
 12   28 6.65866e-01
 12   30 5.80680e-01
 12   32 5.39881e-01
 12   34 5.16804e-01
 12   36 4.85467e-01
 12   38 4.72553e-01
 12   40 4.81797e-01
 12   42 4.72724e-01
 12   44 5.06154e-01
 12   46 4.54756e-01
 12   48 4.52337e-01
 12   50 4.67432e-01
 12   52 4.62352e-01
 12   54 4.55673e-01
 12   56 4.76137e-01
 12   58 4.39719e-01
 12   60 4.04937e-01
 12   62 4.22651e-01
 12   64 4.18297e-01
 12   66 4.03538e-01
 12   68 4.17388e-01
 12   70 4.19955e-01
 12   72 3.36860e-01
 12   74 4.20044e-01
 12   76 3.05872e-01
 12   78 4.31664e-01
 12   80 3.05978e-01
 12   82 3.40549e-01
 12   84 3.01980e-01
 12   86 3.23171e-01
 12   88 2.39726e-01
 12   90 3.19525e-01
 13    1 4.71712e-02
 13    3 2.87342e-01
 13    5 5.80862e-01
 13    7 9.55979e-01
 13    9 2.41627e+00
 13   11 8.67649e+00
 13   13 1.02221e+02
 13   15 9.12235e+00
 13   17 2.71765e+00
 13   19 1.22045e+00
 13   21 9.61347e-01
 13   23 8.22842e-01
 13   25 6.61806e-01
 13   27 6.40547e-01
 13   29 6.04318e-01
 13   31 5.25607e-01
 13   33 4.65181e-01
 13   35 4.67326e-01
 13   37 4.40784e-01
 13   39 4.45891e-01
 13   41 4.24596e-01
 13   43 4.62751e-01
 13   45 4.55188e-01
 13   47 4.14282e-01
 13   49 4.07885e-01
 13   51 4.15919e-01
 13   53 3.93659e-01
 13   55 4.09434e-01
 13   57 3.96733e-01
 13   59 4.00606e-01
 13   61 3.53279e-01
 13   63 3.67842e-01
 13   65 3.63811e-01
 13   67 3.78452e-01
 13   69 3.53955e-01
 13   71 3.88684e-01
 13   73 3.02621e-01
 13   75 3.52071e-01
 13   77 2.84989e-01
 13   79 3.54330e-01
 13   81 2.79475e-01
 13   83 3.02235e-01
 13   85 2.63955e-01
 13   87 2.88014e-01
 13   89 2.08368e-01
 13   91 2.87099e-01
 14    2 1.34973e-01
 14    4 3.82474e-01
 14    6 6.13166e-01
 14    8 9.82351e-01
 14   10 2.27821e+00
 14   12 8.27771e+00
 14   14 9.37580e+01
 14   16 8.55982e+00
 14   18 2.60750e+00
 14   20 1.15331e+00
 14   22 8.80944e-01
 14   24 7.70381e-01
 14   26 5.94115e-01
 14   28 5.82339e-01
 14   30 5.54143e-01
 14   32 4.78516e-01
 14   34 4.45536e-01
 14   36 4.49076e-01
 14   38 4.09033e-01
 14   40 4.16220e-01
 14   42 4.11152e-01
 14   44 4.10083e-01
 14   46 4.12968e-01
 14   48 3.86321e-01
 14   50 3.73395e-01
 14   52 3.73696e-01
 14   54 3.61750e-01
 14   56 3.56294e-01
 14   58 3.43865e-01
 14   60 3.26206e-01
 14   62 3.53156e-01
 14   64 3.35372e-01
 14   66 3.70858e-01
 14   68 3.43429e-01
 14   70 3.39146e-01
 14   72 2.79861e-01
 14   74 3.66262e-01
 14   76 2.62703e-01
 14   78 3.71021e-01
 14   80 2.81429e-01
 14   82 2.78651e-01
 14   84 2.53984e-01
 14   86 2.90101e-01
 14   88 1.96553e-01
 14   90 2.74893e-01
 15    1 4.27854e-02
 15    3 2.06438e-01
 15    5 4.27215e-01
 15    7 6.65648e-01
 15    9 1.03223e+00
 15   11 2.19402e+00
 15   13 7.87125e+00
 15   15 8.64752e+01
 15   17 8.05321e+00
 15   19 2.49314e+00
 15   21 1.07717e+00
 15   23 8.37385e-01
 15   25 7.43733e-01
 15   27 5.71045e-01
 15   29 5.33050e-01
 15   31 5.18503e-01
 15   33 4.39642e-01
 15   35 4.08566e-01
 15   37 4.04616e-01
 15   39 3.81187e-01
 15   41 4.05417e-01
 15   43 3.91278e-01
 15   45 3.87997e-01
 15   47 3.72275e-01
 15   49 3.16865e-01
 15   51 3.32437e-01
 15   53 3.10384e-01
 15   55 3.04048e-01
 15   57 2.81079e-01
 15   59 2.95467e-01
 15   61 2.71076e-01
 15   63 3.05403e-01
 15   65 2.89008e-01
 15   67 3.29370e-01
 15   69 3.11015e-01
 15   71 3.33080e-01
 15   73 2.72718e-01
 15   75 3.26663e-01
 15   77 2.50222e-01
 15   79 3.28285e-01
 15   81 2.65573e-01
 15   83 2.69533e-01
 15   85 2.34440e-01
 15   87 2.48615e-01
 15   89 1.71698e-01
 15   91 2.52733e-01
 16    2 1.12649e-01
 16    4 2.50294e-01
 16    6 4.63554e-01
 16    8 6.95880e-01
 16   10 9.42205e-01
 16   12 2.12626e+00
 16   14 7.46261e+00
 16   16 8.02856e+01
 16   18 7.58974e+00
 16   20 2.35926e+00
 16   22 1.00602e+00
 16   24 7.69007e-01
 16   26 7.14879e-01
 16   28 5.20366e-01
 16   30 4.88476e-01
 16   32 4.62323e-01
 16   34 4.12487e-01
 16   36 3.98615e-01
 16   38 4.01207e-01
 16   40 3.75477e-01
 16   42 3.75761e-01
 16   44 3.32377e-01
 16   46 3.48453e-01
 16   48 3.28172e-01
 16   50 3.03056e-01
 16   52 2.74618e-01
 16   54 2.89043e-01
 16   56 2.64347e-01
 16   58 2.79857e-01
 16   60 2.76219e-01
 16   62 2.82144e-01
 16   64 2.99981e-01
 16   66 2.91440e-01
 16   68 3.13002e-01
 16   70 2.92790e-01
 16   72 2.85784e-01
 16   74 3.13011e-01
 16   76 2.60775e-01
 16   78 3.28512e-01
 16   80 2.70607e-01
 16   82 2.68548e-01
 16   84 2.15827e-01
 16   86 2.42537e-01
 16   88 1.83026e-01
 16   90 2.31329e-01
 17    1 3.57591e-02
 17    3 1.64572e-01
 17    5 2.87123e-01
 17    7 5.13106e-01
 17    9 7.47517e-01
 17   11 8.86610e-01
 17   13 2.06285e+00
 17   15 7.08447e+00
 17   17 7.48736e+01
 17   19 7.12451e+00
 17   21 2.23744e+00
 17   23 9.67024e-01
 17   25 7.70787e-01
 17   27 6.49146e-01
 17   29 5.17417e-01
 17   31 4.63615e-01
 17   33 4.33395e-01
 17   35 3.91710e-01
 17   37 3.72932e-01
 17   39 3.59261e-01
 17   41 3.58692e-01
 17   43 3.21559e-01
 17   45 3.26341e-01
 17   47 3.25126e-01
 17   49 2.89271e-01
 17   51 2.73701e-01
 17   53 2.36022e-01
 17   55 2.51287e-01
 17   57 2.71908e-01
 17   59 2.41646e-01
 17   61 2.39690e-01
 17   63 2.58262e-01
 17   65 2.81544e-01
 17   67 2.56060e-01
 17   69 2.88026e-01
 17   71 2.77484e-01
 17   73 2.59374e-01
 17   75 2.83789e-01
 17   77 2.41406e-01
 17   79 2.83681e-01
 17   81 2.59628e-01
 17   83 2.50709e-01
 17   85 1.79265e-01
 17   87 2.25996e-01
 17   89 1.50176e-01
 17   91 2.33517e-01
 18    2 8.91434e-02
 18    4 2.13182e-01
 18    6 3.40214e-01
 18    8 5.55696e-01
 18   10 6.76359e-01
 18   12 8.61692e-01
 18   14 2.01571e+00
 18   16 6.72983e+00
 18   18 7.02400e+01
 18   20 6.72237e+00
 18   22 2.14937e+00
 18   24 9.02821e-01
 18   26 6.96332e-01
 18   28 6.11283e-01
 18   30 4.70277e-01
 18   32 4.58762e-01
 18   34 4.34375e-01
 18   36 3.70959e-01
 18   38 3.63723e-01
 18   40 3.65451e-01
 18   42 3.40417e-01
 18   44 3.05625e-01
 18   46 2.99629e-01
 18   48 2.65030e-01
 18   50 2.63247e-01
 18   52 2.36235e-01
 18   54 2.55612e-01
 18   56 2.36309e-01
 18   58 2.28219e-01
 18   60 2.45457e-01
 18   62 2.34882e-01
 18   64 2.87979e-01
 18   66 2.09004e-01
 18   68 2.67543e-01
 18   70 2.46128e-01
 18   72 2.84749e-01
 18   74 2.48184e-01
 18   76 2.63039e-01
 18   78 2.57121e-01
 18   80 2.44712e-01
 18   82 2.55693e-01
 18   84 1.91850e-01
 18   86 2.11907e-01
 18   88 1.53078e-01
 18   90 2.09084e-01
 19    1 2.68111e-02
 19    3 1.42192e-01
 19    5 2.49623e-01
 19    7 3.65894e-01
 19    9 5.61343e-01
 19   11 6.35522e-01
 19   13 8.27220e-01
 19   15 1.95844e+00
 19   17 6.36180e+00
 19   19 6.60858e+01
 19   21 6.39629e+00
 19   23 2.05019e+00
 19   25 8.39861e-01
 19   27 6.65714e-01
 19   29 5.85582e-01
 19   31 4.66576e-01
 19   33 4.42347e-01
 19   35 4.17564e-01
 19   37 3.63037e-01
 19   39 3.55310e-01
 19   41 3.32342e-01
 19   43 3.07009e-01
 19   45 2.78485e-01
 19   47 2.63818e-01
 19   49 2.61772e-01
 19   51 2.30120e-01
 19   53 1.95147e-01
 19   55 2.34987e-01
 19   57 2.22794e-01
 19   59 2.31324e-01
 19   61 2.28757e-01
 19   63 2.23845e-01
 19   65 2.78043e-01
 19   67 1.71132e-01
 19   69 2.58085e-01
 19   71 2.30621e-01
 19   73 2.57356e-01
 19   75 2.25633e-01
 19   77 2.28129e-01
 19   79 2.53000e-01
 19   81 2.33393e-01
 19   83 2.18127e-01
 19   85 1.85464e-01
 19   87 1.76551e-01
 19   89 1.51119e-01
 19   91 1.87911e-01
 20    2 6.99213e-02
 20    4 1.81252e-01
 20    6 2.78568e-01
 20    8 3.94358e-01
 20   10 5.31110e-01
 20   12 6.21100e-01
 20   14 8.01115e-01
 20   16 1.87974e+00
 20   18 6.04044e+00
 20   20 6.25563e+01
 20   22 6.04673e+00
 20   24 1.93399e+00
 20   26 7.88666e-01
 20   28 6.16159e-01
 20   30 5.68516e-01
 20   32 4.34646e-01
 20   34 4.18772e-01
 20   36 4.17454e-01
 20   38 3.48474e-01
 20   40 3.34001e-01
 20   42 3.27636e-01
 20   44 2.91836e-01
 20   46 2.62784e-01
 20   48 2.39751e-01
 20   50 2.16209e-01
 20   52 2.09333e-01
 20   54 2.01017e-01
 20   56 2.22682e-01
 20   58 2.13164e-01
 20   60 2.52027e-01
 20   62 2.02808e-01
 20   64 2.18125e-01
 20   66 2.14897e-01
 20   68 2.70906e-01
 20   70 2.24363e-01
 20   72 2.38777e-01
 20   74 2.36805e-01
 20   76 2.39810e-01
 20   78 2.02249e-01
 20   80 2.22399e-01
 20   82 2.41547e-01
 20   84 1.84012e-01
 20   86 1.92947e-01
 20   88 1.33570e-01
 20   90 1.81639e-01
 21    1 2.12657e-02
 21    3 1.12025e-01
 21    5 2.16320e-01
 21    7 3.19206e-01
 21    9 4.35573e-01
 21   11 5.05401e-01
 21   13 5.88804e-01
 21   15 7.64608e-01
 21   17 1.80538e+00
 21   19 5.77987e+00
 21   21 5.92833e+01
 21   23 5.73889e+00
 21   25 1.85896e+00
 21   27 7.63495e-01
 21   29 5.98579e-01
 21   31 5.22254e-01
 21   33 4.19706e-01
 21   35 4.06507e-01
 21   37 3.88913e-01
 21   39 3.25603e-01
 21   41 2.99442e-01
 21   43 3.01154e-01
 21   45 2.63014e-01
 21   47 2.54332e-01
 21   49 2.10308e-01
 21   51 1.92656e-01
 21   53 1.98772e-01
 21   55 2.03240e-01
 21   57 1.90955e-01
 21   59 2.06518e-01
 21   61 2.01011e-01
 21   63 1.96372e-01
 21   65 2.35731e-01
 21   67 2.15102e-01
 21   69 2.43668e-01
 21   71 1.85582e-01
 21   73 2.35536e-01
 21   75 2.25723e-01
 21   77 2.15671e-01
 21   79 1.90664e-01
 21   81 1.96998e-01
 21   83 2.20473e-01
 21   85 1.75035e-01
 21   87 1.91876e-01
 21   89 1.21284e-01
 21   91 1.66130e-01
 22    2 6.05768e-02
 22    4 1.38897e-01
 22    6 2.39130e-01
 22    8 3.48727e-01
 22   10 4.05995e-01
 22   12 4.86389e-01
 22   14 5.55772e-01
 22   16 7.27991e-01
 22   18 1.75411e+00
 22   20 5.49185e+00
 22   22 5.64605e+01
 22   24 5.46946e+00
 22   26 1.79840e+00
 22   28 7.22144e-01
 22   30 5.53158e-01
 22   32 5.25405e-01
 22   34 4.07505e-01
 22   36 3.88416e-01
 22   38 3.95718e-01
 22   40 3.52531e-01
 22   42 2.83409e-01
 22   44 2.77226e-01
 22   46 2.42941e-01
 22   48 2.10216e-01
 22   50 1.90713e-01
 22   52 1.99258e-01
 22   54 1.87419e-01
 22   56 1.90558e-01
 22   58 1.98395e-01
 22   60 2.10334e-01
 22   62 1.86813e-01
 22   64 2.16800e-01
 22   66 2.17181e-01
 22   68 2.24721e-01
 22   70 2.04856e-01
 22   72 1.91853e-01
 22   74 2.17695e-01
 22   76 2.00568e-01
 22   78 2.03027e-01
 22   80 2.12081e-01
 22   82 1.98931e-01
 22   84 1.89382e-01
 22   86 1.57574e-01
 22   88 1.33469e-01
 22   90 1.63491e-01
 23    1 1.84465e-02
 23    3 8.80934e-02
 23    5 1.68379e-01
 23    7 2.61703e-01
 23    9 3.67145e-01
 23   11 3.87286e-01
 23   13 4.59844e-01
 23   15 5.42353e-01
 23   17 7.11961e-01
 23   19 1.69039e+00
 23   21 5.23638e+00
 23   23 5.38172e+01
 23   25 5.23811e+00
 23   27 1.72105e+00
 23   29 6.81170e-01
 23   31 5.37875e-01
 23   33 5.41338e-01
 23   35 3.87122e-01
 23   37 3.72323e-01
 23   39 3.59864e-01
 23   41 2.88531e-01
 23   43 2.58908e-01
 23   45 2.67145e-01
 23   47 2.31489e-01
 23   49 1.92228e-01
 23   51 1.77127e-01
 23   53 2.05319e-01
 23   55 1.88302e-01
 23   57 1.94804e-01
 23   59 1.69426e-01
 23   61 1.84001e-01
 23   63 1.86678e-01
 23   65 1.92706e-01
 23   67 2.02233e-01
 23   69 1.89623e-01
 23   71 1.82622e-01
 23   73 1.77154e-01
 23   75 2.04884e-01
 23   77 1.95745e-01
 23   79 1.82819e-01
 23   81 1.88841e-01
 23   83 2.14233e-01
 23   85 1.75272e-01
 23   87 1.59909e-01
 23   89 1.20737e-01
 23   91 1.59779e-01
 24    2 5.16829e-02
 24    4 1.20026e-01
 24    6 1.91816e-01
 24    8 2.88451e-01
 24   10 3.51386e-01
 24   12 3.65674e-01
 24   14 4.45335e-01
 24   16 5.09899e-01
 24   18 6.75116e-01
 24   20 1.60948e+00
 24   22 5.01161e+00
 24   24 5.15709e+01
 24   26 4.99871e+00
 24   28 1.64328e+00
 24   30 6.55262e-01
 24   32 5.27402e-01
 24   34 5.16447e-01
 24   36 3.55126e-01
 24   38 3.62210e-01
 24   40 3.42291e-01
 24   42 2.87817e-01
 24   44 2.36696e-01
 24   46 2.54761e-01
 24   48 2.02025e-01
 24   50 1.83195e-01
 24   52 1.97612e-01
 24   54 2.12078e-01
 24   56 1.80272e-01
 24   58 1.82096e-01
 24   60 1.79637e-01
 24   62 2.22467e-01
 24   64 1.73647e-01
 24   66 1.91573e-01
 24   68 1.83537e-01
 24   70 2.18761e-01
 24   72 1.55724e-01
 24   74 1.72652e-01
 24   76 1.67012e-01
 24   78 1.92715e-01
 24   80 1.89868e-01
 24   82 1.75541e-01
 24   84 1.96988e-01
 24   86 1.69363e-01
 24   88 1.24477e-01
 24   90 1.47550e-01
 25    1 1.49152e-02
 25    3 7.98071e-02
 25    5 1.43842e-01
 25    7 2.14970e-01
 25    9 3.06997e-01
 25   11 3.36338e-01
 25   13 3.40199e-01
 25   15 4.43080e-01
 25   17 5.21989e-01
 25   19 6.36956e-01
 25   21 1.56020e+00
 25   23 4.81818e+00
 25   25 4.93649e+01
 25   27 4.78448e+00
 25   29 1.57582e+00
 25   31 6.31239e-01
 25   33 5.27426e-01
 25   35 4.80243e-01
 25   37 3.48824e-01
 25   39 3.38028e-01
 25   41 3.33254e-01
 25   43 2.63821e-01
 25   45 2.35315e-01
 25   47 2.16637e-01
 25   49 1.84664e-01
 25   51 1.82610e-01
 25   53 1.91273e-01
 25   55 1.72790e-01
 25   57 1.64133e-01
 25   59 1.49288e-01
 25   61 1.63610e-01
 25   63 2.17098e-01
 25   65 1.65089e-01
 25   67 1.77145e-01
 25   69 1.66422e-01
 25   71 2.11906e-01
 25   73 1.49182e-01
 25   75 1.59015e-01
 25   77 1.65917e-01
 25   79 1.68815e-01
 25   81 2.18215e-01
 25   83 1.46973e-01
 25   85 1.75455e-01
 25   87 1.50366e-01
 25   89 1.25954e-01
 25   91 1.62868e-01
 26    2 3.99082e-02
 26    4 1.08889e-01
 26    6 1.75759e-01
 26    8 2.37566e-01
 26   10 3.07140e-01
 26   12 3.14621e-01
 26   14 3.17030e-01
 26   16 4.37559e-01
 26   18 4.80665e-01
 26   20 6.05862e-01
 26   22 1.52114e+00
 26   24 4.61432e+00
 26   26 4.74988e+01
 26   28 4.59266e+00
 26   30 1.52914e+00
 26   32 6.01366e-01
 26   34 4.85492e-01
 26   36 4.66436e-01
 26   38 3.29351e-01
 26   40 3.18834e-01
 26   42 3.10381e-01
 26   44 2.45772e-01
 26   46 2.09981e-01
 26   48 2.20438e-01
 26   50 1.88828e-01
 26   52 1.79859e-01
 26   54 1.71728e-01
 26   56 1.72634e-01
 26   58 1.78879e-01
 26   60 1.74741e-01
 26   62 2.05090e-01
 26   64 1.62282e-01
 26   66 1.94058e-01
 26   68 1.59996e-01
 26   70 1.81651e-01
 26   72 1.45058e-01
 26   74 1.63850e-01
 26   76 1.45065e-01
 26   78 1.47133e-01
 26   80 2.24747e-01
 26   82 1.36603e-01
 26   84 1.78701e-01
 26   86 1.66316e-01
 26   88 1.30402e-01
 26   90 1.53824e-01
 27    1 1.26838e-02
 27    3 6.67978e-02
 27    5 1.26154e-01
 27    7 1.86210e-01
 27    9 2.56120e-01
 27   11 2.96018e-01
 27   13 3.04948e-01
 27   15 3.15070e-01
 27   17 4.07138e-01
 27   19 4.67587e-01
 27   21 5.93459e-01
 27   23 1.46614e+00
 27   25 4.43105e+00
 27   27 4.57060e+01
 27   29 4.42573e+00
 27   31 1.46652e+00
 27   33 5.67506e-01
 27   35 4.71375e-01
 27   37 4.26607e-01
 27   39 3.23536e-01
 27   41 3.04409e-01
 27   43 3.00403e-01
 27   45 2.22903e-01
 27   47 2.27421e-01
 27   49 1.94743e-01
 27   51 1.75861e-01
 27   53 1.74765e-01
 27   55 1.63094e-01
 27   57 1.74848e-01
 27   59 1.67166e-01
 27   61 1.52470e-01
 27   63 1.76542e-01
 27   65 1.44981e-01
 27   67 2.08477e-01
 27   69 1.39749e-01
 27   71 1.88962e-01
 27   73 1.47377e-01
 27   75 1.53243e-01
 27   77 1.40357e-01
 27   79 1.42802e-01
 27   81 2.12073e-01
 27   83 1.41439e-01
 27   85 1.71353e-01
 27   87 1.47346e-01
 27   89 1.20506e-01
 27   91 1.26127e-01
 28    2 4.12925e-02
 28    4 1.00182e-01
 28    6 1.52605e-01
 28    8 2.19668e-01
 28   10 2.55030e-01
 28   12 2.81408e-01
 28   14 2.88666e-01
 28   16 2.95871e-01
 28   18 3.91975e-01
 28   20 4.39707e-01
 28   22 5.67408e-01
 28   24 1.40913e+00
 28   26 4.26633e+00
 28   28 4.41338e+01
 28   30 4.25329e+00
 28   32 1.40955e+00
 28   34 5.35878e-01
 28   36 4.39523e-01
 28   38 4.11578e-01
 28   40 2.90584e-01
 28   42 2.78417e-01
 28   44 2.80102e-01
 28   46 2.44120e-01
 28   48 2.18441e-01
 28   50 1.95815e-01
 28   52 1.88723e-01
 28   54 1.65604e-01
 28   56 1.67429e-01
 28   58 1.95270e-01
 28   60 1.68438e-01
 28   62 1.59660e-01
 28   64 1.58003e-01
 28   66 1.79779e-01
 28   68 1.25996e-01
 28   70 1.47767e-01
 28   72 1.35278e-01
 28   74 1.53047e-01
 28   76 1.60473e-01
 28   78 1.37069e-01
 28   80 2.16900e-01
 28   82 1.34750e-01
 28   84 1.67764e-01
 28   86 1.33231e-01
 28   88 1.28869e-01
 28   90 1.41866e-01
 29    1 1.16765e-02
 29    3 6.34553e-02
 29    5 1.21865e-01
 29    7 1.68273e-01
 29    9 2.24524e-01
 29   11 2.35864e-01
 29   13 2.68012e-01
 29   15 2.73980e-01
 29   17 3.02311e-01
 29   19 3.83156e-01
 29   21 4.33430e-01
 29   23 5.40567e-01
 29   25 1.35954e+00
 29   27 4.12286e+00
 29   29 4.25965e+01
 29   31 4.11125e+00
 29   33 1.34391e+00
 29   35 5.00125e-01
 29   37 4.30830e-01
 29   39 3.84882e-01
 29   41 2.83044e-01
 29   43 2.61671e-01
 29   45 2.76987e-01
 29   47 2.20107e-01
 29   49 1.97583e-01
 29   51 1.84685e-01
 29   53 1.76863e-01
 29   55 1.58140e-01
 29   57 1.64266e-01
 29   59 1.76688e-01
 29   61 1.59961e-01
 29   63 1.51941e-01
 29   65 1.44452e-01
 29   67 1.78015e-01
 29   69 1.25668e-01
 29   71 1.45659e-01
 29   73 1.34469e-01
 29   75 1.53325e-01
 29   77 1.32132e-01
 29   79 1.23958e-01
 29   81 2.07579e-01
 29   83 1.43450e-01
 29   85 1.67154e-01
 29   87 1.25223e-01
 29   89 1.09246e-01
 29   91 1.37713e-01
 30    2 3.49045e-02
 30    4 8.27723e-02
 30    6 1.40052e-01
 30    8 1.93961e-01
 30   10 2.12469e-01
 30   12 2.29213e-01
 30   14 2.56564e-01
 30   16 2.59412e-01
 30   18 2.81659e-01
 30   20 3.78936e-01
 30   22 4.05952e-01
 30   24 5.24816e-01
 30   26 1.32675e+00
 30   28 3.97264e+00
 30   30 4.12317e+01
 30   32 3.95101e+00
 30   34 1.30059e+00
 30   36 4.83056e-01
 30   38 4.06933e-01
 30   40 3.69625e-01
 30   42 2.56543e-01
 30   44 2.65219e-01
 30   46 2.63066e-01
 30   48 2.29612e-01
 30   50 1.90345e-01
 30   52 1.93624e-01
 30   54 1.67106e-01
 30   56 1.78616e-01
 30   58 1.49647e-01
 30   60 1.83791e-01
 30   62 1.60835e-01
 30   64 1.20317e-01
 30   66 1.50089e-01
 30   68 1.36361e-01
 30   70 1.53090e-01
 30   72 1.44161e-01
 30   74 1.56700e-01
 30   76 1.46740e-01
 30   78 1.41269e-01
 30   80 1.70098e-01
 30   82 1.35087e-01
 30   84 1.48970e-01
 30   86 1.43635e-01
 30   88 9.13160e-02
 30   90 1.46042e-01
 31    1 1.28649e-02
 31    3 5.98873e-02
 31    5 1.01623e-01
 31    7 1.56017e-01
 31    9 2.07975e-01
 31   11 1.96858e-01
 31   13 2.18256e-01
 31   15 2.49529e-01
 31   17 2.53623e-01
 31   19 2.85843e-01
 31   21 3.54077e-01
 31   23 3.99662e-01
 31   25 5.09915e-01
 31   27 1.27915e+00
 31   29 3.84939e+00
 31   31 3.98826e+01
 31   33 3.81512e+00
 31   35 1.23983e+00
 31   37 4.65677e-01
 31   39 3.98261e-01
 31   41 3.64141e-01
 31   43 2.47854e-01
 31   45 2.51783e-01
 31   47 2.46449e-01
 31   49 2.19571e-01
 31   51 1.82980e-01
 31   53 1.80379e-01
 31   55 1.60057e-01
 31   57 1.62108e-01
 31   59 1.54987e-01
 31   61 1.67064e-01
 31   63 1.53434e-01
 31   65 1.38933e-01
 31   67 1.34711e-01
 31   69 1.46773e-01
 31   71 1.59567e-01
 31   73 1.21449e-01
 31   75 1.45385e-01
 31   77 1.39749e-01
 31   79 1.31211e-01
 31   81 1.52981e-01
 31   83 1.16433e-01
 31   85 1.48488e-01
 31   87 1.34103e-01
 31   89 1.04888e-01
 31   91 1.29783e-01
 32    2 3.77006e-02
 32    4 7.99953e-02
 32    6 1.19848e-01
 32    8 1.67493e-01
 32   10 1.93765e-01
 32   12 1.99994e-01
 32   14 2.07915e-01
 32   16 2.30414e-01
 32   18 2.57853e-01
 32   20 2.71879e-01
 32   22 3.61855e-01
 32   24 3.96414e-01
 32   26 4.89663e-01
 32   28 1.23551e+00
 32   30 3.70786e+00
 32   32 3.86938e+01
 32   34 3.69106e+00
 32   36 1.20216e+00
 32   38 4.24635e-01
 32   40 3.76564e-01
 32   42 3.55780e-01
 32   44 2.49279e-01
 32   46 2.58570e-01
 32   48 2.36361e-01
 32   50 2.12386e-01
 32   52 1.78426e-01
 32   54 1.82617e-01
 32   56 1.59878e-01
 32   58 1.51759e-01
 32   60 1.53224e-01
 32   62 1.39262e-01
 32   64 1.39848e-01
 32   66 1.62189e-01
 32   68 1.32263e-01
 32   70 1.50646e-01
 32   72 1.34339e-01
 32   74 1.53952e-01
 32   76 1.34885e-01
 32   78 1.27576e-01
 32   80 1.45683e-01
 32   82 1.16891e-01
 32   84 1.35325e-01
 32   86 1.28750e-01
 32   88 1.17073e-01
 32   90 1.11815e-01
 33    1 1.09289e-02
 33    3 5.03597e-02
 33    5 8.96588e-02
 33    7 1.38844e-01
 33    9 1.76871e-01
 33   11 1.83654e-01
 33   13 1.81668e-01
 33   15 1.98985e-01
 33   17 2.22980e-01
 33   19 2.54870e-01
 33   21 2.67616e-01
 33   23 3.78296e-01
 33   25 4.00697e-01
 33   27 4.65536e-01
 33   29 1.18342e+00
 33   31 3.58806e+00
 33   33 3.75302e+01
 33   35 3.57811e+00
 33   37 1.13404e+00
 33   39 4.02909e-01
 33   41 3.55817e-01
 33   43 3.40208e-01
 33   45 2.45192e-01
 33   47 2.35708e-01
 33   49 2.40389e-01
 33   51 1.86022e-01
 33   53 1.82620e-01
 33   55 1.84498e-01
 33   57 1.53113e-01
 33   59 1.42790e-01
 33   61 1.41309e-01
 33   63 1.44687e-01
 33   65 1.29387e-01
 33   67 1.41458e-01
 33   69 1.13691e-01
 33   71 1.48874e-01
 33   73 1.27681e-01
 33   75 1.51291e-01
 33   77 1.24590e-01
 33   79 1.14460e-01
 33   81 1.38084e-01
 33   83 1.25730e-01
 33   85 1.29248e-01
 33   87 1.41891e-01
 33   89 1.00672e-01
 33   91 1.17387e-01
 34    2 2.91707e-02
 34    4 6.53336e-02
 34    6 1.13198e-01
 34    8 1.55912e-01
 34   10 1.69429e-01
 34   12 1.80416e-01
 34   14 1.82432e-01
 34   16 1.93733e-01
 34   18 2.30081e-01
 34   20 2.46858e-01
 34   22 2.64487e-01
 34   24 3.65817e-01
 34   26 3.72539e-01
 34   28 4.42655e-01
 34   30 1.15023e+00
 34   32 3.47842e+00
 34   34 3.64636e+01
 34   36 3.42196e+00
 34   38 1.08299e+00
 34   40 3.86492e-01
 34   42 3.62552e-01
 34   44 3.40544e-01
 34   46 2.47230e-01
 34   48 2.30220e-01
 34   50 2.23863e-01
 34   52 1.84852e-01
 34   54 1.81458e-01
 34   56 1.79036e-01
 34   58 1.44141e-01
 34   60 1.46005e-01
 34   62 1.33568e-01
 34   64 1.55061e-01
 34   66 1.53363e-01
 34   68 1.29780e-01
 34   70 1.46877e-01
 34   72 1.27190e-01
 34   74 1.28052e-01
 34   76 1.12026e-01
 34   78 1.29959e-01
 34   80 1.43231e-01
 34   82 1.25526e-01
 34   84 1.29919e-01
 34   86 1.06979e-01
 34   88 9.39176e-02
 34   90 1.24245e-01
 35    1 9.47319e-03
 35    3 4.91364e-02
 35    5 9.17450e-02
 35    7 1.36200e-01
 35    9 1.65220e-01
 35   11 1.61675e-01
 35   13 1.72320e-01
 35   15 1.74599e-01
 35   17 1.90286e-01
 35   19 2.27164e-01
 35   21 2.44734e-01
 35   23 2.55429e-01
 35   25 3.44490e-01
 35   27 3.65098e-01
 35   29 4.15822e-01
 35   31 1.10096e+00
 35   33 3.37843e+00
 35   35 3.54188e+01
 35   37 3.31882e+00
 35   39 1.05585e+00
 35   41 3.76878e-01
 35   43 3.42725e-01
 35   45 3.28885e-01
 35   47 2.25941e-01
 35   49 2.15964e-01
 35   51 2.19183e-01
 35   53 1.85044e-01
 35   55 1.77122e-01
 35   57 1.63632e-01
 35   59 1.38696e-01
 35   61 1.31234e-01
 35   63 1.42022e-01
 35   65 1.45389e-01
 35   67 1.44574e-01
 35   69 1.20796e-01
 35   71 1.37487e-01
 35   73 1.27215e-01
 35   75 1.33938e-01
 35   77 1.22616e-01
 35   79 1.14900e-01
 35   81 1.37061e-01
 35   83 1.11756e-01
 35   85 1.27501e-01
 35   87 1.04603e-01
 35   89 9.62554e-02
 35   91 1.17248e-01
 36    2 2.79201e-02
 36    4 6.92258e-02
 36    6 1.05783e-01
 36    8 1.40859e-01
 36   10 1.55297e-01
 36   12 1.60307e-01
 36   14 1.73933e-01
 36   16 1.77088e-01
 36   18 1.85860e-01
 36   20 2.32767e-01
 36   22 2.38458e-01
 36   24 2.37938e-01
 36   26 3.38551e-01
 36   28 3.43419e-01
 36   30 4.04098e-01
 36   32 1.07161e+00
 36   34 3.23682e+00
 36   36 3.44480e+01
 36   38 3.21988e+00
 36   40 1.04761e+00
 36   42 3.73492e-01
 36   44 3.46208e-01
 36   46 3.20433e-01
 36   48 2.23330e-01
 36   50 2.28443e-01
 36   52 2.25450e-01
 36   54 1.81393e-01
 36   56 1.55938e-01
 36   58 1.60417e-01
 36   60 1.55137e-01
 36   62 1.36279e-01
 36   64 1.30372e-01
 36   66 1.34741e-01
 36   68 1.58030e-01
 36   70 1.41535e-01
 36   72 1.10382e-01
 36   74 1.13184e-01
 36   76 1.09264e-01
 36   78 1.10571e-01
 36   80 1.33509e-01
 36   82 1.00367e-01
 36   84 1.16802e-01
 36   86 1.14877e-01
 36   88 9.01141e-02
 36   90 1.18094e-01
 37    1 8.96611e-03
 37    3 4.38053e-02
 37    5 8.48348e-02
 37    7 1.12924e-01
 37    9 1.56539e-01
 37   11 1.51563e-01
 37   13 1.54002e-01
 37   15 1.63835e-01
 37   17 1.71655e-01
 37   19 1.87134e-01
 37   21 2.21852e-01
 37   23 2.32770e-01
 37   25 2.37086e-01
 37   27 3.13079e-01
 37   29 3.39406e-01
 37   31 3.91814e-01
 37   33 1.01455e+00
 37   35 3.14462e+00
 37   37 3.35404e+01
 37   39 3.13786e+00
 37   41 1.01813e+00
 37   43 3.59808e-01
 37   45 3.20658e-01
 37   47 3.15592e-01
 37   49 2.18599e-01
 37   51 2.24369e-01
 37   53 2.16415e-01
 37   55 1.73010e-01
 37   57 1.53478e-01
 37   59 1.43381e-01
 37   61 1.49261e-01
 37   63 1.26741e-01
 37   65 1.26406e-01
 37   67 1.35061e-01
 37   69 1.41313e-01
 37   71 1.36100e-01
 37   73 1.18900e-01
 37   75 1.11130e-01
 37   77 9.75479e-02
 37   79 1.22429e-01
 37   81 1.36109e-01
 37   83 9.62981e-02
 37   85 1.04475e-01
 37   87 1.10099e-01
 37   89 8.91628e-02
 37   91 1.02422e-01
 38    2 2.23895e-02
 38    4 5.47008e-02
 38    6 8.72597e-02
 38    8 1.31420e-01
 38   10 1.56259e-01
 38   12 1.48091e-01
 38   14 1.50351e-01
 38   16 1.69157e-01
 38   18 1.72948e-01
 38   20 1.84403e-01
 38   22 2.30561e-01
 38   24 2.30318e-01
 38   26 2.26871e-01
 38   28 3.05197e-01
 38   30 3.23071e-01
 38   32 3.59233e-01
 38   34 9.72200e-01
 38   36 3.05581e+00
 38   38 3.26830e+01
 38   40 3.04498e+00
 38   42 9.81964e-01
 38   44 3.40839e-01
 38   46 3.19167e-01
 38   48 3.31482e-01
 38   50 2.26722e-01
 38   52 2.28929e-01
 38   54 2.14285e-01
 38   56 1.73169e-01
 38   58 1.45637e-01
 38   60 1.58831e-01
 38   62 1.28976e-01
 38   64 1.30189e-01
 38   66 1.28054e-01
 38   68 1.48843e-01
 38   70 1.10898e-01
 38   72 1.18967e-01
 38   74 1.01468e-01
 38   76 1.05798e-01
 38   78 1.06525e-01
 38   80 1.35073e-01
 38   82 8.92455e-02
 38   84 1.02936e-01
 38   86 1.12701e-01
 38   88 9.83615e-02
 38   90 1.02934e-01
 39    1 7.10809e-03
 39    3 3.79124e-02
 39    5 6.81145e-02
 39    7 1.03115e-01
 39    9 1.47177e-01
 39   11 1.46636e-01
 39   13 1.48075e-01
 39   15 1.46708e-01
 39   17 1.57177e-01
 39   19 1.74085e-01
 39   21 1.76543e-01
 39   23 2.13844e-01
 39   25 2.18376e-01
 39   27 2.25685e-01
 39   29 2.88199e-01
 39   31 3.18504e-01
 39   33 3.42613e-01
 39   35 9.50908e-01
 39   37 2.98254e+00
 39   39 3.18370e+01
 39   41 2.96569e+00
 39   43 9.40267e-01
 39   45 3.27387e-01
 39   47 3.12118e-01
 39   49 3.07504e-01
 39   51 2.18145e-01
 39   53 2.25884e-01
 39   55 2.08245e-01
 39   57 1.60973e-01
 39   59 1.51729e-01
 39   61 1.57484e-01
 39   63 1.23277e-01
 39   65 1.19706e-01
 39   67 1.40818e-01
 39   69 1.37645e-01
 39   71 1.14794e-01
 39   73 1.14486e-01
 39   75 1.03374e-01
 39   77 9.67076e-02
 39   79 9.38155e-02
 39   81 1.12234e-01
 39   83 1.02406e-01
 39   85 1.09154e-01
 39   87 1.01519e-01
 39   89 9.96896e-02
 39   91 8.87399e-02
 40    2 2.22124e-02
 40    4 5.01337e-02
 40    6 8.03589e-02
 40    8 1.12118e-01
 40   10 1.51036e-01
 40   12 1.43724e-01
 40   14 1.45632e-01
 40   16 1.50693e-01
 40   18 1.65409e-01
 40   20 1.68241e-01
 40   22 1.95517e-01
 40   24 2.07181e-01
 40   26 2.09059e-01
 40   28 2.05110e-01
 40   30 2.79333e-01
 40   32 3.03239e-01
 40   34 3.30260e-01
 40   36 9.46389e-01
 40   38 2.89848e+00
 40   40 3.10912e+01
 40   42 2.86640e+00
 40   44 9.17435e-01
 40   46 3.33816e-01
 40   48 3.05530e-01
 40   50 3.12912e-01
 40   52 2.14807e-01
 40   54 2.15474e-01
 40   56 1.95996e-01
 40   58 1.69793e-01
 40   60 1.41028e-01
 40   62 1.39434e-01
 40   64 1.51093e-01
 40   66 1.29042e-01
 40   68 1.09830e-01
 40   70 1.10202e-01
 40   72 1.20412e-01
 40   74 1.04084e-01
 40   76 1.01857e-01
 40   78 9.11746e-02
 40   80 1.01573e-01
 40   82 1.04664e-01
 40   84 1.15158e-01
 40   86 8.12457e-02
 40   88 8.35052e-02
 40   90 1.14026e-01
 41    1 7.48647e-03
 41    3 3.64048e-02
 41    5 6.33535e-02
 41    7 9.29476e-02
 41    9 1.26098e-01
 41   11 1.35844e-01
 41   13 1.34406e-01
 41   15 1.48733e-01
 41   17 1.49585e-01
 41   19 1.55213e-01
 41   21 1.54762e-01
 41   23 1.63433e-01
 41   25 2.05218e-01
 41   27 2.02407e-01
 41   29 2.02026e-01
 41   31 2.77591e-01
 41   33 2.88411e-01
 41   35 3.23539e-01
 41   37 9.22452e-01
 41   39 2.82693e+00
 41   41 3.03380e+01
 41   43 2.78946e+00
 41   45 8.93170e-01
 41   47 3.21658e-01
 41   49 2.97720e-01
 41   51 2.95911e-01
 41   53 2.03095e-01
 41   55 2.01604e-01
 41   57 1.97380e-01
 41   59 1.56025e-01
 41   61 1.42157e-01
 41   63 1.37286e-01
 41   65 1.44620e-01
 41   67 1.22341e-01
 41   69 1.35807e-01
 41   71 1.03254e-01
 41   73 1.05040e-01
 41   75 9.31786e-02
 41   77 9.63025e-02
 41   79 8.53817e-02
 41   81 1.03207e-01
 41   83 9.17122e-02
 41   85 1.19434e-01
 41   87 7.86077e-02
 41   89 9.77282e-02
 41   91 1.08912e-01
 42    2 1.94326e-02
 42    4 4.95832e-02
 42    6 7.78538e-02
 42    8 1.10548e-01
 42   10 1.31779e-01
 42   12 1.34597e-01
 42   14 1.37310e-01
 42   16 1.43941e-01
 42   18 1.47064e-01
 42   20 1.57522e-01
 42   22 1.50025e-01
 42   24 1.66277e-01
 42   26 1.94251e-01
 42   28 1.87575e-01
 42   30 1.85048e-01
 42   32 2.73458e-01
 42   34 2.95699e-01
 42   36 3.22045e-01
 42   38 8.92165e-01
 42   40 2.73590e+00
 42   42 2.96612e+01
 42   44 2.72604e+00
 42   46 8.70753e-01
 42   48 3.08328e-01
 42   50 3.00887e-01
 42   52 2.84046e-01
 42   54 1.89625e-01
 42   56 2.02496e-01
 42   58 1.97430e-01
 42   60 1.63558e-01
 42   62 1.49005e-01
 42   64 1.45427e-01
 42   66 1.16599e-01
 42   68 1.14470e-01
 42   70 1.08372e-01
 42   72 1.14866e-01
 42   74 9.59210e-02
 42   76 9.40538e-02
 42   78 9.25780e-02
 42   80 1.08050e-01
 42   82 8.87003e-02
 42   84 9.57807e-02
 42   86 1.02261e-01
 42   88 7.97076e-02
 42   90 9.69847e-02
 43    1 6.97452e-03
 43    3 3.42899e-02
 43    5 6.67101e-02
 43    7 9.43947e-02
 43    9 1.20602e-01
 43   11 1.33382e-01
 43   13 1.39992e-01
 43   15 1.37184e-01
 43   17 1.28156e-01
 43   19 1.37027e-01
 43   21 1.48749e-01
 43   23 1.40155e-01
 43   25 1.55261e-01
 43   27 1.90891e-01
 43   29 1.78494e-01
 43   31 1.80570e-01
 43   33 2.63538e-01
 43   35 2.81180e-01
 43   37 3.11547e-01
 43   39 8.56550e-01
 43   41 2.66583e+00
 43   43 2.89950e+01
 43   45 2.66091e+00
 43   47 8.43588e-01
 43   49 3.01877e-01
 43   51 2.83756e-01
 43   53 2.76660e-01
 43   55 1.94743e-01
 43   57 1.87891e-01
 43   59 1.92001e-01
 43   61 1.62332e-01
 43   63 1.39653e-01
 43   65 1.35261e-01
 43   67 1.09156e-01
 43   69 1.08228e-01
 43   71 9.75878e-02
 43   73 1.20962e-01
 43   75 9.86373e-02
 43   77 9.74534e-02
 43   79 7.93374e-02
 43   81 1.12635e-01
 43   83 9.45318e-02
 43   85 9.15319e-02
 43   87 9.80476e-02
 43   89 7.76813e-02
 43   91 9.14202e-02
 44    2 1.87694e-02
 44    4 4.44909e-02
 44    6 7.79893e-02
 44    8 1.06318e-01
 44   10 1.24610e-01
 44   12 1.37895e-01
 44   14 1.31041e-01
 44   16 1.21826e-01
 44   18 1.26334e-01
 44   20 1.34253e-01
 44   22 1.40418e-01
 44   24 1.30841e-01
 44   26 1.47176e-01
 44   28 1.80564e-01
 44   30 1.83049e-01
 44   32 1.83329e-01
 44   34 2.65760e-01
 44   36 2.85634e-01
 44   38 2.96303e-01
 44   40 8.37869e-01
 44   42 2.60837e+00
 44   44 2.83361e+01
 44   46 2.57027e+00
 44   48 8.07643e-01
 44   50 2.87348e-01
 44   52 2.75966e-01
 44   54 2.82021e-01
 44   56 1.91161e-01
 44   58 1.91019e-01
 44   60 1.98731e-01
 44   62 1.51949e-01
 44   64 1.27225e-01
 44   66 1.22816e-01
 44   68 1.22921e-01
 44   70 1.00073e-01
 44   72 1.18162e-01
 44   74 9.82117e-02
 44   76 8.82746e-02
 44   78 1.00121e-01
 44   80 1.25603e-01
 44   82 9.59598e-02
 44   84 7.97458e-02
 44   86 1.06342e-01
 44   88 8.89558e-02
 44   90 7.72037e-02
 45    1 6.91168e-03
 45    3 3.22088e-02
 45    5 5.70111e-02
 45    7 8.32774e-02
 45    9 1.17190e-01
 45   11 1.20218e-01
 45   13 1.31912e-01
 45   15 1.30312e-01
 45   17 1.24592e-01
 45   19 1.19068e-01
 45   21 1.24446e-01
 45   23 1.38531e-01
 45   25 1.32661e-01
 45   27 1.35686e-01
 45   29 1.80995e-01
 45   31 1.75718e-01
 45   33 1.81947e-01
 45   35 2.58476e-01
 45   37 2.65972e-01
 45   39 2.85695e-01
 45   41 8.17685e-01
 45   43 2.54899e+00
 45   45 2.77483e+01
 45   47 2.49934e+00
 45   49 7.85053e-01
 45   51 2.86733e-01
 45   53 2.69662e-01
 45   55 2.78622e-01
 45   57 1.85666e-01
 45   59 1.83223e-01
 45   61 1.88393e-01
 45   63 1.50822e-01
 45   65 1.19004e-01
 45   67 1.13552e-01
 45   69 1.15832e-01
 45   71 1.05812e-01
 45   73 1.07277e-01
 45   75 9.71552e-02
 45   77 1.01214e-01
 45   79 1.06899e-01
 45   81 1.10195e-01
 45   83 8.36649e-02
 45   85 7.59684e-02
 45   87 1.08428e-01
 45   89 8.75287e-02
 45   91 7.44727e-02
 46    2 2.08163e-02
 46    4 4.45926e-02
 46    6 7.01801e-02
 46    8 9.80456e-02
 46   10 1.20937e-01
 46   12 1.18813e-01
 46   14 1.26553e-01
 46   16 1.22482e-01
 46   18 1.18778e-01
 46   20 1.15932e-01
 46   22 1.18007e-01
 46   24 1.35054e-01
 46   26 1.20588e-01
 46   28 1.50918e-01
 46   30 1.74119e-01
 46   32 1.82367e-01
 46   34 1.85028e-01
 46   36 2.53531e-01
 46   38 2.66088e-01
 46   40 2.92367e-01
 46   42 7.99011e-01
 46   44 2.46490e+00
 46   46 2.71511e+01
 46   48 2.43749e+00
 46   50 7.70979e-01
 46   52 2.84712e-01
 46   54 2.71407e-01
 46   56 2.69889e-01
 46   58 1.93766e-01
 46   60 1.75909e-01
 46   62 1.72987e-01
 46   64 1.40244e-01
 46   66 1.25197e-01
 46   68 1.30620e-01
 46   70 1.00912e-01
 46   72 9.89125e-02
 46   74 8.83736e-02
 46   76 1.02369e-01
 46   78 9.54542e-02
 46   80 9.93841e-02
 46   82 9.50982e-02
 46   84 1.04608e-01
 46   86 8.11552e-02
 46   88 8.76705e-02
 46   90 9.60944e-02
 47    1 6.54679e-03
 47    3 3.20054e-02
 47    5 5.56013e-02
 47    7 8.26408e-02
 47    9 1.07849e-01
 47   11 1.18133e-01
 47   13 1.15258e-01
 47   15 1.20034e-01
 47   17 1.19166e-01
 47   19 1.08288e-01
 47   21 1.15528e-01
 47   23 1.15243e-01
 47   25 1.17249e-01
 47   27 1.32902e-01
 47   29 1.38077e-01
 47   31 1.65119e-01
 47   33 1.67917e-01
 47   35 1.70473e-01
 47   37 2.51306e-01
 47   39 2.61482e-01
 47   41 2.82702e-01
 47   43 7.75804e-01
 47   45 2.39943e+00
 47   47 2.65953e+01
 47   49 2.38075e+00
 47   51 7.56566e-01
 47   53 2.71861e-01
 47   55 2.54289e-01
 47   57 2.68142e-01
 47   59 2.00489e-01
 47   61 1.69160e-01
 47   63 1.66321e-01
 47   65 1.33103e-01
 47   67 1.35233e-01
 47   69 1.20719e-01
 47   71 1.03184e-01
 47   73 9.96104e-02
 47   75 9.18360e-02
 47   77 8.81683e-02
 47   79 9.74283e-02
 47   81 9.48504e-02
 47   83 9.30952e-02
 47   85 9.83847e-02
 47   87 8.28200e-02
 47   89 8.18803e-02
 47   91 9.62655e-02
 48    2 2.00781e-02
 48    4 4.76896e-02
 48    6 7.68352e-02
 48    8 1.04474e-01
 48   10 1.17480e-01
 48   12 1.13572e-01
 48   14 1.13770e-01
 48   16 1.10855e-01
 48   18 1.00965e-01
 48   20 1.01646e-01
 48   22 9.81295e-02
 48   24 1.02921e-01
 48   26 1.21657e-01
 48   28 1.29777e-01
 48   30 1.46050e-01
 48   32 1.60202e-01
 48   34 1.65579e-01
 48   36 1.69811e-01
 48   38 2.65578e-01
 48   40 2.57158e-01
 48   42 2.71892e-01
 48   44 7.44330e-01
 48   46 2.34244e+00
 48   48 2.60841e+01
 48   50 2.33090e+00
 48   52 7.47482e-01
 48   54 2.61668e-01
 48   56 2.57681e-01
 48   58 2.49311e-01
 48   60 1.75523e-01
 48   62 1.59640e-01
 48   64 1.65704e-01
 48   66 1.43962e-01
 48   68 1.26541e-01
 48   70 1.02481e-01
 48   72 9.97098e-02
 48   74 8.70906e-02
 48   76 1.02910e-01
 48   78 8.86768e-02
 48   80 9.57192e-02
 48   82 8.43656e-02
 48   84 1.01693e-01
 48   86 9.19218e-02
 48   88 7.75340e-02
 48   90 1.22345e-01
 49    1 5.75697e-03
 49    3 3.18094e-02
 49    5 5.86174e-02
 49    7 8.47384e-02
 49    9 1.23118e-01
 49   11 1.19054e-01
 49   13 1.09160e-01
 49   15 9.82800e-02
 49   17 1.01990e-01
 49   19 1.03359e-01
 49   21 9.18954e-02
 49   23 9.20556e-02
 49   25 9.61409e-02
 49   27 1.09475e-01
 49   29 1.19231e-01
 49   31 1.41513e-01
 49   33 1.64735e-01
 49   35 1.56744e-01
 49   37 1.67446e-01
 49   39 2.47813e-01
 49   41 2.51706e-01
 49   43 2.67056e-01
 49   45 7.24991e-01
 49   47 2.29015e+00
 49   49 2.55665e+01
 49   51 2.26966e+00
 49   53 7.27722e-01
 49   55 2.55067e-01
 49   57 2.47114e-01
 49   59 2.41499e-01
 49   61 1.83198e-01
 49   63 1.56756e-01
 49   65 1.66130e-01
 49   67 1.34515e-01
 49   69 1.22927e-01
 49   71 9.99181e-02
 49   73 9.97249e-02
 49   75 9.13270e-02
 49   77 9.79323e-02
 49   79 8.82182e-02
 49   81 9.72268e-02
 49   83 8.97617e-02
 49   85 9.77541e-02
 49   87 9.00230e-02
 49   89 8.64855e-02
 49   91 8.97665e-02
 50    2 2.15417e-02
 50    4 4.98680e-02
 50    6 7.31191e-02
 50    8 9.61483e-02
 50   10 1.15491e-01
 50   12 1.13003e-01
 50   14 1.05879e-01
 50   16 9.85687e-02
 50   18 9.65610e-02
 50   20 8.82607e-02
 50   22 8.57186e-02
 50   24 8.98619e-02
 50   26 1.00341e-01
 50   28 1.12013e-01
 50   30 1.16576e-01
 50   32 1.38605e-01
 50   34 1.55026e-01
 50   36 1.67247e-01
 50   38 1.74899e-01
 50   40 2.53589e-01
 50   42 2.55474e-01
 50   44 2.54986e-01
 50   46 7.13394e-01
 50   48 2.24432e+00
 50   50 2.51109e+01
 50   52 2.21493e+00
 50   54 7.14911e-01
 50   56 2.51981e-01
 50   58 2.38370e-01
 50   60 2.34348e-01
 50   62 1.74012e-01
 50   64 1.60869e-01
 50   66 1.55192e-01
 50   68 1.24801e-01
 50   70 1.05833e-01
 50   72 1.12797e-01
 50   74 9.85363e-02
 50   76 8.86679e-02
 50   78 8.91163e-02
 50   80 1.03776e-01
 50   82 8.16361e-02
 50   84 6.80317e-02
 50   86 1.02664e-01
 50   88 9.16648e-02
 50   90 8.55447e-02
 51    1 7.13766e-03
 51    3 3.24560e-02
 51    5 6.15318e-02
 51    7 8.51144e-02
 51    9 1.02934e-01
 51   11 1.08171e-01
 51   13 1.07274e-01
 51   15 9.93702e-02
 51   17 9.30005e-02
 51   19 8.75665e-02
 51   21 8.11288e-02
 51   23 8.17477e-02
 51   25 9.16231e-02
 51   27 9.52751e-02
 51   29 1.07406e-01
 51   31 1.13653e-01
 51   33 1.22855e-01
 51   35 1.53311e-01
 51   37 1.65633e-01
 51   39 1.69424e-01
 51   41 2.41103e-01
 51   43 2.41921e-01
 51   45 2.55192e-01
 51   47 7.01381e-01
 51   49 2.18735e+00
 51   51 2.46551e+01
 51   53 2.15844e+00
 51   55 6.90602e-01
 51   57 2.48326e-01
 51   59 2.34235e-01
 51   61 2.32926e-01
 51   63 1.70361e-01
 51   65 1.51242e-01
 51   67 1.52334e-01
 51   69 1.29901e-01
 51   71 9.82856e-02
 51   73 9.40314e-02
 51   75 9.06054e-02
 51   77 9.17624e-02
 51   79 8.43366e-02
 51   81 1.01455e-01
 51   83 7.99891e-02
 51   85 8.63520e-02
 51   87 1.04455e-01
 51   89 9.13916e-02
 51   91 9.26604e-02
 52    2 1.77170e-02
 52    4 4.63923e-02
 52    6 6.93645e-02
 52    8 9.42552e-02
 52   10 1.09607e-01
 52   12 1.07816e-01
 52   14 1.02211e-01
 52   16 8.61552e-02
 52   18 8.35835e-02
 52   20 8.24265e-02
 52   22 8.63869e-02
 52   24 9.35001e-02
 52   26 9.21893e-02
 52   28 1.04132e-01
 52   30 1.14384e-01
 52   32 1.12318e-01
 52   34 1.23476e-01
 52   36 1.59209e-01
 52   38 1.70346e-01
 52   40 1.67917e-01
 52   42 2.32632e-01
 52   44 2.36211e-01
 52   46 2.54114e-01
 52   48 6.94223e-01
 52   50 2.13647e+00
 52   52 2.42237e+01
 52   54 2.10653e+00
 52   56 6.83092e-01
 52   58 2.36774e-01
 52   60 2.30232e-01
 52   62 2.29302e-01
 52   64 1.63434e-01
 52   66 1.44848e-01
 52   68 1.45561e-01
 52   70 1.21324e-01
 52   72 1.13558e-01
 52   74 9.77727e-02
 52   76 8.30969e-02
 52   78 9.13729e-02
 52   80 9.65081e-02
 52   82 8.95418e-02
 52   84 8.71425e-02
 52   86 7.68043e-02
 52   88 8.70584e-02
 52   90 8.43295e-02
 53    1 6.05309e-03
 53    3 2.87480e-02
 53    5 5.47548e-02
 53    7 8.22623e-02
 53    9 1.07933e-01
 53   11 1.02094e-01
 53   13 9.80186e-02
 53   15 8.95674e-02
 53   17 7.74223e-02
 53   19 7.16886e-02
 53   21 8.08078e-02
 53   23 9.14794e-02
 53   25 9.26488e-02
 53   27 9.14044e-02
 53   29 9.92974e-02
 53   31 1.08161e-01
 53   33 1.16434e-01
 53   35 1.24953e-01
 53   37 1.54232e-01
 53   39 1.69363e-01
 53   41 1.59751e-01
 53   43 2.27709e-01
 53   45 2.31694e-01
 53   47 2.43309e-01
 53   49 6.77058e-01
 53   51 2.08374e+00
 53   53 2.38010e+01
 53   55 2.06189e+00
 53   57 6.59893e-01
 53   59 2.28650e-01
 53   61 2.28059e-01
 53   63 2.32266e-01
 53   65 1.54573e-01
 53   67 1.34592e-01
 53   69 1.42969e-01
 53   71 1.10542e-01
 53   73 1.19404e-01
 53   75 9.56910e-02
 53   77 9.55676e-02
 53   79 8.67938e-02
 53   81 1.03060e-01
 53   83 8.88901e-02
 53   85 7.65443e-02
 53   87 8.00444e-02
 53   89 8.58875e-02
 53   91 7.39749e-02
 54    2 2.01299e-02
 54    4 4.25099e-02
 54    6 7.29237e-02
 54    8 9.59574e-02
 54   10 1.04929e-01
 54   12 1.02665e-01
 54   14 9.55978e-02
 54   16 8.76141e-02
 54   18 8.73807e-02
 54   20 7.64755e-02
 54   22 7.85064e-02
 54   24 9.69515e-02
 54   26 8.50453e-02
 54   28 8.82857e-02
 54   30 9.53800e-02
 54   32 1.11068e-01
 54   34 1.17111e-01
 54   36 1.23765e-01
 54   38 1.54057e-01
 54   40 1.62742e-01
 54   42 1.50050e-01
 54   44 2.33230e-01
 54   46 2.34047e-01
 54   48 2.34805e-01
 54   50 6.66267e-01
 54   52 2.03529e+00
 54   54 2.34255e+01
 54   56 2.01345e+00
 54   58 6.54662e-01
 54   60 2.30703e-01
 54   62 2.16118e-01
 54   64 2.19530e-01
 54   66 1.49441e-01
 54   68 1.29456e-01
 54   70 1.29004e-01
 54   72 1.25173e-01
 54   74 1.07825e-01
 54   76 1.07447e-01
 54   78 9.15715e-02
 54   80 8.81743e-02
 54   82 7.91816e-02
 54   84 9.00140e-02
 54   86 7.67834e-02
 54   88 7.33487e-02
 54   90 7.21228e-02
 55    1 6.76577e-03
 55    3 3.48079e-02
 55    5 5.68439e-02
 55    7 7.87352e-02
 55    9 1.02408e-01
 55   11 1.04974e-01
 55   13 9.85768e-02
 55   15 8.48389e-02
 55   17 7.97049e-02
 55   19 8.34705e-02
 55   21 7.98932e-02
 55   23 8.11245e-02
 55   25 8.09296e-02
 55   27 8.24808e-02
 55   29 8.58506e-02
 55   31 9.28023e-02
 55   33 1.13743e-01
 55   35 1.15650e-01
 55   37 1.19223e-01
 55   39 1.50977e-01
 55   41 1.53337e-01
 55   43 1.54987e-01
 55   45 2.31479e-01
 55   47 2.20060e-01
 55   49 2.29465e-01
 55   51 6.44665e-01
 55   53 1.99373e+00
 55   55 2.30047e+01
 55   57 1.96540e+00
 55   59 6.34730e-01
 55   61 2.23623e-01
 55   63 2.10275e-01
 55   65 2.10287e-01
 55   67 1.48307e-01
 55   69 1.27136e-01
 55   71 1.30854e-01
 55   73 1.17784e-01
 55   75 1.08380e-01
 55   77 1.04779e-01
 55   79 9.57592e-02
 55   81 8.31630e-02
 55   83 8.34105e-02
 55   85 8.36340e-02
 55   87 7.64946e-02
 55   89 7.01541e-02
 55   91 7.52285e-02
 56    2 2.10361e-02
 56    4 4.41716e-02
 56    6 7.08494e-02
 56    8 9.37017e-02
 56   10 1.06218e-01
 56   12 1.03809e-01
 56   14 9.11131e-02
 56   16 7.75391e-02
 56   18 7.81718e-02
 56   20 8.19800e-02
 56   22 7.72416e-02
 56   24 7.97482e-02
 56   26 8.27310e-02
 56   28 8.63740e-02
 56   30 9.86550e-02
 56   32 9.40963e-02
 56   34 1.11813e-01
 56   36 1.02958e-01
 56   38 1.20474e-01
 56   40 1.43247e-01
 56   42 1.55057e-01
 56   44 1.52981e-01
 56   46 2.25217e-01
 56   48 2.23755e-01
 56   50 2.27247e-01
 56   52 6.38664e-01
 56   54 1.94839e+00
 56   56 2.26453e+01
 56   58 1.92386e+00
 56   60 6.15687e-01
 56   62 2.15507e-01
 56   64 2.07210e-01
 56   66 2.09500e-01
 56   68 1.44928e-01
 56   70 1.12823e-01
 56   72 1.31750e-01
 56   74 1.14241e-01
 56   76 1.03571e-01
 56   78 9.08714e-02
 56   80 9.19444e-02
 56   82 7.43788e-02
 56   84 7.62831e-02
 56   86 8.18276e-02
 56   88 7.57942e-02
 56   90 7.53278e-02
 57    1 6.85555e-03
 57    3 3.06972e-02
 57    5 5.78387e-02
 57    7 8.25401e-02
 57    9 1.01093e-01
 57   11 1.02982e-01
 57   13 9.25004e-02
 57   15 7.59516e-02
 57   17 8.35203e-02
 57   19 7.66388e-02
 57   21 7.26918e-02
 57   23 8.12735e-02
 57   25 7.44456e-02
 57   27 8.56310e-02
 57   29 8.63586e-02
 57   31 9.10214e-02
 57   33 9.14117e-02
 57   35 1.03465e-01
 57   37 1.02421e-01
 57   39 1.13018e-01
 57   41 1.45381e-01
 57   43 1.44810e-01
 57   45 1.49376e-01
 57   47 2.24716e-01
 57   49 2.15286e-01
 57   51 2.24483e-01
 57   53 6.17918e-01
 57   55 1.90330e+00
 57   57 2.22606e+01
 57   59 1.88567e+00
 57   61 6.03175e-01
 57   63 2.13252e-01
 57   65 2.05460e-01
 57   67 2.08995e-01
 57   69 1.42144e-01
 57   71 1.18438e-01
 57   73 1.23748e-01
 57   75 1.06593e-01
 57   77 1.00873e-01
 57   79 9.52964e-02
 57   81 7.88421e-02
 57   83 6.99966e-02
 57   85 7.04992e-02
 57   87 8.21681e-02
 57   89 7.67767e-02
 57   91 7.51407e-02
 58    2 1.75728e-02
 58    4 4.32522e-02
 58    6 6.59327e-02
 58    8 8.47103e-02
 58   10 1.01009e-01
 58   12 9.29059e-02
 58   14 8.52171e-02
 58   16 7.95515e-02
 58   18 7.31622e-02
 58   20 7.60508e-02
 58   22 7.79330e-02
 58   24 7.80657e-02
 58   26 8.30748e-02
 58   28 9.76237e-02
 58   30 8.01005e-02
 58   32 8.65578e-02
 58   34 8.72383e-02
 58   36 1.02643e-01
 58   38 9.81887e-02
 58   40 1.20261e-01
 58   42 1.46506e-01
 58   44 1.48143e-01
 58   46 1.56697e-01
 58   48 2.09797e-01
 58   50 2.08328e-01
 58   52 2.14533e-01
 58   54 6.13928e-01
 58   56 1.86440e+00
 58   58 2.18797e+01
 58   60 1.83536e+00
 58   62 5.89725e-01
 58   64 2.07799e-01
 58   66 1.95938e-01
 58   68 1.95672e-01
 58   70 1.36543e-01
 58   72 1.33181e-01
 58   74 1.24797e-01
 58   76 1.06786e-01
 58   78 9.54094e-02
 58   80 8.46482e-02
 58   82 8.01849e-02
 58   84 6.93959e-02
 58   86 8.27153e-02
 58   88 8.71826e-02
 58   90 9.35794e-02
 59    1 5.12495e-03
 59    3 2.89803e-02
 59    5 5.09456e-02
 59    7 7.16529e-02
 59    9 9.59956e-02
 59   11 9.74708e-02
 59   13 9.05799e-02
 59   15 7.74258e-02
 59   17 7.19810e-02
 59   19 7.71676e-02
 59   21 7.62398e-02
 59   23 6.85487e-02
 59   25 6.56656e-02
 59   27 7.93940e-02
 59   29 9.00811e-02
 59   31 8.43924e-02
 59   33 8.26715e-02
 59   35 8.50474e-02
 59   37 9.27907e-02
 59   39 1.03307e-01
 59   41 1.11446e-01
 59   43 1.43503e-01
 59   45 1.42955e-01
 59   47 1.62940e-01
 59   49 2.04033e-01
 59   51 2.05344e-01
 59   53 2.07633e-01
 59   55 5.96091e-01
 59   57 1.82867e+00
 59   59 2.15442e+01
 59   61 1.80027e+00
 59   63 5.80546e-01
 59   65 2.07485e-01
 59   67 1.85522e-01
 59   69 1.95444e-01
 59   71 1.33793e-01
 59   73 1.32480e-01
 59   75 1.17235e-01
 59   77 1.03821e-01
 59   79 9.71965e-02
 59   81 9.49426e-02
 59   83 7.44720e-02
 59   85 7.10119e-02
 59   87 7.88690e-02
 59   89 9.28897e-02
 59   91 7.63554e-02
 60    2 1.51248e-02
 60    4 3.62753e-02
 60    6 5.58067e-02
 60    8 7.18844e-02
 60   10 8.38643e-02
 60   12 8.30266e-02
 60   14 7.84498e-02
 60   16 7.61952e-02
 60   18 7.63612e-02
 60   20 8.72565e-02
 60   22 8.01793e-02
 60   24 7.47337e-02
 60   26 7.87525e-02
 60   28 8.17187e-02
 60   30 9.54664e-02
 60   32 8.48082e-02
 60   34 8.57528e-02
 60   36 9.63278e-02
 60   38 1.03917e-01
 60   40 9.69325e-02
 60   42 1.17780e-01
 60   44 1.49565e-01
 60   46 1.38049e-01
 60   48 1.43335e-01
 60   50 1.98755e-01
 60   52 2.02435e-01
 60   54 2.09950e-01
 60   56 5.79013e-01
 60   58 1.78107e+00
 60   60 2.12024e+01
 60   62 1.75635e+00
 60   64 5.65875e-01
 60   66 1.98441e-01
 60   68 1.77342e-01
 60   70 1.93648e-01
 60   72 1.41138e-01
 60   74 1.23895e-01
 60   76 1.28266e-01
 60   78 1.07693e-01
 60   80 8.12338e-02
 60   82 8.76637e-02
 60   84 8.25339e-02
 60   86 7.49075e-02
 60   88 8.77962e-02
 60   90 8.78435e-02
 61    1 5.07139e-03
 61    3 2.37956e-02
 61    5 4.42452e-02
 61    7 6.36826e-02
 61    9 8.07252e-02
 61   11 8.15343e-02
 61   13 7.75672e-02
 61   15 6.89783e-02
 61   17 6.93322e-02
 61   19 7.41027e-02
 61   21 7.20591e-02
 61   23 7.22914e-02
 61   25 6.98825e-02
 61   27 7.03184e-02
 61   29 7.91929e-02
 61   31 8.83354e-02
 61   33 7.94461e-02
 61   35 7.81430e-02
 61   37 9.38005e-02
 61   39 1.04122e-01
 61   41 9.86017e-02
 61   43 1.17817e-01
 61   45 1.42735e-01
 61   47 1.33500e-01
 61   49 1.50298e-01
 61   51 1.98287e-01
 61   53 2.01103e-01
 61   55 2.03932e-01
 61   57 5.68012e-01
 61   59 1.74816e+00
 61   61 2.09054e+01
 61   63 1.72332e+00
 61   65 5.56087e-01
 61   67 1.98300e-01
 61   69 1.80673e-01
 61   71 1.89461e-01
 61   73 1.39062e-01
 61   75 1.27234e-01
 61   77 1.27455e-01
 61   79 9.97927e-02
 61   81 7.72801e-02
 61   83 7.76569e-02
 61   85 8.58231e-02
 61   87 6.80689e-02
 61   89 9.35563e-02
 61   91 8.26609e-02
 62    2 1.52664e-02
 62    4 3.34703e-02
 62    6 5.10094e-02
 62    8 6.88571e-02
 62   10 8.27144e-02
 62   12 8.42042e-02
 62   14 8.25257e-02
 62   16 7.56253e-02
 62   18 7.10018e-02
 62   20 6.82271e-02
 62   22 6.91961e-02
 62   24 8.99305e-02
 62   26 8.98122e-02
 62   28 7.52660e-02
 62   30 8.11762e-02
 62   32 7.48976e-02
 62   34 7.62265e-02
 62   36 8.22220e-02
 62   38 8.19940e-02
 62   40 9.31228e-02
 62   42 1.04261e-01
 62   44 1.11118e-01
 62   46 1.31910e-01
 62   48 1.26672e-01
 62   50 1.43403e-01
 62   52 1.95908e-01
 62   54 1.91106e-01
 62   56 1.96930e-01
 62   58 5.56075e-01
 62   60 1.70660e+00
 62   62 2.06163e+01
 62   64 1.67714e+00
 62   66 5.49228e-01
 62   68 1.95473e-01
 62   70 1.84463e-01
 62   72 1.97429e-01
 62   74 1.55470e-01
 62   76 1.24079e-01
 62   78 1.15871e-01
 62   80 9.32596e-02
 62   82 8.31404e-02
 62   84 7.90096e-02
 62   86 7.43674e-02
 62   88 8.97570e-02
 62   90 8.11501e-02
 63    1 4.49441e-03
 63    3 2.23940e-02
 63    5 4.02678e-02
 63    7 5.84623e-02
 63    9 7.73923e-02
 63   11 7.80023e-02
 63   13 7.85257e-02
 63   15 7.55591e-02
 63   17 7.26334e-02
 63   19 7.05014e-02
 63   21 6.84446e-02
 63   23 7.13098e-02
 63   25 9.01578e-02
 63   27 7.91633e-02
 63   29 7.31373e-02
 63   31 7.88799e-02
 63   33 7.90902e-02
 63   35 8.22221e-02
 63   37 7.74401e-02
 63   39 7.92461e-02
 63   41 9.25837e-02
 63   43 9.85472e-02
 63   45 1.11101e-01
 63   47 1.27620e-01
 63   49 1.25039e-01
 63   51 1.41005e-01
 63   53 1.99135e-01
 63   55 1.86444e-01
 63   57 1.95253e-01
 63   59 5.48117e-01
 63   61 1.67555e+00
 63   63 2.03122e+01
 63   65 1.64575e+00
 63   67 5.27829e-01
 63   69 1.91388e-01
 63   71 1.72547e-01
 63   73 1.90673e-01
 63   75 1.36306e-01
 63   77 1.27196e-01
 63   79 1.17275e-01
 63   81 8.83947e-02
 63   83 8.39794e-02
 63   85 7.08715e-02
 63   87 7.47193e-02
 63   89 8.07958e-02
 63   91 9.38873e-02
 64    2 1.46738e-02
 64    4 3.19841e-02
 64    6 4.88410e-02
 64    8 6.58903e-02
 64   10 8.01639e-02
 64   12 8.10754e-02
 64   14 7.62434e-02
 64   16 7.82244e-02
 64   18 8.46898e-02
 64   20 7.13890e-02
 64   22 7.81244e-02
 64   24 6.82908e-02
 64   26 6.91376e-02
 64   28 7.24639e-02
 64   30 5.90784e-02
 64   32 7.31716e-02
 64   34 8.60910e-02
 64   36 7.65237e-02
 64   38 8.05196e-02
 64   40 9.81714e-02
 64   42 9.89970e-02
 64   44 9.05130e-02
 64   46 1.04040e-01
 64   48 1.27916e-01
 64   50 1.28974e-01
 64   52 1.35844e-01
 64   54 1.88856e-01
 64   56 1.84209e-01
 64   58 1.90625e-01
 64   60 5.34928e-01
 64   62 1.63163e+00
 64   64 2.00247e+01
 64   66 1.60623e+00
 64   68 5.18793e-01
 64   70 1.97094e-01
 64   72 1.93542e-01
 64   74 1.98400e-01
 64   76 1.44373e-01
 64   78 1.17367e-01
 64   80 1.05412e-01
 64   82 9.44668e-02
 64   84 7.68325e-02
 64   86 8.40992e-02
 64   88 8.68771e-02
 64   90 7.08358e-02
 65    1 4.10151e-03
 65    3 2.19417e-02
 65    5 3.82610e-02
 65    7 5.89298e-02
 65    9 7.60081e-02
 65   11 7.66982e-02
 65   13 7.56020e-02
 65   15 6.96033e-02
 65   17 7.70777e-02
 65   19 8.52452e-02
 65   21 7.99803e-02
 65   23 7.16571e-02
 65   25 6.67379e-02
 65   27 6.32842e-02
 65   29 6.76851e-02
 65   31 6.95276e-02
 65   33 6.88478e-02
 65   35 8.19354e-02
 65   37 7.51840e-02
 65   39 7.49063e-02
 65   41 9.49384e-02
 65   43 9.29123e-02
 65   45 8.53346e-02
 65   47 9.94186e-02
 65   49 1.28996e-01
 65   51 1.21855e-01
 65   53 1.29004e-01
 65   55 1.81501e-01
 65   57 1.83122e-01
 65   59 1.90691e-01
 65   61 5.26309e-01
 65   63 1.60203e+00
 65   65 1.97357e+01
 65   67 1.57653e+00
 65   69 5.09643e-01
 65   71 1.97221e-01
 65   73 1.92686e-01
 65   75 1.99937e-01
 65   77 1.37969e-01
 65   79 1.13190e-01
 65   81 1.00086e-01
 65   83 8.65699e-02
 65   85 7.49541e-02
 65   87 7.97811e-02
 65   89 8.55817e-02
 65   91 6.63743e-02
 66    2 1.19422e-02
 66    4 2.79288e-02
 66    6 4.21359e-02
 66    8 5.85544e-02
 66   10 7.57175e-02
 66   12 7.61805e-02
 66   14 8.21178e-02
 66   16 7.40205e-02
 66   18 5.98660e-02
 66   20 6.85032e-02
 66   22 7.62262e-02
 66   24 7.33810e-02
 66   26 8.05251e-02
 66   28 8.03060e-02
 66   30 7.17805e-02
 66   32 8.26538e-02
 66   34 8.29336e-02
 66   36 7.70313e-02
 66   38 7.71391e-02
 66   40 8.16632e-02
 66   42 7.73083e-02
 66   44 8.51040e-02
 66   46 9.04626e-02
 66   48 1.08242e-01
 66   50 1.21187e-01
 66   52 1.17264e-01
 66   54 1.25217e-01
 66   56 1.81402e-01
 66   58 1.75069e-01
 66   60 1.82710e-01
 66   62 5.20428e-01
 66   64 1.56445e+00
 66   66 1.95037e+01
 66   68 1.54160e+00
 66   70 5.10484e-01
 66   72 2.03600e-01
 66   74 1.73583e-01
 66   76 1.96780e-01
 66   78 1.29546e-01
 66   80 1.01123e-01
 66   82 9.90996e-02
 66   84 9.13497e-02
 66   86 8.05583e-02
 66   88 8.79608e-02
 66   90 7.87649e-02
 67    1 3.23419e-03
 67    3 1.71652e-02
 67    5 3.26374e-02
 67    7 4.75720e-02
 67    9 6.54366e-02
 67   11 7.60377e-02
 67   13 7.66416e-02
 67   15 7.73040e-02
 67   17 6.83157e-02
 67   19 5.11311e-02
 67   21 7.11225e-02
 67   23 7.32843e-02
 67   25 6.97879e-02
 67   27 8.86824e-02
 67   29 8.12875e-02
 67   31 6.56977e-02
 67   33 7.33543e-02
 67   35 7.94013e-02
 67   37 7.82860e-02
 67   39 8.58735e-02
 67   41 7.82677e-02
 67   43 7.30715e-02
 67   45 7.93515e-02
 67   47 9.84375e-02
 67   49 1.01788e-01
 67   51 1.19610e-01
 67   53 1.09467e-01
 67   55 1.24746e-01
 67   57 1.81528e-01
 67   59 1.66164e-01
 67   61 1.82901e-01
 67   63 5.00723e-01
 67   65 1.53638e+00
 67   67 1.92301e+01
 67   69 1.50650e+00
 67   71 5.02593e-01
 67   73 2.02878e-01
 67   75 1.71481e-01
 67   77 1.84640e-01
 67   79 1.34572e-01
 67   81 1.00351e-01
 67   83 9.95052e-02
 67   85 9.02289e-02
 67   87 7.77382e-02
 67   89 9.34114e-02
 67   91 6.89060e-02
 68    2 1.08428e-02
 68    4 2.86717e-02
 68    6 5.01922e-02
 68    8 6.87566e-02
 68   10 7.79007e-02
 68   12 7.68303e-02
 68   14 7.41481e-02
 68   16 7.75145e-02
 68   18 7.47227e-02
 68   20 8.42037e-02
 68   22 7.69058e-02
 68   24 6.85499e-02
 68   26 6.47352e-02
 68   28 5.48782e-02
 68   30 6.35887e-02
 68   32 6.57224e-02
 68   34 6.84306e-02
 68   36 8.80926e-02
 68   38 8.74262e-02
 68   40 6.77720e-02
 68   42 7.40038e-02
 68   44 8.30525e-02
 68   46 9.20275e-02
 68   48 9.27711e-02
 68   50 9.50249e-02
 68   52 1.14902e-01
 68   54 1.05766e-01
 68   56 1.22361e-01
 68   58 1.70472e-01
 68   60 1.59211e-01
 68   62 1.80604e-01
 68   64 4.92699e-01
 68   66 1.50315e+00
 68   68 1.89903e+01
 68   70 1.48340e+00
 68   72 4.94291e-01
 68   74 1.92383e-01
 68   76 1.69809e-01
 68   78 1.75715e-01
 68   80 1.19982e-01
 68   82 1.05176e-01
 68   84 9.58265e-02
 68   86 8.75849e-02
 68   88 1.00134e-01
 68   90 8.33174e-02
 69    1 2.90966e-03
 69    3 1.94348e-02
 69    5 3.52049e-02
 69    7 5.19891e-02
 69    9 7.22507e-02
 69   11 7.61564e-02
 69   13 6.99304e-02
 69   15 7.12133e-02
 69   17 7.49677e-02
 69   19 7.52282e-02
 69   21 7.86006e-02
 69   23 6.70371e-02
 69   25 6.39625e-02
 69   27 5.79952e-02
 69   29 5.59829e-02
 69   31 6.98326e-02
 69   33 5.75157e-02
 69   35 6.47218e-02
 69   37 7.99097e-02
 69   39 8.18888e-02
 69   41 8.47613e-02
 69   43 7.06809e-02
 69   45 7.89683e-02
 69   47 8.57269e-02
 69   49 9.07480e-02
 69   51 9.95054e-02
 69   53 1.13441e-01
 69   55 1.04326e-01
 69   57 1.20448e-01
 69   59 1.70775e-01
 69   61 1.62574e-01
 69   63 1.77126e-01
 69   65 4.84536e-01
 69   67 1.46971e+00
 69   69 1.87340e+01
 69   71 1.45214e+00
 69   73 4.86728e-01
 69   75 1.90445e-01
 69   77 1.63970e-01
 69   79 1.76448e-01
 69   81 1.16893e-01
 69   83 1.00089e-01
 69   85 1.00786e-01
 69   87 8.82707e-02
 69   89 9.53525e-02
 69   91 7.88755e-02
 70    2 8.10575e-03
 70    4 2.26850e-02
 70    6 4.07194e-02
 70    8 5.91951e-02
 70   10 7.50086e-02
 70   12 7.54542e-02
 70   14 7.14722e-02
 70   16 7.07751e-02
 70   18 6.70977e-02
 70   20 6.80694e-02
 70   22 6.84308e-02
 70   24 7.97517e-02
 70   26 7.17396e-02
 70   28 6.28216e-02
 70   30 6.96824e-02
 70   32 7.30669e-02
 70   34 7.55936e-02
 70   36 7.70109e-02
 70   38 6.35808e-02
 70   40 6.63750e-02
 70   42 6.83863e-02
 70   44 6.59982e-02
 70   46 6.93961e-02
 70   48 7.33353e-02
 70   50 7.86553e-02
 70   52 9.34794e-02
 70   54 1.02876e-01
 70   56 9.29774e-02
 70   58 1.16113e-01
 70   60 1.69692e-01
 70   62 1.66356e-01
 70   64 1.82705e-01
 70   66 4.85851e-01
 70   68 1.44793e+00
 70   70 1.84821e+01
 70   72 1.42759e+00
 70   74 4.79814e-01
 70   76 1.91803e-01
 70   78 1.60711e-01
 70   80 1.56254e-01
 70   82 1.37783e-01
 70   84 1.06233e-01
 70   86 1.05314e-01
 70   88 1.10633e-01
 70   90 8.99074e-02
 71    1 3.29771e-03
 71    3 1.47226e-02
 71    5 2.82143e-02
 71    7 4.76882e-02
 71    9 6.29562e-02
 71   11 6.67437e-02
 71   13 7.49931e-02
 71   15 7.44794e-02
 71   17 7.05322e-02
 71   19 6.56482e-02
 71   21 5.84616e-02
 71   23 6.30499e-02
 71   25 7.95363e-02
 71   27 7.65816e-02
 71   29 6.33685e-02
 71   31 7.41414e-02
 71   33 7.35509e-02
 71   35 7.19397e-02
 71   37 7.51589e-02
 71   39 6.66944e-02
 71   41 6.29344e-02
 71   43 6.22394e-02
 71   45 7.04475e-02
 71   47 7.15585e-02
 71   49 7.20346e-02
 71   51 7.35243e-02
 71   53 8.56569e-02
 71   55 1.04863e-01
 71   57 9.80097e-02
 71   59 1.14168e-01
 71   61 1.66489e-01
 71   63 1.55949e-01
 71   65 1.83114e-01
 71   67 4.78837e-01
 71   69 1.41813e+00
 71   71 1.82428e+01
 71   73 1.39116e+00
 71   75 4.75355e-01
 71   77 2.02471e-01
 71   79 1.50120e-01
 71   81 1.52941e-01
 71   83 1.26175e-01
 71   85 1.06730e-01
 71   87 9.63326e-02
 71   89 9.95965e-02
 71   91 9.34911e-02
 72    2 1.11413e-02
 72    4 2.37520e-02
 72    6 3.64522e-02
 72    8 5.16270e-02
 72   10 6.24918e-02
 72   12 5.91360e-02
 72   14 5.76255e-02
 72   16 6.74971e-02
 72   18 7.58457e-02
 72   20 7.07808e-02
 72   22 6.26171e-02
 72   24 5.54686e-02
 72   26 5.59737e-02
 72   28 5.61928e-02
 72   30 6.41131e-02
 72   32 6.36630e-02
 72   34 6.39599e-02
 72   36 5.86826e-02
 72   38 6.66424e-02
 72   40 7.08612e-02
 72   42 7.08216e-02
 72   44 7.61400e-02
 72   46 6.64612e-02
 72   48 6.97155e-02
 72   50 8.19086e-02
 72   52 8.54893e-02
 72   54 9.75318e-02
 72   56 1.06084e-01
 72   58 1.10657e-01
 72   60 1.20842e-01
 72   62 1.73965e-01
 72   64 1.75297e-01
 72   66 1.89331e-01
 72   68 4.71404e-01
 72   70 1.39485e+00
 72   72 1.80217e+01
 72   74 1.37431e+00
 72   76 4.70649e-01
 72   78 1.86895e-01
 72   80 1.32709e-01
 72   82 1.55861e-01
 72   84 1.28580e-01
 72   86 1.13049e-01
 72   88 1.16355e-01
 72   90 9.31485e-02
 73    1 3.97045e-03
 73    3 1.79375e-02
 73    5 3.10666e-02
 73    7 4.37924e-02
 73    9 5.60328e-02
 73   11 5.89659e-02
 73   13 5.70765e-02
 73   15 5.96120e-02
 73   17 6.44480e-02
 73   19 7.16128e-02
 73   21 7.25312e-02
 73   23 5.97882e-02
 73   25 5.47357e-02
 73   27 5.83865e-02
 73   29 5.71863e-02
 73   31 5.51627e-02
 73   33 6.16634e-02
 73   35 6.50696e-02
 73   37 6.41857e-02
 73   39 6.50213e-02
 73   41 6.25852e-02
 73   43 7.54138e-02
 73   45 6.98182e-02
 73   47 6.75283e-02
 73   49 7.02803e-02
 73   51 6.87616e-02
 73   53 9.04460e-02
 73   55 9.22686e-02
 73   57 1.00104e-01
 73   59 1.10508e-01
 73   61 1.19456e-01
 73   63 1.68460e-01
 73   65 1.74884e-01
 73   67 1.88946e-01
 73   69 4.64650e-01
 73   71 1.35990e+00
 73   73 1.78218e+01
 73   75 1.33411e+00
 73   77 4.54889e-01
 73   79 1.86182e-01
 73   81 1.28310e-01
 73   83 1.54551e-01
 73   85 1.25284e-01
 73   87 1.10492e-01
 73   89 1.11658e-01
 73   91 9.28848e-02
 74    2 8.83964e-03
 74    4 2.11402e-02
 74    6 3.81347e-02
 74    8 5.87343e-02
 74   10 7.31927e-02
 74   12 7.21167e-02
 74   14 7.37570e-02
 74   16 7.23010e-02
 74   18 6.46519e-02
 74   20 6.86518e-02
 74   22 6.94882e-02
 74   24 6.01454e-02
 74   26 6.18341e-02
 74   28 6.21748e-02
 74   30 6.81564e-02
 74   32 7.13523e-02
 74   34 6.29766e-02
 74   36 5.88480e-02
 74   38 5.55892e-02
 74   40 5.99047e-02
 74   42 5.78397e-02
 74   44 6.18926e-02
 74   46 5.80734e-02
 74   48 5.95526e-02
 74   50 6.99785e-02
 74   52 7.19861e-02
 74   54 8.21659e-02
 74   56 8.99621e-02
 74   58 1.01409e-01
 74   60 1.03745e-01
 74   62 1.33978e-01
 74   64 1.75743e-01
 74   66 1.57866e-01
 74   68 1.79438e-01
 74   70 4.58494e-01
 74   72 1.34408e+00
 74   74 1.75897e+01
 74   76 1.30301e+00
 74   78 4.42036e-01
 74   80 1.77146e-01
 74   82 1.45002e-01
 74   84 1.62130e-01
 74   86 1.28049e-01
 74   88 1.22670e-01
 74   90 9.07827e-02
 75    1 2.43781e-03
 75    3 1.55722e-02
 75    5 2.87447e-02
 75    7 4.22188e-02
 75    9 6.14429e-02
 75   11 7.03016e-02
 75   13 6.49721e-02
 75   15 6.98652e-02
 75   17 6.89951e-02
 75   19 6.14326e-02
 75   21 6.80113e-02
 75   23 6.76566e-02
 75   25 5.70863e-02
 75   27 5.94024e-02
 75   29 6.38002e-02
 75   31 6.46117e-02
 75   33 7.14915e-02
 75   35 6.70324e-02
 75   37 5.86983e-02
 75   39 5.74453e-02
 75   41 5.43213e-02
 75   43 6.01704e-02
 75   45 6.18683e-02
 75   47 6.09163e-02
 75   49 6.29750e-02
 75   51 6.48287e-02
 75   53 7.09218e-02
 75   55 8.30720e-02
 75   57 8.43684e-02
 75   59 9.56840e-02
 75   61 1.06940e-01
 75   63 1.17831e-01
 75   65 1.77555e-01
 75   67 1.56264e-01
 75   69 1.77890e-01
 75   71 4.54663e-01
 75   73 1.30537e+00
 75   75 1.73912e+01
 75   77 1.28223e+00
 75   79 4.32098e-01
 75   81 1.72727e-01
 75   83 1.41982e-01
 75   85 1.54801e-01
 75   87 1.29549e-01
 75   89 1.17153e-01
 75   91 8.95599e-02
 76    2 1.26662e-02
 76    4 2.72763e-02
 76    6 3.73069e-02
 76    8 5.06936e-02
 76   10 5.90264e-02
 76   12 5.14064e-02
 76   14 5.17860e-02
 76   16 5.89640e-02
 76   18 6.70756e-02
 76   20 6.80558e-02
 76   22 6.26701e-02
 76   24 5.69527e-02
 76   26 5.35897e-02
 76   28 6.38163e-02
 76   30 6.24774e-02
 76   32 6.11961e-02
 76   34 5.39321e-02
 76   36 5.56114e-02
 76   38 5.67380e-02
 76   40 5.73859e-02
 76   42 5.55170e-02
 76   44 5.44563e-02
 76   46 6.58509e-02
 76   48 6.88851e-02
 76   50 6.16413e-02
 76   52 5.98899e-02
 76   54 8.01499e-02
 76   56 7.98391e-02
 76   58 8.49424e-02
 76   60 1.05138e-01
 76   62 1.04670e-01
 76   64 1.25187e-01
 76   66 1.75186e-01
 76   68 1.55040e-01
 76   70 1.79412e-01
 76   72 4.50580e-01
 76   74 1.27552e+00
 76   76 1.71878e+01
 76   78 1.24016e+00
 76   80 4.29245e-01
 76   82 2.02581e-01
 76   84 1.75576e-01
 76   86 1.57123e-01
 76   88 1.43085e-01
 76   90 1.03625e-01
 77    1 4.34267e-03
 77    3 1.96610e-02
 77    5 3.09064e-02
 77    7 4.12591e-02
 77    9 5.63756e-02
 77   11 5.11097e-02
 77   13 5.15057e-02
 77   15 5.24102e-02
 77   17 5.74777e-02
 77   19 6.08286e-02
 77   21 6.36397e-02
 77   23 6.33031e-02
 77   25 5.83331e-02
 77   27 5.32828e-02
 77   29 5.38453e-02
 77   31 6.08233e-02
 77   33 5.76571e-02
 77   35 6.00976e-02
 77   37 5.04596e-02
 77   39 5.26301e-02
 77   41 5.49822e-02
 77   43 5.82196e-02
 77   45 6.31207e-02
 77   47 5.72747e-02
 77   49 6.61341e-02
 77   51 6.42995e-02
 77   53 6.93665e-02
 77   55 7.86519e-02
 77   57 7.81906e-02
 77   59 8.29849e-02
 77   61 1.04912e-01
 77   63 1.07684e-01
 77   65 1.19992e-01
 77   67 1.64778e-01
 77   69 1.49994e-01
 77   71 1.89655e-01
 77   73 4.35888e-01
 77   75 1.25573e+00
 77   77 1.69638e+01
 77   79 1.22901e+00
 77   81 4.22087e-01
 77   83 2.01067e-01
 77   85 1.66048e-01
 77   87 1.51659e-01
 77   89 1.37944e-01
 77   91 1.01476e-01
 78    2 1.29993e-02
 78    4 2.70435e-02
 78    6 4.46057e-02
 78    8 5.66001e-02
 78   10 6.25721e-02
 78   12 7.10793e-02
 78   14 7.16583e-02
 78   16 7.27768e-02
 78   18 6.42395e-02
 78   20 5.62346e-02
 78   22 6.21546e-02
 78   24 6.43876e-02
 78   26 5.32535e-02
 78   28 5.34056e-02
 78   30 5.89305e-02
 78   32 5.67082e-02
 78   34 6.12992e-02
 78   36 5.51375e-02
 78   38 5.59718e-02
 78   40 5.03276e-02
 78   42 5.35398e-02
 78   44 6.05140e-02
 78   46 6.01598e-02
 78   48 5.81562e-02
 78   50 6.06990e-02
 78   52 6.45216e-02
 78   54 6.69251e-02
 78   56 6.86313e-02
 78   58 7.43567e-02
 78   60 8.64875e-02
 78   62 9.57682e-02
 78   64 9.97098e-02
 78   66 1.12995e-01
 78   68 1.57186e-01
 78   70 1.47287e-01
 78   72 1.75304e-01
 78   74 4.23949e-01
 78   76 1.21507e+00
 78   78 1.67709e+01
 78   80 1.18942e+00
 78   82 4.43607e-01
 78   84 2.27373e-01
 78   86 1.65344e-01
 78   88 1.73835e-01
 78   90 1.10772e-01
 79    1 3.11343e-03
 79    3 1.70730e-02
 79    5 3.37301e-02
 79    7 5.25158e-02
 79    9 6.60054e-02
 79   11 6.10236e-02
 79   13 6.27685e-02
 79   15 6.73981e-02
 79   17 6.62045e-02
 79   19 6.61231e-02
 79   21 5.51457e-02
 79   23 5.79509e-02
 79   25 5.81758e-02
 79   27 5.31366e-02
 79   29 4.95129e-02
 79   31 5.59754e-02
 79   33 5.19193e-02
 79   35 5.51997e-02
 79   37 6.20748e-02
 79   39 5.00442e-02
 79   41 4.77810e-02
 79   43 4.64575e-02
 79   45 6.53449e-02
 79   47 6.20357e-02
 79   49 5.83933e-02
 79   51 5.79248e-02
 79   53 6.17495e-02
 79   55 7.04568e-02
 79   57 7.24042e-02
 79   59 7.61500e-02
 79   61 8.05141e-02
 79   63 9.73167e-02
 79   65 9.64906e-02
 79   67 1.17716e-01
 79   69 1.58209e-01
 79   71 1.37831e-01
 79   73 1.74869e-01
 79   75 4.14781e-01
 79   77 1.20465e+00
 79   79 1.65717e+01
 79   81 1.16476e+00
 79   83 4.31646e-01
 79   85 2.27781e-01
 79   87 1.60983e-01
 79   89 1.62930e-01
 79   91 1.15344e-01
 80    2 8.89496e-03
 80    4 2.12692e-02
 80    6 3.59142e-02
 80    8 5.08357e-02
 80   10 5.49763e-02
 80   12 4.94056e-02
 80   14 5.32997e-02
 80   16 5.87852e-02
 80   18 5.99526e-02
 80   20 6.06373e-02
 80   22 6.36662e-02
 80   24 6.22054e-02
 80   26 7.97664e-02
 80   28 8.28696e-02
 80   30 6.95795e-02
 80   32 6.35004e-02
 80   34 6.62481e-02
 80   36 6.52838e-02
 80   38 6.95944e-02
 80   40 5.49793e-02
 80   42 6.12750e-02
 80   44 7.44422e-02
 80   46 6.14210e-02
 80   48 6.15565e-02
 80   50 6.93123e-02
 80   52 6.68252e-02
 80   54 6.31916e-02
 80   56 6.80940e-02
 80   58 6.46896e-02
 80   60 6.39724e-02
 80   62 7.55835e-02
 80   64 8.78152e-02
 80   66 8.64916e-02
 80   68 1.05247e-01
 80   70 1.40422e-01
 80   72 1.22063e-01
 80   74 1.66600e-01
 80   76 4.12396e-01
 80   78 1.16634e+00
 80   80 1.64097e+01
 80   82 1.15854e+00
 80   84 4.40073e-01
 80   86 2.23056e-01
 80   88 1.86191e-01
 80   90 1.43273e-01
 81    1 4.01965e-03
 81    3 1.75355e-02
 81    5 2.92805e-02
 81    7 4.12478e-02
 81    9 5.17974e-02
 81   11 4.82865e-02
 81   13 4.85673e-02
 81   15 5.34870e-02
 81   17 5.94397e-02
 81   19 5.98395e-02
 81   21 5.58950e-02
 81   23 5.87222e-02
 81   25 7.37706e-02
 81   27 7.74128e-02
 81   29 8.13387e-02
 81   31 6.40226e-02
 81   33 6.14450e-02
 81   35 6.45948e-02
 81   37 6.76996e-02
 81   39 5.87314e-02
 81   41 5.66591e-02
 81   43 6.47025e-02
 81   45 6.60794e-02
 81   47 5.92466e-02
 81   49 6.31334e-02
 81   51 6.83584e-02
 81   53 7.19285e-02
 81   55 6.00262e-02
 81   57 5.87643e-02
 81   59 7.29707e-02
 81   61 6.11659e-02
 81   63 7.19576e-02
 81   65 8.36986e-02
 81   67 8.61128e-02
 81   69 1.02819e-01
 81   71 1.37752e-01
 81   73 1.18223e-01
 81   75 1.62654e-01
 81   77 4.05859e-01
 81   79 1.14262e+00
 81   81 1.62334e+01
 81   83 1.13556e+00
 81   85 4.32392e-01
 81   87 2.22541e-01
 81   89 1.83842e-01
 81   91 1.38311e-01
 82    2 1.10076e-02
 82    4 2.75241e-02
 82    6 4.30005e-02
 82    8 5.72988e-02
 82   10 6.32628e-02
 82   12 5.39647e-02
 82   14 5.17918e-02
 82   16 5.72527e-02
 82   18 6.14773e-02
 82   20 6.46328e-02
 82   22 5.86076e-02
 82   24 5.64415e-02
 82   26 4.75807e-02
 82   28 5.05253e-02
 82   30 5.42301e-02
 82   32 5.00028e-02
 82   34 5.69791e-02
 82   36 4.81647e-02
 82   38 4.51272e-02
 82   40 5.55987e-02
 82   42 4.93659e-02
 82   44 5.58154e-02
 82   46 5.76788e-02
 82   48 5.32457e-02
 82   50 5.35106e-02
 82   52 6.08481e-02
 82   54 5.56911e-02
 82   56 5.40601e-02
 82   58 6.01387e-02
 82   60 6.77516e-02
 82   62 6.61288e-02
 82   64 7.72334e-02
 82   66 8.31845e-02
 82   68 9.05428e-02
 82   70 1.21519e-01
 82   72 1.40691e-01
 82   74 1.33833e-01
 82   76 1.91008e-01
 82   78 4.26905e-01
 82   80 1.13698e+00
 82   82 1.60228e+01
 82   84 1.14608e+00
 82   86 4.36220e-01
 82   88 2.56906e-01
 82   90 1.70948e-01
 83    1 2.96655e-03
 83    3 1.84355e-02
 83    5 3.28169e-02
 83    7 4.79466e-02
 83    9 6.33642e-02
 83   11 6.00089e-02
 83   13 5.15660e-02
 83   15 5.32958e-02
 83   17 5.63526e-02
 83   19 5.49069e-02
 83   21 6.14162e-02
 83   23 6.54049e-02
 83   25 4.87813e-02
 83   27 5.06888e-02
 83   29 5.51864e-02
 83   31 4.78399e-02
 83   33 5.49287e-02
 83   35 5.17098e-02
 83   37 4.70257e-02
 83   39 5.26127e-02
 83   41 4.94314e-02
 83   43 5.33140e-02
 83   45 4.92569e-02
 83   47 5.70912e-02
 83   49 5.72244e-02
 83   51 5.29133e-02
 83   53 6.09093e-02
 83   55 5.91084e-02
 83   57 5.12212e-02
 83   59 5.61950e-02
 83   61 6.03447e-02
 83   63 6.71183e-02
 83   65 7.10768e-02
 83   67 8.38320e-02
 83   69 8.64344e-02
 83   71 1.11575e-01
 83   73 1.39808e-01
 83   75 1.31266e-01
 83   77 1.89816e-01
 83   79 4.15732e-01
 83   81 1.11488e+00
 83   83 1.58504e+01
 83   85 1.11644e+00
 83   87 4.28640e-01
 83   89 2.47371e-01
 83   91 1.73021e-01
 84    2 6.83683e-03
 84    4 1.58629e-02
 84    6 2.67339e-02
 84    8 3.98753e-02
 84   10 4.58346e-02
 84   12 4.69999e-02
 84   14 4.63654e-02
 84   16 4.51926e-02
 84   18 4.53050e-02
 84   20 4.83598e-02
 84   22 5.47997e-02
 84   24 6.22082e-02
 84   26 6.11344e-02
 84   28 6.17827e-02
 84   30 5.87373e-02
 84   32 5.68562e-02
 84   34 5.79219e-02
 84   36 5.50524e-02
 84   38 5.11220e-02
 84   40 6.00823e-02
 84   42 5.23562e-02
 84   44 4.55576e-02
 84   46 6.23155e-02
 84   48 6.30373e-02
 84   50 4.37983e-02
 84   52 5.81619e-02
 84   54 6.21813e-02
 84   56 5.44558e-02
 84   58 5.11191e-02
 84   60 6.26499e-02
 84   62 6.17228e-02
 84   64 6.16962e-02
 84   66 7.53123e-02
 84   68 8.10235e-02
 84   70 9.20231e-02
 84   72 1.13996e-01
 84   74 1.46974e-01
 84   76 1.62594e-01
 84   78 2.14911e-01
 84   80 4.24186e-01
 84   82 1.12565e+00
 84   84 1.55603e+01
 84   86 1.09821e+00
 84   88 4.50634e-01
 84   90 2.31661e-01
 85    1 2.12947e-03
 85    3 1.06251e-02
 85    5 2.00414e-02
 85    7 3.21942e-02
 85    9 4.19237e-02
 85   11 4.34334e-02
 85   13 4.42490e-02
 85   15 4.55479e-02
 85   17 3.95909e-02
 85   19 4.58705e-02
 85   21 4.79080e-02
 85   23 5.25767e-02
 85   25 5.72188e-02
 85   27 6.03381e-02
 85   29 6.31833e-02
 85   31 5.99459e-02
 85   33 5.54806e-02
 85   35 5.79654e-02
 85   37 5.01285e-02
 85   39 5.51012e-02
 85   41 6.32501e-02
 85   43 5.07214e-02
 85   45 4.39453e-02
 85   47 5.92823e-02
 85   49 6.12324e-02
 85   51 5.61258e-02
 85   53 5.15346e-02
 85   55 5.82327e-02
 85   57 5.06889e-02
 85   59 5.26492e-02
 85   61 6.55268e-02
 85   63 5.56538e-02
 85   65 6.04661e-02
 85   67 7.46905e-02
 85   69 8.55180e-02
 85   71 9.27335e-02
 85   73 1.11356e-01
 85   75 1.40622e-01
 85   77 1.54022e-01
 85   79 2.15556e-01
 85   81 4.17111e-01
 85   83 1.09696e+00
 85   85 1.54009e+01
 85   87 1.07149e+00
 85   89 4.39860e-01
 85   91 2.30381e-01
 86    2 1.16669e-02
 86    4 2.86306e-02
 86    6 4.27443e-02
 86    8 6.03072e-02
 86   10 6.67849e-02
 86   12 4.94392e-02
 86   14 5.20546e-02
 86   16 4.99184e-02
 86   18 4.91871e-02
 86   20 4.98424e-02
 86   22 4.48173e-02
 86   24 5.25710e-02
 86   26 5.59259e-02
 86   28 4.82275e-02
 86   30 5.56669e-02
 86   32 5.31701e-02
 86   34 4.68800e-02
 86   36 5.32205e-02
 86   38 5.50161e-02
 86   40 4.16653e-02
 86   42 5.49439e-02
 86   44 5.97142e-02
 86   46 4.75192e-02
 86   48 5.60075e-02
 86   50 6.49657e-02
 86   52 5.03867e-02
 86   54 5.21360e-02
 86   56 5.74165e-02
 86   58 5.98903e-02
 86   60 5.58900e-02
 86   62 5.71044e-02
 86   64 6.63783e-02
 86   66 6.52815e-02
 86   68 7.27907e-02
 86   70 8.96693e-02
 86   72 9.85150e-02
 86   74 1.14097e-01
 86   76 1.43021e-01
 86   78 1.53613e-01
 86   80 2.11333e-01
 86   82 4.21128e-01
 86   84 1.07946e+00
 86   86 1.52802e+01
 86   88 1.10966e+00
 86   90 4.33562e-01
 87    1 3.48849e-03
 87    3 1.83842e-02
 87    5 3.37485e-02
 87    7 4.70001e-02
 87    9 6.45173e-02
 87   11 5.87898e-02
 87   13 4.74758e-02
 87   15 4.74950e-02
 87   17 4.90777e-02
 87   19 4.29366e-02
 87   21 5.16402e-02
 87   23 4.71668e-02
 87   25 4.82174e-02
 87   27 5.10179e-02
 87   29 4.65428e-02
 87   31 5.32342e-02
 87   33 5.98902e-02
 87   35 4.67611e-02
 87   37 5.19447e-02
 87   39 5.03910e-02
 87   41 4.09336e-02
 87   43 5.34244e-02
 87   45 6.16746e-02
 87   47 4.90700e-02
 87   49 5.54476e-02
 87   51 6.67577e-02
 87   53 5.29908e-02
 87   55 5.23718e-02
 87   57 5.80919e-02
 87   59 5.74977e-02
 87   61 5.11030e-02
 87   63 5.76952e-02
 87   65 6.32849e-02
 87   67 6.32758e-02
 87   69 7.36473e-02
 87   71 8.23012e-02
 87   73 9.65678e-02
 87   75 1.15716e-01
 87   77 1.38324e-01
 87   79 1.49797e-01
 87   81 2.11090e-01
 87   83 4.14125e-01
 87   85 1.05359e+00
 87   87 1.51313e+01
 87   89 1.09726e+00
 87   91 4.17590e-01
 88    2 6.11422e-03
 88    4 1.58623e-02
 88    6 2.24524e-02
 88    8 3.09397e-02
 88   10 3.88352e-02
 88   12 3.60742e-02
 88   14 3.46923e-02
 88   16 3.70543e-02
 88   18 3.49512e-02
 88   20 3.39400e-02
 88   22 3.73408e-02
 88   24 3.80067e-02
 88   26 4.31328e-02
 88   28 4.58861e-02
 88   30 3.48118e-02
 88   32 4.75578e-02
 88   34 4.04837e-02
 88   36 4.10660e-02
 88   38 4.72312e-02
 88   40 4.21242e-02
 88   42 4.21264e-02
 88   44 4.91351e-02
 88   46 5.04952e-02
 88   48 4.64690e-02
 88   50 5.70575e-02
 88   52 5.61803e-02
 88   54 4.89899e-02
 88   56 5.23138e-02
 88   58 6.20931e-02
 88   60 6.44360e-02
 88   62 6.77952e-02
 88   64 6.74502e-02
 88   66 7.01152e-02
 88   68 8.18601e-02
 88   70 9.26591e-02
 88   72 9.97391e-02
 88   74 1.07518e-01
 88   76 1.28115e-01
 88   78 1.58863e-01
 88   80 1.73522e-01
 88   82 2.43964e-01
 88   84 4.35701e-01
 88   86 1.09152e+00
 88   88 1.51091e+01
 88   90 1.22116e+00
 89    1 2.08066e-03
 89    3 9.40984e-03
 89    5 1.63825e-02
 89    7 2.71112e-02
 89    9 3.31072e-02
 89   11 3.27393e-02
 89   13 3.37980e-02
 89   15 3.22766e-02
 89   17 3.20911e-02
 89   19 3.61640e-02
 89   21 3.21198e-02
 89   23 3.50434e-02
 89   25 3.97438e-02
 89   27 4.10576e-02
 89   29 3.99557e-02
 89   31 4.09711e-02
 89   33 4.18130e-02
 89   35 4.23416e-02
 89   37 4.13944e-02
 89   39 4.86918e-02
 89   41 5.00768e-02
 89   43 4.16506e-02
 89   45 4.89909e-02
 89   47 4.77378e-02
 89   49 5.24173e-02
 89   51 5.74753e-02
 89   53 5.59501e-02
 89   55 4.72630e-02
 89   57 5.34125e-02
 89   59 6.66366e-02
 89   61 6.91151e-02
 89   63 6.13900e-02
 89   65 6.68009e-02
 89   67 7.48178e-02
 89   69 7.82842e-02
 89   71 8.37295e-02
 89   73 9.60267e-02
 89   75 1.02972e-01
 89   77 1.23804e-01
 89   79 1.49186e-01
 89   81 1.71595e-01
 89   83 2.35174e-01
 89   85 4.25598e-01
 89   87 1.07972e+00
 89   89 1.49764e+01
 89   91 1.18048e+00
 90    2 1.17664e-02
 90    4 2.49650e-02
 90    6 3.88180e-02
 90    8 5.15284e-02
 90   10 5.56888e-02
 90   12 4.73309e-02
 90   14 4.77610e-02
 90   16 4.61014e-02
 90   18 4.69922e-02
 90   20 4.54327e-02
 90   22 4.50253e-02
 90   24 4.43476e-02
 90   26 5.00846e-02
 90   28 4.97242e-02
 90   30 5.48043e-02
 90   32 4.47119e-02
 90   34 5.27195e-02
 90   36 5.29755e-02
 90   38 4.86540e-02
 90   40 5.66214e-02
 90   42 5.04563e-02
 90   44 4.19771e-02
 90   46 5.44819e-02
 90   48 7.21800e-02
 90   50 5.24156e-02
 90   52 5.35686e-02
 90   54 4.74181e-02
 90   56 5.11791e-02
 90   58 6.56072e-02
 90   60 6.34629e-02
 90   62 6.03360e-02
 90   64 5.41363e-02
 90   66 6.18035e-02
 90   68 6.70476e-02
 90   70 7.41233e-02
 90   72 7.85983e-02
 90   74 7.83253e-02
 90   76 9.13327e-02
 90   78 9.96487e-02
 90   80 1.31437e-01
 90   82 1.59799e-01
 90   84 2.20483e-01
 90   86 4.19810e-01
 90   88 1.20207e+00
 90   90 1.60378e+01
 91    1 3.95466e-03
 91    3 2.04430e-02
 91    5 3.46296e-02
 91    7 4.69096e-02
 91    9 6.02510e-02
 91   11 4.83778e-02
 91   13 4.58566e-02
 91   15 4.67837e-02
 91   17 4.91376e-02
 91   19 4.42816e-02
 91   21 4.33239e-02
 91   23 4.56665e-02
 91   25 5.06063e-02
 91   27 4.23161e-02
 91   29 4.95973e-02
 91   31 4.99209e-02
 91   33 4.80103e-02
 91   35 5.07878e-02
 91   37 4.68233e-02
 91   39 4.26811e-02
 91   41 5.49546e-02
 91   43 4.82677e-02
 91   45 4.10462e-02
 91   47 5.52668e-02
 91   49 5.35743e-02
 91   51 5.73826e-02
 91   53 4.74533e-02
 91   55 4.99071e-02
 91   57 5.14754e-02
 91   59 5.39381e-02
 91   61 6.01327e-02
 91   63 7.02468e-02
 91   65 5.10167e-02
 91   67 5.43467e-02
 91   69 6.37668e-02
 91   71 7.73955e-02
 91   73 7.86606e-02
 91   75 7.75152e-02
 91   77 8.96825e-02
 91   79 1.04000e-01
 91   81 1.27123e-01
 91   83 1.61976e-01
 91   85 2.19505e-01
 91   87 4.04634e-01
 91   89 1.16244e+00
