# 13C+CO2(ji) -> 13C+CO2(jf) molscat cross sections, CS8_JMAX90 approx. (written on 08/08/2023); 
# E=37240.000000 (1/cm) = 4.617171510925258 eV
# ji  jf sigma(ji,jf) (1e-16 cm^2)
  1    1 1.42145e+02
  1    3 1.76281e+01
  1    5 5.31483e+00
  1    7 2.23027e+00
  1    9 1.44218e+00
  1   11 1.76250e+00
  1   13 1.30375e+00
  1   15 1.10061e+00
  1   17 1.06880e+00
  1   19 9.72607e-01
  1   21 8.15928e-01
  1   23 7.27004e-01
  1   25 7.44691e-01
  1   27 6.84055e-01
  1   29 7.88630e-01
  1   31 6.26137e-01
  1   33 6.48541e-01
  1   35 5.71850e-01
  1   37 6.43217e-01
  1   39 4.93577e-01
  1   41 6.03623e-01
  1   43 5.54646e-01
  1   45 6.73044e-01
  1   47 5.60724e-01
  1   49 7.08423e-01
  1   51 7.26833e-01
  1   53 6.38245e-01
  1   55 5.54861e-01
  1   57 5.06638e-01
  1   59 5.71361e-01
  1   61 4.15731e-01
  1   63 5.22600e-01
  1   65 4.06777e-01
  1   67 4.79814e-01
  1   69 5.13800e-01
  1   71 4.28391e-01
  1   73 4.33647e-01
  1   75 5.31210e-01
  1   77 4.93527e-01
  1   79 5.04129e-01
  1   81 3.61151e-01
  1   83 2.73431e-01
  1   85 3.01768e-01
  1   87 4.60316e-01
  1   89 3.06962e-01
  1   91 3.29624e-01
  2    2 1.49209e+02
  2    4 1.28625e+01
  2    6 3.99143e+00
  2    8 1.92812e+00
  2   10 1.65162e+00
  2   12 1.58495e+00
  2   14 1.19587e+00
  2   16 1.09527e+00
  2   18 1.03178e+00
  2   20 9.27882e-01
  2   22 7.83356e-01
  2   24 7.94350e-01
  2   26 7.61632e-01
  2   28 6.92856e-01
  2   30 7.20669e-01
  2   32 6.29559e-01
  2   34 6.16777e-01
  2   36 5.96693e-01
  2   38 5.30058e-01
  2   40 5.30016e-01
  2   42 6.35240e-01
  2   44 6.32682e-01
  2   46 6.65060e-01
  2   48 6.89966e-01
  2   50 6.84134e-01
  2   52 6.97734e-01
  2   54 5.61043e-01
  2   56 5.29277e-01
  2   58 4.78016e-01
  2   60 5.61224e-01
  2   62 4.61809e-01
  2   64 5.07019e-01
  2   66 4.75740e-01
  2   68 5.19679e-01
  2   70 5.11705e-01
  2   72 4.90948e-01
  2   74 3.86677e-01
  2   76 4.18804e-01
  2   78 4.76318e-01
  2   80 3.46601e-01
  2   82 3.31560e-01
  2   84 3.96013e-01
  2   86 3.69084e-01
  2   88 3.60894e-01
  2   90 3.00701e-01
  3    1 3.52585e+00
  3    3 1.48603e+02
  3    5 1.11298e+01
  3    7 3.47393e+00
  3    9 1.96182e+00
  3   11 1.52559e+00
  3   13 1.45447e+00
  3   15 1.22351e+00
  3   17 9.94429e-01
  3   19 1.04929e+00
  3   21 8.31133e-01
  3   23 7.83887e-01
  3   25 7.47834e-01
  3   27 7.68611e-01
  3   29 6.99554e-01
  3   31 7.19833e-01
  3   33 6.19078e-01
  3   35 6.36872e-01
  3   37 5.94241e-01
  3   39 5.48126e-01
  3   41 6.22476e-01
  3   43 5.66604e-01
  3   45 6.57184e-01
  3   47 6.57711e-01
  3   49 6.72900e-01
  3   51 6.76138e-01
  3   53 6.20201e-01
  3   55 6.23547e-01
  3   57 4.75168e-01
  3   59 5.00219e-01
  3   61 4.56812e-01
  3   63 4.63916e-01
  3   65 4.39524e-01
  3   67 4.56539e-01
  3   69 4.48133e-01
  3   71 4.50190e-01
  3   73 4.51602e-01
  3   75 4.78598e-01
  3   77 4.20871e-01
  3   79 4.81263e-01
  3   81 3.64110e-01
  3   83 2.79401e-01
  3   85 3.80151e-01
  3   87 3.63748e-01
  3   89 3.93509e-01
  3   91 2.81067e-01
  4    2 5.51309e+00
  4    4 1.48382e+02
  4    6 1.03025e+01
  4    8 3.39240e+00
  4   10 1.83462e+00
  4   12 1.42041e+00
  4   14 1.41419e+00
  4   16 1.15326e+00
  4   18 9.50604e-01
  4   20 9.85188e-01
  4   22 8.36718e-01
  4   24 7.81507e-01
  4   26 7.74288e-01
  4   28 7.24976e-01
  4   30 6.99575e-01
  4   32 6.54912e-01
  4   34 6.46825e-01
  4   36 5.62602e-01
  4   38 5.82468e-01
  4   40 5.97056e-01
  4   42 6.16093e-01
  4   44 5.93934e-01
  4   46 7.34073e-01
  4   48 6.99878e-01
  4   50 6.77273e-01
  4   52 6.21960e-01
  4   54 5.91894e-01
  4   56 5.59735e-01
  4   58 5.02228e-01
  4   60 5.44123e-01
  4   62 4.56345e-01
  4   64 4.91250e-01
  4   66 4.84995e-01
  4   68 5.54938e-01
  4   70 4.53834e-01
  4   72 4.56663e-01
  4   74 4.54674e-01
  4   76 3.91629e-01
  4   78 4.58165e-01
  4   80 3.18218e-01
  4   82 3.43081e-01
  4   84 4.27041e-01
  4   86 3.57589e-01
  4   88 3.36676e-01
  4   90 3.57098e-01
  5    1 5.90660e-01
  5    3 6.18411e+00
  5    5 1.48151e+02
  5    7 9.99332e+00
  5    9 3.20359e+00
  5   11 1.72856e+00
  5   13 1.44504e+00
  5   15 1.32095e+00
  5   17 1.09518e+00
  5   19 9.74410e-01
  5   21 8.91558e-01
  5   23 8.43189e-01
  5   25 7.65995e-01
  5   27 7.53005e-01
  5   29 7.15406e-01
  5   31 6.97742e-01
  5   33 6.66099e-01
  5   35 6.05057e-01
  5   37 5.96937e-01
  5   39 5.63560e-01
  5   41 6.31147e-01
  5   43 5.59859e-01
  5   45 6.58091e-01
  5   47 6.58108e-01
  5   49 7.15739e-01
  5   51 6.20896e-01
  5   53 6.31800e-01
  5   55 5.99006e-01
  5   57 5.25045e-01
  5   59 5.35365e-01
  5   61 4.79700e-01
  5   63 4.79761e-01
  5   65 4.17961e-01
  5   67 4.93413e-01
  5   69 4.78104e-01
  5   71 4.79784e-01
  5   73 4.95706e-01
  5   75 4.51417e-01
  5   77 3.70702e-01
  5   79 4.43339e-01
  5   81 3.53632e-01
  5   83 3.27549e-01
  5   85 3.56009e-01
  5   87 3.93547e-01
  5   89 3.58713e-01
  5   91 3.15631e-01
  6    2 1.08889e+00
  6    4 6.55738e+00
  6    6 1.48414e+02
  6    8 9.67077e+00
  6   10 3.06955e+00
  6   12 1.71772e+00
  6   14 1.38980e+00
  6   16 1.30918e+00
  6   18 1.06367e+00
  6   20 9.37504e-01
  6   22 9.18123e-01
  6   24 8.39042e-01
  6   26 7.61598e-01
  6   28 7.42359e-01
  6   30 7.19140e-01
  6   32 6.99927e-01
  6   34 6.35782e-01
  6   36 5.77221e-01
  6   38 5.90667e-01
  6   40 5.91986e-01
  6   42 6.24962e-01
  6   44 6.19978e-01
  6   46 6.92821e-01
  6   48 6.99582e-01
  6   50 6.42546e-01
  6   52 6.08258e-01
  6   54 5.81556e-01
  6   56 5.43925e-01
  6   58 5.25721e-01
  6   60 5.32690e-01
  6   62 4.54217e-01
  6   64 4.68563e-01
  6   66 4.94694e-01
  6   68 5.18322e-01
  6   70 5.04722e-01
  6   72 4.96352e-01
  6   74 4.85328e-01
  6   76 3.93634e-01
  6   78 4.25174e-01
  6   80 3.65671e-01
  6   82 3.25695e-01
  6   84 3.97389e-01
  6   86 4.08962e-01
  6   88 3.53635e-01
  6   90 3.43432e-01
  7    1 1.71635e-01
  7    3 1.33663e+00
  7    5 6.92005e+00
  7    7 1.48273e+02
  7    9 9.49212e+00
  7   11 3.00008e+00
  7   13 1.66550e+00
  7   15 1.36504e+00
  7   17 1.27133e+00
  7   19 1.03434e+00
  7   21 9.06476e-01
  7   23 9.06730e-01
  7   25 8.01969e-01
  7   27 7.92649e-01
  7   29 7.00369e-01
  7   31 7.56326e-01
  7   33 6.55929e-01
  7   35 6.37851e-01
  7   37 6.01431e-01
  7   39 6.18725e-01
  7   41 6.21465e-01
  7   43 6.11540e-01
  7   45 6.30281e-01
  7   47 6.31647e-01
  7   49 6.76907e-01
  7   51 6.39493e-01
  7   53 6.18983e-01
  7   55 5.76483e-01
  7   57 5.37894e-01
  7   59 5.13085e-01
  7   61 5.00425e-01
  7   63 4.90232e-01
  7   65 4.36307e-01
  7   67 4.51174e-01
  7   69 5.18900e-01
  7   71 5.20416e-01
  7   73 4.69728e-01
  7   75 4.98286e-01
  7   77 3.56262e-01
  7   79 4.32279e-01
  7   81 3.45875e-01
  7   83 3.09701e-01
  7   85 3.77028e-01
  7   87 3.93012e-01
  7   89 3.65912e-01
  7   91 3.09174e-01
  8    2 3.85843e-01
  8    4 1.58385e+00
  8    6 7.09383e+00
  8    8 1.48407e+02
  8   10 9.29990e+00
  8   12 2.96550e+00
  8   14 1.61971e+00
  8   16 1.33363e+00
  8   18 1.24972e+00
  8   20 1.03630e+00
  8   22 8.95533e-01
  8   24 8.78507e-01
  8   26 8.08742e-01
  8   28 7.39931e-01
  8   30 7.45623e-01
  8   32 6.95609e-01
  8   34 6.55165e-01
  8   36 6.31154e-01
  8   38 6.25935e-01
  8   40 6.19654e-01
  8   42 6.26961e-01
  8   44 6.78387e-01
  8   46 6.60725e-01
  8   48 6.88365e-01
  8   50 6.51822e-01
  8   52 5.94882e-01
  8   54 6.10478e-01
  8   56 5.54608e-01
  8   58 5.58737e-01
  8   60 5.26763e-01
  8   62 4.76291e-01
  8   64 4.77375e-01
  8   66 4.73812e-01
  8   68 5.01830e-01
  8   70 5.28668e-01
  8   72 4.91436e-01
  8   74 4.97579e-01
  8   76 3.80211e-01
  8   78 4.13800e-01
  8   80 3.42741e-01
  8   82 3.14257e-01
  8   84 3.92499e-01
  8   86 4.18826e-01
  8   88 3.72001e-01
  8   90 3.42845e-01
  9    1 8.48983e-02
  9    3 5.77407e-01
  9    5 1.69694e+00
  9    7 7.26096e+00
  9    9 1.48316e+02
  9   11 9.25384e+00
  9   13 2.87012e+00
  9   15 1.58255e+00
  9   17 1.32016e+00
  9   19 1.21329e+00
  9   21 1.01263e+00
  9   23 9.18858e-01
  9   25 8.56412e-01
  9   27 7.98061e-01
  9   29 7.58329e-01
  9   31 6.83736e-01
  9   33 7.12314e-01
  9   35 6.45385e-01
  9   37 6.57603e-01
  9   39 6.18580e-01
  9   41 6.02190e-01
  9   43 6.51550e-01
  9   45 6.18797e-01
  9   47 6.54618e-01
  9   49 6.56744e-01
  9   51 6.16610e-01
  9   53 6.04244e-01
  9   55 5.58412e-01
  9   57 5.65432e-01
  9   59 5.37528e-01
  9   61 5.27523e-01
  9   63 4.79086e-01
  9   65 4.51597e-01
  9   67 4.83327e-01
  9   69 5.08620e-01
  9   71 5.56007e-01
  9   73 4.88359e-01
  9   75 4.61720e-01
  9   77 3.51387e-01
  9   79 3.84354e-01
  9   81 3.54134e-01
  9   83 3.22069e-01
  9   85 3.74969e-01
  9   87 4.05748e-01
  9   89 3.70974e-01
  9   91 3.39511e-01
 10    2 2.61022e-01
 10    4 6.76464e-01
 10    6 1.77823e+00
 10    8 7.34464e+00
 10   10 1.28764e+02
 10   12 8.64847e+00
 10   14 2.62969e+00
 10   16 1.43069e+00
 10   18 1.16683e+00
 10   20 1.07848e+00
 10   22 9.10900e-01
 10   24 8.11438e-01
 10   26 7.49309e-01
 10   28 7.33948e-01
 10   30 6.38806e-01
 10   32 6.25753e-01
 10   34 6.26079e-01
 10   36 5.99864e-01
 10   38 6.08646e-01
 10   40 5.74639e-01
 10   42 5.71136e-01
 10   44 6.07957e-01
 10   46 5.85641e-01
 10   48 5.92488e-01
 10   50 5.50878e-01
 10   52 5.42820e-01
 10   54 5.35730e-01
 10   56 5.16175e-01
 10   58 5.27200e-01
 10   60 4.98448e-01
 10   62 4.86957e-01
 10   64 4.18815e-01
 10   66 4.65576e-01
 10   68 4.66747e-01
 10   70 5.03512e-01
 10   72 4.35252e-01
 10   74 4.50746e-01
 10   76 3.42730e-01
 10   78 3.65815e-01
 10   80 3.31928e-01
 10   82 2.64928e-01
 10   84 3.53525e-01
 10   86 3.72758e-01
 10   88 3.09853e-01
 10   90 3.47500e-01
 11    1 8.40252e-02
 11    3 3.63632e-01
 11    5 7.41512e-01
 11    7 1.85851e+00
 11    9 7.49419e+00
 11   11 1.13617e+02
 11   13 8.19716e+00
 11   15 2.40341e+00
 11   17 1.26987e+00
 11   19 1.02075e+00
 11   21 9.79213e-01
 11   23 8.10779e-01
 11   25 6.96759e-01
 11   27 6.98697e-01
 11   29 5.91552e-01
 11   31 5.77500e-01
 11   33 5.56993e-01
 11   35 5.34723e-01
 11   37 5.49245e-01
 11   39 5.33004e-01
 11   41 5.30282e-01
 11   43 5.38631e-01
 11   45 5.08214e-01
 11   47 5.47520e-01
 11   49 5.05588e-01
 11   51 4.81806e-01
 11   53 4.88535e-01
 11   55 4.85897e-01
 11   57 4.68869e-01
 11   59 4.64515e-01
 11   61 4.82239e-01
 11   63 3.89241e-01
 11   65 3.80816e-01
 11   67 3.99323e-01
 11   69 4.11641e-01
 11   71 4.32956e-01
 11   73 3.71416e-01
 11   75 3.69561e-01
 11   77 2.81626e-01
 11   79 2.90514e-01
 11   81 2.65344e-01
 11   83 2.46757e-01
 11   85 2.99179e-01
 11   87 3.15978e-01
 11   89 2.82181e-01
 11   91 2.86989e-01
 12    2 2.07015e-01
 12    4 4.32844e-01
 12    6 8.22399e-01
 12    8 1.93556e+00
 12   10 7.14754e+00
 12   12 1.02023e+02
 12   14 7.68426e+00
 12   16 2.29681e+00
 12   18 1.17493e+00
 12   20 9.35096e-01
 12   22 9.04196e-01
 12   24 7.43847e-01
 12   26 6.31205e-01
 12   28 5.99177e-01
 12   30 5.59800e-01
 12   32 5.28927e-01
 12   34 5.48248e-01
 12   36 4.86932e-01
 12   38 5.16088e-01
 12   40 5.08134e-01
 12   42 4.98842e-01
 12   44 4.78432e-01
 12   46 4.58975e-01
 12   48 4.66785e-01
 12   50 4.38399e-01
 12   52 4.25694e-01
 12   54 4.78040e-01
 12   56 4.12063e-01
 12   58 4.41629e-01
 12   60 4.02070e-01
 12   62 4.05805e-01
 12   64 3.54229e-01
 12   66 3.53210e-01
 12   68 3.91066e-01
 12   70 3.53652e-01
 12   72 3.47650e-01
 12   74 3.29875e-01
 12   76 2.72421e-01
 12   78 2.93063e-01
 12   80 2.26569e-01
 12   82 2.12434e-01
 12   84 2.55419e-01
 12   86 3.13758e-01
 12   88 2.67736e-01
 12   90 2.90388e-01
 13    1 5.22356e-02
 13    3 2.91351e-01
 13    5 5.20958e-01
 13    7 8.67095e-01
 13    9 1.95340e+00
 13   11 6.88894e+00
 13   13 9.25971e+01
 13   15 7.28012e+00
 13   17 2.17016e+00
 13   19 1.07581e+00
 13   21 8.40638e-01
 13   23 8.28268e-01
 13   25 6.56528e-01
 13   27 5.80170e-01
 13   29 5.75162e-01
 13   31 5.03158e-01
 13   33 4.79840e-01
 13   35 4.65429e-01
 13   37 4.75598e-01
 13   39 4.72622e-01
 13   41 4.84140e-01
 13   43 4.22219e-01
 13   45 4.16788e-01
 13   47 4.00255e-01
 13   49 3.97239e-01
 13   51 3.82344e-01
 13   53 3.84935e-01
 13   55 3.79077e-01
 13   57 3.74787e-01
 13   59 3.64367e-01
 13   61 3.76559e-01
 13   63 3.50373e-01
 13   65 3.13085e-01
 13   67 3.17695e-01
 13   69 3.18383e-01
 13   71 3.12196e-01
 13   73 2.78796e-01
 13   75 2.98914e-01
 13   77 2.45654e-01
 13   79 2.33409e-01
 13   81 2.35577e-01
 13   83 2.02981e-01
 13   85 2.21490e-01
 13   87 2.86701e-01
 13   89 2.14806e-01
 13   91 2.77457e-01
 14    2 1.33125e-01
 14    4 3.67297e-01
 14    6 5.67117e-01
 14    8 9.01029e-01
 14   10 1.85231e+00
 14   12 6.54928e+00
 14   14 8.50449e+01
 14   16 6.80471e+00
 14   18 2.07547e+00
 14   20 1.01669e+00
 14   22 7.66473e-01
 14   24 7.62466e-01
 14   26 6.01399e-01
 14   28 5.19760e-01
 14   30 5.06465e-01
 14   32 5.02028e-01
 14   34 4.31929e-01
 14   36 4.42327e-01
 14   38 4.37588e-01
 14   40 4.43984e-01
 14   42 4.14729e-01
 14   44 3.73794e-01
 14   46 3.53470e-01
 14   48 3.42106e-01
 14   50 3.44127e-01
 14   52 3.36025e-01
 14   54 3.44485e-01
 14   56 3.46104e-01
 14   58 3.45422e-01
 14   60 3.36157e-01
 14   62 3.45833e-01
 14   64 3.30180e-01
 14   66 2.91255e-01
 14   68 3.32002e-01
 14   70 3.11215e-01
 14   72 2.83215e-01
 14   74 2.66998e-01
 14   76 2.39260e-01
 14   78 2.64875e-01
 14   80 2.02555e-01
 14   82 2.04421e-01
 14   84 2.31109e-01
 14   86 2.82903e-01
 14   88 2.15163e-01
 14   90 3.12138e-01
 15    1 3.80359e-02
 15    3 2.11402e-01
 15    5 4.10768e-01
 15    7 6.12993e-01
 15    9 9.29044e-01
 15   11 1.74223e+00
 15   13 6.27953e+00
 15   15 7.84654e+01
 15   17 6.43345e+00
 15   19 1.97175e+00
 15   21 9.44176e-01
 15   23 7.39750e-01
 15   25 7.16805e-01
 15   27 5.44478e-01
 15   29 4.69839e-01
 15   31 4.80722e-01
 15   33 4.19235e-01
 15   35 4.11231e-01
 15   37 4.16138e-01
 15   39 4.15085e-01
 15   41 4.02855e-01
 15   43 3.71168e-01
 15   45 3.43763e-01
 15   47 3.01640e-01
 15   49 3.08275e-01
 15   51 3.04840e-01
 15   53 2.75491e-01
 15   55 3.11429e-01
 15   57 3.12547e-01
 15   59 3.21386e-01
 15   61 3.11117e-01
 15   63 3.18316e-01
 15   65 2.97107e-01
 15   67 2.81054e-01
 15   69 2.74634e-01
 15   71 2.85440e-01
 15   73 2.61422e-01
 15   75 2.68293e-01
 15   77 2.28542e-01
 15   79 2.46121e-01
 15   81 1.91895e-01
 15   83 1.81912e-01
 15   85 2.03151e-01
 15   87 2.41748e-01
 15   89 2.15083e-01
 15   91 2.52341e-01
 16    2 1.06259e-01
 16    4 2.61039e-01
 16    6 4.65572e-01
 16    8 6.46555e-01
 16   10 8.78255e-01
 16   12 1.70602e+00
 16   14 5.93030e+00
 16   16 7.30843e+01
 16   18 6.04568e+00
 16   20 1.88814e+00
 16   22 9.00560e-01
 16   24 6.77786e-01
 16   26 6.59382e-01
 16   28 5.17045e-01
 16   30 4.52599e-01
 16   32 4.38374e-01
 16   34 4.14053e-01
 16   36 4.16812e-01
 16   38 4.00392e-01
 16   40 3.72672e-01
 16   42 3.49968e-01
 16   44 3.16557e-01
 16   46 3.06499e-01
 16   48 2.67360e-01
 16   50 2.78392e-01
 16   52 2.58192e-01
 16   54 2.56588e-01
 16   56 2.85233e-01
 16   58 3.23639e-01
 16   60 2.74418e-01
 16   62 2.90360e-01
 16   64 3.04775e-01
 16   66 2.77519e-01
 16   68 2.99550e-01
 16   70 2.37353e-01
 16   72 2.50264e-01
 16   74 2.34624e-01
 16   76 1.97216e-01
 16   78 2.41470e-01
 16   80 1.52067e-01
 16   82 1.97105e-01
 16   84 2.23903e-01
 16   86 2.61882e-01
 16   88 1.88559e-01
 16   90 3.01296e-01
 17    1 3.24804e-02
 17    3 1.51092e-01
 17    5 2.99476e-01
 17    7 5.02036e-01
 17    9 6.81510e-01
 17   11 8.09472e-01
 17   13 1.64607e+00
 17   15 5.65732e+00
 17   17 6.82502e+01
 17   19 5.74945e+00
 17   21 1.79920e+00
 17   23 8.36149e-01
 17   25 6.49729e-01
 17   27 6.44780e-01
 17   29 4.79326e-01
 17   31 4.26461e-01
 17   33 4.34470e-01
 17   35 4.03546e-01
 17   37 3.83317e-01
 17   39 3.54298e-01
 17   41 3.43805e-01
 17   43 3.00421e-01
 17   45 3.10750e-01
 17   47 2.51956e-01
 17   49 2.56967e-01
 17   51 2.46861e-01
 17   53 2.28734e-01
 17   55 2.51749e-01
 17   57 2.57180e-01
 17   59 2.94149e-01
 17   61 2.73318e-01
 17   63 2.56861e-01
 17   65 2.60928e-01
 17   67 2.59808e-01
 17   69 2.53894e-01
 17   71 2.00039e-01
 17   73 2.24195e-01
 17   75 2.06573e-01
 17   77 1.86993e-01
 17   79 2.39613e-01
 17   81 1.63120e-01
 17   83 1.79259e-01
 17   85 1.86241e-01
 17   87 2.41807e-01
 17   89 1.67613e-01
 17   91 2.74031e-01
 18    2 8.87211e-02
 18    4 1.90708e-01
 18    6 3.35266e-01
 18    8 5.37004e-01
 18   10 6.34858e-01
 18   12 7.73508e-01
 18   14 1.60316e+00
 18   16 5.35846e+00
 18   18 6.42155e+01
 18   20 5.40225e+00
 18   22 1.71497e+00
 18   24 8.01486e-01
 18   26 6.21381e-01
 18   28 6.06963e-01
 18   30 4.81048e-01
 18   32 4.07639e-01
 18   34 4.00686e-01
 18   36 4.01851e-01
 18   38 3.50105e-01
 18   40 3.28719e-01
 18   42 2.86610e-01
 18   44 2.71114e-01
 18   46 2.72193e-01
 18   48 2.30704e-01
 18   50 2.41221e-01
 18   52 2.34167e-01
 18   54 2.43494e-01
 18   56 2.43995e-01
 18   58 2.44567e-01
 18   60 3.01053e-01
 18   62 2.44866e-01
 18   64 2.46584e-01
 18   66 2.26478e-01
 18   68 2.40400e-01
 18   70 2.41559e-01
 18   72 2.12168e-01
 18   74 2.07773e-01
 18   76 1.95612e-01
 18   78 2.05496e-01
 18   80 1.64905e-01
 18   82 1.93031e-01
 18   84 1.70613e-01
 18   86 2.49352e-01
 18   88 1.63315e-01
 18   90 2.57538e-01
 19    1 2.63812e-02
 19    3 1.42297e-01
 19    5 2.37821e-01
 19    7 3.64562e-01
 19    9 5.59041e-01
 19   11 5.80760e-01
 19   13 7.28318e-01
 19   15 1.54757e+00
 19   17 5.13166e+00
 19   19 6.05271e+01
 19   21 5.13376e+00
 19   23 1.63034e+00
 19   25 7.55543e-01
 19   27 5.78325e-01
 19   29 5.97997e-01
 19   31 4.56868e-01
 19   33 3.94267e-01
 19   35 3.87000e-01
 19   37 3.48123e-01
 19   39 3.31792e-01
 19   41 3.02249e-01
 19   43 2.73318e-01
 19   45 2.49488e-01
 19   47 2.44424e-01
 19   49 2.14266e-01
 19   51 2.22841e-01
 19   53 2.10070e-01
 19   55 2.12197e-01
 19   57 2.17097e-01
 19   59 2.69758e-01
 19   61 2.46027e-01
 19   63 2.48886e-01
 19   65 2.14931e-01
 19   67 2.11516e-01
 19   69 2.36995e-01
 19   71 1.88532e-01
 19   73 2.05052e-01
 19   75 2.11049e-01
 19   77 1.67377e-01
 19   79 2.00702e-01
 19   81 1.51933e-01
 19   83 1.84861e-01
 19   85 1.55175e-01
 19   87 2.29524e-01
 19   89 1.70003e-01
 19   91 2.24858e-01
 20    2 7.16594e-02
 20    4 1.77513e-01
 20    6 2.65398e-01
 20    8 3.99934e-01
 20   10 5.27019e-01
 20   12 5.52906e-01
 20   14 7.05329e-01
 20   16 1.50304e+00
 20   18 4.85195e+00
 20   20 5.73845e+01
 20   22 4.85644e+00
 20   24 1.57727e+00
 20   26 7.25168e-01
 20   28 5.58977e-01
 20   30 5.68650e-01
 20   32 4.59197e-01
 20   34 3.98236e-01
 20   36 3.60530e-01
 20   38 3.35762e-01
 20   40 2.97949e-01
 20   42 2.68095e-01
 20   44 2.41635e-01
 20   46 2.38156e-01
 20   48 2.11806e-01
 20   50 2.04148e-01
 20   52 1.96229e-01
 20   54 2.19666e-01
 20   56 2.23912e-01
 20   58 2.23381e-01
 20   60 2.57988e-01
 20   62 2.26271e-01
 20   64 2.19550e-01
 20   66 1.87719e-01
 20   68 2.00185e-01
 20   70 2.15739e-01
 20   72 1.92616e-01
 20   74 2.09137e-01
 20   76 1.83666e-01
 20   78 1.79529e-01
 20   80 1.58325e-01
 20   82 2.02628e-01
 20   84 1.50949e-01
 20   86 2.08807e-01
 20   88 1.51380e-01
 20   90 2.29515e-01
 21    1 1.99887e-02
 21    3 1.01799e-01
 21    5 1.96532e-01
 21    7 2.88562e-01
 21    9 4.21407e-01
 21   11 5.03185e-01
 21   13 5.14008e-01
 21   15 6.69308e-01
 21   17 1.45040e+00
 21   19 4.63671e+00
 21   21 5.44356e+01
 21   23 4.67365e+00
 21   25 1.51954e+00
 21   27 6.92916e-01
 21   29 5.14130e-01
 21   31 5.69998e-01
 21   33 4.26742e-01
 21   35 3.59372e-01
 21   37 3.58843e-01
 21   39 2.97543e-01
 21   41 2.80670e-01
 21   43 2.44002e-01
 21   45 2.44557e-01
 21   47 2.16670e-01
 21   49 2.04576e-01
 21   51 1.77053e-01
 21   53 1.79899e-01
 21   55 2.03076e-01
 21   57 2.04509e-01
 21   59 2.14350e-01
 21   61 2.20768e-01
 21   63 2.14878e-01
 21   65 2.06620e-01
 21   67 1.71887e-01
 21   69 1.83688e-01
 21   71 1.98680e-01
 21   73 1.85845e-01
 21   75 1.81623e-01
 21   77 1.69599e-01
 21   79 1.82372e-01
 21   81 1.43893e-01
 21   83 1.90522e-01
 21   85 1.32166e-01
 21   87 2.05863e-01
 21   89 1.42512e-01
 21   91 2.38126e-01
 22    2 5.49174e-02
 22    4 1.36855e-01
 22    6 2.35937e-01
 22    8 3.13731e-01
 22   10 4.04067e-01
 22   12 4.85320e-01
 22   14 4.82692e-01
 22   16 6.50758e-01
 22   18 1.39820e+00
 22   20 4.40848e+00
 22   22 5.19593e+01
 22   24 4.42381e+00
 22   26 1.46883e+00
 22   28 6.57331e-01
 22   30 5.15393e-01
 22   32 5.34664e-01
 22   34 4.17696e-01
 22   36 3.51249e-01
 22   38 3.25415e-01
 22   40 2.85656e-01
 22   42 2.46009e-01
 22   44 2.55670e-01
 22   46 2.08429e-01
 22   48 2.07576e-01
 22   50 1.86587e-01
 22   52 1.89773e-01
 22   54 1.78441e-01
 22   56 2.24238e-01
 22   58 2.11599e-01
 22   60 2.03567e-01
 22   62 1.87699e-01
 22   64 1.92880e-01
 22   66 1.83474e-01
 22   68 1.64282e-01
 22   70 1.88809e-01
 22   72 1.61699e-01
 22   74 1.95536e-01
 22   76 1.76328e-01
 22   78 1.83079e-01
 22   80 1.46227e-01
 22   82 1.79588e-01
 22   84 1.50708e-01
 22   86 2.00896e-01
 22   88 1.36988e-01
 22   90 2.11275e-01
 23    1 1.62417e-02
 23    3 8.75574e-02
 23    5 1.69501e-01
 23    7 2.63225e-01
 23    9 3.48711e-01
 23   11 3.79942e-01
 23   13 4.61845e-01
 23   15 4.78214e-01
 23   17 6.14687e-01
 23   19 1.34282e+00
 23   21 4.26207e+00
 23   23 4.94957e+01
 23   25 4.24503e+00
 23   27 1.41575e+00
 23   29 6.31561e-01
 23   31 4.92690e-01
 23   33 5.30357e-01
 23   35 3.82686e-01
 23   37 3.16855e-01
 23   39 2.94620e-01
 23   41 2.47800e-01
 23   43 2.44570e-01
 23   45 2.06694e-01
 23   47 2.17503e-01
 23   49 1.79286e-01
 23   51 1.91512e-01
 23   53 1.55250e-01
 23   55 1.80109e-01
 23   57 1.99440e-01
 23   59 1.94539e-01
 23   61 1.91181e-01
 23   63 1.80135e-01
 23   65 1.85376e-01
 23   67 1.73331e-01
 23   69 1.50400e-01
 23   71 1.73552e-01
 23   73 1.59230e-01
 23   75 1.91873e-01
 23   77 1.48586e-01
 23   79 1.77503e-01
 23   81 1.34038e-01
 23   83 1.73869e-01
 23   85 1.46016e-01
 23   87 2.00380e-01
 23   89 1.41105e-01
 23   91 1.96957e-01
 24    2 5.09971e-02
 24    4 1.17057e-01
 24    6 1.97452e-01
 24    8 2.81840e-01
 24   10 3.29625e-01
 24   12 3.65621e-01
 24   14 4.39720e-01
 24   16 4.48520e-01
 24   18 5.98399e-01
 24   20 1.31117e+00
 24   22 4.05115e+00
 24   24 4.74461e+01
 24   26 4.05940e+00
 24   28 1.38788e+00
 24   30 6.14757e-01
 24   32 4.77448e-01
 24   34 4.80444e-01
 24   36 3.65648e-01
 24   38 3.07193e-01
 24   40 2.73666e-01
 24   42 2.58885e-01
 24   44 2.14980e-01
 24   46 1.91443e-01
 24   48 1.82497e-01
 24   50 1.87753e-01
 24   52 1.75641e-01
 24   54 1.70987e-01
 24   56 1.72596e-01
 24   58 2.04124e-01
 24   60 1.99090e-01
 24   62 1.71710e-01
 24   64 1.51064e-01
 24   66 1.62612e-01
 24   68 1.45153e-01
 24   70 1.68129e-01
 24   72 1.65313e-01
 24   74 2.07906e-01
 24   76 1.49948e-01
 24   78 1.99452e-01
 24   80 1.34845e-01
 24   82 1.95699e-01
 24   84 1.28615e-01
 24   86 1.92263e-01
 24   88 1.37062e-01
 24   90 1.71424e-01
 25    1 1.52939e-02
 25    3 7.67876e-02
 25    5 1.41553e-01
 25    7 2.14019e-01
 25    9 2.98777e-01
 25   11 3.00154e-01
 25   13 3.36532e-01
 25   15 4.25976e-01
 25   17 4.39086e-01
 25   19 5.72064e-01
 25   21 1.27387e+00
 25   23 3.90236e+00
 25   25 4.54597e+01
 25   27 3.92949e+00
 25   29 1.32688e+00
 25   31 5.78062e-01
 25   33 4.45420e-01
 25   35 4.71096e-01
 25   37 3.44404e-01
 25   39 2.76732e-01
 25   41 2.85485e-01
 25   43 2.23230e-01
 25   45 2.05566e-01
 25   47 1.91768e-01
 25   49 1.66914e-01
 25   51 1.72744e-01
 25   53 1.71082e-01
 25   55 1.56196e-01
 25   57 1.82314e-01
 25   59 1.76813e-01
 25   61 1.99060e-01
 25   63 1.50603e-01
 25   65 1.43503e-01
 25   67 1.58279e-01
 25   69 1.29539e-01
 25   71 1.67647e-01
 25   73 1.26201e-01
 25   75 1.96018e-01
 25   77 1.41071e-01
 25   79 1.79120e-01
 25   81 1.41915e-01
 25   83 1.79055e-01
 25   85 1.33161e-01
 25   87 1.94671e-01
 25   89 1.28910e-01
 25   91 1.66302e-01
 26    2 4.51082e-02
 26    4 1.06990e-01
 26    6 1.65341e-01
 26    8 2.39356e-01
 26   10 2.80804e-01
 26   12 2.86217e-01
 26   14 3.19960e-01
 26   16 4.02535e-01
 26   18 4.27986e-01
 26   20 5.56120e-01
 26   22 1.24088e+00
 26   24 3.74489e+00
 26   26 4.37164e+01
 26   28 3.75479e+00
 26   30 1.27603e+00
 26   32 5.39528e-01
 26   34 4.26435e-01
 26   36 4.32989e-01
 26   38 3.31085e-01
 26   40 2.84699e-01
 26   42 2.55624e-01
 26   44 2.13347e-01
 26   46 1.94772e-01
 26   48 1.74965e-01
 26   50 1.63269e-01
 26   52 1.77227e-01
 26   54 1.65775e-01
 26   56 1.77558e-01
 26   58 1.74937e-01
 26   60 1.68366e-01
 26   62 1.70606e-01
 26   64 1.40441e-01
 26   66 1.41301e-01
 26   68 1.30036e-01
 26   70 1.58318e-01
 26   72 1.13552e-01
 26   74 2.06159e-01
 26   76 1.35016e-01
 26   78 2.01834e-01
 26   80 1.38363e-01
 26   82 1.90740e-01
 26   84 1.38716e-01
 26   86 1.72697e-01
 26   88 1.27368e-01
 26   90 1.55114e-01
 27    1 1.30023e-02
 27    3 7.30432e-02
 27    5 1.28789e-01
 27    7 1.95778e-01
 27    9 2.57684e-01
 27   11 2.78572e-01
 27   13 2.75242e-01
 27   15 2.99469e-01
 27   17 4.03289e-01
 27   19 4.05271e-01
 27   21 5.37625e-01
 27   23 1.20454e+00
 27   25 3.63683e+00
 27   27 4.20339e+01
 27   29 3.61177e+00
 27   31 1.21690e+00
 27   33 5.04261e-01
 27   35 4.00785e-01
 27   37 4.36413e-01
 27   39 3.04111e-01
 27   41 2.53174e-01
 27   43 2.54945e-01
 27   45 2.15179e-01
 27   47 1.81503e-01
 27   49 1.54902e-01
 27   51 1.77928e-01
 27   53 1.53017e-01
 27   55 1.59895e-01
 27   57 1.45137e-01
 27   59 1.59330e-01
 27   61 1.43679e-01
 27   63 1.55157e-01
 27   65 1.41553e-01
 27   67 1.34654e-01
 27   69 1.17483e-01
 27   71 1.57902e-01
 27   73 1.32604e-01
 27   75 1.83118e-01
 27   77 1.23784e-01
 27   79 1.88929e-01
 27   81 1.36715e-01
 27   83 1.78939e-01
 27   85 1.38918e-01
 27   87 1.49425e-01
 27   89 1.38261e-01
 27   91 1.37113e-01
 28    2 3.80931e-02
 28    4 9.29947e-02
 28    6 1.49610e-01
 28    8 2.03291e-01
 28   10 2.55329e-01
 28   12 2.52216e-01
 28   14 2.56702e-01
 28   16 2.93014e-01
 28   18 3.88085e-01
 28   20 3.97940e-01
 28   22 5.15509e-01
 28   24 1.18856e+00
 28   26 3.48561e+00
 28   28 4.05201e+01
 28   30 3.45892e+00
 28   32 1.18229e+00
 28   34 4.83948e-01
 28   36 3.90263e-01
 28   38 3.97964e-01
 28   40 2.94519e-01
 28   42 2.37510e-01
 28   44 2.35203e-01
 28   46 2.09265e-01
 28   48 1.77494e-01
 28   50 1.64319e-01
 28   52 1.61918e-01
 28   54 1.54317e-01
 28   56 1.57190e-01
 28   58 1.43211e-01
 28   60 1.36315e-01
 28   62 1.47187e-01
 28   64 1.42221e-01
 28   66 1.45526e-01
 28   68 1.15878e-01
 28   70 1.46901e-01
 28   72 1.37305e-01
 28   74 1.69890e-01
 28   76 1.32235e-01
 28   78 1.91765e-01
 28   80 1.55261e-01
 28   82 1.50674e-01
 28   84 1.55804e-01
 28   86 1.61574e-01
 28   88 1.34023e-01
 28   90 1.41056e-01
 29    1 1.39544e-02
 29    3 6.18871e-02
 29    5 1.13904e-01
 29    7 1.61033e-01
 29    9 2.27937e-01
 29   11 2.19557e-01
 29   13 2.54013e-01
 29   15 2.40562e-01
 29   17 2.79088e-01
 29   19 3.90102e-01
 29   21 3.71345e-01
 29   23 5.00213e-01
 29   25 1.14321e+00
 29   27 3.36222e+00
 29   29 3.90619e+01
 29   31 3.34717e+00
 29   33 1.13310e+00
 29   35 4.59037e-01
 29   37 3.54973e-01
 29   39 4.06773e-01
 29   41 2.70693e-01
 29   43 2.26345e-01
 29   45 2.18002e-01
 29   47 2.09753e-01
 29   49 1.71614e-01
 29   51 1.70110e-01
 29   53 1.60865e-01
 29   55 1.43387e-01
 29   57 1.69259e-01
 29   59 1.32443e-01
 29   61 1.45313e-01
 29   63 1.38339e-01
 29   65 1.42697e-01
 29   67 1.27369e-01
 29   69 1.12938e-01
 29   71 1.32024e-01
 29   73 1.23210e-01
 29   75 1.66826e-01
 29   77 1.27595e-01
 29   79 1.79209e-01
 29   81 1.48404e-01
 29   83 1.45008e-01
 29   85 1.47332e-01
 29   87 1.58722e-01
 29   89 1.11573e-01
 29   91 1.38316e-01
 30    2 3.69805e-02
 30    4 8.37535e-02
 30    6 1.35268e-01
 30    8 1.91197e-01
 30   10 2.07414e-01
 30   12 2.19930e-01
 30   14 2.33458e-01
 30   16 2.39391e-01
 30   18 2.87069e-01
 30   20 3.77835e-01
 30   22 3.77246e-01
 30   24 4.91368e-01
 30   26 1.10558e+00
 30   28 3.22831e+00
 30   30 3.77941e+01
 30   32 3.21403e+00
 30   34 1.08657e+00
 30   36 4.29753e-01
 30   38 3.53349e-01
 30   40 3.68234e-01
 30   42 2.62595e-01
 30   44 2.34126e-01
 30   46 2.11110e-01
 30   48 2.01800e-01
 30   50 1.83495e-01
 30   52 1.54813e-01
 30   54 1.43906e-01
 30   56 1.53179e-01
 30   58 1.46475e-01
 30   60 1.52166e-01
 30   62 1.20222e-01
 30   64 1.45308e-01
 30   66 1.07509e-01
 30   68 1.16280e-01
 30   70 1.08014e-01
 30   72 1.39957e-01
 30   74 1.47106e-01
 30   76 1.47150e-01
 30   78 1.43697e-01
 30   80 1.76424e-01
 30   82 1.33279e-01
 30   84 1.50209e-01
 30   86 1.48417e-01
 30   88 1.25669e-01
 30   90 1.41550e-01
 31    1 1.03655e-02
 31    3 5.95796e-02
 31    5 1.03937e-01
 31    7 1.62699e-01
 31    9 1.92279e-01
 31   11 2.00536e-01
 31   13 2.07901e-01
 31   15 2.30281e-01
 31   17 2.32315e-01
 31   19 2.78841e-01
 31   21 3.85181e-01
 31   23 3.65091e-01
 31   25 4.65966e-01
 31   27 1.05986e+00
 31   29 3.13159e+00
 31   31 3.64570e+01
 31   33 3.11204e+00
 31   35 1.05074e+00
 31   37 4.04193e-01
 31   39 3.37353e-01
 31   41 3.71955e-01
 31   43 2.61013e-01
 31   45 2.17165e-01
 31   47 2.19186e-01
 31   49 1.94888e-01
 31   51 1.51206e-01
 31   53 1.58729e-01
 31   55 1.41006e-01
 31   57 1.26899e-01
 31   59 1.46353e-01
 31   61 1.25346e-01
 31   63 1.29684e-01
 31   65 1.26474e-01
 31   67 1.17170e-01
 31   69 1.08328e-01
 31   71 1.13321e-01
 31   73 1.49377e-01
 31   75 1.24219e-01
 31   77 1.35959e-01
 31   79 1.37516e-01
 31   81 1.78127e-01
 31   83 1.22166e-01
 31   85 1.45959e-01
 31   87 1.25953e-01
 31   89 1.24497e-01
 31   91 1.34681e-01
 32    2 3.02933e-02
 32    4 7.35231e-02
 32    6 1.23454e-01
 32    8 1.67263e-01
 32   10 1.90522e-01
 32   12 1.94859e-01
 32   14 2.17000e-01
 32   16 2.17425e-01
 32   18 2.28111e-01
 32   20 2.86107e-01
 32   22 3.66977e-01
 32   24 3.57851e-01
 32   26 4.38342e-01
 32   28 1.03474e+00
 32   30 3.01385e+00
 32   32 3.53530e+01
 32   34 2.99984e+00
 32   36 9.99169e-01
 32   38 3.78264e-01
 32   40 3.27009e-01
 32   42 3.45715e-01
 32   44 2.58308e-01
 32   46 2.16288e-01
 32   48 2.03995e-01
 32   50 1.81562e-01
 32   52 1.62227e-01
 32   54 1.44446e-01
 32   56 1.34966e-01
 32   58 1.34131e-01
 32   60 1.32235e-01
 32   62 1.33677e-01
 32   64 1.35441e-01
 32   66 1.12404e-01
 32   68 1.11266e-01
 32   70 1.39137e-01
 32   72 1.43074e-01
 32   74 1.30570e-01
 32   76 1.46198e-01
 32   78 1.20251e-01
 32   80 1.78640e-01
 32   82 1.22625e-01
 32   84 1.43517e-01
 32   86 1.37891e-01
 32   88 1.14264e-01
 32   90 1.46244e-01
 33    1 1.00892e-02
 33    3 4.81512e-02
 33    5 9.32414e-02
 33    7 1.32595e-01
 33    9 1.88240e-01
 33   11 1.81755e-01
 33   13 1.86314e-01
 33   15 1.88720e-01
 33   17 2.22409e-01
 33   19 2.26127e-01
 33   21 2.70990e-01
 33   23 3.69310e-01
 33   25 3.37400e-01
 33   27 4.12709e-01
 33   29 9.96209e-01
 33   31 2.92443e+00
 33   33 3.42159e+01
 33   35 2.90510e+00
 33   37 9.65640e-01
 33   39 3.73170e-01
 33   41 2.89485e-01
 33   43 3.54599e-01
 33   45 2.46331e-01
 33   47 1.95320e-01
 33   49 1.99478e-01
 33   51 1.73731e-01
 33   53 1.59568e-01
 33   55 1.39467e-01
 33   57 1.35878e-01
 33   59 1.10315e-01
 33   61 1.37331e-01
 33   63 1.19941e-01
 33   65 1.32907e-01
 33   67 9.66700e-02
 33   69 1.10044e-01
 33   71 1.15506e-01
 33   73 1.37837e-01
 33   75 1.36097e-01
 33   77 1.34920e-01
 33   79 1.27402e-01
 33   81 1.67465e-01
 33   83 1.24495e-01
 33   85 1.38237e-01
 33   87 1.46813e-01
 33   89 1.07912e-01
 33   91 1.42366e-01
 34    2 2.79448e-02
 34    4 6.83741e-02
 34    6 1.05591e-01
 34    8 1.48337e-01
 34   10 1.79487e-01
 34   12 1.90180e-01
 34   14 1.75796e-01
 34   16 1.93368e-01
 34   18 2.11124e-01
 34   20 2.33633e-01
 34   22 2.69950e-01
 34   24 3.39064e-01
 34   26 3.26224e-01
 34   28 3.98813e-01
 34   30 9.59389e-01
 34   32 2.82463e+00
 34   34 3.32311e+01
 34   36 2.80850e+00
 34   38 9.39657e-01
 34   40 3.49133e-01
 34   42 3.02615e-01
 34   44 3.46406e-01
 34   46 2.41027e-01
 34   48 1.93481e-01
 34   50 1.91916e-01
 34   52 1.81512e-01
 34   54 1.40679e-01
 34   56 1.37202e-01
 34   58 1.24989e-01
 34   60 1.31831e-01
 34   62 1.22330e-01
 34   64 1.18368e-01
 34   66 1.05501e-01
 34   68 1.10201e-01
 34   70 1.24735e-01
 34   72 1.30578e-01
 34   74 1.12094e-01
 34   76 1.42839e-01
 34   78 1.05569e-01
 34   80 1.57477e-01
 34   82 1.14410e-01
 34   84 1.49474e-01
 34   86 1.53268e-01
 34   88 1.18395e-01
 34   90 1.37684e-01
 35    1 8.39232e-03
 35    3 4.67299e-02
 35    5 7.99002e-02
 35    7 1.21639e-01
 35    9 1.60894e-01
 35   11 1.64607e-01
 35   13 1.70484e-01
 35   15 1.74633e-01
 35   17 1.94880e-01
 35   19 2.09389e-01
 35   21 2.15285e-01
 35   23 2.51389e-01
 35   25 3.36640e-01
 35   27 3.09443e-01
 35   29 3.80726e-01
 35   31 9.31477e-01
 35   33 2.74058e+00
 35   35 3.22676e+01
 35   37 2.73451e+00
 35   39 9.16221e-01
 35   41 3.40382e-01
 35   43 2.86087e-01
 35   45 3.34163e-01
 35   47 2.20381e-01
 35   49 1.86587e-01
 35   51 1.89442e-01
 35   53 1.66095e-01
 35   55 1.28614e-01
 35   57 1.26513e-01
 35   59 1.24784e-01
 35   61 1.19880e-01
 35   63 1.19529e-01
 35   65 1.17452e-01
 35   67 1.11543e-01
 35   69 9.95359e-02
 35   71 1.21554e-01
 35   73 1.17507e-01
 35   75 1.02007e-01
 35   77 1.39697e-01
 35   79 1.07626e-01
 35   81 1.62023e-01
 35   83 1.12608e-01
 35   85 1.42469e-01
 35   87 1.41791e-01
 35   89 1.01972e-01
 35   91 1.53927e-01
 36    2 2.55491e-02
 36    4 5.62029e-02
 36    6 9.05965e-02
 36    8 1.35047e-01
 36   10 1.62521e-01
 36   12 1.59628e-01
 36   14 1.70134e-01
 36   16 1.83959e-01
 36   18 2.00102e-01
 36   20 1.99888e-01
 36   22 2.14531e-01
 36   24 2.43868e-01
 36   26 3.13035e-01
 36   28 3.03935e-01
 36   30 3.58597e-01
 36   32 8.89109e-01
 36   34 2.65416e+00
 36   36 3.13667e+01
 36   38 2.64169e+00
 36   40 8.81460e-01
 36   42 3.32629e-01
 36   44 3.01229e-01
 36   46 3.25547e-01
 36   48 2.30616e-01
 36   50 1.80562e-01
 36   52 1.77869e-01
 36   54 1.47402e-01
 36   56 1.28299e-01
 36   58 1.34237e-01
 36   60 1.20273e-01
 36   62 1.36570e-01
 36   64 1.12109e-01
 36   66 1.27522e-01
 36   68 1.09300e-01
 36   70 1.17286e-01
 36   72 9.75399e-02
 36   74 1.04814e-01
 36   76 1.36031e-01
 36   78 1.16357e-01
 36   80 1.43334e-01
 36   82 1.15580e-01
 36   84 1.45503e-01
 36   86 1.33574e-01
 36   88 1.07585e-01
 36   90 1.49072e-01
 37    1 8.93591e-03
 37    3 4.12749e-02
 37    5 7.46210e-02
 37    7 1.08572e-01
 37    9 1.55191e-01
 37   11 1.60054e-01
 37   13 1.64912e-01
 37   15 1.67286e-01
 37   17 1.75232e-01
 37   19 1.78302e-01
 37   21 2.03495e-01
 37   23 1.97036e-01
 37   25 2.32974e-01
 37   27 3.18969e-01
 37   29 2.78702e-01
 37   31 3.39193e-01
 37   33 8.62339e-01
 37   35 2.58858e+00
 37   37 3.04794e+01
 37   39 2.57141e+00
 37   41 8.58362e-01
 37   43 3.20576e-01
 37   45 2.74662e-01
 37   47 3.24584e-01
 37   49 2.08512e-01
 37   51 1.81648e-01
 37   53 1.63739e-01
 37   55 1.49637e-01
 37   57 1.18077e-01
 37   59 1.18689e-01
 37   61 1.13969e-01
 37   63 1.24804e-01
 37   65 1.22744e-01
 37   67 1.07902e-01
 37   69 1.17484e-01
 37   71 1.20016e-01
 37   73 9.70472e-02
 37   75 1.00607e-01
 37   77 1.33966e-01
 37   79 1.14145e-01
 37   81 1.37844e-01
 37   83 1.04026e-01
 37   85 1.39378e-01
 37   87 1.29087e-01
 37   89 1.12906e-01
 37   91 1.30658e-01
 38    2 2.15189e-02
 38    4 5.51696e-02
 38    6 8.78989e-02
 38    8 1.26984e-01
 38   10 1.56348e-01
 38   12 1.60411e-01
 38   14 1.59582e-01
 38   16 1.67548e-01
 38   18 1.65294e-01
 38   20 1.76502e-01
 38   22 1.88444e-01
 38   24 1.94256e-01
 38   26 2.26948e-01
 38   28 2.93857e-01
 38   30 2.79552e-01
 38   32 3.19141e-01
 38   34 8.41963e-01
 38   36 2.50468e+00
 38   38 2.97117e+01
 38   40 2.50003e+00
 38   42 8.47680e-01
 38   44 3.17188e-01
 38   46 2.75902e-01
 38   48 3.01712e-01
 38   50 2.09865e-01
 38   52 1.72573e-01
 38   54 1.50729e-01
 38   56 1.35916e-01
 38   58 1.26600e-01
 38   60 1.15974e-01
 38   62 1.17574e-01
 38   64 1.21441e-01
 38   66 1.20478e-01
 38   68 1.12044e-01
 38   70 1.06518e-01
 38   72 1.14621e-01
 38   74 1.16546e-01
 38   76 1.13856e-01
 38   78 1.11325e-01
 38   80 1.50517e-01
 38   82 1.07897e-01
 38   84 1.39244e-01
 38   86 1.32975e-01
 38   88 1.08977e-01
 38   90 1.24982e-01
 39    1 6.51120e-03
 39    3 3.61517e-02
 39    5 6.68956e-02
 39    7 1.06061e-01
 39    9 1.38619e-01
 39   11 1.47488e-01
 39   13 1.55614e-01
 39   15 1.58447e-01
 39   17 1.53797e-01
 39   19 1.61367e-01
 39   21 1.60223e-01
 39   23 1.73969e-01
 39   25 1.77756e-01
 39   27 2.11061e-01
 39   29 3.03265e-01
 39   31 2.68824e-01
 39   33 3.16442e-01
 39   35 8.23581e-01
 39   37 2.44172e+00
 39   39 2.89416e+01
 39   41 2.43630e+00
 39   43 8.04307e-01
 39   45 3.14376e-01
 39   47 2.51105e-01
 39   49 3.01461e-01
 39   51 1.98776e-01
 39   53 1.54795e-01
 39   55 1.50621e-01
 39   57 1.34312e-01
 39   59 1.17789e-01
 39   61 1.23003e-01
 39   63 1.13881e-01
 39   65 1.18050e-01
 39   67 1.21511e-01
 39   69 1.09944e-01
 39   71 9.86163e-02
 39   73 1.11250e-01
 39   75 1.07981e-01
 39   77 1.16347e-01
 39   79 1.13647e-01
 39   81 1.41988e-01
 39   83 1.10717e-01
 39   85 1.30536e-01
 39   87 1.27655e-01
 39   89 9.91034e-02
 39   91 1.26586e-01
 40    2 2.04612e-02
 40    4 5.37761e-02
 40    6 8.37718e-02
 40    8 1.19541e-01
 40   10 1.40369e-01
 40   12 1.50188e-01
 40   14 1.53969e-01
 40   16 1.48295e-01
 40   18 1.47580e-01
 40   20 1.48938e-01
 40   22 1.57303e-01
 40   24 1.64562e-01
 40   26 1.85575e-01
 40   28 2.06801e-01
 40   30 2.77031e-01
 40   32 2.62357e-01
 40   34 2.97482e-01
 40   36 7.94730e-01
 40   38 2.37734e+00
 40   40 2.82625e+01
 40   42 2.36732e+00
 40   44 7.87217e-01
 40   46 2.95187e-01
 40   48 2.55046e-01
 40   50 2.82417e-01
 40   52 1.95096e-01
 40   54 1.60425e-01
 40   56 1.55504e-01
 40   58 1.39713e-01
 40   60 1.21643e-01
 40   62 1.30472e-01
 40   64 1.25519e-01
 40   66 1.20009e-01
 40   68 1.09309e-01
 40   70 1.04572e-01
 40   72 1.03878e-01
 40   74 1.05731e-01
 40   76 1.09373e-01
 40   78 1.26994e-01
 40   80 1.41745e-01
 40   82 1.04721e-01
 40   84 1.20394e-01
 40   86 1.22225e-01
 40   88 1.07205e-01
 40   90 1.07478e-01
 41    1 7.58244e-03
 41    3 3.90939e-02
 41    5 7.13386e-02
 41    7 1.01441e-01
 41    9 1.28498e-01
 41   11 1.39723e-01
 41   13 1.51790e-01
 41   15 1.46431e-01
 41   17 1.42112e-01
 41   19 1.39975e-01
 41   21 1.43916e-01
 41   23 1.39331e-01
 41   25 1.74616e-01
 41   27 1.67314e-01
 41   29 1.92169e-01
 41   31 2.82235e-01
 41   33 2.33749e-01
 41   35 2.91346e-01
 41   37 7.76126e-01
 41   39 2.31989e+00
 41   41 2.75669e+01
 41   43 2.30453e+00
 41   45 7.63912e-01
 41   47 2.85846e-01
 41   49 2.41343e-01
 41   51 2.85573e-01
 41   53 1.85953e-01
 41   55 1.47428e-01
 41   57 1.48439e-01
 41   59 1.45300e-01
 41   61 1.05096e-01
 41   63 1.20684e-01
 41   65 1.22553e-01
 41   67 1.08351e-01
 41   69 1.13556e-01
 41   71 1.03427e-01
 41   73 1.11791e-01
 41   75 1.01394e-01
 41   77 1.02122e-01
 41   79 9.95907e-02
 41   81 1.46436e-01
 41   83 9.76707e-02
 41   85 1.26971e-01
 41   87 1.19688e-01
 41   89 1.01039e-01
 41   91 1.12554e-01
 42    2 2.33819e-02
 42    4 5.29078e-02
 42    6 8.43217e-02
 42    8 1.15321e-01
 42   10 1.33019e-01
 42   12 1.40579e-01
 42   14 1.37129e-01
 42   16 1.32778e-01
 42   18 1.22686e-01
 42   20 1.27776e-01
 42   22 1.29164e-01
 42   24 1.48428e-01
 42   26 1.58867e-01
 42   28 1.59008e-01
 42   30 1.88361e-01
 42   32 2.64454e-01
 42   34 2.45843e-01
 42   36 2.85941e-01
 42   38 7.68559e-01
 42   40 2.25712e+00
 42   42 2.69478e+01
 42   44 2.23299e+00
 42   46 7.38290e-01
 42   48 2.76809e-01
 42   50 2.37394e-01
 42   52 2.67141e-01
 42   54 1.94498e-01
 42   56 1.48764e-01
 42   58 1.53773e-01
 42   60 1.22579e-01
 42   62 1.21209e-01
 42   64 1.30215e-01
 42   66 1.19491e-01
 42   68 1.22237e-01
 42   70 1.09990e-01
 42   72 1.18732e-01
 42   74 1.01049e-01
 42   76 1.17345e-01
 42   78 1.10530e-01
 42   80 1.48025e-01
 42   82 1.00325e-01
 42   84 1.29138e-01
 42   86 1.02224e-01
 42   88 9.46887e-02
 42   90 1.15317e-01
 43    1 6.65111e-03
 43    3 3.39704e-02
 43    5 6.04099e-02
 43    7 9.52917e-02
 43    9 1.32723e-01
 43   11 1.35484e-01
 43   13 1.26370e-01
 43   15 1.28792e-01
 43   17 1.18545e-01
 43   19 1.20834e-01
 43   21 1.19437e-01
 43   23 1.31276e-01
 43   25 1.30343e-01
 43   27 1.60840e-01
 43   29 1.53396e-01
 43   31 1.89068e-01
 43   33 2.73336e-01
 43   35 2.33763e-01
 43   37 2.76712e-01
 43   39 7.31129e-01
 43   41 2.19997e+00
 43   43 2.62948e+01
 43   45 2.18031e+00
 43   47 7.22128e-01
 43   49 2.65215e-01
 43   51 2.25923e-01
 43   53 2.76204e-01
 43   55 1.83121e-01
 43   57 1.59239e-01
 43   59 1.39771e-01
 43   61 1.23108e-01
 43   63 1.11454e-01
 43   65 1.27424e-01
 43   67 1.13989e-01
 43   69 1.12268e-01
 43   71 1.10557e-01
 43   73 1.08998e-01
 43   75 1.03173e-01
 43   77 1.04618e-01
 43   79 1.21669e-01
 43   81 1.31466e-01
 43   83 1.01063e-01
 43   85 1.24580e-01
 43   87 9.60294e-02
 43   89 9.73512e-02
 43   91 1.15993e-01
 44    2 2.22574e-02
 44    4 4.87482e-02
 44    6 7.99484e-02
 44    8 1.19259e-01
 44   10 1.35330e-01
 44   12 1.28862e-01
 44   14 1.18125e-01
 44   16 1.14788e-01
 44   18 1.10918e-01
 44   20 1.10070e-01
 44   22 1.28297e-01
 44   24 1.17803e-01
 44   26 1.26726e-01
 44   28 1.50497e-01
 44   30 1.60510e-01
 44   32 1.88851e-01
 44   34 2.68968e-01
 44   36 2.47492e-01
 44   38 2.74859e-01
 44   40 7.17366e-01
 44   42 2.13419e+00
 44   44 2.57427e+01
 44   46 2.12755e+00
 44   48 6.99461e-01
 44   50 2.60495e-01
 44   52 2.33777e-01
 44   54 2.65363e-01
 44   56 1.80461e-01
 44   58 1.49704e-01
 44   60 1.45976e-01
 44   62 1.31267e-01
 44   64 1.29258e-01
 44   66 1.15585e-01
 44   68 1.08469e-01
 44   70 1.05310e-01
 44   72 1.16135e-01
 44   74 9.60919e-02
 44   76 1.18249e-01
 44   78 1.04621e-01
 44   80 1.25512e-01
 44   82 9.47400e-02
 44   84 1.09464e-01
 44   86 9.99150e-02
 44   88 9.66197e-02
 44   90 1.08490e-01
 45    1 7.72251e-03
 45    3 3.77003e-02
 45    5 6.79442e-02
 45    7 9.39726e-02
 45    9 1.20610e-01
 45   11 1.22315e-01
 45   13 1.19360e-01
 45   15 1.14134e-01
 45   17 1.17328e-01
 45   19 1.05538e-01
 45   21 1.14542e-01
 45   23 1.06156e-01
 45   25 1.14848e-01
 45   27 1.29893e-01
 45   29 1.41364e-01
 45   31 1.50516e-01
 45   33 1.81683e-01
 45   35 2.61260e-01
 45   37 2.26846e-01
 45   39 2.73437e-01
 45   41 6.97775e-01
 45   43 2.08620e+00
 45   45 2.51445e+01
 45   47 2.07610e+00
 45   49 6.88964e-01
 45   51 2.51375e-01
 45   53 2.23006e-01
 45   55 2.67169e-01
 45   57 1.72812e-01
 45   59 1.51995e-01
 45   61 1.39484e-01
 45   63 1.29712e-01
 45   65 1.12082e-01
 45   67 1.12955e-01
 45   69 1.20657e-01
 45   71 1.03112e-01
 45   73 1.10570e-01
 45   75 9.63537e-02
 45   77 1.08712e-01
 45   79 9.88097e-02
 45   81 1.28443e-01
 45   83 1.01722e-01
 45   85 9.96103e-02
 45   87 9.31664e-02
 45   89 7.82320e-02
 45   91 1.12753e-01
 46    2 2.24107e-02
 46    4 5.77118e-02
 46    6 8.55775e-02
 46    8 1.11260e-01
 46   10 1.24870e-01
 46   12 1.18413e-01
 46   14 1.06996e-01
 46   16 1.06458e-01
 46   18 1.06668e-01
 46   20 1.03914e-01
 46   22 1.00185e-01
 46   24 1.00485e-01
 46   26 1.10818e-01
 46   28 1.28259e-01
 46   30 1.38633e-01
 46   32 1.51467e-01
 46   34 1.79262e-01
 46   36 2.56202e-01
 46   38 2.29009e-01
 46   40 2.57661e-01
 46   42 6.75895e-01
 46   44 2.03791e+00
 46   46 2.46109e+01
 46   48 2.02671e+00
 46   50 6.71521e-01
 46   52 2.50061e-01
 46   54 2.26208e-01
 46   56 2.57484e-01
 46   58 1.77234e-01
 46   60 1.44751e-01
 46   62 1.52319e-01
 46   64 1.34379e-01
 46   66 1.24967e-01
 46   68 1.14862e-01
 46   70 1.08166e-01
 46   72 1.11492e-01
 46   74 9.97633e-02
 46   76 1.17572e-01
 46   78 9.80993e-02
 46   80 1.25582e-01
 46   82 9.79279e-02
 46   84 9.04383e-02
 46   86 1.07889e-01
 46   88 8.61034e-02
 46   90 9.83433e-02
 47    1 6.16905e-03
 47    3 3.61782e-02
 47    5 6.51505e-02
 47    7 9.03016e-02
 47    9 1.22343e-01
 47   11 1.26353e-01
 47   13 1.09909e-01
 47   15 9.60282e-02
 47   17 9.12154e-02
 47   19 9.91413e-02
 47   21 9.73053e-02
 47   23 1.07112e-01
 47   25 1.02731e-01
 47   27 1.05056e-01
 47   29 1.30419e-01
 47   31 1.45666e-01
 47   33 1.38133e-01
 47   35 1.65213e-01
 47   37 2.57048e-01
 47   39 2.09420e-01
 47   41 2.50356e-01
 47   43 6.62528e-01
 47   45 1.99068e+00
 47   47 2.41044e+01
 47   49 1.96811e+00
 47   51 6.58649e-01
 47   53 2.45765e-01
 47   55 2.22824e-01
 47   57 2.56906e-01
 47   59 1.65019e-01
 47   61 1.35455e-01
 47   63 1.43876e-01
 47   65 1.47373e-01
 47   67 1.10166e-01
 47   69 1.12718e-01
 47   71 1.11821e-01
 47   73 1.06198e-01
 47   75 9.48763e-02
 47   77 1.14357e-01
 47   79 1.02033e-01
 47   81 1.16842e-01
 47   83 8.52020e-02
 47   85 9.33862e-02
 47   87 1.06684e-01
 47   89 9.24249e-02
 47   91 8.91579e-02
 48    2 2.23155e-02
 48    4 5.28119e-02
 48    6 8.29393e-02
 48    8 1.11255e-01
 48   10 1.21252e-01
 48   12 1.15587e-01
 48   14 9.93943e-02
 48   16 8.91314e-02
 48   18 8.67751e-02
 48   20 8.87027e-02
 48   22 9.57642e-02
 48   24 9.19393e-02
 48   26 9.55473e-02
 48   28 1.04414e-01
 48   30 1.27192e-01
 48   32 1.37116e-01
 48   34 1.38116e-01
 48   36 1.74198e-01
 48   38 2.40367e-01
 48   40 2.13675e-01
 48   42 2.43229e-01
 48   44 6.43061e-01
 48   46 1.94525e+00
 48   48 2.36156e+01
 48   50 1.93320e+00
 48   52 6.65026e-01
 48   54 2.55417e-01
 48   56 2.09958e-01
 48   58 2.38878e-01
 48   60 1.74058e-01
 48   62 1.46674e-01
 48   64 1.44136e-01
 48   66 1.39393e-01
 48   68 1.17353e-01
 48   70 1.09131e-01
 48   72 1.07979e-01
 48   74 9.79140e-02
 48   76 1.02000e-01
 48   78 1.14989e-01
 48   80 1.10743e-01
 48   82 9.21331e-02
 48   84 1.03553e-01
 48   86 8.84556e-02
 48   88 8.61175e-02
 48   90 9.40361e-02
 49    1 7.48786e-03
 49    3 3.55597e-02
 49    5 6.80725e-02
 49    7 9.29709e-02
 49    9 1.17919e-01
 49   11 1.12094e-01
 49   13 1.04796e-01
 49   15 9.42855e-02
 49   17 8.93753e-02
 49   19 8.34952e-02
 49   21 8.82650e-02
 49   23 8.48236e-02
 49   25 8.59044e-02
 49   27 8.61374e-02
 49   29 1.02513e-01
 49   31 1.24431e-01
 49   33 1.35532e-01
 49   35 1.34383e-01
 49   37 1.58641e-01
 49   39 2.41541e-01
 49   41 2.03076e-01
 49   43 2.33769e-01
 49   45 6.34668e-01
 49   47 1.89080e+00
 49   49 2.31702e+01
 49   51 1.88963e+00
 49   53 6.51197e-01
 49   55 2.47644e-01
 49   57 2.00080e-01
 49   59 2.43524e-01
 49   61 1.64035e-01
 49   63 1.37796e-01
 49   65 1.39963e-01
 49   67 1.37728e-01
 49   69 1.11600e-01
 49   71 1.06531e-01
 49   73 1.10016e-01
 49   75 9.05777e-02
 49   77 1.00215e-01
 49   79 1.03677e-01
 49   81 1.12861e-01
 49   83 9.53218e-02
 49   85 1.06014e-01
 49   87 8.35414e-02
 49   89 8.15763e-02
 49   91 9.95656e-02
 50    2 2.12771e-02
 50    4 4.91436e-02
 50    6 7.32521e-02
 50    8 1.01304e-01
 50   10 1.08407e-01
 50   12 1.04389e-01
 50   14 9.61421e-02
 50   16 8.92451e-02
 50   18 8.72466e-02
 50   20 8.22122e-02
 50   22 8.27754e-02
 50   24 9.09546e-02
 50   26 8.57362e-02
 50   28 9.29513e-02
 50   30 1.11214e-01
 50   32 1.17351e-01
 50   34 1.31738e-01
 50   36 1.31151e-01
 50   38 1.60774e-01
 50   40 2.27520e-01
 50   42 2.00586e-01
 50   44 2.30294e-01
 50   46 6.19779e-01
 50   48 1.85896e+00
 50   50 2.27899e+01
 50   52 1.84816e+00
 50   54 6.35981e-01
 50   56 2.28976e-01
 50   58 2.06721e-01
 50   60 2.33371e-01
 50   62 1.70838e-01
 50   64 1.39217e-01
 50   66 1.53947e-01
 50   68 1.43613e-01
 50   70 1.03625e-01
 50   72 9.55379e-02
 50   74 9.39785e-02
 50   76 1.03923e-01
 50   78 1.05097e-01
 50   80 1.10178e-01
 50   82 9.04421e-02
 50   84 1.00303e-01
 50   86 8.75113e-02
 50   88 8.35185e-02
 50   90 1.01347e-01
 51    1 7.39393e-03
 51    3 3.43889e-02
 51    5 5.68344e-02
 51    7 8.45334e-02
 51    9 1.06555e-01
 51   11 1.02809e-01
 51   13 9.70787e-02
 51   15 8.97333e-02
 51   17 8.26355e-02
 51   19 8.35753e-02
 51   21 7.35210e-02
 51   23 8.72050e-02
 51   25 8.55659e-02
 51   27 9.52259e-02
 51   29 9.77991e-02
 51   31 9.29151e-02
 51   33 1.13605e-01
 51   35 1.31316e-01
 51   37 1.33012e-01
 51   39 1.53284e-01
 51   41 2.31268e-01
 51   43 1.91656e-01
 51   45 2.22868e-01
 51   47 6.09012e-01
 51   49 1.81866e+00
 51   51 2.23122e+01
 51   53 1.80532e+00
 51   55 6.17780e-01
 51   57 2.29612e-01
 51   59 1.95132e-01
 51   61 2.27295e-01
 51   63 1.61431e-01
 51   65 1.44527e-01
 51   67 1.48071e-01
 51   69 1.36852e-01
 51   71 1.00306e-01
 51   73 9.72242e-02
 51   75 9.50548e-02
 51   77 1.03122e-01
 51   79 1.04464e-01
 51   81 9.83069e-02
 51   83 8.60812e-02
 51   85 1.00328e-01
 51   87 8.56867e-02
 51   89 7.84267e-02
 51   91 9.60200e-02
 52    2 2.09028e-02
 52    4 4.34718e-02
 52    6 6.67953e-02
 52    8 8.90572e-02
 52   10 1.02897e-01
 52   12 9.76396e-02
 52   14 9.04292e-02
 52   16 7.97282e-02
 52   18 8.15831e-02
 52   20 7.61197e-02
 52   22 8.10955e-02
 52   24 8.19607e-02
 52   26 8.96464e-02
 52   28 8.82278e-02
 52   30 9.03824e-02
 52   32 1.01001e-01
 52   34 1.20018e-01
 52   36 1.24448e-01
 52   38 1.27348e-01
 52   40 1.51398e-01
 52   42 2.17427e-01
 52   44 1.99080e-01
 52   46 2.22313e-01
 52   48 6.15991e-01
 52   50 1.78025e+00
 52   52 2.19400e+01
 52   54 1.75695e+00
 52   56 6.02208e-01
 52   58 2.16536e-01
 52   60 1.94097e-01
 52   62 2.19261e-01
 52   64 1.79680e-01
 52   66 1.41663e-01
 52   68 1.35720e-01
 52   70 1.11128e-01
 52   72 1.15962e-01
 52   74 9.33351e-02
 52   76 1.01707e-01
 52   78 9.72403e-02
 52   80 1.18877e-01
 52   82 8.07522e-02
 52   84 9.44640e-02
 52   86 1.04710e-01
 52   88 9.57286e-02
 52   90 9.29325e-02
 53    1 6.25928e-03
 53    3 3.04097e-02
 53    5 5.57530e-02
 53    7 7.88802e-02
 53    9 1.00663e-01
 53   11 1.00497e-01
 53   13 9.42224e-02
 53   15 7.81783e-02
 53   17 7.38145e-02
 53   19 7.59527e-02
 53   21 7.20168e-02
 53   23 6.81509e-02
 53   25 8.16956e-02
 53   27 7.89490e-02
 53   29 8.91582e-02
 53   31 9.40310e-02
 53   33 1.00592e-01
 53   35 1.10992e-01
 53   37 1.15586e-01
 53   39 1.15077e-01
 53   41 1.45177e-01
 53   43 2.25886e-01
 53   45 1.90607e-01
 53   47 2.19073e-01
 53   49 6.04204e-01
 53   51 1.74041e+00
 53   53 2.15145e+01
 53   55 1.71281e+00
 53   57 5.81228e-01
 53   59 2.12821e-01
 53   61 1.94275e-01
 53   63 2.19882e-01
 53   65 1.68640e-01
 53   67 1.43572e-01
 53   69 1.36136e-01
 53   71 1.08686e-01
 53   73 1.06369e-01
 53   75 9.58263e-02
 53   77 1.01591e-01
 53   79 9.74599e-02
 53   81 1.27124e-01
 53   83 7.87771e-02
 53   85 9.14651e-02
 53   87 9.54068e-02
 53   89 9.00016e-02
 53   91 1.01600e-01
 54    2 1.62161e-02
 54    4 3.99142e-02
 54    6 6.16150e-02
 54    8 8.81750e-02
 54   10 9.79782e-02
 54   12 1.05787e-01
 54   14 8.94425e-02
 54   16 7.64440e-02
 54   18 8.18467e-02
 54   20 8.22117e-02
 54   22 7.35691e-02
 54   24 7.69808e-02
 54   26 8.09023e-02
 54   28 8.11263e-02
 54   30 8.10574e-02
 54   32 8.67658e-02
 54   34 8.97444e-02
 54   36 9.95017e-02
 54   38 1.07313e-01
 54   40 1.20111e-01
 54   42 1.52730e-01
 54   44 2.18023e-01
 54   46 1.94028e-01
 54   48 2.28257e-01
 54   50 5.91050e-01
 54   52 1.69511e+00
 54   54 2.11681e+01
 54   56 1.67567e+00
 54   58 5.71626e-01
 54   60 2.21939e-01
 54   62 2.15762e-01
 54   64 2.26662e-01
 54   66 1.57023e-01
 54   68 1.31468e-01
 54   70 1.35108e-01
 54   72 1.12369e-01
 54   74 8.60456e-02
 54   76 9.40990e-02
 54   78 9.48377e-02
 54   80 1.08679e-01
 54   82 9.40990e-02
 54   84 8.56984e-02
 54   86 9.17211e-02
 54   88 9.04520e-02
 54   90 9.96102e-02
 55    1 5.25397e-03
 55    3 2.95200e-02
 55    5 5.10371e-02
 55    7 7.09321e-02
 55    9 8.98213e-02
 55   11 9.65086e-02
 55   13 8.95902e-02
 55   15 8.53303e-02
 55   17 7.84416e-02
 55   19 7.40775e-02
 55   21 7.84929e-02
 55   23 7.63383e-02
 55   25 7.20164e-02
 55   27 7.96539e-02
 55   29 7.67323e-02
 55   31 8.06523e-02
 55   33 8.48897e-02
 55   35 8.29836e-02
 55   37 1.01991e-01
 55   39 1.08115e-01
 55   41 1.11133e-01
 55   43 1.44598e-01
 55   45 2.20483e-01
 55   47 1.91777e-01
 55   49 2.21853e-01
 55   51 5.75038e-01
 55   53 1.65378e+00
 55   55 2.07910e+01
 55   57 1.64503e+00
 55   59 5.64190e-01
 55   61 2.15894e-01
 55   63 2.02734e-01
 55   65 2.20024e-01
 55   67 1.53899e-01
 55   69 1.26996e-01
 55   71 1.43275e-01
 55   73 1.07988e-01
 55   75 8.51460e-02
 55   77 8.90523e-02
 55   79 9.68602e-02
 55   81 1.05346e-01
 55   83 9.47038e-02
 55   85 8.37197e-02
 55   87 9.29613e-02
 55   89 9.21106e-02
 55   91 9.28430e-02
 56    2 1.47815e-02
 56    4 3.64712e-02
 56    6 5.56826e-02
 56    8 7.74010e-02
 56   10 9.12147e-02
 56   12 8.81079e-02
 56   14 8.68292e-02
 56   16 8.21094e-02
 56   18 7.92462e-02
 56   20 8.09718e-02
 56   22 8.93294e-02
 56   24 7.50818e-02
 56   26 8.37270e-02
 56   28 7.98467e-02
 56   30 8.33678e-02
 56   32 7.83341e-02
 56   34 8.45714e-02
 56   36 8.36826e-02
 56   38 9.34999e-02
 56   40 1.12496e-01
 56   42 1.12874e-01
 56   44 1.43262e-01
 56   46 2.13399e-01
 56   48 1.81297e-01
 56   50 2.05615e-01
 56   52 5.61395e-01
 56   54 1.61909e+00
 56   56 2.04165e+01
 56   58 1.61685e+00
 56   60 5.66703e-01
 56   62 2.13400e-01
 56   64 1.93104e-01
 56   66 2.23946e-01
 56   68 1.53872e-01
 56   70 1.25346e-01
 56   72 1.23278e-01
 56   74 1.13249e-01
 56   76 1.09855e-01
 56   78 9.91455e-02
 56   80 9.04658e-02
 56   82 1.01260e-01
 56   84 9.78115e-02
 56   86 8.37265e-02
 56   88 8.29765e-02
 56   90 8.74991e-02
 57    1 4.63867e-03
 57    3 2.17513e-02
 57    5 4.32557e-02
 57    7 6.39947e-02
 57    9 8.79422e-02
 57   11 9.00462e-02
 57   13 8.56466e-02
 57   15 8.28042e-02
 57   17 7.74832e-02
 57   19 7.32811e-02
 57   21 7.64322e-02
 57   23 8.17357e-02
 57   25 8.12781e-02
 57   27 6.99107e-02
 57   29 8.75810e-02
 57   31 7.01829e-02
 57   33 7.99697e-02
 57   35 7.89277e-02
 57   37 7.78177e-02
 57   39 9.32192e-02
 57   41 1.08193e-01
 57   43 1.21581e-01
 57   45 1.37897e-01
 57   47 2.13797e-01
 57   49 1.73314e-01
 57   51 2.06656e-01
 57   53 5.42632e-01
 57   55 1.59062e+00
 57   57 2.01278e+01
 57   59 1.58704e+00
 57   61 5.55359e-01
 57   63 2.11731e-01
 57   65 1.87667e-01
 57   67 2.14933e-01
 57   69 1.51432e-01
 57   71 1.18637e-01
 57   73 1.22205e-01
 57   75 1.14686e-01
 57   77 1.04097e-01
 57   79 9.40464e-02
 57   81 8.98601e-02
 57   83 9.41201e-02
 57   85 9.99875e-02
 57   87 7.79087e-02
 57   89 7.52182e-02
 57   91 9.08291e-02
 58    2 1.29172e-02
 58    4 3.16634e-02
 58    6 5.20745e-02
 58    8 7.54496e-02
 58   10 9.01430e-02
 58   12 9.13687e-02
 58   14 8.38491e-02
 58   16 9.01452e-02
 58   18 7.68573e-02
 58   20 7.81611e-02
 58   22 8.15620e-02
 58   24 8.59185e-02
 58   26 7.98176e-02
 58   28 7.03881e-02
 58   30 7.71348e-02
 58   32 7.53263e-02
 58   34 7.45456e-02
 58   36 8.47170e-02
 58   38 8.42682e-02
 58   40 9.77958e-02
 58   42 1.12892e-01
 58   44 1.14993e-01
 58   46 1.42128e-01
 58   48 1.99583e-01
 58   50 1.79614e-01
 58   52 1.95318e-01
 58   54 5.34424e-01
 58   56 1.56445e+00
 58   58 1.97783e+01
 58   60 1.55563e+00
 58   62 5.45027e-01
 58   64 2.02191e-01
 58   66 1.86517e-01
 58   68 2.11711e-01
 58   70 1.45193e-01
 58   72 1.20909e-01
 58   74 1.15464e-01
 58   76 1.08351e-01
 58   78 1.14030e-01
 58   80 8.53423e-02
 58   82 8.01842e-02
 58   84 8.13781e-02
 58   86 8.44335e-02
 58   88 7.39925e-02
 58   90 9.25769e-02
 59    1 5.06504e-03
 59    3 2.21705e-02
 59    5 4.27046e-02
 59    7 5.91037e-02
 59    9 8.09458e-02
 59   11 8.63755e-02
 59   13 8.06197e-02
 59   15 8.24405e-02
 59   17 8.58054e-02
 59   19 8.81637e-02
 59   21 7.75649e-02
 59   23 7.71938e-02
 59   25 7.63208e-02
 59   27 7.43085e-02
 59   29 6.63540e-02
 59   31 7.83700e-02
 59   33 6.28618e-02
 59   35 7.53757e-02
 59   37 7.57358e-02
 59   39 7.91537e-02
 59   41 1.02541e-01
 59   43 1.03326e-01
 59   45 1.17432e-01
 59   47 1.32965e-01
 59   49 2.04244e-01
 59   51 1.70043e-01
 59   53 1.92376e-01
 59   55 5.28195e-01
 59   57 1.53661e+00
 59   59 1.94697e+01
 59   61 1.52530e+00
 59   63 5.31086e-01
 59   65 1.98925e-01
 59   67 1.85958e-01
 59   69 2.08288e-01
 59   71 1.45910e-01
 59   73 1.20181e-01
 59   75 1.15683e-01
 59   77 1.10221e-01
 59   79 9.37290e-02
 59   81 8.53015e-02
 59   83 8.55484e-02
 59   85 7.87106e-02
 59   87 8.03374e-02
 59   89 7.80493e-02
 59   91 7.94161e-02
 60    2 1.46932e-02
 60    4 3.32360e-02
 60    6 5.11210e-02
 60    8 6.89160e-02
 60   10 8.25720e-02
 60   12 8.05929e-02
 60   14 7.90579e-02
 60   16 7.40542e-02
 60   18 9.16610e-02
 60   20 8.74583e-02
 60   22 7.60215e-02
 60   24 8.11889e-02
 60   26 7.44260e-02
 60   28 6.49114e-02
 60   30 7.76358e-02
 60   32 7.19479e-02
 60   34 7.61774e-02
 60   36 7.35402e-02
 60   38 7.47903e-02
 60   40 8.24945e-02
 60   42 8.71881e-02
 60   44 1.08636e-01
 60   46 1.12463e-01
 60   48 1.40895e-01
 60   50 1.96451e-01
 60   52 1.69623e-01
 60   54 2.01031e-01
 60   56 5.31251e-01
 60   58 1.50716e+00
 60   60 1.91889e+01
 60   62 1.47982e+00
 60   64 5.16283e-01
 60   66 2.07558e-01
 60   68 1.91318e-01
 60   70 2.01004e-01
 60   72 1.46246e-01
 60   74 1.11464e-01
 60   76 1.09565e-01
 60   78 1.12177e-01
 60   80 9.36973e-02
 60   82 7.68724e-02
 60   84 7.23796e-02
 60   86 7.98468e-02
 60   88 8.39051e-02
 60   90 7.42295e-02
 61    1 3.57281e-03
 61    3 1.96281e-02
 61    5 3.70953e-02
 61    7 5.58841e-02
 61    9 7.70124e-02
 61   11 8.69317e-02
 61   13 8.07720e-02
 61   15 7.73682e-02
 61   17 7.72930e-02
 61   19 7.79512e-02
 61   21 7.74466e-02
 61   23 7.35437e-02
 61   25 8.32987e-02
 61   27 6.49624e-02
 61   29 7.05776e-02
 61   31 6.50709e-02
 61   33 7.58663e-02
 61   35 7.02012e-02
 61   37 7.05024e-02
 61   39 8.01319e-02
 61   41 7.19021e-02
 61   43 8.82279e-02
 61   45 1.04473e-01
 61   47 1.05810e-01
 61   49 1.33374e-01
 61   51 1.92020e-01
 61   53 1.70246e-01
 61   55 1.95945e-01
 61   57 5.21286e-01
 61   59 1.47870e+00
 61   61 1.88809e+01
 61   63 1.45602e+00
 61   65 5.08854e-01
 61   67 2.14227e-01
 61   69 1.78688e-01
 61   71 2.00211e-01
 61   73 1.43206e-01
 61   75 1.05401e-01
 61   77 1.09497e-01
 61   79 1.14453e-01
 61   81 8.05230e-02
 61   83 7.39867e-02
 61   85 7.30387e-02
 61   87 8.21606e-02
 61   89 7.89772e-02
 61   91 7.92108e-02
 62    2 1.17282e-02
 62    4 2.70391e-02
 62    6 4.22840e-02
 62    8 6.04456e-02
 62   10 7.82511e-02
 62   12 7.89042e-02
 62   14 7.88963e-02
 62   16 7.60082e-02
 62   18 7.23198e-02
 62   20 7.44076e-02
 62   22 6.79954e-02
 62   24 6.79252e-02
 62   26 7.31564e-02
 62   28 6.79884e-02
 62   30 5.94995e-02
 62   32 7.05529e-02
 62   34 6.85692e-02
 62   36 8.10021e-02
 62   38 7.35499e-02
 62   40 8.58305e-02
 62   42 8.36299e-02
 62   44 9.47622e-02
 62   46 1.14796e-01
 62   48 1.15171e-01
 62   50 1.39502e-01
 62   52 1.85872e-01
 62   54 1.89579e-01
 62   56 1.94056e-01
 62   58 5.12224e-01
 62   60 1.43548e+00
 62   62 1.86186e+01
 62   64 1.42798e+00
 62   66 4.99610e-01
 62   68 2.05342e-01
 62   70 1.68473e-01
 62   72 2.03385e-01
 62   74 1.45333e-01
 62   76 1.08500e-01
 62   78 1.11448e-01
 62   80 1.03589e-01
 62   82 7.65992e-02
 62   84 7.83663e-02
 62   86 7.76405e-02
 62   88 8.28910e-02
 62   90 7.70575e-02
 63    1 4.35921e-03
 63    3 1.93473e-02
 63    5 3.60094e-02
 63    7 5.31365e-02
 63    9 6.78849e-02
 63   11 6.81045e-02
 63   13 7.29456e-02
 63   15 7.68314e-02
 63   17 7.05037e-02
 63   19 7.65388e-02
 63   21 7.31643e-02
 63   23 6.72575e-02
 63   25 6.11686e-02
 63   27 6.80895e-02
 63   29 6.52151e-02
 63   31 6.53435e-02
 63   33 6.43114e-02
 63   35 6.79377e-02
 63   37 7.49351e-02
 63   39 7.20086e-02
 63   41 8.01392e-02
 63   43 7.75279e-02
 63   45 9.42983e-02
 63   47 1.09083e-01
 63   49 1.08745e-01
 63   51 1.32368e-01
 63   53 1.87022e-01
 63   55 1.78592e-01
 63   57 1.92898e-01
 63   59 4.99725e-01
 63   61 1.41321e+00
 63   63 1.83877e+01
 63   65 1.39826e+00
 63   67 4.89415e-01
 63   69 2.00154e-01
 63   71 1.72503e-01
 63   73 2.02548e-01
 63   75 1.35387e-01
 63   77 1.05200e-01
 63   79 1.11208e-01
 63   81 1.12674e-01
 63   83 7.39206e-02
 63   85 7.32351e-02
 63   87 7.40356e-02
 63   89 8.08265e-02
 63   91 8.02254e-02
 64    2 1.25049e-02
 64    4 2.82676e-02
 64    6 4.23611e-02
 64    8 5.88355e-02
 64   10 6.53596e-02
 64   12 6.68889e-02
 64   14 7.31524e-02
 64   16 7.74802e-02
 64   18 7.07265e-02
 64   20 7.01145e-02
 64   22 6.78566e-02
 64   24 5.80340e-02
 64   26 5.84842e-02
 64   28 6.37991e-02
 64   30 6.98404e-02
 64   32 6.94216e-02
 64   34 6.44343e-02
 64   36 6.45758e-02
 64   38 7.37773e-02
 64   40 8.01902e-02
 64   42 8.72521e-02
 64   44 9.06201e-02
 64   46 9.83539e-02
 64   48 1.09913e-01
 64   50 1.10402e-01
 64   52 1.47925e-01
 64   54 1.93412e-01
 64   56 1.70534e-01
 64   58 1.84540e-01
 64   60 4.86365e-01
 64   62 1.38679e+00
 64   64 1.81301e+01
 64   66 1.37169e+00
 64   68 4.82695e-01
 64   70 1.98547e-01
 64   72 1.64084e-01
 64   74 1.86956e-01
 64   76 1.38746e-01
 64   78 9.90550e-02
 64   80 1.07764e-01
 64   82 9.35049e-02
 64   84 8.08251e-02
 64   86 7.98655e-02
 64   88 8.72307e-02
 64   90 9.00656e-02
 65    1 3.29702e-03
 65    3 1.78111e-02
 65    5 3.04827e-02
 65    7 4.59526e-02
 65    9 6.21782e-02
 65   11 6.47440e-02
 65   13 6.33371e-02
 65   15 6.96819e-02
 65   17 6.95924e-02
 65   19 6.42255e-02
 65   21 6.83608e-02
 65   23 6.72549e-02
 65   25 5.66348e-02
 65   27 6.03606e-02
 65   29 6.53647e-02
 65   31 6.19217e-02
 65   33 6.92462e-02
 65   35 6.48676e-02
 65   37 7.16119e-02
 65   39 7.25312e-02
 65   41 7.90764e-02
 65   43 8.61271e-02
 65   45 7.91750e-02
 65   47 1.08572e-01
 65   49 1.07329e-01
 65   51 1.15153e-01
 65   53 1.39376e-01
 65   55 1.88335e-01
 65   57 1.66134e-01
 65   59 1.81879e-01
 65   61 4.79912e-01
 65   63 1.35867e+00
 65   65 1.78787e+01
 65   67 1.34082e+00
 65   69 4.76887e-01
 65   71 1.96666e-01
 65   73 1.53299e-01
 65   75 1.91562e-01
 65   77 1.32060e-01
 65   79 9.92105e-02
 65   81 1.00849e-01
 65   83 9.69399e-02
 65   85 7.65841e-02
 65   87 7.86529e-02
 65   89 9.36230e-02
 65   91 7.93789e-02
 66    2 1.14074e-02
 66    4 2.71321e-02
 66    6 4.34807e-02
 66    8 5.67735e-02
 66   10 7.06380e-02
 66   12 6.48429e-02
 66   14 6.27353e-02
 66   16 6.85906e-02
 66   18 6.31542e-02
 66   20 5.82832e-02
 66   22 6.27535e-02
 66   24 6.07344e-02
 66   26 5.72073e-02
 66   28 6.34675e-02
 66   30 5.02372e-02
 66   32 5.60130e-02
 66   34 5.58341e-02
 66   36 7.14128e-02
 66   38 7.11586e-02
 66   40 7.45398e-02
 66   42 7.78412e-02
 66   44 7.87819e-02
 66   46 8.89234e-02
 66   48 1.03342e-01
 66   50 1.18691e-01
 66   52 1.13386e-01
 66   54 1.30265e-01
 66   56 1.92275e-01
 66   58 1.65504e-01
 66   60 1.90096e-01
 66   62 4.71714e-01
 66   64 1.33357e+00
 66   66 1.76147e+01
 66   68 1.32148e+00
 66   70 4.77089e-01
 66   72 1.92879e-01
 66   74 1.55907e-01
 66   76 1.70899e-01
 66   78 1.26497e-01
 66   80 9.37103e-02
 66   82 1.14330e-01
 66   84 9.58126e-02
 66   86 7.80401e-02
 66   88 9.50180e-02
 66   90 9.21493e-02
 67    1 3.78290e-03
 67    3 1.79959e-02
 67    5 3.50037e-02
 67    7 4.62219e-02
 67    9 6.47313e-02
 67   11 6.60381e-02
 67   13 6.25161e-02
 67   15 6.41184e-02
 67   17 6.74029e-02
 67   19 6.14805e-02
 67   21 5.53178e-02
 67   23 6.11691e-02
 67   25 6.07621e-02
 67   27 5.58521e-02
 67   29 5.67517e-02
 67   31 5.58015e-02
 67   33 4.89920e-02
 67   35 5.99230e-02
 67   37 6.12351e-02
 67   39 7.26210e-02
 67   41 6.80052e-02
 67   43 7.49441e-02
 67   45 7.76142e-02
 67   47 7.89460e-02
 67   49 1.02733e-01
 67   51 1.14758e-01
 67   53 1.15421e-01
 67   55 1.28140e-01
 67   57 1.85081e-01
 67   59 1.65384e-01
 67   61 1.96530e-01
 67   63 4.62584e-01
 67   65 1.30424e+00
 67   67 1.73861e+01
 67   69 1.29524e+00
 67   71 4.65987e-01
 67   73 1.89026e-01
 67   75 1.54902e-01
 67   77 1.76603e-01
 67   79 1.23999e-01
 67   81 9.10124e-02
 67   83 1.08368e-01
 67   85 9.78289e-02
 67   87 7.70557e-02
 67   89 8.61736e-02
 67   91 8.62507e-02
 68    2 1.21271e-02
 68    4 3.02133e-02
 68    6 4.43370e-02
 68    8 5.85199e-02
 68   10 6.89185e-02
 68   12 6.98694e-02
 68   14 6.95961e-02
 68   16 7.20522e-02
 68   18 6.52405e-02
 68   20 6.04885e-02
 68   22 5.46843e-02
 68   24 5.27614e-02
 68   26 5.12363e-02
 68   28 4.91834e-02
 68   30 5.28799e-02
 68   32 5.39606e-02
 68   34 5.67591e-02
 68   36 5.95685e-02
 68   38 6.44042e-02
 68   40 6.60745e-02
 68   42 7.74970e-02
 68   44 7.19516e-02
 68   46 7.95433e-02
 68   48 8.46720e-02
 68   50 1.07757e-01
 68   52 1.05719e-01
 68   54 1.06143e-01
 68   56 1.28572e-01
 68   58 1.82827e-01
 68   60 1.70529e-01
 68   62 1.88683e-01
 68   64 4.56709e-01
 68   66 1.28607e+00
 68   68 1.71505e+01
 68   70 1.28445e+00
 68   72 4.66157e-01
 68   74 1.83915e-01
 68   76 1.44090e-01
 68   78 1.72587e-01
 68   80 1.25126e-01
 68   82 9.97966e-02
 68   84 9.04834e-02
 68   86 8.64905e-02
 68   88 8.40061e-02
 68   90 8.21834e-02
 69    1 3.94428e-03
 69    3 1.71998e-02
 69    5 3.30253e-02
 69    7 5.17619e-02
 69    9 6.63267e-02
 69   11 6.62844e-02
 69   13 6.10033e-02
 69   15 6.10056e-02
 69   17 6.41359e-02
 69   19 6.70742e-02
 69   21 5.75602e-02
 69   23 5.16802e-02
 69   25 4.84207e-02
 69   27 4.74478e-02
 69   29 4.89979e-02
 69   31 5.02334e-02
 69   33 5.43024e-02
 69   35 5.20659e-02
 69   37 6.49191e-02
 69   39 6.39794e-02
 69   41 6.93971e-02
 69   43 7.18706e-02
 69   45 8.07255e-02
 69   47 7.86500e-02
 69   49 8.10536e-02
 69   51 1.03273e-01
 69   53 1.06564e-01
 69   55 1.02958e-01
 69   57 1.26969e-01
 69   59 1.80371e-01
 69   61 1.59615e-01
 69   63 1.84204e-01
 69   65 4.51672e-01
 69   67 1.26116e+00
 69   69 1.69175e+01
 69   71 1.25661e+00
 69   73 4.58796e-01
 69   75 1.88009e-01
 69   77 1.42602e-01
 69   79 1.62149e-01
 69   81 1.19678e-01
 69   83 1.03584e-01
 69   85 9.24883e-02
 69   87 8.48446e-02
 69   89 8.51489e-02
 69   91 8.51589e-02
 70    2 1.16325e-02
 70    4 2.40703e-02
 70    6 4.20581e-02
 70    8 6.00565e-02
 70   10 7.24259e-02
 70   12 6.15522e-02
 70   14 6.35530e-02
 70   16 5.56164e-02
 70   18 6.38613e-02
 70   20 6.35039e-02
 70   22 6.12244e-02
 70   24 5.95335e-02
 70   26 6.07677e-02
 70   28 6.07399e-02
 70   30 4.78517e-02
 70   32 6.57335e-02
 70   34 6.25845e-02
 70   36 6.22692e-02
 70   38 5.96455e-02
 70   40 6.15782e-02
 70   42 6.79303e-02
 70   44 6.80510e-02
 70   46 7.29708e-02
 70   48 7.67046e-02
 70   50 7.57437e-02
 70   52 8.43263e-02
 70   54 1.06263e-01
 70   56 1.02029e-01
 70   58 1.22144e-01
 70   60 1.74533e-01
 70   62 1.50805e-01
 70   64 1.83004e-01
 70   66 4.52310e-01
 70   68 1.25126e+00
 70   70 1.67165e+01
 70   72 1.23822e+00
 70   74 4.38900e-01
 70   76 1.81217e-01
 70   78 1.38088e-01
 70   80 1.65730e-01
 70   82 1.18592e-01
 70   84 9.94363e-02
 70   86 9.04916e-02
 70   88 9.55321e-02
 70   90 8.12355e-02
 71    1 3.20515e-03
 71    3 1.68402e-02
 71    5 3.23002e-02
 71    7 5.05953e-02
 71    9 7.06658e-02
 71   11 6.79470e-02
 71   13 5.82995e-02
 71   15 6.17966e-02
 71   17 4.92490e-02
 71   19 5.20039e-02
 71   21 6.06779e-02
 71   23 5.81220e-02
 71   25 6.10746e-02
 71   27 6.21534e-02
 71   29 5.58245e-02
 71   31 5.12147e-02
 71   33 5.55513e-02
 71   35 6.19694e-02
 71   37 6.46347e-02
 71   39 5.59307e-02
 71   41 6.16025e-02
 71   43 6.89787e-02
 71   45 6.72363e-02
 71   47 7.60437e-02
 71   49 7.54083e-02
 71   51 7.37727e-02
 71   53 8.29169e-02
 71   55 1.13208e-01
 71   57 9.69464e-02
 71   59 1.23146e-01
 71   61 1.74300e-01
 71   63 1.54727e-01
 71   65 1.81539e-01
 71   67 4.42210e-01
 71   69 1.22471e+00
 71   71 1.65196e+01
 71   73 1.21328e+00
 71   75 4.29125e-01
 71   77 1.82426e-01
 71   79 1.33169e-01
 71   81 1.56442e-01
 71   83 1.14549e-01
 71   85 9.37657e-02
 71   87 8.65624e-02
 71   89 9.03726e-02
 71   91 8.02973e-02
 72    2 1.08823e-02
 72    4 2.36164e-02
 72    6 4.03292e-02
 72    8 5.44348e-02
 72   10 6.10461e-02
 72   12 5.89986e-02
 72   14 5.63928e-02
 72   16 5.71793e-02
 72   18 5.46924e-02
 72   20 5.52838e-02
 72   22 5.11259e-02
 72   24 5.70766e-02
 72   26 4.24980e-02
 72   28 5.53563e-02
 72   30 6.04565e-02
 72   32 6.59077e-02
 72   34 6.38824e-02
 72   36 5.04942e-02
 72   38 6.25822e-02
 72   40 5.96438e-02
 72   42 7.15009e-02
 72   44 7.31747e-02
 72   46 7.33389e-02
 72   48 7.40022e-02
 72   50 6.80909e-02
 72   52 8.57996e-02
 72   54 8.61748e-02
 72   56 9.78443e-02
 72   58 9.91786e-02
 72   60 1.23819e-01
 72   62 1.77515e-01
 72   64 1.47468e-01
 72   66 1.78302e-01
 72   68 4.42788e-01
 72   70 1.20734e+00
 72   72 1.63244e+01
 72   74 1.18069e+00
 72   76 4.32920e-01
 72   78 1.77213e-01
 72   80 1.32833e-01
 72   82 1.55279e-01
 72   84 1.26078e-01
 72   86 9.85484e-02
 72   88 1.00017e-01
 72   90 9.71052e-02
 73    1 3.16497e-03
 73    3 1.64791e-02
 73    5 3.25544e-02
 73    7 4.45484e-02
 73    9 6.05473e-02
 73   11 5.68608e-02
 73   13 5.07867e-02
 73   15 5.52100e-02
 73   17 5.38436e-02
 73   19 5.51748e-02
 73   21 5.53674e-02
 73   23 5.20192e-02
 73   25 4.48493e-02
 73   27 5.09166e-02
 73   29 5.08210e-02
 73   31 6.58561e-02
 73   33 6.46666e-02
 73   35 5.84384e-02
 73   37 5.09842e-02
 73   39 6.15501e-02
 73   41 6.49530e-02
 73   43 6.63401e-02
 73   45 7.03324e-02
 73   47 7.04502e-02
 73   49 7.59667e-02
 73   51 6.97538e-02
 73   53 7.91614e-02
 73   55 8.32347e-02
 73   57 9.74156e-02
 73   59 9.89456e-02
 73   61 1.21618e-01
 73   63 1.77224e-01
 73   65 1.38041e-01
 73   67 1.74986e-01
 73   69 4.36194e-01
 73   71 1.18355e+00
 73   73 1.61278e+01
 73   75 1.16303e+00
 73   77 4.18597e-01
 73   79 1.79629e-01
 73   81 1.27608e-01
 73   83 1.55109e-01
 73   85 1.18919e-01
 73   87 1.00640e-01
 73   89 1.01260e-01
 73   91 8.22831e-02
 74    2 8.36467e-03
 74    4 2.29473e-02
 74    6 3.84840e-02
 74    8 5.37882e-02
 74   10 6.16971e-02
 74   12 5.46341e-02
 74   14 5.18837e-02
 74   16 5.23153e-02
 74   18 5.22699e-02
 74   20 5.85803e-02
 74   22 6.03359e-02
 74   24 7.00541e-02
 74   26 7.52998e-02
 74   28 6.68444e-02
 74   30 6.20147e-02
 74   32 5.86993e-02
 74   34 5.35191e-02
 74   36 5.29535e-02
 74   38 6.21014e-02
 74   40 5.92459e-02
 74   42 5.93867e-02
 74   44 5.90879e-02
 74   46 6.40438e-02
 74   48 6.54888e-02
 74   50 6.53668e-02
 74   52 6.73956e-02
 74   54 6.43988e-02
 74   56 8.77201e-02
 74   58 9.24321e-02
 74   60 9.20992e-02
 74   62 1.23793e-01
 74   64 1.63978e-01
 74   66 1.40653e-01
 74   68 1.70488e-01
 74   70 4.17651e-01
 74   72 1.15226e+00
 74   74 1.59621e+01
 74   76 1.12778e+00
 74   78 4.07210e-01
 74   80 1.73293e-01
 74   82 1.53474e-01
 74   84 1.57566e-01
 74   86 1.29871e-01
 74   88 1.28826e-01
 74   90 9.39689e-02
 75    1 3.78530e-03
 75    3 1.70509e-02
 75    5 2.89443e-02
 75    7 4.61386e-02
 75    9 5.58899e-02
 75   11 5.52381e-02
 75   13 5.31631e-02
 75   15 5.53203e-02
 75   17 4.84376e-02
 75   19 5.54446e-02
 75   21 5.28291e-02
 75   23 6.12001e-02
 75   25 6.80123e-02
 75   27 6.86491e-02
 75   29 6.71833e-02
 75   31 5.34687e-02
 75   33 6.23394e-02
 75   35 4.95295e-02
 75   37 5.16037e-02
 75   39 5.83277e-02
 75   41 5.75178e-02
 75   43 6.13085e-02
 75   45 5.98394e-02
 75   47 6.14502e-02
 75   49 6.10646e-02
 75   51 6.65836e-02
 75   53 6.96276e-02
 75   55 6.40759e-02
 75   57 8.92582e-02
 75   59 9.29886e-02
 75   61 8.73939e-02
 75   63 1.15657e-01
 75   65 1.68413e-01
 75   67 1.40004e-01
 75   69 1.74518e-01
 75   71 4.08705e-01
 75   73 1.13551e+00
 75   75 1.57515e+01
 75   77 1.11404e+00
 75   79 3.98940e-01
 75   81 1.69393e-01
 75   83 1.41116e-01
 75   85 1.56728e-01
 75   87 1.26024e-01
 75   89 1.12264e-01
 75   91 1.00582e-01
 76    2 8.84895e-03
 76    4 1.93058e-02
 76    6 3.04872e-02
 76    8 4.01449e-02
 76   10 4.58209e-02
 76   12 4.40693e-02
 76   14 4.54124e-02
 76   16 4.29516e-02
 76   18 4.80660e-02
 76   20 5.02491e-02
 76   22 5.31435e-02
 76   24 4.93500e-02
 76   26 4.81678e-02
 76   28 5.08187e-02
 76   30 6.05906e-02
 76   32 6.41968e-02
 76   34 6.66123e-02
 76   36 6.71262e-02
 76   38 5.92571e-02
 76   40 5.98616e-02
 76   42 6.73601e-02
 76   44 7.10216e-02
 76   46 7.37211e-02
 76   48 6.66352e-02
 76   50 7.06025e-02
 76   52 7.17326e-02
 76   54 6.87882e-02
 76   56 8.31124e-02
 76   58 8.47207e-02
 76   60 8.84240e-02
 76   62 9.02702e-02
 76   64 1.18862e-01
 76   66 1.50593e-01
 76   68 1.30464e-01
 76   70 1.68432e-01
 76   72 4.12670e-01
 76   74 1.10155e+00
 76   76 1.55920e+01
 76   78 1.08261e+00
 76   80 3.98250e-01
 76   82 2.08366e-01
 76   84 1.59331e-01
 76   86 1.52511e-01
 76   88 1.36532e-01
 76   90 1.24172e-01
 77    1 3.43638e-03
 77    3 1.46515e-02
 77    5 2.32256e-02
 77    7 3.22339e-02
 77    9 4.15621e-02
 77   11 4.11322e-02
 77   13 4.26918e-02
 77   15 4.60466e-02
 77   17 4.28439e-02
 77   19 4.29663e-02
 77   21 4.82039e-02
 77   23 4.63097e-02
 77   25 4.78285e-02
 77   27 4.53443e-02
 77   29 5.02098e-02
 77   31 5.71839e-02
 77   33 6.03875e-02
 77   35 6.62793e-02
 77   37 6.71433e-02
 77   39 6.14099e-02
 77   41 5.66064e-02
 77   43 6.07464e-02
 77   45 6.59711e-02
 77   47 7.23740e-02
 77   49 6.60176e-02
 77   51 7.05829e-02
 77   53 7.21291e-02
 77   55 6.54835e-02
 77   57 7.91649e-02
 77   59 8.65733e-02
 77   61 8.87148e-02
 77   63 8.78143e-02
 77   65 1.13448e-01
 77   67 1.55968e-01
 77   69 1.29343e-01
 77   71 1.69773e-01
 77   73 3.99349e-01
 77   75 1.08858e+00
 77   77 1.54146e+01
 77   79 1.06642e+00
 77   81 3.94122e-01
 77   83 2.08729e-01
 77   85 1.53772e-01
 77   87 1.49744e-01
 77   89 1.48276e-01
 77   91 1.14664e-01
 78    2 9.83800e-03
 78    4 2.20782e-02
 78    6 3.21900e-02
 78    8 4.27095e-02
 78   10 4.78082e-02
 78   12 4.63430e-02
 78   14 4.91443e-02
 78   16 5.14078e-02
 78   18 4.93599e-02
 78   20 4.80134e-02
 78   22 5.39381e-02
 78   24 6.41672e-02
 78   26 7.03873e-02
 78   28 7.20404e-02
 78   30 5.78389e-02
 78   32 5.16168e-02
 78   34 4.81254e-02
 78   36 5.61277e-02
 78   38 5.66377e-02
 78   40 6.79439e-02
 78   42 6.20223e-02
 78   44 6.14239e-02
 78   46 6.01286e-02
 78   48 7.34323e-02
 78   50 6.97957e-02
 78   52 6.70412e-02
 78   54 6.77702e-02
 78   56 7.33240e-02
 78   58 8.71572e-02
 78   60 8.84979e-02
 78   62 9.06391e-02
 78   64 8.29527e-02
 78   66 1.08962e-01
 78   68 1.52755e-01
 78   70 1.25462e-01
 78   72 1.65128e-01
 78   74 3.88801e-01
 78   76 1.05828e+00
 78   78 1.52267e+01
 78   80 1.05021e+00
 78   82 4.09711e-01
 78   84 2.05821e-01
 78   86 1.41375e-01
 78   88 1.63822e-01
 78   90 1.08143e-01
 79    1 3.43265e-03
 79    3 1.63837e-02
 79    5 2.71629e-02
 79    7 3.82476e-02
 79    9 4.44570e-02
 79   11 4.14928e-02
 79   13 3.96676e-02
 79   15 4.84929e-02
 79   17 5.36873e-02
 79   19 5.03827e-02
 79   21 5.06892e-02
 79   23 5.41000e-02
 79   25 5.93868e-02
 79   27 6.76794e-02
 79   29 6.89621e-02
 79   31 5.65610e-02
 79   33 5.57627e-02
 79   35 4.99351e-02
 79   37 5.59452e-02
 79   39 5.86594e-02
 79   41 5.39838e-02
 79   43 6.90862e-02
 79   45 5.86371e-02
 79   47 6.31478e-02
 79   49 6.67888e-02
 79   51 6.99216e-02
 79   53 6.76670e-02
 79   55 6.96513e-02
 79   57 6.99413e-02
 79   59 7.19928e-02
 79   61 9.06811e-02
 79   63 9.07791e-02
 79   65 8.33450e-02
 79   67 1.07091e-01
 79   69 1.43823e-01
 79   71 1.21194e-01
 79   73 1.67583e-01
 79   75 3.81208e-01
 79   77 1.04286e+00
 79   79 1.50710e+01
 79   81 1.02500e+00
 79   83 4.05930e-01
 79   85 2.03328e-01
 79   87 1.42223e-01
 79   89 1.57500e-01
 79   91 1.07187e-01
 80    2 7.00328e-03
 80    4 1.50013e-02
 80    6 2.70836e-02
 80    8 3.46068e-02
 80   10 4.24373e-02
 80   12 3.50499e-02
 80   14 3.67652e-02
 80   16 3.16711e-02
 80   18 3.87496e-02
 80   20 4.14229e-02
 80   22 4.21452e-02
 80   24 4.24398e-02
 80   26 4.72044e-02
 80   28 5.70599e-02
 80   30 6.94691e-02
 80   32 7.50138e-02
 80   34 7.02288e-02
 80   36 6.76389e-02
 80   38 7.49137e-02
 80   40 7.41888e-02
 80   42 8.12575e-02
 80   44 7.20891e-02
 80   46 7.53018e-02
 80   48 6.91845e-02
 80   50 7.15808e-02
 80   52 8.01784e-02
 80   54 7.59739e-02
 80   56 6.54515e-02
 80   58 6.38132e-02
 80   60 7.23133e-02
 80   62 8.24173e-02
 80   64 8.82857e-02
 80   66 7.89666e-02
 80   68 1.08342e-01
 80   70 1.47306e-01
 80   72 1.21085e-01
 80   74 1.61865e-01
 80   76 3.80843e-01
 80   78 1.02740e+00
 80   80 1.48939e+01
 80   82 1.02041e+00
 80   84 3.98312e-01
 80   86 2.08486e-01
 80   88 1.70893e-01
 80   90 1.35029e-01
 81    1 2.40658e-03
 81    3 1.21307e-02
 81    5 2.12038e-02
 81    7 2.99490e-02
 81    9 4.00867e-02
 81   11 3.70885e-02
 81   13 3.91808e-02
 81   15 3.70012e-02
 81   17 3.57677e-02
 81   19 3.73255e-02
 81   21 3.91400e-02
 81   23 3.99800e-02
 81   25 4.60464e-02
 81   27 4.79287e-02
 81   29 5.58881e-02
 81   31 7.16998e-02
 81   33 7.17326e-02
 81   35 7.35679e-02
 81   37 6.61175e-02
 81   39 7.17228e-02
 81   41 7.76813e-02
 81   43 7.30542e-02
 81   45 7.45944e-02
 81   47 7.07687e-02
 81   49 7.11523e-02
 81   51 6.43954e-02
 81   53 8.63780e-02
 81   55 7.41356e-02
 81   57 6.54007e-02
 81   59 6.41203e-02
 81   61 6.24358e-02
 81   63 9.00110e-02
 81   65 8.29121e-02
 81   67 7.69235e-02
 81   69 1.03884e-01
 81   71 1.39334e-01
 81   73 1.16508e-01
 81   75 1.58406e-01
 81   77 3.77182e-01
 81   79 1.00311e+00
 81   81 1.47557e+01
 81   83 1.00132e+00
 81   85 3.92284e-01
 81   87 2.06940e-01
 81   89 1.69194e-01
 81   91 1.28649e-01
 82    2 6.55867e-03
 82    4 1.58337e-02
 82    6 2.36161e-02
 82    8 3.10643e-02
 82   10 3.31599e-02
 82   12 3.21730e-02
 82   14 3.63245e-02
 82   16 4.01890e-02
 82   18 4.44060e-02
 82   20 5.19006e-02
 82   22 5.06732e-02
 82   24 6.02989e-02
 82   26 6.37068e-02
 82   28 5.42110e-02
 82   30 5.13782e-02
 82   32 5.04106e-02
 82   34 4.99509e-02
 82   36 5.33963e-02
 82   38 5.25736e-02
 82   40 5.36592e-02
 82   42 5.39164e-02
 82   44 5.32718e-02
 82   46 5.74864e-02
 82   48 5.63496e-02
 82   50 5.75244e-02
 82   52 5.33204e-02
 82   54 6.44001e-02
 82   56 7.17226e-02
 82   58 5.86971e-02
 82   60 5.80822e-02
 82   62 5.96636e-02
 82   64 7.49950e-02
 82   66 9.43186e-02
 82   68 8.45953e-02
 82   70 1.03194e-01
 82   72 1.38574e-01
 82   74 1.40342e-01
 82   76 1.95074e-01
 82   78 3.92393e-01
 82   80 9.98979e-01
 82   82 1.46208e+01
 82   84 1.00751e+00
 82   86 4.06483e-01
 82   88 2.51275e-01
 82   90 1.79604e-01
 83    1 1.78441e-03
 83    3 9.11629e-03
 83    5 1.92342e-02
 83    7 2.62629e-02
 83    9 3.57041e-02
 83   11 3.37782e-02
 83   13 3.30623e-02
 83   15 3.43518e-02
 83   17 3.84950e-02
 83   19 4.44770e-02
 83   21 5.07528e-02
 83   23 5.07894e-02
 83   25 5.68973e-02
 83   27 6.14360e-02
 83   29 5.34815e-02
 83   31 4.81586e-02
 83   33 5.22252e-02
 83   35 5.00743e-02
 83   37 4.88660e-02
 83   39 5.47715e-02
 83   41 5.07422e-02
 83   43 5.50001e-02
 83   45 5.78560e-02
 83   47 5.05393e-02
 83   49 5.88538e-02
 83   51 5.52224e-02
 83   53 5.24217e-02
 83   55 6.52696e-02
 83   57 6.70864e-02
 83   59 6.29777e-02
 83   61 5.61828e-02
 83   63 5.78328e-02
 83   65 7.80520e-02
 83   67 8.97011e-02
 83   69 8.80579e-02
 83   71 9.99153e-02
 83   73 1.38692e-01
 83   75 1.29238e-01
 83   77 1.95632e-01
 83   79 3.89055e-01
 83   81 9.80640e-01
 83   83 1.44754e+01
 83   85 9.93977e-01
 83   87 3.96326e-01
 83   89 2.50493e-01
 83   91 1.70610e-01
 84    2 7.67452e-03
 84    4 1.93082e-02
 84    6 2.82294e-02
 84    8 3.80106e-02
 84   10 4.33504e-02
 84   12 3.78974e-02
 84   14 4.02330e-02
 84   16 4.47256e-02
 84   18 3.84516e-02
 84   20 3.78785e-02
 84   22 4.16606e-02
 84   24 3.88241e-02
 84   26 4.53899e-02
 84   28 5.49182e-02
 84   30 5.67282e-02
 84   32 5.78011e-02
 84   34 6.39342e-02
 84   36 6.58549e-02
 84   38 6.64694e-02
 84   40 6.04373e-02
 84   42 6.79915e-02
 84   44 6.03010e-02
 84   46 5.20115e-02
 84   48 6.20477e-02
 84   50 6.25003e-02
 84   52 6.11074e-02
 84   54 5.74596e-02
 84   56 6.78727e-02
 84   58 5.83611e-02
 84   60 5.35768e-02
 84   62 5.98003e-02
 84   64 6.35085e-02
 84   66 7.74370e-02
 84   68 7.51429e-02
 84   70 8.47683e-02
 84   72 1.10229e-01
 84   74 1.41158e-01
 84   76 1.46137e-01
 84   78 1.93118e-01
 84   80 3.82026e-01
 84   82 9.87048e-01
 84   84 1.42818e+01
 84   86 9.62770e-01
 84   88 4.23702e-01
 84   90 2.23887e-01
 85    1 1.93000e-03
 85    3 1.21558e-02
 85    5 2.04879e-02
 85    7 3.13336e-02
 85    9 4.07381e-02
 85   11 4.01360e-02
 85   13 3.53565e-02
 85   15 3.75962e-02
 85   17 3.91952e-02
 85   19 3.65890e-02
 85   21 3.45042e-02
 85   23 4.18013e-02
 85   25 4.14684e-02
 85   27 4.67425e-02
 85   29 5.32532e-02
 85   31 5.63886e-02
 85   33 5.68314e-02
 85   35 6.20877e-02
 85   37 6.41649e-02
 85   39 6.32860e-02
 85   41 6.46465e-02
 85   43 6.64439e-02
 85   45 5.55231e-02
 85   47 5.42873e-02
 85   49 6.41476e-02
 85   51 6.30760e-02
 85   53 5.96490e-02
 85   55 5.65469e-02
 85   57 6.98449e-02
 85   59 5.67865e-02
 85   61 5.43551e-02
 85   63 5.61520e-02
 85   65 6.04307e-02
 85   67 7.93596e-02
 85   69 7.70544e-02
 85   71 8.01532e-02
 85   73 1.04208e-01
 85   75 1.40669e-01
 85   77 1.41244e-01
 85   79 1.90982e-01
 85   81 3.76508e-01
 85   83 9.74121e-01
 85   85 1.41443e+01
 85   87 9.48038e-01
 85   89 4.17343e-01
 85   91 2.19602e-01
 86    2 7.01211e-03
 86    4 1.58504e-02
 86    6 2.84807e-02
 86    8 3.97632e-02
 86   10 4.48108e-02
 86   12 4.56388e-02
 86   14 4.82820e-02
 86   16 5.12846e-02
 86   18 5.50932e-02
 86   20 5.13675e-02
 86   22 5.44433e-02
 86   24 5.68966e-02
 86   26 5.53985e-02
 86   28 5.58331e-02
 86   30 5.49505e-02
 86   32 5.44442e-02
 86   34 6.42692e-02
 86   36 5.92679e-02
 86   38 6.22297e-02
 86   40 6.01508e-02
 86   42 5.27640e-02
 86   44 5.39592e-02
 86   46 6.08287e-02
 86   48 5.19603e-02
 86   50 5.34585e-02
 86   52 6.64044e-02
 86   54 6.02895e-02
 86   56 5.69575e-02
 86   58 5.93627e-02
 86   60 5.79430e-02
 86   62 5.80824e-02
 86   64 6.15217e-02
 86   66 6.18339e-02
 86   68 7.04158e-02
 86   70 7.56275e-02
 86   72 8.44673e-02
 86   74 1.14060e-01
 86   76 1.37134e-01
 86   78 1.30044e-01
 86   80 1.96033e-01
 86   82 3.90403e-01
 86   84 9.43856e-01
 86   86 1.42554e+01
 86   88 1.00365e+00
 86   90 3.88754e-01
 87    1 2.88713e-03
 87    3 1.14065e-02
 87    5 2.22105e-02
 87    7 3.20308e-02
 87    9 4.32303e-02
 87   11 4.15705e-02
 87   13 4.48818e-02
 87   15 4.38747e-02
 87   17 4.99062e-02
 87   19 5.30739e-02
 87   21 5.27057e-02
 87   23 5.62560e-02
 87   25 5.94524e-02
 87   27 4.93065e-02
 87   29 5.62616e-02
 87   31 4.77194e-02
 87   33 5.91911e-02
 87   35 6.05981e-02
 87   37 5.82789e-02
 87   39 6.06935e-02
 87   41 5.97611e-02
 87   43 5.02269e-02
 87   45 5.09278e-02
 87   47 6.08190e-02
 87   49 4.95732e-02
 87   51 5.28303e-02
 87   53 6.10173e-02
 87   55 6.15757e-02
 87   57 5.33704e-02
 87   59 5.68402e-02
 87   61 5.99621e-02
 87   63 5.56689e-02
 87   65 6.08639e-02
 87   67 6.13003e-02
 87   69 6.93204e-02
 87   71 7.25658e-02
 87   73 8.64858e-02
 87   75 1.10925e-01
 87   77 1.34887e-01
 87   79 1.31007e-01
 87   81 1.94779e-01
 87   83 3.80904e-01
 87   85 9.29719e-01
 87   87 1.41312e+01
 87   89 9.83171e-01
 87   91 3.85055e-01
 88    2 6.72620e-03
 88    4 1.46398e-02
 88    6 2.41596e-02
 88    8 3.46465e-02
 88   10 3.65408e-02
 88   12 3.82043e-02
 88   14 3.60230e-02
 88   16 3.62239e-02
 88   18 3.53979e-02
 88   20 3.65326e-02
 88   22 3.64185e-02
 88   24 3.97900e-02
 88   26 4.00813e-02
 88   28 4.54325e-02
 88   30 4.56439e-02
 88   32 4.42578e-02
 88   34 4.87024e-02
 88   36 4.68290e-02
 88   38 5.00297e-02
 88   40 5.17565e-02
 88   42 4.79454e-02
 88   44 5.11879e-02
 88   46 4.76230e-02
 88   48 4.96254e-02
 88   50 5.00497e-02
 88   52 5.95550e-02
 88   54 5.83253e-02
 88   56 5.53745e-02
 88   58 5.10333e-02
 88   60 5.97308e-02
 88   62 6.08317e-02
 88   64 6.59181e-02
 88   66 7.38552e-02
 88   68 6.70933e-02
 88   70 7.83227e-02
 88   72 8.40971e-02
 88   74 1.10992e-01
 88   76 1.20432e-01
 88   78 1.47827e-01
 88   80 1.57631e-01
 88   82 2.36748e-01
 88   84 4.07483e-01
 88   86 9.84578e-01
 88   88 1.47154e+01
 88   90 1.05085e+00
 89    1 1.88929e-03
 89    3 1.21091e-02
 89    5 1.98662e-02
 89    7 2.92647e-02
 89    9 3.87864e-02
 89   11 3.64302e-02
 89   13 3.29983e-02
 89   15 3.83057e-02
 89   17 3.39467e-02
 89   19 3.85756e-02
 89   21 3.58042e-02
 89   23 3.88743e-02
 89   25 3.86329e-02
 89   27 4.47697e-02
 89   29 3.88095e-02
 89   31 4.62861e-02
 89   33 4.26940e-02
 89   35 4.27657e-02
 89   37 5.00207e-02
 89   39 4.62378e-02
 89   41 4.95065e-02
 89   43 4.99664e-02
 89   45 4.19648e-02
 89   47 5.17054e-02
 89   49 4.75022e-02
 89   51 4.74502e-02
 89   53 5.64844e-02
 89   55 5.98716e-02
 89   57 5.05641e-02
 89   59 5.41890e-02
 89   61 5.65612e-02
 89   63 5.96389e-02
 89   65 7.10938e-02
 89   67 6.72724e-02
 89   69 6.82685e-02
 89   71 7.43437e-02
 89   73 8.53927e-02
 89   75 9.69662e-02
 89   77 1.31068e-01
 89   79 1.42367e-01
 89   81 1.56275e-01
 89   83 2.36245e-01
 89   85 4.01627e-01
 89   87 9.64792e-01
 89   89 1.45612e+01
 89   91 1.04367e+00
 90    2 5.50131e-03
 90    4 1.52423e-02
 90    6 2.30312e-02
 90    8 3.13439e-02
 90   10 4.02269e-02
 90   12 4.06747e-02
 90   14 5.12980e-02
 90   16 5.68173e-02
 90   18 5.47941e-02
 90   20 5.43702e-02
 90   22 5.51350e-02
 90   24 4.88504e-02
 90   26 4.79150e-02
 90   28 4.69372e-02
 90   30 5.04664e-02
 90   32 5.56033e-02
 90   34 5.55957e-02
 90   36 6.36945e-02
 90   38 5.63225e-02
 90   40 5.09341e-02
 90   42 5.73169e-02
 90   44 5.64199e-02
 90   46 5.33927e-02
 90   48 5.31922e-02
 90   50 5.96172e-02
 90   52 5.67524e-02
 90   54 6.30497e-02
 90   56 5.73190e-02
 90   58 6.26770e-02
 90   60 5.18712e-02
 90   62 5.55108e-02
 90   64 6.68089e-02
 90   66 7.03084e-02
 90   68 6.44306e-02
 90   70 6.53768e-02
 90   72 8.01471e-02
 90   74 7.94720e-02
 90   76 1.07516e-01
 90   78 9.57896e-02
 90   80 1.22261e-01
 90   82 1.66109e-01
 90   84 2.11358e-01
 90   86 3.74353e-01
 90   88 1.03152e+00
 90   90 1.57817e+01
 91    1 1.99208e-03
 91    3 8.49260e-03
 91    5 1.71641e-02
 91    7 2.42797e-02
 91    9 3.48549e-02
 91   11 3.63808e-02
 91   13 4.18517e-02
 91   15 4.41284e-02
 91   17 5.44957e-02
 91   19 5.01002e-02
 91   21 5.87439e-02
 91   23 5.32799e-02
 91   25 4.89378e-02
 91   27 4.35951e-02
 91   29 4.72417e-02
 91   31 4.91668e-02
 91   33 5.53065e-02
 91   35 6.33876e-02
 91   37 5.68386e-02
 91   39 5.79921e-02
 91   41 5.41509e-02
 91   43 5.84579e-02
 91   45 5.93884e-02
 91   47 4.89756e-02
 91   49 5.69288e-02
 91   51 5.70439e-02
 91   53 6.26104e-02
 91   55 5.92562e-02
 91   57 5.99539e-02
 91   59 5.41408e-02
 91   61 5.57025e-02
 91   63 5.81248e-02
 91   65 5.91872e-02
 91   67 6.61147e-02
 91   69 6.70417e-02
 91   71 6.48607e-02
 91   73 6.81342e-02
 91   75 8.53046e-02
 91   77 9.95233e-02
 91   79 9.51358e-02
 91   81 1.16677e-01
 91   83 1.57996e-01
 91   85 2.07511e-01
 91   87 3.71022e-01
 91   89 1.02479e+00
