# 13C+CO2(ji) -> 13C+CO2(jf) molscat cross sections, CS8_JMAX90 approx. (written on 08/08/2023); 
# E=33240.000000 (1/cm) = 4.12123472135219 eV
# ji  jf sigma(ji,jf) (1e-16 cm^2)
  1    1 1.43120e+02
  1    3 1.88169e+01
  1    5 5.68921e+00
  1    7 2.23445e+00
  1    9 1.52940e+00
  1   11 1.79477e+00
  1   13 1.23878e+00
  1   15 1.07406e+00
  1   17 1.12614e+00
  1   19 1.01807e+00
  1   21 7.86873e-01
  1   23 7.31107e-01
  1   25 7.86748e-01
  1   27 6.16777e-01
  1   29 7.94103e-01
  1   31 6.90031e-01
  1   33 6.53559e-01
  1   35 5.39911e-01
  1   37 6.20331e-01
  1   39 4.86776e-01
  1   41 6.05360e-01
  1   43 5.23415e-01
  1   45 6.75267e-01
  1   47 5.82932e-01
  1   49 6.62037e-01
  1   51 6.57136e-01
  1   53 7.29549e-01
  1   55 6.30149e-01
  1   57 5.87152e-01
  1   59 6.16633e-01
  1   61 4.39714e-01
  1   63 4.47624e-01
  1   65 4.00678e-01
  1   67 5.22048e-01
  1   69 4.67490e-01
  1   71 4.83187e-01
  1   73 4.31041e-01
  1   75 5.49186e-01
  1   77 3.38220e-01
  1   79 5.01672e-01
  1   81 5.24183e-01
  1   83 2.90263e-01
  1   85 3.31197e-01
  1   87 3.97176e-01
  1   89 4.08784e-01
  1   91 3.51023e-01
  2    2 1.50507e+02
  2    4 1.38093e+01
  2    6 4.17195e+00
  2    8 1.98545e+00
  2   10 1.68904e+00
  2   12 1.55524e+00
  2   14 1.12511e+00
  2   16 1.11158e+00
  2   18 1.03653e+00
  2   20 9.18637e-01
  2   22 8.33586e-01
  2   24 7.91088e-01
  2   26 7.49333e-01
  2   28 7.21775e-01
  2   30 7.37016e-01
  2   32 6.55772e-01
  2   34 6.35044e-01
  2   36 5.70428e-01
  2   38 5.41213e-01
  2   40 5.38258e-01
  2   42 5.90656e-01
  2   44 6.03158e-01
  2   46 6.81679e-01
  2   48 6.41865e-01
  2   50 7.06140e-01
  2   52 6.61648e-01
  2   54 6.31396e-01
  2   56 5.87276e-01
  2   58 5.32305e-01
  2   60 5.55619e-01
  2   62 4.31187e-01
  2   64 4.41915e-01
  2   66 4.90241e-01
  2   68 5.56066e-01
  2   70 5.43739e-01
  2   72 4.53803e-01
  2   74 3.67607e-01
  2   76 3.29203e-01
  2   78 4.89777e-01
  2   80 4.11889e-01
  2   82 4.10014e-01
  2   84 3.84994e-01
  2   86 4.44341e-01
  2   88 3.84220e-01
  2   90 3.98687e-01
  3    1 3.76365e+00
  3    3 1.50032e+02
  3    5 1.18762e+01
  3    7 3.65040e+00
  3    9 1.99183e+00
  3   11 1.55163e+00
  3   13 1.46915e+00
  3   15 1.20490e+00
  3   17 1.00189e+00
  3   19 1.04530e+00
  3   21 8.42034e-01
  3   23 8.46108e-01
  3   25 7.29617e-01
  3   27 7.88385e-01
  3   29 6.79632e-01
  3   31 7.44156e-01
  3   33 6.15192e-01
  3   35 6.59339e-01
  3   37 5.70219e-01
  3   39 5.49509e-01
  3   41 5.73298e-01
  3   43 5.26419e-01
  3   45 6.77740e-01
  3   47 6.18006e-01
  3   49 6.56796e-01
  3   51 6.50826e-01
  3   53 6.70573e-01
  3   55 6.58577e-01
  3   57 5.46696e-01
  3   59 5.12780e-01
  3   61 4.65116e-01
  3   63 4.33878e-01
  3   65 4.37011e-01
  3   67 4.79826e-01
  3   69 4.59399e-01
  3   71 4.83871e-01
  3   73 4.19323e-01
  3   75 5.10183e-01
  3   77 3.76391e-01
  3   79 4.57614e-01
  3   81 4.46968e-01
  3   83 3.29042e-01
  3   85 3.84238e-01
  3   87 4.12115e-01
  3   89 3.91909e-01
  3   91 3.62206e-01
  4    2 5.91896e+00
  4    4 1.49486e+02
  4    6 1.10065e+01
  4    8 3.56178e+00
  4   10 1.83725e+00
  4   12 1.45523e+00
  4   14 1.41418e+00
  4   16 1.11897e+00
  4   18 9.62607e-01
  4   20 1.01261e+00
  4   22 8.49247e-01
  4   24 8.11382e-01
  4   26 7.73003e-01
  4   28 7.37923e-01
  4   30 6.97642e-01
  4   32 6.73455e-01
  4   34 6.47896e-01
  4   36 5.87695e-01
  4   38 5.66576e-01
  4   40 5.44761e-01
  4   42 5.80095e-01
  4   44 5.81570e-01
  4   46 7.01048e-01
  4   48 6.73820e-01
  4   50 6.87018e-01
  4   52 6.48103e-01
  4   54 6.17078e-01
  4   56 5.73300e-01
  4   58 5.66306e-01
  4   60 5.28331e-01
  4   62 4.45644e-01
  4   64 4.56623e-01
  4   66 4.97457e-01
  4   68 5.51952e-01
  4   70 4.94383e-01
  4   72 4.39896e-01
  4   74 4.38326e-01
  4   76 4.01628e-01
  4   78 4.28812e-01
  4   80 3.77862e-01
  4   82 3.65787e-01
  4   84 4.46616e-01
  4   86 4.26995e-01
  4   88 3.66470e-01
  4   90 4.29215e-01
  5    1 6.32283e-01
  5    3 6.59898e+00
  5    5 1.49446e+02
  5    7 1.06671e+01
  5    9 3.34809e+00
  5   11 1.75690e+00
  5   13 1.46153e+00
  5   15 1.35065e+00
  5   17 1.06194e+00
  5   19 9.71667e-01
  5   21 9.32191e-01
  5   23 8.18749e-01
  5   25 7.58753e-01
  5   27 7.77182e-01
  5   29 7.09331e-01
  5   31 6.93157e-01
  5   33 6.84121e-01
  5   35 6.37863e-01
  5   37 5.68190e-01
  5   39 5.48153e-01
  5   41 6.12290e-01
  5   43 5.49824e-01
  5   45 6.47585e-01
  5   47 6.23171e-01
  5   49 7.02406e-01
  5   51 6.41435e-01
  5   53 6.64253e-01
  5   55 5.98278e-01
  5   57 5.97607e-01
  5   59 5.31423e-01
  5   61 5.04883e-01
  5   63 4.71552e-01
  5   65 4.10175e-01
  5   67 5.00910e-01
  5   69 4.65936e-01
  5   71 4.97461e-01
  5   73 4.36587e-01
  5   75 4.76977e-01
  5   77 3.66250e-01
  5   79 4.48523e-01
  5   81 4.10916e-01
  5   83 3.49966e-01
  5   85 4.06525e-01
  5   87 4.26450e-01
  5   89 3.83069e-01
  5   91 3.74825e-01
  6    2 1.13818e+00
  6    4 7.00563e+00
  6    6 1.49432e+02
  6    8 1.03059e+01
  6   10 3.21627e+00
  6   12 1.73168e+00
  6   14 1.39506e+00
  6   16 1.31644e+00
  6   18 1.04836e+00
  6   20 9.48751e-01
  6   22 9.30326e-01
  6   24 8.05246e-01
  6   26 7.92732e-01
  6   28 7.58478e-01
  6   30 7.03208e-01
  6   32 7.22780e-01
  6   34 6.44011e-01
  6   36 5.96382e-01
  6   38 5.49643e-01
  6   40 5.86848e-01
  6   42 5.84330e-01
  6   44 6.23425e-01
  6   46 6.71778e-01
  6   48 6.45407e-01
  6   50 6.81744e-01
  6   52 6.44203e-01
  6   54 6.06120e-01
  6   56 5.33687e-01
  6   58 5.77765e-01
  6   60 5.49041e-01
  6   62 4.72425e-01
  6   64 4.56193e-01
  6   66 4.96123e-01
  6   68 5.21525e-01
  6   70 5.10482e-01
  6   72 5.06211e-01
  6   74 4.64101e-01
  6   76 3.93949e-01
  6   78 4.50568e-01
  6   80 3.69899e-01
  6   82 3.42430e-01
  6   84 4.28338e-01
  6   86 4.81438e-01
  6   88 3.76253e-01
  6   90 3.95837e-01
  7    1 1.71966e-01
  7    3 1.40460e+00
  7    5 7.38684e+00
  7    7 1.49354e+02
  7    9 1.01106e+01
  7   11 3.15541e+00
  7   13 1.68377e+00
  7   15 1.39587e+00
  7   17 1.28306e+00
  7   19 1.04221e+00
  7   21 9.12872e-01
  7   23 8.98393e-01
  7   25 8.17532e-01
  7   27 7.72349e-01
  7   29 7.21881e-01
  7   31 7.66158e-01
  7   33 6.70074e-01
  7   35 6.48748e-01
  7   37 5.68470e-01
  7   39 6.05315e-01
  7   41 6.02715e-01
  7   43 5.88040e-01
  7   45 6.07999e-01
  7   47 6.25579e-01
  7   49 6.58370e-01
  7   51 6.39552e-01
  7   53 6.80540e-01
  7   55 5.67187e-01
  7   57 5.51084e-01
  7   59 5.32125e-01
  7   61 5.64547e-01
  7   63 4.86927e-01
  7   65 4.25949e-01
  7   67 4.58568e-01
  7   69 4.99199e-01
  7   71 5.15099e-01
  7   73 4.58311e-01
  7   75 4.96566e-01
  7   77 3.85836e-01
  7   79 4.43043e-01
  7   81 3.83609e-01
  7   83 3.32877e-01
  7   85 3.81331e-01
  7   87 4.43696e-01
  7   89 3.86823e-01
  7   91 3.77529e-01
  8    2 3.97342e-01
  8    4 1.66302e+00
  8    6 7.55997e+00
  8    8 1.49376e+02
  8   10 9.92890e+00
  8   12 3.08134e+00
  8   14 1.65142e+00
  8   16 1.34646e+00
  8   18 1.26670e+00
  8   20 1.01666e+00
  8   22 9.02089e-01
  8   24 8.97361e-01
  8   26 8.00824e-01
  8   28 7.57533e-01
  8   30 7.39494e-01
  8   32 7.02216e-01
  8   34 6.78755e-01
  8   36 6.21049e-01
  8   38 6.19124e-01
  8   40 6.10147e-01
  8   42 6.05541e-01
  8   44 6.46829e-01
  8   46 6.74668e-01
  8   48 6.61343e-01
  8   50 6.39974e-01
  8   52 6.41742e-01
  8   54 6.35307e-01
  8   56 5.19844e-01
  8   58 5.79090e-01
  8   60 5.33268e-01
  8   62 5.11534e-01
  8   64 4.54459e-01
  8   66 4.67811e-01
  8   68 5.02405e-01
  8   70 5.06402e-01
  8   72 4.93019e-01
  8   74 5.05045e-01
  8   76 3.99903e-01
  8   78 4.52416e-01
  8   80 3.64418e-01
  8   82 3.15457e-01
  8   84 4.10363e-01
  8   86 4.68986e-01
  8   88 3.99346e-01
  8   90 4.11569e-01
  9    1 9.00409e-02
  9    3 5.86286e-01
  9    5 1.77360e+00
  9    7 7.73440e+00
  9    9 1.49395e+02
  9   11 9.83014e+00
  9   13 3.02709e+00
  9   15 1.60228e+00
  9   17 1.33568e+00
  9   19 1.22537e+00
  9   21 1.00478e+00
  9   23 9.30983e-01
  9   25 8.62915e-01
  9   27 8.01691e-01
  9   29 7.53046e-01
  9   31 6.97206e-01
  9   33 7.31309e-01
  9   35 6.25284e-01
  9   37 6.55674e-01
  9   39 6.07555e-01
  9   41 5.95402e-01
  9   43 6.11072e-01
  9   45 6.13643e-01
  9   47 6.58018e-01
  9   49 6.35895e-01
  9   51 6.21844e-01
  9   53 6.41700e-01
  9   55 5.74992e-01
  9   57 5.52968e-01
  9   59 5.51578e-01
  9   61 5.74993e-01
  9   63 4.92269e-01
  9   65 4.44031e-01
  9   67 4.70398e-01
  9   69 5.18331e-01
  9   71 5.23835e-01
  9   73 4.92978e-01
  9   75 4.79845e-01
  9   77 3.82005e-01
  9   79 4.10717e-01
  9   81 3.88292e-01
  9   83 3.29160e-01
  9   85 3.99620e-01
  9   87 4.23340e-01
  9   89 3.78533e-01
  9   91 4.26559e-01
 10    2 2.66966e-01
 10    4 6.77502e-01
 10    6 1.86336e+00
 10    8 7.84174e+00
 10   10 1.29589e+02
 10   12 9.24759e+00
 10   14 2.74258e+00
 10   16 1.42966e+00
 10   18 1.18805e+00
 10   20 1.09769e+00
 10   22 9.01960e-01
 10   24 8.19275e-01
 10   26 7.62549e-01
 10   28 7.17263e-01
 10   30 6.59902e-01
 10   32 6.32018e-01
 10   34 6.18101e-01
 10   36 5.90972e-01
 10   38 5.96161e-01
 10   40 5.75602e-01
 10   42 5.60967e-01
 10   44 5.85341e-01
 10   46 5.95005e-01
 10   48 5.94625e-01
 10   50 5.55844e-01
 10   52 5.47038e-01
 10   54 5.59010e-01
 10   56 4.99722e-01
 10   58 5.53522e-01
 10   60 5.25748e-01
 10   62 4.96149e-01
 10   64 4.30442e-01
 10   66 4.56673e-01
 10   68 4.96171e-01
 10   70 4.86678e-01
 10   72 4.11508e-01
 10   74 4.97325e-01
 10   76 3.66452e-01
 10   78 4.01551e-01
 10   80 3.49039e-01
 10   82 2.73885e-01
 10   84 3.40388e-01
 10   86 4.17853e-01
 10   88 3.13942e-01
 10   90 4.03477e-01
 11    1 8.55757e-02
 11    3 3.69887e-01
 11    5 7.53755e-01
 11    7 1.95491e+00
 11    9 7.96129e+00
 11   11 1.14630e+02
 11   13 8.72792e+00
 11   15 2.53931e+00
 11   17 1.27797e+00
 11   19 1.04753e+00
 11   21 9.86838e-01
 11   23 8.13302e-01
 11   25 7.04021e-01
 11   27 6.92301e-01
 11   29 6.09034e-01
 11   31 5.68265e-01
 11   33 5.62422e-01
 11   35 5.39437e-01
 11   37 5.38912e-01
 11   39 5.37573e-01
 11   41 5.09340e-01
 11   43 5.35218e-01
 11   45 5.03215e-01
 11   47 5.55320e-01
 11   49 5.00190e-01
 11   51 4.82502e-01
 11   53 4.97748e-01
 11   55 4.87260e-01
 11   57 4.72609e-01
 11   59 4.79729e-01
 11   61 4.98539e-01
 11   63 4.08460e-01
 11   65 3.73754e-01
 11   67 4.05625e-01
 11   69 4.14057e-01
 11   71 4.07872e-01
 11   73 3.87024e-01
 11   75 3.94248e-01
 11   77 3.24491e-01
 11   79 3.23797e-01
 11   81 2.78220e-01
 11   83 2.63239e-01
 11   85 2.76072e-01
 11   87 3.57982e-01
 11   89 2.55491e-01
 11   91 3.37497e-01
 12    2 2.03168e-01
 12    4 4.43520e-01
 12    6 8.29191e-01
 12    8 2.01136e+00
 12   10 7.64308e+00
 12   12 1.02959e+02
 12   14 8.20669e+00
 12   16 2.41585e+00
 12   18 1.19548e+00
 12   20 9.47716e-01
 12   22 9.05055e-01
 12   24 7.43340e-01
 12   26 6.32834e-01
 12   28 6.26436e-01
 12   30 5.64577e-01
 12   32 5.36063e-01
 12   34 5.26950e-01
 12   36 4.86589e-01
 12   38 5.15124e-01
 12   40 5.05675e-01
 12   42 4.89349e-01
 12   44 4.84152e-01
 12   46 4.68713e-01
 12   48 4.53073e-01
 12   50 4.38045e-01
 12   52 4.19133e-01
 12   54 4.63861e-01
 12   56 4.17820e-01
 12   58 4.55928e-01
 12   60 4.24733e-01
 12   62 4.03599e-01
 12   64 3.58247e-01
 12   66 3.59346e-01
 12   68 3.75705e-01
 12   70 3.69471e-01
 12   72 3.45875e-01
 12   74 3.80363e-01
 12   76 2.89746e-01
 12   78 3.40400e-01
 12   80 2.53815e-01
 12   82 2.37026e-01
 12   84 2.25649e-01
 12   86 3.31802e-01
 12   88 2.40471e-01
 12   90 3.24699e-01
 13    1 4.96422e-02
 13    3 2.94349e-01
 13    5 5.26992e-01
 13    7 8.76736e-01
 13    9 2.06045e+00
 13   11 7.33542e+00
 13   13 9.36715e+01
 13   15 7.74002e+00
 13   17 2.30591e+00
 13   19 1.08236e+00
 13   21 8.62911e-01
 13   23 8.39367e-01
 13   25 6.58998e-01
 13   27 5.92025e-01
 13   29 5.68936e-01
 13   31 5.00143e-01
 13   33 4.77733e-01
 13   35 4.70334e-01
 13   37 4.70313e-01
 13   39 4.58416e-01
 13   41 4.76670e-01
 13   43 4.50480e-01
 13   45 4.13548e-01
 13   47 4.13790e-01
 13   49 3.92715e-01
 13   51 3.69714e-01
 13   53 3.69921e-01
 13   55 3.84661e-01
 13   57 3.92732e-01
 13   59 3.84826e-01
 13   61 3.82019e-01
 13   63 3.27180e-01
 13   65 3.11271e-01
 13   67 3.40858e-01
 13   69 3.13099e-01
 13   71 3.44888e-01
 13   73 2.80966e-01
 13   75 3.36213e-01
 13   77 2.51210e-01
 13   79 2.72425e-01
 13   81 2.55631e-01
 13   83 2.15191e-01
 13   85 2.04788e-01
 13   87 2.86859e-01
 13   89 2.10229e-01
 13   91 3.07997e-01
 14    2 1.25277e-01
 14    4 3.67372e-01
 14    6 5.69376e-01
 14    8 9.18816e-01
 14   10 1.93205e+00
 14   12 6.99500e+00
 14   14 8.59428e+01
 14   16 7.28515e+00
 14   18 2.17222e+00
 14   20 1.02684e+00
 14   22 7.97545e-01
 14   24 7.52593e-01
 14   26 6.11688e-01
 14   28 5.37044e-01
 14   30 5.07300e-01
 14   32 4.84629e-01
 14   34 4.43849e-01
 14   36 4.44666e-01
 14   38 4.18038e-01
 14   40 4.28597e-01
 14   42 4.26649e-01
 14   44 4.03817e-01
 14   46 3.55824e-01
 14   48 3.50384e-01
 14   50 3.34026e-01
 14   52 3.37983e-01
 14   54 3.24339e-01
 14   56 3.50652e-01
 14   58 3.72651e-01
 14   60 3.60443e-01
 14   62 3.25493e-01
 14   64 3.10978e-01
 14   66 3.01006e-01
 14   68 3.49096e-01
 14   70 3.11137e-01
 14   72 2.85215e-01
 14   74 2.92747e-01
 14   76 2.61982e-01
 14   78 3.11009e-01
 14   80 2.23883e-01
 14   82 2.52926e-01
 14   84 1.93380e-01
 14   86 2.86905e-01
 14   88 2.00903e-01
 14   90 3.19655e-01
 15    1 3.71282e-02
 15    3 2.08240e-01
 15    5 4.20105e-01
 15    7 6.26973e-01
 15    9 9.40792e-01
 15   11 1.84097e+00
 15   13 6.67667e+00
 15   15 7.94326e+01
 15   17 6.84545e+00
 15   19 2.07143e+00
 15   21 9.65107e-01
 15   23 7.56973e-01
 15   25 7.33617e-01
 15   27 5.38314e-01
 15   29 4.74295e-01
 15   31 4.71232e-01
 15   33 4.30896e-01
 15   35 4.18379e-01
 15   37 4.08193e-01
 15   39 4.07871e-01
 15   41 3.93445e-01
 15   43 3.91388e-01
 15   45 3.70394e-01
 15   47 3.13599e-01
 15   49 2.87717e-01
 15   51 3.08853e-01
 15   53 2.82098e-01
 15   55 2.98143e-01
 15   57 3.17871e-01
 15   59 3.23388e-01
 15   61 3.10255e-01
 15   63 2.90268e-01
 15   65 2.87371e-01
 15   67 2.99187e-01
 15   69 2.89374e-01
 15   71 3.06453e-01
 15   73 2.65241e-01
 15   75 3.12966e-01
 15   77 2.17324e-01
 15   79 2.73314e-01
 15   81 2.17650e-01
 15   83 2.24734e-01
 15   85 1.75725e-01
 15   87 2.46864e-01
 15   89 1.89792e-01
 15   91 2.62059e-01
 16    2 1.07874e-01
 16    4 2.53349e-01
 16    6 4.68279e-01
 16    8 6.52924e-01
 16   10 8.77791e-01
 16   12 1.79468e+00
 16   14 6.34946e+00
 16   16 7.38090e+01
 16   18 6.46519e+00
 16   20 1.97659e+00
 16   22 9.11399e-01
 16   24 6.97861e-01
 16   26 6.79015e-01
 16   28 4.98968e-01
 16   30 4.60050e-01
 16   32 4.50496e-01
 16   34 4.12130e-01
 16   36 4.26090e-01
 16   38 3.97402e-01
 16   40 3.78171e-01
 16   42 3.49557e-01
 16   44 3.29342e-01
 16   46 3.28838e-01
 16   48 2.68406e-01
 16   50 2.61939e-01
 16   52 2.68520e-01
 16   54 2.69700e-01
 16   56 2.73275e-01
 16   58 3.03696e-01
 16   60 2.82206e-01
 16   62 2.73550e-01
 16   64 2.94040e-01
 16   66 2.72831e-01
 16   68 3.24528e-01
 16   70 2.59646e-01
 16   72 2.73264e-01
 16   74 2.47513e-01
 16   76 2.12638e-01
 16   78 2.57979e-01
 16   80 1.75518e-01
 16   82 2.59582e-01
 16   84 2.02888e-01
 16   86 2.59622e-01
 16   88 1.79460e-01
 16   90 2.79319e-01
 17    1 3.42349e-02
 17    3 1.52277e-01
 17    5 2.90481e-01
 17    7 5.06818e-01
 17    9 6.89698e-01
 17   11 8.14806e-01
 17   13 1.74929e+00
 17   15 6.02009e+00
 17   17 6.89611e+01
 17   19 6.12012e+00
 17   21 1.90184e+00
 17   23 8.49385e-01
 17   25 6.69919e-01
 17   27 6.35512e-01
 17   29 4.78691e-01
 17   31 4.38968e-01
 17   33 4.34531e-01
 17   35 4.11694e-01
 17   37 3.69161e-01
 17   39 3.71956e-01
 17   41 3.51630e-01
 17   43 3.07111e-01
 17   45 3.10372e-01
 17   47 2.62642e-01
 17   49 2.61701e-01
 17   51 2.37646e-01
 17   53 2.30878e-01
 17   55 2.51768e-01
 17   57 2.58387e-01
 17   59 2.64445e-01
 17   61 2.75448e-01
 17   63 2.45526e-01
 17   65 2.61379e-01
 17   67 2.54936e-01
 17   69 2.94282e-01
 17   71 2.28904e-01
 17   73 2.33588e-01
 17   75 2.30607e-01
 17   77 1.95043e-01
 17   79 2.53735e-01
 17   81 1.77077e-01
 17   83 2.29406e-01
 17   85 1.79802e-01
 17   87 2.28596e-01
 17   89 1.55554e-01
 17   91 2.66545e-01
 18    2 8.91635e-02
 18    4 1.93188e-01
 18    6 3.30556e-01
 18    8 5.44469e-01
 18   10 6.46584e-01
 18   12 7.87211e-01
 18   14 1.67816e+00
 18   16 5.73076e+00
 18   18 6.47120e+01
 18   20 5.77466e+00
 18   22 1.79642e+00
 18   24 8.07857e-01
 18   26 6.32206e-01
 18   28 6.14553e-01
 18   30 4.69671e-01
 18   32 4.24638e-01
 18   34 4.13206e-01
 18   36 3.94750e-01
 18   38 3.65227e-01
 18   40 3.45408e-01
 18   42 3.05441e-01
 18   44 2.70472e-01
 18   46 2.54205e-01
 18   48 2.45482e-01
 18   50 2.44412e-01
 18   52 2.29733e-01
 18   54 2.47525e-01
 18   56 2.55885e-01
 18   58 2.23349e-01
 18   60 2.79246e-01
 18   62 2.48313e-01
 18   64 2.44972e-01
 18   66 2.27040e-01
 18   68 2.37565e-01
 18   70 2.61559e-01
 18   72 2.38288e-01
 18   74 2.17805e-01
 18   76 2.01470e-01
 18   78 2.29418e-01
 18   80 1.55936e-01
 18   82 2.39853e-01
 18   84 1.70213e-01
 18   86 2.55178e-01
 18   88 1.50807e-01
 18   90 2.40723e-01
 19    1 2.76263e-02
 19    3 1.41817e-01
 19    5 2.37249e-01
 19    7 3.67476e-01
 19    9 5.64801e-01
 19   11 5.96168e-01
 19   13 7.32927e-01
 19   15 1.62608e+00
 19   17 5.46298e+00
 19   19 6.09907e+01
 19   21 5.45969e+00
 19   23 1.71907e+00
 19   25 7.55588e-01
 19   27 5.92247e-01
 19   29 6.02102e-01
 19   31 4.58648e-01
 19   33 3.97935e-01
 19   35 3.80734e-01
 19   37 3.61427e-01
 19   39 3.44292e-01
 19   41 3.26128e-01
 19   43 2.84299e-01
 19   45 2.40154e-01
 19   47 2.46098e-01
 19   49 2.33746e-01
 19   51 2.17209e-01
 19   53 2.09340e-01
 19   55 2.21661e-01
 19   57 2.00752e-01
 19   59 2.59450e-01
 19   61 2.38562e-01
 19   63 2.53809e-01
 19   65 2.27744e-01
 19   67 2.10442e-01
 19   69 2.33638e-01
 19   71 2.03499e-01
 19   73 2.20346e-01
 19   75 2.24357e-01
 19   77 1.86990e-01
 19   79 2.14251e-01
 19   81 1.43105e-01
 19   83 2.27946e-01
 19   85 1.45041e-01
 19   87 2.30656e-01
 19   89 1.57496e-01
 19   91 2.17236e-01
 20    2 7.09794e-02
 20    4 1.82539e-01
 20    6 2.68701e-01
 20    8 3.92515e-01
 20   10 5.36602e-01
 20   12 5.60544e-01
 20   14 7.12549e-01
 20   16 1.57373e+00
 20   18 5.18691e+00
 20   20 5.77812e+01
 20   22 5.19081e+00
 20   24 1.64295e+00
 20   26 7.29998e-01
 20   28 5.58343e-01
 20   30 5.80703e-01
 20   32 4.46865e-01
 20   34 3.91461e-01
 20   36 3.87588e-01
 20   38 3.46127e-01
 20   40 3.24243e-01
 20   42 2.79606e-01
 20   44 2.44197e-01
 20   46 2.39798e-01
 20   48 2.15082e-01
 20   50 2.15326e-01
 20   52 2.04112e-01
 20   54 2.13895e-01
 20   56 2.21545e-01
 20   58 2.18576e-01
 20   60 2.40555e-01
 20   62 2.20525e-01
 20   64 2.05570e-01
 20   66 2.18435e-01
 20   68 1.96315e-01
 20   70 2.37535e-01
 20   72 1.96721e-01
 20   74 2.43326e-01
 20   76 1.73242e-01
 20   78 2.05929e-01
 20   80 1.58854e-01
 20   82 2.08084e-01
 20   84 1.68685e-01
 20   86 2.11173e-01
 20   88 1.50567e-01
 20   90 2.06451e-01
 21    1 1.92871e-02
 21    3 1.03189e-01
 21    5 2.05593e-01
 21    7 2.90738e-01
 21    9 4.18328e-01
 21   11 5.07302e-01
 21   13 5.27804e-01
 21   15 6.84328e-01
 21   17 1.53342e+00
 21   19 4.93157e+00
 21   21 5.48605e+01
 21   23 4.93797e+00
 21   25 1.60189e+00
 21   27 6.95546e-01
 21   29 5.30294e-01
 21   31 5.56210e-01
 21   33 4.23315e-01
 21   35 3.73886e-01
 21   37 3.71788e-01
 21   39 3.26200e-01
 21   41 2.70609e-01
 21   43 2.53231e-01
 21   45 2.48846e-01
 21   47 2.21137e-01
 21   49 2.06865e-01
 21   51 1.86039e-01
 21   53 1.75931e-01
 21   55 1.96615e-01
 21   57 1.93818e-01
 21   59 2.11324e-01
 21   61 2.12258e-01
 21   63 2.28534e-01
 21   65 1.99368e-01
 21   67 1.99279e-01
 21   69 1.87119e-01
 21   71 2.17912e-01
 21   73 1.71119e-01
 21   75 2.25725e-01
 21   77 1.60940e-01
 21   79 2.11542e-01
 21   81 1.35735e-01
 21   83 1.93071e-01
 21   85 1.56765e-01
 21   87 2.13039e-01
 21   89 1.43864e-01
 21   91 2.01654e-01
 22    2 5.84729e-02
 22    4 1.38984e-01
 22    6 2.39204e-01
 22    8 3.16190e-01
 22   10 4.00290e-01
 22   12 4.85985e-01
 22   14 5.02439e-01
 22   16 6.58776e-01
 22   18 1.46490e+00
 22   20 4.71250e+00
 22   22 5.22515e+01
 22   24 4.73066e+00
 22   26 1.52927e+00
 22   28 6.57802e-01
 22   30 5.09353e-01
 22   32 5.38797e-01
 22   34 4.14369e-01
 22   36 3.69775e-01
 22   38 3.59081e-01
 22   40 2.88481e-01
 22   42 2.62321e-01
 22   44 2.49458e-01
 22   46 2.14937e-01
 22   48 2.05055e-01
 22   50 2.07416e-01
 22   52 1.76721e-01
 22   54 1.88129e-01
 22   56 1.98430e-01
 22   58 2.10222e-01
 22   60 2.09928e-01
 22   62 1.79579e-01
 22   64 1.87443e-01
 22   66 2.03911e-01
 22   68 1.83618e-01
 22   70 2.00668e-01
 22   72 1.40572e-01
 22   74 2.58107e-01
 22   76 1.49471e-01
 22   78 2.10979e-01
 22   80 1.46808e-01
 22   82 1.95408e-01
 22   84 1.61812e-01
 22   86 2.12405e-01
 22   88 1.41763e-01
 22   90 1.67987e-01
 23    1 1.63439e-02
 23    3 9.45671e-02
 23    5 1.64690e-01
 23    7 2.60958e-01
 23    9 3.53507e-01
 23   11 3.81316e-01
 23   13 4.68242e-01
 23   15 4.89532e-01
 23   17 6.24604e-01
 23   19 1.41619e+00
 23   21 4.50361e+00
 23   23 4.99156e+01
 23   25 4.50537e+00
 23   27 1.48158e+00
 23   29 6.24553e-01
 23   31 4.95959e-01
 23   33 5.37651e-01
 23   35 3.77396e-01
 23   37 3.55004e-01
 23   39 2.98539e-01
 23   41 2.65521e-01
 23   43 2.41586e-01
 23   45 2.20282e-01
 23   47 2.27595e-01
 23   49 1.86665e-01
 23   51 1.96706e-01
 23   53 1.49728e-01
 23   55 1.74137e-01
 23   57 2.01468e-01
 23   59 2.06696e-01
 23   61 1.77591e-01
 23   63 1.85083e-01
 23   65 1.68973e-01
 23   67 2.02252e-01
 23   69 1.58354e-01
 23   71 1.91138e-01
 23   73 1.37624e-01
 23   75 2.23108e-01
 23   77 1.28256e-01
 23   79 2.05690e-01
 23   81 1.36768e-01
 23   83 1.87768e-01
 23   85 1.49873e-01
 23   87 2.05379e-01
 23   89 1.46222e-01
 23   91 1.68966e-01
 24    2 5.08231e-02
 24    4 1.21615e-01
 24    6 1.89624e-01
 24    8 2.88070e-01
 24   10 3.33004e-01
 24   12 3.65567e-01
 24   14 4.34231e-01
 24   16 4.61988e-01
 24   18 6.03344e-01
 24   20 1.36607e+00
 24   22 4.33265e+00
 24   24 4.77312e+01
 24   26 4.32776e+00
 24   28 1.43716e+00
 24   30 6.14775e-01
 24   32 4.89955e-01
 24   34 4.94044e-01
 24   36 3.68935e-01
 24   38 3.18658e-01
 24   40 2.92605e-01
 24   42 2.56495e-01
 24   44 2.33375e-01
 24   46 1.96044e-01
 24   48 1.95467e-01
 24   50 1.75770e-01
 24   52 1.81600e-01
 24   54 1.61906e-01
 24   56 1.77010e-01
 24   58 2.01961e-01
 24   60 1.98901e-01
 24   62 1.87609e-01
 24   64 1.52018e-01
 24   66 1.72484e-01
 24   68 1.57434e-01
 24   70 1.86087e-01
 24   72 1.57566e-01
 24   74 2.18207e-01
 24   76 1.49594e-01
 24   78 2.12016e-01
 24   80 1.68590e-01
 24   82 1.83695e-01
 24   84 1.28173e-01
 24   86 1.76121e-01
 24   88 1.45754e-01
 24   90 1.58420e-01
 25    1 1.61700e-02
 25    3 7.49736e-02
 25    5 1.40318e-01
 25    7 2.18327e-01
 25    9 3.01248e-01
 25   11 3.03471e-01
 25   13 3.37988e-01
 25   15 4.36183e-01
 25   17 4.52919e-01
 25   19 5.72287e-01
 25   21 1.34321e+00
 25   23 4.14219e+00
 25   25 4.58227e+01
 25   27 4.14757e+00
 25   29 1.38559e+00
 25   31 5.91336e-01
 25   33 4.65962e-01
 25   35 4.74882e-01
 25   37 3.44761e-01
 25   39 2.89452e-01
 25   41 2.85329e-01
 25   43 2.46448e-01
 25   45 2.06788e-01
 25   47 2.14203e-01
 25   49 1.69858e-01
 25   51 1.67004e-01
 25   53 1.62253e-01
 25   55 1.56127e-01
 25   57 1.77319e-01
 25   59 1.76133e-01
 25   61 2.10215e-01
 25   63 1.52060e-01
 25   65 1.64708e-01
 25   67 1.63105e-01
 25   69 1.33625e-01
 25   71 1.73098e-01
 25   73 1.28216e-01
 25   75 2.07191e-01
 25   77 1.42524e-01
 25   79 1.82636e-01
 25   81 1.70863e-01
 25   83 1.73752e-01
 25   85 1.34780e-01
 25   87 1.71951e-01
 25   89 1.40718e-01
 25   91 1.45654e-01
 26    2 4.44163e-02
 26    4 1.06899e-01
 26    6 1.72236e-01
 26    8 2.37191e-01
 26   10 2.85969e-01
 26   12 2.87145e-01
 26   14 3.25628e-01
 26   16 4.14737e-01
 26   18 4.35633e-01
 26   20 5.60017e-01
 26   22 1.29225e+00
 26   24 3.99295e+00
 26   26 4.40377e+01
 26   28 4.00917e+00
 26   30 1.32746e+00
 26   32 5.51765e-01
 26   34 4.38309e-01
 26   36 4.41182e-01
 26   38 3.25135e-01
 26   40 2.87510e-01
 26   42 2.79665e-01
 26   44 2.29688e-01
 26   46 2.00918e-01
 26   48 1.79764e-01
 26   50 1.54128e-01
 26   52 1.65778e-01
 26   54 1.58918e-01
 26   56 1.77012e-01
 26   58 1.75177e-01
 26   60 1.82631e-01
 26   62 1.70229e-01
 26   64 1.71324e-01
 26   66 1.41924e-01
 26   68 1.42072e-01
 26   70 1.36963e-01
 26   72 1.51225e-01
 26   74 1.88963e-01
 26   76 1.67076e-01
 26   78 1.83279e-01
 26   80 1.78740e-01
 26   82 1.62479e-01
 26   84 1.36131e-01
 26   86 1.50889e-01
 26   88 1.37112e-01
 26   90 1.55368e-01
 27    1 1.17340e-02
 27    3 7.49887e-02
 27    5 1.33040e-01
 27    7 1.90924e-01
 27    9 2.59064e-01
 27   11 2.76230e-01
 27   13 2.81062e-01
 27   15 2.96265e-01
 27   17 3.97710e-01
 27   19 4.15217e-01
 27   21 5.39860e-01
 27   23 1.26086e+00
 27   25 3.83918e+00
 27   27 4.24327e+01
 27   29 3.84033e+00
 27   31 1.27231e+00
 27   33 5.19423e-01
 27   35 4.11932e-01
 27   37 4.41423e-01
 27   39 3.07023e-01
 27   41 2.69739e-01
 27   43 2.67447e-01
 27   45 2.25972e-01
 27   47 1.95453e-01
 27   49 1.56660e-01
 27   51 1.65517e-01
 27   53 1.49135e-01
 27   55 1.49315e-01
 27   57 1.68700e-01
 27   59 1.54891e-01
 27   61 1.50617e-01
 27   63 1.57621e-01
 27   65 1.57483e-01
 27   67 1.37223e-01
 27   69 1.32385e-01
 27   71 1.52680e-01
 27   73 1.64607e-01
 27   75 1.65654e-01
 27   77 1.37463e-01
 27   79 1.82525e-01
 27   81 1.80770e-01
 27   83 1.47367e-01
 27   85 1.35950e-01
 27   87 1.41732e-01
 27   89 1.29497e-01
 27   91 1.41238e-01
 28    2 3.97212e-02
 28    4 9.47451e-02
 28    6 1.53000e-01
 28    8 2.08313e-01
 28   10 2.49736e-01
 28   12 2.63900e-01
 28   14 2.65432e-01
 28   16 2.82956e-01
 28   18 3.93164e-01
 28   20 3.97679e-01
 28   22 5.16073e-01
 28   24 1.23109e+00
 28   26 3.72226e+00
 28   28 4.08819e+01
 28   30 3.70195e+00
 28   32 1.21818e+00
 28   34 4.85261e-01
 28   36 3.87938e-01
 28   38 4.14538e-01
 28   40 2.85366e-01
 28   42 2.63098e-01
 28   44 2.50674e-01
 28   46 2.09190e-01
 28   48 1.90766e-01
 28   50 1.62258e-01
 28   52 1.56585e-01
 28   54 1.45708e-01
 28   56 1.75329e-01
 28   58 1.48850e-01
 28   60 1.49203e-01
 28   62 1.55793e-01
 28   64 1.58508e-01
 28   66 1.49808e-01
 28   68 1.33148e-01
 28   70 1.34783e-01
 28   72 1.60173e-01
 28   74 1.46478e-01
 28   76 1.58136e-01
 28   78 1.67309e-01
 28   80 1.65309e-01
 28   82 1.37924e-01
 28   84 1.63279e-01
 28   86 1.54064e-01
 28   88 1.22842e-01
 28   90 1.52579e-01
 29    1 1.40657e-02
 29    3 6.01864e-02
 29    5 1.13051e-01
 29    7 1.66142e-01
 29    9 2.26563e-01
 29   11 2.26248e-01
 29   13 2.51474e-01
 29   15 2.43030e-01
 29   17 2.78911e-01
 29   19 3.93015e-01
 29   21 3.83212e-01
 29   23 4.94856e-01
 29   25 1.19412e+00
 29   27 3.57549e+00
 29   29 3.95150e+01
 29   31 3.54912e+00
 29   33 1.18027e+00
 29   35 4.51771e-01
 29   37 3.74385e-01
 29   39 4.11250e-01
 29   41 2.73157e-01
 29   43 2.53432e-01
 29   45 2.19893e-01
 29   47 2.05758e-01
 29   49 1.70100e-01
 29   51 1.74121e-01
 29   53 1.48986e-01
 29   55 1.48834e-01
 29   57 1.63294e-01
 29   59 1.47191e-01
 29   61 1.52539e-01
 29   63 1.42677e-01
 29   65 1.52120e-01
 29   67 1.30619e-01
 29   69 1.28612e-01
 29   71 1.25508e-01
 29   73 1.56185e-01
 29   75 1.39400e-01
 29   77 1.56690e-01
 29   79 1.39006e-01
 29   81 1.66920e-01
 29   83 1.34577e-01
 29   85 1.55630e-01
 29   87 1.38986e-01
 29   89 1.22596e-01
 29   91 1.37647e-01
 30    2 3.78612e-02
 30    4 8.36134e-02
 30    6 1.32413e-01
 30    8 1.89822e-01
 30   10 2.14477e-01
 30   12 2.22016e-01
 30   14 2.34049e-01
 30   16 2.43527e-01
 30   18 2.80482e-01
 30   20 3.86086e-01
 30   22 3.73020e-01
 30   24 4.91583e-01
 30   26 1.15046e+00
 30   28 3.45563e+00
 30   30 3.81705e+01
 30   32 3.42928e+00
 30   34 1.13027e+00
 30   36 4.33416e-01
 30   38 3.53011e-01
 30   40 3.86178e-01
 30   42 2.61580e-01
 30   44 2.40462e-01
 30   46 2.17260e-01
 30   48 2.00177e-01
 30   50 1.87012e-01
 30   52 1.48126e-01
 30   54 1.48709e-01
 30   56 1.47138e-01
 30   58 1.56249e-01
 30   60 1.60117e-01
 30   62 1.52046e-01
 30   64 1.33167e-01
 30   66 1.22621e-01
 30   68 1.21778e-01
 30   70 1.26677e-01
 30   72 1.41576e-01
 30   74 1.35833e-01
 30   76 1.43586e-01
 30   78 1.36327e-01
 30   80 1.56285e-01
 30   82 1.40807e-01
 30   84 1.60271e-01
 30   86 1.48793e-01
 30   88 1.13702e-01
 30   90 1.64718e-01
 31    1 1.14368e-02
 31    3 6.16653e-02
 31    5 1.03374e-01
 31    7 1.65000e-01
 31    9 1.96282e-01
 31   11 1.97536e-01
 31   13 2.06860e-01
 31   15 2.25943e-01
 31   17 2.39329e-01
 31   19 2.80138e-01
 31   21 3.76109e-01
 31   23 3.67712e-01
 31   25 4.76868e-01
 31   27 1.10844e+00
 31   29 3.32103e+00
 31   31 3.69021e+01
 31   33 3.29573e+00
 31   35 1.09593e+00
 31   37 4.00385e-01
 31   39 3.55472e-01
 31   41 3.74659e-01
 31   43 2.61537e-01
 31   45 2.17951e-01
 31   47 2.18654e-01
 31   49 2.08045e-01
 31   51 1.50480e-01
 31   53 1.59944e-01
 31   55 1.36267e-01
 31   57 1.36219e-01
 31   59 1.38881e-01
 31   61 1.39864e-01
 31   63 1.42240e-01
 31   65 1.35720e-01
 31   67 1.28867e-01
 31   69 1.17851e-01
 31   71 1.34030e-01
 31   73 1.38444e-01
 31   75 1.20385e-01
 31   77 1.27613e-01
 31   79 1.33119e-01
 31   81 1.62576e-01
 31   83 1.39546e-01
 31   85 1.45980e-01
 31   87 1.38555e-01
 31   89 1.05230e-01
 31   91 1.59679e-01
 32    2 3.15945e-02
 32    4 7.56993e-02
 32    6 1.27642e-01
 32    8 1.69053e-01
 32   10 1.92651e-01
 32   12 1.97705e-01
 32   14 2.09696e-01
 32   16 2.23653e-01
 32   18 2.37832e-01
 32   20 2.78642e-01
 32   22 3.70065e-01
 32   24 3.67432e-01
 32   26 4.48481e-01
 32   28 1.06647e+00
 32   30 3.21620e+00
 32   32 3.57031e+01
 32   34 3.19635e+00
 32   36 1.03217e+00
 32   38 3.82298e-01
 32   40 3.38277e-01
 32   42 3.49588e-01
 32   44 2.51560e-01
 32   46 2.17606e-01
 32   48 2.15614e-01
 32   50 1.82878e-01
 32   52 1.62922e-01
 32   54 1.40079e-01
 32   56 1.47749e-01
 32   58 1.39092e-01
 32   60 1.43892e-01
 32   62 1.32259e-01
 32   64 1.48334e-01
 32   66 1.34080e-01
 32   68 1.18580e-01
 32   70 1.57644e-01
 32   72 1.17050e-01
 32   74 1.24462e-01
 32   76 1.28579e-01
 32   78 1.20093e-01
 32   80 1.67378e-01
 32   82 1.21098e-01
 32   84 1.53844e-01
 32   86 1.52483e-01
 32   88 1.22783e-01
 32   90 1.41694e-01
 33    1 1.01810e-02
 33    3 4.79131e-02
 33    5 9.58909e-02
 33    7 1.35630e-01
 33    9 1.93503e-01
 33   11 1.83749e-01
 33   13 1.85709e-01
 33   15 1.94179e-01
 33   17 2.22664e-01
 33   19 2.28439e-01
 33   21 2.69032e-01
 33   23 3.74653e-01
 33   25 3.53168e-01
 33   27 4.25312e-01
 33   29 1.03801e+00
 33   31 3.09755e+00
 33   33 3.46233e+01
 33   35 3.07524e+00
 33   37 1.00532e+00
 33   39 3.73889e-01
 33   41 3.08148e-01
 33   43 3.43922e-01
 33   45 2.45022e-01
 33   47 2.00182e-01
 33   49 2.05640e-01
 33   51 1.81446e-01
 33   53 1.59518e-01
 33   55 1.54121e-01
 33   57 1.38270e-01
 33   59 1.30167e-01
 33   61 1.30043e-01
 33   63 1.45487e-01
 33   65 1.22519e-01
 33   67 1.15375e-01
 33   69 1.16496e-01
 33   71 1.30183e-01
 33   73 1.15423e-01
 33   75 1.28297e-01
 33   77 1.20187e-01
 33   79 1.36923e-01
 33   81 1.55867e-01
 33   83 1.09804e-01
 33   85 1.51539e-01
 33   87 1.49489e-01
 33   89 1.03443e-01
 33   91 1.44530e-01
 34    2 2.88137e-02
 34    4 6.85844e-02
 34    6 1.07107e-01
 34    8 1.53887e-01
 34   10 1.77434e-01
 34   12 1.83024e-01
 34   14 1.80864e-01
 34   16 1.92688e-01
 34   18 2.17949e-01
 34   20 2.29877e-01
 34   22 2.68026e-01
 34   24 3.48918e-01
 34   26 3.35512e-01
 34   28 4.00083e-01
 34   30 9.98293e-01
 34   32 3.01017e+00
 34   34 3.35794e+01
 34   36 2.99742e+00
 34   38 9.70959e-01
 34   40 3.52689e-01
 34   42 3.11064e-01
 34   44 3.54661e-01
 34   46 2.31784e-01
 34   48 2.00218e-01
 34   50 1.97591e-01
 34   52 1.85618e-01
 34   54 1.52814e-01
 34   56 1.55495e-01
 34   58 1.34928e-01
 34   60 1.29262e-01
 34   62 1.37058e-01
 34   64 1.23302e-01
 34   66 1.21905e-01
 34   68 1.12401e-01
 34   70 1.23354e-01
 34   72 1.17132e-01
 34   74 1.23977e-01
 34   76 1.15417e-01
 34   78 1.02301e-01
 34   80 1.61083e-01
 34   82 1.08916e-01
 34   84 1.62832e-01
 34   86 1.53376e-01
 34   88 1.08805e-01
 34   90 1.32473e-01
 35    1 7.93566e-03
 35    3 4.84517e-02
 35    5 8.43585e-02
 35    7 1.23898e-01
 35    9 1.56106e-01
 35   11 1.66287e-01
 35   13 1.72509e-01
 35   15 1.77892e-01
 35   17 1.99049e-01
 35   19 2.06223e-01
 35   21 2.24201e-01
 35   23 2.48132e-01
 35   25 3.39604e-01
 35   27 3.18250e-01
 35   29 3.74882e-01
 35   31 9.71865e-01
 35   33 2.90159e+00
 35   35 3.26605e+01
 35   37 2.89927e+00
 35   39 9.49419e-01
 35   41 3.33475e-01
 35   43 3.01882e-01
 35   45 3.32999e-01
 35   47 2.27721e-01
 35   49 1.94598e-01
 35   51 2.00299e-01
 35   53 1.70831e-01
 35   55 1.39819e-01
 35   57 1.48577e-01
 35   59 1.30487e-01
 35   61 1.25249e-01
 35   63 1.27442e-01
 35   65 1.21693e-01
 35   67 1.16271e-01
 35   69 1.09615e-01
 35   71 1.16149e-01
 35   73 1.01457e-01
 35   75 1.10252e-01
 35   77 1.36706e-01
 35   79 1.07692e-01
 35   81 1.55011e-01
 35   83 1.11565e-01
 35   85 1.47255e-01
 35   87 1.50039e-01
 35   89 1.13038e-01
 35   91 1.27413e-01
 36    2 2.44639e-02
 36    4 5.88033e-02
 36    6 9.37513e-02
 36    8 1.33090e-01
 36   10 1.60352e-01
 36   12 1.59746e-01
 36   14 1.71270e-01
 36   16 1.88301e-01
 36   18 1.96807e-01
 36   20 2.15133e-01
 36   22 2.26078e-01
 36   24 2.46285e-01
 36   26 3.19208e-01
 36   28 3.02320e-01
 36   30 3.61836e-01
 36   32 9.18791e-01
 36   34 2.83320e+00
 36   36 3.16792e+01
 36   38 2.81647e+00
 36   40 9.05168e-01
 36   42 3.26301e-01
 36   44 3.00403e-01
 36   46 3.40658e-01
 36   48 2.25158e-01
 36   50 1.99733e-01
 36   52 1.83704e-01
 36   54 1.67021e-01
 36   56 1.47897e-01
 36   58 1.38564e-01
 36   60 1.26357e-01
 36   62 1.28831e-01
 36   64 1.17051e-01
 36   66 1.30641e-01
 36   68 1.13303e-01
 36   70 1.14250e-01
 36   72 9.89743e-02
 36   74 1.03984e-01
 36   76 1.39984e-01
 36   78 8.61227e-02
 36   80 1.66784e-01
 36   82 1.21744e-01
 36   84 1.50590e-01
 36   86 1.13600e-01
 36   88 1.16955e-01
 36   90 1.30786e-01
 37    1 8.63267e-03
 37    3 3.96737e-02
 37    5 7.11469e-02
 37    7 1.02792e-01
 37    9 1.54986e-01
 37   11 1.57289e-01
 37   13 1.63325e-01
 37   15 1.64328e-01
 37   17 1.68990e-01
 37   19 1.85352e-01
 37   21 2.11084e-01
 37   23 2.20994e-01
 37   25 2.33435e-01
 37   27 3.22893e-01
 37   29 2.94141e-01
 37   31 3.36172e-01
 37   33 8.98091e-01
 37   35 2.74505e+00
 37   37 3.08902e+01
 37   39 2.72208e+00
 37   41 8.85946e-01
 37   43 3.12064e-01
 37   45 2.90783e-01
 37   47 3.25012e-01
 37   49 2.23526e-01
 37   51 1.93064e-01
 37   53 1.78941e-01
 37   55 1.64540e-01
 37   57 1.28252e-01
 37   59 1.33457e-01
 37   61 1.18386e-01
 37   63 1.17910e-01
 37   65 1.26040e-01
 37   67 1.18600e-01
 37   69 1.11677e-01
 37   71 1.13331e-01
 37   73 1.04009e-01
 37   75 1.04617e-01
 37   77 1.16671e-01
 37   79 9.06769e-02
 37   81 1.55141e-01
 37   83 1.12404e-01
 37   85 1.48491e-01
 37   87 1.14042e-01
 37   89 1.07925e-01
 37   91 1.20790e-01
 38    2 2.20113e-02
 38    4 5.37603e-02
 38    6 8.19383e-02
 38    8 1.25820e-01
 38   10 1.53400e-01
 38   12 1.60374e-01
 38   14 1.52692e-01
 38   16 1.66546e-01
 38   18 1.72677e-01
 38   20 1.82190e-01
 38   22 2.08193e-01
 38   24 2.01728e-01
 38   26 2.23087e-01
 38   28 3.06353e-01
 38   30 2.79478e-01
 38   32 3.22717e-01
 38   34 8.70331e-01
 38   36 2.67090e+00
 38   38 3.00343e+01
 38   40 2.64816e+00
 38   42 8.66511e-01
 38   44 3.14034e-01
 38   46 2.81092e-01
 38   48 3.21043e-01
 38   50 2.06036e-01
 38   52 1.94984e-01
 38   54 1.67127e-01
 38   56 1.47390e-01
 38   58 1.40295e-01
 38   60 1.27978e-01
 38   62 1.14760e-01
 38   64 1.29952e-01
 38   66 1.21910e-01
 38   68 1.12922e-01
 38   70 1.10088e-01
 38   72 1.14010e-01
 38   74 1.12367e-01
 38   76 1.09011e-01
 38   78 1.15519e-01
 38   80 1.51465e-01
 38   82 1.16396e-01
 38   84 1.26740e-01
 38   86 1.28611e-01
 38   88 9.53517e-02
 38   90 1.27216e-01
 39    1 6.43369e-03
 39    3 3.63116e-02
 39    5 6.51889e-02
 39    7 1.03954e-01
 39    9 1.36395e-01
 39   11 1.49014e-01
 39   13 1.51194e-01
 39   15 1.55948e-01
 39   17 1.61714e-01
 39   19 1.67692e-01
 39   21 1.75895e-01
 39   23 1.76505e-01
 39   25 1.86138e-01
 39   27 2.13297e-01
 39   29 3.06868e-01
 39   31 2.83465e-01
 39   33 3.17227e-01
 39   35 8.53746e-01
 39   37 2.58530e+00
 39   39 2.92842e+01
 39   41 2.57168e+00
 39   43 8.31543e-01
 39   45 3.08700e-01
 39   47 2.68281e-01
 39   49 2.98032e-01
 39   51 2.12258e-01
 39   53 1.63657e-01
 39   55 1.57635e-01
 39   57 1.47897e-01
 39   59 1.29709e-01
 39   61 1.29191e-01
 39   63 1.14535e-01
 39   65 1.28092e-01
 39   67 1.14964e-01
 39   69 1.16008e-01
 39   71 1.02512e-01
 39   73 1.16556e-01
 39   75 1.08777e-01
 39   77 1.17077e-01
 39   79 1.09946e-01
 39   81 1.47095e-01
 39   83 1.04682e-01
 39   85 1.20577e-01
 39   87 1.21477e-01
 39   89 9.60684e-02
 39   91 1.20810e-01
 40    2 2.08210e-02
 40    4 4.91635e-02
 40    6 8.32080e-02
 40    8 1.17934e-01
 40   10 1.40869e-01
 40   12 1.49736e-01
 40   14 1.48896e-01
 40   16 1.50739e-01
 40   18 1.55324e-01
 40   20 1.62328e-01
 40   22 1.59083e-01
 40   24 1.76180e-01
 40   26 1.87628e-01
 40   28 2.00583e-01
 40   30 2.90791e-01
 40   32 2.71598e-01
 40   34 3.00682e-01
 40   36 8.16424e-01
 40   38 2.51871e+00
 40   40 2.85638e+01
 40   42 2.50864e+00
 40   44 8.17895e-01
 40   46 2.97498e-01
 40   48 2.60039e-01
 40   50 3.06063e-01
 40   52 1.99228e-01
 40   54 1.67338e-01
 40   56 1.77269e-01
 40   58 1.53595e-01
 40   60 1.20455e-01
 40   62 1.43265e-01
 40   64 1.22826e-01
 40   66 1.19621e-01
 40   68 1.06152e-01
 40   70 1.03176e-01
 40   72 1.06897e-01
 40   74 1.05637e-01
 40   76 1.16361e-01
 40   78 1.53980e-01
 40   80 1.28343e-01
 40   82 8.97204e-02
 40   84 1.14081e-01
 40   86 1.14591e-01
 40   88 1.02257e-01
 40   90 1.05745e-01
 41    1 7.62029e-03
 41    3 3.60809e-02
 41    5 6.93514e-02
 41    7 9.85823e-02
 41    9 1.27306e-01
 41   11 1.34469e-01
 41   13 1.49734e-01
 41   15 1.43274e-01
 41   17 1.45602e-01
 41   19 1.51286e-01
 41   21 1.38975e-01
 41   23 1.49514e-01
 41   25 1.74755e-01
 41   27 1.78478e-01
 41   29 1.94127e-01
 41   31 2.84548e-01
 41   33 2.49007e-01
 41   35 2.85602e-01
 41   37 8.01389e-01
 41   39 2.44931e+00
 41   41 2.78788e+01
 41   43 2.43879e+00
 41   45 7.97145e-01
 41   47 2.86745e-01
 41   49 2.56598e-01
 41   51 2.95808e-01
 41   53 1.93409e-01
 41   55 1.60133e-01
 41   57 1.65294e-01
 41   59 1.57040e-01
 41   61 1.10105e-01
 41   63 1.22598e-01
 41   65 1.26212e-01
 41   67 1.14899e-01
 41   69 1.09397e-01
 41   71 1.03576e-01
 41   73 1.16067e-01
 41   75 9.52696e-02
 41   77 1.08355e-01
 41   79 1.13708e-01
 41   81 1.34125e-01
 41   83 1.02142e-01
 41   85 1.15425e-01
 41   87 1.09351e-01
 41   89 9.54621e-02
 41   91 1.09189e-01
 42    2 2.17890e-02
 42    4 4.99260e-02
 42    6 7.90112e-02
 42    8 1.11620e-01
 42   10 1.30925e-01
 42   12 1.38186e-01
 42   14 1.41350e-01
 42   16 1.32876e-01
 42   18 1.30985e-01
 42   20 1.33494e-01
 42   22 1.37953e-01
 42   24 1.47280e-01
 42   26 1.74050e-01
 42   28 1.76360e-01
 42   30 1.87840e-01
 42   32 2.67671e-01
 42   34 2.52905e-01
 42   36 2.80670e-01
 42   38 7.85956e-01
 42   40 2.39237e+00
 42   42 2.72131e+01
 42   44 2.37342e+00
 42   46 7.68451e-01
 42   48 2.80451e-01
 42   50 2.52479e-01
 42   52 2.83892e-01
 42   54 2.04045e-01
 42   56 1.69769e-01
 42   58 1.57728e-01
 42   60 1.33337e-01
 42   62 1.31450e-01
 42   64 1.33774e-01
 42   66 1.16759e-01
 42   68 1.12859e-01
 42   70 1.09747e-01
 42   72 1.12226e-01
 42   74 1.03043e-01
 42   76 1.19950e-01
 42   78 1.09165e-01
 42   80 1.35608e-01
 42   82 9.85567e-02
 42   84 1.26830e-01
 42   86 8.91873e-02
 42   88 9.08201e-02
 42   90 1.11201e-01
 43    1 6.29120e-03
 43    3 3.16343e-02
 43    5 5.94636e-02
 43    7 9.18383e-02
 43    9 1.24756e-01
 43   11 1.34920e-01
 43   13 1.35116e-01
 43   15 1.36088e-01
 43   17 1.21425e-01
 43   19 1.25926e-01
 43   21 1.24177e-01
 43   23 1.29893e-01
 43   25 1.44125e-01
 43   27 1.68969e-01
 43   29 1.71975e-01
 43   31 1.89663e-01
 43   33 2.65365e-01
 43   35 2.46868e-01
 43   37 2.69531e-01
 43   39 7.56207e-01
 43   41 2.32865e+00
 43   43 2.66257e+01
 43   45 2.30500e+00
 43   47 7.45929e-01
 43   49 2.72598e-01
 43   51 2.42301e-01
 43   53 2.78268e-01
 43   55 2.02744e-01
 43   57 1.71604e-01
 43   59 1.48615e-01
 43   61 1.25692e-01
 43   63 1.21991e-01
 43   65 1.21170e-01
 43   67 1.13553e-01
 43   69 1.11072e-01
 43   71 1.12195e-01
 43   73 1.00768e-01
 43   75 1.01045e-01
 43   77 1.11355e-01
 43   79 1.30013e-01
 43   81 1.07654e-01
 43   83 9.37520e-02
 43   85 1.20551e-01
 43   87 9.94001e-02
 43   89 8.92171e-02
 43   91 1.07909e-01
 44    2 2.12705e-02
 44    4 4.78492e-02
 44    6 8.05859e-02
 44    8 1.13980e-01
 44   10 1.30599e-01
 44   12 1.30699e-01
 44   14 1.27895e-01
 44   16 1.19679e-01
 44   18 1.10882e-01
 44   20 1.11455e-01
 44   22 1.25412e-01
 44   24 1.28105e-01
 44   26 1.36653e-01
 44   28 1.60633e-01
 44   30 1.65073e-01
 44   32 1.84133e-01
 44   34 2.75655e-01
 44   36 2.47016e-01
 44   38 2.72298e-01
 44   40 7.45646e-01
 44   42 2.26892e+00
 44   44 2.60211e+01
 44   46 2.25264e+00
 44   48 7.29276e-01
 44   50 2.66748e-01
 44   52 2.53924e-01
 44   54 2.69176e-01
 44   56 1.85435e-01
 44   58 1.53859e-01
 44   60 1.54747e-01
 44   62 1.30723e-01
 44   64 1.32743e-01
 44   66 1.07723e-01
 44   68 1.22189e-01
 44   70 1.01091e-01
 44   72 1.10783e-01
 44   74 1.07293e-01
 44   76 1.10143e-01
 44   78 9.29569e-02
 44   80 1.22697e-01
 44   82 8.58605e-02
 44   84 1.14822e-01
 44   86 1.05185e-01
 44   88 9.27496e-02
 44   90 9.79012e-02
 45    1 7.76782e-03
 45    3 3.89786e-02
 45    5 6.70287e-02
 45    7 9.08774e-02
 45    9 1.19900e-01
 45   11 1.21405e-01
 45   13 1.18712e-01
 45   15 1.23258e-01
 45   17 1.17444e-01
 45   19 1.01805e-01
 45   21 1.16786e-01
 45   23 1.13351e-01
 45   25 1.15738e-01
 45   27 1.36635e-01
 45   29 1.42807e-01
 45   31 1.51267e-01
 45   33 1.80936e-01
 45   35 2.60619e-01
 45   37 2.40365e-01
 45   39 2.68676e-01
 45   41 7.28456e-01
 45   43 2.20601e+00
 45   45 2.54882e+01
 45   47 2.19718e+00
 45   49 7.09628e-01
 45   51 2.63962e-01
 45   53 2.48648e-01
 45   55 2.70869e-01
 45   57 1.80094e-01
 45   59 1.56492e-01
 45   61 1.42550e-01
 45   63 1.35459e-01
 45   65 1.15253e-01
 45   67 1.12076e-01
 45   69 1.29220e-01
 45   71 9.58408e-02
 45   73 1.13384e-01
 45   75 9.23383e-02
 45   77 1.03673e-01
 45   79 8.88156e-02
 45   81 1.37738e-01
 45   83 8.52412e-02
 45   85 9.88835e-02
 45   87 9.68479e-02
 45   89 8.09802e-02
 45   91 1.05329e-01
 46    2 2.30321e-02
 46    4 5.52620e-02
 46    6 8.31970e-02
 46    8 1.13904e-01
 46   10 1.27191e-01
 46   12 1.21228e-01
 46   14 1.07972e-01
 46   16 1.14488e-01
 46   18 9.98462e-02
 46   20 1.04860e-01
 46   22 1.03529e-01
 46   24 1.03103e-01
 46   26 1.14526e-01
 46   28 1.28432e-01
 46   30 1.42895e-01
 46   32 1.52604e-01
 46   34 1.72600e-01
 46   36 2.68378e-01
 46   38 2.33520e-01
 46   40 2.59852e-01
 46   42 7.03830e-01
 46   44 2.15824e+00
 46   46 2.49145e+01
 46   48 2.15400e+00
 46   50 7.07537e-01
 46   52 2.52705e-01
 46   54 2.36058e-01
 46   56 2.60245e-01
 46   58 1.74719e-01
 46   60 1.45050e-01
 46   62 1.54871e-01
 46   64 1.34918e-01
 46   66 1.35873e-01
 46   68 1.17189e-01
 46   70 1.02966e-01
 46   72 1.14868e-01
 46   74 9.06929e-02
 46   76 1.00450e-01
 46   78 8.87748e-02
 46   80 1.37014e-01
 46   82 9.37272e-02
 46   84 9.00722e-02
 46   86 1.00268e-01
 46   88 8.89867e-02
 46   90 1.04649e-01
 47    1 6.43131e-03
 47    3 3.40890e-02
 47    5 6.18628e-02
 47    7 8.96794e-02
 47    9 1.23311e-01
 47   11 1.28494e-01
 47   13 1.13921e-01
 47   15 1.00088e-01
 47   17 9.53173e-02
 47   19 1.00056e-01
 47   21 9.95361e-02
 47   23 1.12323e-01
 47   25 1.14983e-01
 47   27 1.13346e-01
 47   29 1.28160e-01
 47   31 1.45547e-01
 47   33 1.41776e-01
 47   35 1.70933e-01
 47   37 2.57667e-01
 47   39 2.23944e-01
 47   41 2.51316e-01
 47   43 6.84686e-01
 47   45 2.10729e+00
 47   47 2.44058e+01
 47   49 2.09574e+00
 47   51 6.87695e-01
 47   53 2.45913e-01
 47   55 2.36702e-01
 47   57 2.52609e-01
 47   59 1.66641e-01
 47   61 1.41187e-01
 47   63 1.43855e-01
 47   65 1.46272e-01
 47   67 1.16286e-01
 47   69 1.15069e-01
 47   71 1.04828e-01
 47   73 1.06188e-01
 47   75 9.04296e-02
 47   77 9.57229e-02
 47   79 9.40862e-02
 47   81 1.18604e-01
 47   83 9.20330e-02
 47   85 8.99319e-02
 47   87 1.02015e-01
 47   89 9.86154e-02
 47   91 8.56023e-02
 48    2 2.08204e-02
 48    4 5.09934e-02
 48    6 7.67373e-02
 48    8 1.07193e-01
 48   10 1.22031e-01
 48   12 1.12501e-01
 48   14 1.02073e-01
 48   16 8.97144e-02
 48   18 9.25673e-02
 48   20 9.02944e-02
 48   22 9.48223e-02
 48   24 9.86920e-02
 48   26 9.83737e-02
 48   28 1.12441e-01
 48   30 1.26398e-01
 48   32 1.45165e-01
 48   34 1.43137e-01
 48   36 1.70297e-01
 48   38 2.56053e-01
 48   40 2.18058e-01
 48   42 2.46603e-01
 48   44 6.70795e-01
 48   46 2.06793e+00
 48   48 2.39368e+01
 48   50 2.05330e+00
 48   52 6.81529e-01
 48   54 2.49837e-01
 48   56 2.13893e-01
 48   58 2.45488e-01
 48   60 1.60761e-01
 48   62 1.40251e-01
 48   64 1.63897e-01
 48   66 1.46445e-01
 48   68 1.12483e-01
 48   70 1.12423e-01
 48   72 1.08437e-01
 48   74 8.74003e-02
 48   76 1.10941e-01
 48   78 9.66926e-02
 48   80 1.04840e-01
 48   82 1.00438e-01
 48   84 1.07706e-01
 48   86 8.07239e-02
 48   88 9.39321e-02
 48   90 9.71785e-02
 49    1 7.01892e-03
 49    3 3.48143e-02
 49    5 6.70065e-02
 49    7 9.06958e-02
 49    9 1.14513e-01
 49   11 1.11220e-01
 49   13 1.03899e-01
 49   15 8.82430e-02
 49   17 9.12680e-02
 49   19 9.13243e-02
 49   21 8.94772e-02
 49   23 8.85271e-02
 49   25 8.76193e-02
 49   27 8.73030e-02
 49   29 1.01814e-01
 49   31 1.33079e-01
 49   33 1.39956e-01
 49   35 1.40367e-01
 49   37 1.70292e-01
 49   39 2.39066e-01
 49   41 2.16114e-01
 49   43 2.40449e-01
 49   45 6.54026e-01
 49   47 2.01393e+00
 49   49 2.34751e+01
 49   51 1.99928e+00
 49   53 6.62441e-01
 49   55 2.41470e-01
 49   57 2.06323e-01
 49   59 2.43516e-01
 49   61 1.59352e-01
 49   63 1.35543e-01
 49   65 1.63820e-01
 49   67 1.43228e-01
 49   69 1.12909e-01
 49   71 1.01201e-01
 49   73 1.09300e-01
 49   75 8.58280e-02
 49   77 1.01178e-01
 49   79 9.78509e-02
 49   81 9.97517e-02
 49   83 9.83806e-02
 49   85 1.16272e-01
 49   87 7.83060e-02
 49   89 7.80022e-02
 49   91 1.12116e-01
 50    2 2.20313e-02
 50    4 5.00085e-02
 50    6 7.79650e-02
 50    8 9.97716e-02
 50   10 1.09720e-01
 50   12 1.04619e-01
 50   14 9.35953e-02
 50   16 8.42123e-02
 50   18 8.86474e-02
 50   20 8.69475e-02
 50   22 9.22543e-02
 50   24 8.53607e-02
 50   26 8.11265e-02
 50   28 9.19892e-02
 50   30 1.13580e-01
 50   32 1.18428e-01
 50   34 1.35870e-01
 50   36 1.45303e-01
 50   38 1.58057e-01
 50   40 2.46860e-01
 50   42 2.13537e-01
 50   44 2.35996e-01
 50   46 6.53349e-01
 50   48 1.97496e+00
 50   50 2.30223e+01
 50   52 1.95827e+00
 50   54 6.43809e-01
 50   56 2.28027e-01
 50   58 2.05189e-01
 50   60 2.31890e-01
 50   62 1.81061e-01
 50   64 1.49103e-01
 50   66 1.56785e-01
 50   68 1.33971e-01
 50   70 1.09850e-01
 50   72 9.45082e-02
 50   74 9.14312e-02
 50   76 1.05910e-01
 50   78 1.17978e-01
 50   80 9.86556e-02
 50   82 8.62485e-02
 50   84 9.47931e-02
 50   86 9.84239e-02
 50   88 7.40179e-02
 50   90 1.02999e-01
 51    1 6.70708e-03
 51    3 3.32110e-02
 51    5 5.89075e-02
 51    7 8.48169e-02
 51    9 1.07805e-01
 51   11 1.03285e-01
 51   13 9.41646e-02
 51   15 9.11918e-02
 51   17 7.97872e-02
 51   19 8.16980e-02
 51   21 7.74676e-02
 51   23 8.98092e-02
 51   25 8.29335e-02
 51   27 8.87976e-02
 51   29 1.00333e-01
 51   31 9.26654e-02
 51   33 1.18884e-01
 51   35 1.39090e-01
 51   37 1.41598e-01
 51   39 1.63912e-01
 51   41 2.39845e-01
 51   43 2.05752e-01
 51   45 2.34205e-01
 51   47 6.36197e-01
 51   49 1.92470e+00
 51   51 2.26276e+01
 51   53 1.89761e+00
 51   55 6.29766e-01
 51   57 2.25500e-01
 51   59 1.97017e-01
 51   61 2.24101e-01
 51   63 1.73617e-01
 51   65 1.50303e-01
 51   67 1.42174e-01
 51   69 1.30565e-01
 51   71 1.02839e-01
 51   73 9.87723e-02
 51   75 9.18233e-02
 51   77 1.08612e-01
 51   79 9.54917e-02
 51   81 9.81918e-02
 51   83 8.92513e-02
 51   85 9.80048e-02
 51   87 9.47726e-02
 51   89 8.12512e-02
 51   91 9.32440e-02
 52    2 1.98901e-02
 52    4 4.54547e-02
 52    6 7.09841e-02
 52    8 9.63972e-02
 52   10 1.04042e-01
 52   12 9.64505e-02
 52   14 9.12491e-02
 52   16 8.31786e-02
 52   18 8.02835e-02
 52   20 7.94128e-02
 52   22 7.57343e-02
 52   24 8.49745e-02
 52   26 8.40753e-02
 52   28 8.55342e-02
 52   30 8.66810e-02
 52   32 1.01655e-01
 52   34 1.22980e-01
 52   36 1.28767e-01
 52   38 1.44122e-01
 52   40 1.54828e-01
 52   42 2.31345e-01
 52   44 2.16455e-01
 52   46 2.24838e-01
 52   48 6.31611e-01
 52   50 1.88683e+00
 52   52 2.22171e+01
 52   54 1.86227e+00
 52   56 6.14654e-01
 52   58 2.09335e-01
 52   60 2.09247e-01
 52   62 2.33253e-01
 52   64 1.67891e-01
 52   66 1.35566e-01
 52   68 1.36206e-01
 52   70 1.12733e-01
 52   72 1.22950e-01
 52   74 9.21250e-02
 52   76 9.90654e-02
 52   78 9.91432e-02
 52   80 1.24604e-01
 52   82 7.87861e-02
 52   84 9.04267e-02
 52   86 1.04979e-01
 52   88 9.30129e-02
 52   90 8.42184e-02
 53    1 7.18039e-03
 53    3 3.29974e-02
 53    5 5.88258e-02
 53    7 8.70316e-02
 53    9 1.07277e-01
 53   11 1.02745e-01
 53   13 9.08546e-02
 53   15 8.03193e-02
 53   17 7.47484e-02
 53   19 7.59276e-02
 53   21 7.06436e-02
 53   23 6.59209e-02
 53   25 7.76988e-02
 53   27 7.71537e-02
 53   29 8.27858e-02
 53   31 9.49780e-02
 53   33 1.00786e-01
 53   35 1.14393e-01
 53   37 1.26556e-01
 53   39 1.21870e-01
 53   41 1.51221e-01
 53   43 2.27861e-01
 53   45 2.12743e-01
 53   47 2.19378e-01
 53   49 6.14969e-01
 53   51 1.82988e+00
 53   53 2.17953e+01
 53   55 1.80779e+00
 53   57 5.96680e-01
 53   59 2.11551e-01
 53   61 2.09815e-01
 53   63 2.28177e-01
 53   65 1.63730e-01
 53   67 1.38828e-01
 53   69 1.35641e-01
 53   71 1.15140e-01
 53   73 1.13761e-01
 53   75 9.43099e-02
 53   77 9.96046e-02
 53   79 1.10060e-01
 53   81 1.17721e-01
 53   83 7.53919e-02
 53   85 9.01179e-02
 53   87 1.01664e-01
 53   89 8.68829e-02
 53   91 9.03543e-02
 54    2 1.83177e-02
 54    4 4.17672e-02
 54    6 6.44549e-02
 54    8 9.20974e-02
 54   10 1.02606e-01
 54   12 1.03015e-01
 54   14 8.45069e-02
 54   16 8.06261e-02
 54   18 8.34800e-02
 54   20 8.03123e-02
 54   22 7.78074e-02
 54   24 7.31129e-02
 54   26 7.77812e-02
 54   28 7.68129e-02
 54   30 8.39826e-02
 54   32 8.43501e-02
 54   34 9.77100e-02
 54   36 1.12984e-01
 54   38 1.19217e-01
 54   40 1.25503e-01
 54   42 1.60469e-01
 54   44 2.21442e-01
 54   46 2.02691e-01
 54   48 2.23451e-01
 54   50 5.98654e-01
 54   52 1.79723e+00
 54   54 2.14628e+01
 54   56 1.77541e+00
 54   58 5.98893e-01
 54   60 2.24588e-01
 54   62 2.07284e-01
 54   64 2.34850e-01
 54   66 1.55622e-01
 54   68 1.33121e-01
 54   70 1.36165e-01
 54   72 1.13946e-01
 54   74 8.81398e-02
 54   76 9.46114e-02
 54   78 9.74578e-02
 54   80 1.00892e-01
 54   82 8.49061e-02
 54   84 9.24424e-02
 54   86 8.90429e-02
 54   88 9.16916e-02
 54   90 9.25958e-02
 55    1 5.99002e-03
 55    3 3.12991e-02
 55    5 5.11716e-02
 55    7 7.00552e-02
 55    9 9.28387e-02
 55   11 9.71414e-02
 55   13 9.12446e-02
 55   15 8.19853e-02
 55   17 7.87248e-02
 55   19 7.76478e-02
 55   21 7.62502e-02
 55   23 7.40459e-02
 55   25 7.22089e-02
 55   27 7.46057e-02
 55   29 7.98733e-02
 55   31 7.81520e-02
 55   33 9.40467e-02
 55   35 9.04254e-02
 55   37 1.12392e-01
 55   39 1.13372e-01
 55   41 1.20923e-01
 55   43 1.60341e-01
 55   45 2.23831e-01
 55   47 2.03941e-01
 55   49 2.16501e-01
 55   51 5.86526e-01
 55   53 1.74598e+00
 55   55 2.11120e+01
 55   57 1.73339e+00
 55   59 5.93270e-01
 55   61 2.15730e-01
 55   63 2.06200e-01
 55   65 2.14558e-01
 55   67 1.56385e-01
 55   69 1.34756e-01
 55   71 1.37466e-01
 55   73 1.14121e-01
 55   75 8.65628e-02
 55   77 8.79783e-02
 55   79 9.70625e-02
 55   81 9.78881e-02
 55   83 9.25006e-02
 55   85 8.33647e-02
 55   87 8.46360e-02
 55   89 8.43617e-02
 55   91 9.19278e-02
 56    2 1.64674e-02
 56    4 3.75050e-02
 56    6 5.48526e-02
 56    8 7.28366e-02
 56   10 8.86530e-02
 56   12 8.96838e-02
 56   14 8.83044e-02
 56   16 7.89598e-02
 56   18 8.34105e-02
 56   20 8.03998e-02
 56   22 7.93205e-02
 56   24 7.72577e-02
 56   26 8.37369e-02
 56   28 8.93335e-02
 56   30 8.03136e-02
 56   32 8.59903e-02
 56   34 9.60953e-02
 56   36 9.66976e-02
 56   38 1.01618e-01
 56   40 1.28500e-01
 56   42 1.29044e-01
 56   44 1.47444e-01
 56   46 2.15978e-01
 56   48 1.84898e-01
 56   50 2.04936e-01
 56   52 5.73328e-01
 56   54 1.71597e+00
 56   56 2.07142e+01
 56   58 1.72068e+00
 56   60 5.75315e-01
 56   62 2.10380e-01
 56   64 1.98125e-01
 56   66 2.23748e-01
 56   68 1.51517e-01
 56   70 1.20875e-01
 56   72 1.24610e-01
 56   74 1.09916e-01
 56   76 1.04771e-01
 56   78 8.93296e-02
 56   80 9.46445e-02
 56   82 9.74537e-02
 56   84 9.34593e-02
 56   86 7.79620e-02
 56   88 7.81831e-02
 56   90 8.98740e-02
 57    1 5.39832e-03
 57    3 2.51301e-02
 57    5 4.94384e-02
 57    7 6.58347e-02
 57    9 8.63554e-02
 57   11 9.11314e-02
 57   13 9.01049e-02
 57   15 8.45445e-02
 57   17 7.81453e-02
 57   19 6.80178e-02
 57   21 7.27007e-02
 57   23 8.28591e-02
 57   25 7.93211e-02
 57   27 8.15276e-02
 57   29 8.47606e-02
 57   31 7.55627e-02
 57   33 8.16077e-02
 57   35 9.29390e-02
 57   37 8.47323e-02
 57   39 1.02881e-01
 57   41 1.20728e-01
 57   43 1.31265e-01
 57   45 1.43940e-01
 57   47 2.10511e-01
 57   49 1.78923e-01
 57   51 2.03131e-01
 57   53 5.57385e-01
 57   55 1.67656e+00
 57   57 2.04484e+01
 57   59 1.67335e+00
 57   61 5.66616e-01
 57   63 2.02133e-01
 57   65 2.01954e-01
 57   67 2.08661e-01
 57   69 1.50061e-01
 57   71 1.13761e-01
 57   73 1.21562e-01
 57   75 1.02425e-01
 57   77 1.01515e-01
 57   79 8.59981e-02
 57   81 9.90569e-02
 57   83 8.60030e-02
 57   85 9.83690e-02
 57   87 7.57212e-02
 57   89 7.67344e-02
 57   91 8.67871e-02
 58    2 1.44466e-02
 58    4 3.58576e-02
 58    6 5.74756e-02
 58    8 7.85316e-02
 58   10 9.50435e-02
 58   12 9.47203e-02
 58   14 9.08301e-02
 58   16 8.49315e-02
 58   18 7.04664e-02
 58   20 7.67747e-02
 58   22 8.13349e-02
 58   24 8.53168e-02
 58   26 8.02072e-02
 58   28 7.34065e-02
 58   30 8.25474e-02
 58   32 7.83516e-02
 58   34 8.07071e-02
 58   36 8.76861e-02
 58   38 9.36201e-02
 58   40 1.07763e-01
 58   42 1.16041e-01
 58   44 1.18408e-01
 58   46 1.40343e-01
 58   48 2.05395e-01
 58   50 1.78488e-01
 58   52 1.88989e-01
 58   54 5.60253e-01
 58   56 1.66542e+00
 58   58 2.00587e+01
 58   60 1.63412e+00
 58   62 5.53062e-01
 58   64 2.02761e-01
 58   66 1.90853e-01
 58   68 1.99185e-01
 58   70 1.45680e-01
 58   72 1.18288e-01
 58   74 1.18218e-01
 58   76 1.09065e-01
 58   78 9.94901e-02
 58   80 8.81215e-02
 58   82 8.25432e-02
 58   84 8.19642e-02
 58   86 8.37424e-02
 58   88 7.99199e-02
 58   90 9.28048e-02
 59    1 5.49095e-03
 59    3 2.28292e-02
 59    5 4.25796e-02
 59    7 6.15691e-02
 59    9 8.34276e-02
 59   11 8.95930e-02
 59   13 8.55124e-02
 59   15 8.33049e-02
 59   17 7.74605e-02
 59   19 8.51391e-02
 59   21 7.67728e-02
 59   23 8.23338e-02
 59   25 7.63111e-02
 59   27 7.24985e-02
 59   29 7.39975e-02
 59   31 7.46148e-02
 59   33 7.44076e-02
 59   35 7.90547e-02
 59   37 8.53964e-02
 59   39 8.73897e-02
 59   41 1.11089e-01
 59   43 1.10102e-01
 59   45 1.21140e-01
 59   47 1.34500e-01
 59   49 2.04531e-01
 59   51 1.71888e-01
 59   53 1.91400e-01
 59   55 5.55760e-01
 59   57 1.62069e+00
 59   59 1.97648e+01
 59   61 1.59318e+00
 59   63 5.43020e-01
 59   65 1.98666e-01
 59   67 1.89309e-01
 59   69 1.96101e-01
 59   71 1.44379e-01
 59   73 1.18598e-01
 59   75 1.19673e-01
 59   77 1.07226e-01
 59   79 9.34862e-02
 59   81 8.27192e-02
 59   83 8.22122e-02
 59   85 8.23219e-02
 59   87 7.84989e-02
 59   89 8.07662e-02
 59   91 7.94968e-02
 60    2 1.46142e-02
 60    4 3.24212e-02
 60    6 5.29335e-02
 60    8 7.00870e-02
 60   10 8.74901e-02
 60   12 8.55179e-02
 60   14 8.51447e-02
 60   16 7.64873e-02
 60   18 8.53845e-02
 60   20 8.18886e-02
 60   22 7.87161e-02
 60   24 8.14326e-02
 60   26 8.10407e-02
 60   28 7.13110e-02
 60   30 8.19817e-02
 60   32 7.85555e-02
 60   34 7.49332e-02
 60   36 7.74947e-02
 60   38 8.27669e-02
 60   40 8.19050e-02
 60   42 9.50704e-02
 60   44 1.15418e-01
 60   46 1.12918e-01
 60   48 1.30357e-01
 60   50 1.95492e-01
 60   52 1.83083e-01
 60   54 2.03618e-01
 60   56 5.39662e-01
 60   58 1.58371e+00
 60   60 1.94466e+01
 60   62 1.56509e+00
 60   64 5.26848e-01
 60   66 1.98325e-01
 60   68 1.88982e-01
 60   70 2.10387e-01
 60   72 1.50720e-01
 60   74 1.11299e-01
 60   76 1.11013e-01
 60   78 1.14860e-01
 60   80 9.09920e-02
 60   82 7.76397e-02
 60   84 7.44153e-02
 60   86 7.63218e-02
 60   88 8.46141e-02
 60   90 7.14598e-02
 61    1 3.79715e-03
 61    3 2.00811e-02
 61    5 3.92300e-02
 61    7 6.33455e-02
 61    9 8.43396e-02
 61   11 9.02909e-02
 61   13 8.23220e-02
 61   15 7.75053e-02
 61   17 7.82442e-02
 61   19 7.59178e-02
 61   21 7.47803e-02
 61   23 6.86015e-02
 61   25 8.83238e-02
 61   27 6.83664e-02
 61   29 7.43675e-02
 61   31 7.28709e-02
 61   33 7.20890e-02
 61   35 7.35867e-02
 61   37 7.34624e-02
 61   39 8.44089e-02
 61   41 7.55330e-02
 61   43 9.03042e-02
 61   45 1.07011e-01
 61   47 1.10510e-01
 61   49 1.29794e-01
 61   51 1.89607e-01
 61   53 1.84090e-01
 61   55 1.95981e-01
 61   57 5.32192e-01
 61   59 1.54501e+00
 61   61 1.91363e+01
 61   63 1.52926e+00
 61   65 5.19815e-01
 61   67 2.04670e-01
 61   69 1.79063e-01
 61   71 1.99305e-01
 61   73 1.49423e-01
 61   75 1.11739e-01
 61   77 1.15314e-01
 61   79 1.09866e-01
 61   81 8.13231e-02
 61   83 8.06693e-02
 61   85 7.34369e-02
 61   87 8.03750e-02
 61   89 7.46764e-02
 61   91 7.98651e-02
 62    2 1.10051e-02
 62    4 2.65364e-02
 62    6 4.41967e-02
 62    8 6.52376e-02
 62   10 8.01169e-02
 62   12 7.88537e-02
 62   14 7.46096e-02
 62   16 7.19434e-02
 62   18 7.36755e-02
 62   20 7.28448e-02
 62   22 6.53400e-02
 62   24 7.45325e-02
 62   26 7.32983e-02
 62   28 7.22532e-02
 62   30 7.55417e-02
 62   32 7.00643e-02
 62   34 7.70972e-02
 62   36 7.66698e-02
 62   38 7.20179e-02
 62   40 9.45272e-02
 62   42 9.09471e-02
 62   44 9.46091e-02
 62   46 1.16989e-01
 62   48 1.10354e-01
 62   50 1.48117e-01
 62   52 1.98037e-01
 62   54 1.82358e-01
 62   56 1.91493e-01
 62   58 5.20114e-01
 62   60 1.51869e+00
 62   62 1.88867e+01
 62   64 1.50317e+00
 62   66 5.08001e-01
 62   68 1.98291e-01
 62   70 1.73222e-01
 62   72 2.18845e-01
 62   74 1.39348e-01
 62   76 1.11629e-01
 62   78 1.16517e-01
 62   80 1.05657e-01
 62   82 7.85835e-02
 62   84 8.20205e-02
 62   86 8.00871e-02
 62   88 7.66952e-02
 62   90 7.40470e-02
 63    1 3.75308e-03
 63    3 1.81879e-02
 63    5 3.55750e-02
 63    7 5.30479e-02
 63    9 7.01066e-02
 63   11 7.18261e-02
 63   13 6.84551e-02
 63   15 7.04044e-02
 63   17 6.77170e-02
 63   19 7.84216e-02
 63   21 7.81742e-02
 63   23 6.94172e-02
 63   25 6.20322e-02
 63   27 6.94659e-02
 63   29 6.75374e-02
 63   31 7.19547e-02
 63   33 7.83061e-02
 63   35 7.26984e-02
 63   37 7.10400e-02
 63   39 7.26575e-02
 63   41 8.16586e-02
 63   43 8.50973e-02
 63   45 9.87321e-02
 63   47 1.09325e-01
 63   49 1.07192e-01
 63   51 1.42623e-01
 63   53 1.94380e-01
 63   55 1.81877e-01
 63   57 1.84334e-01
 63   59 5.11293e-01
 63   61 1.48481e+00
 63   63 1.86007e+01
 63   65 1.46641e+00
 63   67 4.99742e-01
 63   69 1.95276e-01
 63   71 1.86185e-01
 63   73 2.03690e-01
 63   75 1.39262e-01
 63   77 1.07904e-01
 63   79 1.12226e-01
 63   81 1.09206e-01
 63   83 7.13755e-02
 63   85 7.53451e-02
 63   87 7.32849e-02
 63   89 8.22799e-02
 63   91 7.63622e-02
 64    2 1.09573e-02
 64    4 2.64149e-02
 64    6 4.14613e-02
 64    8 5.63061e-02
 64   10 6.75249e-02
 64   12 6.79973e-02
 64   14 6.92500e-02
 64   16 7.51273e-02
 64   18 7.06117e-02
 64   20 6.59685e-02
 64   22 6.62568e-02
 64   24 5.86713e-02
 64   26 7.16667e-02
 64   28 7.14163e-02
 64   30 6.42755e-02
 64   32 7.63395e-02
 64   34 6.73816e-02
 64   36 6.76729e-02
 64   38 7.92268e-02
 64   40 7.87311e-02
 64   42 8.99160e-02
 64   44 9.33325e-02
 64   46 9.90107e-02
 64   48 1.25283e-01
 64   50 1.18495e-01
 64   52 1.38479e-01
 64   54 2.00718e-01
 64   56 1.75196e-01
 64   58 1.85245e-01
 64   60 4.96653e-01
 64   62 1.46031e+00
 64   64 1.83437e+01
 64   66 1.43891e+00
 64   68 4.99200e-01
 64   70 1.97269e-01
 64   72 1.63197e-01
 64   74 1.85607e-01
 64   76 1.41667e-01
 64   78 1.03013e-01
 64   80 1.10122e-01
 64   82 8.57128e-02
 64   84 8.19392e-02
 64   86 8.15498e-02
 64   88 9.19847e-02
 64   90 8.84292e-02
 65    1 3.26550e-03
 65    3 1.78068e-02
 65    5 3.00791e-02
 65    7 4.51067e-02
 65    9 6.14680e-02
 65   11 6.38850e-02
 65   13 6.33048e-02
 65   15 6.77521e-02
 65   17 7.00729e-02
 65   19 6.84000e-02
 65   21 6.62898e-02
 65   23 6.16024e-02
 65   25 6.53125e-02
 65   27 6.74636e-02
 65   29 6.99932e-02
 65   31 6.67360e-02
 65   33 6.40996e-02
 65   35 6.74776e-02
 65   37 7.38145e-02
 65   39 7.89850e-02
 65   41 8.17138e-02
 65   43 8.21603e-02
 65   45 8.16552e-02
 65   47 1.08052e-01
 65   49 1.25931e-01
 65   51 1.20017e-01
 65   53 1.35578e-01
 65   55 1.83956e-01
 65   57 1.79019e-01
 65   59 1.81827e-01
 65   61 4.90588e-01
 65   63 1.42539e+00
 65   65 1.81198e+01
 65   67 1.40787e+00
 65   69 4.91325e-01
 65   71 1.94329e-01
 65   73 1.60584e-01
 65   75 1.84840e-01
 65   77 1.36222e-01
 65   79 1.09191e-01
 65   81 9.74862e-02
 65   83 9.09919e-02
 65   85 7.71096e-02
 65   87 8.17691e-02
 65   89 9.13035e-02
 65   91 7.78751e-02
 66    2 1.18220e-02
 66    4 2.79874e-02
 66    6 4.38530e-02
 66    8 5.63697e-02
 66   10 6.96739e-02
 66   12 6.63342e-02
 66   14 6.51898e-02
 66   16 6.77955e-02
 66   18 6.36470e-02
 66   20 6.81735e-02
 66   22 7.00998e-02
 66   24 6.47432e-02
 66   26 5.77389e-02
 66   28 6.56440e-02
 66   30 5.75609e-02
 66   32 6.71102e-02
 66   34 6.47903e-02
 66   36 7.34575e-02
 66   38 7.22843e-02
 66   40 7.45725e-02
 66   42 7.63256e-02
 66   44 7.36618e-02
 66   46 9.69754e-02
 66   48 1.08871e-01
 66   50 1.21181e-01
 66   52 1.08748e-01
 66   54 1.29355e-01
 66   56 1.92424e-01
 66   58 1.69581e-01
 66   60 1.81828e-01
 66   62 4.79974e-01
 66   64 1.39942e+00
 66   66 1.78699e+01
 66   68 1.38213e+00
 66   70 4.80928e-01
 66   72 1.92665e-01
 66   74 1.63042e-01
 66   76 1.76091e-01
 66   78 1.29333e-01
 66   80 9.98089e-02
 66   82 1.10673e-01
 66   84 9.14138e-02
 66   86 7.83080e-02
 66   88 9.88908e-02
 66   90 8.67087e-02
 67    1 4.14009e-03
 67    3 1.90249e-02
 67    5 3.57437e-02
 67    7 4.72533e-02
 67    9 6.33645e-02
 67   11 6.74656e-02
 67   13 6.74554e-02
 67   15 6.86385e-02
 67   17 6.65052e-02
 67   19 6.15015e-02
 67   21 6.44761e-02
 67   23 7.17493e-02
 67   25 6.29351e-02
 67   27 5.72016e-02
 67   29 5.84820e-02
 67   31 6.16598e-02
 67   33 5.87364e-02
 67   35 6.27351e-02
 67   37 6.75869e-02
 67   39 6.89810e-02
 67   41 7.23868e-02
 67   43 7.49223e-02
 67   45 7.72662e-02
 67   47 8.35881e-02
 67   49 1.07137e-01
 67   51 1.10469e-01
 67   53 1.11862e-01
 67   55 1.30469e-01
 67   57 1.79984e-01
 67   59 1.68597e-01
 67   61 1.87960e-01
 67   63 4.72683e-01
 67   65 1.36996e+00
 67   67 1.76360e+01
 67   69 1.35210e+00
 67   71 4.71222e-01
 67   73 1.89266e-01
 67   75 1.60368e-01
 67   77 1.77443e-01
 67   79 1.22571e-01
 67   81 1.00529e-01
 67   83 1.07011e-01
 67   85 9.39680e-02
 67   87 7.78000e-02
 67   89 8.47932e-02
 67   91 8.79911e-02
 68    2 1.30550e-02
 68    4 3.02326e-02
 68    6 4.48800e-02
 68    8 5.89383e-02
 68   10 7.36994e-02
 68   12 6.75211e-02
 68   14 7.36067e-02
 68   16 7.85104e-02
 68   18 6.48375e-02
 68   20 5.96505e-02
 68   22 6.14554e-02
 68   24 5.75320e-02
 68   26 5.62719e-02
 68   28 5.68019e-02
 68   30 5.56548e-02
 68   32 5.77834e-02
 68   34 5.81598e-02
 68   36 6.20247e-02
 68   38 6.51856e-02
 68   40 6.44265e-02
 68   42 7.18260e-02
 68   44 8.13457e-02
 68   46 8.14300e-02
 68   48 8.14124e-02
 68   50 1.00812e-01
 68   52 1.06374e-01
 68   54 1.07727e-01
 68   56 1.26862e-01
 68   58 1.72307e-01
 68   60 1.68683e-01
 68   62 1.82399e-01
 68   64 4.72670e-01
 68   66 1.34560e+00
 68   68 1.73947e+01
 68   70 1.34482e+00
 68   72 4.74317e-01
 68   74 1.88363e-01
 68   76 1.51362e-01
 68   78 1.74235e-01
 68   80 1.18948e-01
 68   82 1.13121e-01
 68   84 9.71073e-02
 68   86 8.71365e-02
 68   88 9.23100e-02
 68   90 8.65457e-02
 69    1 3.61124e-03
 69    3 1.77425e-02
 69    5 3.23856e-02
 69    7 5.01058e-02
 69    9 6.80101e-02
 69   11 6.70814e-02
 69   13 6.03547e-02
 69   15 6.46652e-02
 69   17 7.47779e-02
 69   19 6.65094e-02
 69   21 5.89712e-02
 69   23 5.47191e-02
 69   25 5.02225e-02
 69   27 5.37531e-02
 69   29 5.60896e-02
 69   31 5.49261e-02
 69   33 5.77684e-02
 69   35 5.76094e-02
 69   37 6.19908e-02
 69   39 6.78017e-02
 69   41 6.71326e-02
 69   43 7.13841e-02
 69   45 8.67740e-02
 69   47 8.05679e-02
 69   49 8.22671e-02
 69   51 9.88173e-02
 69   53 1.06459e-01
 69   55 1.09508e-01
 69   57 1.26080e-01
 69   59 1.70116e-01
 69   61 1.60179e-01
 69   63 1.79912e-01
 69   65 4.65692e-01
 69   67 1.31703e+00
 69   69 1.71522e+01
 69   71 1.30876e+00
 69   73 4.64974e-01
 69   75 1.88225e-01
 69   77 1.55244e-01
 69   79 1.64810e-01
 69   81 1.16725e-01
 69   83 1.05368e-01
 69   85 1.01451e-01
 69   87 8.24055e-02
 69   89 9.31523e-02
 69   91 8.81913e-02
 70    2 1.24405e-02
 70    4 2.63898e-02
 70    6 4.28110e-02
 70    8 5.78944e-02
 70   10 7.04484e-02
 70   12 6.47098e-02
 70   14 6.39326e-02
 70   16 6.12143e-02
 70   18 6.95681e-02
 70   20 7.03373e-02
 70   22 6.54515e-02
 70   24 6.62712e-02
 70   26 5.28669e-02
 70   28 5.60353e-02
 70   30 5.64192e-02
 70   32 7.48629e-02
 70   34 6.22020e-02
 70   36 6.09505e-02
 70   38 6.19309e-02
 70   40 6.10262e-02
 70   42 6.80673e-02
 70   44 6.55862e-02
 70   46 6.97246e-02
 70   48 7.92974e-02
 70   50 8.05557e-02
 70   52 8.58000e-02
 70   54 1.07385e-01
 70   56 9.86285e-02
 70   58 1.22812e-01
 70   60 1.83007e-01
 70   62 1.55282e-01
 70   64 1.82028e-01
 70   66 4.56294e-01
 70   68 1.31057e+00
 70   70 1.69445e+01
 70   72 1.29367e+00
 70   74 4.49545e-01
 70   76 1.85058e-01
 70   78 1.41015e-01
 70   80 1.60670e-01
 70   82 1.23644e-01
 70   84 1.01377e-01
 70   86 9.16090e-02
 70   88 9.25295e-02
 70   90 8.45325e-02
 71    1 3.63918e-03
 71    3 1.82204e-02
 71    5 3.37123e-02
 71    7 5.04091e-02
 71    9 6.70139e-02
 71   11 6.44274e-02
 71   13 6.48202e-02
 71   15 6.67696e-02
 71   17 5.67110e-02
 71   19 5.64814e-02
 71   21 6.69588e-02
 71   23 6.43963e-02
 71   25 6.34317e-02
 71   27 6.04439e-02
 71   29 5.33671e-02
 71   31 6.09048e-02
 71   33 6.29417e-02
 71   35 5.95173e-02
 71   37 6.13358e-02
 71   39 5.84158e-02
 71   41 6.19713e-02
 71   43 7.03032e-02
 71   45 6.27502e-02
 71   47 7.15623e-02
 71   49 7.18930e-02
 71   51 7.58874e-02
 71   53 8.81089e-02
 71   55 1.08918e-01
 71   57 9.31909e-02
 71   59 1.22116e-01
 71   61 1.73828e-01
 71   63 1.67247e-01
 71   65 1.79586e-01
 71   67 4.47522e-01
 71   69 1.27604e+00
 71   71 1.67375e+01
 71   73 1.26847e+00
 71   75 4.40856e-01
 71   77 1.81608e-01
 71   79 1.38437e-01
 71   81 1.49882e-01
 71   83 1.27798e-01
 71   85 9.44879e-02
 71   87 8.93036e-02
 71   89 9.20135e-02
 71   91 8.00701e-02
 72    2 1.01279e-02
 72    4 2.29049e-02
 72    6 4.14107e-02
 72    8 5.49807e-02
 72   10 5.81050e-02
 72   12 5.90900e-02
 72   14 5.71674e-02
 72   16 6.28434e-02
 72   18 6.18227e-02
 72   20 5.68217e-02
 72   22 4.47247e-02
 72   24 5.47368e-02
 72   26 5.69388e-02
 72   28 6.49564e-02
 72   30 6.15069e-02
 72   32 5.42209e-02
 72   34 5.76145e-02
 72   36 5.15051e-02
 72   38 6.25628e-02
 72   40 6.16746e-02
 72   42 6.78959e-02
 72   44 7.01098e-02
 72   46 7.58749e-02
 72   48 7.46079e-02
 72   50 6.76039e-02
 72   52 9.12789e-02
 72   54 8.76557e-02
 72   56 9.91799e-02
 72   58 9.72720e-02
 72   60 1.27887e-01
 72   62 1.91364e-01
 72   64 1.46892e-01
 72   66 1.78309e-01
 72   68 4.50891e-01
 72   70 1.26192e+00
 72   72 1.65478e+01
 72   74 1.23401e+00
 72   76 4.37204e-01
 72   78 1.80371e-01
 72   80 1.38155e-01
 72   82 1.52876e-01
 72   84 1.23679e-01
 72   86 1.04442e-01
 72   88 1.04522e-01
 72   90 8.85654e-02
 73    1 3.16818e-03
 73    3 1.54092e-02
 73    5 2.88737e-02
 73    7 4.37704e-02
 73    9 6.15461e-02
 73   11 5.96605e-02
 73   13 5.15334e-02
 73   15 5.63971e-02
 73   17 5.64763e-02
 73   19 5.96829e-02
 73   21 5.13129e-02
 73   23 4.52490e-02
 73   25 4.58521e-02
 73   27 6.35949e-02
 73   29 6.48104e-02
 73   31 6.13944e-02
 73   33 5.44602e-02
 73   35 5.07353e-02
 73   37 5.49336e-02
 73   39 6.48177e-02
 73   41 6.77707e-02
 73   43 6.16205e-02
 73   45 7.24467e-02
 73   47 7.07434e-02
 73   49 7.57747e-02
 73   51 7.11293e-02
 73   53 8.49550e-02
 73   55 8.82408e-02
 73   57 9.71811e-02
 73   59 9.78924e-02
 73   61 1.27181e-01
 73   63 1.78561e-01
 73   65 1.44823e-01
 73   67 1.75414e-01
 73   69 4.42420e-01
 73   71 1.23789e+00
 73   73 1.63463e+01
 73   75 1.21612e+00
 73   77 4.32705e-01
 73   79 1.80864e-01
 73   81 1.31366e-01
 73   83 1.49789e-01
 73   85 1.21894e-01
 73   87 1.02006e-01
 73   89 9.87454e-02
 73   91 8.03546e-02
 74    2 8.00995e-03
 74    4 2.22828e-02
 74    6 3.70670e-02
 74    8 5.49884e-02
 74   10 6.85600e-02
 74   12 6.34436e-02
 74   14 5.72879e-02
 74   16 5.55738e-02
 74   18 5.51708e-02
 74   20 6.86193e-02
 74   22 8.01756e-02
 74   24 7.40081e-02
 74   26 6.94633e-02
 74   28 5.79960e-02
 74   30 5.76148e-02
 74   32 5.62891e-02
 74   34 5.95380e-02
 74   36 5.28307e-02
 74   38 6.02014e-02
 74   40 5.95046e-02
 74   42 6.08643e-02
 74   44 6.62939e-02
 74   46 5.84879e-02
 74   48 5.87104e-02
 74   50 6.38544e-02
 74   52 6.67751e-02
 74   54 6.61987e-02
 74   56 8.54135e-02
 74   58 9.49132e-02
 74   60 9.22020e-02
 74   62 1.18965e-01
 74   64 1.63108e-01
 74   66 1.47321e-01
 74   68 1.74821e-01
 74   70 4.28127e-01
 74   72 1.20480e+00
 74   74 1.61462e+01
 74   76 1.19383e+00
 74   78 4.15103e-01
 74   80 1.67814e-01
 74   82 1.48733e-01
 74   84 1.62932e-01
 74   86 1.30118e-01
 74   88 1.22673e-01
 74   90 9.59767e-02
 75    1 3.94268e-03
 75    3 1.83121e-02
 75    5 3.08114e-02
 75    7 4.63212e-02
 75    9 5.85135e-02
 75   11 5.93609e-02
 75   13 6.02325e-02
 75   15 6.49974e-02
 75   17 5.44592e-02
 75   19 5.93563e-02
 75   21 6.61136e-02
 75   23 7.16494e-02
 75   25 7.23719e-02
 75   27 6.25110e-02
 75   29 5.65002e-02
 75   31 5.21444e-02
 75   33 5.91270e-02
 75   35 5.38518e-02
 75   37 5.39703e-02
 75   39 5.90852e-02
 75   41 5.43337e-02
 75   43 6.03531e-02
 75   45 5.76277e-02
 75   47 5.88439e-02
 75   49 5.81184e-02
 75   51 6.45874e-02
 75   53 6.87917e-02
 75   55 6.53761e-02
 75   57 7.99776e-02
 75   59 9.64829e-02
 75   61 9.28942e-02
 75   63 1.19242e-01
 75   65 1.62823e-01
 75   67 1.45175e-01
 75   69 1.74931e-01
 75   71 4.20224e-01
 75   73 1.18784e+00
 75   75 1.59588e+01
 75   77 1.15714e+00
 75   79 4.09674e-01
 75   81 1.70652e-01
 75   83 1.40987e-01
 75   85 1.51109e-01
 75   87 1.28405e-01
 75   89 1.18754e-01
 75   91 9.92267e-02
 76    2 7.00932e-03
 76    4 1.99509e-02
 76    6 3.07455e-02
 76    8 4.25463e-02
 76   10 4.93642e-02
 76   12 4.72251e-02
 76   14 5.00966e-02
 76   16 4.66529e-02
 76   18 4.98675e-02
 76   20 4.77395e-02
 76   22 4.53696e-02
 76   24 4.95780e-02
 76   26 6.00150e-02
 76   28 6.11821e-02
 76   30 5.95125e-02
 76   32 5.68230e-02
 76   34 5.41612e-02
 76   36 6.94969e-02
 76   38 5.70694e-02
 76   40 6.40482e-02
 76   42 6.92325e-02
 76   44 6.65004e-02
 76   46 6.33007e-02
 76   48 7.28215e-02
 76   50 7.22765e-02
 76   52 7.01657e-02
 76   54 6.94363e-02
 76   56 7.95556e-02
 76   58 8.55642e-02
 76   60 8.98648e-02
 76   62 9.31236e-02
 76   64 1.21651e-01
 76   66 1.55478e-01
 76   68 1.37271e-01
 76   70 1.72216e-01
 76   72 4.17104e-01
 76   74 1.16657e+00
 76   76 1.57563e+01
 76   78 1.13563e+00
 76   80 4.05905e-01
 76   82 2.14396e-01
 76   84 1.55007e-01
 76   86 1.55135e-01
 76   88 1.41233e-01
 76   90 1.22239e-01
 77    1 2.37366e-03
 77    3 1.32068e-02
 77    5 2.31279e-02
 77    7 3.51844e-02
 77    9 4.55375e-02
 77   11 4.77616e-02
 77   13 4.39946e-02
 77   15 4.41216e-02
 77   17 4.50271e-02
 77   19 4.83605e-02
 77   21 4.60807e-02
 77   23 4.02644e-02
 77   25 4.86668e-02
 77   27 5.07092e-02
 77   29 6.20834e-02
 77   31 5.40348e-02
 77   33 5.41468e-02
 77   35 6.52746e-02
 77   37 5.88383e-02
 77   39 6.21666e-02
 77   41 6.04098e-02
 77   43 6.50189e-02
 77   45 6.32499e-02
 77   47 6.08908e-02
 77   49 6.69753e-02
 77   51 7.46821e-02
 77   53 7.10237e-02
 77   55 6.49543e-02
 77   57 7.74894e-02
 77   59 8.45077e-02
 77   61 9.37159e-02
 77   63 9.03194e-02
 77   65 1.17303e-01
 77   67 1.57028e-01
 77   69 1.41042e-01
 77   71 1.69225e-01
 77   73 4.13161e-01
 77   75 1.13118e+00
 77   77 1.56147e+01
 77   79 1.11125e+00
 77   81 3.98404e-01
 77   83 2.04507e-01
 77   85 1.62188e-01
 77   87 1.50968e-01
 77   89 1.45965e-01
 77   91 1.14354e-01
 78    2 1.01984e-02
 78    4 2.08317e-02
 78    6 3.43892e-02
 78    8 4.70723e-02
 78   10 5.29001e-02
 78   12 5.42582e-02
 78   14 5.81607e-02
 78   16 5.53532e-02
 78   18 5.55333e-02
 78   20 5.54960e-02
 78   22 6.26280e-02
 78   24 6.87170e-02
 78   26 6.43840e-02
 78   28 6.33040e-02
 78   30 5.52584e-02
 78   32 5.19028e-02
 78   34 4.69482e-02
 78   36 4.18144e-02
 78   38 5.91438e-02
 78   40 8.28870e-02
 78   42 6.16189e-02
 78   44 5.48868e-02
 78   46 5.47102e-02
 78   48 6.20700e-02
 78   50 7.87381e-02
 78   52 6.86730e-02
 78   54 6.99487e-02
 78   56 6.63355e-02
 78   58 7.63323e-02
 78   60 9.09289e-02
 78   62 9.50593e-02
 78   64 8.65086e-02
 78   66 1.11677e-01
 78   68 1.54532e-01
 78   70 1.28337e-01
 78   72 1.68286e-01
 78   74 3.96681e-01
 78   76 1.11060e+00
 78   78 1.54021e+01
 78   80 1.09048e+00
 78   82 4.17273e-01
 78   84 2.12311e-01
 78   86 1.46543e-01
 78   88 1.67082e-01
 78   90 1.11012e-01
 79    1 3.44453e-03
 79    3 1.57090e-02
 79    5 2.77099e-02
 79    7 3.95262e-02
 79    9 4.78999e-02
 79   11 4.66273e-02
 79   13 4.66769e-02
 79   15 5.42873e-02
 79   17 5.73080e-02
 79   19 5.42111e-02
 79   21 5.92577e-02
 79   23 6.31754e-02
 79   25 6.10132e-02
 79   27 6.58741e-02
 79   29 5.38839e-02
 79   31 5.51460e-02
 79   33 6.03506e-02
 79   35 5.03076e-02
 79   37 4.47388e-02
 79   39 5.71158e-02
 79   41 6.20214e-02
 79   43 7.42691e-02
 79   45 5.30122e-02
 79   47 5.85537e-02
 79   49 6.33704e-02
 79   51 6.42389e-02
 79   53 7.67798e-02
 79   55 7.01093e-02
 79   57 6.42231e-02
 79   59 7.20837e-02
 79   61 8.73545e-02
 79   63 9.19031e-02
 79   65 9.19906e-02
 79   67 1.06121e-01
 79   69 1.46490e-01
 79   71 1.26204e-01
 79   73 1.68956e-01
 79   75 3.91809e-01
 79   77 1.08719e+00
 79   79 1.52520e+01
 79   81 1.06532e+00
 79   83 4.15520e-01
 79   85 2.05620e-01
 79   87 1.46510e-01
 79   89 1.62186e-01
 79   91 1.09563e-01
 80    2 8.39407e-03
 80    4 1.79660e-02
 80    6 2.76315e-02
 80    8 3.71097e-02
 80   10 4.50039e-02
 80   12 3.95962e-02
 80   14 4.09768e-02
 80   16 3.68587e-02
 80   18 3.69432e-02
 80   20 4.18990e-02
 80   22 4.26520e-02
 80   24 5.34796e-02
 80   26 6.14534e-02
 80   28 6.12166e-02
 80   30 6.20001e-02
 80   32 7.08001e-02
 80   34 7.23517e-02
 80   36 7.92541e-02
 80   38 7.58973e-02
 80   40 6.76167e-02
 80   42 7.49165e-02
 80   44 7.09053e-02
 80   46 8.26426e-02
 80   48 6.58683e-02
 80   50 6.44413e-02
 80   52 8.44723e-02
 80   54 7.08732e-02
 80   56 6.87870e-02
 80   58 6.61715e-02
 80   60 7.05015e-02
 80   62 8.43646e-02
 80   64 9.05113e-02
 80   66 8.43492e-02
 80   68 1.03252e-01
 80   70 1.43114e-01
 80   72 1.26156e-01
 80   74 1.56955e-01
 80   76 3.88513e-01
 80   78 1.06728e+00
 80   80 1.51208e+01
 80   82 1.06182e+00
 80   84 4.06843e-01
 80   86 2.10335e-01
 80   88 1.75478e-01
 80   90 1.36883e-01
 81    1 3.52386e-03
 81    3 1.50228e-02
 81    5 2.48558e-02
 81    7 3.35084e-02
 81    9 4.43379e-02
 81   11 3.92267e-02
 81   13 4.28837e-02
 81   15 4.23273e-02
 81   17 3.91582e-02
 81   19 3.54522e-02
 81   21 3.72275e-02
 81   23 4.11287e-02
 81   25 5.58868e-02
 81   27 6.38770e-02
 81   29 6.33518e-02
 81   31 6.59409e-02
 81   33 6.72642e-02
 81   35 7.08986e-02
 81   37 7.49446e-02
 81   39 7.48174e-02
 81   41 7.16284e-02
 81   43 6.02112e-02
 81   45 8.04944e-02
 81   47 7.22689e-02
 81   49 6.32510e-02
 81   51 6.46744e-02
 81   53 8.04070e-02
 81   55 6.92276e-02
 81   57 7.24289e-02
 81   59 6.24483e-02
 81   61 6.33085e-02
 81   63 8.75602e-02
 81   65 8.04125e-02
 81   67 8.52173e-02
 81   69 1.01581e-01
 81   71 1.33781e-01
 81   73 1.20151e-01
 81   75 1.59799e-01
 81   77 3.81629e-01
 81   79 1.04305e+00
 81   81 1.49633e+01
 81   83 1.04208e+00
 81   85 4.01578e-01
 81   87 2.07165e-01
 81   89 1.74271e-01
 81   91 1.31816e-01
 82    2 8.18422e-03
 82    4 1.70347e-02
 82    6 2.50542e-02
 82    8 3.14640e-02
 82   10 3.45884e-02
 82   12 3.62175e-02
 82   14 4.53416e-02
 82   16 5.33924e-02
 82   18 5.56569e-02
 82   20 5.37564e-02
 82   22 5.56053e-02
 82   24 5.70742e-02
 82   26 5.47153e-02
 82   28 5.00265e-02
 82   30 5.47125e-02
 82   32 5.01718e-02
 82   34 4.79157e-02
 82   36 5.66635e-02
 82   38 5.71268e-02
 82   40 4.62977e-02
 82   42 5.33290e-02
 82   44 4.85988e-02
 82   46 5.53722e-02
 82   48 6.18062e-02
 82   50 5.51799e-02
 82   52 5.23142e-02
 82   54 5.84182e-02
 82   56 6.93738e-02
 82   58 6.07095e-02
 82   60 5.89204e-02
 82   62 6.14585e-02
 82   64 6.90016e-02
 82   66 9.16095e-02
 82   68 9.61777e-02
 82   70 1.07871e-01
 82   72 1.36731e-01
 82   74 1.36251e-01
 82   76 2.00994e-01
 82   78 4.00006e-01
 82   80 1.04001e+00
 82   82 1.48059e+01
 82   84 1.04757e+00
 82   86 4.13846e-01
 82   88 2.54694e-01
 82   90 1.82426e-01
 83    1 1.91193e-03
 83    3 1.08360e-02
 83    5 2.07418e-02
 83    7 2.84900e-02
 83    9 3.68272e-02
 83   11 3.63654e-02
 83   13 3.53710e-02
 83   15 4.28227e-02
 83   17 4.97061e-02
 83   19 5.53307e-02
 83   21 5.18841e-02
 83   23 5.53256e-02
 83   25 5.56847e-02
 83   27 5.10225e-02
 83   29 5.00455e-02
 83   31 5.54573e-02
 83   33 4.64294e-02
 83   35 4.99972e-02
 83   37 5.32033e-02
 83   39 5.21701e-02
 83   41 5.34472e-02
 83   43 5.13775e-02
 83   45 4.88096e-02
 83   47 5.49467e-02
 83   49 6.11225e-02
 83   51 5.75992e-02
 83   53 5.04557e-02
 83   55 6.40971e-02
 83   57 6.16148e-02
 83   59 6.08128e-02
 83   61 6.15320e-02
 83   63 5.60730e-02
 83   65 7.35407e-02
 83   67 8.88807e-02
 83   69 8.98468e-02
 83   71 1.11767e-01
 83   73 1.34236e-01
 83   75 1.29356e-01
 83   77 1.91941e-01
 83   79 3.98623e-01
 83   81 1.02105e+00
 83   83 1.46601e+01
 83   85 1.03158e+00
 83   87 4.04347e-01
 83   89 2.50609e-01
 83   91 1.76361e-01
 84    2 7.53238e-03
 84    4 2.03863e-02
 84    6 3.07181e-02
 84    8 4.01183e-02
 84   10 4.21344e-02
 84   12 3.37952e-02
 84   14 3.39792e-02
 84   16 4.09035e-02
 84   18 3.87138e-02
 84   20 4.27137e-02
 84   22 4.51321e-02
 84   24 3.90336e-02
 84   26 4.49334e-02
 84   28 5.80483e-02
 84   30 6.10404e-02
 84   32 6.24745e-02
 84   34 7.02143e-02
 84   36 6.86992e-02
 84   38 6.09700e-02
 84   40 5.77009e-02
 84   42 6.72667e-02
 84   44 6.37023e-02
 84   46 5.21574e-02
 84   48 6.49643e-02
 84   50 5.94437e-02
 84   52 5.88527e-02
 84   54 6.23420e-02
 84   56 6.52108e-02
 84   58 5.90880e-02
 84   60 5.53533e-02
 84   62 6.28742e-02
 84   64 6.46554e-02
 84   66 7.41668e-02
 84   68 8.09248e-02
 84   70 8.66905e-02
 84   72 1.08423e-01
 84   74 1.46298e-01
 84   76 1.42435e-01
 84   78 1.99489e-01
 84   80 3.90582e-01
 84   82 1.02679e+00
 84   84 1.44183e+01
 84   86 1.00375e+00
 84   88 4.33880e-01
 84   90 2.22290e-01
 85    1 2.13903e-03
 85    3 1.24071e-02
 85    5 2.36243e-02
 85    7 3.20009e-02
 85    9 4.38389e-02
 85   11 3.73948e-02
 85   13 3.30049e-02
 85   15 3.28316e-02
 85   17 3.81988e-02
 85   19 3.45205e-02
 85   21 4.13064e-02
 85   23 4.32991e-02
 85   25 4.23529e-02
 85   27 4.61522e-02
 85   29 5.67466e-02
 85   31 5.68835e-02
 85   33 6.28276e-02
 85   35 6.47055e-02
 85   37 6.89145e-02
 85   39 5.89204e-02
 85   41 5.92208e-02
 85   43 6.47761e-02
 85   45 5.55177e-02
 85   47 5.26458e-02
 85   49 7.08303e-02
 85   51 6.20156e-02
 85   53 5.91355e-02
 85   55 5.66406e-02
 85   57 6.91006e-02
 85   59 5.97071e-02
 85   61 5.49236e-02
 85   63 5.80379e-02
 85   65 6.11062e-02
 85   67 7.65266e-02
 85   69 8.48206e-02
 85   71 8.10251e-02
 85   73 1.07108e-01
 85   75 1.35940e-01
 85   77 1.49256e-01
 85   79 1.93413e-01
 85   81 3.85804e-01
 85   83 1.01148e+00
 85   85 1.42805e+01
 85   87 9.86075e-01
 85   89 4.22677e-01
 85   91 2.18297e-01
 86    2 8.52700e-03
 86    4 1.91174e-02
 86    6 3.38648e-02
 86    8 4.49713e-02
 86   10 5.07326e-02
 86   12 4.87419e-02
 86   14 4.94473e-02
 86   16 5.13390e-02
 86   18 5.69268e-02
 86   20 5.24481e-02
 86   22 5.81085e-02
 86   24 5.26083e-02
 86   26 4.88506e-02
 86   28 5.37233e-02
 86   30 5.55836e-02
 86   32 6.07355e-02
 86   34 6.48699e-02
 86   36 5.08316e-02
 86   38 6.06851e-02
 86   40 5.68488e-02
 86   42 4.63960e-02
 86   44 5.72385e-02
 86   46 5.69492e-02
 86   48 4.77571e-02
 86   50 6.05384e-02
 86   52 6.70148e-02
 86   54 5.88993e-02
 86   56 5.33558e-02
 86   58 5.92137e-02
 86   60 5.56841e-02
 86   62 6.02163e-02
 86   64 6.31156e-02
 86   66 6.23167e-02
 86   68 7.12248e-02
 86   70 7.68373e-02
 86   72 8.98054e-02
 86   74 1.14596e-01
 86   76 1.39823e-01
 86   78 1.35056e-01
 86   80 1.98061e-01
 86   82 3.97869e-01
 86   84 9.84528e-01
 86   86 1.43351e+01
 86   88 1.03835e+00
 86   90 4.00201e-01
 87    1 2.51688e-03
 87    3 1.30568e-02
 87    5 2.43158e-02
 87    7 3.65337e-02
 87    9 4.55670e-02
 87   11 4.75771e-02
 87   13 4.53620e-02
 87   15 4.52545e-02
 87   17 4.76510e-02
 87   19 5.38639e-02
 87   21 5.50777e-02
 87   23 5.82184e-02
 87   25 5.30164e-02
 87   27 4.72094e-02
 87   29 4.97238e-02
 87   31 5.29743e-02
 87   33 6.08114e-02
 87   35 6.46880e-02
 87   37 5.19303e-02
 87   39 5.82426e-02
 87   41 5.50481e-02
 87   43 5.24057e-02
 87   45 5.33514e-02
 87   47 5.85953e-02
 87   49 4.68044e-02
 87   51 5.88416e-02
 87   53 6.54563e-02
 87   55 5.64220e-02
 87   57 5.21902e-02
 87   59 5.58628e-02
 87   61 5.89812e-02
 87   63 5.53884e-02
 87   65 6.35791e-02
 87   67 6.21670e-02
 87   69 6.76006e-02
 87   71 7.51380e-02
 87   73 8.79456e-02
 87   75 1.13341e-01
 87   77 1.36316e-01
 87   79 1.35219e-01
 87   81 1.95281e-01
 87   83 3.89004e-01
 87   85 9.67515e-01
 87   87 1.42073e+01
 87   89 1.01778e+00
 87   91 3.97643e-01
 88    2 7.23689e-03
 88    4 1.61041e-02
 88    6 2.59765e-02
 88    8 3.75851e-02
 88   10 3.74115e-02
 88   12 3.46719e-02
 88   14 3.39846e-02
 88   16 3.48309e-02
 88   18 3.30207e-02
 88   20 3.67041e-02
 88   22 3.80655e-02
 88   24 4.27322e-02
 88   26 4.35692e-02
 88   28 4.20435e-02
 88   30 4.16892e-02
 88   32 4.80012e-02
 88   34 4.51677e-02
 88   36 5.13646e-02
 88   38 4.41593e-02
 88   40 4.97913e-02
 88   42 4.63716e-02
 88   44 4.95379e-02
 88   46 4.96071e-02
 88   48 5.45434e-02
 88   50 4.46847e-02
 88   52 5.82782e-02
 88   54 5.95295e-02
 88   56 5.25174e-02
 88   58 5.54655e-02
 88   60 6.05923e-02
 88   62 5.65994e-02
 88   64 6.98749e-02
 88   66 7.72408e-02
 88   68 7.40579e-02
 88   70 7.61738e-02
 88   72 8.82120e-02
 88   74 1.06041e-01
 88   76 1.24939e-01
 88   78 1.51136e-01
 88   80 1.62182e-01
 88   82 2.40332e-01
 88   84 4.17698e-01
 88   86 1.01915e+00
 88   88 1.47502e+01
 88   90 1.09427e+00
 89    1 2.54335e-03
 89    3 1.21910e-02
 89    5 2.14452e-02
 89    7 3.12719e-02
 89    9 4.00035e-02
 89   11 3.33386e-02
 89   13 3.26399e-02
 89   15 3.41599e-02
 89   17 3.18361e-02
 89   19 3.61107e-02
 89   21 3.65177e-02
 89   23 4.06959e-02
 89   25 4.25981e-02
 89   27 4.23501e-02
 89   29 4.30630e-02
 89   31 3.95015e-02
 89   33 4.13151e-02
 89   35 4.78494e-02
 89   37 4.82517e-02
 89   39 4.52232e-02
 89   41 4.71831e-02
 89   43 4.61821e-02
 89   45 4.37994e-02
 89   47 5.56129e-02
 89   49 4.57753e-02
 89   51 4.95296e-02
 89   53 5.49229e-02
 89   55 5.52169e-02
 89   57 5.19272e-02
 89   59 5.64316e-02
 89   61 5.38033e-02
 89   63 6.10565e-02
 89   65 6.97021e-02
 89   67 6.65234e-02
 89   69 7.50277e-02
 89   71 7.60109e-02
 89   73 8.35870e-02
 89   75 1.02917e-01
 89   77 1.29403e-01
 89   79 1.46966e-01
 89   81 1.61289e-01
 89   83 2.36718e-01
 89   85 4.07184e-01
 89   87 9.99278e-01
 89   89 1.45909e+01
 89   91 1.09478e+00
 90    2 7.37525e-03
 90    4 1.85245e-02
 90    6 2.68404e-02
 90    8 3.80437e-02
 90   10 4.72222e-02
 90   12 4.59799e-02
 90   14 5.31068e-02
 90   16 5.32440e-02
 90   18 5.17674e-02
 90   20 4.94279e-02
 90   22 4.43012e-02
 90   24 4.56162e-02
 90   26 4.84886e-02
 90   28 5.12886e-02
 90   30 5.93154e-02
 90   32 5.44050e-02
 90   34 5.40105e-02
 90   36 5.64131e-02
 90   38 5.78641e-02
 90   40 5.05700e-02
 90   42 5.57638e-02
 90   44 5.13554e-02
 90   46 5.72962e-02
 90   48 5.54205e-02
 90   50 6.10699e-02
 90   52 5.18253e-02
 90   54 5.90428e-02
 90   56 5.92921e-02
 90   58 6.32574e-02
 90   60 5.02584e-02
 90   62 5.36690e-02
 90   64 6.59742e-02
 90   66 6.65160e-02
 90   68 6.81932e-02
 90   70 6.83474e-02
 90   72 7.34102e-02
 90   74 8.14824e-02
 90   76 1.06204e-01
 90   78 9.86242e-02
 90   80 1.24252e-01
 90   82 1.69065e-01
 90   84 2.10177e-01
 90   86 3.85783e-01
 90   88 1.07473e+00
 90   90 1.59121e+01
 91    1 2.14565e-03
 91    3 1.10692e-02
 91    5 2.06154e-02
 91    7 2.99848e-02
 91    9 4.42877e-02
 91   11 4.32664e-02
 91   13 4.69800e-02
 91   15 4.63390e-02
 91   17 5.35942e-02
 91   19 4.89338e-02
 91   21 5.02881e-02
 91   23 4.62006e-02
 91   25 4.33184e-02
 91   27 4.53791e-02
 91   29 4.75011e-02
 91   31 5.88888e-02
 91   33 5.67121e-02
 91   35 5.29877e-02
 91   37 5.30555e-02
 91   39 5.58719e-02
 91   41 5.30206e-02
 91   43 5.48773e-02
 91   45 5.59691e-02
 91   47 4.74270e-02
 91   49 6.46403e-02
 91   51 5.58426e-02
 91   53 5.61148e-02
 91   55 5.91131e-02
 91   57 5.76992e-02
 91   59 5.45696e-02
 91   61 5.65317e-02
 91   63 5.56706e-02
 91   65 5.84072e-02
 91   67 6.78206e-02
 91   69 6.97852e-02
 91   71 6.49837e-02
 91   73 6.68255e-02
 91   75 8.44846e-02
 91   77 9.95990e-02
 91   79 9.75387e-02
 91   81 1.19855e-01
 91   83 1.63661e-01
 91   85 2.06604e-01
 91   87 3.83562e-01
 91   89 1.07556e+00
