# 13C+CO2(ji) -> 13C+CO2(jf) molscat cross sections, CS8_JMAX90 approx. (written on 08/08/2023); 
# E=4240.000000 (1/cm) = 0.5256929969474514 eV
# ji  jf sigma(ji,jf) (1e-16 cm^2)
  1    1 2.39501e+02
  1    3 3.00755e+01
  1    5 1.26457e+01
  1    7 8.95270e+00
  1    9 5.62379e+00
  1   11 3.47474e+00
  1   13 2.38340e+00
  1   15 1.69237e+00
  1   17 1.60620e+00
  1   19 1.49222e+00
  1   21 1.21343e+00
  1   23 1.20477e+00
  1   25 1.27398e+00
  1   27 1.09315e+00
  1   29 9.61176e-01
  1   31 1.00687e+00
  1   33 9.87310e-01
  1   35 8.97139e-01
  1   37 8.48839e-01
  1   39 8.77587e-01
  1   41 8.52148e-01
  1   43 7.89870e-01
  1   45 7.58097e-01
  1   47 7.30330e-01
  1   49 6.36742e-01
  1   51 6.04808e-01
  1   53 5.99803e-01
  1   55 5.87120e-01
  1   57 4.98727e-01
  1   59 5.04081e-01
  1   61 4.87407e-01
  1   63 4.76815e-01
  1   65 4.36951e-01
  1   67 4.11249e-01
  1   69 4.29970e-01
  1   71 4.01272e-01
  1   73 3.95626e-01
  1   75 3.17908e-01
  1   77 2.97475e-01
  1   79 3.09866e-01
  1   81 2.89295e-01
  1   83 3.37818e-01
  1   85 2.39608e-01
  1   87 1.46970e-01
  1   89 5.08874e-02
  1   91 1.59588e-02
  2    2 2.51735e+02
  2    4 2.36427e+01
  2    6 1.11440e+01
  2    8 7.45458e+00
  2   10 4.61227e+00
  2   12 2.95512e+00
  2   14 2.06590e+00
  2   16 1.66945e+00
  2   18 1.55859e+00
  2   20 1.35156e+00
  2   22 1.19687e+00
  2   24 1.23078e+00
  2   26 1.18691e+00
  2   28 1.03488e+00
  2   30 9.80255e-01
  2   32 9.94762e-01
  2   34 9.55214e-01
  2   36 8.88647e-01
  2   38 8.73030e-01
  2   40 8.76073e-01
  2   42 8.16242e-01
  2   44 7.72386e-01
  2   46 7.46208e-01
  2   48 6.85047e-01
  2   50 6.11508e-01
  2   52 5.99506e-01
  2   54 6.02072e-01
  2   56 5.24336e-01
  2   58 5.07880e-01
  2   60 4.82625e-01
  2   62 4.86083e-01
  2   64 4.47241e-01
  2   66 4.32565e-01
  2   68 4.33012e-01
  2   70 4.04168e-01
  2   72 4.28017e-01
  2   74 3.44334e-01
  2   76 3.29485e-01
  2   78 3.12340e-01
  2   80 2.92777e-01
  2   82 3.60450e-01
  2   84 2.59560e-01
  2   86 1.89133e-01
  2   88 7.67148e-02
  2   90 3.24375e-02
  3    1 6.01842e+00
  3    3 2.51850e+02
  3    5 2.15210e+01
  3    7 9.87948e+00
  3    9 6.44557e+00
  3   11 4.02315e+00
  3   13 2.59788e+00
  3   15 1.95263e+00
  3   17 1.60192e+00
  3   19 1.43823e+00
  3   21 1.33370e+00
  3   23 1.23899e+00
  3   25 1.17239e+00
  3   27 1.11529e+00
  3   29 1.04259e+00
  3   31 9.84149e-01
  3   33 9.56410e-01
  3   35 9.19342e-01
  3   37 8.85188e-01
  3   39 8.60413e-01
  3   41 8.42996e-01
  3   43 7.97527e-01
  3   45 7.65335e-01
  3   47 7.15152e-01
  3   49 6.55289e-01
  3   51 6.12591e-01
  3   53 6.01237e-01
  3   55 5.82603e-01
  3   57 5.14271e-01
  3   59 5.01146e-01
  3   61 4.83303e-01
  3   63 4.77818e-01
  3   65 4.31934e-01
  3   67 4.22150e-01
  3   69 4.30579e-01
  3   71 3.93929e-01
  3   73 3.93155e-01
  3   75 3.20837e-01
  3   77 2.99939e-01
  3   79 3.09324e-01
  3   81 2.95485e-01
  3   83 3.40960e-01
  3   85 2.22567e-01
  3   87 1.42318e-01
  3   89 5.78008e-02
  3   91 2.23761e-02
  4    2 1.01419e+01
  4    4 2.52303e+02
  4    6 2.00550e+01
  4    8 8.93640e+00
  4   10 5.79355e+00
  4   12 3.60936e+00
  4   14 2.44958e+00
  4   16 1.88121e+00
  4   18 1.51343e+00
  4   20 1.40283e+00
  4   22 1.33180e+00
  4   24 1.18523e+00
  4   26 1.12353e+00
  4   28 1.10835e+00
  4   30 1.02887e+00
  4   32 9.57040e-01
  4   34 9.40167e-01
  4   36 9.24120e-01
  4   38 8.87944e-01
  4   40 8.48360e-01
  4   42 8.16618e-01
  4   44 7.82583e-01
  4   46 7.38249e-01
  4   48 6.85396e-01
  4   50 6.41237e-01
  4   52 6.12135e-01
  4   54 5.94434e-01
  4   56 5.34922e-01
  4   58 5.16003e-01
  4   60 4.86381e-01
  4   62 4.84915e-01
  4   64 4.44764e-01
  4   66 4.43189e-01
  4   68 4.29420e-01
  4   70 4.00622e-01
  4   72 4.15331e-01
  4   74 3.41717e-01
  4   76 3.30801e-01
  4   78 3.16047e-01
  4   80 2.98095e-01
  4   82 3.64846e-01
  4   84 2.49656e-01
  4   86 1.74660e-01
  4   88 7.83905e-02
  4   90 4.13930e-02
  5    1 1.40767e+00
  5    3 1.19715e+01
  5    5 2.52202e+02
  5    7 1.89918e+01
  5    9 8.30890e+00
  5   11 5.33627e+00
  5   13 3.39865e+00
  5   15 2.32763e+00
  5   17 1.76662e+00
  5   19 1.47867e+00
  5   21 1.40618e+00
  5   23 1.28914e+00
  5   25 1.14589e+00
  5   27 1.11895e+00
  5   29 1.09506e+00
  5   31 1.00647e+00
  5   33 9.42963e-01
  5   35 9.33074e-01
  5   37 9.09606e-01
  5   39 8.63626e-01
  5   41 8.33202e-01
  5   43 8.07590e-01
  5   45 7.61350e-01
  5   47 7.13064e-01
  5   49 6.72379e-01
  5   51 6.30228e-01
  5   53 6.03118e-01
  5   55 5.75311e-01
  5   57 5.32117e-01
  5   59 5.08608e-01
  5   61 4.80619e-01
  5   63 4.79231e-01
  5   65 4.31233e-01
  5   67 4.30604e-01
  5   69 4.29429e-01
  5   71 3.86446e-01
  5   73 3.90807e-01
  5   75 3.28252e-01
  5   77 3.12387e-01
  5   79 3.10750e-01
  5   81 2.96484e-01
  5   83 3.33609e-01
  5   85 2.14232e-01
  5   87 1.41274e-01
  5   89 6.01472e-02
  5   91 2.85571e-02
  6    2 3.04713e+00
  6    4 1.27835e+01
  6    6 2.52269e+02
  6    8 1.82591e+01
  6   10 7.86129e+00
  6   12 5.08248e+00
  6   14 3.23837e+00
  6   16 2.20895e+00
  6   18 1.72735e+00
  6   20 1.47481e+00
  6   22 1.35237e+00
  6   24 1.24767e+00
  6   26 1.14388e+00
  6   28 1.09896e+00
  6   30 1.06187e+00
  6   32 9.94067e-01
  6   34 9.39820e-01
  6   36 9.24485e-01
  6   38 8.95134e-01
  6   40 8.56649e-01
  6   42 8.13702e-01
  6   44 7.81413e-01
  6   46 7.36606e-01
  6   48 6.97669e-01
  6   50 6.56746e-01
  6   52 6.24226e-01
  6   54 5.82561e-01
  6   56 5.50231e-01
  6   58 5.31377e-01
  6   60 4.91690e-01
  6   62 4.90882e-01
  6   64 4.42477e-01
  6   66 4.49460e-01
  6   68 4.26329e-01
  6   70 3.96028e-01
  6   72 4.06475e-01
  6   74 3.43608e-01
  6   76 3.46716e-01
  6   78 3.21249e-01
  6   80 2.98548e-01
  6   82 3.51916e-01
  6   84 2.43655e-01
  6   86 1.80311e-01
  6   88 7.68989e-02
  6   90 4.40146e-02
  7    1 6.91341e-01
  7    3 3.81244e+00
  7    5 1.31749e+01
  7    7 2.52278e+02
  7    9 1.76836e+01
  7   11 7.58428e+00
  7   13 4.87776e+00
  7   15 3.07910e+00
  7   17 2.13884e+00
  7   19 1.71012e+00
  7   21 1.43020e+00
  7   23 1.31625e+00
  7   25 1.24869e+00
  7   27 1.13614e+00
  7   29 1.07579e+00
  7   31 1.04686e+00
  7   33 9.91720e-01
  7   35 9.33275e-01
  7   37 8.97799e-01
  7   39 8.80241e-01
  7   41 8.47893e-01
  7   43 8.00491e-01
  7   45 7.60845e-01
  7   47 7.21651e-01
  7   49 6.83713e-01
  7   51 6.41176e-01
  7   53 6.08291e-01
  7   55 5.75182e-01
  7   57 5.40484e-01
  7   59 5.24523e-01
  7   61 4.86969e-01
  7   63 4.79534e-01
  7   65 4.36184e-01
  7   67 4.41175e-01
  7   69 4.20658e-01
  7   71 3.85037e-01
  7   73 3.81728e-01
  7   75 3.37928e-01
  7   77 3.33382e-01
  7   79 3.14944e-01
  7   81 2.89878e-01
  7   83 3.19250e-01
  7   85 2.19003e-01
  7   87 1.46650e-01
  7   89 6.25987e-02
  7   91 3.46643e-02
  8    2 1.49836e+00
  8    4 4.18730e+00
  8    6 1.34222e+01
  8    8 2.52466e+02
  8   10 1.73162e+01
  8   12 7.37724e+00
  8   14 4.70371e+00
  8   16 2.98655e+00
  8   18 2.10812e+00
  8   20 1.65629e+00
  8   22 1.39276e+00
  8   24 1.30616e+00
  8   26 1.22902e+00
  8   28 1.11041e+00
  8   30 1.06046e+00
  8   32 1.03779e+00
  8   34 9.82306e-01
  8   36 9.14419e-01
  8   38 8.97419e-01
  8   40 8.71449e-01
  8   42 8.22243e-01
  8   44 7.75368e-01
  8   46 7.44530e-01
  8   48 7.08596e-01
  8   50 6.59719e-01
  8   52 6.29814e-01
  8   54 5.87570e-01
  8   56 5.58680e-01
  8   58 5.35479e-01
  8   60 5.08994e-01
  8   62 4.92243e-01
  8   64 4.43716e-01
  8   66 4.60327e-01
  8   68 4.26396e-01
  8   70 3.94169e-01
  8   72 3.94395e-01
  8   74 3.47022e-01
  8   76 3.60005e-01
  8   78 3.35644e-01
  8   80 3.02934e-01
  8   82 3.36698e-01
  8   84 2.39776e-01
  8   86 1.86034e-01
  8   88 8.33171e-02
  8   90 5.24111e-02
  9    1 3.33018e-01
  9    3 1.90735e+00
  9    5 4.42002e+00
  9    7 1.35604e+01
  9    9 2.52712e+02
  9   11 1.69842e+01
  9   13 7.18023e+00
  9   15 4.57369e+00
  9   17 2.92087e+00
  9   19 2.04127e+00
  9   21 1.62155e+00
  9   23 1.39201e+00
  9   25 1.29555e+00
  9   27 1.21259e+00
  9   29 1.10111e+00
  9   31 1.05405e+00
  9   33 1.02690e+00
  9   35 9.60001e-01
  9   37 9.03737e-01
  9   39 8.83636e-01
  9   41 8.56251e-01
  9   43 8.04492e-01
  9   45 7.64783e-01
  9   47 7.31096e-01
  9   49 6.87262e-01
  9   51 6.42814e-01
  9   53 6.22712e-01
  9   55 5.80649e-01
  9   57 5.54146e-01
  9   59 5.25262e-01
  9   61 5.08315e-01
  9   63 4.79954e-01
  9   65 4.39314e-01
  9   67 4.55130e-01
  9   69 4.14546e-01
  9   71 3.81387e-01
  9   73 3.76565e-01
  9   75 3.44001e-01
  9   77 3.48807e-01
  9   79 3.26999e-01
  9   81 2.86423e-01
  9   83 3.09290e-01
  9   85 2.16901e-01
  9   87 1.57044e-01
  9   89 7.15923e-02
  9   91 4.14452e-02
 10    2 7.34200e-01
 10    4 2.14991e+00
 10    6 4.57661e+00
 10    8 1.37138e+01
 10   10 2.17009e+02
 10   12 1.55874e+01
 10   14 6.64094e+00
 10   16 4.23571e+00
 10   18 2.62683e+00
 10   20 1.81843e+00
 10   22 1.45649e+00
 10   24 1.24223e+00
 10   26 1.15533e+00
 10   28 1.09948e+00
 10   30 1.00859e+00
 10   32 9.61968e-01
 10   34 9.31433e-01
 10   36 8.91582e-01
 10   38 8.48233e-01
 10   40 8.15743e-01
 10   42 7.77404e-01
 10   44 7.40168e-01
 10   46 7.13838e-01
 10   48 6.73759e-01
 10   50 6.28856e-01
 10   52 6.07877e-01
 10   54 5.70406e-01
 10   56 5.44248e-01
 10   58 5.10121e-01
 10   60 5.02760e-01
 10   62 4.75285e-01
 10   64 4.31288e-01
 10   66 4.52201e-01
 10   68 4.06944e-01
 10   70 3.89131e-01
 10   72 3.70399e-01
 10   74 3.37893e-01
 10   76 3.59603e-01
 10   78 3.38407e-01
 10   80 3.00739e-01
 10   82 3.12436e-01
 10   84 2.23228e-01
 10   86 1.83794e-01
 10   88 9.20692e-02
 10   90 6.13526e-02
 11    1 1.67156e-01
 11    3 9.67155e-01
 11    5 2.30611e+00
 11    7 4.72471e+00
 11    9 1.37977e+01
 11   11 1.90601e+02
 11   13 1.41105e+01
 11   15 6.16158e+00
 11   17 3.93074e+00
 11   19 2.41328e+00
 11   21 1.66613e+00
 11   23 1.32210e+00
 11   25 1.11239e+00
 11   27 1.03581e+00
 11   29 9.90240e-01
 11   31 9.01856e-01
 11   33 8.48644e-01
 11   35 8.28449e-01
 11   37 7.93894e-01
 11   39 7.53284e-01
 11   41 7.14736e-01
 11   43 6.88119e-01
 11   45 6.56702e-01
 11   47 6.23842e-01
 11   49 5.81173e-01
 11   51 5.51400e-01
 11   53 5.39188e-01
 11   55 5.05649e-01
 11   57 4.80085e-01
 11   59 4.47054e-01
 11   61 4.48057e-01
 11   63 4.13696e-01
 11   65 3.75036e-01
 11   67 3.96921e-01
 11   69 3.47896e-01
 11   71 3.30596e-01
 11   73 3.12884e-01
 11   75 2.95656e-01
 11   77 3.09263e-01
 11   79 2.82929e-01
 11   81 2.45021e-01
 11   83 2.41904e-01
 11   85 1.73565e-01
 11   87 1.38622e-01
 11   89 7.14115e-02
 11   91 4.45489e-02
 12    2 3.90119e-01
 12    4 1.11078e+00
 12    6 2.45385e+00
 12    8 4.84531e+00
 12   10 1.29269e+01
 12   12 1.70541e+02
 12   14 1.27521e+01
 12   16 5.68001e+00
 12   18 3.69636e+00
 12   20 2.26819e+00
 12   22 1.55549e+00
 12   24 1.22866e+00
 12   26 1.04125e+00
 12   28 9.73622e-01
 12   30 9.30418e-01
 12   32 8.39675e-01
 12   34 7.88115e-01
 12   36 7.75023e-01
 12   38 7.41590e-01
 12   40 6.83785e-01
 12   42 6.46089e-01
 12   44 6.24274e-01
 12   46 5.98618e-01
 12   48 5.54071e-01
 12   50 5.22473e-01
 12   52 4.99386e-01
 12   54 4.65417e-01
 12   56 4.53721e-01
 12   58 4.01102e-01
 12   60 4.05956e-01
 12   62 3.73148e-01
 12   64 3.48434e-01
 12   66 3.49354e-01
 12   68 3.00719e-01
 12   70 3.08166e-01
 12   72 2.62926e-01
 12   74 2.50803e-01
 12   76 2.72668e-01
 12   78 2.48165e-01
 12   80 2.20103e-01
 12   82 1.96151e-01
 12   84 1.37536e-01
 12   86 1.21724e-01
 12   88 7.35543e-02
 12   90 6.48336e-02
 13    1 9.67248e-02
 13    3 5.26853e-01
 13    5 1.23905e+00
 13    7 2.56343e+00
 13    9 4.92085e+00
 13   11 1.19037e+01
 13   13 1.54940e+02
 13   15 1.15053e+01
 13   17 5.20815e+00
 13   19 3.46611e+00
 13   21 2.11946e+00
 13   23 1.44015e+00
 13   25 1.14486e+00
 13   27 9.64491e-01
 13   29 8.92599e-01
 13   31 8.50930e-01
 13   33 7.74330e-01
 13   35 7.24744e-01
 13   37 7.06586e-01
 13   39 6.69371e-01
 13   41 6.20800e-01
 13   43 5.90211e-01
 13   45 5.61246e-01
 13   47 5.28909e-01
 13   49 4.90351e-01
 13   51 4.66433e-01
 13   53 4.47931e-01
 13   55 4.19292e-01
 13   57 3.95109e-01
 13   59 3.50928e-01
 13   61 3.62472e-01
 13   63 3.22300e-01
 13   65 3.00525e-01
 13   67 2.95051e-01
 13   69 2.55320e-01
 13   71 2.53586e-01
 13   73 2.18222e-01
 13   75 2.15006e-01
 13   77 2.21965e-01
 13   79 1.98235e-01
 13   81 1.65092e-01
 13   83 1.45405e-01
 13   85 1.09724e-01
 13   87 9.74194e-02
 13   89 6.12756e-02
 13   91 5.12502e-02
 14    2 2.33411e-01
 14    4 6.45181e-01
 14    6 1.33811e+00
 14    8 2.64399e+00
 14   10 4.71350e+00
 14   12 1.09137e+01
 14   14 1.42466e+02
 14   16 1.04922e+01
 14   18 4.80029e+00
 14   20 3.25380e+00
 14   22 1.98545e+00
 14   24 1.35744e+00
 14   26 1.07988e+00
 14   28 9.05234e-01
 14   30 8.33648e-01
 14   32 7.93507e-01
 14   34 7.17549e-01
 14   36 6.63326e-01
 14   38 6.38823e-01
 14   40 5.97715e-01
 14   42 5.57078e-01
 14   44 5.24145e-01
 14   46 4.98863e-01
 14   48 4.61428e-01
 14   50 4.42867e-01
 14   52 4.03052e-01
 14   54 3.85428e-01
 14   56 3.68671e-01
 14   58 3.15145e-01
 14   60 3.24030e-01
 14   62 2.92414e-01
 14   64 3.00034e-01
 14   66 2.59013e-01
 14   68 2.29853e-01
 14   70 2.41118e-01
 14   72 2.00934e-01
 14   74 2.04593e-01
 14   76 2.01171e-01
 14   78 1.93681e-01
 14   80 1.69498e-01
 14   82 1.54657e-01
 14   84 1.13387e-01
 14   86 1.05919e-01
 14   88 6.80778e-02
 14   90 7.39380e-02
 15    1 5.95075e-02
 15    3 3.43106e-01
 15    5 7.35248e-01
 15    7 1.40205e+00
 15    9 2.71585e+00
 15   11 4.50371e+00
 15   13 9.96864e+00
 15   15 1.32115e+02
 15   17 9.61951e+00
 15   19 4.41514e+00
 15   21 3.03270e+00
 15   23 1.86119e+00
 15   25 1.27276e+00
 15   27 1.00915e+00
 15   29 8.33486e-01
 15   31 7.70268e-01
 15   33 7.40607e-01
 15   35 6.67381e-01
 15   37 6.05096e-01
 15   39 5.74856e-01
 15   41 5.48820e-01
 15   43 5.10857e-01
 15   45 4.73613e-01
 15   47 4.40006e-01
 15   49 4.06852e-01
 15   51 3.98369e-01
 15   53 3.59010e-01
 15   55 3.41842e-01
 15   57 3.14727e-01
 15   59 2.81616e-01
 15   61 2.95079e-01
 15   63 2.54100e-01
 15   65 2.62867e-01
 15   67 2.27926e-01
 15   69 2.04988e-01
 15   71 2.15473e-01
 15   73 1.84164e-01
 15   75 1.83173e-01
 15   77 1.81851e-01
 15   79 1.65572e-01
 15   81 1.41381e-01
 15   83 1.29930e-01
 15   85 9.78834e-02
 15   87 8.73789e-02
 15   89 6.09623e-02
 15   91 6.02911e-02
 16    2 1.65179e-01
 16    4 4.33903e-01
 16    6 7.99311e-01
 16    8 1.47013e+00
 16   10 2.63273e+00
 16   12 4.25704e+00
 16   14 9.18823e+00
 16   16 1.23187e+02
 16   18 8.86917e+00
 16   20 4.07264e+00
 16   22 2.84775e+00
 16   24 1.74816e+00
 16   26 1.19027e+00
 16   28 9.45026e-01
 16   30 7.82114e-01
 16   32 7.12547e-01
 16   34 6.74606e-01
 16   36 6.08354e-01
 16   38 5.41483e-01
 16   40 5.15021e-01
 16   42 4.87303e-01
 16   44 4.56105e-01
 16   46 4.17125e-01
 16   48 3.90814e-01
 16   50 3.81528e-01
 16   52 3.42523e-01
 16   54 3.29319e-01
 16   56 2.94399e-01
 16   58 2.79641e-01
 16   60 2.79864e-01
 16   62 2.55699e-01
 16   64 2.73482e-01
 16   66 2.24664e-01
 16   68 2.16343e-01
 16   70 2.18409e-01
 16   72 1.80553e-01
 16   74 1.90081e-01
 16   76 1.78079e-01
 16   78 1.64526e-01
 16   80 1.45077e-01
 16   82 1.28202e-01
 16   84 9.25740e-02
 16   86 8.29766e-02
 16   88 6.00395e-02
 16   90 7.46449e-02
 17    1 4.99224e-02
 17    3 2.48809e-01
 17    5 4.93265e-01
 17    7 8.60865e-01
 17    9 1.53310e+00
 17   11 2.53963e+00
 17   13 3.98877e+00
 17   15 8.50298e+00
 17   17 1.15433e+02
 17   19 8.19259e+00
 17   21 3.76577e+00
 17   23 2.66387e+00
 17   25 1.63375e+00
 17   27 1.10567e+00
 17   29 8.85458e-01
 17   31 7.34395e-01
 17   33 6.67034e-01
 17   35 6.29513e-01
 17   37 5.61068e-01
 17   39 4.99824e-01
 17   41 4.75053e-01
 17   43 4.53755e-01
 17   45 4.17567e-01
 17   47 3.77674e-01
 17   49 3.58042e-01
 17   51 3.46445e-01
 17   53 3.16622e-01
 17   55 2.96395e-01
 17   57 2.66975e-01
 17   59 2.69789e-01
 17   61 2.60622e-01
 17   63 2.32301e-01
 17   65 2.46682e-01
 17   67 2.07561e-01
 17   69 1.98503e-01
 17   71 1.98055e-01
 17   73 1.67798e-01
 17   75 1.70458e-01
 17   77 1.49407e-01
 17   79 1.36062e-01
 17   81 1.15245e-01
 17   83 1.09229e-01
 17   85 7.99681e-02
 17   87 7.55721e-02
 17   89 5.84028e-02
 17   91 6.54738e-02
 18    2 1.37440e-01
 18    4 3.11113e-01
 18    6 5.57071e-01
 18    8 9.24867e-01
 18   10 1.45516e+00
 18   12 2.46906e+00
 18   14 3.74657e+00
 18   16 7.90465e+00
 18   18 1.08537e+02
 18   20 7.61692e+00
 18   22 3.50841e+00
 18   24 2.49585e+00
 18   26 1.52471e+00
 18   28 1.03858e+00
 18   30 8.36679e-01
 18   32 6.81465e-01
 18   34 6.10110e-01
 18   36 5.76365e-01
 18   38 5.15796e-01
 18   40 4.56416e-01
 18   42 4.28842e-01
 18   44 4.08834e-01
 18   46 3.79232e-01
 18   48 3.63801e-01
 18   50 3.38637e-01
 18   52 3.10576e-01
 18   54 3.02745e-01
 18   56 2.66134e-01
 18   58 2.64539e-01
 18   60 2.58620e-01
 18   62 2.41579e-01
 18   64 2.49163e-01
 18   66 1.97470e-01
 18   68 2.16835e-01
 18   70 1.90406e-01
 18   72 1.60005e-01
 18   74 1.71989e-01
 18   76 1.46255e-01
 18   78 1.31183e-01
 18   80 1.19616e-01
 18   82 1.10952e-01
 18   84 8.14517e-02
 18   86 7.76817e-02
 18   88 5.81131e-02
 18   90 7.68830e-02
 19    1 4.16408e-02
 19    3 2.00560e-01
 19    5 3.70681e-01
 19    7 6.17982e-01
 19    9 9.61944e-01
 19   11 1.39989e+00
 19   13 2.38336e+00
 19   15 3.50392e+00
 19   17 7.35551e+00
 19   19 1.02636e+02
 19   21 7.09356e+00
 19   23 3.26777e+00
 19   25 2.33203e+00
 19   27 1.42339e+00
 19   29 9.76777e-01
 19   31 7.97777e-01
 19   33 6.47316e-01
 19   35 5.70693e-01
 19   37 5.40880e-01
 19   39 4.88145e-01
 19   41 4.31161e-01
 19   43 3.98466e-01
 19   45 3.79488e-01
 19   47 3.55228e-01
 19   49 3.40190e-01
 19   51 3.14285e-01
 19   53 2.87990e-01
 19   55 2.75464e-01
 19   57 2.46734e-01
 19   59 2.53273e-01
 19   61 2.32580e-01
 19   63 2.18059e-01
 19   65 2.16129e-01
 19   67 1.81852e-01
 19   69 2.00401e-01
 19   71 1.71604e-01
 19   73 1.53189e-01
 19   75 1.53433e-01
 19   77 1.31174e-01
 19   79 1.16840e-01
 19   81 1.06281e-01
 19   83 9.52835e-02
 19   85 7.13043e-02
 19   87 6.92212e-02
 19   89 5.49597e-02
 19   91 6.76134e-02
 20    2 1.07714e-01
 20    4 2.60627e-01
 20    6 4.29857e-01
 20    8 6.56718e-01
 20   10 9.10405e-01
 20   12 1.36929e+00
 20   14 2.29516e+00
 20   16 3.28045e+00
 20   18 6.88394e+00
 20   20 9.73119e+01
 20   22 6.63276e+00
 20   24 3.06005e+00
 20   26 2.19113e+00
 20   28 1.33882e+00
 20   30 9.17485e-01
 20   32 7.46406e-01
 20   34 6.02970e-01
 20   36 5.28513e-01
 20   38 5.01614e-01
 20   40 4.49944e-01
 20   42 3.98184e-01
 20   44 3.71038e-01
 20   46 3.60180e-01
 20   48 3.49316e-01
 20   50 3.11404e-01
 20   52 2.88421e-01
 20   54 2.77836e-01
 20   56 2.47141e-01
 20   58 2.48974e-01
 20   60 2.22539e-01
 20   62 2.30866e-01
 20   64 2.05040e-01
 20   66 1.77976e-01
 20   68 2.11602e-01
 20   70 1.71508e-01
 20   72 1.52788e-01
 20   74 1.61316e-01
 20   76 1.33369e-01
 20   78 1.21680e-01
 20   80 1.02985e-01
 20   82 9.87232e-02
 20   84 7.41906e-02
 20   86 7.19498e-02
 20   88 5.41741e-02
 20   90 7.29560e-02
 21    1 3.07859e-02
 21    3 1.69093e-01
 21    5 3.20493e-01
 21    7 4.69888e-01
 21    9 6.94747e-01
 21   11 8.78707e-01
 21   13 1.32502e+00
 21   15 2.18820e+00
 21   17 3.07393e+00
 21   19 6.44931e+00
 21   21 9.26720e+01
 21   23 6.20992e+00
 21   25 2.86945e+00
 21   27 2.05854e+00
 21   29 1.25834e+00
 21   31 8.67291e-01
 21   33 7.09509e-01
 21   35 5.73916e-01
 21   37 5.00070e-01
 21   39 4.72303e-01
 21   41 4.26966e-01
 21   43 3.75347e-01
 21   45 3.47438e-01
 21   47 3.37872e-01
 21   49 3.24160e-01
 21   51 2.87869e-01
 21   53 2.64346e-01
 21   55 2.50405e-01
 21   57 2.34186e-01
 21   59 2.29793e-01
 21   61 2.04751e-01
 21   63 2.08285e-01
 21   65 1.89468e-01
 21   67 1.72239e-01
 21   69 1.97974e-01
 21   71 1.60586e-01
 21   73 1.45218e-01
 21   75 1.44449e-01
 21   77 1.18446e-01
 21   79 1.02406e-01
 21   81 8.72379e-02
 21   83 8.91012e-02
 21   85 6.91982e-02
 21   87 6.63262e-02
 21   89 5.26419e-02
 21   91 6.56322e-02
 22    2 8.71944e-02
 22    4 2.26182e-01
 22    6 3.60319e-01
 22    8 5.04804e-01
 22   10 6.66575e-01
 22   12 8.58394e-01
 22   14 1.28023e+00
 22   16 2.09684e+00
 22   18 2.89850e+00
 22   20 6.06317e+00
 22   22 8.83942e+01
 22   24 5.83053e+00
 22   26 2.70876e+00
 22   28 1.94269e+00
 22   30 1.17746e+00
 22   32 8.04682e-01
 22   34 6.67089e-01
 22   36 5.42599e-01
 22   38 4.58750e-01
 22   40 4.36250e-01
 22   42 4.03465e-01
 22   44 3.62705e-01
 22   46 3.35393e-01
 22   48 3.19051e-01
 22   50 2.91645e-01
 22   52 2.79278e-01
 22   54 2.51284e-01
 22   56 2.36364e-01
 22   58 2.30517e-01
 22   60 2.01653e-01
 22   62 2.13921e-01
 22   64 1.86202e-01
 22   66 1.71713e-01
 22   68 1.96292e-01
 22   70 1.58706e-01
 22   72 1.52599e-01
 22   74 1.40178e-01
 22   76 1.29708e-01
 22   78 1.07356e-01
 22   80 9.04354e-02
 22   82 9.23661e-02
 22   84 7.49695e-02
 22   86 6.54252e-02
 22   88 5.09377e-02
 22   90 7.30577e-02
 23    1 2.80803e-02
 23    3 1.44310e-01
 23    5 2.69922e-01
 23    7 3.97281e-01
 23    9 5.47899e-01
 23   11 6.40564e-01
 23   13 8.27115e-01
 23   15 1.23371e+00
 23   17 1.99763e+00
 23   19 2.72937e+00
 23   21 5.70490e+00
 23   23 8.46384e+01
 23   25 5.48690e+00
 23   27 2.55985e+00
 23   29 1.83210e+00
 23   31 1.10355e+00
 23   33 7.58181e-01
 23   35 6.36034e-01
 23   37 5.15622e-01
 23   39 4.33804e-01
 23   41 4.10377e-01
 23   43 3.84683e-01
 23   45 3.45775e-01
 23   47 3.13930e-01
 23   49 2.93775e-01
 23   51 2.72779e-01
 23   53 2.58871e-01
 23   55 2.35396e-01
 23   57 2.24417e-01
 23   59 2.14006e-01
 23   61 1.84074e-01
 23   63 2.00495e-01
 23   65 1.69739e-01
 23   67 1.61533e-01
 23   69 1.77707e-01
 23   71 1.49048e-01
 23   73 1.37734e-01
 23   75 1.27717e-01
 23   77 1.19088e-01
 23   79 9.56069e-02
 23   81 7.93301e-02
 23   83 8.77046e-02
 23   85 6.78370e-02
 23   87 6.10774e-02
 23   89 4.92250e-02
 23   91 6.65184e-02
 24    2 8.27497e-02
 24    4 1.85766e-01
 24    6 3.06785e-01
 24    8 4.36906e-01
 24   10 5.24671e-01
 24   12 6.25746e-01
 24   14 8.07782e-01
 24   16 1.18792e+00
 24   18 1.90294e+00
 24   20 2.58153e+00
 24   22 5.38086e+00
 24   24 8.11793e+01
 24   26 5.17760e+00
 24   28 2.43066e+00
 24   30 1.72200e+00
 24   32 1.02785e+00
 24   34 7.09438e-01
 24   36 5.94497e-01
 24   38 4.84953e-01
 24   40 4.08461e-01
 24   42 3.92285e-01
 24   44 3.67682e-01
 24   46 3.30335e-01
 24   48 2.92142e-01
 24   50 2.77070e-01
 24   52 2.72820e-01
 24   54 2.44043e-01
 24   56 2.27078e-01
 24   58 2.10480e-01
 24   60 1.89614e-01
 24   62 1.96958e-01
 24   64 1.66057e-01
 24   66 1.69615e-01
 24   68 1.68584e-01
 24   70 1.53124e-01
 24   72 1.47780e-01
 24   74 1.30301e-01
 24   76 1.27287e-01
 24   78 1.04218e-01
 24   80 8.10824e-02
 24   82 8.48543e-02
 24   84 6.97536e-02
 24   86 6.56303e-02
 24   88 5.04323e-02
 24   90 7.28717e-02
 25    1 2.75190e-02
 25    3 1.26553e-01
 25    5 2.22360e-01
 25    7 3.49291e-01
 25    9 4.72594e-01
 25   11 4.99493e-01
 25   13 6.09374e-01
 25   15 7.81883e-01
 25   17 1.13543e+00
 25   19 1.80518e+00
 25   21 2.44306e+00
 25   23 5.08513e+00
 25   25 7.80607e+01
 25   27 4.89516e+00
 25   29 2.30879e+00
 25   31 1.62601e+00
 25   33 9.65660e-01
 25   35 6.66249e-01
 25   37 5.64359e-01
 25   39 4.61707e-01
 25   41 3.88611e-01
 25   43 3.72377e-01
 25   45 3.51857e-01
 25   47 3.14260e-01
 25   49 2.78866e-01
 25   51 2.59838e-01
 25   53 2.54647e-01
 25   55 2.29343e-01
 25   57 2.15491e-01
 25   59 1.89658e-01
 25   61 1.76892e-01
 25   63 1.80950e-01
 25   65 1.55961e-01
 25   67 1.56567e-01
 25   69 1.57326e-01
 25   71 1.44399e-01
 25   73 1.36566e-01
 25   75 1.15563e-01
 25   77 1.15866e-01
 25   79 9.26151e-02
 25   81 7.42502e-02
 25   83 8.10911e-02
 25   85 6.49135e-02
 25   87 5.88976e-02
 25   89 4.65760e-02
 25   91 6.59476e-02
 26    2 7.42469e-02
 26    4 1.63841e-01
 26    6 2.61692e-01
 26    8 3.82495e-01
 26   10 4.54011e-01
 26   12 4.93395e-01
 26   14 5.97889e-01
 26   16 7.52536e-01
 26   18 1.08160e+00
 26   20 1.71985e+00
 26   22 2.32588e+00
 26   24 4.81728e+00
 26   26 7.52306e+01
 26   28 4.62993e+00
 26   30 2.18939e+00
 26   32 1.53176e+00
 26   34 9.00919e-01
 26   36 6.19268e-01
 26   38 5.35698e-01
 26   40 4.49711e-01
 26   42 3.72969e-01
 26   44 3.49374e-01
 26   46 3.28043e-01
 26   48 2.96364e-01
 26   50 2.73256e-01
 26   52 2.59435e-01
 26   54 2.32147e-01
 26   56 2.20362e-01
 26   58 1.92356e-01
 26   60 1.84473e-01
 26   62 1.77556e-01
 26   64 1.57964e-01
 26   66 1.69860e-01
 26   68 1.54439e-01
 26   70 1.44862e-01
 26   72 1.38936e-01
 26   74 1.18490e-01
 26   76 1.16624e-01
 26   78 9.75219e-02
 26   80 8.27443e-02
 26   82 8.02450e-02
 26   84 6.43535e-02
 26   86 6.49267e-02
 26   88 5.19701e-02
 26   90 6.87974e-02
 27    1 2.20499e-02
 27    3 1.12421e-01
 27    5 2.02760e-01
 27    7 2.96772e-01
 27    9 4.13052e-01
 27   11 4.34321e-01
 27   13 4.79388e-01
 27   15 5.78906e-01
 27   17 7.17560e-01
 27   19 1.02888e+00
 27   21 1.63664e+00
 27   23 2.21537e+00
 27   25 4.57113e+00
 27   27 7.25628e+01
 27   29 4.39211e+00
 27   31 2.08781e+00
 27   33 1.44668e+00
 27   35 8.46239e-01
 27   37 5.78595e-01
 27   39 5.06147e-01
 27   41 4.30603e-01
 27   43 3.60533e-01
 27   45 3.34558e-01
 27   47 3.16363e-01
 27   49 2.82184e-01
 27   51 2.58377e-01
 27   53 2.42439e-01
 27   55 2.23585e-01
 27   57 2.05310e-01
 27   59 1.77970e-01
 27   61 1.72980e-01
 27   63 1.66961e-01
 27   65 1.47181e-01
 27   67 1.58310e-01
 27   69 1.39926e-01
 27   71 1.32587e-01
 27   73 1.24290e-01
 27   75 1.06811e-01
 27   77 1.11198e-01
 27   79 8.94430e-02
 27   81 7.77394e-02
 27   83 7.60995e-02
 27   85 5.94027e-02
 27   87 5.87471e-02
 27   89 4.75387e-02
 27   91 6.29703e-02
 28    2 6.06578e-02
 28    4 1.51443e-01
 28    6 2.35576e-01
 28    8 3.23807e-01
 28   10 4.04842e-01
 28   12 4.32281e-01
 28   14 4.69618e-01
 28   16 5.59837e-01
 28   18 6.90330e-01
 28   20 9.84652e-01
 28   22 1.56300e+00
 28   24 2.11903e+00
 28   26 4.33823e+00
 28   28 7.01949e+01
 28   30 4.16108e+00
 28   32 1.98810e+00
 28   34 1.36725e+00
 28   36 7.98723e-01
 28   38 5.52925e-01
 28   40 4.87387e-01
 28   42 4.17902e-01
 28   44 3.39227e-01
 28   46 3.06876e-01
 28   48 2.96886e-01
 28   50 2.85121e-01
 28   52 2.49445e-01
 28   54 2.22873e-01
 28   56 2.09964e-01
 28   58 1.88436e-01
 28   60 1.78954e-01
 28   62 1.63786e-01
 28   64 1.55463e-01
 28   66 1.62350e-01
 28   68 1.39422e-01
 28   70 1.31970e-01
 28   72 1.24477e-01
 28   74 1.11264e-01
 28   76 1.10537e-01
 28   78 8.85201e-02
 28   80 9.01013e-02
 28   82 7.65319e-02
 28   84 5.97716e-02
 28   86 6.28917e-02
 28   88 5.40894e-02
 28   90 6.62273e-02
 29    1 1.82246e-02
 29    3 9.87873e-02
 29    5 1.86525e-01
 29    7 2.64145e-01
 29    9 3.52571e-01
 29   11 3.90298e-01
 29   13 4.17035e-01
 29   15 4.49445e-01
 29   17 5.40167e-01
 29   19 6.63689e-01
 29   21 9.40414e-01
 29   23 1.49042e+00
 29   25 2.02660e+00
 29   27 4.12857e+00
 29   29 6.79302e+01
 29   31 3.95519e+00
 29   33 1.89895e+00
 29   35 1.28806e+00
 29   37 7.49467e-01
 29   39 5.18041e-01
 29   41 4.65128e-01
 29   43 4.02450e-01
 29   45 3.31166e-01
 29   47 2.92972e-01
 29   49 2.81740e-01
 29   51 2.70372e-01
 29   53 2.42748e-01
 29   55 2.14097e-01
 29   57 1.92874e-01
 29   59 1.72596e-01
 29   61 1.71605e-01
 29   63 1.53820e-01
 29   65 1.48292e-01
 29   67 1.48081e-01
 29   69 1.28794e-01
 29   71 1.22246e-01
 29   73 1.10286e-01
 29   75 1.04520e-01
 29   77 1.01148e-01
 29   79 7.96964e-02
 29   81 8.34688e-02
 29   83 7.59595e-02
 29   85 5.55799e-02
 29   87 5.92005e-02
 29   89 5.15204e-02
 29   91 6.16096e-02
 30    2 5.41717e-02
 30    4 1.32547e-01
 30    6 2.14612e-01
 30    8 2.91564e-01
 30   10 3.50147e-01
 30   12 3.89484e-01
 30   14 4.07758e-01
 30   16 4.36841e-01
 30   18 5.24340e-01
 30   20 6.36202e-01
 30   22 8.93180e-01
 30   24 1.41540e+00
 30   26 1.93418e+00
 30   28 3.92321e+00
 30   30 6.58782e+01
 30   32 3.76751e+00
 30   34 1.82206e+00
 30   36 1.23088e+00
 30   38 7.19495e-01
 30   40 4.99171e-01
 30   42 4.40370e-01
 30   44 3.80554e-01
 30   46 3.13107e-01
 30   48 2.86322e-01
 30   50 2.76588e-01
 30   52 2.52297e-01
 30   54 2.23701e-01
 30   56 2.01880e-01
 30   58 1.84661e-01
 30   60 1.74407e-01
 30   62 1.55064e-01
 30   64 1.53872e-01
 30   66 1.47265e-01
 30   68 1.27655e-01
 30   70 1.28309e-01
 30   72 1.07025e-01
 30   74 1.06221e-01
 30   76 1.00049e-01
 30   78 8.23824e-02
 30   80 8.87196e-02
 30   82 7.82374e-02
 30   84 5.75164e-02
 30   86 6.17769e-02
 30   88 5.71001e-02
 30   90 6.95112e-02
 31    1 1.80510e-02
 31    3 8.81697e-02
 31    5 1.62096e-01
 31    7 2.43040e-01
 31    9 3.19119e-01
 31   11 3.36098e-01
 31   13 3.75908e-01
 31   15 3.92729e-01
 31   17 4.23606e-01
 31   19 5.12534e-01
 31   21 6.12855e-01
 31   23 8.48834e-01
 31   25 1.34952e+00
 31   27 1.85563e+00
 31   29 3.73973e+00
 31   31 6.39889e+01
 31   33 3.58513e+00
 31   35 1.73907e+00
 31   37 1.16350e+00
 31   39 6.86984e-01
 31   41 4.68188e-01
 31   43 4.17545e-01
 31   45 3.65177e-01
 31   47 3.04535e-01
 31   49 2.75806e-01
 31   51 2.65645e-01
 31   53 2.40807e-01
 31   55 2.10582e-01
 31   57 1.86455e-01
 31   59 1.75692e-01
 31   61 1.65430e-01
 31   63 1.50482e-01
 31   65 1.43717e-01
 31   67 1.35911e-01
 31   69 1.22632e-01
 31   71 1.14864e-01
 31   73 9.61866e-02
 31   75 9.91876e-02
 31   77 9.58989e-02
 31   79 7.31172e-02
 31   81 8.44805e-02
 31   83 7.51140e-02
 31   85 5.40444e-02
 31   87 5.98613e-02
 31   89 5.54968e-02
 31   91 6.51665e-02
 32    2 5.21191e-02
 32    4 1.16892e-01
 32    6 1.90478e-01
 32    8 2.70516e-01
 32   10 3.16620e-01
 32   12 3.33248e-01
 32   14 3.67972e-01
 32   16 3.77322e-01
 32   18 4.04895e-01
 32   20 4.90700e-01
 32   22 5.78708e-01
 32   24 8.00983e-01
 32   26 1.28294e+00
 32   28 1.77713e+00
 32   30 3.57190e+00
 32   32 6.21568e+01
 32   34 3.43257e+00
 32   36 1.67958e+00
 32   38 1.11966e+00
 32   40 6.57276e-01
 32   42 4.44897e-01
 32   44 3.93533e-01
 32   46 3.55980e-01
 32   48 3.01911e-01
 32   50 2.62466e-01
 32   52 2.41764e-01
 32   54 2.25753e-01
 32   56 2.06523e-01
 32   58 1.85806e-01
 32   60 1.69408e-01
 32   62 1.50351e-01
 32   64 1.47237e-01
 32   66 1.33931e-01
 32   68 1.24980e-01
 32   70 1.14604e-01
 32   72 1.02319e-01
 32   74 1.01499e-01
 32   76 9.44201e-02
 32   78 7.65991e-02
 32   80 8.28005e-02
 32   82 7.51173e-02
 32   84 5.92049e-02
 32   86 6.05572e-02
 32   88 5.82032e-02
 32   90 7.67349e-02
 33    1 1.68245e-02
 33    3 8.14445e-02
 33    5 1.44353e-01
 33    7 2.18846e-01
 33    9 2.95515e-01
 33   11 3.00617e-01
 33   13 3.25142e-01
 33   15 3.58920e-01
 33   17 3.65712e-01
 33   19 3.95291e-01
 33   21 4.76551e-01
 33   23 5.54323e-01
 33   25 7.61797e-01
 33   27 1.22217e+00
 33   29 1.70665e+00
 33   31 3.40772e+00
 33   33 6.05369e+01
 33   35 3.28007e+00
 33   37 1.61842e+00
 33   39 1.05882e+00
 33   41 6.25825e-01
 33   43 4.19980e-01
 33   45 3.69993e-01
 33   47 3.41608e-01
 33   49 2.96495e-01
 33   51 2.53516e-01
 33   53 2.27571e-01
 33   55 2.11216e-01
 33   57 1.96656e-01
 33   59 1.77680e-01
 33   61 1.61493e-01
 33   63 1.41604e-01
 33   65 1.38509e-01
 33   67 1.28437e-01
 33   69 1.15153e-01
 33   71 1.09207e-01
 33   73 9.21389e-02
 33   75 9.78737e-02
 33   77 8.75399e-02
 33   79 7.04274e-02
 33   81 8.20794e-02
 33   83 7.20941e-02
 33   85 5.47010e-02
 33   87 5.93633e-02
 33   89 5.75304e-02
 33   91 7.01905e-02
 34    2 4.76870e-02
 34    4 1.09416e-01
 34    6 1.71591e-01
 34    8 2.43979e-01
 34   10 2.92113e-01
 34   12 2.98035e-01
 34   14 3.17057e-01
 34   16 3.40384e-01
 34   18 3.45405e-01
 34   20 3.77710e-01
 34   22 4.57131e-01
 34   24 5.26778e-01
 34   26 7.18993e-01
 34   28 1.16452e+00
 34   30 1.64600e+00
 34   32 3.27070e+00
 34   34 5.88982e+01
 34   36 3.15907e+00
 34   38 1.55950e+00
 34   40 1.00894e+00
 34   42 6.01840e-01
 34   44 4.07290e-01
 34   46 3.57443e-01
 34   48 3.25870e-01
 34   50 2.80435e-01
 34   52 2.38363e-01
 34   54 2.23385e-01
 34   56 2.06532e-01
 34   58 1.89022e-01
 34   60 1.66478e-01
 34   62 1.47348e-01
 34   64 1.39301e-01
 34   66 1.31499e-01
 34   68 1.15601e-01
 34   70 1.09946e-01
 34   72 1.00467e-01
 34   74 9.81380e-02
 34   76 8.56253e-02
 34   78 7.68468e-02
 34   80 8.10647e-02
 34   82 6.88687e-02
 34   84 5.84762e-02
 34   86 6.03299e-02
 34   88 5.82515e-02
 34   90 7.97849e-02
 35    1 1.46011e-02
 35    3 7.47708e-02
 35    5 1.36422e-01
 35    7 1.96696e-01
 35    9 2.63851e-01
 35   11 2.80279e-01
 35   13 2.90649e-01
 35   15 3.08902e-01
 35   17 3.29636e-01
 35   19 3.32844e-01
 35   21 3.68161e-01
 35   23 4.44127e-01
 35   25 5.01983e-01
 35   27 6.82793e-01
 35   29 1.10561e+00
 35   31 1.57875e+00
 35   33 3.13271e+00
 35   35 5.74423e+01
 35   37 3.03084e+00
 35   39 1.49824e+00
 35   41 9.56815e-01
 35   43 5.72700e-01
 35   45 3.85837e-01
 35   47 3.38536e-01
 35   49 3.10783e-01
 35   51 2.70867e-01
 35   53 2.30456e-01
 35   55 2.11519e-01
 35   57 1.96707e-01
 35   59 1.82310e-01
 35   61 1.58673e-01
 35   63 1.40500e-01
 35   65 1.34682e-01
 35   67 1.19415e-01
 35   69 1.11116e-01
 35   71 1.01713e-01
 35   73 9.33509e-02
 35   75 9.56480e-02
 35   77 8.10658e-02
 35   79 7.38419e-02
 35   81 7.88618e-02
 35   83 6.57661e-02
 35   85 5.39677e-02
 35   87 5.94552e-02
 35   89 5.76549e-02
 35   91 7.42166e-02
 36    2 4.24658e-02
 36    4 1.02947e-01
 36    6 1.61570e-01
 36    8 2.17401e-01
 36   10 2.67653e-01
 36   12 2.80546e-01
 36   14 2.80559e-01
 36   16 2.93824e-01
 36   18 3.12341e-01
 36   20 3.16905e-01
 36   22 3.55915e-01
 36   24 4.22546e-01
 36   26 4.73074e-01
 36   28 6.51192e-01
 36   30 1.06437e+00
 36   32 1.53191e+00
 36   34 3.02393e+00
 36   36 5.59850e+01
 36   38 2.91403e+00
 36   40 1.44449e+00
 36   42 9.15713e-01
 36   44 5.60024e-01
 36   46 3.73638e-01
 36   48 3.16451e-01
 36   50 2.90619e-01
 36   52 2.63996e-01
 36   54 2.32099e-01
 36   56 2.04310e-01
 36   58 1.84453e-01
 36   60 1.66603e-01
 36   62 1.48431e-01
 36   64 1.39641e-01
 36   66 1.23280e-01
 36   68 1.11294e-01
 36   70 1.03643e-01
 36   72 9.57089e-02
 36   74 9.46425e-02
 36   76 8.18596e-02
 36   78 7.76229e-02
 36   80 8.13851e-02
 36   82 6.40635e-02
 36   84 5.59934e-02
 36   86 6.09474e-02
 36   88 5.92795e-02
 36   90 7.90042e-02
 37    1 1.32525e-02
 37    3 6.90618e-02
 37    5 1.27576e-01
 37    7 1.81515e-01
 37    9 2.38273e-01
 37   11 2.57653e-01
 37   13 2.71830e-01
 37   15 2.68670e-01
 37   17 2.81833e-01
 37   19 3.02612e-01
 37   21 3.07728e-01
 37   23 3.45387e-01
 37   25 4.07901e-01
 37   27 4.47834e-01
 37   29 6.17118e-01
 37   31 1.01324e+00
 37   33 1.48278e+00
 37   35 2.90743e+00
 37   37 5.46266e+01
 37   39 2.81019e+00
 37   41 1.38733e+00
 37   43 8.63768e-01
 37   45 5.37061e-01
 37   47 3.57507e-01
 37   49 2.96006e-01
 37   51 2.75221e-01
 37   53 2.54144e-01
 37   55 2.26958e-01
 37   57 1.99267e-01
 37   59 1.78705e-01
 37   61 1.58252e-01
 37   63 1.42378e-01
 37   65 1.29499e-01
 37   67 1.18463e-01
 37   69 1.06043e-01
 37   71 9.29791e-02
 37   73 9.29976e-02
 37   75 9.26734e-02
 37   77 7.85202e-02
 37   79 7.32015e-02
 37   81 7.91633e-02
 37   83 6.08780e-02
 37   85 5.26111e-02
 37   87 6.14254e-02
 37   89 5.81192e-02
 37   91 7.53009e-02
 38    2 4.01040e-02
 38    4 9.50871e-02
 38    6 1.50383e-01
 38    8 2.05097e-01
 38   10 2.44779e-01
 38   12 2.58048e-01
 38   14 2.59733e-01
 38   16 2.51399e-01
 38   18 2.68694e-01
 38   20 2.89129e-01
 38   22 2.89263e-01
 38   24 3.31339e-01
 38   26 3.93386e-01
 38   28 4.33339e-01
 38   30 5.98072e-01
 38   32 9.81677e-01
 38   34 1.43497e+00
 38   36 2.80119e+00
 38   38 5.33487e+01
 38   40 2.71946e+00
 38   42 1.34568e+00
 38   44 8.24704e-01
 38   46 5.14158e-01
 38   48 3.45276e-01
 38   50 2.84930e-01
 38   52 2.68693e-01
 38   54 2.50158e-01
 38   56 2.18663e-01
 38   58 1.88777e-01
 38   60 1.62132e-01
 38   62 1.50387e-01
 38   64 1.39805e-01
 38   66 1.19461e-01
 38   68 1.05504e-01
 38   70 9.48359e-02
 38   72 9.26291e-02
 38   74 9.04126e-02
 38   76 7.83544e-02
 38   78 7.59181e-02
 38   80 8.37811e-02
 38   82 6.21858e-02
 38   84 5.42849e-02
 38   86 6.14327e-02
 38   88 6.08176e-02
 38   90 7.69687e-02
 39    1 1.31972e-02
 39    3 6.46589e-02
 39    5 1.16670e-01
 39    7 1.71417e-01
 39    9 2.24402e-01
 39   11 2.35478e-01
 39   13 2.48038e-01
 39   15 2.45851e-01
 39   17 2.41831e-01
 39   19 2.63059e-01
 39   21 2.79947e-01
 39   23 2.79890e-01
 39   25 3.21429e-01
 39   27 3.77345e-01
 39   29 4.10865e-01
 39   31 5.76248e-01
 39   33 9.34383e-01
 39   35 1.38436e+00
 39   37 2.70679e+00
 39   39 5.20966e+01
 39   41 2.62912e+00
 39   43 1.29617e+00
 39   45 7.76182e-01
 39   47 4.87882e-01
 39   49 3.32131e-01
 39   51 2.69110e-01
 39   53 2.56294e-01
 39   55 2.43586e-01
 39   57 2.16652e-01
 39   59 1.80328e-01
 39   61 1.53740e-01
 39   63 1.38763e-01
 39   65 1.35054e-01
 39   67 1.14123e-01
 39   69 9.69060e-02
 39   71 9.04269e-02
 39   73 9.10101e-02
 39   75 8.96592e-02
 39   77 7.29270e-02
 39   79 7.38231e-02
 39   81 8.09389e-02
 39   83 5.77871e-02
 39   85 5.30326e-02
 39   87 6.30691e-02
 39   89 5.92734e-02
 39   91 7.33944e-02
 40    2 3.88384e-02
 40    4 8.76755e-02
 40    6 1.38891e-01
 40    8 1.92207e-01
 40   10 2.27182e-01
 40   12 2.29625e-01
 40   14 2.34532e-01
 40   16 2.30763e-01
 40   18 2.29458e-01
 40   20 2.50290e-01
 40   22 2.65470e-01
 40   24 2.69330e-01
 40   26 3.18709e-01
 40   28 3.68636e-01
 40   30 4.00440e-01
 40   32 5.56150e-01
 40   34 8.95959e-01
 40   36 1.34006e+00
 40   38 2.62449e+00
 40   40 5.09927e+01
 40   42 2.55620e+00
 40   44 1.24791e+00
 40   46 7.36681e-01
 40   48 4.74708e-01
 40   50 3.32710e-01
 40   52 2.67393e-01
 40   54 2.45053e-01
 40   56 2.32686e-01
 40   58 2.04132e-01
 40   60 1.71437e-01
 40   62 1.51110e-01
 40   64 1.34977e-01
 40   66 1.12847e-01
 40   68 1.00706e-01
 40   70 9.22592e-02
 40   72 8.91306e-02
 40   74 8.57600e-02
 40   76 7.24358e-02
 40   78 7.92018e-02
 40   80 8.17389e-02
 40   82 5.94382e-02
 40   84 5.52075e-02
 40   86 6.26550e-02
 40   88 6.09285e-02
 40   90 7.61790e-02
 41    1 1.23904e-02
 41    3 6.12530e-02
 41    5 1.08834e-01
 41    7 1.59652e-01
 41    9 2.10249e-01
 41   11 2.16032e-01
 41   13 2.22425e-01
 41   15 2.26947e-01
 41   17 2.22238e-01
 41   19 2.24659e-01
 41   21 2.44697e-01
 41   23 2.56010e-01
 41   25 2.61586e-01
 41   27 3.10398e-01
 41   29 3.56688e-01
 41   31 3.79720e-01
 41   33 5.33995e-01
 41   35 8.54819e-01
 41   37 1.29205e+00
 41   39 2.54209e+00
 41   41 4.98616e+01
 41   43 2.48146e+00
 41   45 1.19890e+00
 41   47 6.90066e-01
 41   49 4.48229e-01
 41   51 3.24043e-01
 41   53 2.60622e-01
 41   55 2.37313e-01
 41   57 2.18512e-01
 41   59 1.93538e-01
 41   61 1.57392e-01
 41   63 1.43675e-01
 41   65 1.26123e-01
 41   67 1.06960e-01
 41   69 9.79668e-02
 41   71 8.80865e-02
 41   73 8.85496e-02
 41   75 8.21780e-02
 41   77 7.00011e-02
 41   79 7.72743e-02
 41   81 7.89881e-02
 41   83 5.59077e-02
 41   85 5.53470e-02
 41   87 6.50953e-02
 41   89 5.93562e-02
 41   91 7.18802e-02
 42    2 3.50523e-02
 42    4 8.17510e-02
 42    6 1.27795e-01
 42    8 1.75672e-01
 42   10 2.09722e-01
 42   12 2.10169e-01
 42   14 2.11738e-01
 42   16 2.11503e-01
 42   18 2.08841e-01
 42   20 2.14558e-01
 42   22 2.37826e-01
 42   24 2.50561e-01
 42   26 2.56041e-01
 42   28 3.06178e-01
 42   30 3.42201e-01
 42   32 3.64652e-01
 42   34 5.17701e-01
 42   36 8.22898e-01
 42   38 1.25800e+00
 42   40 2.47611e+00
 42   42 4.88520e+01
 42   44 2.42401e+00
 42   46 1.16350e+00
 42   48 6.57340e-01
 42   50 4.38276e-01
 42   52 3.23381e-01
 42   54 2.59359e-01
 42   56 2.23782e-01
 42   58 2.06262e-01
 42   60 1.88198e-01
 42   62 1.58648e-01
 42   64 1.23758e-01
 42   66 1.08970e-01
 42   68 9.99807e-02
 42   70 8.95614e-02
 42   72 8.76587e-02
 42   74 7.99052e-02
 42   76 7.30784e-02
 42   78 8.02103e-02
 42   80 7.68983e-02
 42   82 5.55642e-02
 42   84 6.00564e-02
 42   86 6.45988e-02
 42   88 5.99357e-02
 42   90 7.50369e-02
 43    1 1.11450e-02
 43    3 5.62339e-02
 43    5 1.02366e-01
 43    7 1.46265e-01
 43    9 1.91693e-01
 43   11 2.01831e-01
 43   13 2.05206e-01
 43   15 2.04996e-01
 43   17 2.05991e-01
 43   19 2.01478e-01
 43   21 2.08747e-01
 43   23 2.32878e-01
 43   25 2.43239e-01
 43   27 2.52197e-01
 43   29 2.99487e-01
 43   31 3.28623e-01
 43   33 3.47748e-01
 43   35 4.96507e-01
 43   37 7.80635e-01
 43   39 1.21616e+00
 43   41 2.40801e+00
 43   43 4.78616e+01
 43   45 2.36321e+00
 43   47 1.11699e+00
 43   49 6.17046e-01
 43   51 4.15684e-01
 43   53 3.17781e-01
 43   55 2.49354e-01
 43   57 2.11645e-01
 43   59 1.88080e-01
 43   61 1.73481e-01
 43   63 1.47607e-01
 43   65 1.18091e-01
 43   67 1.06587e-01
 43   69 9.25601e-02
 43   71 8.71592e-02
 43   73 8.65243e-02
 43   75 7.81268e-02
 43   77 7.01569e-02
 43   79 7.89078e-02
 43   81 7.46681e-02
 43   83 5.32539e-02
 43   85 6.02483e-02
 43   87 6.72018e-02
 43   89 5.85388e-02
 43   91 7.05689e-02
 44    2 3.22434e-02
 44    4 7.61576e-02
 44    6 1.19299e-01
 44    8 1.61035e-01
 44   10 1.94105e-01
 44   12 1.97406e-01
 44   14 1.93662e-01
 44   16 1.92438e-01
 44   18 1.93542e-01
 44   20 1.94352e-01
 44   22 2.07835e-01
 44   24 2.28293e-01
 44   26 2.33151e-01
 44   28 2.41601e-01
 44   30 2.87468e-01
 44   32 3.13552e-01
 44   34 3.40574e-01
 44   36 4.89218e-01
 44   38 7.49455e-01
 44   40 1.17509e+00
 44   42 2.35637e+00
 44   44 4.69169e+01
 44   46 2.31507e+00
 44   48 1.08990e+00
 44   50 5.84603e-01
 44   52 4.03377e-01
 44   54 3.12244e-01
 44   56 2.44311e-01
 44   58 2.05943e-01
 44   60 1.86179e-01
 44   62 1.57240e-01
 44   64 1.28786e-01
 44   66 1.10217e-01
 44   68 9.58885e-02
 44   70 9.00430e-02
 44   72 8.74840e-02
 44   74 7.99459e-02
 44   76 7.31532e-02
 44   78 7.92761e-02
 44   80 7.13886e-02
 44   82 5.33100e-02
 44   84 6.51197e-02
 44   86 6.69227e-02
 44   88 5.82238e-02
 44   90 7.33815e-02
 45    1 1.04160e-02
 45    3 5.25480e-02
 45    5 9.39724e-02
 45    7 1.35373e-01
 45    9 1.77449e-01
 45   11 1.87561e-01
 45   13 1.90015e-01
 45   15 1.85063e-01
 45   17 1.84588e-01
 45   19 1.86846e-01
 45   21 1.88155e-01
 45   23 2.03831e-01
 45   25 2.23804e-01
 45   27 2.27885e-01
 45   29 2.39974e-01
 45   31 2.79865e-01
 45   33 2.98318e-01
 45   35 3.25726e-01
 45   37 4.72634e-01
 45   39 7.09163e-01
 45   41 1.13289e+00
 45   43 2.30119e+00
 45   45 4.60499e+01
 45   47 2.27049e+00
 45   49 1.05326e+00
 45   51 5.50505e-01
 45   53 3.75042e-01
 45   55 3.00671e-01
 45   57 2.39352e-01
 45   59 1.95758e-01
 45   61 1.68850e-01
 45   63 1.44357e-01
 45   65 1.25081e-01
 45   67 1.02731e-01
 45   69 9.03557e-02
 45   71 8.86721e-02
 45   73 8.77822e-02
 45   75 7.59130e-02
 45   77 7.00387e-02
 45   79 7.86163e-02
 45   81 6.95679e-02
 45   83 5.18220e-02
 45   85 6.48497e-02
 45   87 6.83745e-02
 45   89 5.60315e-02
 45   91 6.84798e-02
 46    2 3.03840e-02
 46    4 7.00752e-02
 46    6 1.09691e-01
 46    8 1.50825e-01
 46   10 1.82593e-01
 46   12 1.84635e-01
 46   14 1.79785e-01
 46   16 1.71661e-01
 46   18 1.75110e-01
 46   20 1.84021e-01
 46   22 1.87455e-01
 46   24 2.00057e-01
 46   26 2.13528e-01
 46   28 2.13182e-01
 46   30 2.30699e-01
 46   32 2.76652e-01
 46   34 2.91536e-01
 46   36 3.18365e-01
 46   38 4.55746e-01
 46   40 6.76617e-01
 46   42 1.10320e+00
 46   44 2.25809e+00
 46   46 4.51836e+01
 46   48 2.22674e+00
 46   50 1.02296e+00
 46   52 5.18165e-01
 46   54 3.54461e-01
 46   56 2.94733e-01
 46   58 2.43479e-01
 46   60 1.85542e-01
 46   62 1.50876e-01
 46   64 1.30448e-01
 46   66 1.13248e-01
 46   68 1.00261e-01
 46   70 9.23735e-02
 46   72 8.88883e-02
 46   74 7.91062e-02
 46   76 7.42960e-02
 46   78 7.96356e-02
 46   80 6.66674e-02
 46   82 5.35294e-02
 46   84 6.88827e-02
 46   86 6.82766e-02
 46   88 5.69985e-02
 46   90 7.01998e-02
 47    1 9.80365e-03
 47    3 4.79730e-02
 47    5 8.59883e-02
 47    7 1.25446e-01
 47    9 1.65731e-01
 47   11 1.74078e-01
 47   13 1.74948e-01
 47   15 1.67977e-01
 47   17 1.63113e-01
 47   19 1.70879e-01
 47   21 1.78766e-01
 47   23 1.80802e-01
 47   25 1.95292e-01
 47   27 2.10535e-01
 47   29 2.07415e-01
 47   31 2.28022e-01
 47   33 2.69097e-01
 47   35 2.79221e-01
 47   37 3.07384e-01
 47   39 4.35504e-01
 47   41 6.37071e-01
 47   43 1.06266e+00
 47   45 2.21827e+00
 47   47 4.44255e+01
 47   49 2.18944e+00
 47   51 9.87973e-01
 47   53 4.87770e-01
 47   55 3.33984e-01
 47   57 2.84710e-01
 47   59 2.33908e-01
 47   61 1.74537e-01
 47   63 1.40851e-01
 47   65 1.20921e-01
 47   67 1.05747e-01
 47   69 9.53064e-02
 47   71 9.24390e-02
 47   73 8.81435e-02
 47   75 7.51669e-02
 47   77 7.19377e-02
 47   79 7.77667e-02
 47   81 6.54797e-02
 47   83 5.27784e-02
 47   85 6.88377e-02
 47   87 6.79011e-02
 47   89 5.32091e-02
 47   91 6.45118e-02
 48    2 2.72964e-02
 48    4 6.36654e-02
 48    6 1.01668e-01
 48    8 1.40472e-01
 48   10 1.68651e-01
 48   12 1.67236e-01
 48   14 1.62733e-01
 48   16 1.57389e-01
 48   18 1.64388e-01
 48   20 1.74649e-01
 48   22 1.74503e-01
 48   24 1.73138e-01
 48   26 1.88777e-01
 48   28 2.01826e-01
 48   30 2.06446e-01
 48   32 2.29607e-01
 48   34 2.60094e-01
 48   36 2.63864e-01
 48   38 2.99497e-01
 48   40 4.26668e-01
 48   42 6.09927e-01
 48   44 1.04032e+00
 48   46 2.17906e+00
 48   48 4.36612e+01
 48   50 2.14071e+00
 48   52 9.54914e-01
 48   54 4.64490e-01
 48   56 3.20418e-01
 48   58 2.69076e-01
 48   60 2.23409e-01
 48   62 1.65199e-01
 48   64 1.26219e-01
 48   66 1.14308e-01
 48   68 1.07414e-01
 48   70 9.84607e-02
 48   72 8.97468e-02
 48   74 7.88789e-02
 48   76 7.78071e-02
 48   78 7.89636e-02
 48   80 6.47154e-02
 48   82 5.52861e-02
 48   84 7.29012e-02
 48   86 6.69860e-02
 48   88 5.48125e-02
 48   90 6.66503e-02
 49    1 8.37777e-03
 49    3 4.30852e-02
 49    5 7.94733e-02
 49    7 1.16493e-01
 49    9 1.52703e-01
 49   11 1.58954e-01
 49   13 1.58976e-01
 49   15 1.52238e-01
 49   17 1.51566e-01
 49   19 1.60398e-01
 49   21 1.68108e-01
 49   23 1.65837e-01
 49   25 1.69859e-01
 49   27 1.84064e-01
 49   29 1.95505e-01
 49   31 2.02414e-01
 49   33 2.28926e-01
 49   35 2.51245e-01
 49   37 2.49456e-01
 49   39 2.90592e-01
 49   41 4.05595e-01
 49   43 5.75387e-01
 49   45 1.00862e+00
 49   47 2.14599e+00
 49   49 4.29593e+01
 49   51 2.10364e+00
 49   53 9.28310e-01
 49   55 4.42592e-01
 49   57 2.97582e-01
 49   59 2.52299e-01
 49   61 2.12929e-01
 49   63 1.56353e-01
 49   65 1.19400e-01
 49   67 1.06807e-01
 49   69 1.03307e-01
 49   71 9.64985e-02
 49   73 8.76104e-02
 49   75 7.65665e-02
 49   77 7.55393e-02
 49   79 7.71080e-02
 49   81 6.38712e-02
 49   83 5.54231e-02
 49   85 7.28702e-02
 49   87 6.61176e-02
 49   89 5.03019e-02
 49   91 6.10222e-02
 50    2 2.39206e-02
 50    4 5.84744e-02
 50    6 9.39548e-02
 50    8 1.28391e-01
 50   10 1.54533e-01
 50   12 1.54815e-01
 50   14 1.53331e-01
 50   16 1.50840e-01
 50   18 1.50220e-01
 50   20 1.52847e-01
 50   22 1.56597e-01
 50   24 1.61203e-01
 50   26 1.70876e-01
 50   28 1.90284e-01
 50   30 1.95781e-01
 50   32 1.95959e-01
 50   34 2.19737e-01
 50   36 2.37894e-01
 50   38 2.42633e-01
 50   40 2.93573e-01
 50   42 3.99228e-01
 50   44 5.47805e-01
 50   46 9.82750e-01
 50   48 2.10157e+00
 50   50 4.23185e+01
 50   52 2.05831e+00
 50   54 9.00686e-01
 50   56 4.23310e-01
 50   58 2.78946e-01
 50   60 2.35723e-01
 50   62 1.94984e-01
 50   64 1.52545e-01
 50   66 1.23157e-01
 50   68 1.08802e-01
 50   70 1.00511e-01
 50   72 9.07729e-02
 50   74 8.12420e-02
 50   76 8.08184e-02
 50   78 7.98969e-02
 50   80 6.35108e-02
 50   82 5.87255e-02
 50   84 7.47085e-02
 50   86 6.45956e-02
 50   88 5.26301e-02
 50   90 6.34073e-02
 51    1 7.82442e-03
 51    3 3.96037e-02
 51    5 7.32445e-02
 51    7 1.07417e-01
 51    9 1.40437e-01
 51   11 1.48287e-01
 51   13 1.48691e-01
 51   15 1.46569e-01
 51   17 1.44203e-01
 51   19 1.45704e-01
 51   21 1.46789e-01
 51   23 1.51408e-01
 51   25 1.55620e-01
 51   27 1.65714e-01
 51   29 1.84476e-01
 51   31 1.91694e-01
 51   33 1.92465e-01
 51   35 2.15311e-01
 51   37 2.28057e-01
 51   39 2.31512e-01
 51   41 2.88314e-01
 51   43 3.81132e-01
 51   45 5.18348e-01
 51   47 9.52162e-01
 51   49 2.06843e+00
 51   51 4.16901e+01
 51   53 2.01335e+00
 51   55 8.69019e-01
 51   57 4.06229e-01
 51   59 2.61471e-01
 51   61 2.17253e-01
 51   63 1.84855e-01
 51   65 1.44512e-01
 51   67 1.18765e-01
 51   69 1.03178e-01
 51   71 9.63080e-02
 51   73 8.76230e-02
 51   75 7.97563e-02
 51   77 7.94457e-02
 51   79 7.85867e-02
 51   81 6.31078e-02
 51   83 5.84966e-02
 51   85 7.39622e-02
 51   87 6.33264e-02
 51   89 4.88179e-02
 51   91 5.86052e-02
 52    2 2.30948e-02
 52    4 5.49723e-02
 52    6 8.79453e-02
 52    8 1.20709e-01
 52   10 1.47108e-01
 52   12 1.45725e-01
 52   14 1.37426e-01
 52   16 1.33361e-01
 52   18 1.35678e-01
 52   20 1.39415e-01
 52   22 1.47677e-01
 52   24 1.56318e-01
 52   26 1.59767e-01
 52   28 1.63945e-01
 52   30 1.75873e-01
 52   32 1.77760e-01
 52   34 1.83933e-01
 52   36 2.12817e-01
 52   38 2.25329e-01
 52   40 2.32353e-01
 52   42 2.90093e-01
 52   44 3.72241e-01
 52   46 4.90234e-01
 52   48 9.23207e-01
 52   50 2.02703e+00
 52   52 4.11255e+01
 52   54 1.96522e+00
 52   56 8.39315e-01
 52   58 3.95946e-01
 52   60 2.41408e-01
 52   62 2.01503e-01
 52   64 1.80950e-01
 52   66 1.49193e-01
 52   68 1.16543e-01
 52   70 9.93626e-02
 52   72 9.00082e-02
 52   74 8.47916e-02
 52   76 8.61637e-02
 52   78 7.97217e-02
 52   80 6.29269e-02
 52   82 6.02879e-02
 52   84 7.60601e-02
 52   86 6.22943e-02
 52   88 5.21565e-02
 52   90 6.14334e-02
 53    1 7.65365e-03
 53    3 3.83386e-02
 53    5 6.91361e-02
 53    7 1.00515e-01
 53    9 1.34187e-01
 53   11 1.43021e-01
 53   13 1.40842e-01
 53   15 1.30283e-01
 53   17 1.29989e-01
 53   19 1.31689e-01
 53   21 1.32953e-01
 53   23 1.41725e-01
 53   25 1.50427e-01
 53   27 1.53367e-01
 53   29 1.63365e-01
 53   31 1.71396e-01
 53   33 1.70408e-01
 53   35 1.80686e-01
 53   37 2.07716e-01
 53   39 2.17474e-01
 53   41 2.28718e-01
 53   43 2.87386e-01
 53   45 3.48310e-01
 53   47 4.63668e-01
 53   49 9.00303e-01
 53   51 1.98584e+00
 53   53 4.06003e+01
 53   55 1.91407e+00
 53   57 8.05910e-01
 53   59 3.84694e-01
 53   61 2.33141e-01
 53   63 1.84721e-01
 53   65 1.67430e-01
 53   67 1.39988e-01
 53   69 1.11753e-01
 53   71 9.51136e-02
 53   73 8.71347e-02
 53   75 8.25466e-02
 53   77 8.42508e-02
 53   79 7.84217e-02
 53   81 6.27598e-02
 53   83 5.96344e-02
 53   85 7.45644e-02
 53   87 6.12484e-02
 53   89 4.90203e-02
 53   91 5.81921e-02
 54    2 2.29123e-02
 54    4 5.27353e-02
 54    6 8.10798e-02
 54    8 1.11246e-01
 54   10 1.36366e-01
 54   12 1.34166e-01
 54   14 1.29823e-01
 54   16 1.26665e-01
 54   18 1.30653e-01
 54   20 1.32670e-01
 54   22 1.31263e-01
 54   24 1.38134e-01
 54   26 1.41229e-01
 54   28 1.44704e-01
 54   30 1.54048e-01
 54   32 1.63975e-01
 54   34 1.70285e-01
 54   36 1.84835e-01
 54   38 2.07241e-01
 54   40 2.10358e-01
 54   42 2.29840e-01
 54   44 2.84648e-01
 54   46 3.31287e-01
 54   48 4.43622e-01
 54   50 8.76241e-01
 54   52 1.94139e+00
 54   54 4.00798e+01
 54   56 1.86333e+00
 54   58 7.74074e-01
 54   60 3.78487e-01
 54   62 2.27285e-01
 54   64 1.78037e-01
 54   66 1.59575e-01
 54   68 1.34879e-01
 54   70 1.08027e-01
 54   72 9.17808e-02
 54   74 8.82893e-02
 54   76 8.84064e-02
 54   78 7.89496e-02
 54   80 6.24010e-02
 54   82 6.33465e-02
 54   84 7.78333e-02
 54   86 6.09013e-02
 54   88 5.25127e-02
 54   90 6.10037e-02
 55    1 7.41249e-03
 55    3 3.67569e-02
 55    5 6.52502e-02
 55    7 9.40380e-02
 55    9 1.23798e-01
 55   11 1.32705e-01
 55   13 1.30441e-01
 55   15 1.22740e-01
 55   17 1.20396e-01
 55   19 1.24628e-01
 55   21 1.24607e-01
 55   23 1.27508e-01
 55   25 1.34045e-01
 55   27 1.39943e-01
 55   29 1.42558e-01
 55   31 1.48296e-01
 55   33 1.56486e-01
 55   35 1.64082e-01
 55   37 1.83532e-01
 55   39 2.04502e-01
 55   41 2.06057e-01
 55   43 2.23116e-01
 55   45 2.76283e-01
 55   47 3.14119e-01
 55   49 4.24693e-01
 55   51 8.48070e-01
 55   53 1.89381e+00
 55   55 3.96492e+01
 55   57 1.80561e+00
 55   59 7.39607e-01
 55   61 3.69375e-01
 55   63 2.21433e-01
 55   65 1.64994e-01
 55   67 1.46255e-01
 55   69 1.26951e-01
 55   71 1.04790e-01
 55   73 8.88582e-02
 55   75 8.53519e-02
 55   77 8.64733e-02
 55   79 7.85318e-02
 55   81 6.26548e-02
 55   83 6.31495e-02
 55   85 7.71481e-02
 55   87 6.07133e-02
 55   89 4.97983e-02
 55   91 5.75351e-02
 56    2 1.97735e-02
 56    4 4.70264e-02
 56    6 7.58875e-02
 56    8 1.04820e-01
 56   10 1.28935e-01
 56   12 1.29611e-01
 56   14 1.23055e-01
 56   16 1.12210e-01
 56   18 1.13814e-01
 56   20 1.16945e-01
 56   22 1.22353e-01
 56   24 1.27369e-01
 56   26 1.32847e-01
 56   28 1.35090e-01
 56   30 1.37764e-01
 56   32 1.48650e-01
 56   34 1.56014e-01
 56   36 1.61233e-01
 56   38 1.79511e-01
 56   40 1.97936e-01
 56   42 1.96519e-01
 56   44 2.20704e-01
 56   46 2.72973e-01
 56   48 3.03254e-01
 56   50 4.08096e-01
 56   52 8.21636e-01
 56   54 1.84648e+00
 56   56 3.92105e+01
 56   58 1.75330e+00
 56   60 7.08160e-01
 56   62 3.65723e-01
 56   64 2.19216e-01
 56   66 1.56129e-01
 56   68 1.35477e-01
 56   70 1.19776e-01
 56   72 1.02393e-01
 56   74 9.31046e-02
 56   76 8.97897e-02
 56   78 7.92623e-02
 56   80 6.47530e-02
 56   82 6.83151e-02
 56   84 7.94976e-02
 56   86 5.98713e-02
 56   88 5.38956e-02
 56   90 6.03122e-02
 57    1 6.24933e-03
 57    3 3.22027e-02
 57    5 5.98991e-02
 57    7 8.77030e-02
 57    9 1.17262e-01
 57   11 1.25051e-01
 57   13 1.21996e-01
 57   15 1.12157e-01
 57   17 1.07633e-01
 57   19 1.10793e-01
 57   21 1.15663e-01
 57   23 1.20650e-01
 57   25 1.25005e-01
 57   27 1.27541e-01
 57   29 1.27464e-01
 57   31 1.30322e-01
 57   33 1.44607e-01
 57   35 1.51448e-01
 57   37 1.59932e-01
 57   39 1.80527e-01
 57   41 1.88310e-01
 57   43 1.87956e-01
 57   45 2.18290e-01
 57   47 2.65769e-01
 57   49 2.83408e-01
 57   51 3.93466e-01
 57   53 7.91401e-01
 57   55 1.79208e+00
 57   57 3.88372e+01
 57   59 1.68561e+00
 57   61 6.68303e-01
 57   63 3.58584e-01
 57   65 2.17179e-01
 57   67 1.49222e-01
 57   69 1.27714e-01
 57   71 1.13739e-01
 57   73 9.84606e-02
 57   75 9.10862e-02
 57   77 8.95241e-02
 57   79 7.97251e-02
 57   81 6.53918e-02
 57   83 6.74185e-02
 57   85 7.84630e-02
 57   87 5.91273e-02
 57   89 5.06772e-02
 57   91 5.65194e-02
 58    2 1.90394e-02
 58    4 4.50943e-02
 58    6 7.28527e-02
 58    8 9.98713e-02
 58   10 1.20134e-01
 58   12 1.13901e-01
 58   14 1.04566e-01
 58   16 1.05953e-01
 58   18 1.12461e-01
 58   20 1.17114e-01
 58   22 1.18619e-01
 58   24 1.17359e-01
 58   26 1.15276e-01
 58   28 1.20520e-01
 58   30 1.25266e-01
 58   32 1.32946e-01
 58   34 1.41940e-01
 58   36 1.44700e-01
 58   38 1.54058e-01
 58   40 1.72617e-01
 58   42 1.80059e-01
 58   44 1.84941e-01
 58   46 2.24166e-01
 58   48 2.53152e-01
 58   50 2.67326e-01
 58   52 3.85309e-01
 58   54 7.62525e-01
 58   56 1.74291e+00
 58   58 3.85092e+01
 58   60 1.62933e+00
 58   62 6.29497e-01
 58   64 3.47246e-01
 58   66 2.11437e-01
 58   68 1.40104e-01
 58   70 1.17329e-01
 58   72 1.09133e-01
 58   74 1.02208e-01
 58   76 9.51072e-02
 58   78 8.10398e-02
 58   80 6.90881e-02
 58   82 7.43156e-02
 58   84 8.15440e-02
 58   86 5.91299e-02
 58   88 5.58718e-02
 58   90 6.06483e-02
 59    1 6.28895e-03
 59    3 3.12444e-02
 59    5 5.70038e-02
 59    7 8.47431e-02
 59    9 1.10667e-01
 59   11 1.15941e-01
 59   13 1.07884e-01
 59   15 9.99215e-02
 59   17 1.08295e-01
 59   19 1.13235e-01
 59   21 1.13000e-01
 59   23 1.14553e-01
 59   25 1.09541e-01
 59   27 1.10077e-01
 59   29 1.13567e-01
 59   31 1.22265e-01
 59   33 1.30086e-01
 59   35 1.39754e-01
 59   37 1.42805e-01
 59   39 1.49606e-01
 59   41 1.66063e-01
 59   43 1.66302e-01
 59   45 1.77756e-01
 59   47 2.17398e-01
 59   49 2.39237e-01
 59   51 2.52155e-01
 59   53 3.76126e-01
 59   55 7.30874e-01
 59   57 1.67828e+00
 59   59 3.81635e+01
 59   61 1.56114e+00
 59   63 5.87597e-01
 59   65 3.38925e-01
 59   67 2.12461e-01
 59   69 1.36868e-01
 59   71 1.10148e-01
 59   73 1.02776e-01
 59   75 1.00203e-01
 59   77 9.58242e-02
 59   79 8.20447e-02
 59   81 6.82678e-02
 59   83 7.13058e-02
 59   85 7.88496e-02
 59   87 5.77001e-02
 59   89 5.29669e-02
 59   91 5.72445e-02
 60    2 1.80430e-02
 60    4 4.23888e-02
 60    6 6.72264e-02
 60    8 9.46709e-02
 60   10 1.18075e-01
 60   12 1.14962e-01
 60   14 1.07219e-01
 60   16 1.05746e-01
 60   18 1.09643e-01
 60   20 1.04392e-01
 60   22 1.03481e-01
 60   24 1.05434e-01
 60   26 1.10248e-01
 60   28 1.14141e-01
 60   30 1.17986e-01
 60   32 1.20880e-01
 60   34 1.24668e-01
 60   36 1.30338e-01
 60   38 1.31949e-01
 60   40 1.44571e-01
 60   42 1.63838e-01
 60   44 1.66733e-01
 60   46 1.70356e-01
 60   48 2.09611e-01
 60   50 2.25283e-01
 60   52 2.34277e-01
 60   54 3.71816e-01
 60   56 7.02029e-01
 60   58 1.62486e+00
 60   60 3.78634e+01
 60   62 1.49795e+00
 60   64 5.41302e-01
 60   66 3.15018e-01
 60   68 1.99810e-01
 60   70 1.31764e-01
 60   72 1.10307e-01
 60   74 1.08784e-01
 60   76 1.00467e-01
 60   78 8.44420e-02
 60   80 7.47188e-02
 60   82 8.07535e-02
 60   84 8.36957e-02
 60   86 5.93547e-02
 60   88 5.90593e-02
 60   90 6.18334e-02
 61    1 6.07411e-03
 61    3 3.00983e-02
 61    5 5.38065e-02
 61    7 7.85876e-02
 61    9 1.06976e-01
 61   11 1.16071e-01
 61   13 1.11308e-01
 61   15 1.04581e-01
 61   17 1.04497e-01
 61   19 1.03867e-01
 61   21 1.00573e-01
 61   23 9.84205e-02
 61   25 1.02053e-01
 61   27 1.06870e-01
 61   29 1.12789e-01
 61   31 1.14995e-01
 61   33 1.18102e-01
 61   35 1.21498e-01
 61   37 1.26319e-01
 61   39 1.27405e-01
 61   41 1.34897e-01
 61   43 1.53222e-01
 61   45 1.53151e-01
 61   47 1.62036e-01
 61   49 2.01680e-01
 61   51 2.09277e-01
 61   53 2.27693e-01
 61   55 3.64605e-01
 61   57 6.64652e-01
 61   59 1.55939e+00
 61   61 3.75209e+01
 61   63 1.43085e+00
 61   65 4.99756e-01
 61   67 3.00585e-01
 61   69 1.94766e-01
 61   71 1.26336e-01
 61   73 1.05705e-01
 61   75 1.07372e-01
 61   77 1.01176e-01
 61   79 8.41606e-02
 61   81 7.16631e-02
 61   83 7.71716e-02
 61   85 8.17943e-02
 61   87 5.87556e-02
 61   89 5.64868e-02
 61   91 5.92161e-02
 62    2 1.81819e-02
 62    4 4.22835e-02
 62    6 6.71516e-02
 62    8 9.16039e-02
 62   10 1.11682e-01
 62   12 1.05728e-01
 62   14 9.68086e-02
 62   16 9.66669e-02
 62   18 1.02473e-01
 62   20 1.08356e-01
 62   22 1.09835e-01
 62   24 1.09576e-01
 62   26 1.06170e-01
 62   28 1.04522e-01
 62   30 1.04956e-01
 62   32 1.07339e-01
 62   34 1.10401e-01
 62   36 1.16183e-01
 62   38 1.22456e-01
 62   40 1.27497e-01
 62   42 1.38186e-01
 62   44 1.40892e-01
 62   46 1.38601e-01
 62   48 1.55078e-01
 62   50 1.86448e-01
 62   52 1.95655e-01
 62   54 2.23398e-01
 62   56 3.62749e-01
 62   58 6.28102e-01
 62   60 1.49874e+00
 62   62 3.71833e+01
 62   64 1.36244e+00
 62   66 4.44885e-01
 62   68 2.71835e-01
 62   70 1.91055e-01
 62   72 1.38514e-01
 62   74 1.13787e-01
 62   76 1.00602e-01
 62   78 8.73394e-02
 62   80 8.18025e-02
 62   82 8.73859e-02
 62   84 8.64945e-02
 62   86 6.05284e-02
 62   88 6.41949e-02
 62   90 6.59551e-02
 63    1 5.95527e-03
 63    3 2.98225e-02
 63    5 5.37699e-02
 63    7 7.75591e-02
 63    9 1.01231e-01
 63   11 1.07407e-01
 63   13 9.91910e-02
 63   15 9.02566e-02
 63   17 9.33484e-02
 63   19 9.75976e-02
 63   21 1.02536e-01
 63   23 1.07438e-01
 63   25 1.04625e-01
 63   27 1.03380e-01
 63   29 1.01323e-01
 63   31 1.04835e-01
 63   33 1.03786e-01
 63   35 1.07821e-01
 63   37 1.13900e-01
 63   39 1.15248e-01
 63   41 1.23413e-01
 63   43 1.30658e-01
 63   45 1.31225e-01
 63   47 1.31052e-01
 63   49 1.48420e-01
 63   51 1.78463e-01
 63   53 1.80804e-01
 63   55 2.19057e-01
 63   57 3.57414e-01
 63   59 5.88237e-01
 63   61 1.43402e+00
 63   63 3.68474e+01
 63   65 1.29338e+00
 63   67 4.03528e-01
 63   69 2.51071e-01
 63   71 1.81060e-01
 63   73 1.35482e-01
 63   75 1.14804e-01
 63   77 1.01514e-01
 63   79 8.56701e-02
 63   81 7.88842e-02
 63   83 8.49792e-02
 63   85 8.52539e-02
 63   87 5.98790e-02
 63   89 6.07782e-02
 63   91 6.30950e-02
 64    2 1.67948e-02
 64    4 3.89350e-02
 64    6 6.07680e-02
 64    8 8.28981e-02
 64   10 1.01742e-01
 64   12 9.91133e-02
 64   14 9.97220e-02
 64   16 1.03796e-01
 64   18 1.06106e-01
 64   20 9.66128e-02
 64   22 9.59788e-02
 64   24 9.27482e-02
 64   26 9.48271e-02
 64   28 9.96011e-02
 64   30 1.04559e-01
 64   32 1.05529e-01
 64   34 1.04782e-01
 64   36 1.09733e-01
 64   38 1.14287e-01
 64   40 1.14333e-01
 64   42 1.08221e-01
 64   44 1.15850e-01
 64   46 1.20305e-01
 64   48 1.18953e-01
 64   50 1.46440e-01
 64   52 1.76389e-01
 64   54 1.75680e-01
 64   56 2.18288e-01
 64   58 3.47839e-01
 64   60 5.43720e-01
 64   62 1.36780e+00
 64   64 3.65141e+01
 64   66 1.22125e+00
 64   68 3.59196e-01
 64   70 2.37325e-01
 64   72 1.85328e-01
 64   74 1.36722e-01
 64   76 1.04229e-01
 64   78 9.07948e-02
 64   80 9.04881e-02
 64   82 9.57003e-02
 64   84 8.98118e-02
 64   86 6.34376e-02
 64   88 7.10189e-02
 64   90 7.23926e-02
 65    1 5.48847e-03
 65    3 2.71123e-02
 65    5 4.86600e-02
 65    7 7.09494e-02
 65    9 9.31869e-02
 65   11 9.79244e-02
 65   13 9.30160e-02
 65   15 9.39022e-02
 65   17 9.96919e-02
 65   19 9.72844e-02
 65   21 9.38031e-02
 65   23 9.14747e-02
 65   25 9.06904e-02
 65   27 9.16518e-02
 65   29 9.82380e-02
 65   31 1.00693e-01
 65   33 1.02096e-01
 65   35 1.03945e-01
 65   37 1.04187e-01
 65   39 1.12806e-01
 65   41 1.08953e-01
 65   43 1.05127e-01
 65   45 1.14349e-01
 65   47 1.13150e-01
 65   49 1.13987e-01
 65   51 1.40310e-01
 65   53 1.64813e-01
 65   55 1.64153e-01
 65   57 2.17703e-01
 65   59 3.41227e-01
 65   61 5.03715e-01
 65   63 1.30075e+00
 65   65 3.62243e+01
 65   67 1.15223e+00
 65   69 3.21121e-01
 65   71 2.14925e-01
 65   73 1.75419e-01
 65   75 1.36167e-01
 65   77 1.05262e-01
 65   79 9.01469e-02
 65   81 8.78882e-02
 65   83 9.23842e-02
 65   85 8.78002e-02
 65   87 6.09325e-02
 65   89 6.61482e-02
 65   91 6.77105e-02
 66    2 1.63656e-02
 66    4 3.90882e-02
 66    6 6.21901e-02
 66    8 8.66467e-02
 66   10 1.07476e-01
 66   12 1.00121e-01
 66   14 8.67335e-02
 66   16 8.59081e-02
 66   18 8.47231e-02
 66   20 8.44898e-02
 66   22 8.91747e-02
 66   24 9.54462e-02
 66   26 1.02733e-01
 66   28 1.04793e-01
 66   30 1.00820e-01
 66   32 9.67126e-02
 66   34 9.96562e-02
 66   36 9.76028e-02
 66   38 9.83889e-02
 66   40 9.63047e-02
 66   42 9.60041e-02
 66   44 9.98899e-02
 66   46 1.05227e-01
 66   48 1.08536e-01
 66   50 1.19115e-01
 66   52 1.46524e-01
 66   54 1.58644e-01
 66   56 1.56635e-01
 66   58 2.13387e-01
 66   60 3.18799e-01
 66   62 4.49985e-01
 66   64 1.23041e+00
 66   66 3.60162e+01
 66   68 1.08885e+00
 66   70 2.97309e-01
 66   72 2.01460e-01
 66   74 1.62063e-01
 66   76 1.22148e-01
 66   78 1.01747e-01
 66   80 1.00972e-01
 66   82 1.04181e-01
 66   84 9.33514e-02
 66   86 6.67307e-02
 66   88 7.70386e-02
 66   90 7.71538e-02
 67    1 5.21397e-03
 67    3 2.67461e-02
 67    5 4.90439e-02
 67    7 7.24330e-02
 67    9 9.74453e-02
 67   11 1.04609e-01
 67   13 9.21766e-02
 67   15 8.21825e-02
 67   17 8.46668e-02
 67   19 8.26218e-02
 67   21 8.60713e-02
 67   23 8.78676e-02
 67   25 9.18948e-02
 67   27 9.95043e-02
 67   29 9.90162e-02
 67   31 9.61149e-02
 67   33 9.55575e-02
 67   35 9.30243e-02
 67   37 9.62000e-02
 67   39 9.62158e-02
 67   41 9.32641e-02
 67   43 9.57730e-02
 67   45 9.47964e-02
 67   47 9.98764e-02
 67   49 1.02920e-01
 67   51 1.16390e-01
 67   53 1.39089e-01
 67   55 1.46872e-01
 67   57 1.50983e-01
 67   59 2.15906e-01
 67   61 3.05802e-01
 67   63 4.09624e-01
 67   65 1.16301e+00
 67   67 3.58544e+01
 67   69 1.01833e+00
 67   71 2.67591e-01
 67   73 1.84251e-01
 67   75 1.53517e-01
 67   77 1.20610e-01
 67   79 1.00193e-01
 67   81 9.71517e-02
 67   83 1.01170e-01
 67   85 9.21637e-02
 67   87 6.47416e-02
 67   89 7.17655e-02
 67   91 7.20916e-02
 68    2 1.65672e-02
 68    4 3.83008e-02
 68    6 5.96548e-02
 68    8 8.11649e-02
 68   10 9.78103e-02
 68   12 8.71542e-02
 68   14 7.78370e-02
 68   16 8.36591e-02
 68   18 9.40807e-02
 68   20 1.01586e-01
 68   22 1.03088e-01
 68   24 9.59356e-02
 68   26 9.44594e-02
 68   28 9.10090e-02
 68   30 8.83799e-02
 68   32 9.12664e-02
 68   34 8.85959e-02
 68   36 8.91070e-02
 68   38 8.78737e-02
 68   40 8.69131e-02
 68   42 8.90776e-02
 68   44 8.78840e-02
 68   46 9.42094e-02
 68   48 1.03139e-01
 68   50 1.06418e-01
 68   52 1.15749e-01
 68   54 1.35604e-01
 68   56 1.37448e-01
 68   58 1.42991e-01
 68   60 2.04488e-01
 68   62 2.78052e-01
 68   64 3.65971e-01
 68   66 1.10113e+00
 68   68 3.57858e+01
 68   70 9.61483e-01
 68   72 2.47356e-01
 68   74 1.61847e-01
 68   76 1.37175e-01
 68   78 1.20852e-01
 68   80 1.16256e-01
 68   82 1.12774e-01
 68   84 9.62745e-02
 68   86 6.91727e-02
 68   88 8.34213e-02
 68   90 7.88396e-02
 69    1 5.52361e-03
 69    3 2.76419e-02
 69    5 4.95585e-02
 69    7 6.99802e-02
 69    9 8.99330e-02
 69   11 9.29040e-02
 69   13 8.08220e-02
 69   15 7.48919e-02
 69   17 8.20456e-02
 69   19 9.22564e-02
 69   21 1.00243e-01
 69   23 9.79473e-02
 69   25 9.35646e-02
 69   27 8.91154e-02
 69   29 8.72620e-02
 69   31 8.78735e-02
 69   33 8.68104e-02
 69   35 8.77075e-02
 69   37 8.72559e-02
 69   39 8.27835e-02
 69   41 8.65548e-02
 69   43 8.42724e-02
 69   45 8.44823e-02
 69   47 9.12090e-02
 69   49 1.00867e-01
 69   51 1.02456e-01
 69   53 1.12508e-01
 69   55 1.29177e-01
 69   57 1.30934e-01
 69   59 1.40931e-01
 69   61 2.00773e-01
 69   63 2.58244e-01
 69   65 3.28424e-01
 69   67 1.03184e+00
 69   69 3.57895e+01
 69   71 8.94138e-01
 69   73 2.29994e-01
 69   75 1.52074e-01
 69   77 1.30685e-01
 69   79 1.16662e-01
 69   81 1.13056e-01
 69   83 1.12601e-01
 69   85 9.84307e-02
 69   87 6.99551e-02
 69   89 8.01058e-02
 69   91 7.60116e-02
 70    2 1.57004e-02
 70    4 3.62794e-02
 70    6 5.62634e-02
 70    8 7.61794e-02
 70   10 9.49609e-02
 70   12 9.06802e-02
 70   14 8.29020e-02
 70   16 8.57512e-02
 70   18 8.38785e-02
 70   20 8.35982e-02
 70   22 8.46252e-02
 70   24 8.84719e-02
 70   26 8.99587e-02
 70   28 8.74636e-02
 70   30 9.01927e-02
 70   32 8.49708e-02
 70   34 8.55521e-02
 70   36 8.42514e-02
 70   38 8.01979e-02
 70   40 8.08420e-02
 70   42 8.10163e-02
 70   44 8.37900e-02
 70   46 8.81274e-02
 70   48 9.59902e-02
 70   50 9.98138e-02
 70   52 1.00196e-01
 70   54 1.10271e-01
 70   56 1.23380e-01
 70   58 1.21580e-01
 70   60 1.36914e-01
 70   62 1.98417e-01
 70   64 2.45504e-01
 70   66 3.05265e-01
 70   68 9.76205e-01
 70   70 3.58531e+01
 70   72 8.27735e-01
 70   74 2.08884e-01
 70   76 1.41072e-01
 70   78 1.35856e-01
 70   80 1.34294e-01
 70   82 1.24374e-01
 70   84 1.00371e-01
 70   86 7.42016e-02
 70   88 9.24620e-02
 70   90 8.53271e-02
 71    1 5.24486e-03
 71    3 2.57302e-02
 71    5 4.53760e-02
 71    7 6.51716e-02
 71    9 8.41826e-02
 71   11 8.98241e-02
 71   13 8.16733e-02
 71   15 8.00957e-02
 71   17 8.32883e-02
 71   19 8.03776e-02
 71   21 8.27306e-02
 71   23 8.35843e-02
 71   25 8.73747e-02
 71   27 8.59147e-02
 71   29 8.42703e-02
 71   31 8.37432e-02
 71   33 8.37641e-02
 71   35 8.16861e-02
 71   37 7.78410e-02
 71   39 7.85962e-02
 71   41 7.91831e-02
 71   43 8.07394e-02
 71   45 8.43544e-02
 71   47 9.00082e-02
 71   49 9.58629e-02
 71   51 9.73023e-02
 71   53 9.74266e-02
 71   55 1.08487e-01
 71   57 1.18640e-01
 71   59 1.15396e-01
 71   61 1.32504e-01
 71   63 1.89481e-01
 71   65 2.23648e-01
 71   67 2.75868e-01
 71   69 9.09736e-01
 71   71 3.59186e+01
 71   73 7.65619e-01
 71   75 2.00751e-01
 71   77 1.36909e-01
 71   79 1.32824e-01
 71   81 1.33381e-01
 71   83 1.26366e-01
 71   85 1.03452e-01
 71   87 7.51789e-02
 71   89 9.02445e-02
 71   91 8.43582e-02
 72    2 1.69539e-02
 72    4 3.83511e-02
 72    6 5.88832e-02
 72    8 7.77222e-02
 72   10 9.21673e-02
 72   12 7.88895e-02
 72   14 7.04444e-02
 72   16 7.22825e-02
 72   18 7.18721e-02
 72   20 7.59379e-02
 72   22 8.29692e-02
 72   24 8.70636e-02
 72   26 8.79752e-02
 72   28 8.41202e-02
 72   30 7.67114e-02
 72   32 7.73547e-02
 72   34 7.97132e-02
 72   36 7.93321e-02
 72   38 7.98722e-02
 72   40 7.96366e-02
 72   42 8.08546e-02
 72   44 8.30099e-02
 72   46 8.64703e-02
 72   48 8.92157e-02
 72   50 9.19163e-02
 72   52 9.25485e-02
 72   54 9.55296e-02
 72   56 1.07549e-01
 72   58 1.15311e-01
 72   60 1.16872e-01
 72   62 1.46680e-01
 72   64 1.95486e-01
 72   66 2.10920e-01
 72   68 2.56082e-01
 72   70 8.44014e-01
 72   72 3.59585e+01
 72   74 6.99167e-01
 72   76 2.00537e-01
 72   78 1.53112e-01
 72   80 1.51479e-01
 72   82 1.37581e-01
 72   84 1.09380e-01
 72   86 8.48631e-02
 72   88 1.06218e-01
 72   90 9.40294e-02
 73    1 5.28477e-03
 73    3 2.62443e-02
 73    5 4.68971e-02
 73    7 6.60323e-02
 73    9 8.49459e-02
 73   11 8.68809e-02
 73   13 7.18289e-02
 73   15 6.99631e-02
 73   17 7.21162e-02
 73   19 7.33301e-02
 73   21 7.64583e-02
 73   23 7.89375e-02
 73   25 8.44521e-02
 73   27 8.23090e-02
 73   29 7.76969e-02
 73   31 7.16683e-02
 73   33 7.22265e-02
 73   35 7.66186e-02
 73   37 7.95684e-02
 73   39 8.08424e-02
 73   41 8.13497e-02
 73   43 8.19136e-02
 73   45 8.53441e-02
 73   47 8.77128e-02
 73   49 8.89471e-02
 73   51 9.04741e-02
 73   53 9.12161e-02
 73   55 9.40159e-02
 73   57 1.04962e-01
 73   59 1.10040e-01
 73   61 1.13305e-01
 73   63 1.44901e-01
 73   65 1.86552e-01
 73   67 1.94128e-01
 73   69 2.39152e-01
 73   71 7.82454e-01
 73   73 3.59094e+01
 73   75 6.40507e-01
 73   77 2.00406e-01
 73   79 1.56432e-01
 73   81 1.53574e-01
 73   83 1.38331e-01
 73   85 1.09802e-01
 73   87 8.27727e-02
 73   89 1.01851e-01
 73   91 9.21306e-02
 74    2 1.39722e-02
 74    4 3.23243e-02
 74    6 5.09916e-02
 74    8 7.00565e-02
 74   10 8.61319e-02
 74   12 7.70896e-02
 74   14 7.34789e-02
 74   16 7.79550e-02
 74   18 7.91421e-02
 74   20 8.21348e-02
 74   22 7.80770e-02
 74   24 7.86405e-02
 74   26 7.68610e-02
 74   28 7.70267e-02
 74   30 7.79943e-02
 74   32 7.86086e-02
 74   34 7.97670e-02
 74   36 8.03639e-02
 74   38 7.98648e-02
 74   40 7.84962e-02
 74   42 7.55028e-02
 74   44 7.77097e-02
 74   46 7.88335e-02
 74   48 8.03269e-02
 74   50 8.42743e-02
 74   52 8.93137e-02
 74   54 9.41396e-02
 74   56 1.00180e-01
 74   58 1.10632e-01
 74   60 1.18074e-01
 74   62 1.23438e-01
 74   64 1.47737e-01
 74   66 1.73816e-01
 74   68 1.71649e-01
 74   70 2.18194e-01
 74   72 7.16241e-01
 74   74 3.57014e+01
 74   76 6.01988e-01
 74   78 2.24234e-01
 74   80 1.76975e-01
 74   82 1.51560e-01
 74   84 1.19285e-01
 74   86 9.81714e-02
 74   88 1.19547e-01
 74   90 9.99373e-02
 75    1 4.36116e-03
 75    3 2.19946e-02
 75    5 4.04529e-02
 75    7 6.00325e-02
 75    9 7.96934e-02
 75   11 8.43118e-02
 75   13 7.26795e-02
 75   15 7.14634e-02
 75   17 7.52355e-02
 75   19 7.54278e-02
 75   21 7.81049e-02
 75   23 7.51712e-02
 75   25 7.33919e-02
 75   27 7.26416e-02
 75   29 7.56211e-02
 75   31 7.58979e-02
 75   33 7.87915e-02
 75   35 8.06217e-02
 75   37 8.14299e-02
 75   39 8.17908e-02
 75   41 7.75327e-02
 75   43 7.59588e-02
 75   45 7.57954e-02
 75   47 7.68173e-02
 75   49 7.98316e-02
 75   51 8.45729e-02
 75   53 8.87441e-02
 75   55 9.27421e-02
 75   57 9.97202e-02
 75   59 1.10180e-01
 75   61 1.18195e-01
 75   63 1.26098e-01
 75   65 1.48715e-01
 75   67 1.66109e-01
 75   69 1.62395e-01
 75   71 2.10699e-01
 75   73 6.57785e-01
 75   75 3.53470e+01
 75   77 5.55594e-01
 75   79 2.29278e-01
 75   81 1.80848e-01
 75   83 1.53414e-01
 75   85 1.19005e-01
 75   87 9.36456e-02
 75   89 1.12990e-01
 75   91 9.69208e-02
 76    2 1.37663e-02
 76    4 3.22200e-02
 76    6 5.29794e-02
 76    8 7.48336e-02
 76   10 9.43856e-02
 76   12 8.62966e-02
 76   14 7.43933e-02
 76   16 7.51997e-02
 76   18 6.92970e-02
 76   20 6.99196e-02
 76   22 7.43884e-02
 76   24 7.91009e-02
 76   26 7.78952e-02
 76   28 7.87942e-02
 76   30 7.56422e-02
 76   32 7.52955e-02
 76   34 7.16613e-02
 76   36 7.15717e-02
 76   38 7.12667e-02
 76   40 6.82675e-02
 76   42 7.11007e-02
 76   44 7.32166e-02
 76   46 7.62365e-02
 76   48 8.15862e-02
 76   50 8.63220e-02
 76   52 9.34516e-02
 76   54 9.70610e-02
 76   56 9.94796e-02
 76   58 1.05999e-01
 76   60 1.12281e-01
 76   62 1.12373e-01
 76   64 1.15968e-01
 76   66 1.34893e-01
 76   68 1.49799e-01
 76   70 1.51731e-01
 76   72 2.11528e-01
 76   74 6.19847e-01
 76   76 3.48866e+01
 76   78 5.36351e-01
 76   80 2.47101e-01
 76   82 1.77167e-01
 76   84 1.31630e-01
 76   86 1.12416e-01
 76   88 1.36404e-01
 76   90 1.06608e-01
 77    1 4.21354e-03
 77    3 2.12305e-02
 77    5 3.97495e-02
 77    7 6.11506e-02
 77    9 8.34341e-02
 77   11 9.10593e-02
 77   13 7.74712e-02
 77   15 7.32546e-02
 77   17 6.80884e-02
 77   19 6.65820e-02
 77   21 6.61273e-02
 77   23 7.23713e-02
 77   25 7.59770e-02
 77   27 7.80841e-02
 77   29 7.55611e-02
 77   31 7.57673e-02
 77   33 7.27637e-02
 77   35 7.05520e-02
 77   37 7.12371e-02
 77   39 6.86900e-02
 77   41 6.81914e-02
 77   43 7.04278e-02
 77   45 7.22039e-02
 77   47 7.59075e-02
 77   49 8.13214e-02
 77   51 8.69826e-02
 77   53 9.35212e-02
 77   55 9.70156e-02
 77   57 1.01197e-01
 77   59 1.08791e-01
 77   61 1.14996e-01
 77   63 1.15126e-01
 77   65 1.18699e-01
 77   67 1.34746e-01
 77   69 1.44092e-01
 77   71 1.48366e-01
 77   73 2.12504e-01
 77   75 5.73658e-01
 77   77 3.43307e+01
 77   79 5.00634e-01
 77   81 2.52429e-01
 77   83 1.84189e-01
 77   85 1.34029e-01
 77   87 1.08239e-01
 77   89 1.30525e-01
 77   91 1.03609e-01
 78    2 1.35137e-02
 78    4 3.18767e-02
 78    6 5.08321e-02
 78    8 7.22488e-02
 78   10 9.19784e-02
 78   12 8.13326e-02
 78   14 7.41685e-02
 78   16 7.19452e-02
 78   18 6.43642e-02
 78   20 6.60584e-02
 78   22 6.37570e-02
 78   24 6.70659e-02
 78   26 6.74509e-02
 78   28 6.53417e-02
 78   30 6.44982e-02
 78   32 6.32546e-02
 78   34 6.65997e-02
 78   36 7.02790e-02
 78   38 7.15043e-02
 78   40 7.72965e-02
 78   42 8.08125e-02
 78   44 8.21640e-02
 78   46 8.46191e-02
 78   48 8.57409e-02
 78   50 8.83701e-02
 78   52 8.95371e-02
 78   54 8.97584e-02
 78   56 9.09365e-02
 78   58 9.35302e-02
 78   60 9.77251e-02
 78   62 1.01025e-01
 78   64 1.04610e-01
 78   66 1.16356e-01
 78   68 1.36663e-01
 78   70 1.51313e-01
 78   72 1.67243e-01
 78   74 2.39090e-01
 78   76 5.55409e-01
 78   78 3.37993e+01
 78   80 4.80910e-01
 78   82 2.41641e-01
 78   84 1.63266e-01
 78   86 1.40967e-01
 78   88 1.64040e-01
 78   90 1.20835e-01
 79    1 4.55911e-03
 79    3 2.27431e-02
 79    5 4.10733e-02
 79    7 6.00067e-02
 79    9 8.12483e-02
 79   11 8.65335e-02
 79   13 7.18698e-02
 79   15 6.92812e-02
 79   17 6.44091e-02
 79   19 6.16042e-02
 79   21 5.93877e-02
 79   23 6.03528e-02
 79   25 6.30834e-02
 79   27 6.52413e-02
 79   29 6.18427e-02
 79   31 6.00063e-02
 79   33 6.08078e-02
 79   35 6.67549e-02
 79   37 6.89848e-02
 79   39 7.22282e-02
 79   41 7.81932e-02
 79   43 8.22816e-02
 79   45 8.41868e-02
 79   47 8.52375e-02
 79   49 8.62264e-02
 79   51 8.93758e-02
 79   53 9.04236e-02
 79   55 9.15196e-02
 79   57 9.36118e-02
 79   59 9.67559e-02
 79   61 9.93626e-02
 79   63 1.00921e-01
 79   65 1.05594e-01
 79   67 1.16273e-01
 79   69 1.33614e-01
 79   71 1.49515e-01
 79   73 1.72301e-01
 79   75 2.45905e-01
 79   77 5.20031e-01
 79   79 3.33073e+01
 79   81 4.62607e-01
 79   83 2.50324e-01
 79   85 1.66044e-01
 79   87 1.36080e-01
 79   89 1.58805e-01
 79   91 1.19239e-01
 80    2 1.32015e-02
 80    4 3.13343e-02
 80    6 4.92325e-02
 80    8 6.79581e-02
 80   10 8.51879e-02
 80   12 7.51782e-02
 80   14 6.76453e-02
 80   16 6.61159e-02
 80   18 6.11642e-02
 80   20 5.82676e-02
 80   22 5.59737e-02
 80   24 5.43786e-02
 80   26 5.96438e-02
 80   28 6.93140e-02
 80   30 7.23893e-02
 80   32 7.12596e-02
 80   34 7.32184e-02
 80   36 7.67931e-02
 80   38 8.22385e-02
 80   40 8.31372e-02
 80   42 8.07434e-02
 80   44 7.71099e-02
 80   46 7.38271e-02
 80   48 7.32337e-02
 80   50 7.32089e-02
 80   52 7.36554e-02
 80   54 7.39363e-02
 80   56 7.74236e-02
 80   58 8.30996e-02
 80   60 9.01195e-02
 80   62 9.86111e-02
 80   64 1.08654e-01
 80   66 1.20339e-01
 80   68 1.37010e-01
 80   70 1.55882e-01
 80   72 1.72439e-01
 80   74 1.96660e-01
 80   76 2.66674e-01
 80   78 5.01193e-01
 80   80 3.28828e+01
 80   82 4.16166e-01
 80   84 2.28184e-01
 80   86 1.94031e-01
 80   88 2.06988e-01
 80   90 1.41519e-01
 81    1 4.45163e-03
 81    3 2.27219e-02
 81    5 4.09847e-02
 81    7 5.77637e-02
 81    9 7.44300e-02
 81   11 7.83757e-02
 81   13 6.25987e-02
 81   15 6.18715e-02
 81   17 5.70564e-02
 81   19 5.86068e-02
 81   21 5.29112e-02
 81   23 5.23744e-02
 81   25 5.28937e-02
 81   27 5.93049e-02
 81   29 6.77403e-02
 81   31 7.25114e-02
 81   33 7.41182e-02
 81   35 7.45625e-02
 81   37 7.80244e-02
 81   39 8.28217e-02
 81   41 8.35927e-02
 81   43 8.14312e-02
 81   45 7.79137e-02
 81   47 7.50614e-02
 81   49 7.46997e-02
 81   51 7.50632e-02
 81   53 7.56833e-02
 81   55 7.63653e-02
 81   57 8.03030e-02
 81   59 8.42007e-02
 81   61 8.84877e-02
 81   63 9.71889e-02
 81   65 1.07669e-01
 81   67 1.17914e-01
 81   69 1.35421e-01
 81   71 1.57028e-01
 81   73 1.76911e-01
 81   75 2.02858e-01
 81   77 2.74234e-01
 81   79 4.83821e-01
 81   81 3.25877e+01
 81   83 4.06235e-01
 81   85 2.25643e-01
 81   87 1.86809e-01
 81   89 2.00980e-01
 81   91 1.40605e-01
 82    2 1.70627e-02
 82    4 4.02615e-02
 82    6 6.09246e-02
 82    8 7.92956e-02
 82   10 9.29103e-02
 82   12 7.03352e-02
 82   14 6.47977e-02
 82   16 6.13365e-02
 82   18 5.95606e-02
 82   20 5.86389e-02
 82   22 6.00168e-02
 82   24 5.97435e-02
 82   26 6.07241e-02
 82   28 6.18085e-02
 82   30 6.70169e-02
 82   32 6.78680e-02
 82   34 6.53019e-02
 82   36 6.34605e-02
 82   38 6.40819e-02
 82   40 6.34669e-02
 82   42 6.12493e-02
 82   44 6.04512e-02
 82   46 6.22315e-02
 82   48 6.56801e-02
 82   50 7.10655e-02
 82   52 7.40821e-02
 82   54 7.87961e-02
 82   56 8.57521e-02
 82   58 9.38406e-02
 82   60 1.02251e-01
 82   62 1.10590e-01
 82   64 1.20638e-01
 82   66 1.30351e-01
 82   68 1.39528e-01
 82   70 1.51560e-01
 82   72 1.64420e-01
 82   74 1.76808e-01
 82   76 2.00726e-01
 82   78 2.64379e-01
 82   80 4.36901e-01
 82   82 3.24311e+01
 82   84 3.86567e-01
 82   86 2.94507e-01
 82   88 2.73431e-01
 82   90 1.67272e-01
 83    1 5.47957e-03
 83    3 2.76374e-02
 83    5 4.86120e-02
 83    7 6.70589e-02
 83    9 8.47210e-02
 83   11 8.15656e-02
 83   13 5.81170e-02
 83   15 5.99372e-02
 83   17 5.70043e-02
 83   19 5.53852e-02
 83   21 5.69654e-02
 83   23 6.10363e-02
 83   25 6.08925e-02
 83   27 6.11950e-02
 83   29 6.49815e-02
 83   31 6.79604e-02
 83   33 6.86240e-02
 83   35 6.55451e-02
 83   37 6.32488e-02
 83   39 6.23308e-02
 83   41 6.23682e-02
 83   43 6.12198e-02
 83   45 6.11792e-02
 83   47 6.37751e-02
 83   49 6.83266e-02
 83   51 7.33432e-02
 83   53 7.58053e-02
 83   55 8.11328e-02
 83   57 8.72714e-02
 83   59 9.27065e-02
 83   61 1.00445e-01
 83   63 1.10363e-01
 83   65 1.19301e-01
 83   67 1.29435e-01
 83   69 1.42174e-01
 83   71 1.56819e-01
 83   73 1.67974e-01
 83   75 1.81396e-01
 83   77 2.10927e-01
 83   79 2.75969e-01
 83   81 4.28215e-01
 83   83 3.23699e+01
 83   85 3.73064e-01
 83   87 2.83219e-01
 83   89 2.66059e-01
 83   91 1.67514e-01
 84    2 1.30089e-02
 84    4 2.91689e-02
 84    6 4.46609e-02
 84    8 5.97880e-02
 84   10 7.02831e-02
 84   12 5.22154e-02
 84   14 5.02983e-02
 84   16 4.68934e-02
 84   18 4.62939e-02
 84   20 4.66568e-02
 84   22 5.15757e-02
 84   24 5.19976e-02
 84   26 5.15602e-02
 84   28 5.11093e-02
 84   30 5.21628e-02
 84   32 5.66347e-02
 84   34 5.87060e-02
 84   36 5.87259e-02
 84   38 5.92274e-02
 84   40 6.24136e-02
 84   42 7.00914e-02
 84   44 7.81824e-02
 84   46 8.47867e-02
 84   48 9.16964e-02
 84   50 9.57199e-02
 84   52 9.89554e-02
 84   54 1.02505e-01
 84   56 1.05653e-01
 84   58 1.09019e-01
 84   60 1.12204e-01
 84   62 1.15894e-01
 84   64 1.19868e-01
 84   66 1.23664e-01
 84   68 1.26114e-01
 84   70 1.29498e-01
 84   72 1.38399e-01
 84   74 1.47334e-01
 84   76 1.57897e-01
 84   78 1.89127e-01
 84   80 2.53630e-01
 84   82 4.09283e-01
 84   84 3.22413e+01
 84   86 5.12392e-01
 84   88 3.77022e-01
 84   90 2.01139e-01
 85    1 4.13472e-03
 85    3 1.91926e-02
 85    5 3.32101e-02
 85    7 4.89391e-02
 85    9 6.32075e-02
 85   11 6.22597e-02
 85   13 4.66559e-02
 85   15 4.80370e-02
 85   17 4.43982e-02
 85   19 4.40933e-02
 85   21 4.70656e-02
 85   23 5.02243e-02
 85   25 5.18570e-02
 85   27 5.08185e-02
 85   29 5.05831e-02
 85   31 5.20196e-02
 85   33 5.53926e-02
 85   35 5.72208e-02
 85   37 5.81501e-02
 85   39 6.08550e-02
 85   41 6.56851e-02
 85   43 7.36828e-02
 85   45 8.14476e-02
 85   47 8.84917e-02
 85   49 9.55718e-02
 85   51 9.86552e-02
 85   53 1.00836e-01
 85   55 1.05447e-01
 85   57 1.08053e-01
 85   59 1.09060e-01
 85   61 1.13260e-01
 85   63 1.17790e-01
 85   65 1.20621e-01
 85   67 1.25441e-01
 85   69 1.32218e-01
 85   71 1.36581e-01
 85   73 1.41845e-01
 85   75 1.49695e-01
 85   77 1.63286e-01
 85   79 1.94743e-01
 85   81 2.53040e-01
 85   83 3.96885e-01
 85   85 3.22435e+01
 85   87 4.95304e-01
 85   89 3.72343e-01
 85   91 2.02632e-01
 86    2 1.01373e-02
 86    4 2.18237e-02
 86    6 3.53452e-02
 86    8 4.96085e-02
 86   10 6.18856e-02
 86   12 4.94211e-02
 86   14 5.02479e-02
 86   16 4.49504e-02
 86   18 4.72169e-02
 86   20 4.83895e-02
 86   22 4.81349e-02
 86   24 5.23210e-02
 86   26 5.56315e-02
 86   28 5.75114e-02
 86   30 5.99172e-02
 86   32 6.19507e-02
 86   34 6.47725e-02
 86   36 6.83601e-02
 86   38 7.16801e-02
 86   40 7.57517e-02
 86   42 8.06279e-02
 86   44 8.59261e-02
 86   46 8.98761e-02
 86   48 9.01067e-02
 86   50 8.85096e-02
 86   52 8.66735e-02
 86   54 8.57755e-02
 86   56 8.50946e-02
 86   58 8.45420e-02
 86   60 8.50971e-02
 86   62 8.67338e-02
 86   64 9.05464e-02
 86   66 9.45375e-02
 86   68 9.69043e-02
 86   70 1.02382e-01
 86   72 1.14834e-01
 86   74 1.29675e-01
 86   76 1.44212e-01
 86   78 1.74634e-01
 86   80 2.30643e-01
 86   82 3.33465e-01
 86   84 5.47971e-01
 86   86 3.23942e+01
 86   88 5.44825e-01
 86   90 2.41732e-01
 87    1 2.72789e-03
 87    3 1.32004e-02
 87    5 2.35562e-02
 87    7 3.52487e-02
 87    9 4.92246e-02
 87   11 5.34846e-02
 87   13 4.45557e-02
 87   15 4.61240e-02
 87   17 4.51298e-02
 87   19 4.60416e-02
 87   21 4.85230e-02
 87   23 4.86387e-02
 87   25 5.06085e-02
 87   27 5.40574e-02
 87   29 5.79519e-02
 87   31 6.19749e-02
 87   33 6.46590e-02
 87   35 6.78052e-02
 87   37 7.30254e-02
 87   39 7.78437e-02
 87   41 8.30952e-02
 87   43 8.84008e-02
 87   45 9.23674e-02
 87   47 9.38872e-02
 87   49 9.32717e-02
 87   51 9.08549e-02
 87   53 8.90908e-02
 87   55 8.92575e-02
 87   57 8.75823e-02
 87   59 8.58412e-02
 87   61 8.75097e-02
 87   63 8.89859e-02
 87   65 9.00387e-02
 87   67 9.47802e-02
 87   69 1.01073e-01
 87   71 1.06758e-01
 87   73 1.15012e-01
 87   75 1.26702e-01
 87   77 1.41836e-01
 87   79 1.71667e-01
 87   81 2.25330e-01
 87   83 3.24083e-01
 87   85 5.32752e-01
 87   87 3.24707e+01
 87   89 5.47399e-01
 87   91 2.47237e-01
 88    2 4.45095e-03
 88    4 1.06026e-02
 88    6 1.63171e-02
 88    8 2.40499e-02
 88   10 3.35573e-02
 88   12 3.23266e-02
 88   14 3.49595e-02
 88   16 3.52071e-02
 88   18 3.82356e-02
 88   20 3.94392e-02
 88   22 4.05668e-02
 88   24 4.35207e-02
 88   26 4.82022e-02
 88   28 5.35412e-02
 88   30 5.99484e-02
 88   32 6.44529e-02
 88   34 6.76988e-02
 88   36 7.19727e-02
 88   38 7.68146e-02
 88   40 7.97394e-02
 88   42 8.09770e-02
 88   44 8.09221e-02
 88   46 8.12178e-02
 88   48 7.98119e-02
 88   50 7.80615e-02
 88   52 7.85529e-02
 88   54 8.00603e-02
 88   56 8.29186e-02
 88   58 8.64716e-02
 88   60 9.16565e-02
 88   62 9.95739e-02
 88   64 1.09727e-01
 88   66 1.18141e-01
 88   68 1.26503e-01
 88   70 1.38098e-01
 88   72 1.55584e-01
 88   74 1.70933e-01
 88   76 1.89416e-01
 88   78 2.19977e-01
 88   80 2.66337e-01
 88   82 3.35133e-01
 88   84 4.36453e-01
 88   86 5.89756e-01
 88   88 3.21814e+01
 88   90 2.98230e-01
 89    1 1.02967e-03
 89    3 5.84454e-03
 89    5 1.09331e-02
 89    7 1.64026e-02
 89    9 2.44633e-02
 89   11 3.00369e-02
 89   13 3.05516e-02
 89   15 3.50809e-02
 89   17 3.80211e-02
 89   19 3.98514e-02
 89   21 4.19839e-02
 89   23 4.27341e-02
 89   25 4.36291e-02
 89   27 4.76875e-02
 89   29 5.49806e-02
 89   31 6.26363e-02
 89   33 6.83119e-02
 89   35 7.16800e-02
 89   37 7.53242e-02
 89   39 7.97545e-02
 89   41 8.26003e-02
 89   43 8.39475e-02
 89   45 8.25173e-02
 89   47 8.02055e-02
 89   49 7.73582e-02
 89   51 7.63539e-02
 89   53 7.77325e-02
 89   55 7.98112e-02
 89   57 8.18331e-02
 89   59 8.59039e-02
 89   61 9.17154e-02
 89   63 9.84652e-02
 89   65 1.06558e-01
 89   67 1.14535e-01
 89   69 1.26173e-01
 89   71 1.39705e-01
 89   73 1.54280e-01
 89   75 1.66657e-01
 89   77 1.86459e-01
 89   79 2.18396e-01
 89   81 2.64278e-01
 89   83 3.31895e-01
 89   85 4.36602e-01
 89   87 5.96750e-01
 89   89 3.24437e+01
 89   91 2.94273e-01
 90    2 2.06801e-03
 90    4 6.15191e-03
 90    6 1.02625e-02
 90    8 1.66240e-02
 90   10 2.45719e-02
 90   12 3.13101e-02
 90   14 4.17216e-02
 90   16 4.80980e-02
 90   18 5.55850e-02
 90   20 5.83621e-02
 90   22 6.39336e-02
 90   24 6.91002e-02
 90   26 7.01161e-02
 90   28 7.20354e-02
 90   30 8.01914e-02
 90   32 9.33730e-02
 90   34 1.01889e-01
 90   36 1.05401e-01
 90   38 1.06822e-01
 90   40 1.09552e-01
 90   42 1.11400e-01
 90   44 1.12069e-01
 90   46 1.09915e-01
 90   48 1.06641e-01
 90   50 1.03342e-01
 90   52 1.01669e-01
 90   54 1.02198e-01
 90   56 1.01962e-01
 90   58 1.03141e-01
 90   60 1.05446e-01
 90   62 1.12415e-01
 90   64 1.22904e-01
 90   66 1.30012e-01
 90   68 1.31371e-01
 90   70 1.40037e-01
 90   72 1.51343e-01
 90   74 1.57018e-01
 90   76 1.62672e-01
 90   78 1.78055e-01
 90   80 2.00094e-01
 90   82 2.25281e-01
 90   84 2.55858e-01
 90   86 2.87530e-01
 90   88 3.27705e-01
 90   90 3.27667e+01
 91    1 3.58024e-04
 91    3 2.50857e-03
 91    5 5.75531e-03
 91    7 1.00706e-02
 91    9 1.57017e-02
 91   11 2.07754e-02
 91   13 2.83314e-02
 91   15 3.84669e-02
 91   17 4.72589e-02
 91   19 5.43572e-02
 91   21 5.80354e-02
 91   23 6.40260e-02
 91   25 6.84918e-02
 91   27 7.00355e-02
 91   29 7.28961e-02
 91   31 8.15469e-02
 91   33 9.24066e-02
 91   35 1.02303e-01
 91   37 1.08203e-01
 91   39 1.09492e-01
 91   41 1.10905e-01
 91   43 1.12202e-01
 91   45 1.11815e-01
 91   47 1.07816e-01
 91   49 1.04048e-01
 91   51 1.01628e-01
 91   53 1.02309e-01
 91   55 1.02237e-01
 91   57 1.01190e-01
 91   59 1.02936e-01
 91   61 1.06601e-01
 91   63 1.13333e-01
 91   65 1.20934e-01
 91   67 1.27565e-01
 91   69 1.32742e-01
 91   71 1.44792e-01
 91   73 1.54730e-01
 91   75 1.58500e-01
 91   77 1.64101e-01
 91   79 1.81813e-01
 91   81 2.04990e-01
 91   83 2.31685e-01
 91   85 2.63436e-01
 91   87 2.98832e-01
 91   89 3.26269e-01
