# 13C+CO2(ji) -> 13C+CO2(jf) molscat cross sections, CS8_JMAX90 approx. (written on 08/08/2023); 
# E=14240.000000 (1/cm) = 1.7655349708801198 eV
# ji  jf sigma(ji,jf) (1e-16 cm^2)
  1    1 1.88672e+02
  1    3 2.57311e+01
  1    5 9.61350e+00
  1    7 3.70635e+00
  1    9 2.29379e+00
  1   11 1.61672e+00
  1   13 1.20619e+00
  1   15 1.35285e+00
  1   17 1.08267e+00
  1   19 8.74686e-01
  1   21 1.02963e+00
  1   23 9.62612e-01
  1   25 7.79771e-01
  1   27 7.88888e-01
  1   29 7.55735e-01
  1   31 6.43533e-01
  1   33 6.30658e-01
  1   35 6.73255e-01
  1   37 5.47779e-01
  1   39 5.84849e-01
  1   41 5.85253e-01
  1   43 5.79577e-01
  1   45 5.72666e-01
  1   47 6.35008e-01
  1   49 5.91907e-01
  1   51 5.76998e-01
  1   53 5.22501e-01
  1   55 7.03188e-01
  1   57 5.75295e-01
  1   59 7.37506e-01
  1   61 5.22195e-01
  1   63 7.82248e-01
  1   65 6.47455e-01
  1   67 8.67594e-01
  1   69 4.61151e-01
  1   71 6.90133e-01
  1   73 4.07717e-01
  1   75 4.68029e-01
  1   77 4.62612e-01
  1   79 4.77707e-01
  1   81 4.39338e-01
  1   83 5.86504e-01
  1   85 4.30851e-01
  1   87 5.36754e-01
  1   89 3.01911e-01
  1   91 4.33908e-01
  2    2 1.99001e+02
  2    4 1.96849e+01
  2    6 7.01497e+00
  2    8 3.04572e+00
  2   10 2.01489e+00
  2   12 1.41328e+00
  2   14 1.28233e+00
  2   16 1.24741e+00
  2   18 9.76879e-01
  2   20 9.27096e-01
  2   22 9.82671e-01
  2   24 8.84609e-01
  2   26 7.97392e-01
  2   28 7.82325e-01
  2   30 7.06866e-01
  2   32 7.08340e-01
  2   34 6.43386e-01
  2   36 6.43549e-01
  2   38 5.81812e-01
  2   40 5.75912e-01
  2   42 5.76713e-01
  2   44 5.73276e-01
  2   46 5.41110e-01
  2   48 5.39176e-01
  2   50 5.81417e-01
  2   52 5.53216e-01
  2   54 6.56788e-01
  2   56 5.73774e-01
  2   58 7.94895e-01
  2   60 5.93599e-01
  2   62 8.37237e-01
  2   64 5.36012e-01
  2   66 9.58609e-01
  2   68 5.26701e-01
  2   70 7.10624e-01
  2   72 4.66889e-01
  2   74 5.11134e-01
  2   76 4.58433e-01
  2   78 4.40537e-01
  2   80 4.32391e-01
  2   82 5.39961e-01
  2   84 5.03956e-01
  2   86 5.94232e-01
  2   88 2.74215e-01
  2   90 4.95500e-01
  3    1 5.14707e+00
  3    3 1.98780e+02
  3    5 1.68879e+01
  3    7 6.00913e+00
  3    9 2.68812e+00
  3   11 1.80167e+00
  3   13 1.40464e+00
  3   15 1.19852e+00
  3   17 1.12775e+00
  3   19 1.01770e+00
  3   21 9.52956e-01
  3   23 9.72572e-01
  3   25 8.78291e-01
  3   27 7.80261e-01
  3   29 7.31482e-01
  3   31 7.26229e-01
  3   33 6.40549e-01
  3   35 6.19399e-01
  3   37 5.84667e-01
  3   39 5.75915e-01
  3   41 5.76897e-01
  3   43 5.82504e-01
  3   45 5.67561e-01
  3   47 6.07265e-01
  3   49 5.93112e-01
  3   51 5.82647e-01
  3   53 5.69873e-01
  3   55 6.39734e-01
  3   57 6.21666e-01
  3   59 7.14907e-01
  3   61 5.80497e-01
  3   63 7.75120e-01
  3   65 5.98270e-01
  3   67 8.23727e-01
  3   69 5.03725e-01
  3   71 6.29603e-01
  3   73 4.55567e-01
  3   75 5.07183e-01
  3   77 4.63809e-01
  3   79 4.77142e-01
  3   81 4.12935e-01
  3   83 5.42744e-01
  3   85 4.52501e-01
  3   87 5.78116e-01
  3   89 3.10460e-01
  3   91 4.28001e-01
  4    2 8.43869e+00
  4    4 1.98232e+02
  4    6 1.55790e+01
  4    8 5.47659e+00
  4   10 2.46255e+00
  4   12 1.77312e+00
  4   14 1.33716e+00
  4   16 1.14278e+00
  4   18 1.13197e+00
  4   20 9.99382e-01
  4   22 9.29856e-01
  4   24 9.27636e-01
  4   26 8.39675e-01
  4   28 7.43969e-01
  4   30 7.11579e-01
  4   32 6.92172e-01
  4   34 6.44167e-01
  4   36 6.07015e-01
  4   38 6.05293e-01
  4   40 5.73636e-01
  4   42 5.61843e-01
  4   44 5.96260e-01
  4   46 5.78908e-01
  4   48 5.96936e-01
  4   50 5.93532e-01
  4   52 5.60067e-01
  4   54 6.34381e-01
  4   56 6.25406e-01
  4   58 7.14665e-01
  4   60 6.15089e-01
  4   62 7.52235e-01
  4   64 6.24238e-01
  4   66 7.98283e-01
  4   68 5.82747e-01
  4   70 6.14491e-01
  4   72 5.52896e-01
  4   74 5.25649e-01
  4   76 4.86170e-01
  4   78 4.66952e-01
  4   80 4.44236e-01
  4   82 5.43604e-01
  4   84 4.84002e-01
  4   86 6.13095e-01
  4   88 2.79231e-01
  4   90 4.94156e-01
  5    1 1.06875e+00
  5    3 9.38576e+00
  5    5 1.97934e+02
  5    7 1.48123e+01
  5    9 5.10788e+00
  5   11 2.38656e+00
  5   13 1.67887e+00
  5   15 1.27771e+00
  5   17 1.14997e+00
  5   19 1.10834e+00
  5   21 9.85923e-01
  5   23 9.10659e-01
  5   25 9.14016e-01
  5   27 8.11536e-01
  5   29 7.39775e-01
  5   31 7.24045e-01
  5   33 6.66823e-01
  5   35 6.21864e-01
  5   37 6.03251e-01
  5   39 5.79395e-01
  5   41 5.81393e-01
  5   43 5.60220e-01
  5   45 5.73502e-01
  5   47 5.90897e-01
  5   49 5.76469e-01
  5   51 5.86733e-01
  5   53 5.89167e-01
  5   55 6.48802e-01
  5   57 6.28086e-01
  5   59 6.50414e-01
  5   61 6.59478e-01
  5   63 7.31980e-01
  5   65 6.65720e-01
  5   67 7.02960e-01
  5   69 5.37913e-01
  5   71 5.68217e-01
  5   73 5.23301e-01
  5   75 5.19034e-01
  5   77 4.97454e-01
  5   79 5.00243e-01
  5   81 4.09537e-01
  5   83 5.26141e-01
  5   85 4.72902e-01
  5   87 5.96471e-01
  5   89 2.79657e-01
  5   91 4.62411e-01
  6    2 1.91464e+00
  6    4 9.91879e+00
  6    6 1.97903e+02
  6    8 1.42919e+01
  6   10 4.95941e+00
  6   12 2.31817e+00
  6   14 1.62120e+00
  6   16 1.26722e+00
  6   18 1.16588e+00
  6   20 1.05767e+00
  6   22 9.70592e-01
  6   24 8.72238e-01
  6   26 8.48166e-01
  6   28 7.92236e-01
  6   30 7.20963e-01
  6   32 6.89252e-01
  6   34 6.53653e-01
  6   36 6.26785e-01
  6   38 6.09911e-01
  6   40 5.98167e-01
  6   42 5.85883e-01
  6   44 5.76314e-01
  6   46 5.95482e-01
  6   48 5.98897e-01
  6   50 5.79467e-01
  6   52 5.97466e-01
  6   54 6.45119e-01
  6   56 6.41262e-01
  6   58 6.45346e-01
  6   60 6.74241e-01
  6   62 6.81672e-01
  6   64 7.01047e-01
  6   66 6.65637e-01
  6   68 6.38077e-01
  6   70 5.45268e-01
  6   72 5.89817e-01
  6   74 5.46693e-01
  6   76 5.32407e-01
  6   78 5.15667e-01
  6   80 4.54982e-01
  6   82 5.41289e-01
  6   84 4.64260e-01
  6   86 6.16182e-01
  6   88 3.08266e-01
  6   90 4.67514e-01
  7    1 2.85432e-01
  7    3 2.31349e+00
  7    5 1.02608e+01
  7    7 1.97782e+02
  7    9 1.40248e+01
  7   11 4.81429e+00
  7   13 2.22668e+00
  7   15 1.58853e+00
  7   17 1.26048e+00
  7   19 1.09215e+00
  7   21 1.03892e+00
  7   23 9.63074e-01
  7   25 8.74090e-01
  7   27 8.26002e-01
  7   29 7.89239e-01
  7   31 7.09589e-01
  7   33 6.90662e-01
  7   35 6.46793e-01
  7   37 6.22632e-01
  7   39 6.14264e-01
  7   41 6.05385e-01
  7   43 5.84076e-01
  7   45 5.71299e-01
  7   47 5.83419e-01
  7   49 5.96861e-01
  7   51 5.97833e-01
  7   53 6.09347e-01
  7   55 6.31238e-01
  7   57 6.26359e-01
  7   59 6.13752e-01
  7   61 6.82883e-01
  7   63 6.87524e-01
  7   65 6.88615e-01
  7   67 6.27813e-01
  7   69 5.97213e-01
  7   71 5.23332e-01
  7   73 5.69726e-01
  7   75 5.47023e-01
  7   77 4.95725e-01
  7   79 5.07120e-01
  7   81 4.17560e-01
  7   83 5.52908e-01
  7   85 4.52435e-01
  7   87 6.05244e-01
  7   89 2.82042e-01
  7   91 4.55558e-01
  8    2 6.10046e-01
  8    4 2.55883e+00
  8    6 1.04882e+01
  8    8 1.97936e+02
  8   10 1.37650e+01
  8   12 4.68148e+00
  8   14 2.22561e+00
  8   16 1.56864e+00
  8   18 1.23055e+00
  8   20 1.08685e+00
  8   22 1.03879e+00
  8   24 9.26375e-01
  8   26 8.50020e-01
  8   28 8.15349e-01
  8   30 7.65847e-01
  8   32 6.96359e-01
  8   34 6.50867e-01
  8   36 6.61799e-01
  8   38 6.27251e-01
  8   40 6.07974e-01
  8   42 6.01703e-01
  8   44 6.20997e-01
  8   46 5.89069e-01
  8   48 5.97291e-01
  8   50 6.00954e-01
  8   52 6.22851e-01
  8   54 6.16716e-01
  8   56 6.53107e-01
  8   58 6.32557e-01
  8   60 6.88813e-01
  8   62 6.21713e-01
  8   64 7.15823e-01
  8   66 6.20255e-01
  8   68 6.78589e-01
  8   70 5.17683e-01
  8   72 5.77434e-01
  8   74 5.87675e-01
  8   76 5.75714e-01
  8   78 5.49370e-01
  8   80 4.23516e-01
  8   82 5.63340e-01
  8   84 4.48044e-01
  8   86 6.00238e-01
  8   88 3.03107e-01
  8   90 4.57901e-01
  9    1 1.35195e-01
  9    3 7.92055e-01
  9    5 2.70803e+00
  9    7 1.07337e+01
  9    9 1.97908e+02
  9   11 1.35631e+01
  9   13 4.62778e+00
  9   15 2.20736e+00
  9   17 1.51717e+00
  9   19 1.20677e+00
  9   21 1.04837e+00
  9   23 1.02197e+00
  9   25 9.22233e-01
  9   27 8.18671e-01
  9   29 7.88578e-01
  9   31 7.53988e-01
  9   33 6.95350e-01
  9   35 6.61504e-01
  9   37 6.57033e-01
  9   39 6.23487e-01
  9   41 6.04576e-01
  9   43 6.13697e-01
  9   45 6.12753e-01
  9   47 6.09778e-01
  9   49 5.86480e-01
  9   51 6.11381e-01
  9   53 6.04750e-01
  9   55 6.17804e-01
  9   57 6.52889e-01
  9   59 6.12359e-01
  9   61 6.79061e-01
  9   63 6.03421e-01
  9   65 7.01366e-01
  9   67 5.86368e-01
  9   69 6.54649e-01
  9   71 5.15457e-01
  9   73 5.73063e-01
  9   75 5.92498e-01
  9   77 5.19615e-01
  9   79 5.19855e-01
  9   81 4.22319e-01
  9   83 5.37514e-01
  9   85 4.52516e-01
  9   87 5.92378e-01
  9   89 2.93869e-01
  9   91 4.50416e-01
 10    2 3.18910e-01
 10    4 9.09200e-01
 10    6 2.87597e+00
 10    8 1.08773e+01
 10   10 1.70920e+02
 10   12 1.27919e+01
 10   14 4.30497e+00
 10   16 1.94221e+00
 10   18 1.35144e+00
 10   20 1.08316e+00
 10   22 9.42425e-01
 10   24 8.99314e-01
 10   26 7.91526e-01
 10   28 7.32049e-01
 10   30 7.02163e-01
 10   32 6.87365e-01
 10   34 6.08390e-01
 10   36 6.08068e-01
 10   38 5.80500e-01
 10   40 5.62672e-01
 10   42 5.62077e-01
 10   44 5.78365e-01
 10   46 5.50882e-01
 10   48 5.68346e-01
 10   50 5.88160e-01
 10   52 5.66578e-01
 10   54 5.75076e-01
 10   56 5.95921e-01
 10   58 5.96271e-01
 10   60 6.25796e-01
 10   62 5.59797e-01
 10   64 6.40929e-01
 10   66 5.70472e-01
 10   68 6.27776e-01
 10   70 5.26274e-01
 10   72 5.53769e-01
 10   74 5.50800e-01
 10   76 5.44855e-01
 10   78 5.32057e-01
 10   80 3.97720e-01
 10   82 4.95805e-01
 10   84 4.15643e-01
 10   86 5.61922e-01
 10   88 2.49350e-01
 10   90 4.18593e-01
 11    1 7.72194e-02
 11    3 4.30194e-01
 11    5 1.02534e+00
 11    7 2.98584e+00
 11    9 1.09911e+01
 11   11 1.50535e+02
 11   13 1.20203e+01
 11   15 4.08554e+00
 11   17 1.81429e+00
 11   19 1.23241e+00
 11   21 9.47206e-01
 11   23 8.27032e-01
 11   25 8.05595e-01
 11   27 6.99493e-01
 11   29 6.31825e-01
 11   31 6.38686e-01
 11   33 6.11722e-01
 11   35 5.49620e-01
 11   37 5.35791e-01
 11   39 5.30075e-01
 11   41 5.15598e-01
 11   43 4.97058e-01
 11   45 5.08379e-01
 11   47 4.97397e-01
 11   49 5.39878e-01
 11   51 5.10077e-01
 11   53 5.06520e-01
 11   55 5.21819e-01
 11   57 5.43032e-01
 11   59 5.17731e-01
 11   61 5.40640e-01
 11   63 4.62635e-01
 11   65 5.89324e-01
 11   67 4.58063e-01
 11   69 5.56233e-01
 11   71 4.37395e-01
 11   73 4.90787e-01
 11   75 4.62522e-01
 11   77 4.50991e-01
 11   79 4.57681e-01
 11   81 3.26737e-01
 11   83 4.27439e-01
 11   85 3.54881e-01
 11   87 4.63633e-01
 11   89 2.10228e-01
 11   91 3.15053e-01
 12    2 1.85000e-01
 12    4 5.41425e-01
 12    6 1.11180e+00
 12    8 3.05952e+00
 12   10 1.05794e+01
 12   12 1.34482e+02
 12   14 1.12042e+01
 12   16 3.84990e+00
 12   18 1.68293e+00
 12   20 1.14505e+00
 12   22 8.96723e-01
 12   24 7.60951e-01
 12   26 7.39734e-01
 12   28 6.44139e-01
 12   30 6.03862e-01
 12   32 5.84704e-01
 12   34 5.56020e-01
 12   36 5.19939e-01
 12   38 5.00291e-01
 12   40 5.08904e-01
 12   42 4.74058e-01
 12   44 4.61620e-01
 12   46 4.77206e-01
 12   48 4.85257e-01
 12   50 4.92331e-01
 12   52 4.93124e-01
 12   54 4.80548e-01
 12   56 4.73045e-01
 12   58 4.92966e-01
 12   60 4.90352e-01
 12   62 4.35634e-01
 12   64 4.96126e-01
 12   66 4.53198e-01
 12   68 4.77085e-01
 12   70 4.19826e-01
 12   72 4.71774e-01
 12   74 4.23551e-01
 12   76 4.02485e-01
 12   78 4.08324e-01
 12   80 3.23547e-01
 12   82 3.65258e-01
 12   84 3.26534e-01
 12   86 3.73992e-01
 12   88 1.88471e-01
 12   90 2.94666e-01
 13    1 4.84546e-02
 13    3 2.82087e-01
 13    5 6.06654e-01
 13    7 1.16150e+00
 13    9 3.15416e+00
 13   11 1.01098e+01
 13   13 1.21621e+02
 13   15 1.04443e+01
 13   17 3.64873e+00
 13   19 1.57328e+00
 13   21 1.06151e+00
 13   23 8.23710e-01
 13   25 7.02893e-01
 13   27 6.69132e-01
 13   29 5.87198e-01
 13   31 5.29293e-01
 13   33 5.49241e-01
 13   35 5.18204e-01
 13   37 4.76156e-01
 13   39 4.66878e-01
 13   41 4.53985e-01
 13   43 4.16944e-01
 13   45 4.33455e-01
 13   47 4.49759e-01
 13   49 4.59898e-01
 13   51 4.29936e-01
 13   53 4.22457e-01
 13   55 4.48688e-01
 13   57 4.21159e-01
 13   59 4.30231e-01
 13   61 4.27710e-01
 13   63 3.77106e-01
 13   65 4.43375e-01
 13   67 3.80744e-01
 13   69 4.32052e-01
 13   71 3.52809e-01
 13   73 4.21930e-01
 13   75 3.36994e-01
 13   77 3.66057e-01
 13   79 3.59972e-01
 13   81 2.84039e-01
 13   83 3.04774e-01
 13   85 2.71981e-01
 13   87 3.02061e-01
 13   89 1.75301e-01
 13   91 2.51716e-01
 14    2 1.43187e-01
 14    4 3.48294e-01
 14    6 6.63252e-01
 14    8 1.24074e+00
 14   10 3.03710e+00
 14   12 9.55748e+00
 14   14 1.11039e+02
 14   16 9.73640e+00
 14   18 3.43071e+00
 14   20 1.48392e+00
 14   22 9.99781e-01
 14   24 7.66044e-01
 14   26 6.57327e-01
 14   28 6.35269e-01
 14   30 5.68112e-01
 14   32 4.86669e-01
 14   34 5.13749e-01
 14   36 4.80026e-01
 14   38 4.42052e-01
 14   40 4.44697e-01
 14   42 4.12689e-01
 14   44 4.00382e-01
 14   46 4.10575e-01
 14   48 4.23108e-01
 14   50 4.13343e-01
 14   52 3.93564e-01
 14   54 4.15110e-01
 14   56 3.68029e-01
 14   58 4.03417e-01
 14   60 3.45462e-01
 14   62 3.74156e-01
 14   64 3.77351e-01
 14   66 3.65062e-01
 14   68 3.57981e-01
 14   70 3.37273e-01
 14   72 3.94514e-01
 14   74 3.37950e-01
 14   76 3.43059e-01
 14   78 3.21324e-01
 14   80 3.09791e-01
 14   82 3.04568e-01
 14   84 2.77825e-01
 14   86 2.92742e-01
 14   88 1.68474e-01
 14   90 2.65208e-01
 15    1 4.69198e-02
 15    3 2.07803e-01
 15    5 3.98606e-01
 15    7 7.15395e-01
 15    9 1.29889e+00
 15   11 2.96665e+00
 15   13 9.01707e+00
 15   15 1.02465e+02
 15   17 9.07027e+00
 15   19 3.24610e+00
 15   21 1.39888e+00
 15   23 9.41663e-01
 15   25 7.04770e-01
 15   27 5.97911e-01
 15   29 5.88754e-01
 15   31 5.17347e-01
 15   33 4.70979e-01
 15   35 4.84093e-01
 15   37 4.35216e-01
 15   39 4.14488e-01
 15   41 4.01623e-01
 15   43 3.83280e-01
 15   45 3.74577e-01
 15   47 3.91624e-01
 15   49 3.81428e-01
 15   51 3.80454e-01
 15   53 3.50883e-01
 15   55 3.63374e-01
 15   57 3.03194e-01
 15   59 3.51917e-01
 15   61 2.80746e-01
 15   63 3.21970e-01
 15   65 2.99859e-01
 15   67 3.26744e-01
 15   69 3.06244e-01
 15   71 2.94318e-01
 15   73 3.58435e-01
 15   75 2.96029e-01
 15   77 3.20542e-01
 15   79 3.04664e-01
 15   81 2.89149e-01
 15   83 3.03254e-01
 15   85 2.53777e-01
 15   87 2.70628e-01
 15   89 1.44567e-01
 15   91 2.36390e-01
 16    2 1.21509e-01
 16    4 2.59670e-01
 16    6 4.52262e-01
 16    8 7.62873e-01
 16   10 1.19531e+00
 16   12 2.86489e+00
 16   14 8.49366e+00
 16   16 9.51320e+01
 16   18 8.47233e+00
 16   20 3.07056e+00
 16   22 1.32739e+00
 16   24 8.90745e-01
 16   26 6.76850e-01
 16   28 5.76604e-01
 16   30 5.65688e-01
 16   32 4.88862e-01
 16   34 4.44397e-01
 16   36 4.43462e-01
 16   38 4.09662e-01
 16   40 3.89768e-01
 16   42 3.70706e-01
 16   44 3.75898e-01
 16   46 3.73359e-01
 16   48 3.56482e-01
 16   50 3.60407e-01
 16   52 3.49324e-01
 16   54 3.43180e-01
 16   56 2.96543e-01
 16   58 3.03882e-01
 16   60 2.70962e-01
 16   62 2.83126e-01
 16   64 2.85157e-01
 16   66 2.96953e-01
 16   68 3.05925e-01
 16   70 2.85775e-01
 16   72 3.09976e-01
 16   74 3.09054e-01
 16   76 3.16706e-01
 16   78 2.88493e-01
 16   80 2.91348e-01
 16   82 2.98510e-01
 16   84 2.68537e-01
 16   86 2.58351e-01
 16   88 1.53964e-01
 16   90 2.19875e-01
 17    1 3.30544e-02
 17    3 1.72126e-01
 17    5 3.15809e-01
 17    7 4.99706e-01
 17    9 7.85886e-01
 17   11 1.15971e+00
 17   13 2.77304e+00
 17   15 7.98449e+00
 17   17 8.89530e+01
 17   19 7.93810e+00
 17   21 2.92205e+00
 17   23 1.26078e+00
 17   25 8.49454e-01
 17   27 6.27321e-01
 17   29 5.32204e-01
 17   31 5.29133e-01
 17   33 4.64364e-01
 17   35 4.23613e-01
 17   37 4.18439e-01
 17   39 3.96700e-01
 17   41 3.56008e-01
 17   43 3.63786e-01
 17   45 3.60361e-01
 17   47 3.49130e-01
 17   49 3.18633e-01
 17   51 3.24795e-01
 17   53 3.14795e-01
 17   55 2.86135e-01
 17   57 2.75084e-01
 17   59 2.63494e-01
 17   61 2.41701e-01
 17   63 2.68175e-01
 17   65 2.54088e-01
 17   67 2.77487e-01
 17   69 2.62261e-01
 17   71 2.63430e-01
 17   73 2.72351e-01
 17   75 2.77292e-01
 17   77 2.95297e-01
 17   79 2.59501e-01
 17   81 2.78508e-01
 17   83 2.71362e-01
 17   85 2.54193e-01
 17   87 2.40662e-01
 17   89 1.29862e-01
 17   91 1.95195e-01
 18    2 8.44359e-02
 18    4 2.28233e-01
 18    6 3.69215e-01
 18    8 5.31023e-01
 18   10 7.38017e-01
 18   12 1.11125e+00
 18   14 2.65562e+00
 18   16 7.51775e+00
 18   18 8.35272e+01
 18   20 7.46570e+00
 18   22 2.75964e+00
 18   24 1.19469e+00
 18   26 8.07418e-01
 18   28 6.09046e-01
 18   30 5.02940e-01
 18   32 5.00400e-01
 18   34 4.52254e-01
 18   36 3.99601e-01
 18   38 3.97445e-01
 18   40 3.78970e-01
 18   42 3.45935e-01
 18   44 3.61163e-01
 18   46 3.41447e-01
 18   48 3.45137e-01
 18   50 3.14848e-01
 18   52 3.11063e-01
 18   54 2.81748e-01
 18   56 2.55395e-01
 18   58 2.47431e-01
 18   60 2.55690e-01
 18   62 2.48816e-01
 18   64 2.33864e-01
 18   66 2.63595e-01
 18   68 2.32802e-01
 18   70 2.65122e-01
 18   72 2.30584e-01
 18   74 2.63962e-01
 18   76 2.61659e-01
 18   78 2.66427e-01
 18   80 2.68145e-01
 18   82 2.48717e-01
 18   84 2.64519e-01
 18   86 2.52362e-01
 18   88 1.29698e-01
 18   90 2.02777e-01
 19    1 2.38638e-02
 19    3 1.38805e-01
 19    5 2.71997e-01
 19    7 3.86913e-01
 19    9 5.58602e-01
 19   11 7.03964e-01
 19   13 1.06849e+00
 19   15 2.55353e+00
 19   17 7.09364e+00
 19   19 7.87539e+01
 19   21 7.02061e+00
 19   23 2.62028e+00
 19   25 1.13086e+00
 19   27 7.76344e-01
 19   29 5.86529e-01
 19   31 4.80855e-01
 19   33 4.86868e-01
 19   35 4.23656e-01
 19   37 3.89511e-01
 19   39 3.85251e-01
 19   41 3.69553e-01
 19   43 3.40205e-01
 19   45 3.32393e-01
 19   47 3.23287e-01
 19   49 3.04304e-01
 19   51 2.86276e-01
 19   53 2.59541e-01
 19   55 2.47487e-01
 19   57 2.42213e-01
 19   59 2.27631e-01
 19   61 2.27250e-01
 19   63 2.33436e-01
 19   65 2.23366e-01
 19   67 2.51662e-01
 19   69 2.07527e-01
 19   71 2.37629e-01
 19   73 2.05947e-01
 19   75 2.50687e-01
 19   77 2.42927e-01
 19   79 2.41935e-01
 19   81 2.50322e-01
 19   83 2.17256e-01
 19   85 2.45313e-01
 19   87 2.29022e-01
 19   89 1.28133e-01
 19   91 1.87703e-01
 20    2 7.20615e-02
 20    4 1.81204e-01
 20    6 3.01207e-01
 20    8 4.21768e-01
 20   10 5.31931e-01
 20   12 6.79921e-01
 20   14 1.03296e+00
 20   16 2.45017e+00
 20   18 6.71372e+00
 20   20 7.45254e+01
 20   22 6.61738e+00
 20   24 2.49654e+00
 20   26 1.08069e+00
 20   28 7.36356e-01
 20   30 5.60983e-01
 20   32 4.68996e-01
 20   34 4.76591e-01
 20   36 4.21131e-01
 20   38 3.85362e-01
 20   40 3.65975e-01
 20   42 3.73989e-01
 20   44 3.27914e-01
 20   46 3.07587e-01
 20   48 3.15527e-01
 20   50 2.97857e-01
 20   52 2.49821e-01
 20   54 2.30028e-01
 20   56 2.25906e-01
 20   58 2.26193e-01
 20   60 2.26187e-01
 20   62 2.27386e-01
 20   64 2.05515e-01
 20   66 2.10215e-01
 20   68 1.91500e-01
 20   70 2.45231e-01
 20   72 2.10040e-01
 20   74 2.32528e-01
 20   76 2.23667e-01
 20   78 2.29225e-01
 20   80 2.59533e-01
 20   82 2.13990e-01
 20   84 2.44831e-01
 20   86 2.18760e-01
 20   88 1.19894e-01
 20   90 1.95219e-01
 21    1 2.54054e-02
 21    3 1.17548e-01
 21    5 2.18822e-01
 21    7 3.32865e-01
 21    9 4.38885e-01
 21   11 4.89323e-01
 21   13 6.51999e-01
 21   15 9.95209e-01
 21   17 2.36154e+00
 21   19 6.34938e+00
 21   21 7.07240e+01
 21   23 6.28016e+00
 21   25 2.37653e+00
 21   27 1.02668e+00
 21   29 7.12702e-01
 21   31 5.43481e-01
 21   33 4.47880e-01
 21   35 4.50950e-01
 21   37 4.15798e-01
 21   39 3.53778e-01
 21   41 3.58858e-01
 21   43 3.46726e-01
 21   45 3.13788e-01
 21   47 2.90797e-01
 21   49 3.01234e-01
 21   51 2.47626e-01
 21   53 2.37856e-01
 21   55 2.16177e-01
 21   57 2.14123e-01
 21   59 2.07331e-01
 21   61 2.13820e-01
 21   63 2.04326e-01
 21   65 1.92742e-01
 21   67 2.02946e-01
 21   69 1.89184e-01
 21   71 2.25457e-01
 21   73 1.93374e-01
 21   75 2.25854e-01
 21   77 2.23146e-01
 21   79 1.98569e-01
 21   81 2.32786e-01
 21   83 1.84632e-01
 21   85 2.23810e-01
 21   87 1.94974e-01
 21   89 1.13324e-01
 21   91 1.67256e-01
 22    2 6.94337e-02
 22    4 1.53262e-01
 22    6 2.51268e-01
 22    8 3.66450e-01
 22   10 4.20720e-01
 22   12 4.84036e-01
 22   14 6.32648e-01
 22   16 9.62853e-01
 22   18 2.25594e+00
 22   20 6.01546e+00
 22   22 6.73477e+01
 22   24 5.96970e+00
 22   26 2.25425e+00
 22   28 9.73003e-01
 22   30 6.91586e-01
 22   32 5.19772e-01
 22   34 4.28467e-01
 22   36 4.45201e-01
 22   38 4.00041e-01
 22   40 3.60986e-01
 22   42 3.61016e-01
 22   44 3.31448e-01
 22   46 2.84487e-01
 22   48 2.75977e-01
 22   50 2.56150e-01
 22   52 2.38089e-01
 22   54 2.05508e-01
 22   56 2.14264e-01
 22   58 2.00196e-01
 22   60 2.03954e-01
 22   62 2.09377e-01
 22   64 1.79562e-01
 22   66 1.99146e-01
 22   68 1.80836e-01
 22   70 2.28098e-01
 22   72 1.82797e-01
 22   74 2.04183e-01
 22   76 2.09060e-01
 22   78 1.66995e-01
 22   80 2.51601e-01
 22   82 1.86939e-01
 22   84 2.18301e-01
 22   86 1.91591e-01
 22   88 1.12914e-01
 22   90 1.68063e-01
 23    1 2.16922e-02
 23    3 1.09565e-01
 23    5 1.84591e-01
 23    7 2.81809e-01
 23    9 3.90734e-01
 23   11 3.90195e-01
 23   13 4.62068e-01
 23   15 6.11841e-01
 23   17 9.30586e-01
 23   19 2.16427e+00
 23   21 5.73560e+00
 23   23 6.42728e+01
 23   25 5.67076e+00
 23   27 2.14740e+00
 23   29 9.24622e-01
 23   31 6.49765e-01
 23   33 5.00742e-01
 23   35 4.21998e-01
 23   37 4.28924e-01
 23   39 3.90792e-01
 23   41 3.40281e-01
 23   43 3.41544e-01
 23   45 3.06151e-01
 23   47 2.73153e-01
 23   49 2.51033e-01
 23   51 2.26408e-01
 23   53 2.09803e-01
 23   55 2.13572e-01
 23   57 1.99417e-01
 23   59 1.94325e-01
 23   61 1.86485e-01
 23   63 1.75551e-01
 23   65 1.80708e-01
 23   67 1.92936e-01
 23   69 1.71262e-01
 23   71 1.99136e-01
 23   73 1.63643e-01
 23   75 1.92096e-01
 23   77 1.93300e-01
 23   79 1.76821e-01
 23   81 2.36145e-01
 23   83 1.59202e-01
 23   85 2.07626e-01
 23   87 1.68019e-01
 23   89 1.16530e-01
 23   91 1.46434e-01
 24    2 5.73285e-02
 24    4 1.40234e-01
 24    6 2.07106e-01
 24    8 2.99732e-01
 24   10 3.68226e-01
 24   12 3.76732e-01
 24   14 4.44598e-01
 24   16 5.92613e-01
 24   18 8.95754e-01
 24   20 2.08151e+00
 24   22 5.47531e+00
 24   24 6.14232e+01
 24   26 5.41341e+00
 24   28 2.05966e+00
 24   30 8.92046e-01
 24   32 6.35416e-01
 24   34 4.82092e-01
 24   36 4.01825e-01
 24   38 4.18371e-01
 24   40 3.87749e-01
 24   42 3.29080e-01
 24   44 3.10517e-01
 24   46 3.00414e-01
 24   48 2.63422e-01
 24   50 2.32883e-01
 24   52 2.06035e-01
 24   54 2.02122e-01
 24   56 1.91015e-01
 24   58 1.99002e-01
 24   60 1.95384e-01
 24   62 1.74783e-01
 24   64 1.78082e-01
 24   66 2.04200e-01
 24   68 1.81396e-01
 24   70 1.74659e-01
 24   72 1.60190e-01
 24   74 1.90900e-01
 24   76 1.79161e-01
 24   78 1.67928e-01
 24   80 2.38905e-01
 24   82 1.50492e-01
 24   84 1.95511e-01
 24   86 1.70631e-01
 24   88 1.13806e-01
 24   90 1.47825e-01
 25    1 1.61797e-02
 25    3 9.11047e-02
 25    5 1.70593e-01
 25    7 2.35507e-01
 25    9 3.24665e-01
 25   11 3.49968e-01
 25   13 3.63055e-01
 25   15 4.21641e-01
 25   17 5.77309e-01
 25   19 8.60051e-01
 25   21 1.99850e+00
 25   23 5.22148e+00
 25   25 5.89027e+01
 25   27 5.18958e+00
 25   29 1.96742e+00
 25   31 8.40114e-01
 25   33 6.04507e-01
 25   35 4.73029e-01
 25   37 3.91931e-01
 25   39 3.94171e-01
 25   41 3.62166e-01
 25   43 3.17816e-01
 25   45 3.05165e-01
 25   47 2.64960e-01
 25   49 2.29627e-01
 25   51 2.10613e-01
 25   53 2.02764e-01
 25   55 1.98471e-01
 25   57 1.86752e-01
 25   59 1.81885e-01
 25   61 1.68906e-01
 25   63 1.60219e-01
 25   65 1.65373e-01
 25   67 1.85897e-01
 25   69 1.67568e-01
 25   71 1.80881e-01
 25   73 1.55882e-01
 25   75 1.75861e-01
 25   77 1.72545e-01
 25   79 1.58443e-01
 25   81 2.21150e-01
 25   83 1.47013e-01
 25   85 1.77247e-01
 25   87 1.56087e-01
 25   89 1.03303e-01
 25   91 1.44064e-01
 26    2 4.77534e-02
 26    4 1.17301e-01
 26    6 1.86102e-01
 26    8 2.54149e-01
 26   10 2.99489e-01
 26   12 3.38427e-01
 26   14 3.52541e-01
 26   16 4.16125e-01
 26   18 5.59428e-01
 26   20 8.32635e-01
 26   22 1.91061e+00
 26   24 5.00247e+00
 26   26 5.65565e+01
 26   28 4.97682e+00
 26   30 1.85875e+00
 26   32 8.00618e-01
 26   34 6.00569e-01
 26   36 4.64817e-01
 26   38 3.70883e-01
 26   40 3.84929e-01
 26   42 3.42528e-01
 26   44 2.98996e-01
 26   46 2.88168e-01
 26   48 2.64212e-01
 26   50 2.16164e-01
 26   52 2.12384e-01
 26   54 1.95299e-01
 26   56 1.85342e-01
 26   58 1.84468e-01
 26   60 1.77619e-01
 26   62 1.66253e-01
 26   64 1.85065e-01
 26   66 1.83073e-01
 26   68 1.64782e-01
 26   70 1.72589e-01
 26   72 1.62738e-01
 26   74 1.73986e-01
 26   76 1.65285e-01
 26   78 1.54785e-01
 26   80 1.83686e-01
 26   82 1.54485e-01
 26   84 1.63126e-01
 26   86 1.47734e-01
 26   88 1.08276e-01
 26   90 1.35421e-01
 27    1 1.51766e-02
 27    3 7.50409e-02
 27    5 1.40434e-01
 27    7 2.06340e-01
 27    9 2.67215e-01
 27   11 2.81742e-01
 27   13 3.20443e-01
 27   15 3.31656e-01
 27   17 3.95289e-01
 27   19 5.47428e-01
 27   21 8.00478e-01
 27   23 1.83325e+00
 27   25 4.81159e+00
 27   27 5.44349e+01
 27   29 4.76307e+00
 27   31 1.78652e+00
 27   33 7.74415e-01
 27   35 5.84942e-01
 27   37 4.39832e-01
 27   39 3.55308e-01
 27   41 3.64100e-01
 27   43 3.31621e-01
 27   45 2.75065e-01
 27   47 2.60016e-01
 27   49 2.47297e-01
 27   51 2.16651e-01
 27   53 1.87766e-01
 27   55 1.90490e-01
 27   57 1.74412e-01
 27   59 1.63851e-01
 27   61 1.71437e-01
 27   63 1.60825e-01
 27   65 1.76802e-01
 27   67 1.74735e-01
 27   69 1.53402e-01
 27   71 1.53659e-01
 27   73 1.53840e-01
 27   75 1.71535e-01
 27   77 1.53669e-01
 27   79 1.47491e-01
 27   81 1.78472e-01
 27   83 1.31823e-01
 27   85 1.61927e-01
 27   87 1.40650e-01
 27   89 9.68110e-02
 27   91 1.37002e-01
 28    2 4.35726e-02
 28    4 9.66583e-02
 28    6 1.61666e-01
 28    8 2.26724e-01
 28   10 2.57603e-01
 28   12 2.74071e-01
 28   14 3.16868e-01
 28   16 3.29687e-01
 28   18 3.92455e-01
 28   20 5.27637e-01
 28   22 7.66970e-01
 28   24 1.77012e+00
 28   26 4.62855e+00
 28   28 5.24382e+01
 28   30 4.58121e+00
 28   32 1.72344e+00
 28   34 7.51124e-01
 28   36 5.47711e-01
 28   38 4.23523e-01
 28   40 3.29473e-01
 28   42 3.62222e-01
 28   44 3.16044e-01
 28   46 2.52269e-01
 28   48 2.47649e-01
 28   50 2.32761e-01
 28   52 1.98169e-01
 28   54 1.91522e-01
 28   56 1.90169e-01
 28   58 1.73663e-01
 28   60 1.76620e-01
 28   62 1.68761e-01
 28   64 1.76807e-01
 28   66 1.55338e-01
 28   68 1.45355e-01
 28   70 1.67323e-01
 28   72 1.60268e-01
 28   74 1.71122e-01
 28   76 1.44151e-01
 28   78 1.43322e-01
 28   80 1.62903e-01
 28   82 1.43743e-01
 28   84 1.45678e-01
 28   86 1.35709e-01
 28   88 9.75351e-02
 28   90 1.38662e-01
 29    1 1.35602e-02
 29    3 6.56145e-02
 29    5 1.19399e-01
 29    7 1.83886e-01
 29    9 2.40067e-01
 29   11 2.37357e-01
 29   13 2.62278e-01
 29   15 3.04595e-01
 29   17 3.12781e-01
 29   19 3.85744e-01
 29   21 5.18277e-01
 29   23 7.36225e-01
 29   25 1.70134e+00
 29   27 4.44247e+00
 29   29 5.06195e+01
 29   31 4.42300e+00
 29   33 1.65481e+00
 29   35 6.96694e-01
 29   37 5.29374e-01
 29   39 4.05848e-01
 29   41 3.28911e-01
 29   43 3.30253e-01
 29   45 2.99279e-01
 29   47 2.44354e-01
 29   49 2.35113e-01
 29   51 2.15730e-01
 29   53 2.01432e-01
 29   55 1.84956e-01
 29   57 1.68387e-01
 29   59 1.64126e-01
 29   61 1.68998e-01
 29   63 1.69712e-01
 29   65 1.63041e-01
 29   67 1.50826e-01
 29   69 1.49529e-01
 29   71 1.52351e-01
 29   73 1.56334e-01
 29   75 1.54292e-01
 29   77 1.37456e-01
 29   79 1.36102e-01
 29   81 1.51042e-01
 29   83 1.26508e-01
 29   85 1.38118e-01
 29   87 1.28694e-01
 29   89 9.13289e-02
 29   91 1.24835e-01
 30    2 3.68181e-02
 30    4 8.64581e-02
 30    6 1.37586e-01
 30    8 1.99156e-01
 30   10 2.31071e-01
 30   12 2.40281e-01
 30   14 2.65005e-01
 30   16 3.02483e-01
 30   18 3.03078e-01
 30   20 3.75920e-01
 30   22 5.09810e-01
 30   24 7.16957e-01
 30   26 1.61663e+00
 30   28 4.28428e+00
 30   30 4.89460e+01
 30   32 4.27182e+00
 30   34 1.57698e+00
 30   36 6.74626e-01
 30   38 5.19687e-01
 30   40 3.92675e-01
 30   42 2.96327e-01
 30   44 3.04737e-01
 30   46 2.86690e-01
 30   48 2.31492e-01
 30   50 2.25927e-01
 30   52 2.15863e-01
 30   54 1.95777e-01
 30   56 1.84673e-01
 30   58 1.73501e-01
 30   60 1.73295e-01
 30   62 1.62777e-01
 30   64 1.62644e-01
 30   66 1.42158e-01
 30   68 1.52905e-01
 30   70 1.60407e-01
 30   72 1.49818e-01
 30   74 1.47343e-01
 30   76 1.39061e-01
 30   78 1.25556e-01
 30   80 1.54124e-01
 30   82 1.30830e-01
 30   84 1.24225e-01
 30   86 1.20903e-01
 30   88 9.47110e-02
 30   90 1.07888e-01
 31    1 1.08256e-02
 31    3 6.10736e-02
 31    5 1.09560e-01
 31    7 1.55000e-01
 31    9 2.15197e-01
 31   11 2.24945e-01
 31   13 2.21644e-01
 31   15 2.50931e-01
 31   17 2.91549e-01
 31   19 2.96489e-01
 31   21 3.70529e-01
 31   23 4.85050e-01
 31   25 6.81107e-01
 31   27 1.56217e+00
 31   29 4.14668e+00
 31   31 4.73879e+01
 31   33 4.10319e+00
 31   35 1.51564e+00
 31   37 6.47184e-01
 31   39 4.98236e-01
 31   41 3.68619e-01
 31   43 2.79206e-01
 31   45 2.97732e-01
 31   47 2.71206e-01
 31   49 2.15684e-01
 31   51 2.27340e-01
 31   53 2.17405e-01
 31   55 1.77824e-01
 31   57 1.65482e-01
 31   59 1.69334e-01
 31   61 1.64910e-01
 31   63 1.53330e-01
 31   65 1.50613e-01
 31   67 1.35731e-01
 31   69 1.47612e-01
 31   71 1.59903e-01
 31   73 1.33105e-01
 31   75 1.40187e-01
 31   77 1.33808e-01
 31   79 1.23469e-01
 31   81 1.44106e-01
 31   83 1.23775e-01
 31   85 1.19390e-01
 31   87 1.12824e-01
 31   89 8.47785e-02
 31   91 1.12532e-01
 32    2 3.46711e-02
 32    4 7.90310e-02
 32    6 1.23607e-01
 32    8 1.70171e-01
 32   10 2.12568e-01
 32   12 2.18634e-01
 32   14 2.13331e-01
 32   16 2.45646e-01
 32   18 2.83372e-01
 32   20 2.95336e-01
 32   22 3.60062e-01
 32   24 4.79915e-01
 32   26 6.54363e-01
 32   28 1.51459e+00
 32   30 4.01434e+00
 32   32 4.59058e+01
 32   34 3.97261e+00
 32   36 1.46509e+00
 32   38 6.19411e-01
 32   40 4.80677e-01
 32   42 3.43602e-01
 32   44 2.69571e-01
 32   46 2.83432e-01
 32   48 2.59479e-01
 32   50 2.26029e-01
 32   52 2.26031e-01
 32   54 2.19965e-01
 32   56 1.97207e-01
 32   58 1.74521e-01
 32   60 1.69672e-01
 32   62 1.47059e-01
 32   64 1.46794e-01
 32   66 1.41164e-01
 32   68 1.56438e-01
 32   70 1.37933e-01
 32   72 1.35959e-01
 32   74 1.33985e-01
 32   76 1.21685e-01
 32   78 1.19349e-01
 32   80 1.33912e-01
 32   82 1.17069e-01
 32   84 1.12870e-01
 32   86 9.93616e-02
 32   88 8.20807e-02
 32   90 1.13123e-01
 33    1 9.99156e-03
 33    3 5.07329e-02
 33    5 9.50285e-02
 33    7 1.42085e-01
 33    9 1.86911e-01
 33   11 2.02909e-01
 33   13 2.16612e-01
 33   15 2.15146e-01
 33   17 2.40970e-01
 33   19 2.82724e-01
 33   21 2.87579e-01
 33   23 3.52048e-01
 33   25 4.61570e-01
 33   27 6.37754e-01
 33   29 1.46113e+00
 33   31 3.86437e+00
 33   33 4.45382e+01
 33   35 3.83653e+00
 33   37 1.41661e+00
 33   39 5.82414e-01
 33   41 4.53692e-01
 33   43 3.31831e-01
 33   45 2.57983e-01
 33   47 2.67767e-01
 33   49 2.55141e-01
 33   51 2.18024e-01
 33   53 2.08531e-01
 33   55 2.06127e-01
 33   57 1.91775e-01
 33   59 1.71288e-01
 33   61 1.56684e-01
 33   63 1.44193e-01
 33   65 1.38872e-01
 33   67 1.30763e-01
 33   69 1.47073e-01
 33   71 1.43667e-01
 33   73 1.25739e-01
 33   75 1.20369e-01
 33   77 1.12887e-01
 33   79 1.20579e-01
 33   81 1.28647e-01
 33   83 1.12168e-01
 33   85 1.07520e-01
 33   87 9.74481e-02
 33   89 8.76620e-02
 33   91 9.24700e-02
 34    2 2.97205e-02
 34    4 6.94130e-02
 34    6 1.10629e-01
 34    8 1.50108e-01
 34   10 1.77562e-01
 34   12 1.96215e-01
 34   14 2.12535e-01
 34   16 2.10744e-01
 34   18 2.41702e-01
 34   20 2.83238e-01
 34   22 2.80117e-01
 34   24 3.43633e-01
 34   26 4.63250e-01
 34   28 6.22975e-01
 34   30 1.39858e+00
 34   32 3.74917e+00
 34   34 4.32799e+01
 34   36 3.71063e+00
 34   38 1.33806e+00
 34   40 5.57050e-01
 34   42 4.27893e-01
 34   44 3.36324e-01
 34   46 2.51248e-01
 34   48 2.72366e-01
 34   50 2.63678e-01
 34   52 2.20109e-01
 34   54 2.18072e-01
 34   56 2.10585e-01
 34   58 1.87970e-01
 34   60 1.57863e-01
 34   62 1.50219e-01
 34   64 1.49891e-01
 34   66 1.34577e-01
 34   68 1.35744e-01
 34   70 1.23977e-01
 34   72 1.25180e-01
 34   74 1.17244e-01
 34   76 1.08614e-01
 34   78 1.13336e-01
 34   80 1.16696e-01
 34   82 1.02532e-01
 34   84 1.06298e-01
 34   86 8.91141e-02
 34   88 8.73291e-02
 34   90 8.97614e-02
 35    1 1.00862e-02
 35    3 4.63893e-02
 35    5 8.38009e-02
 35    7 1.25822e-01
 35    9 1.68140e-01
 35   11 1.72393e-01
 35   13 1.93254e-01
 35   15 2.09107e-01
 35   17 2.07866e-01
 35   19 2.32635e-01
 35   21 2.73800e-01
 35   23 2.80548e-01
 35   25 3.41533e-01
 35   27 4.55514e-01
 35   29 5.81692e-01
 35   31 1.34979e+00
 35   33 3.62784e+00
 35   35 4.20843e+01
 35   37 3.58575e+00
 35   39 1.28216e+00
 35   41 5.25644e-01
 35   43 4.11120e-01
 35   45 3.16715e-01
 35   47 2.37800e-01
 35   49 2.65510e-01
 35   51 2.48747e-01
 35   53 2.09964e-01
 35   55 2.08059e-01
 35   57 1.97579e-01
 35   59 1.66368e-01
 35   61 1.60584e-01
 35   63 1.39812e-01
 35   65 1.35831e-01
 35   67 1.29570e-01
 35   69 1.31505e-01
 35   71 1.25764e-01
 35   73 1.27921e-01
 35   75 1.13183e-01
 35   77 1.05475e-01
 35   79 1.07705e-01
 35   81 1.11196e-01
 35   83 1.03374e-01
 35   85 9.40006e-02
 35   87 9.28021e-02
 35   89 7.69941e-02
 35   91 9.78341e-02
 36    2 2.81631e-02
 36    4 6.19664e-02
 36    6 1.00498e-01
 36    8 1.44595e-01
 36   10 1.68126e-01
 36   12 1.73823e-01
 36   14 1.88130e-01
 36   16 1.99230e-01
 36   18 2.02320e-01
 36   20 2.37103e-01
 36   22 2.75736e-01
 36   24 2.71342e-01
 36   26 3.39664e-01
 36   28 4.30352e-01
 36   30 5.66810e-01
 36   32 1.30990e+00
 36   34 3.51529e+00
 36   36 4.09516e+01
 36   38 3.46276e+00
 36   40 1.23561e+00
 36   42 5.14296e-01
 36   44 4.09341e-01
 36   46 3.09864e-01
 36   48 2.39073e-01
 36   50 2.64057e-01
 36   52 2.61267e-01
 36   54 2.09893e-01
 36   56 1.96817e-01
 36   58 1.88557e-01
 36   60 1.64130e-01
 36   62 1.53403e-01
 36   64 1.49965e-01
 36   66 1.28563e-01
 36   68 1.26330e-01
 36   70 1.22452e-01
 36   72 1.20693e-01
 36   74 1.13967e-01
 36   76 9.34645e-02
 36   78 1.04449e-01
 36   80 1.04486e-01
 36   82 9.77659e-02
 36   84 9.30426e-02
 36   86 8.70183e-02
 36   88 8.01689e-02
 36   90 9.87687e-02
 37    1 7.78808e-03
 37    3 4.15559e-02
 37    5 7.71485e-02
 37    7 1.14948e-01
 37    9 1.58491e-01
 37   11 1.59489e-01
 37   13 1.68521e-01
 37   15 1.78411e-01
 37   17 1.94860e-01
 37   19 2.02982e-01
 37   21 2.39588e-01
 37   23 2.70617e-01
 37   25 2.68554e-01
 37   27 3.25052e-01
 37   29 4.19460e-01
 37   31 5.46980e-01
 37   33 1.27127e+00
 37   35 3.40295e+00
 37   37 3.98844e+01
 37   39 3.35200e+00
 37   41 1.20023e+00
 37   43 4.95944e-01
 37   45 3.91418e-01
 37   47 3.00570e-01
 37   49 2.21291e-01
 37   51 2.51955e-01
 37   53 2.50599e-01
 37   55 2.01853e-01
 37   57 1.84561e-01
 37   59 1.80480e-01
 37   61 1.63488e-01
 37   63 1.38721e-01
 37   65 1.42849e-01
 37   67 1.25884e-01
 37   69 1.22012e-01
 37   71 1.15423e-01
 37   73 1.20704e-01
 37   75 1.06769e-01
 37   77 9.10626e-02
 37   79 9.85346e-02
 37   81 9.83861e-02
 37   83 9.06426e-02
 37   85 9.17976e-02
 37   87 7.43324e-02
 37   89 7.88988e-02
 37   91 9.73664e-02
 38    2 2.42037e-02
 38    4 5.87385e-02
 38    6 9.29616e-02
 38    8 1.30277e-01
 38   10 1.52576e-01
 38   12 1.58993e-01
 38   14 1.64690e-01
 38   16 1.74954e-01
 38   18 1.91289e-01
 38   20 2.06248e-01
 38   22 2.35528e-01
 38   24 2.68560e-01
 38   26 2.57634e-01
 38   28 3.16337e-01
 38   30 4.15066e-01
 38   32 5.26444e-01
 38   34 1.20501e+00
 38   36 3.29172e+00
 38   38 3.89039e+01
 38   40 3.25964e+00
 38   42 1.16945e+00
 38   44 4.81861e-01
 38   46 3.91379e-01
 38   48 3.04295e-01
 38   50 2.26248e-01
 38   52 2.44099e-01
 38   54 2.28483e-01
 38   56 1.98551e-01
 38   58 1.82543e-01
 38   60 1.75084e-01
 38   62 1.53547e-01
 38   64 1.40558e-01
 38   66 1.25082e-01
 38   68 1.31411e-01
 38   70 1.17028e-01
 38   72 1.12813e-01
 38   74 1.08126e-01
 38   76 9.60446e-02
 38   78 9.73646e-02
 38   80 1.03243e-01
 38   82 9.43423e-02
 38   84 8.34215e-02
 38   86 8.04154e-02
 38   88 8.14544e-02
 38   90 8.88079e-02
 39    1 7.91695e-03
 39    3 3.89737e-02
 39    5 7.05495e-02
 39    7 1.07972e-01
 39    9 1.43197e-01
 39   11 1.50231e-01
 39   13 1.57325e-01
 39   15 1.61777e-01
 39   17 1.75890e-01
 39   19 1.91148e-01
 39   21 1.94089e-01
 39   23 2.34752e-01
 39   25 2.57155e-01
 39   27 2.50011e-01
 39   29 3.06183e-01
 39   31 4.00930e-01
 39   33 4.97631e-01
 39   35 1.15853e+00
 39   37 3.19149e+00
 39   39 3.79492e+01
 39   41 3.16775e+00
 39   43 1.12142e+00
 39   45 4.61511e-01
 39   47 3.65443e-01
 39   49 2.95204e-01
 39   51 2.21029e-01
 39   53 2.33632e-01
 39   55 2.23919e-01
 39   57 1.93321e-01
 39   59 1.84550e-01
 39   61 1.65629e-01
 39   63 1.49554e-01
 39   65 1.32185e-01
 39   67 1.22806e-01
 39   69 1.27688e-01
 39   71 1.12498e-01
 39   73 1.01259e-01
 39   75 1.02947e-01
 39   77 9.26083e-02
 39   79 9.74417e-02
 39   81 9.52183e-02
 39   83 1.00136e-01
 39   85 8.41531e-02
 39   87 8.14519e-02
 39   89 7.84598e-02
 39   91 8.44651e-02
 40    2 2.28455e-02
 40    4 5.30809e-02
 40    6 8.69370e-02
 40    8 1.20408e-01
 40   10 1.41021e-01
 40   12 1.54219e-01
 40   14 1.57980e-01
 40   16 1.58726e-01
 40   18 1.73925e-01
 40   20 1.86774e-01
 40   22 2.02662e-01
 40   24 2.37343e-01
 40   26 2.54972e-01
 40   28 2.34659e-01
 40   30 2.99056e-01
 40   32 3.89558e-01
 40   34 4.78358e-01
 40   36 1.12003e+00
 40   38 3.10824e+00
 40   40 3.70851e+01
 40   42 3.09507e+00
 40   44 1.08477e+00
 40   46 4.47773e-01
 40   48 3.64105e-01
 40   50 2.79371e-01
 40   52 2.07022e-01
 40   54 2.29261e-01
 40   56 2.27779e-01
 40   58 1.87253e-01
 40   60 1.64212e-01
 40   62 1.55733e-01
 40   64 1.31898e-01
 40   66 1.32346e-01
 40   68 1.27190e-01
 40   70 1.11789e-01
 40   72 1.02965e-01
 40   74 1.02790e-01
 40   76 9.90935e-02
 40   78 1.02870e-01
 40   80 9.79487e-02
 40   82 8.60192e-02
 40   84 8.14693e-02
 40   86 7.67885e-02
 40   88 8.10849e-02
 40   90 8.00704e-02
 41    1 7.56533e-03
 41    3 3.72804e-02
 41    5 6.76019e-02
 41    7 1.01615e-01
 41    9 1.32595e-01
 41   11 1.39542e-01
 41   13 1.46085e-01
 41   15 1.49691e-01
 41   17 1.50733e-01
 41   19 1.75095e-01
 41   21 1.88003e-01
 41   23 1.95196e-01
 41   25 2.25625e-01
 41   27 2.44650e-01
 41   29 2.36954e-01
 41   31 2.83257e-01
 41   33 3.70174e-01
 41   35 4.53553e-01
 41   37 1.09124e+00
 41   39 3.02497e+00
 41   41 3.61978e+01
 41   43 2.99376e+00
 41   45 1.04252e+00
 41   47 4.35004e-01
 41   49 3.52652e-01
 41   51 2.77894e-01
 41   53 2.01967e-01
 41   55 2.22382e-01
 41   57 2.25246e-01
 41   59 1.79096e-01
 41   61 1.67593e-01
 41   63 1.44762e-01
 41   65 1.25474e-01
 41   67 1.20157e-01
 41   69 1.21566e-01
 41   71 1.05871e-01
 41   73 9.53316e-02
 41   75 1.03782e-01
 41   77 9.52637e-02
 41   79 9.47793e-02
 41   81 9.76427e-02
 41   83 8.20261e-02
 41   85 7.87655e-02
 41   87 7.78876e-02
 41   89 7.14464e-02
 41   91 8.34914e-02
 42    2 2.18762e-02
 42    4 4.97147e-02
 42    6 8.14255e-02
 42    8 1.13952e-01
 42   10 1.34707e-01
 42   12 1.37373e-01
 42   14 1.40194e-01
 42   16 1.44358e-01
 42   18 1.51817e-01
 42   20 1.82512e-01
 42   22 1.93810e-01
 42   24 1.92617e-01
 42   26 2.16958e-01
 42   28 2.46695e-01
 42   30 2.15804e-01
 42   32 2.66282e-01
 42   34 3.51368e-01
 42   36 4.45785e-01
 42   38 1.06634e+00
 42   40 2.95963e+00
 42   42 3.54096e+01
 42   44 2.90013e+00
 42   46 1.01933e+00
 42   48 4.17668e-01
 42   50 3.50454e-01
 42   52 2.71088e-01
 42   54 2.04542e-01
 42   56 2.19054e-01
 42   58 2.09227e-01
 42   60 1.66218e-01
 42   62 1.46483e-01
 42   64 1.39956e-01
 42   66 1.39303e-01
 42   68 1.22032e-01
 42   70 1.05058e-01
 42   72 1.07205e-01
 42   74 1.00853e-01
 42   76 9.10582e-02
 42   78 9.84981e-02
 42   80 9.34966e-02
 42   82 8.78457e-02
 42   84 8.35758e-02
 42   86 7.48816e-02
 42   88 7.86384e-02
 42   90 8.26767e-02
 43    1 7.17357e-03
 43    3 3.60431e-02
 43    5 6.23715e-02
 43    7 9.38720e-02
 43    9 1.28875e-01
 43   11 1.28807e-01
 43   13 1.28464e-01
 43   15 1.36783e-01
 43   17 1.47480e-01
 43   19 1.54339e-01
 43   21 1.73927e-01
 43   23 1.87594e-01
 43   25 1.89581e-01
 43   27 2.13357e-01
 43   29 2.27810e-01
 43   31 2.05432e-01
 43   33 2.59240e-01
 43   35 3.39660e-01
 43   37 4.31749e-01
 43   39 1.02536e+00
 43   41 2.86653e+00
 43   43 3.45828e+01
 43   45 2.82723e+00
 43   47 9.86522e-01
 43   49 4.08910e-01
 43   51 3.36704e-01
 43   53 2.65705e-01
 43   55 1.97649e-01
 43   57 2.11635e-01
 43   59 2.10691e-01
 43   61 1.58022e-01
 43   63 1.43002e-01
 43   65 1.30516e-01
 43   67 1.34321e-01
 43   69 1.13519e-01
 43   71 1.15311e-01
 43   73 9.67023e-02
 43   75 9.30979e-02
 43   77 9.27987e-02
 43   79 9.69561e-02
 43   81 9.58628e-02
 43   83 9.36428e-02
 43   85 7.49803e-02
 43   87 7.58894e-02
 43   89 7.45932e-02
 43   91 7.82128e-02
 44    2 2.08479e-02
 44    4 5.05815e-02
 44    6 7.67885e-02
 44    8 1.12750e-01
 44   10 1.32888e-01
 44   12 1.28245e-01
 44   14 1.30397e-01
 44   16 1.40336e-01
 44   18 1.51955e-01
 44   20 1.53420e-01
 44   22 1.70590e-01
 44   24 1.74247e-01
 44   26 1.81565e-01
 44   28 2.06358e-01
 44   30 2.12764e-01
 44   32 2.00284e-01
 44   34 2.64772e-01
 44   36 3.40162e-01
 44   38 4.21232e-01
 44   40 9.94471e-01
 44   42 2.78038e+00
 44   44 3.38819e+01
 44   46 2.75789e+00
 44   48 9.60751e-01
 44   50 3.96896e-01
 44   52 3.27769e-01
 44   54 2.67166e-01
 44   56 1.92340e-01
 44   58 2.07032e-01
 44   60 1.87278e-01
 44   62 1.64634e-01
 44   64 1.42362e-01
 44   66 1.39018e-01
 44   68 1.25672e-01
 44   70 1.12724e-01
 44   72 1.03001e-01
 44   74 9.08771e-02
 44   76 9.07884e-02
 44   78 9.38791e-02
 44   80 8.43685e-02
 44   82 9.13010e-02
 44   84 7.46455e-02
 44   86 7.66090e-02
 44   88 7.12374e-02
 44   90 7.75570e-02
 45    1 6.80359e-03
 45    3 3.37091e-02
 45    5 6.12881e-02
 45    7 8.81340e-02
 45    9 1.23513e-01
 45   11 1.26454e-01
 45   13 1.28192e-01
 45   15 1.28312e-01
 45   17 1.40230e-01
 45   19 1.44744e-01
 45   21 1.51088e-01
 45   23 1.61407e-01
 45   25 1.74730e-01
 45   27 1.69869e-01
 45   29 1.98160e-01
 45   31 2.10272e-01
 45   33 1.93459e-01
 45   35 2.51163e-01
 45   37 3.27078e-01
 45   39 4.05046e-01
 45   41 9.58159e-01
 45   43 2.71378e+00
 45   45 3.31436e+01
 45   47 2.69203e+00
 45   49 9.31559e-01
 45   51 3.77472e-01
 45   53 3.28197e-01
 45   55 2.54534e-01
 45   57 1.93722e-01
 45   59 1.83464e-01
 45   61 1.84995e-01
 45   63 1.59096e-01
 45   65 1.40183e-01
 45   67 1.28875e-01
 45   69 1.18092e-01
 45   71 1.15039e-01
 45   73 1.06254e-01
 45   75 8.65646e-02
 45   77 8.46310e-02
 45   79 8.70204e-02
 45   81 8.57542e-02
 45   83 8.75888e-02
 45   85 7.48062e-02
 45   87 7.09810e-02
 45   89 7.18872e-02
 45   91 7.55549e-02
 46    2 1.89105e-02
 46    4 4.71937e-02
 46    6 7.62471e-02
 46    8 1.02780e-01
 46   10 1.21635e-01
 46   12 1.27403e-01
 46   14 1.28500e-01
 46   16 1.33950e-01
 46   18 1.38055e-01
 46   20 1.38295e-01
 46   22 1.40707e-01
 46   24 1.62001e-01
 46   26 1.68163e-01
 46   28 1.58291e-01
 46   30 1.92356e-01
 46   32 2.02367e-01
 46   34 1.90079e-01
 46   36 2.47451e-01
 46   38 3.28787e-01
 46   40 3.94485e-01
 46   42 9.39118e-01
 46   44 2.65030e+00
 46   46 3.25035e+01
 46   48 2.62285e+00
 46   50 9.05745e-01
 46   52 3.67123e-01
 46   54 3.09720e-01
 46   56 2.51532e-01
 46   58 1.75585e-01
 46   60 1.83556e-01
 46   62 1.91672e-01
 46   64 1.55583e-01
 46   66 1.40647e-01
 46   68 1.26156e-01
 46   70 1.10320e-01
 46   72 9.56725e-02
 46   74 8.99472e-02
 46   76 8.20319e-02
 46   78 9.32811e-02
 46   80 8.51588e-02
 46   82 7.94813e-02
 46   84 7.48734e-02
 46   86 7.04758e-02
 46   88 7.95079e-02
 46   90 8.45358e-02
 47    1 7.25804e-03
 47    3 3.46990e-02
 47    5 6.07514e-02
 47    7 8.65892e-02
 47    9 1.18250e-01
 47   11 1.19029e-01
 47   13 1.27967e-01
 47   15 1.29063e-01
 47   17 1.30705e-01
 47   19 1.35438e-01
 47   21 1.34706e-01
 47   23 1.38546e-01
 47   25 1.45954e-01
 47   27 1.54483e-01
 47   29 1.55655e-01
 47   31 1.84271e-01
 47   33 1.93179e-01
 47   35 1.81427e-01
 47   37 2.41636e-01
 47   39 3.08564e-01
 47   41 3.84635e-01
 47   43 9.11010e-01
 47   45 2.58990e+00
 47   47 3.18553e+01
 47   49 2.54674e+00
 47   51 8.80775e-01
 47   53 3.51531e-01
 47   55 3.03823e-01
 47   57 2.35726e-01
 47   59 1.71173e-01
 47   61 1.76876e-01
 47   63 1.88439e-01
 47   65 1.51235e-01
 47   67 1.39358e-01
 47   69 1.25783e-01
 47   71 1.03855e-01
 47   73 9.38024e-02
 47   75 9.01523e-02
 47   77 8.20460e-02
 47   79 8.82413e-02
 47   81 8.28273e-02
 47   83 7.74735e-02
 47   85 7.44708e-02
 47   87 6.31020e-02
 47   89 7.66924e-02
 47   91 7.42400e-02
 48    2 1.81476e-02
 48    4 4.68676e-02
 48    6 7.38546e-02
 48    8 1.00369e-01
 48   10 1.20860e-01
 48   12 1.24772e-01
 48   14 1.27536e-01
 48   16 1.23175e-01
 48   18 1.34398e-01
 48   20 1.36630e-01
 48   22 1.31462e-01
 48   24 1.36811e-01
 48   26 1.48493e-01
 48   28 1.49657e-01
 48   30 1.49589e-01
 48   32 1.78428e-01
 48   34 1.98452e-01
 48   36 1.83874e-01
 48   38 2.46197e-01
 48   40 3.08937e-01
 48   42 3.70601e-01
 48   44 8.89200e-01
 48   46 2.52606e+00
 48   48 3.12249e+01
 48   50 2.48300e+00
 48   52 8.52717e-01
 48   54 3.36832e-01
 48   56 2.90301e-01
 48   58 2.38516e-01
 48   60 1.71471e-01
 48   62 1.71825e-01
 48   64 1.76340e-01
 48   66 1.44873e-01
 48   68 1.25918e-01
 48   70 1.09075e-01
 48   72 1.00174e-01
 48   74 8.87826e-02
 48   76 9.08767e-02
 48   78 9.54220e-02
 48   80 8.90600e-02
 48   82 7.55104e-02
 48   84 6.82766e-02
 48   86 6.66834e-02
 48   88 7.61164e-02
 48   90 7.89786e-02
 49    1 6.52252e-03
 49    3 3.26736e-02
 49    5 5.71402e-02
 49    7 8.54039e-02
 49    9 1.09649e-01
 49   11 1.24556e-01
 49   13 1.26155e-01
 49   15 1.21190e-01
 49   17 1.15005e-01
 49   19 1.22908e-01
 49   21 1.34531e-01
 49   23 1.22756e-01
 49   25 1.21950e-01
 49   27 1.41651e-01
 49   29 1.44391e-01
 49   31 1.41285e-01
 49   33 1.77461e-01
 49   35 1.95296e-01
 49   37 1.71514e-01
 49   39 2.40309e-01
 49   41 3.00624e-01
 49   43 3.64054e-01
 49   45 8.64043e-01
 49   47 2.45530e+00
 49   49 3.06247e+01
 49   51 2.42535e+00
 49   53 8.37237e-01
 49   55 3.25402e-01
 49   57 2.89757e-01
 49   59 2.35934e-01
 49   61 1.65898e-01
 49   63 1.67308e-01
 49   65 1.70308e-01
 49   67 1.43319e-01
 49   69 1.21345e-01
 49   71 1.00732e-01
 49   73 9.51243e-02
 49   75 8.48178e-02
 49   77 8.39884e-02
 49   79 8.73632e-02
 49   81 8.62917e-02
 49   83 7.88784e-02
 49   85 6.68247e-02
 49   87 6.24646e-02
 49   89 7.10896e-02
 49   91 8.43353e-02
 50    2 1.88857e-02
 50    4 4.49724e-02
 50    6 6.89622e-02
 50    8 9.74567e-02
 50   10 1.20704e-01
 50   12 1.22168e-01
 50   14 1.20240e-01
 50   16 1.20181e-01
 50   18 1.18320e-01
 50   20 1.24472e-01
 50   22 1.17754e-01
 50   24 1.16725e-01
 50   26 1.17245e-01
 50   28 1.35746e-01
 50   30 1.40893e-01
 50   32 1.49997e-01
 50   34 1.85410e-01
 50   36 1.95993e-01
 50   38 1.76656e-01
 50   40 2.28761e-01
 50   42 3.00098e-01
 50   44 3.54504e-01
 50   46 8.41847e-01
 50   48 2.39625e+00
 50   50 3.00570e+01
 50   52 2.36549e+00
 50   54 8.05284e-01
 50   56 3.21225e-01
 50   58 2.79474e-01
 50   60 2.31071e-01
 50   62 1.65889e-01
 50   64 1.58248e-01
 50   66 1.65934e-01
 50   68 1.31143e-01
 50   70 1.15356e-01
 50   72 1.06818e-01
 50   74 9.26921e-02
 50   76 9.18306e-02
 50   78 8.63565e-02
 50   80 8.27894e-02
 50   82 8.17054e-02
 50   84 6.97058e-02
 50   86 6.34417e-02
 50   88 7.43654e-02
 50   90 7.70610e-02
 51    1 6.14203e-03
 51    3 3.10057e-02
 51    5 5.61801e-02
 51    7 8.26344e-02
 51    9 1.10418e-01
 51   11 1.13680e-01
 51   13 1.13925e-01
 51   15 1.16770e-01
 51   17 1.13243e-01
 51   19 1.11696e-01
 51   21 1.06829e-01
 51   23 1.06949e-01
 51   25 1.08049e-01
 51   27 1.19878e-01
 51   29 1.27983e-01
 51   31 1.43857e-01
 51   33 1.46488e-01
 51   35 1.76745e-01
 51   37 1.88640e-01
 51   39 1.73809e-01
 51   41 2.28841e-01
 51   43 2.89576e-01
 51   45 3.38209e-01
 51   47 8.20281e-01
 51   49 2.34288e+00
 51   51 2.95105e+01
 51   53 2.30755e+00
 51   55 7.86118e-01
 51   57 3.06479e-01
 51   59 2.74357e-01
 51   61 2.27951e-01
 51   63 1.70143e-01
 51   65 1.54950e-01
 51   67 1.58020e-01
 51   69 1.27545e-01
 51   71 1.10614e-01
 51   73 9.97448e-02
 51   75 9.30266e-02
 51   77 8.73040e-02
 51   79 8.95351e-02
 51   81 8.01382e-02
 51   83 7.71632e-02
 51   85 6.76070e-02
 51   87 6.50988e-02
 51   89 7.47553e-02
 51   91 7.53236e-02
 52    2 1.73749e-02
 52    4 4.10321e-02
 52    6 6.87507e-02
 52    8 9.76647e-02
 52   10 1.12427e-01
 52   12 1.18315e-01
 52   14 1.10697e-01
 52   16 1.12630e-01
 52   18 1.13029e-01
 52   20 1.00943e-01
 52   22 1.05829e-01
 52   24 9.98499e-02
 52   26 1.11382e-01
 52   28 1.11747e-01
 52   30 1.30161e-01
 52   32 1.45034e-01
 52   34 1.49651e-01
 52   36 1.87505e-01
 52   38 1.84286e-01
 52   40 1.63908e-01
 52   42 2.24453e-01
 52   44 2.83071e-01
 52   46 3.29929e-01
 52   48 7.95690e-01
 52   50 2.28720e+00
 52   52 2.90158e+01
 52   54 2.25599e+00
 52   56 7.62431e-01
 52   58 2.93164e-01
 52   60 2.63876e-01
 52   62 2.26562e-01
 52   64 1.62006e-01
 52   66 1.52969e-01
 52   68 1.55192e-01
 52   70 1.19876e-01
 52   72 1.08092e-01
 52   74 1.02216e-01
 52   76 9.62049e-02
 52   78 8.94444e-02
 52   80 8.30567e-02
 52   82 7.95097e-02
 52   84 6.42102e-02
 52   86 6.52344e-02
 52   88 7.70149e-02
 52   90 7.18490e-02
 53    1 5.38271e-03
 53    3 2.93488e-02
 53    5 5.45955e-02
 53    7 8.15121e-02
 53    9 1.05702e-01
 53   11 1.09249e-01
 53   13 1.08337e-01
 53   15 1.04224e-01
 53   17 1.06220e-01
 53   19 9.80016e-02
 53   21 9.93079e-02
 53   23 9.59122e-02
 53   25 1.00670e-01
 53   27 1.00547e-01
 53   29 1.15650e-01
 53   31 1.33138e-01
 53   33 1.35596e-01
 53   35 1.44381e-01
 53   37 1.81580e-01
 53   39 1.77800e-01
 53   41 1.60957e-01
 53   43 2.21152e-01
 53   45 2.84584e-01
 53   47 3.16838e-01
 53   49 7.82710e-01
 53   51 2.23320e+00
 53   53 2.85021e+01
 53   55 2.19848e+00
 53   57 7.39890e-01
 53   59 2.83515e-01
 53   61 2.54850e-01
 53   63 2.23479e-01
 53   65 1.56595e-01
 53   67 1.46869e-01
 53   69 1.45845e-01
 53   71 1.28354e-01
 53   73 1.06108e-01
 53   75 9.18039e-02
 53   77 9.12807e-02
 53   79 8.93131e-02
 53   81 8.38015e-02
 53   83 8.05915e-02
 53   85 6.52260e-02
 53   87 6.57694e-02
 53   89 7.40883e-02
 53   91 7.34546e-02
 54    2 1.99806e-02
 54    4 4.50185e-02
 54    6 7.19053e-02
 54    8 9.36689e-02
 54   10 1.10533e-01
 54   12 1.11680e-01
 54   14 1.13094e-01
 54   16 1.07178e-01
 54   18 9.91647e-02
 54   20 9.00295e-02
 54   22 8.84808e-02
 54   24 9.48807e-02
 54   26 9.92089e-02
 54   28 1.04611e-01
 54   30 1.14346e-01
 54   32 1.36713e-01
 54   34 1.43615e-01
 54   36 1.45909e-01
 54   38 1.67085e-01
 54   40 1.75821e-01
 54   42 1.64042e-01
 54   44 2.23494e-01
 54   46 2.69610e-01
 54   48 3.04445e-01
 54   50 7.54203e-01
 54   52 2.18522e+00
 54   54 2.80411e+01
 54   56 2.14382e+00
 54   58 7.20910e-01
 54   60 2.83809e-01
 54   62 2.50051e-01
 54   64 2.17819e-01
 54   66 1.56210e-01
 54   68 1.40937e-01
 54   70 1.40105e-01
 54   72 1.20633e-01
 54   74 9.85674e-02
 54   76 9.37182e-02
 54   78 9.20582e-02
 54   80 8.63910e-02
 54   82 7.60915e-02
 54   84 6.72012e-02
 54   86 6.61949e-02
 54   88 7.83883e-02
 54   90 7.42102e-02
 55    1 7.02282e-03
 55    3 3.19402e-02
 55    5 5.82850e-02
 55    7 8.18609e-02
 55    9 1.04684e-01
 55   11 1.09111e-01
 55   13 1.11549e-01
 55   15 1.04637e-01
 55   17 9.35999e-02
 55   19 9.05952e-02
 55   21 8.74997e-02
 55   23 9.46528e-02
 55   25 9.55285e-02
 55   27 9.88899e-02
 55   29 1.02946e-01
 55   31 1.05572e-01
 55   33 1.29938e-01
 55   35 1.38700e-01
 55   37 1.41791e-01
 55   39 1.65203e-01
 55   41 1.71813e-01
 55   43 1.59482e-01
 55   45 2.13968e-01
 55   47 2.65473e-01
 55   49 2.94916e-01
 55   51 7.37547e-01
 55   53 2.13133e+00
 55   55 2.75543e+01
 55   57 2.08950e+00
 55   59 7.02743e-01
 55   61 2.73093e-01
 55   63 2.38881e-01
 55   65 2.14057e-01
 55   67 1.51565e-01
 55   69 1.44489e-01
 55   71 1.40946e-01
 55   73 1.20095e-01
 55   75 9.60193e-02
 55   77 9.28585e-02
 55   79 9.09314e-02
 55   81 7.97847e-02
 55   83 7.08474e-02
 55   85 6.21864e-02
 55   87 5.81658e-02
 55   89 7.68984e-02
 55   91 7.05063e-02
 56    2 1.69359e-02
 56    4 4.30614e-02
 56    6 6.93493e-02
 56    8 9.62453e-02
 56   10 1.11132e-01
 56   12 1.06666e-01
 56   14 9.72850e-02
 56   16 8.98576e-02
 56   18 8.72157e-02
 56   20 8.57862e-02
 56   22 8.95066e-02
 56   24 8.69993e-02
 56   26 9.13504e-02
 56   28 1.00782e-01
 56   30 1.04652e-01
 56   32 1.18922e-01
 56   34 1.34558e-01
 56   36 1.32749e-01
 56   38 1.40877e-01
 56   40 1.69488e-01
 56   42 1.70454e-01
 56   44 1.56113e-01
 56   46 2.12445e-01
 56   48 2.54583e-01
 56   50 2.91900e-01
 56   52 7.16544e-01
 56   54 2.08005e+00
 56   56 2.71179e+01
 56   58 2.04891e+00
 56   60 6.96342e-01
 56   62 2.67135e-01
 56   64 2.29473e-01
 56   66 2.07737e-01
 56   68 1.45000e-01
 56   70 1.42346e-01
 56   72 1.34416e-01
 56   74 1.12178e-01
 56   76 1.06465e-01
 56   78 9.49527e-02
 56   80 7.98231e-02
 56   82 7.36809e-02
 56   84 6.35372e-02
 56   86 6.51186e-02
 56   88 8.05535e-02
 56   90 7.29130e-02
 57    1 5.57910e-03
 57    3 3.01390e-02
 57    5 5.47895e-02
 57    7 7.88751e-02
 57    9 1.07425e-01
 57   11 1.10257e-01
 57   13 1.01672e-01
 57   15 8.47786e-02
 57   17 8.73783e-02
 57   19 8.60962e-02
 57   21 8.41575e-02
 57   23 8.58192e-02
 57   25 8.72843e-02
 57   27 8.79207e-02
 57   29 9.10089e-02
 57   31 9.53988e-02
 57   33 1.17389e-01
 57   35 1.27898e-01
 57   37 1.25889e-01
 57   39 1.38497e-01
 57   41 1.68985e-01
 57   43 1.65821e-01
 57   45 1.58131e-01
 57   47 2.00005e-01
 57   49 2.55004e-01
 57   51 2.79213e-01
 57   53 6.96510e-01
 57   55 2.02897e+00
 57   57 2.66918e+01
 57   59 2.00414e+00
 57   61 6.74249e-01
 57   63 2.64227e-01
 57   65 2.32208e-01
 57   67 2.04959e-01
 57   69 1.49005e-01
 57   71 1.30021e-01
 57   73 1.25569e-01
 57   75 1.09501e-01
 57   77 9.58589e-02
 57   79 8.80054e-02
 57   81 8.09140e-02
 57   83 7.69473e-02
 57   85 6.06086e-02
 57   87 6.14629e-02
 57   89 7.62998e-02
 57   91 7.22716e-02
 58    2 2.28008e-02
 58    4 4.78191e-02
 58    6 6.78222e-02
 58    8 9.05874e-02
 58   10 1.08061e-01
 58   12 1.08023e-01
 58   14 1.03631e-01
 58   16 8.94838e-02
 58   18 8.21124e-02
 58   20 8.34720e-02
 58   22 8.12709e-02
 58   24 8.80806e-02
 58   26 8.83548e-02
 58   28 8.94382e-02
 58   30 9.55471e-02
 58   32 1.02274e-01
 58   34 1.16720e-01
 58   36 1.23591e-01
 58   38 1.25865e-01
 58   40 1.35402e-01
 58   42 1.58215e-01
 58   44 1.63297e-01
 58   46 1.44116e-01
 58   48 2.03269e-01
 58   50 2.46796e-01
 58   52 2.67747e-01
 58   54 6.79734e-01
 58   56 1.99111e+00
 58   58 2.62713e+01
 58   60 1.95923e+00
 58   62 6.59476e-01
 58   64 2.47886e-01
 58   66 2.11741e-01
 58   68 2.00150e-01
 58   70 1.41488e-01
 58   72 1.27071e-01
 58   74 1.23396e-01
 58   76 1.20798e-01
 58   78 9.41081e-02
 58   80 8.37868e-02
 58   82 7.64094e-02
 58   84 7.24610e-02
 58   86 6.08622e-02
 58   88 7.71221e-02
 58   90 7.45533e-02
 59    1 6.95571e-03
 59    3 3.37073e-02
 59    5 5.51786e-02
 59    7 7.51644e-02
 59    9 9.79882e-02
 59   11 1.02233e-01
 59   13 1.01008e-01
 59   15 9.56991e-02
 59   17 8.13975e-02
 59   19 7.86903e-02
 59   21 7.92496e-02
 59   23 8.13305e-02
 59   25 8.26739e-02
 59   27 8.03278e-02
 59   29 8.62689e-02
 59   31 9.49377e-02
 59   33 1.01968e-01
 59   35 1.04736e-01
 59   37 1.19724e-01
 59   39 1.28581e-01
 59   41 1.30671e-01
 59   43 1.60546e-01
 59   45 1.45643e-01
 59   47 1.41245e-01
 59   49 2.01932e-01
 59   51 2.43083e-01
 59   53 2.59561e-01
 59   55 6.63640e-01
 59   57 1.94909e+00
 59   59 2.58625e+01
 59   61 1.91585e+00
 59   63 6.42368e-01
 59   65 2.40832e-01
 59   67 2.09242e-01
 59   69 1.99072e-01
 59   71 1.41050e-01
 59   73 1.23526e-01
 59   75 1.20361e-01
 59   77 1.12666e-01
 59   79 1.01364e-01
 59   81 8.06260e-02
 59   83 7.75719e-02
 59   85 6.12594e-02
 59   87 6.30095e-02
 59   89 7.80760e-02
 59   91 7.40835e-02
 60    2 1.65714e-02
 60    4 4.00554e-02
 60    6 6.89633e-02
 60    8 9.60048e-02
 60   10 1.10378e-01
 60   12 1.04575e-01
 60   14 8.63694e-02
 60   16 7.76554e-02
 60   18 8.25834e-02
 60   20 8.12369e-02
 60   22 8.05814e-02
 60   24 8.41658e-02
 60   26 8.27982e-02
 60   28 8.85275e-02
 60   30 9.28810e-02
 60   32 9.67721e-02
 60   34 9.54026e-02
 60   36 1.04702e-01
 60   38 1.17493e-01
 60   40 1.15565e-01
 60   42 1.22330e-01
 60   44 1.43765e-01
 60   46 1.46628e-01
 60   48 1.42223e-01
 60   50 1.98594e-01
 60   52 2.34552e-01
 60   54 2.60440e-01
 60   56 6.58596e-01
 60   58 1.90682e+00
 60   60 2.54895e+01
 60   62 1.86607e+00
 60   64 6.22635e-01
 60   66 2.38287e-01
 60   68 1.99320e-01
 60   70 1.99331e-01
 60   72 1.47531e-01
 60   74 1.23745e-01
 60   76 1.26205e-01
 60   78 1.15145e-01
 60   80 9.04445e-02
 60   82 7.60580e-02
 60   84 6.74876e-02
 60   86 6.26032e-02
 60   88 8.50838e-02
 60   90 6.92751e-02
 61    1 4.79674e-03
 61    3 2.66570e-02
 61    5 5.44901e-02
 61    7 8.14522e-02
 61    9 1.05831e-01
 61   11 1.03975e-01
 61   13 9.78008e-02
 61   15 7.43565e-02
 61   17 7.27204e-02
 61   19 7.65119e-02
 61   21 7.96008e-02
 61   23 7.60161e-02
 61   25 7.47746e-02
 61   27 8.18574e-02
 61   29 8.65164e-02
 61   31 9.00490e-02
 61   33 9.08443e-02
 61   35 9.84618e-02
 61   37 1.05626e-01
 61   39 1.12392e-01
 61   41 1.19093e-01
 61   43 1.17275e-01
 61   45 1.43033e-01
 61   47 1.42148e-01
 61   49 1.38291e-01
 61   51 1.96705e-01
 61   53 2.27240e-01
 61   55 2.51179e-01
 61   57 6.38646e-01
 61   59 1.86594e+00
 61   61 2.51181e+01
 61   63 1.82648e+00
 61   65 6.09126e-01
 61   67 2.30645e-01
 61   69 1.91296e-01
 61   71 1.91091e-01
 61   73 1.43047e-01
 61   75 1.19795e-01
 61   77 1.24732e-01
 61   79 1.10201e-01
 61   81 8.93524e-02
 61   83 7.22141e-02
 61   85 6.90364e-02
 61   87 6.24103e-02
 61   89 8.26587e-02
 61   91 7.20183e-02
 62    2 2.27801e-02
 62    4 4.77441e-02
 62    6 6.79550e-02
 62    8 8.44549e-02
 62   10 9.62326e-02
 62   12 9.05495e-02
 62   14 9.11708e-02
 62   16 7.90835e-02
 62   18 7.83248e-02
 62   20 7.95961e-02
 62   22 8.06260e-02
 62   24 7.33816e-02
 62   26 7.55344e-02
 62   28 8.24430e-02
 62   30 8.50310e-02
 62   32 8.17472e-02
 62   34 8.84806e-02
 62   36 9.53770e-02
 62   38 1.00427e-01
 62   40 1.06818e-01
 62   42 1.05071e-01
 62   44 1.23176e-01
 62   46 1.49228e-01
 62   48 1.38902e-01
 62   50 1.38957e-01
 62   52 1.96277e-01
 62   54 2.23641e-01
 62   56 2.46247e-01
 62   58 6.25556e-01
 62   60 1.81874e+00
 62   62 2.47519e+01
 62   64 1.77722e+00
 62   66 5.89460e-01
 62   68 2.26683e-01
 62   70 1.94673e-01
 62   72 1.93652e-01
 62   74 1.46270e-01
 62   76 1.34740e-01
 62   78 1.17487e-01
 62   80 9.99560e-02
 62   82 8.12366e-02
 62   84 7.18832e-02
 62   86 7.30232e-02
 62   88 8.56217e-02
 62   90 7.48459e-02
 63    1 7.00809e-03
 63    3 3.47154e-02
 63    5 5.89873e-02
 63    7 7.99809e-02
 63    9 9.17205e-02
 63   11 8.67763e-02
 63   13 8.41003e-02
 63   15 8.31692e-02
 63   17 7.86933e-02
 63   19 7.66542e-02
 63   21 7.41884e-02
 63   23 6.97922e-02
 63   25 6.91777e-02
 63   27 7.48942e-02
 63   29 8.47362e-02
 63   31 8.16585e-02
 63   33 8.15380e-02
 63   35 8.36086e-02
 63   37 8.74125e-02
 63   39 9.89778e-02
 63   41 1.00329e-01
 63   43 1.03508e-01
 63   45 1.19971e-01
 63   47 1.47702e-01
 63   49 1.36022e-01
 63   51 1.43196e-01
 63   53 1.94347e-01
 63   55 2.14287e-01
 63   57 2.44095e-01
 63   59 6.10186e-01
 63   61 1.78137e+00
 63   63 2.44217e+01
 63   65 1.74291e+00
 63   67 5.79614e-01
 63   69 2.22131e-01
 63   71 1.88059e-01
 63   73 1.95773e-01
 63   75 1.47660e-01
 63   77 1.32263e-01
 63   79 1.13162e-01
 63   81 9.29173e-02
 63   83 8.00671e-02
 63   85 6.41839e-02
 63   87 6.63376e-02
 63   89 8.21452e-02
 63   91 7.18939e-02
 64    2 1.42336e-02
 64    4 3.86677e-02
 64    6 6.82066e-02
 64    8 9.49016e-02
 64   10 1.07531e-01
 64   12 1.00644e-01
 64   14 8.97391e-02
 64   16 7.77363e-02
 64   18 7.18485e-02
 64   20 7.02111e-02
 64   22 6.74827e-02
 64   24 7.29696e-02
 64   26 8.20602e-02
 64   28 8.42974e-02
 64   30 8.29193e-02
 64   32 7.96388e-02
 64   34 8.61653e-02
 64   36 9.09982e-02
 64   38 8.97214e-02
 64   40 8.82949e-02
 64   42 9.79764e-02
 64   44 1.03952e-01
 64   46 1.18219e-01
 64   48 1.39124e-01
 64   50 1.29370e-01
 64   52 1.36976e-01
 64   54 1.90132e-01
 64   56 2.06446e-01
 64   58 2.29484e-01
 64   60 5.92256e-01
 64   62 1.73450e+00
 64   64 2.40668e+01
 64   66 1.69709e+00
 64   68 5.70066e-01
 64   70 2.26236e-01
 64   72 1.86862e-01
 64   74 1.93973e-01
 64   76 1.57250e-01
 64   78 1.22268e-01
 64   80 1.04204e-01
 64   82 8.64598e-02
 64   84 6.93805e-02
 64   86 7.16472e-02
 64   88 9.53702e-02
 64   90 7.37699e-02
 65    1 5.66478e-03
 65    3 2.61679e-02
 65    5 5.23926e-02
 65    7 7.82336e-02
 65    9 1.04114e-01
 65   11 1.07953e-01
 65   13 9.65661e-02
 65   15 7.56453e-02
 65   17 7.28154e-02
 65   19 7.16313e-02
 65   21 6.83450e-02
 65   23 7.01618e-02
 65   25 6.97325e-02
 65   27 8.04083e-02
 65   29 7.95012e-02
 65   31 7.83346e-02
 65   33 7.66916e-02
 65   35 7.93277e-02
 65   37 8.79072e-02
 65   39 8.54358e-02
 65   41 8.49266e-02
 65   43 9.22598e-02
 65   45 1.03236e-01
 65   47 1.15767e-01
 65   49 1.35222e-01
 65   51 1.27358e-01
 65   53 1.32995e-01
 65   55 1.87527e-01
 65   57 2.09497e-01
 65   59 2.23415e-01
 65   61 5.80187e-01
 65   63 1.70213e+00
 65   65 2.37584e+01
 65   67 1.65987e+00
 65   69 5.57697e-01
 65   71 2.19842e-01
 65   73 1.84408e-01
 65   75 1.87359e-01
 65   77 1.46653e-01
 65   79 1.15589e-01
 65   81 9.83949e-02
 65   83 8.47669e-02
 65   85 6.87608e-02
 65   87 6.78652e-02
 65   89 8.95050e-02
 65   91 7.15726e-02
 66    2 2.48760e-02
 66    4 4.83230e-02
 66    6 6.32870e-02
 66    8 8.03593e-02
 66   10 9.35313e-02
 66   12 8.98430e-02
 66   14 8.48400e-02
 66   16 7.91088e-02
 66   18 7.91390e-02
 66   20 7.01816e-02
 66   22 7.31388e-02
 66   24 8.17664e-02
 66   26 7.93290e-02
 66   28 7.23755e-02
 66   30 7.08251e-02
 66   32 7.48405e-02
 66   34 7.56007e-02
 66   36 7.62354e-02
 66   38 7.80254e-02
 66   40 8.65775e-02
 66   42 9.52990e-02
 66   44 9.91996e-02
 66   46 1.04437e-01
 66   48 1.11697e-01
 66   50 1.32566e-01
 66   52 1.26391e-01
 66   54 1.33249e-01
 66   56 1.82636e-01
 66   58 1.91559e-01
 66   60 2.21501e-01
 66   62 5.62193e-01
 66   64 1.65845e+00
 66   66 2.34375e+01
 66   68 1.62601e+00
 66   70 5.56671e-01
 66   72 2.23757e-01
 66   74 1.82313e-01
 66   76 1.87881e-01
 66   78 1.44377e-01
 66   80 1.05495e-01
 66   82 9.22423e-02
 66   84 7.92118e-02
 66   86 7.66650e-02
 66   88 9.42728e-02
 66   90 7.68197e-02
 67    1 7.42270e-03
 67    3 3.52312e-02
 67    5 5.40979e-02
 67    7 6.97459e-02
 67    9 8.51152e-02
 67   11 8.20499e-02
 67   13 8.10883e-02
 67   15 8.06017e-02
 67   17 7.77592e-02
 67   19 7.89179e-02
 67   21 7.03691e-02
 67   23 7.32499e-02
 67   25 7.66505e-02
 67   27 7.77079e-02
 67   29 7.19155e-02
 67   31 6.90310e-02
 67   33 7.06142e-02
 67   35 7.39949e-02
 67   37 7.57512e-02
 67   39 7.76162e-02
 67   41 7.95261e-02
 67   43 9.28466e-02
 67   45 9.28065e-02
 67   47 1.04312e-01
 67   49 1.11272e-01
 67   51 1.27005e-01
 67   53 1.21972e-01
 67   55 1.29839e-01
 67   57 1.80816e-01
 67   59 1.89810e-01
 67   61 2.14820e-01
 67   63 5.53515e-01
 67   65 1.62310e+00
 67   67 2.31361e+01
 67   69 1.58799e+00
 67   71 5.44940e-01
 67   73 2.20698e-01
 67   75 1.78964e-01
 67   77 1.82718e-01
 67   79 1.43570e-01
 67   81 1.04340e-01
 67   83 9.15461e-02
 67   85 7.35263e-02
 67   87 7.58987e-02
 67   89 9.55238e-02
 67   91 7.41911e-02
 68    2 1.33734e-02
 68    4 3.45157e-02
 68    6 5.93595e-02
 68    8 8.60226e-02
 68   10 1.00709e-01
 68   12 9.25403e-02
 68   14 8.14017e-02
 68   16 7.97430e-02
 68   18 6.83879e-02
 68   20 6.25561e-02
 68   22 6.49834e-02
 68   24 7.10703e-02
 68   26 6.98645e-02
 68   28 6.62647e-02
 68   30 7.45378e-02
 68   32 8.11514e-02
 68   34 7.46128e-02
 68   36 7.32968e-02
 68   38 8.02069e-02
 68   40 8.14116e-02
 68   42 8.16847e-02
 68   44 8.77440e-02
 68   46 9.16580e-02
 68   48 9.49906e-02
 68   50 1.02514e-01
 68   52 1.25464e-01
 68   54 1.17631e-01
 68   56 1.24732e-01
 68   58 1.77172e-01
 68   60 1.81287e-01
 68   62 2.11538e-01
 68   64 5.45084e-01
 68   66 1.59097e+00
 68   68 2.28568e+01
 68   70 1.56181e+00
 68   72 5.43238e-01
 68   74 2.22880e-01
 68   76 1.79076e-01
 68   78 1.77563e-01
 68   80 1.31171e-01
 68   82 9.85203e-02
 68   84 8.50464e-02
 68   86 8.48592e-02
 68   88 9.78207e-02
 68   90 7.72334e-02
 69    1 3.86270e-03
 69    3 2.10931e-02
 69    5 4.05289e-02
 69    7 6.49562e-02
 69    9 9.30353e-02
 69   11 9.75467e-02
 69   13 9.00873e-02
 69   15 7.39618e-02
 69   17 7.19525e-02
 69   19 6.37141e-02
 69   21 6.42229e-02
 69   23 6.36587e-02
 69   25 6.76449e-02
 69   27 6.67914e-02
 69   29 6.98032e-02
 69   31 7.35001e-02
 69   33 7.77573e-02
 69   35 7.35262e-02
 69   37 7.18830e-02
 69   39 7.90100e-02
 69   41 7.87724e-02
 69   43 7.68231e-02
 69   45 8.32593e-02
 69   47 9.21787e-02
 69   49 9.22374e-02
 69   51 1.00363e-01
 69   53 1.18584e-01
 69   55 1.21183e-01
 69   57 1.28699e-01
 69   59 1.76800e-01
 69   61 1.74438e-01
 69   63 2.07683e-01
 69   65 5.33916e-01
 69   67 1.55471e+00
 69   69 2.25688e+01
 69   71 1.52370e+00
 69   73 5.29323e-01
 69   75 2.24598e-01
 69   77 1.76446e-01
 69   79 1.70943e-01
 69   81 1.29764e-01
 69   83 9.75033e-02
 69   85 8.16702e-02
 69   87 8.39157e-02
 69   89 9.92251e-02
 69   91 7.52475e-02
 70    2 1.76758e-02
 70    4 3.56544e-02
 70    6 4.96921e-02
 70    8 6.42881e-02
 70   10 8.27058e-02
 70   12 7.97748e-02
 70   14 7.51305e-02
 70   16 7.29730e-02
 70   18 7.62954e-02
 70   20 7.84758e-02
 70   22 8.02968e-02
 70   24 6.70366e-02
 70   26 7.16836e-02
 70   28 7.47256e-02
 70   30 7.66018e-02
 70   32 7.00940e-02
 70   34 6.67571e-02
 70   36 6.95996e-02
 70   38 6.99729e-02
 70   40 7.00965e-02
 70   42 6.88899e-02
 70   44 7.71005e-02
 70   46 7.85194e-02
 70   48 8.06075e-02
 70   50 8.83358e-02
 70   52 9.49394e-02
 70   54 1.14554e-01
 70   56 1.19954e-01
 70   58 1.22693e-01
 70   60 1.77603e-01
 70   62 1.77967e-01
 70   64 2.11915e-01
 70   66 5.33580e-01
 70   68 1.52999e+00
 70   70 2.23100e+01
 70   72 1.49433e+00
 70   74 5.26939e-01
 70   76 2.27427e-01
 70   78 1.63353e-01
 70   80 1.53810e-01
 70   82 1.25423e-01
 70   84 9.72320e-02
 70   86 9.43578e-02
 70   88 1.08266e-01
 70   90 8.07902e-02
 71    1 5.66625e-03
 71    3 2.58421e-02
 71    5 4.19645e-02
 71    7 5.57934e-02
 71    9 7.18036e-02
 71   11 7.51873e-02
 71   13 7.21078e-02
 71   15 6.96741e-02
 71   17 7.08424e-02
 71   19 7.15112e-02
 71   21 7.50209e-02
 71   23 7.25541e-02
 71   25 7.15735e-02
 71   27 6.55785e-02
 71   29 6.97123e-02
 71   31 7.80435e-02
 71   33 7.44527e-02
 71   35 6.89241e-02
 71   37 6.66546e-02
 71   39 6.82326e-02
 71   41 6.72443e-02
 71   43 7.64910e-02
 71   45 7.95008e-02
 71   47 7.46017e-02
 71   49 7.50530e-02
 71   51 8.53171e-02
 71   53 1.02296e-01
 71   55 1.15871e-01
 71   57 1.10078e-01
 71   59 1.22789e-01
 71   61 1.70800e-01
 71   63 1.72347e-01
 71   65 2.06300e-01
 71   67 5.22957e-01
 71   69 1.49353e+00
 71   71 2.20513e+01
 71   73 1.45762e+00
 71   75 5.17234e-01
 71   77 2.24841e-01
 71   79 1.61167e-01
 71   81 1.49181e-01
 71   83 1.21153e-01
 71   85 9.02674e-02
 71   87 8.87218e-02
 71   89 1.05520e-01
 71   91 8.04929e-02
 72    2 1.13898e-02
 72    4 3.14634e-02
 72    6 5.27180e-02
 72    8 7.03288e-02
 72   10 8.53525e-02
 72   12 8.79214e-02
 72   14 8.61908e-02
 72   16 7.76301e-02
 72   18 6.50799e-02
 72   20 6.59215e-02
 72   22 6.31118e-02
 72   24 6.03005e-02
 72   26 6.62921e-02
 72   28 7.01980e-02
 72   30 7.01685e-02
 72   32 6.77621e-02
 72   34 6.61078e-02
 72   36 6.72802e-02
 72   38 6.61552e-02
 72   40 6.33209e-02
 72   42 6.89460e-02
 72   44 6.90947e-02
 72   46 6.67843e-02
 72   48 7.26061e-02
 72   50 8.02241e-02
 72   52 8.39600e-02
 72   54 9.67357e-02
 72   56 1.11093e-01
 72   58 1.08071e-01
 72   60 1.28920e-01
 72   62 1.73627e-01
 72   64 1.71666e-01
 72   66 2.10349e-01
 72   68 5.21934e-01
 72   70 1.46558e+00
 72   72 2.17928e+01
 72   74 1.42305e+00
 72   76 5.06433e-01
 72   78 2.18662e-01
 72   80 1.52555e-01
 72   82 1.47878e-01
 72   84 1.22893e-01
 72   86 1.05175e-01
 72   88 1.17828e-01
 72   90 8.71316e-02
 73    1 3.28496e-03
 73    3 1.83494e-02
 73    5 3.79252e-02
 73    7 5.96048e-02
 73    9 7.83368e-02
 73   11 8.27891e-02
 73   13 8.46236e-02
 73   15 8.32673e-02
 73   17 7.18731e-02
 73   19 6.08191e-02
 73   21 6.31433e-02
 73   23 5.85083e-02
 73   25 6.05289e-02
 73   27 6.44289e-02
 73   29 7.01986e-02
 73   31 6.37507e-02
 73   33 6.39442e-02
 73   35 6.87965e-02
 73   37 6.84021e-02
 73   39 6.02684e-02
 73   41 5.94189e-02
 73   43 6.29485e-02
 73   45 7.20577e-02
 73   47 6.61219e-02
 73   49 6.95508e-02
 73   51 7.54961e-02
 73   53 8.29865e-02
 73   55 9.68852e-02
 73   57 1.04323e-01
 73   59 1.05525e-01
 73   61 1.25470e-01
 73   63 1.76064e-01
 73   65 1.69815e-01
 73   67 2.07838e-01
 73   69 5.09149e-01
 73   71 1.43039e+00
 73   73 2.15450e+01
 73   75 1.39519e+00
 73   77 4.99176e-01
 73   79 2.12693e-01
 73   81 1.47206e-01
 73   83 1.43460e-01
 73   85 1.18671e-01
 73   87 1.01482e-01
 73   89 1.14576e-01
 73   91 8.69645e-02
 74    2 1.22430e-02
 74    4 2.93703e-02
 74    6 4.79774e-02
 74    8 7.02779e-02
 74   10 8.33551e-02
 74   12 7.75027e-02
 74   14 7.24941e-02
 74   16 7.59955e-02
 74   18 7.31492e-02
 74   20 7.16557e-02
 74   22 6.92169e-02
 74   24 7.05573e-02
 74   26 6.95883e-02
 74   28 7.35925e-02
 74   30 6.77581e-02
 74   32 6.55669e-02
 74   34 6.07939e-02
 74   36 6.23783e-02
 74   38 6.22567e-02
 74   40 6.20672e-02
 74   42 6.36843e-02
 74   44 5.98563e-02
 74   46 6.16489e-02
 74   48 6.31822e-02
 74   50 6.83524e-02
 74   52 7.79559e-02
 74   54 7.76077e-02
 74   56 9.10321e-02
 74   58 1.03042e-01
 74   60 1.06174e-01
 74   62 1.28766e-01
 74   64 1.74966e-01
 74   66 1.68281e-01
 74   68 2.10255e-01
 74   70 5.07428e-01
 74   72 1.39724e+00
 74   74 2.13034e+01
 74   76 1.35564e+00
 74   78 4.81213e-01
 74   80 2.10760e-01
 74   82 1.51547e-01
 74   84 1.49608e-01
 74   86 1.27242e-01
 74   88 1.26549e-01
 74   90 8.74546e-02
 75    1 3.70453e-03
 75    3 2.00689e-02
 75    5 3.69539e-02
 75    7 5.62224e-02
 75    9 7.95680e-02
 75   11 7.66480e-02
 75   13 6.63991e-02
 75   15 6.75595e-02
 75   17 7.18891e-02
 75   19 7.27286e-02
 75   21 7.24510e-02
 75   23 6.74727e-02
 75   25 6.70851e-02
 75   27 7.05752e-02
 75   29 6.80621e-02
 75   31 6.59612e-02
 75   33 6.01363e-02
 75   35 5.97986e-02
 75   37 5.94404e-02
 75   39 6.01948e-02
 75   41 6.35474e-02
 75   43 5.95356e-02
 75   45 5.76718e-02
 75   47 6.24306e-02
 75   49 6.09237e-02
 75   51 6.91719e-02
 75   53 7.05356e-02
 75   55 7.60990e-02
 75   57 8.93728e-02
 75   59 1.01011e-01
 75   61 1.03226e-01
 75   63 1.30457e-01
 75   65 1.69497e-01
 75   67 1.65570e-01
 75   69 2.12236e-01
 75   71 4.98637e-01
 75   73 1.37064e+00
 75   75 2.10954e+01
 75   77 1.32135e+00
 75   79 4.72637e-01
 75   81 2.10597e-01
 75   83 1.45375e-01
 75   85 1.42574e-01
 75   87 1.22250e-01
 75   89 1.24234e-01
 75   91 8.36046e-02
 76    2 1.07933e-02
 76    4 2.67008e-02
 76    6 4.59261e-02
 76    8 6.76724e-02
 76   10 8.10480e-02
 76   12 7.23909e-02
 76   14 7.23339e-02
 76   16 7.65478e-02
 76   18 7.12733e-02
 76   20 6.77488e-02
 76   22 6.96606e-02
 76   24 6.50881e-02
 76   26 6.49797e-02
 76   28 6.09352e-02
 76   30 6.28578e-02
 76   32 5.85315e-02
 76   34 5.53577e-02
 76   36 5.02835e-02
 76   38 5.43565e-02
 76   40 5.88138e-02
 76   42 5.65178e-02
 76   44 5.87772e-02
 76   46 5.52642e-02
 76   48 6.35686e-02
 76   50 6.65613e-02
 76   52 7.21188e-02
 76   54 7.25301e-02
 76   56 8.49213e-02
 76   58 9.91505e-02
 76   60 1.06436e-01
 76   62 1.16592e-01
 76   64 1.39421e-01
 76   66 1.70460e-01
 76   68 1.66049e-01
 76   70 2.15268e-01
 76   72 4.88761e-01
 76   74 1.33250e+00
 76   76 2.08308e+01
 76   78 1.28309e+00
 76   80 4.57710e-01
 76   82 2.19654e-01
 76   84 1.61221e-01
 76   86 1.52538e-01
 76   88 1.42783e-01
 76   90 8.68799e-02
 77    1 3.60107e-03
 77    3 1.80490e-02
 77    5 3.48315e-02
 77    7 5.01071e-02
 77    9 6.86258e-02
 77   11 7.35006e-02
 77   13 7.09321e-02
 77   15 7.19435e-02
 77   17 7.52902e-02
 77   19 6.93112e-02
 77   21 7.03980e-02
 77   23 6.67720e-02
 77   25 6.47313e-02
 77   27 6.21788e-02
 77   29 5.96321e-02
 77   31 6.19179e-02
 77   33 5.54651e-02
 77   35 5.48044e-02
 77   37 4.98574e-02
 77   39 5.32538e-02
 77   41 5.73664e-02
 77   43 5.83624e-02
 77   45 5.54507e-02
 77   47 5.58769e-02
 77   49 5.93298e-02
 77   51 6.38427e-02
 77   53 6.89732e-02
 77   55 7.23763e-02
 77   57 7.69438e-02
 77   59 9.29893e-02
 77   61 1.05701e-01
 77   63 1.14921e-01
 77   65 1.30477e-01
 77   67 1.66246e-01
 77   69 1.63975e-01
 77   71 2.13171e-01
 77   73 4.82277e-01
 77   75 1.29949e+00
 77   77 2.06337e+01
 77   79 1.24902e+00
 77   81 4.50586e-01
 77   83 2.15857e-01
 77   85 1.64970e-01
 77   87 1.47950e-01
 77   89 1.35883e-01
 77   91 8.69193e-02
 78    2 1.02057e-02
 78    4 2.52343e-02
 78    6 4.37691e-02
 78    8 6.35407e-02
 78   10 7.78757e-02
 78   12 7.22640e-02
 78   14 6.66651e-02
 78   16 6.86112e-02
 78   18 7.14090e-02
 78   20 6.83194e-02
 78   22 5.47522e-02
 78   24 6.00295e-02
 78   26 5.98764e-02
 78   28 5.96140e-02
 78   30 5.58434e-02
 78   32 5.64876e-02
 78   34 5.68383e-02
 78   36 5.52925e-02
 78   38 5.42203e-02
 78   40 6.00766e-02
 78   42 6.01556e-02
 78   44 5.98040e-02
 78   46 6.18354e-02
 78   48 6.56782e-02
 78   50 6.15902e-02
 78   52 6.59761e-02
 78   54 7.01035e-02
 78   56 7.45245e-02
 78   58 7.60057e-02
 78   60 9.55523e-02
 78   62 1.00032e-01
 78   64 1.06667e-01
 78   66 1.28890e-01
 78   68 1.62006e-01
 78   70 1.52141e-01
 78   72 2.07649e-01
 78   74 4.65418e-01
 78   76 1.26253e+00
 78   78 2.04175e+01
 78   80 1.22395e+00
 78   82 4.62411e-01
 78   84 2.49031e-01
 78   86 1.82944e-01
 78   88 1.69124e-01
 78   90 1.05535e-01
 79    1 3.66087e-03
 79    3 1.82797e-02
 79    5 3.44832e-02
 79    7 5.04634e-02
 79    9 6.75921e-02
 79   11 7.34334e-02
 79   13 6.86707e-02
 79   15 6.73187e-02
 79   17 6.51368e-02
 79   19 6.79569e-02
 79   21 6.16725e-02
 79   23 6.01318e-02
 79   25 5.85186e-02
 79   27 5.87527e-02
 79   29 5.81284e-02
 79   31 5.62470e-02
 79   33 5.83249e-02
 79   35 5.50948e-02
 79   37 5.31112e-02
 79   39 5.51637e-02
 79   41 5.61891e-02
 79   43 6.00308e-02
 79   45 5.61315e-02
 79   47 5.91636e-02
 79   49 6.07561e-02
 79   51 6.44582e-02
 79   53 6.64392e-02
 79   55 6.97745e-02
 79   57 6.95438e-02
 79   59 8.23629e-02
 79   61 9.19382e-02
 79   63 9.67986e-02
 79   65 1.01243e-01
 79   67 1.28600e-01
 79   69 1.56396e-01
 79   71 1.50430e-01
 79   73 2.02304e-01
 79   75 4.57605e-01
 79   77 1.22964e+00
 79   79 2.02320e+01
 79   81 1.19306e+00
 79   83 4.47690e-01
 79   85 2.40760e-01
 79   87 1.77498e-01
 79   89 1.67089e-01
 79   91 1.03204e-01
 80    2 9.86661e-03
 80    4 2.36463e-02
 80    6 3.80385e-02
 80    8 4.82489e-02
 80   10 5.73392e-02
 80   12 5.64007e-02
 80   14 6.33073e-02
 80   16 6.82499e-02
 80   18 7.07903e-02
 80   20 7.61912e-02
 80   22 8.12534e-02
 80   24 8.41195e-02
 80   26 6.99896e-02
 80   28 6.67410e-02
 80   30 6.75205e-02
 80   32 6.24287e-02
 80   34 5.76450e-02
 80   36 5.44816e-02
 80   38 5.66305e-02
 80   40 5.63437e-02
 80   42 5.62439e-02
 80   44 5.29386e-02
 80   46 5.56037e-02
 80   48 6.03790e-02
 80   50 5.81597e-02
 80   52 6.03447e-02
 80   54 6.48002e-02
 80   56 6.17094e-02
 80   58 6.66539e-02
 80   60 7.39279e-02
 80   62 8.38285e-02
 80   64 8.95437e-02
 80   66 9.27645e-02
 80   68 1.17882e-01
 80   70 1.41103e-01
 80   72 1.42697e-01
 80   74 2.00782e-01
 80   76 4.43612e-01
 80   78 1.20557e+00
 80   80 2.00747e+01
 80   82 1.19084e+00
 80   84 4.73278e-01
 80   86 2.55418e-01
 80   88 1.99583e-01
 80   90 1.32220e-01
 81    1 3.31797e-03
 81    3 1.55903e-02
 81    5 2.78209e-02
 81    7 4.09483e-02
 81    9 5.41135e-02
 81   11 5.16630e-02
 81   13 5.33987e-02
 81   15 6.29632e-02
 81   17 6.88932e-02
 81   19 6.92925e-02
 81   21 7.12503e-02
 81   23 7.91411e-02
 81   25 8.04929e-02
 81   27 7.00622e-02
 81   29 6.35732e-02
 81   31 6.46956e-02
 81   33 6.13246e-02
 81   35 5.60552e-02
 81   37 5.22615e-02
 81   39 5.31227e-02
 81   41 5.70465e-02
 81   43 5.84925e-02
 81   45 5.45120e-02
 81   47 5.47277e-02
 81   49 5.91400e-02
 81   51 5.68559e-02
 81   53 6.14344e-02
 81   55 6.03328e-02
 81   57 6.30121e-02
 81   59 6.45614e-02
 81   61 7.34627e-02
 81   63 7.83277e-02
 81   65 8.49323e-02
 81   67 9.21040e-02
 81   69 1.16999e-01
 81   71 1.37223e-01
 81   73 1.37984e-01
 81   75 2.00939e-01
 81   77 4.37156e-01
 81   79 1.17575e+00
 81   81 1.99177e+01
 81   83 1.16122e+00
 81   85 4.62435e-01
 81   87 2.52901e-01
 81   89 1.96528e-01
 81   91 1.27451e-01
 82    2 1.21485e-02
 82    4 2.85299e-02
 82    6 4.46197e-02
 82    8 6.32787e-02
 82   10 7.04783e-02
 82   12 6.27793e-02
 82   14 6.13677e-02
 82   16 6.89473e-02
 82   18 6.47409e-02
 82   20 6.19404e-02
 82   22 5.95247e-02
 82   24 5.22463e-02
 82   26 5.80381e-02
 82   28 5.80659e-02
 82   30 5.65122e-02
 82   32 5.38115e-02
 82   34 4.99383e-02
 82   36 5.02630e-02
 82   38 5.10231e-02
 82   40 4.87879e-02
 82   42 5.21038e-02
 82   44 5.64854e-02
 82   46 5.11692e-02
 82   48 5.04754e-02
 82   50 5.65935e-02
 82   52 5.69578e-02
 82   54 5.62747e-02
 82   56 5.61625e-02
 82   58 5.99330e-02
 82   60 6.12972e-02
 82   62 6.71745e-02
 82   64 7.32543e-02
 82   66 7.99744e-02
 82   68 8.72985e-02
 82   70 1.13448e-01
 82   72 1.36383e-01
 82   74 1.42348e-01
 82   76 2.09904e-01
 82   78 4.49084e-01
 82   80 1.17414e+00
 82   82 1.98009e+01
 82   84 1.18751e+00
 82   86 4.68083e-01
 82   88 2.69130e-01
 82   90 1.63544e-01
 83    1 4.36948e-03
 83    3 2.02140e-02
 83    5 3.52586e-02
 83    7 5.34878e-02
 83    9 6.79422e-02
 83   11 6.66717e-02
 83   13 5.65218e-02
 83   15 6.51413e-02
 83   17 6.62175e-02
 83   19 5.93257e-02
 83   21 5.57472e-02
 83   23 5.26327e-02
 83   25 5.27851e-02
 83   27 5.10492e-02
 83   29 5.25265e-02
 83   31 5.48165e-02
 83   33 5.27458e-02
 83   35 5.14072e-02
 83   37 4.74970e-02
 83   39 5.51104e-02
 83   41 4.72745e-02
 83   43 5.63650e-02
 83   45 5.49251e-02
 83   47 5.04978e-02
 83   49 5.33280e-02
 83   51 5.40046e-02
 83   53 5.82820e-02
 83   55 5.28498e-02
 83   57 5.91124e-02
 83   59 6.12755e-02
 83   61 5.85690e-02
 83   63 6.65822e-02
 83   65 7.21791e-02
 83   67 7.97174e-02
 83   69 8.67222e-02
 83   71 1.09934e-01
 83   73 1.32653e-01
 83   75 1.36833e-01
 83   77 2.06591e-01
 83   79 4.35225e-01
 83   81 1.14551e+00
 83   83 1.96534e+01
 83   85 1.16103e+00
 83   87 4.57294e-01
 83   89 2.63780e-01
 83   91 1.58348e-01
 84    2 1.11906e-02
 84    4 2.50706e-02
 84    6 3.77710e-02
 84    8 4.96714e-02
 84   10 5.83127e-02
 84   12 5.53916e-02
 84   14 5.52491e-02
 84   16 6.12157e-02
 84   18 6.79564e-02
 84   20 6.99435e-02
 84   22 6.86046e-02
 84   24 6.69901e-02
 84   26 6.04852e-02
 84   28 5.80799e-02
 84   30 5.29593e-02
 84   32 5.12048e-02
 84   34 5.10972e-02
 84   36 4.72108e-02
 84   38 4.45284e-02
 84   40 4.56046e-02
 84   42 4.89247e-02
 84   44 4.55789e-02
 84   46 4.75740e-02
 84   48 4.50446e-02
 84   50 4.76523e-02
 84   52 4.53980e-02
 84   54 4.90515e-02
 84   56 4.77990e-02
 84   58 5.60947e-02
 84   60 5.36807e-02
 84   62 5.86650e-02
 84   64 5.80170e-02
 84   66 6.77813e-02
 84   68 7.43766e-02
 84   70 8.68017e-02
 84   72 1.11862e-01
 84   74 1.38694e-01
 84   76 1.52056e-01
 84   78 2.38700e-01
 84   80 4.60558e-01
 84   82 1.17202e+00
 84   84 1.96371e+01
 84   86 1.15310e+00
 84   88 4.51462e-01
 84   90 2.13021e-01
 85    1 3.16955e-03
 85    3 1.66413e-02
 85    5 3.12929e-02
 85    7 4.32185e-02
 85    9 5.64800e-02
 85   11 5.46589e-02
 85   13 4.98068e-02
 85   15 5.38286e-02
 85   17 6.12489e-02
 85   19 6.61459e-02
 85   21 6.67276e-02
 85   23 6.77797e-02
 85   25 6.28411e-02
 85   27 6.19196e-02
 85   29 5.66267e-02
 85   31 5.22104e-02
 85   33 4.99250e-02
 85   35 4.61585e-02
 85   37 4.74980e-02
 85   39 4.57326e-02
 85   41 4.48252e-02
 85   43 4.45649e-02
 85   45 4.63202e-02
 85   47 4.79309e-02
 85   49 4.46114e-02
 85   51 4.67222e-02
 85   53 4.65776e-02
 85   55 4.58063e-02
 85   57 4.59759e-02
 85   59 4.77823e-02
 85   61 5.52885e-02
 85   63 5.27037e-02
 85   65 5.78145e-02
 85   67 6.32218e-02
 85   69 7.17275e-02
 85   71 8.08794e-02
 85   73 1.08354e-01
 85   75 1.32510e-01
 85   77 1.55905e-01
 85   79 2.31117e-01
 85   81 4.50450e-01
 85   83 1.14645e+00
 85   85 1.95057e+01
 85   87 1.13540e+00
 85   89 4.42447e-01
 85   91 2.09641e-01
 86    2 1.30358e-02
 86    4 3.13737e-02
 86    6 4.95253e-02
 86    8 6.57402e-02
 86   10 7.78826e-02
 86   12 6.26757e-02
 86   14 5.75123e-02
 86   16 5.81820e-02
 86   18 6.40499e-02
 86   20 6.17404e-02
 86   22 5.94831e-02
 86   24 5.77589e-02
 86   26 5.41163e-02
 86   28 5.34519e-02
 86   30 5.09204e-02
 86   32 4.45321e-02
 86   34 4.23197e-02
 86   36 4.36206e-02
 86   38 4.24053e-02
 86   40 4.24651e-02
 86   42 4.33056e-02
 86   44 4.62127e-02
 86   46 4.42389e-02
 86   48 4.34621e-02
 86   50 4.28461e-02
 86   52 4.55649e-02
 86   54 4.77333e-02
 86   56 4.83968e-02
 86   58 4.65465e-02
 86   60 4.91940e-02
 86   62 5.88753e-02
 86   64 5.91887e-02
 86   66 6.48095e-02
 86   68 7.33163e-02
 86   70 8.32182e-02
 86   72 9.45776e-02
 86   74 1.16534e-01
 86   76 1.42128e-01
 86   78 1.73236e-01
 86   80 2.45551e-01
 86   82 4.56397e-01
 86   84 1.13917e+00
 86   86 1.93693e+01
 86   88 1.12552e+00
 86   90 3.85539e-01
 87    1 3.90280e-03
 87    3 2.10142e-02
 87    5 3.90116e-02
 87    7 5.71444e-02
 87    9 7.30786e-02
 87   11 7.05802e-02
 87   13 5.46731e-02
 87   15 5.67367e-02
 87   17 5.73156e-02
 87   19 6.10365e-02
 87   21 5.74559e-02
 87   23 5.42135e-02
 87   25 5.46970e-02
 87   27 5.31594e-02
 87   29 5.21510e-02
 87   31 4.87662e-02
 87   33 4.47234e-02
 87   35 4.50411e-02
 87   37 3.80148e-02
 87   39 4.37509e-02
 87   41 4.38111e-02
 87   43 4.45818e-02
 87   45 4.34416e-02
 87   47 4.01424e-02
 87   49 4.12166e-02
 87   51 4.44667e-02
 87   53 4.64206e-02
 87   55 4.23475e-02
 87   57 4.60829e-02
 87   59 4.85770e-02
 87   61 4.94018e-02
 87   63 5.38401e-02
 87   65 5.63993e-02
 87   67 6.45044e-02
 87   69 7.28443e-02
 87   71 7.85720e-02
 87   73 9.15835e-02
 87   75 1.12302e-01
 87   77 1.38197e-01
 87   79 1.68411e-01
 87   81 2.43488e-01
 87   83 4.46310e-01
 87   85 1.12223e+00
 87   87 1.92399e+01
 87   89 1.10270e+00
 87   91 3.69932e-01
 88    2 5.94853e-03
 88    4 1.41299e-02
 88    6 2.45009e-02
 88    8 3.28277e-02
 88   10 3.41752e-02
 88   12 3.12335e-02
 88   14 3.27300e-02
 88   16 3.42876e-02
 88   18 3.25510e-02
 88   20 3.34610e-02
 88   22 3.46661e-02
 88   24 3.80948e-02
 88   26 3.92209e-02
 88   28 3.79886e-02
 88   30 3.94452e-02
 88   32 3.63776e-02
 88   34 4.10103e-02
 88   36 3.97398e-02
 88   38 4.24750e-02
 88   40 4.43419e-02
 88   42 4.49719e-02
 88   44 4.24940e-02
 88   46 4.93528e-02
 88   48 4.90579e-02
 88   50 4.96644e-02
 88   52 5.31945e-02
 88   54 5.58967e-02
 88   56 5.92017e-02
 88   58 5.83252e-02
 88   60 6.61150e-02
 88   62 6.82644e-02
 88   64 7.79094e-02
 88   66 7.88071e-02
 88   68 8.35739e-02
 88   70 9.44216e-02
 88   72 1.04776e-01
 88   74 1.14610e-01
 88   76 1.31558e-01
 88   78 1.58366e-01
 88   80 1.89737e-01
 88   82 2.59490e-01
 88   84 4.41042e-01
 88   86 1.11299e+00
 88   88 1.88089e+01
 88   90 1.17021e+00
 89    1 2.17182e-03
 89    3 1.11647e-02
 89    5 1.80956e-02
 89    7 2.63452e-02
 89    9 3.58666e-02
 89   11 3.16624e-02
 89   13 3.13912e-02
 89   15 2.99850e-02
 89   17 3.05979e-02
 89   19 3.37846e-02
 89   21 3.30387e-02
 89   23 3.71991e-02
 89   25 3.58141e-02
 89   27 3.62000e-02
 89   29 3.66147e-02
 89   31 3.62534e-02
 89   33 3.98031e-02
 89   35 3.69703e-02
 89   37 3.99199e-02
 89   39 4.16944e-02
 89   41 3.97594e-02
 89   43 4.33531e-02
 89   45 4.35271e-02
 89   47 4.82677e-02
 89   49 4.64076e-02
 89   51 5.05183e-02
 89   53 5.17345e-02
 89   55 5.53888e-02
 89   57 5.65971e-02
 89   59 5.95506e-02
 89   61 6.47321e-02
 89   63 6.59587e-02
 89   65 7.35899e-02
 89   67 8.03176e-02
 89   69 8.52154e-02
 89   71 9.24521e-02
 89   73 1.02298e-01
 89   75 1.12908e-01
 89   77 1.25573e-01
 89   79 1.56845e-01
 89   81 1.87196e-01
 89   83 2.54699e-01
 89   85 4.32649e-01
 89   87 1.09094e+00
 89   89 1.86923e+01
 89   91 1.13934e+00
 90    2 1.06393e-02
 90    4 2.47508e-02
 90    6 3.67790e-02
 90    8 4.90870e-02
 90   10 5.67863e-02
 90   12 4.83341e-02
 90   14 5.09975e-02
 90   16 4.84665e-02
 90   18 5.03733e-02
 90   20 5.39276e-02
 90   22 5.10715e-02
 90   24 4.89777e-02
 90   26 4.85537e-02
 90   28 5.34564e-02
 90   30 4.44749e-02
 90   32 4.96239e-02
 90   34 4.17227e-02
 90   36 4.84605e-02
 90   38 4.58374e-02
 90   40 4.33407e-02
 90   42 4.67993e-02
 90   44 4.57920e-02
 90   46 5.19388e-02
 90   48 5.03836e-02
 90   50 5.09400e-02
 90   52 4.91204e-02
 90   54 5.23779e-02
 90   56 5.30401e-02
 90   58 5.58077e-02
 90   60 5.32820e-02
 90   62 5.90647e-02
 90   64 5.96493e-02
 90   66 6.35626e-02
 90   68 6.53121e-02
 90   70 6.97408e-02
 90   72 7.66902e-02
 90   74 7.83963e-02
 90   76 7.92336e-02
 90   78 9.78147e-02
 90   80 1.24416e-01
 90   82 1.56079e-01
 90   84 2.05983e-01
 90   86 3.77360e-01
 90   88 1.15828e+00
 90   90 1.86993e+01
 91    1 3.09098e-03
 91    3 1.52420e-02
 91    5 2.96299e-02
 91    7 4.21390e-02
 91    9 5.44380e-02
 91   11 4.69883e-02
 91   13 4.46362e-02
 91   15 4.85533e-02
 91   17 4.55441e-02
 91   19 4.90098e-02
 91   21 4.82877e-02
 91   23 4.62900e-02
 91   25 4.94596e-02
 91   27 5.07300e-02
 91   29 4.95605e-02
 91   31 4.76534e-02
 91   33 4.15776e-02
 91   35 4.65199e-02
 91   37 4.87845e-02
 91   39 4.44489e-02
 91   41 4.60103e-02
 91   43 4.50145e-02
 91   45 4.53027e-02
 91   47 4.62696e-02
 91   49 5.45187e-02
 91   51 5.04071e-02
 91   53 5.07929e-02
 91   55 5.02905e-02
 91   57 5.30875e-02
 91   59 5.59556e-02
 91   61 5.58505e-02
 91   63 5.71656e-02
 91   65 5.82735e-02
 91   67 6.17738e-02
 91   69 6.39944e-02
 91   71 6.98382e-02
 91   73 7.68897e-02
 91   75 7.52432e-02
 91   77 7.95426e-02
 91   79 9.59336e-02
 91   81 1.20217e-01
 91   83 1.51409e-01
 91   85 2.03004e-01
 91   87 3.62426e-01
 91   89 1.12825e+00
