# 13C+CO2(ji) -> 13C+CO2(jf) molscat cross sections, CS8_JMAX90 approx. (written on 08/08/2023); 
# E=15240.000000 (1/cm) = 1.8895191682733867 eV
# ji  jf sigma(ji,jf) (1e-16 cm^2)
  1    1 1.84048e+02
  1    3 2.54981e+01
  1    5 9.18977e+00
  1    7 3.43835e+00
  1    9 2.25223e+00
  1   11 1.67841e+00
  1   13 1.16545e+00
  1   15 1.30122e+00
  1   17 1.07641e+00
  1   19 8.88418e-01
  1   21 1.00256e+00
  1   23 9.68366e-01
  1   25 8.00817e-01
  1   27 7.13423e-01
  1   29 7.67843e-01
  1   31 6.49572e-01
  1   33 6.22825e-01
  1   35 6.48155e-01
  1   37 5.96611e-01
  1   39 6.06240e-01
  1   41 5.60915e-01
  1   43 5.35236e-01
  1   45 6.04260e-01
  1   47 6.00087e-01
  1   49 6.21863e-01
  1   51 5.44986e-01
  1   53 5.22055e-01
  1   55 6.33641e-01
  1   57 6.99551e-01
  1   59 6.77191e-01
  1   61 5.54139e-01
  1   63 6.91304e-01
  1   65 6.98373e-01
  1   67 8.68938e-01
  1   69 4.08589e-01
  1   71 6.26416e-01
  1   73 3.72815e-01
  1   75 5.68552e-01
  1   77 3.89979e-01
  1   79 5.29905e-01
  1   81 4.21080e-01
  1   83 5.59625e-01
  1   85 4.16397e-01
  1   87 5.55150e-01
  1   89 3.35872e-01
  1   91 4.67701e-01
  2    2 1.94306e+02
  2    4 1.92942e+01
  2    6 6.69465e+00
  2    8 2.89197e+00
  2   10 2.00030e+00
  2   12 1.45079e+00
  2   14 1.25076e+00
  2   16 1.22632e+00
  2   18 9.84312e-01
  2   20 9.23872e-01
  2   22 9.65470e-01
  2   24 8.92615e-01
  2   26 8.15286e-01
  2   28 7.54330e-01
  2   30 7.19761e-01
  2   32 6.76878e-01
  2   34 6.52684e-01
  2   36 6.56831e-01
  2   38 5.91220e-01
  2   40 5.82049e-01
  2   42 5.51110e-01
  2   44 5.14538e-01
  2   46 5.74978e-01
  2   48 5.66456e-01
  2   50 5.61509e-01
  2   52 5.65793e-01
  2   54 6.46419e-01
  2   56 6.04312e-01
  2   58 7.67819e-01
  2   60 6.20431e-01
  2   62 7.87741e-01
  2   64 5.20423e-01
  2   66 9.41702e-01
  2   68 4.44138e-01
  2   70 7.59443e-01
  2   72 4.00793e-01
  2   74 5.48109e-01
  2   76 4.50212e-01
  2   78 4.86586e-01
  2   80 4.33677e-01
  2   82 5.75426e-01
  2   84 4.45966e-01
  2   86 5.70491e-01
  2   88 3.06476e-01
  2   90 4.81419e-01
  3    1 5.10041e+00
  3    3 1.93929e+02
  3    5 1.65525e+01
  3    7 5.76002e+00
  3    9 2.57785e+00
  3   11 1.76013e+00
  3   13 1.41481e+00
  3   15 1.18621e+00
  3   17 1.12328e+00
  3   19 1.00724e+00
  3   21 9.88308e-01
  3   23 9.43890e-01
  3   25 8.75495e-01
  3   27 7.64205e-01
  3   29 7.21552e-01
  3   31 7.19586e-01
  3   33 6.05284e-01
  3   35 6.35128e-01
  3   37 5.91320e-01
  3   39 5.67415e-01
  3   41 6.00580e-01
  3   43 5.89265e-01
  3   45 5.86603e-01
  3   47 5.84804e-01
  3   49 5.89908e-01
  3   51 5.54117e-01
  3   53 6.00353e-01
  3   55 6.52580e-01
  3   57 6.28347e-01
  3   59 6.65037e-01
  3   61 6.07397e-01
  3   63 7.05882e-01
  3   65 6.37793e-01
  3   67 7.84627e-01
  3   69 4.42193e-01
  3   71 6.32782e-01
  3   73 4.07021e-01
  3   75 5.63595e-01
  3   77 4.18011e-01
  3   79 5.34976e-01
  3   81 4.03467e-01
  3   83 5.41896e-01
  3   85 4.16009e-01
  3   87 5.85106e-01
  3   89 3.20298e-01
  3   91 4.60783e-01
  4    2 8.27105e+00
  4    4 1.93391e+02
  4    6 1.52814e+01
  4    8 5.26435e+00
  4   10 2.36929e+00
  4   12 1.73548e+00
  4   14 1.35659e+00
  4   16 1.13970e+00
  4   18 1.11203e+00
  4   20 1.01863e+00
  4   22 9.23160e-01
  4   24 9.01751e-01
  4   26 8.24244e-01
  4   28 7.35470e-01
  4   30 6.90718e-01
  4   32 6.95626e-01
  4   34 6.38065e-01
  4   36 6.02023e-01
  4   38 6.04919e-01
  4   40 5.74323e-01
  4   42 5.90404e-01
  4   44 5.91464e-01
  4   46 5.96781e-01
  4   48 5.67679e-01
  4   50 5.76089e-01
  4   52 5.91593e-01
  4   54 6.33132e-01
  4   56 6.14474e-01
  4   58 7.26805e-01
  4   60 6.29133e-01
  4   62 7.36782e-01
  4   64 6.06322e-01
  4   66 7.89524e-01
  4   68 5.10852e-01
  4   70 6.70635e-01
  4   72 4.45175e-01
  4   74 5.77437e-01
  4   76 4.66759e-01
  4   78 5.24104e-01
  4   80 4.20659e-01
  4   82 5.45418e-01
  4   84 4.58323e-01
  4   86 6.02379e-01
  4   88 3.15921e-01
  4   90 4.92681e-01
  5    1 1.02161e+00
  5    3 9.19912e+00
  5    5 1.93069e+02
  5    7 1.45477e+01
  5    9 4.91345e+00
  5   11 2.28770e+00
  5   13 1.65647e+00
  5   15 1.28757e+00
  5   17 1.14852e+00
  5   19 1.10996e+00
  5   21 9.81019e-01
  5   23 9.17597e-01
  5   25 8.92036e-01
  5   27 8.13995e-01
  5   29 7.17417e-01
  5   31 7.18388e-01
  5   33 6.48648e-01
  5   35 6.18850e-01
  5   37 5.95817e-01
  5   39 5.80430e-01
  5   41 5.78226e-01
  5   43 5.96499e-01
  5   45 5.70468e-01
  5   47 5.77696e-01
  5   49 5.86809e-01
  5   51 5.94480e-01
  5   53 6.15656e-01
  5   55 6.25910e-01
  5   57 6.13481e-01
  5   59 6.53823e-01
  5   61 6.41982e-01
  5   63 7.23465e-01
  5   65 6.22823e-01
  5   67 7.18261e-01
  5   69 5.00075e-01
  5   71 5.93824e-01
  5   73 4.44698e-01
  5   75 5.57182e-01
  5   77 4.67591e-01
  5   79 5.29651e-01
  5   81 3.86871e-01
  5   83 5.51345e-01
  5   85 4.49657e-01
  5   87 6.06285e-01
  5   89 2.95752e-01
  5   91 4.68268e-01
  6    2 1.82712e+00
  6    4 9.72904e+00
  6    6 1.93071e+02
  6    8 1.40423e+01
  6   10 4.77154e+00
  6   12 2.23604e+00
  6   14 1.61331e+00
  6   16 1.27099e+00
  6   18 1.14979e+00
  6   20 1.05537e+00
  6   22 9.61816e-01
  6   24 8.66789e-01
  6   26 8.38509e-01
  6   28 7.87501e-01
  6   30 7.06988e-01
  6   32 6.86031e-01
  6   34 6.53710e-01
  6   36 6.17732e-01
  6   38 6.31612e-01
  6   40 5.88542e-01
  6   42 5.80283e-01
  6   44 5.92808e-01
  6   46 5.99072e-01
  6   48 5.66762e-01
  6   50 5.89261e-01
  6   52 6.30994e-01
  6   54 6.25486e-01
  6   56 6.04184e-01
  6   58 6.51902e-01
  6   60 6.73919e-01
  6   62 6.87005e-01
  6   64 6.57655e-01
  6   66 6.57883e-01
  6   68 6.02437e-01
  6   70 5.79028e-01
  6   72 5.33131e-01
  6   74 5.62639e-01
  6   76 4.91261e-01
  6   78 5.31097e-01
  6   80 4.56457e-01
  6   82 5.40062e-01
  6   84 4.62536e-01
  6   86 6.20529e-01
  6   88 2.91253e-01
  6   90 5.12296e-01
  7    1 2.64773e-01
  7    3 2.21744e+00
  7    5 1.00771e+01
  7    7 1.92950e+02
  7    9 1.37879e+01
  7   11 4.62790e+00
  7   13 2.14823e+00
  7   15 1.58217e+00
  7   17 1.25667e+00
  7   19 1.08559e+00
  7   21 1.03557e+00
  7   23 9.66504e-01
  7   25 8.53707e-01
  7   27 8.36682e-01
  7   29 7.70383e-01
  7   31 6.99292e-01
  7   33 6.74475e-01
  7   35 6.47633e-01
  7   37 6.15847e-01
  7   39 6.42710e-01
  7   41 5.84831e-01
  7   43 5.95829e-01
  7   45 5.74942e-01
  7   47 5.73604e-01
  7   49 5.94376e-01
  7   51 6.19601e-01
  7   53 6.17512e-01
  7   55 6.13525e-01
  7   57 6.03827e-01
  7   59 6.33014e-01
  7   61 6.59280e-01
  7   63 6.81758e-01
  7   65 6.45571e-01
  7   67 6.31855e-01
  7   69 5.51183e-01
  7   71 5.53428e-01
  7   73 5.37250e-01
  7   75 5.74105e-01
  7   77 4.76077e-01
  7   79 4.93225e-01
  7   81 3.97286e-01
  7   83 5.61957e-01
  7   85 4.51102e-01
  7   87 6.29406e-01
  7   89 2.88771e-01
  7   91 4.65137e-01
  8    2 5.79194e-01
  8    4 2.45947e+00
  8    6 1.03046e+01
  8    8 1.93136e+02
  8   10 1.35182e+01
  8   12 4.51671e+00
  8   14 2.14729e+00
  8   16 1.54513e+00
  8   18 1.23086e+00
  8   20 1.08278e+00
  8   22 1.01992e+00
  8   24 9.29833e-01
  8   26 8.34902e-01
  8   28 8.13190e-01
  8   30 7.56754e-01
  8   32 6.81614e-01
  8   34 6.47220e-01
  8   36 6.50531e-01
  8   38 6.49853e-01
  8   40 6.10774e-01
  8   42 5.86624e-01
  8   44 6.29144e-01
  8   46 5.87832e-01
  8   48 5.84275e-01
  8   50 5.96586e-01
  8   52 6.37810e-01
  8   54 6.05555e-01
  8   56 6.11397e-01
  8   58 6.63602e-01
  8   60 6.67451e-01
  8   62 6.30460e-01
  8   64 6.89028e-01
  8   66 5.99945e-01
  8   68 6.64252e-01
  8   70 5.28515e-01
  8   72 5.69785e-01
  8   74 6.06263e-01
  8   76 5.05004e-01
  8   78 5.24954e-01
  8   80 4.32343e-01
  8   82 5.68171e-01
  8   84 4.44765e-01
  8   86 6.21896e-01
  8   88 3.07230e-01
  8   90 4.91434e-01
  9    1 1.32729e-01
  9    3 7.59475e-01
  9    5 2.60471e+00
  9    7 1.05518e+01
  9    9 1.93082e+02
  9   11 1.33487e+01
  9   13 4.44682e+00
  9   15 2.11743e+00
  9   17 1.50876e+00
  9   19 1.21205e+00
  9   21 1.03190e+00
  9   23 1.02687e+00
  9   25 9.18195e-01
  9   27 8.07936e-01
  9   29 7.82120e-01
  9   31 7.49330e-01
  9   33 6.82351e-01
  9   35 6.37023e-01
  9   37 6.73649e-01
  9   39 6.33273e-01
  9   41 5.98490e-01
  9   43 6.03220e-01
  9   45 6.16223e-01
  9   47 6.08085e-01
  9   49 5.88292e-01
  9   51 6.12846e-01
  9   53 6.19766e-01
  9   55 5.97027e-01
  9   57 6.33602e-01
  9   59 6.31527e-01
  9   61 6.46196e-01
  9   63 6.21713e-01
  9   65 6.61492e-01
  9   67 5.64932e-01
  9   69 6.28245e-01
  9   71 5.24809e-01
  9   73 5.95043e-01
  9   75 5.70972e-01
  9   77 4.94372e-01
  9   79 5.00022e-01
  9   81 4.09150e-01
  9   83 5.60272e-01
  9   85 4.40455e-01
  9   87 6.22699e-01
  9   89 2.97991e-01
  9   91 4.64079e-01
 10    2 3.16550e-01
 10    4 8.74643e-01
 10    6 2.76673e+00
 10    8 1.06816e+01
 10   10 1.67143e+02
 10   12 1.25702e+01
 10   14 4.14407e+00
 10   16 1.86620e+00
 10   18 1.33489e+00
 10   20 1.09188e+00
 10   22 9.39189e-01
 10   24 8.72776e-01
 10   26 8.02496e-01
 10   28 7.27582e-01
 10   30 6.97963e-01
 10   32 6.86947e-01
 10   34 6.03131e-01
 10   36 5.90084e-01
 10   38 5.78145e-01
 10   40 5.73307e-01
 10   42 5.48085e-01
 10   44 5.90968e-01
 10   46 5.53334e-01
 10   48 5.72734e-01
 10   50 5.67256e-01
 10   52 5.69709e-01
 10   54 5.61459e-01
 10   56 5.83331e-01
 10   58 5.96514e-01
 10   60 6.22678e-01
 10   62 5.43613e-01
 10   64 6.48723e-01
 10   66 5.28719e-01
 10   68 6.37898e-01
 10   70 5.04062e-01
 10   72 5.72247e-01
 10   74 5.37364e-01
 10   76 4.85854e-01
 10   78 5.23222e-01
 10   80 3.68111e-01
 10   82 5.21028e-01
 10   84 4.12410e-01
 10   86 5.72114e-01
 10   88 2.72826e-01
 10   90 4.37483e-01
 11    1 8.01501e-02
 11    3 4.20197e-01
 11    5 9.82708e-01
 11    7 2.86989e+00
 11    9 1.08166e+01
 11   11 1.47412e+02
 11   13 1.18680e+01
 11   15 3.91068e+00
 11   17 1.73240e+00
 11   19 1.21790e+00
 11   21 9.45326e-01
 11   23 8.13802e-01
 11   25 7.99776e-01
 11   27 7.04137e-01
 11   29 6.34903e-01
 11   31 6.30188e-01
 11   33 6.02263e-01
 11   35 5.42182e-01
 11   37 5.27949e-01
 11   39 5.34332e-01
 11   41 5.14266e-01
 11   43 4.85828e-01
 11   45 5.15919e-01
 11   47 5.01413e-01
 11   49 5.31442e-01
 11   51 4.97838e-01
 11   53 5.26767e-01
 11   55 5.15268e-01
 11   57 5.32303e-01
 11   59 5.12710e-01
 11   61 5.21888e-01
 11   63 4.79635e-01
 11   65 5.87062e-01
 11   67 4.23659e-01
 11   69 5.72159e-01
 11   71 4.16334e-01
 11   73 5.06881e-01
 11   75 4.51748e-01
 11   77 4.08988e-01
 11   79 4.51325e-01
 11   81 3.08213e-01
 11   83 4.42159e-01
 11   85 3.45210e-01
 11   87 4.75064e-01
 11   89 2.12893e-01
 11   91 3.37236e-01
 12    2 1.89865e-01
 12    4 5.29817e-01
 12    6 1.07221e+00
 12    8 2.95143e+00
 12   10 1.03953e+01
 12   12 1.31964e+02
 12   14 1.10460e+01
 12   16 3.70262e+00
 12   18 1.60479e+00
 12   20 1.11478e+00
 12   22 9.08347e-01
 12   24 7.56495e-01
 12   26 7.32436e-01
 12   28 6.42960e-01
 12   30 5.98081e-01
 12   32 5.77280e-01
 12   34 5.50905e-01
 12   36 5.17730e-01
 12   38 4.87880e-01
 12   40 4.87316e-01
 12   42 4.73967e-01
 12   44 4.59923e-01
 12   46 4.83656e-01
 12   48 4.85299e-01
 12   50 4.89880e-01
 12   52 4.79090e-01
 12   54 4.97372e-01
 12   56 4.88813e-01
 12   58 4.72794e-01
 12   60 4.92880e-01
 12   62 4.21343e-01
 12   64 5.15398e-01
 12   66 4.21535e-01
 12   68 5.03503e-01
 12   70 3.88759e-01
 12   72 4.62725e-01
 12   74 4.05260e-01
 12   76 3.92780e-01
 12   78 4.12057e-01
 12   80 2.92329e-01
 12   82 3.97617e-01
 12   84 3.15292e-01
 12   86 3.77969e-01
 12   88 1.90241e-01
 12   90 3.09736e-01
 13    1 4.68050e-02
 13    3 2.84054e-01
 13    5 5.98416e-01
 13    7 1.12035e+00
 13    9 3.03037e+00
 13   11 9.98091e+00
 13   13 1.19367e+02
 13   15 1.03282e+01
 13   17 3.50035e+00
 13   19 1.49344e+00
 13   21 1.04158e+00
 13   23 8.21698e-01
 13   25 6.89381e-01
 13   27 6.73260e-01
 13   29 5.82741e-01
 13   31 5.41915e-01
 13   33 5.36815e-01
 13   35 5.19129e-01
 13   37 4.71693e-01
 13   39 4.46874e-01
 13   41 4.44515e-01
 13   43 4.17786e-01
 13   45 4.33289e-01
 13   47 4.44894e-01
 13   49 4.44613e-01
 13   51 4.26439e-01
 13   53 4.29409e-01
 13   55 4.48947e-01
 13   57 4.32136e-01
 13   59 4.02604e-01
 13   61 4.25814e-01
 13   63 3.50320e-01
 13   65 4.72296e-01
 13   67 3.64517e-01
 13   69 4.64128e-01
 13   71 3.18012e-01
 13   73 4.11833e-01
 13   75 3.34209e-01
 13   77 3.53868e-01
 13   79 3.66695e-01
 13   81 2.56878e-01
 13   83 3.18963e-01
 13   85 2.65449e-01
 13   87 3.06342e-01
 13   89 1.87410e-01
 13   91 2.66665e-01
 14    2 1.39616e-01
 14    4 3.53247e-01
 14    6 6.59846e-01
 14    8 1.19681e+00
 14   10 2.92310e+00
 14   12 9.42169e+00
 14   14 1.09053e+02
 14   16 9.63303e+00
 14   18 3.29544e+00
 14   20 1.40572e+00
 14   22 9.79306e-01
 14   24 7.77229e-01
 14   26 6.55630e-01
 14   28 6.34305e-01
 14   30 5.60967e-01
 14   32 4.84625e-01
 14   34 5.05515e-01
 14   36 4.80227e-01
 14   38 4.29896e-01
 14   40 4.22133e-01
 14   42 4.09506e-01
 14   44 4.01324e-01
 14   46 4.07489e-01
 14   48 4.07534e-01
 14   50 4.09064e-01
 14   52 4.24650e-01
 14   54 4.00752e-01
 14   56 3.81512e-01
 14   58 3.72955e-01
 14   60 3.53863e-01
 14   62 3.73308e-01
 14   64 3.65740e-01
 14   66 3.61253e-01
 14   68 3.72209e-01
 14   70 3.24593e-01
 14   72 3.85239e-01
 14   74 3.27466e-01
 14   76 3.48355e-01
 14   78 3.30318e-01
 14   80 2.99505e-01
 14   82 3.02106e-01
 14   84 2.73240e-01
 14   86 3.03113e-01
 14   88 1.76497e-01
 14   90 2.69691e-01
 15    1 4.51122e-02
 15    3 2.05594e-01
 15    5 4.01545e-01
 15    7 7.12314e-01
 15    9 1.24566e+00
 15   11 2.83916e+00
 15   13 8.91597e+00
 15   15 1.00585e+02
 15   17 8.99578e+00
 15   19 3.11529e+00
 15   21 1.33289e+00
 15   23 9.20004e-01
 15   25 7.09728e-01
 15   27 6.00987e-01
 15   29 5.78139e-01
 15   31 5.19899e-01
 15   33 4.63893e-01
 15   35 4.70311e-01
 15   37 4.38440e-01
 15   39 4.01414e-01
 15   41 3.88584e-01
 15   43 3.76969e-01
 15   45 3.66587e-01
 15   47 3.91000e-01
 15   49 3.64131e-01
 15   51 3.85327e-01
 15   53 3.63152e-01
 15   55 3.64084e-01
 15   57 2.98277e-01
 15   59 3.34143e-01
 15   61 2.96290e-01
 15   63 3.12599e-01
 15   65 3.11825e-01
 15   67 3.25723e-01
 15   69 3.13875e-01
 15   71 2.85563e-01
 15   73 3.53204e-01
 15   75 2.85070e-01
 15   77 3.16892e-01
 15   79 3.12738e-01
 15   81 2.78874e-01
 15   83 3.00163e-01
 15   85 2.47690e-01
 15   87 2.79303e-01
 15   89 1.54471e-01
 15   91 2.39059e-01
 16    2 1.19404e-01
 16    4 2.58864e-01
 16    6 4.53437e-01
 16    8 7.51188e-01
 16   10 1.14822e+00
 16   12 2.75475e+00
 16   14 8.40259e+00
 16   16 9.33984e+01
 16   18 8.39799e+00
 16   20 2.96042e+00
 16   22 1.26283e+00
 16   24 8.77680e-01
 16   26 6.72992e-01
 16   28 5.67299e-01
 16   30 5.57775e-01
 16   32 4.89293e-01
 16   34 4.37451e-01
 16   36 4.34802e-01
 16   38 4.07856e-01
 16   40 3.81600e-01
 16   42 3.66880e-01
 16   44 3.71125e-01
 16   46 3.60339e-01
 16   48 3.47838e-01
 16   50 3.61481e-01
 16   52 3.51709e-01
 16   54 3.50467e-01
 16   56 2.76716e-01
 16   58 3.02224e-01
 16   60 2.72249e-01
 16   62 2.98341e-01
 16   64 2.79426e-01
 16   66 2.94138e-01
 16   68 3.08510e-01
 16   70 2.78664e-01
 16   72 3.28132e-01
 16   74 2.94049e-01
 16   76 3.21832e-01
 16   78 2.82952e-01
 16   80 3.09940e-01
 16   82 2.79209e-01
 16   84 2.64944e-01
 16   86 2.56780e-01
 16   88 1.50552e-01
 16   90 2.24173e-01
 17    1 3.28472e-02
 17    3 1.71361e-01
 17    5 3.15268e-01
 17    7 4.97988e-01
 17    9 7.81247e-01
 17   11 1.10704e+00
 17   13 2.65971e+00
 17   15 7.91802e+00
 17   17 8.72828e+01
 17   19 7.88178e+00
 17   21 2.81302e+00
 17   23 1.19460e+00
 17   25 8.44663e-01
 17   27 6.32130e-01
 17   29 5.35907e-01
 17   31 5.17865e-01
 17   33 4.64355e-01
 17   35 4.08283e-01
 17   37 3.98771e-01
 17   39 3.94037e-01
 17   41 3.60943e-01
 17   43 3.52597e-01
 17   45 3.41560e-01
 17   47 3.41140e-01
 17   49 3.16343e-01
 17   51 3.43334e-01
 17   53 3.06894e-01
 17   55 2.95507e-01
 17   57 2.51377e-01
 17   59 2.66442e-01
 17   61 2.51100e-01
 17   63 2.79165e-01
 17   65 2.48711e-01
 17   67 2.74742e-01
 17   69 2.49777e-01
 17   71 2.50225e-01
 17   73 3.02890e-01
 17   75 2.58973e-01
 17   77 3.11652e-01
 17   79 2.40968e-01
 17   81 2.92873e-01
 17   83 2.57246e-01
 17   85 2.51148e-01
 17   87 2.37560e-01
 17   89 1.24611e-01
 17   91 2.01434e-01
 18    2 8.50315e-02
 18    4 2.24093e-01
 18    6 3.63938e-01
 18    8 5.30914e-01
 18   10 7.28691e-01
 18   12 1.05931e+00
 18   14 2.55033e+00
 18   16 7.45089e+00
 18   18 8.19629e+01
 18   20 7.41449e+00
 18   22 2.66281e+00
 18   24 1.14075e+00
 18   26 7.90536e-01
 18   28 6.08270e-01
 18   30 5.08485e-01
 18   32 4.87299e-01
 18   34 4.47479e-01
 18   36 3.94011e-01
 18   38 3.82726e-01
 18   40 3.75484e-01
 18   42 3.51728e-01
 18   44 3.45015e-01
 18   46 3.23134e-01
 18   48 3.25055e-01
 18   50 3.16675e-01
 18   52 3.14257e-01
 18   54 2.68325e-01
 18   56 2.57660e-01
 18   58 2.53848e-01
 18   60 2.50525e-01
 18   62 2.60564e-01
 18   64 2.38254e-01
 18   66 2.55687e-01
 18   68 2.37314e-01
 18   70 2.47012e-01
 18   72 2.50519e-01
 18   74 2.60809e-01
 18   76 2.65059e-01
 18   78 2.53119e-01
 18   80 2.75940e-01
 18   82 2.69780e-01
 18   84 2.55868e-01
 18   86 2.42591e-01
 18   88 1.39117e-01
 18   90 2.05344e-01
 19    1 2.42234e-02
 19    3 1.37296e-01
 19    5 2.72237e-01
 19    7 3.84380e-01
 19    9 5.60770e-01
 19   11 6.95385e-01
 19   13 1.01393e+00
 19   15 2.45004e+00
 19   17 7.04241e+00
 19   19 7.72290e+01
 19   21 6.98057e+00
 19   23 2.52979e+00
 19   25 1.07578e+00
 19   27 7.71123e-01
 19   29 5.88105e-01
 19   31 4.69744e-01
 19   33 4.89413e-01
 19   35 4.18222e-01
 19   37 3.83952e-01
 19   39 3.86334e-01
 19   41 3.60307e-01
 19   43 3.23624e-01
 19   45 3.10569e-01
 19   47 3.19505e-01
 19   49 3.04190e-01
 19   51 2.81743e-01
 19   53 2.53998e-01
 19   55 2.49274e-01
 19   57 2.41570e-01
 19   59 2.33984e-01
 19   61 2.30841e-01
 19   63 2.46370e-01
 19   65 2.21387e-01
 19   67 2.36457e-01
 19   69 2.19548e-01
 19   71 2.30166e-01
 19   73 2.19064e-01
 19   75 2.43365e-01
 19   77 2.71024e-01
 19   79 2.14437e-01
 19   81 2.62223e-01
 19   83 2.12920e-01
 19   85 2.44595e-01
 19   87 2.24445e-01
 19   89 1.29518e-01
 19   91 1.85215e-01
 20    2 7.17617e-02
 20    4 1.84571e-01
 20    6 3.00363e-01
 20    8 4.19941e-01
 20   10 5.35929e-01
 20   12 6.61649e-01
 20   14 9.78174e-01
 20   16 2.36167e+00
 20   18 6.66676e+00
 20   20 7.30712e+01
 20   22 6.58829e+00
 20   24 2.41902e+00
 20   26 1.02140e+00
 20   28 7.27798e-01
 20   30 5.69527e-01
 20   32 4.57385e-01
 20   34 4.67936e-01
 20   36 4.31296e-01
 20   38 3.75377e-01
 20   40 3.58035e-01
 20   42 3.55274e-01
 20   44 3.13002e-01
 20   46 3.08203e-01
 20   48 3.15051e-01
 20   50 2.88320e-01
 20   52 2.37231e-01
 20   54 2.30982e-01
 20   56 2.19802e-01
 20   58 2.36146e-01
 20   60 2.33502e-01
 20   62 2.24609e-01
 20   64 2.08430e-01
 20   66 2.17156e-01
 20   68 1.84322e-01
 20   70 2.30851e-01
 20   72 2.19064e-01
 20   74 2.32925e-01
 20   76 2.42975e-01
 20   78 2.16002e-01
 20   80 2.64698e-01
 20   82 1.95466e-01
 20   84 2.44639e-01
 20   86 2.16838e-01
 20   88 1.22823e-01
 20   90 2.17186e-01
 21    1 2.47186e-02
 21    3 1.21817e-01
 21    5 2.17575e-01
 21    7 3.31563e-01
 21    9 4.31713e-01
 21   11 4.88076e-01
 21   13 6.39451e-01
 21   15 9.47900e-01
 21   17 2.27281e+00
 21   19 6.31226e+00
 21   21 6.93099e+01
 21   23 6.26299e+00
 21   25 2.30301e+00
 21   27 9.74284e-01
 21   29 7.01365e-01
 21   31 5.31176e-01
 21   33 4.43267e-01
 21   35 4.58179e-01
 21   37 4.14024e-01
 21   39 3.52594e-01
 21   41 3.42384e-01
 21   43 3.32513e-01
 21   45 3.07338e-01
 21   47 2.96831e-01
 21   49 2.95831e-01
 21   51 2.30758e-01
 21   53 2.28872e-01
 21   55 2.12266e-01
 21   57 2.14135e-01
 21   59 2.26549e-01
 21   61 2.12049e-01
 21   63 2.08657e-01
 21   65 1.87341e-01
 21   67 2.02279e-01
 21   69 1.82860e-01
 21   71 2.17031e-01
 21   73 1.96426e-01
 21   75 2.23636e-01
 21   77 2.21372e-01
 21   79 2.02576e-01
 21   81 2.30160e-01
 21   83 1.90692e-01
 21   85 2.17155e-01
 21   87 2.00102e-01
 21   89 1.22241e-01
 21   91 1.72162e-01
 22    2 6.81612e-02
 22    4 1.52034e-01
 22    6 2.48800e-01
 22    8 3.59528e-01
 22   10 4.18991e-01
 22   12 4.90014e-01
 22   14 6.19374e-01
 22   16 9.15649e-01
 22   18 2.17616e+00
 22   20 5.98812e+00
 22   22 6.60044e+01
 22   24 5.94288e+00
 22   26 2.18642e+00
 22   28 9.25639e-01
 22   30 6.75170e-01
 22   32 5.16488e-01
 22   34 4.33934e-01
 22   36 4.28668e-01
 22   38 4.00097e-01
 22   40 3.50651e-01
 22   42 3.45286e-01
 22   44 3.31241e-01
 22   46 2.77629e-01
 22   48 2.75652e-01
 22   50 2.40880e-01
 22   52 2.33183e-01
 22   54 2.16863e-01
 22   56 2.07520e-01
 22   58 2.08345e-01
 22   60 2.05045e-01
 22   62 2.06071e-01
 22   64 1.82265e-01
 22   66 1.88200e-01
 22   68 1.61491e-01
 22   70 2.43963e-01
 22   72 1.78614e-01
 22   74 2.01004e-01
 22   76 2.02813e-01
 22   78 1.76402e-01
 22   80 2.45264e-01
 22   82 1.95889e-01
 22   84 2.17797e-01
 22   86 1.93613e-01
 22   88 1.28700e-01
 22   90 1.65851e-01
 23    1 2.18017e-02
 23    3 1.06237e-01
 23    5 1.85833e-01
 23    7 2.82573e-01
 23    9 3.92294e-01
 23   11 3.83676e-01
 23   13 4.60643e-01
 23   15 5.97444e-01
 23   17 8.81355e-01
 23   19 2.08890e+00
 23   21 5.71901e+00
 23   23 6.29505e+01
 23   25 5.64765e+00
 23   27 2.07971e+00
 23   29 8.75150e-01
 23   31 6.39566e-01
 23   33 4.95817e-01
 23   35 4.24037e-01
 23   37 4.15782e-01
 23   39 3.84361e-01
 23   41 3.34435e-01
 23   43 3.24231e-01
 23   45 3.12893e-01
 23   47 2.59912e-01
 23   49 2.48070e-01
 23   51 2.15072e-01
 23   53 2.13873e-01
 23   55 2.16429e-01
 23   57 2.06096e-01
 23   59 1.99262e-01
 23   61 1.81887e-01
 23   63 1.80136e-01
 23   65 1.71065e-01
 23   67 1.85024e-01
 23   69 1.55482e-01
 23   71 2.14940e-01
 23   73 1.66146e-01
 23   75 1.96819e-01
 23   77 1.79357e-01
 23   79 1.84981e-01
 23   81 2.26531e-01
 23   83 1.69894e-01
 23   85 2.08714e-01
 23   87 1.68787e-01
 23   89 1.13773e-01
 23   91 1.67956e-01
 24    2 5.77893e-02
 24    4 1.36187e-01
 24    6 2.05616e-01
 24    8 3.00578e-01
 24   10 3.57058e-01
 24   12 3.74238e-01
 24   14 4.50784e-01
 24   16 5.83586e-01
 24   18 8.54922e-01
 24   20 2.01624e+00
 24   22 5.44981e+00
 24   24 6.01765e+01
 24   26 5.39077e+00
 24   28 1.99924e+00
 24   30 8.46652e-01
 24   32 6.15749e-01
 24   34 4.76534e-01
 24   36 3.91765e-01
 24   38 4.03511e-01
 24   40 3.79779e-01
 24   42 3.29708e-01
 24   44 2.99957e-01
 24   46 2.95181e-01
 24   48 2.56021e-01
 24   50 2.27699e-01
 24   52 2.16840e-01
 24   54 2.06520e-01
 24   56 1.98838e-01
 24   58 1.96037e-01
 24   60 1.93046e-01
 24   62 1.71592e-01
 24   64 1.64066e-01
 24   66 1.84690e-01
 24   68 1.76860e-01
 24   70 1.87462e-01
 24   72 1.69624e-01
 24   74 1.91102e-01
 24   76 1.81395e-01
 24   78 1.63331e-01
 24   80 2.38199e-01
 24   82 1.60785e-01
 24   84 2.01519e-01
 24   86 1.73015e-01
 24   88 1.11456e-01
 24   90 1.47831e-01
 25    1 1.65982e-02
 25    3 9.07161e-02
 25    5 1.66315e-01
 25    7 2.29780e-01
 25    9 3.22931e-01
 25   11 3.47128e-01
 25   13 3.55786e-01
 25   15 4.24303e-01
 25   17 5.73707e-01
 25   19 8.17772e-01
 25   21 1.93602e+00
 25   23 5.19930e+00
 25   25 5.76997e+01
 25   27 5.17669e+00
 25   29 1.90696e+00
 25   31 7.93812e-01
 25   33 5.92990e-01
 25   35 4.81152e-01
 25   37 3.72600e-01
 25   39 3.84012e-01
 25   41 3.58874e-01
 25   43 3.26452e-01
 25   45 2.86055e-01
 25   47 2.54790e-01
 25   49 2.26999e-01
 25   51 2.03294e-01
 25   53 2.07447e-01
 25   55 2.03066e-01
 25   57 1.87108e-01
 25   59 1.77385e-01
 25   61 1.61495e-01
 25   63 1.50312e-01
 25   65 1.56823e-01
 25   67 1.83380e-01
 25   69 1.62382e-01
 25   71 1.96540e-01
 25   73 1.48795e-01
 25   75 1.77512e-01
 25   77 1.70181e-01
 25   79 1.52345e-01
 25   81 2.14229e-01
 25   83 1.55660e-01
 25   85 1.94064e-01
 25   87 1.56008e-01
 25   89 1.16859e-01
 25   91 1.40804e-01
 26    2 4.87672e-02
 26    4 1.15011e-01
 26    6 1.83775e-01
 26    8 2.49357e-01
 26   10 3.03328e-01
 26   12 3.34769e-01
 26   14 3.51328e-01
 26   16 4.13441e-01
 26   18 5.47384e-01
 26   20 7.86558e-01
 26   22 1.85248e+00
 26   24 4.98064e+00
 26   26 5.53806e+01
 26   28 4.95643e+00
 26   30 1.80596e+00
 26   32 7.66822e-01
 26   34 5.78249e-01
 26   36 4.64503e-01
 26   38 3.63275e-01
 26   40 3.77066e-01
 26   42 3.42947e-01
 26   44 2.98039e-01
 26   46 2.65558e-01
 26   48 2.67142e-01
 26   50 2.26028e-01
 26   52 2.08012e-01
 26   54 1.95493e-01
 26   56 1.82364e-01
 26   58 1.76656e-01
 26   60 1.66639e-01
 26   62 1.64407e-01
 26   64 1.70059e-01
 26   66 1.87322e-01
 26   68 1.70248e-01
 26   70 1.87581e-01
 26   72 1.50590e-01
 26   74 1.82185e-01
 26   76 1.66735e-01
 26   78 1.46540e-01
 26   80 2.06736e-01
 26   82 1.36603e-01
 26   84 1.86423e-01
 26   86 1.46398e-01
 26   88 1.10002e-01
 26   90 1.34498e-01
 27    1 1.37072e-02
 27    3 7.34031e-02
 27    5 1.40683e-01
 27    7 2.08756e-01
 27    9 2.63406e-01
 27   11 2.83304e-01
 27   13 3.22097e-01
 27   15 3.33060e-01
 27   17 3.98003e-01
 27   19 5.43384e-01
 27   21 7.59233e-01
 27   23 1.77482e+00
 27   25 4.79873e+00
 27   27 5.33131e+01
 27   29 4.74611e+00
 27   31 1.74418e+00
 27   33 7.38146e-01
 27   35 5.57600e-01
 27   37 4.35355e-01
 27   39 3.45404e-01
 27   41 3.76569e-01
 27   43 3.21080e-01
 27   45 2.63274e-01
 27   47 2.58693e-01
 27   49 2.50768e-01
 27   51 2.13487e-01
 27   53 1.86135e-01
 27   55 1.88484e-01
 27   57 1.67103e-01
 27   59 1.58176e-01
 27   61 1.61313e-01
 27   63 1.55194e-01
 27   65 1.66059e-01
 27   67 1.74573e-01
 27   69 1.66476e-01
 27   71 1.57964e-01
 27   73 1.49043e-01
 27   75 1.67799e-01
 27   77 1.62246e-01
 27   79 1.40094e-01
 27   81 2.01285e-01
 27   83 1.31409e-01
 27   85 1.61947e-01
 27   87 1.44614e-01
 27   89 9.25577e-02
 27   91 1.33095e-01
 28    2 4.19553e-02
 28    4 9.54236e-02
 28    6 1.60486e-01
 28    8 2.25832e-01
 28   10 2.55717e-01
 28   12 2.73255e-01
 28   14 3.16053e-01
 28   16 3.24058e-01
 28   18 3.91629e-01
 28   20 5.21141e-01
 28   22 7.29236e-01
 28   24 1.71754e+00
 28   26 4.60868e+00
 28   28 5.13480e+01
 28   30 4.57180e+00
 28   32 1.67510e+00
 28   34 7.07156e-01
 28   36 5.33761e-01
 28   38 4.34229e-01
 28   40 3.32636e-01
 28   42 3.48166e-01
 28   44 2.97287e-01
 28   46 2.58770e-01
 28   48 2.52558e-01
 28   50 2.28247e-01
 28   52 1.95416e-01
 28   54 1.85078e-01
 28   56 1.81580e-01
 28   58 1.58216e-01
 28   60 1.63027e-01
 28   62 1.69415e-01
 28   64 1.79358e-01
 28   66 1.66352e-01
 28   68 1.42955e-01
 28   70 1.63926e-01
 28   72 1.59033e-01
 28   74 1.72271e-01
 28   76 1.52665e-01
 28   78 1.42777e-01
 28   80 1.73590e-01
 28   82 1.49976e-01
 28   84 1.46647e-01
 28   86 1.43747e-01
 28   88 9.83081e-02
 28   90 1.34124e-01
 29    1 1.37569e-02
 29    3 6.46279e-02
 29    5 1.15622e-01
 29    7 1.79239e-01
 29    9 2.37777e-01
 29   11 2.38205e-01
 29   13 2.59972e-01
 29   15 2.98771e-01
 29   17 3.14643e-01
 29   19 3.86444e-01
 29   21 5.09662e-01
 29   23 6.96436e-01
 29   25 1.64840e+00
 29   27 4.42574e+00
 29   29 4.96293e+01
 29   31 4.41526e+00
 29   33 1.59754e+00
 29   35 6.60419e-01
 29   37 5.20033e-01
 29   39 4.08682e-01
 29   41 3.14619e-01
 29   43 3.17699e-01
 29   45 2.94958e-01
 29   47 2.46753e-01
 29   49 2.32614e-01
 29   51 2.20862e-01
 29   53 2.05971e-01
 29   55 1.77188e-01
 29   57 1.63869e-01
 29   59 1.48231e-01
 29   61 1.64392e-01
 29   63 1.64273e-01
 29   65 1.65549e-01
 29   67 1.56240e-01
 29   69 1.52326e-01
 29   71 1.55150e-01
 29   73 1.53388e-01
 29   75 1.63632e-01
 29   77 1.45249e-01
 29   79 1.35291e-01
 29   81 1.65818e-01
 29   83 1.24738e-01
 29   85 1.45875e-01
 29   87 1.26227e-01
 29   89 9.14470e-02
 29   91 1.23634e-01
 30    2 3.74299e-02
 30    4 8.37910e-02
 30    6 1.34711e-01
 30    8 1.96496e-01
 30   10 2.29359e-01
 30   12 2.37656e-01
 30   14 2.61339e-01
 30   16 2.97903e-01
 30   18 3.06099e-01
 30   20 3.81298e-01
 30   22 4.97330e-01
 30   24 6.80068e-01
 30   26 1.57008e+00
 30   28 4.27457e+00
 30   30 4.79704e+01
 30   32 4.25052e+00
 30   34 1.53395e+00
 30   36 6.47347e-01
 30   38 5.07624e-01
 30   40 3.83456e-01
 30   42 2.91321e-01
 30   44 2.98416e-01
 30   46 2.89040e-01
 30   48 2.24824e-01
 30   50 2.36698e-01
 30   52 2.11695e-01
 30   54 1.83012e-01
 30   56 1.67328e-01
 30   58 1.65541e-01
 30   60 1.74618e-01
 30   62 1.65311e-01
 30   64 1.61579e-01
 30   66 1.49770e-01
 30   68 1.41623e-01
 30   70 1.52899e-01
 30   72 1.60962e-01
 30   74 1.55161e-01
 30   76 1.41330e-01
 30   78 1.36584e-01
 30   80 1.56939e-01
 30   82 1.35489e-01
 30   84 1.29960e-01
 30   86 1.15052e-01
 30   88 8.53830e-02
 30   90 1.21061e-01
 31    1 1.09085e-02
 31    3 6.04119e-02
 31    5 1.08522e-01
 31    7 1.52501e-01
 31    9 2.13529e-01
 31   11 2.21616e-01
 31   13 2.26605e-01
 31   15 2.51833e-01
 31   17 2.84992e-01
 31   19 2.89321e-01
 31   21 3.61796e-01
 31   23 4.77058e-01
 31   25 6.43172e-01
 31   27 1.52449e+00
 31   29 4.13850e+00
 31   31 4.64856e+01
 31   33 4.08974e+00
 31   35 1.47684e+00
 31   37 6.20409e-01
 31   39 4.86108e-01
 31   41 3.61914e-01
 31   43 2.76553e-01
 31   45 2.93003e-01
 31   47 2.72796e-01
 31   49 2.25080e-01
 31   51 2.18595e-01
 31   53 2.05388e-01
 31   55 1.74674e-01
 31   57 1.52407e-01
 31   59 1.61135e-01
 31   61 1.71664e-01
 31   63 1.60319e-01
 31   65 1.55972e-01
 31   67 1.40476e-01
 31   69 1.33729e-01
 31   71 1.50367e-01
 31   73 1.42613e-01
 31   75 1.49531e-01
 31   77 1.31495e-01
 31   79 1.40086e-01
 31   81 1.40806e-01
 31   83 1.26594e-01
 31   85 1.25728e-01
 31   87 1.13308e-01
 31   89 8.40021e-02
 31   91 1.14972e-01
 32    2 3.30706e-02
 32    4 7.92818e-02
 32    6 1.22811e-01
 32    8 1.66280e-01
 32   10 2.12084e-01
 32   12 2.15515e-01
 32   14 2.12116e-01
 32   16 2.45520e-01
 32   18 2.75601e-01
 32   20 2.87695e-01
 32   22 3.57432e-01
 32   24 4.64679e-01
 32   26 6.26338e-01
 32   28 1.47145e+00
 32   30 3.99340e+00
 32   32 4.50127e+01
 32   34 3.96595e+00
 32   36 1.42509e+00
 32   38 5.82036e-01
 32   40 4.72310e-01
 32   42 3.48787e-01
 32   44 2.62366e-01
 32   46 2.83000e-01
 32   48 2.64798e-01
 32   50 2.24143e-01
 32   52 2.10438e-01
 32   54 2.00819e-01
 32   56 1.96568e-01
 32   58 1.74054e-01
 32   60 1.73607e-01
 32   62 1.51394e-01
 32   64 1.50859e-01
 32   66 1.43312e-01
 32   68 1.45064e-01
 32   70 1.58864e-01
 32   72 1.30849e-01
 32   74 1.38823e-01
 32   76 1.16317e-01
 32   78 1.26565e-01
 32   80 1.33990e-01
 32   82 1.18507e-01
 32   84 1.19858e-01
 32   86 1.00668e-01
 32   88 9.37985e-02
 32   90 1.07921e-01
 33    1 9.84821e-03
 33    3 4.78468e-02
 33    5 9.22614e-02
 33    7 1.38495e-01
 33    9 1.83082e-01
 33   11 1.99421e-01
 33   13 2.11357e-01
 33   15 2.11576e-01
 33   17 2.40613e-01
 33   19 2.83823e-01
 33   21 2.84279e-01
 33   23 3.48226e-01
 33   25 4.52387e-01
 33   27 6.07479e-01
 33   29 1.40991e+00
 33   31 3.85079e+00
 33   33 4.37175e+01
 33   35 3.83290e+00
 33   37 1.37002e+00
 33   39 5.51150e-01
 33   41 4.44785e-01
 33   43 3.38531e-01
 33   45 2.52920e-01
 33   47 2.68621e-01
 33   49 2.60472e-01
 33   51 2.13991e-01
 33   53 1.93282e-01
 33   55 1.93226e-01
 33   57 1.83782e-01
 33   59 1.76397e-01
 33   61 1.57669e-01
 33   63 1.47538e-01
 33   65 1.37141e-01
 33   67 1.24977e-01
 33   69 1.42671e-01
 33   71 1.60618e-01
 33   73 1.27994e-01
 33   75 1.25937e-01
 33   77 1.17944e-01
 33   79 1.27889e-01
 33   81 1.33101e-01
 33   83 1.09916e-01
 33   85 1.10610e-01
 33   87 1.05442e-01
 33   89 8.18239e-02
 33   91 1.02568e-01
 34    2 3.00875e-02
 34    4 6.86142e-02
 34    6 1.10415e-01
 34    8 1.48972e-01
 34   10 1.75690e-01
 34   12 1.94052e-01
 34   14 2.08763e-01
 34   16 2.07109e-01
 34   18 2.38786e-01
 34   20 2.77709e-01
 34   22 2.83341e-01
 34   24 3.39308e-01
 34   26 4.45636e-01
 34   28 5.86102e-01
 34   30 1.35976e+00
 34   32 3.74196e+00
 34   34 4.24567e+01
 34   36 3.70428e+00
 34   38 1.30586e+00
 34   40 5.35269e-01
 34   42 4.19293e-01
 34   44 3.40704e-01
 34   46 2.44737e-01
 34   48 2.68109e-01
 34   50 2.53579e-01
 34   52 2.04261e-01
 34   54 2.15122e-01
 34   56 2.11697e-01
 34   58 1.88151e-01
 34   60 1.64266e-01
 34   62 1.51722e-01
 34   64 1.41604e-01
 34   66 1.30669e-01
 34   68 1.48156e-01
 34   70 1.34540e-01
 34   72 1.24679e-01
 34   74 1.22064e-01
 34   76 1.10735e-01
 34   78 1.08556e-01
 34   80 1.19125e-01
 34   82 1.04059e-01
 34   84 1.03460e-01
 34   86 9.31357e-02
 34   88 8.36218e-02
 34   90 9.62822e-02
 35    1 9.68877e-03
 35    3 4.74628e-02
 35    5 8.32137e-02
 35    7 1.25717e-01
 35    9 1.61582e-01
 35   11 1.69718e-01
 35   13 1.93226e-01
 35   15 2.02783e-01
 35   17 2.00000e-01
 35   19 2.29286e-01
 35   21 2.77787e-01
 35   23 2.81541e-01
 35   25 3.47011e-01
 35   27 4.33822e-01
 35   29 5.51009e-01
 35   31 1.31458e+00
 35   33 3.62349e+00
 35   35 4.12892e+01
 35   37 3.57649e+00
 35   39 1.25118e+00
 35   41 5.01708e-01
 35   43 4.12644e-01
 35   45 3.21696e-01
 35   47 2.37293e-01
 35   49 2.53657e-01
 35   51 2.40275e-01
 35   53 1.98691e-01
 35   55 1.97159e-01
 35   57 2.03722e-01
 35   59 1.70771e-01
 35   61 1.62733e-01
 35   63 1.40219e-01
 35   65 1.27450e-01
 35   67 1.27619e-01
 35   69 1.44070e-01
 35   71 1.37126e-01
 35   73 1.18283e-01
 35   75 1.19014e-01
 35   77 9.96429e-02
 35   79 1.05933e-01
 35   81 1.16250e-01
 35   83 1.03558e-01
 35   85 9.91554e-02
 35   87 8.86034e-02
 35   89 7.96302e-02
 35   91 1.04321e-01
 36    2 2.86772e-02
 36    4 6.13143e-02
 36    6 9.88195e-02
 36    8 1.41814e-01
 36   10 1.62798e-01
 36   12 1.72721e-01
 36   14 1.87830e-01
 36   16 1.94966e-01
 36   18 1.99133e-01
 36   20 2.42425e-01
 36   22 2.65097e-01
 36   24 2.64195e-01
 36   26 3.39042e-01
 36   28 4.18990e-01
 36   30 5.43487e-01
 36   32 1.27348e+00
 36   34 3.50835e+00
 36   36 4.01719e+01
 36   38 3.46165e+00
 36   40 1.20492e+00
 36   42 4.91772e-01
 36   44 3.98840e-01
 36   46 3.10425e-01
 36   48 2.30581e-01
 36   50 2.48947e-01
 36   52 2.49522e-01
 36   54 2.13402e-01
 36   56 2.02294e-01
 36   58 1.91183e-01
 36   60 1.59614e-01
 36   62 1.45571e-01
 36   64 1.51564e-01
 36   66 1.36400e-01
 36   68 1.26353e-01
 36   70 1.18570e-01
 36   72 1.20320e-01
 36   74 1.21510e-01
 36   76 9.89665e-02
 36   78 1.03286e-01
 36   80 1.12183e-01
 36   82 9.94176e-02
 36   84 9.33265e-02
 36   86 8.83307e-02
 36   88 8.18356e-02
 36   90 9.57577e-02
 37    1 8.46133e-03
 37    3 4.19250e-02
 37    5 7.60117e-02
 37    7 1.13422e-01
 37    9 1.62117e-01
 37   11 1.56796e-01
 37   13 1.66575e-01
 37   15 1.79355e-01
 37   17 1.85332e-01
 37   19 1.99713e-01
 37   21 2.38156e-01
 37   23 2.61916e-01
 37   25 2.54954e-01
 37   27 3.21358e-01
 37   29 4.11651e-01
 37   31 5.23948e-01
 37   33 1.22881e+00
 37   35 3.39325e+00
 37   37 3.91369e+01
 37   39 3.35098e+00
 37   41 1.17166e+00
 37   43 4.77719e-01
 37   45 3.84735e-01
 37   47 2.94935e-01
 37   49 2.12123e-01
 37   51 2.45315e-01
 37   53 2.37341e-01
 37   55 2.09847e-01
 37   57 1.89402e-01
 37   59 1.75820e-01
 37   61 1.62906e-01
 37   63 1.32766e-01
 37   65 1.45562e-01
 37   67 1.33656e-01
 37   69 1.26334e-01
 37   71 1.13862e-01
 37   73 1.20346e-01
 37   75 1.06809e-01
 37   77 9.97733e-02
 37   79 9.80266e-02
 37   81 1.07114e-01
 37   83 9.41306e-02
 37   85 9.20172e-02
 37   87 7.59741e-02
 37   89 8.71623e-02
 37   91 8.58780e-02
 38    2 2.45307e-02
 38    4 5.85495e-02
 38    6 9.60220e-02
 38    8 1.34631e-01
 38   10 1.51583e-01
 38   12 1.54679e-01
 38   14 1.59794e-01
 38   16 1.73801e-01
 38   18 1.83824e-01
 38   20 2.00515e-01
 38   22 2.35140e-01
 38   24 2.58603e-01
 38   26 2.51987e-01
 38   28 3.23932e-01
 38   30 4.05016e-01
 38   32 4.94286e-01
 38   34 1.17537e+00
 38   36 3.28973e+00
 38   38 3.81583e+01
 38   40 3.25604e+00
 38   42 1.14300e+00
 38   44 4.57524e-01
 38   46 3.71020e-01
 38   48 3.01196e-01
 38   50 2.19666e-01
 38   52 2.38303e-01
 38   54 2.37189e-01
 38   56 2.00769e-01
 38   58 1.79205e-01
 38   60 1.66407e-01
 38   62 1.50943e-01
 38   64 1.51329e-01
 38   66 1.22451e-01
 38   68 1.29499e-01
 38   70 1.13916e-01
 38   72 1.18884e-01
 38   74 1.09672e-01
 38   76 1.00457e-01
 38   78 1.03279e-01
 38   80 9.72069e-02
 38   82 9.53708e-02
 38   84 8.80469e-02
 38   86 8.55005e-02
 38   88 8.01780e-02
 38   90 8.31808e-02
 39    1 8.18378e-03
 39    3 3.82925e-02
 39    5 7.04822e-02
 39    7 1.12668e-01
 39    9 1.45060e-01
 39   11 1.51048e-01
 39   13 1.50209e-01
 39   15 1.56300e-01
 39   17 1.74311e-01
 39   19 1.91274e-01
 39   21 1.93051e-01
 39   23 2.30461e-01
 39   25 2.50107e-01
 39   27 2.42681e-01
 39   29 3.07926e-01
 39   31 3.90756e-01
 39   33 4.70531e-01
 39   35 1.12990e+00
 39   37 3.18958e+00
 39   39 3.72251e+01
 39   41 3.16913e+00
 39   43 1.09557e+00
 39   45 4.32112e-01
 39   47 3.53565e-01
 39   49 2.85951e-01
 39   51 2.18950e-01
 39   53 2.38491e-01
 39   55 2.26962e-01
 39   57 1.97167e-01
 39   59 1.75546e-01
 39   61 1.57976e-01
 39   63 1.44778e-01
 39   65 1.37961e-01
 39   67 1.24465e-01
 39   69 1.28230e-01
 39   71 1.13818e-01
 39   73 1.01891e-01
 39   75 1.10120e-01
 39   77 1.00562e-01
 39   79 9.83203e-02
 39   81 9.42624e-02
 39   83 1.00759e-01
 39   85 8.27467e-02
 39   87 7.64955e-02
 39   89 7.17651e-02
 39   91 8.77910e-02
 40    2 2.30215e-02
 40    4 5.29903e-02
 40    6 8.52927e-02
 40    8 1.20621e-01
 40   10 1.43290e-01
 40   12 1.47280e-01
 40   14 1.49576e-01
 40   16 1.55013e-01
 40   18 1.71917e-01
 40   20 1.82314e-01
 40   22 1.96450e-01
 40   24 2.32018e-01
 40   26 2.49330e-01
 40   28 2.36548e-01
 40   30 2.91648e-01
 40   32 3.82358e-01
 40   34 4.59265e-01
 40   36 1.09157e+00
 40   38 3.10387e+00
 40   40 3.63762e+01
 40   42 3.08552e+00
 40   44 1.06088e+00
 40   46 4.23071e-01
 40   48 3.54997e-01
 40   50 2.80705e-01
 40   52 2.12920e-01
 40   54 2.27649e-01
 40   56 2.22066e-01
 40   58 1.79614e-01
 40   60 1.65727e-01
 40   62 1.55924e-01
 40   64 1.31217e-01
 40   66 1.22880e-01
 40   68 1.32688e-01
 40   70 1.18093e-01
 40   72 1.02400e-01
 40   74 1.06200e-01
 40   76 1.05809e-01
 40   78 9.68781e-02
 40   80 1.02664e-01
 40   82 8.81379e-02
 40   84 8.52647e-02
 40   86 8.02715e-02
 40   88 7.55699e-02
 40   90 8.50891e-02
 41    1 7.22841e-03
 41    3 3.86918e-02
 41    5 6.70290e-02
 41    7 9.78705e-02
 41    9 1.30873e-01
 41   11 1.38780e-01
 41   13 1.42638e-01
 41   15 1.44440e-01
 41   17 1.52427e-01
 41   19 1.70294e-01
 41   21 1.78956e-01
 41   23 1.91429e-01
 41   25 2.23131e-01
 41   27 2.52574e-01
 41   29 2.26298e-01
 41   31 2.77725e-01
 41   33 3.62497e-01
 41   35 4.32521e-01
 41   37 1.06464e+00
 41   39 3.02536e+00
 41   41 3.55026e+01
 41   43 2.98256e+00
 41   45 1.02362e+00
 41   47 4.08463e-01
 41   49 3.46622e-01
 41   51 2.85986e-01
 41   53 2.02255e-01
 41   55 2.21042e-01
 41   57 2.18478e-01
 41   59 1.76461e-01
 41   61 1.65114e-01
 41   63 1.46504e-01
 41   65 1.30352e-01
 41   67 1.19877e-01
 41   69 1.19271e-01
 41   71 1.09755e-01
 41   73 9.98784e-02
 41   75 1.05720e-01
 41   77 9.51251e-02
 41   79 9.55466e-02
 41   81 9.84501e-02
 41   83 8.26512e-02
 41   85 8.33117e-02
 41   87 7.62283e-02
 41   89 7.42468e-02
 41   91 7.85817e-02
 42    2 2.08374e-02
 42    4 5.20738e-02
 42    6 8.03904e-02
 42    8 1.10747e-01
 42   10 1.30950e-01
 42   12 1.36934e-01
 42   14 1.38708e-01
 42   16 1.42467e-01
 42   18 1.53944e-01
 42   20 1.72937e-01
 42   22 1.84920e-01
 42   24 1.92553e-01
 42   26 2.16777e-01
 42   28 2.36682e-01
 42   30 2.11810e-01
 42   32 2.69919e-01
 42   34 3.43905e-01
 42   36 4.25878e-01
 42   38 1.04158e+00
 42   40 2.94956e+00
 42   42 3.47296e+01
 42   44 2.89329e+00
 42   46 9.95848e-01
 42   48 4.04010e-01
 42   50 3.48383e-01
 42   52 2.73238e-01
 42   54 2.00121e-01
 42   56 2.12101e-01
 42   58 2.10664e-01
 42   60 1.70150e-01
 42   62 1.49273e-01
 42   64 1.38893e-01
 42   66 1.43435e-01
 42   68 1.22533e-01
 42   70 1.06043e-01
 42   72 1.07710e-01
 42   74 9.99529e-02
 42   76 8.65496e-02
 42   78 1.01724e-01
 42   80 9.47564e-02
 42   82 8.69260e-02
 42   84 8.61425e-02
 42   86 7.97487e-02
 42   88 7.81117e-02
 42   90 8.23937e-02
 43    1 6.60219e-03
 43    3 3.63376e-02
 43    5 6.61870e-02
 43    7 9.54422e-02
 43    9 1.26260e-01
 43   11 1.25493e-01
 43   13 1.28321e-01
 43   15 1.34124e-01
 43   17 1.42528e-01
 43   19 1.46408e-01
 43   21 1.66357e-01
 43   23 1.77642e-01
 43   25 1.94282e-01
 43   27 2.06136e-01
 43   29 2.18730e-01
 43   31 2.03135e-01
 43   33 2.64089e-01
 43   35 3.40510e-01
 43   37 4.15497e-01
 43   39 1.00109e+00
 43   41 2.85487e+00
 43   43 3.39243e+01
 43   45 2.81796e+00
 43   47 9.64941e-01
 43   49 3.95909e-01
 43   51 3.30442e-01
 43   53 2.62295e-01
 43   55 1.92224e-01
 43   57 2.02395e-01
 43   59 2.10784e-01
 43   61 1.63807e-01
 43   63 1.46156e-01
 43   65 1.31350e-01
 43   67 1.33386e-01
 43   69 1.15946e-01
 43   71 1.14611e-01
 43   73 9.69039e-02
 43   75 9.28580e-02
 43   77 8.92573e-02
 43   79 1.00231e-01
 43   81 1.01829e-01
 43   83 8.60398e-02
 43   85 8.17206e-02
 43   87 7.94659e-02
 43   89 7.14615e-02
 43   91 8.58789e-02
 44    2 1.86450e-02
 44    4 4.99964e-02
 44    6 7.87081e-02
 44    8 1.13832e-01
 44   10 1.35320e-01
 44   12 1.27347e-01
 44   14 1.30279e-01
 44   16 1.38118e-01
 44   18 1.44723e-01
 44   20 1.46020e-01
 44   22 1.70016e-01
 44   24 1.67889e-01
 44   26 1.80552e-01
 44   28 1.93685e-01
 44   30 2.07939e-01
 44   32 1.94590e-01
 44   34 2.67817e-01
 44   36 3.31025e-01
 44   38 3.99575e-01
 44   40 9.71930e-01
 44   42 2.77289e+00
 44   44 3.32290e+01
 44   46 2.75395e+00
 44   48 9.39781e-01
 44   50 3.77642e-01
 44   52 3.17539e-01
 44   54 2.66001e-01
 44   56 2.01792e-01
 44   58 2.04758e-01
 44   60 1.85116e-01
 44   62 1.62338e-01
 44   64 1.43634e-01
 44   66 1.42876e-01
 44   68 1.29360e-01
 44   70 1.06979e-01
 44   72 1.03150e-01
 44   74 8.87299e-02
 44   76 8.83682e-02
 44   78 9.64485e-02
 44   80 9.15732e-02
 44   82 9.06797e-02
 44   84 7.64328e-02
 44   86 7.60009e-02
 44   88 7.40954e-02
 44   90 8.56871e-02
 45    1 7.15202e-03
 45    3 3.47098e-02
 45    5 6.07374e-02
 45    7 8.83701e-02
 45    9 1.23763e-01
 45   11 1.27874e-01
 45   13 1.27698e-01
 45   15 1.25152e-01
 45   17 1.32480e-01
 45   19 1.34817e-01
 45   21 1.47540e-01
 45   23 1.64494e-01
 45   25 1.63353e-01
 45   27 1.62185e-01
 45   29 1.94857e-01
 45   31 2.06509e-01
 45   33 1.89320e-01
 45   35 2.54719e-01
 45   37 3.21084e-01
 45   39 3.78872e-01
 45   41 9.40153e-01
 45   43 2.70394e+00
 45   45 3.25065e+01
 45   47 2.69155e+00
 45   49 9.13421e-01
 45   51 3.56660e-01
 45   53 3.13025e-01
 45   55 2.59126e-01
 45   57 1.94466e-01
 45   59 1.87327e-01
 45   61 1.89419e-01
 45   63 1.55610e-01
 45   65 1.39126e-01
 45   67 1.34523e-01
 45   69 1.15744e-01
 45   71 1.09516e-01
 45   73 1.05544e-01
 45   75 8.97170e-02
 45   77 8.53056e-02
 45   79 8.48544e-02
 45   81 9.15080e-02
 45   83 9.05400e-02
 45   85 7.68574e-02
 45   87 7.38928e-02
 45   89 7.07076e-02
 45   91 8.14086e-02
 46    2 2.00152e-02
 46    4 4.84606e-02
 46    6 7.64095e-02
 46    8 1.02172e-01
 46   10 1.21716e-01
 46   12 1.28648e-01
 46   14 1.27075e-01
 46   16 1.28826e-01
 46   18 1.30210e-01
 46   20 1.38123e-01
 46   22 1.36891e-01
 46   24 1.58713e-01
 46   26 1.54543e-01
 46   28 1.61956e-01
 46   30 1.93479e-01
 46   32 2.01634e-01
 46   34 1.84809e-01
 46   36 2.47504e-01
 46   38 3.11275e-01
 46   40 3.72346e-01
 46   42 9.16847e-01
 46   44 2.64557e+00
 46   46 3.18608e+01
 46   48 2.61437e+00
 46   50 8.85437e-01
 46   52 3.53004e-01
 46   54 3.11383e-01
 46   56 2.55595e-01
 46   58 1.76487e-01
 46   60 1.81640e-01
 46   62 1.91407e-01
 46   64 1.55495e-01
 46   66 1.39066e-01
 46   68 1.21887e-01
 46   70 1.10864e-01
 46   72 9.94923e-02
 46   74 9.48641e-02
 46   76 8.89282e-02
 46   78 8.96612e-02
 46   80 8.69796e-02
 46   82 7.97663e-02
 46   84 7.61111e-02
 46   86 7.48820e-02
 46   88 8.11327e-02
 46   90 8.01314e-02
 47    1 6.83068e-03
 47    3 3.32784e-02
 47    5 5.91518e-02
 47    7 8.47887e-02
 47    9 1.17452e-01
 47   11 1.19520e-01
 47   13 1.26098e-01
 47   15 1.28376e-01
 47   17 1.27251e-01
 47   19 1.33385e-01
 47   21 1.37040e-01
 47   23 1.31409e-01
 47   25 1.39928e-01
 47   27 1.53261e-01
 47   29 1.56769e-01
 47   31 1.84906e-01
 47   33 1.93374e-01
 47   35 1.80694e-01
 47   37 2.36716e-01
 47   39 2.98132e-01
 47   41 3.60791e-01
 47   43 8.90446e-01
 47   45 2.58849e+00
 47   47 3.12067e+01
 47   49 2.54020e+00
 47   51 8.61145e-01
 47   53 3.37575e-01
 47   55 2.98530e-01
 47   57 2.47292e-01
 47   59 1.71525e-01
 47   61 1.73887e-01
 47   63 1.87511e-01
 47   65 1.56437e-01
 47   67 1.28780e-01
 47   69 1.21641e-01
 47   71 1.03608e-01
 47   73 1.01154e-01
 47   75 8.73968e-02
 47   77 8.60990e-02
 47   79 8.65617e-02
 47   81 8.45735e-02
 47   83 8.02382e-02
 47   85 7.51597e-02
 47   87 6.94043e-02
 47   89 7.53890e-02
 47   91 8.16056e-02
 48    2 1.89837e-02
 48    4 4.43796e-02
 48    6 6.95947e-02
 48    8 9.77691e-02
 48   10 1.21289e-01
 48   12 1.24275e-01
 48   14 1.22353e-01
 48   16 1.19723e-01
 48   18 1.26103e-01
 48   20 1.35930e-01
 48   22 1.30851e-01
 48   24 1.32528e-01
 48   26 1.49672e-01
 48   28 1.52178e-01
 48   30 1.44886e-01
 48   32 1.81635e-01
 48   34 1.94914e-01
 48   36 1.76993e-01
 48   38 2.43279e-01
 48   40 3.00792e-01
 48   42 3.58099e-01
 48   44 8.69154e-01
 48   46 2.51695e+00
 48   48 3.05868e+01
 48   50 2.48412e+00
 48   52 8.43062e-01
 48   54 3.27122e-01
 48   56 2.84543e-01
 48   58 2.38727e-01
 48   60 1.69022e-01
 48   62 1.75451e-01
 48   64 1.75067e-01
 48   66 1.45287e-01
 48   68 1.25184e-01
 48   70 1.05918e-01
 48   72 1.02166e-01
 48   74 8.57306e-02
 48   76 1.00775e-01
 48   78 9.62568e-02
 48   80 8.92788e-02
 48   82 7.86356e-02
 48   84 7.21605e-02
 48   86 6.83336e-02
 48   88 7.47247e-02
 48   90 7.78824e-02
 49    1 6.82177e-03
 49    3 3.23512e-02
 49    5 5.79055e-02
 49    7 8.46721e-02
 49    9 1.09507e-01
 49   11 1.22082e-01
 49   13 1.21447e-01
 49   15 1.15217e-01
 49   17 1.13721e-01
 49   19 1.22385e-01
 49   21 1.31624e-01
 49   23 1.20872e-01
 49   25 1.20143e-01
 49   27 1.43177e-01
 49   29 1.42426e-01
 49   31 1.47029e-01
 49   33 1.80706e-01
 49   35 1.86149e-01
 49   37 1.64075e-01
 49   39 2.32372e-01
 49   41 2.95062e-01
 49   43 3.52091e-01
 49   45 8.46582e-01
 49   47 2.44806e+00
 49   49 2.99993e+01
 49   51 2.42205e+00
 49   53 8.23623e-01
 49   55 3.17052e-01
 49   57 2.84510e-01
 49   59 2.34178e-01
 49   61 1.66487e-01
 49   63 1.67725e-01
 49   65 1.68269e-01
 49   67 1.44144e-01
 49   69 1.24540e-01
 49   71 1.02496e-01
 49   73 9.23002e-02
 49   75 8.85884e-02
 49   77 8.51864e-02
 49   79 8.91971e-02
 49   81 8.41256e-02
 49   83 8.38574e-02
 49   85 7.05291e-02
 49   87 6.39408e-02
 49   89 7.64314e-02
 49   91 7.40692e-02
 50    2 1.81533e-02
 50    4 4.34464e-02
 50    6 6.98018e-02
 50    8 9.63034e-02
 50   10 1.15886e-01
 50   12 1.21017e-01
 50   14 1.18475e-01
 50   16 1.20025e-01
 50   18 1.18513e-01
 50   20 1.20003e-01
 50   22 1.10307e-01
 50   24 1.13704e-01
 50   26 1.22164e-01
 50   28 1.32672e-01
 50   30 1.47151e-01
 50   32 1.48317e-01
 50   34 1.77840e-01
 50   36 1.84342e-01
 50   38 1.71160e-01
 50   40 2.29443e-01
 50   42 2.97887e-01
 50   44 3.36926e-01
 50   46 8.22335e-01
 50   48 2.39639e+00
 50   50 2.94373e+01
 50   52 2.36495e+00
 50   54 7.92476e-01
 50   56 3.03316e-01
 50   58 2.80446e-01
 50   60 2.37802e-01
 50   62 1.62811e-01
 50   64 1.58349e-01
 50   66 1.63418e-01
 50   68 1.35138e-01
 50   70 1.12841e-01
 50   72 1.06360e-01
 50   74 9.80006e-02
 50   76 9.18268e-02
 50   78 8.74543e-02
 50   80 8.73876e-02
 50   82 7.97914e-02
 50   84 6.67972e-02
 50   86 6.81711e-02
 50   88 7.59236e-02
 50   90 7.20274e-02
 51    1 5.77282e-03
 51    3 2.93432e-02
 51    5 5.66447e-02
 51    7 8.52295e-02
 51    9 1.10154e-01
 51   11 1.10429e-01
 51   13 1.12476e-01
 51   15 1.17730e-01
 51   17 1.19178e-01
 51   19 1.09456e-01
 51   21 9.91394e-02
 51   23 1.01189e-01
 51   25 1.03896e-01
 51   27 1.17699e-01
 51   29 1.30579e-01
 51   31 1.37881e-01
 51   33 1.43353e-01
 51   35 1.70263e-01
 51   37 1.83223e-01
 51   39 1.71806e-01
 51   41 2.35073e-01
 51   43 2.83763e-01
 51   45 3.19192e-01
 51   47 8.01363e-01
 51   49 2.33874e+00
 51   51 2.89115e+01
 51   53 2.30509e+00
 51   55 7.68983e-01
 51   57 2.93164e-01
 51   59 2.70808e-01
 51   61 2.28571e-01
 51   63 1.68786e-01
 51   65 1.51843e-01
 51   67 1.58933e-01
 51   69 1.30959e-01
 51   71 1.03881e-01
 51   73 1.01975e-01
 51   75 9.30370e-02
 51   77 8.95941e-02
 51   79 8.99355e-02
 51   81 8.84544e-02
 51   83 7.69634e-02
 51   85 6.84727e-02
 51   87 6.53993e-02
 51   89 7.30129e-02
 51   91 7.47909e-02
 52    2 1.76790e-02
 52    4 4.31210e-02
 52    6 7.22414e-02
 52    8 9.95088e-02
 52   10 1.12488e-01
 52   12 1.14387e-01
 52   14 1.18869e-01
 52   16 1.12868e-01
 52   18 1.13668e-01
 52   20 9.54315e-02
 52   22 1.03205e-01
 52   24 1.04654e-01
 52   26 1.08660e-01
 52   28 1.09783e-01
 52   30 1.27198e-01
 52   32 1.34584e-01
 52   34 1.38453e-01
 52   36 1.78578e-01
 52   38 1.79460e-01
 52   40 1.68206e-01
 52   42 2.25807e-01
 52   44 2.73812e-01
 52   46 3.16864e-01
 52   48 7.86039e-01
 52   50 2.28572e+00
 52   52 2.84249e+01
 52   54 2.24129e+00
 52   56 7.49123e-01
 52   58 2.90551e-01
 52   60 2.62468e-01
 52   62 2.28003e-01
 52   64 1.58041e-01
 52   66 1.53035e-01
 52   68 1.51564e-01
 52   70 1.25011e-01
 52   72 1.09553e-01
 52   74 9.94978e-02
 52   76 9.55449e-02
 52   78 9.28512e-02
 52   80 7.95007e-02
 52   82 7.76919e-02
 52   84 6.51600e-02
 52   86 6.94908e-02
 52   88 7.28450e-02
 52   90 7.42870e-02
 53    1 5.34944e-03
 53    3 3.07540e-02
 53    5 5.67479e-02
 53    7 8.21700e-02
 53    9 1.07762e-01
 53   11 1.13033e-01
 53   13 1.09563e-01
 53   15 1.07334e-01
 53   17 1.03053e-01
 53   19 9.54563e-02
 53   21 9.51201e-02
 53   23 9.73411e-02
 53   25 1.02558e-01
 53   27 9.92700e-02
 53   29 1.17801e-01
 53   31 1.25323e-01
 53   33 1.25254e-01
 53   35 1.36202e-01
 53   37 1.71482e-01
 53   39 1.81032e-01
 53   41 1.60822e-01
 53   43 2.17891e-01
 53   45 2.70998e-01
 53   47 3.03887e-01
 53   49 7.69339e-01
 53   51 2.22986e+00
 53   53 2.79153e+01
 53   55 2.18828e+00
 53   57 7.26077e-01
 53   59 2.78671e-01
 53   61 2.51308e-01
 53   63 2.31008e-01
 53   65 1.55249e-01
 53   67 1.42929e-01
 53   69 1.45761e-01
 53   71 1.30818e-01
 53   73 1.05457e-01
 53   75 9.17990e-02
 53   77 9.40168e-02
 53   79 8.66298e-02
 53   81 8.28551e-02
 53   83 7.97317e-02
 53   85 7.07172e-02
 53   87 6.52512e-02
 53   89 7.60383e-02
 53   91 7.11382e-02
 54    2 1.95560e-02
 54    4 4.46813e-02
 54    6 6.93337e-02
 54    8 9.14723e-02
 54   10 1.07334e-01
 54   12 1.14976e-01
 54   14 1.08612e-01
 54   16 1.08893e-01
 54   18 9.39681e-02
 54   20 8.99629e-02
 54   22 9.29295e-02
 54   24 9.65043e-02
 54   26 9.88736e-02
 54   28 1.00669e-01
 54   30 1.06467e-01
 54   32 1.24348e-01
 54   34 1.41178e-01
 54   36 1.47871e-01
 54   38 1.72942e-01
 54   40 1.74123e-01
 54   42 1.60123e-01
 54   44 2.22078e-01
 54   46 2.70616e-01
 54   48 2.95299e-01
 54   50 7.41572e-01
 54   52 2.17002e+00
 54   54 2.74481e+01
 54   56 2.14520e+00
 54   58 7.08163e-01
 54   60 2.75469e-01
 54   62 2.49710e-01
 54   64 2.19584e-01
 54   66 1.51397e-01
 54   68 1.38993e-01
 54   70 1.39217e-01
 54   72 1.13680e-01
 54   74 9.81564e-02
 54   76 9.83531e-02
 54   78 9.05948e-02
 54   80 8.65602e-02
 54   82 8.12457e-02
 54   84 7.14812e-02
 54   86 6.52112e-02
 54   88 7.98660e-02
 54   90 7.28623e-02
 55    1 6.29167e-03
 55    3 3.23936e-02
 55    5 5.59055e-02
 55    7 7.91099e-02
 55    9 1.00592e-01
 55   11 1.07140e-01
 55   13 1.10999e-01
 55   15 1.04275e-01
 55   17 9.61545e-02
 55   19 9.07783e-02
 55   21 8.54853e-02
 55   23 9.54524e-02
 55   25 9.72820e-02
 55   27 9.74081e-02
 55   29 9.81989e-02
 55   31 1.03279e-01
 55   33 1.21338e-01
 55   35 1.30964e-01
 55   37 1.46919e-01
 55   39 1.66942e-01
 55   41 1.70315e-01
 55   43 1.54735e-01
 55   45 2.17385e-01
 55   47 2.60413e-01
 55   49 2.86979e-01
 55   51 7.20837e-01
 55   53 2.12048e+00
 55   55 2.69863e+01
 55   57 2.08789e+00
 55   59 6.90622e-01
 55   61 2.69964e-01
 55   63 2.35248e-01
 55   65 2.15212e-01
 55   67 1.55131e-01
 55   69 1.41277e-01
 55   71 1.41667e-01
 55   73 1.16056e-01
 55   75 9.74692e-02
 55   77 8.94876e-02
 55   79 9.17758e-02
 55   81 7.81404e-02
 55   83 7.65762e-02
 55   85 6.42078e-02
 55   87 6.13091e-02
 55   89 7.34742e-02
 55   91 7.31606e-02
 56    2 1.77301e-02
 56    4 4.20552e-02
 56    6 6.49502e-02
 56    8 8.95660e-02
 56   10 1.08148e-01
 56   12 1.09585e-01
 56   14 1.00276e-01
 56   16 8.33817e-02
 56   18 8.75086e-02
 56   20 8.30237e-02
 56   22 8.62406e-02
 56   24 9.01086e-02
 56   26 8.94483e-02
 56   28 9.57839e-02
 56   30 9.44038e-02
 56   32 1.18041e-01
 56   34 1.34736e-01
 56   36 1.35942e-01
 56   38 1.41967e-01
 56   40 1.64724e-01
 56   42 1.64585e-01
 56   44 1.63384e-01
 56   46 2.15424e-01
 56   48 2.49106e-01
 56   50 2.75263e-01
 56   52 7.03402e-01
 56   54 2.08042e+00
 56   56 2.65454e+01
 56   58 2.04411e+00
 56   60 6.85321e-01
 56   62 2.57601e-01
 56   64 2.25524e-01
 56   66 2.09318e-01
 56   68 1.50638e-01
 56   70 1.33120e-01
 56   72 1.36083e-01
 56   74 1.10294e-01
 56   76 1.06322e-01
 56   78 9.63935e-02
 56   80 8.23907e-02
 56   82 7.39752e-02
 56   84 6.89539e-02
 56   86 6.61900e-02
 56   88 8.17896e-02
 56   90 7.56695e-02
 57    1 6.74171e-03
 57    3 3.02729e-02
 57    5 5.31829e-02
 57    7 7.55682e-02
 57    9 1.03613e-01
 57   11 1.07425e-01
 57   13 1.03699e-01
 57   15 8.29139e-02
 57   17 7.93881e-02
 57   19 8.53839e-02
 57   21 8.37004e-02
 57   23 8.82206e-02
 57   25 8.69994e-02
 57   27 8.38171e-02
 57   29 8.81450e-02
 57   31 8.74620e-02
 57   33 1.12012e-01
 57   35 1.31340e-01
 57   37 1.28703e-01
 57   39 1.40759e-01
 57   41 1.63385e-01
 57   43 1.58128e-01
 57   45 1.58339e-01
 57   47 2.09369e-01
 57   49 2.49946e-01
 57   51 2.66722e-01
 57   53 6.82875e-01
 57   55 2.02645e+00
 57   57 2.61468e+01
 57   59 2.00436e+00
 57   61 6.64655e-01
 57   63 2.54823e-01
 57   65 2.25234e-01
 57   67 2.04656e-01
 57   69 1.48698e-01
 57   71 1.24003e-01
 57   73 1.30046e-01
 57   75 1.07542e-01
 57   77 9.58225e-02
 57   79 9.24188e-02
 57   81 8.51878e-02
 57   83 7.58897e-02
 57   85 6.14676e-02
 57   87 6.40918e-02
 57   89 7.77439e-02
 57   91 7.55407e-02
 58    2 2.18812e-02
 58    4 4.83166e-02
 58    6 6.80699e-02
 58    8 9.44256e-02
 58   10 1.07420e-01
 58   12 1.02954e-01
 58   14 9.52149e-02
 58   16 8.84560e-02
 58   18 8.37413e-02
 58   20 8.66390e-02
 58   22 8.41003e-02
 58   24 8.62915e-02
 58   26 8.41637e-02
 58   28 8.10657e-02
 58   30 9.07170e-02
 58   32 1.01523e-01
 58   34 1.16315e-01
 58   36 1.24790e-01
 58   38 1.23084e-01
 58   40 1.29413e-01
 58   42 1.58781e-01
 58   44 1.61031e-01
 58   46 1.44483e-01
 58   48 2.03001e-01
 58   50 2.47208e-01
 58   52 2.64994e-01
 58   54 6.67082e-01
 58   56 1.98548e+00
 58   58 2.57261e+01
 58   60 1.95463e+00
 58   62 6.46368e-01
 58   64 2.41488e-01
 58   66 2.12163e-01
 58   68 1.99931e-01
 58   70 1.37878e-01
 58   72 1.23495e-01
 58   74 1.24887e-01
 58   76 1.18942e-01
 58   78 9.67176e-02
 58   80 8.53377e-02
 58   82 7.51867e-02
 58   84 6.98103e-02
 58   86 6.27984e-02
 58   88 7.69000e-02
 58   90 7.76317e-02
 59    1 6.34379e-03
 59    3 3.11449e-02
 59    5 5.50957e-02
 59    7 7.70064e-02
 59    9 1.00387e-01
 59   11 1.00578e-01
 59   13 9.39112e-02
 59   15 9.02873e-02
 59   17 8.17936e-02
 59   19 8.03907e-02
 59   21 8.60773e-02
 59   23 8.29107e-02
 59   25 8.01728e-02
 59   27 7.71218e-02
 59   29 7.75046e-02
 59   31 8.98855e-02
 59   33 1.04505e-01
 59   35 1.07019e-01
 59   37 1.16134e-01
 59   39 1.21820e-01
 59   41 1.28275e-01
 59   43 1.60078e-01
 59   45 1.48263e-01
 59   47 1.41161e-01
 59   49 1.99977e-01
 59   51 2.39495e-01
 59   53 2.54764e-01
 59   55 6.51561e-01
 59   57 1.94833e+00
 59   59 2.53288e+01
 59   61 1.90531e+00
 59   63 6.36462e-01
 59   65 2.35861e-01
 59   67 2.06343e-01
 59   69 2.01429e-01
 59   71 1.40213e-01
 59   73 1.20147e-01
 59   75 1.18718e-01
 59   77 1.12714e-01
 59   79 9.95101e-02
 59   81 8.13529e-02
 59   83 7.81324e-02
 59   85 6.85210e-02
 59   87 6.29627e-02
 59   89 7.99212e-02
 59   91 6.90084e-02
 60    2 1.71992e-02
 60    4 4.06840e-02
 60    6 6.84516e-02
 60    8 9.23857e-02
 60   10 1.09077e-01
 60   12 1.04403e-01
 60   14 8.78795e-02
 60   16 7.75118e-02
 60   18 8.03933e-02
 60   20 8.33347e-02
 60   22 8.05131e-02
 60   24 8.26597e-02
 60   26 7.72279e-02
 60   28 8.12549e-02
 60   30 9.30838e-02
 60   32 9.85037e-02
 60   34 9.87828e-02
 60   36 1.01346e-01
 60   38 1.11180e-01
 60   40 1.16154e-01
 60   42 1.24751e-01
 60   44 1.41617e-01
 60   46 1.44650e-01
 60   48 1.39812e-01
 60   50 2.03907e-01
 60   52 2.32858e-01
 60   54 2.52420e-01
 60   56 6.47528e-01
 60   58 1.90137e+00
 60   60 2.49355e+01
 60   62 1.86058e+00
 60   64 6.12185e-01
 60   66 2.29613e-01
 60   68 2.01701e-01
 60   70 1.95518e-01
 60   72 1.45238e-01
 60   74 1.21074e-01
 60   76 1.28506e-01
 60   78 1.10924e-01
 60   80 8.92482e-02
 60   82 7.92970e-02
 60   84 6.94091e-02
 60   86 6.51314e-02
 60   88 8.75436e-02
 60   90 7.06807e-02
 61    1 5.05321e-03
 61    3 2.76901e-02
 61    5 5.26612e-02
 61    7 7.80718e-02
 61    9 9.99908e-02
 61   11 9.96598e-02
 61   13 9.66874e-02
 61   15 7.79330e-02
 61   17 7.50366e-02
 61   19 7.72045e-02
 61   21 7.84283e-02
 61   23 7.36716e-02
 61   25 7.10528e-02
 61   27 7.65624e-02
 61   29 8.36717e-02
 61   31 9.32161e-02
 61   33 9.09293e-02
 61   35 9.92738e-02
 61   37 1.04746e-01
 61   39 1.06716e-01
 61   41 1.16839e-01
 61   43 1.21098e-01
 61   45 1.45938e-01
 61   47 1.39304e-01
 61   49 1.38397e-01
 61   51 1.96774e-01
 61   53 2.23647e-01
 61   55 2.47931e-01
 61   57 6.28918e-01
 61   59 1.85471e+00
 61   61 2.45850e+01
 61   63 1.81785e+00
 61   65 6.01522e-01
 61   67 2.24920e-01
 61   69 1.94993e-01
 61   71 1.90889e-01
 61   73 1.43149e-01
 61   75 1.20535e-01
 61   77 1.26736e-01
 61   79 1.08995e-01
 61   81 8.88564e-02
 61   83 7.40142e-02
 61   85 6.73729e-02
 61   87 6.37014e-02
 61   89 8.16349e-02
 61   91 7.30497e-02
 62    2 2.12721e-02
 62    4 4.64122e-02
 62    6 6.79747e-02
 62    8 8.50068e-02
 62   10 9.27618e-02
 62   12 8.69404e-02
 62   14 9.03090e-02
 62   16 8.27419e-02
 62   18 8.14507e-02
 62   20 7.80861e-02
 62   22 7.88216e-02
 62   24 7.15715e-02
 62   26 7.42215e-02
 62   28 8.22535e-02
 62   30 8.58418e-02
 62   32 8.36769e-02
 62   34 8.88778e-02
 62   36 9.00369e-02
 62   38 9.82376e-02
 62   40 1.06455e-01
 62   42 1.06611e-01
 62   44 1.20977e-01
 62   46 1.48483e-01
 62   48 1.41373e-01
 62   50 1.35992e-01
 62   52 1.97046e-01
 62   54 2.22893e-01
 62   56 2.37096e-01
 62   58 6.12483e-01
 62   60 1.81243e+00
 62   62 2.41892e+01
 62   64 1.76806e+00
 62   66 5.85103e-01
 62   68 2.20266e-01
 62   70 1.96837e-01
 62   72 1.96597e-01
 62   74 1.45206e-01
 62   76 1.36318e-01
 62   78 1.17543e-01
 62   80 9.82649e-02
 62   82 7.85647e-02
 62   84 7.67969e-02
 62   86 7.18987e-02
 62   88 8.95860e-02
 62   90 7.21868e-02
 63    1 6.14499e-03
 63    3 3.13681e-02
 63    5 5.78483e-02
 63    7 7.86971e-02
 63    9 9.37757e-02
 63   11 8.92807e-02
 63   13 7.75389e-02
 63   15 8.01487e-02
 63   17 8.13191e-02
 63   19 8.03198e-02
 63   21 7.52271e-02
 63   23 7.11215e-02
 63   25 6.44644e-02
 63   27 7.18005e-02
 63   29 8.15021e-02
 63   31 8.48597e-02
 63   33 8.29405e-02
 63   35 8.33819e-02
 63   37 8.32129e-02
 63   39 9.53331e-02
 63   41 1.01055e-01
 63   43 1.05324e-01
 63   45 1.16865e-01
 63   47 1.46430e-01
 63   49 1.35909e-01
 63   51 1.41640e-01
 63   53 2.00395e-01
 63   55 2.10599e-01
 63   57 2.35039e-01
 63   59 6.03932e-01
 63   61 1.77200e+00
 63   63 2.38652e+01
 63   65 1.73422e+00
 63   67 5.74780e-01
 63   69 2.18064e-01
 63   71 1.88565e-01
 63   73 1.92612e-01
 63   75 1.45175e-01
 63   77 1.30326e-01
 63   79 1.14891e-01
 63   81 9.55786e-02
 63   83 8.20528e-02
 63   85 6.29236e-02
 63   87 6.87375e-02
 63   89 8.28272e-02
 63   91 7.23377e-02
 64    2 1.37080e-02
 64    4 3.72551e-02
 64    6 6.34710e-02
 64    8 9.06198e-02
 64   10 1.07977e-01
 64   12 1.03733e-01
 64   14 8.63031e-02
 64   16 7.55910e-02
 64   18 7.26459e-02
 64   20 7.06801e-02
 64   22 6.80023e-02
 64   24 6.67503e-02
 64   26 7.48856e-02
 64   28 8.49399e-02
 64   30 8.18414e-02
 64   32 8.13309e-02
 64   34 8.09112e-02
 64   36 9.14390e-02
 64   38 9.60681e-02
 64   40 8.73840e-02
 64   42 9.67594e-02
 64   44 1.04407e-01
 64   46 1.17660e-01
 64   48 1.37596e-01
 64   50 1.29013e-01
 64   52 1.33225e-01
 64   54 1.91184e-01
 64   56 2.02470e-01
 64   58 2.23203e-01
 64   60 5.81680e-01
 64   62 1.72460e+00
 64   64 2.35405e+01
 64   66 1.69385e+00
 64   68 5.65735e-01
 64   70 2.23813e-01
 64   72 1.87461e-01
 64   74 1.92859e-01
 64   76 1.47966e-01
 64   78 1.24348e-01
 64   80 1.01474e-01
 64   82 9.26635e-02
 64   84 7.25171e-02
 64   86 7.78901e-02
 64   88 9.45453e-02
 64   90 7.39204e-02
 65    1 6.05912e-03
 65    3 2.76634e-02
 65    5 4.86079e-02
 65    7 7.27349e-02
 65    9 9.73856e-02
 65   11 1.06660e-01
 65   13 1.02032e-01
 65   15 7.80352e-02
 65   17 7.07124e-02
 65   19 7.04460e-02
 65   21 6.59240e-02
 65   23 6.59225e-02
 65   25 6.56452e-02
 65   27 7.49867e-02
 65   29 8.01676e-02
 65   31 8.05811e-02
 65   33 7.52487e-02
 65   35 7.39731e-02
 65   37 8.90480e-02
 65   39 8.86682e-02
 65   41 8.77599e-02
 65   43 9.23869e-02
 65   45 1.01983e-01
 65   47 1.19237e-01
 65   49 1.33083e-01
 65   51 1.24370e-01
 65   53 1.31450e-01
 65   55 1.88047e-01
 65   57 2.02771e-01
 65   59 2.18445e-01
 65   61 5.72303e-01
 65   63 1.69268e+00
 65   65 2.32209e+01
 65   67 1.65901e+00
 65   69 5.52442e-01
 65   71 2.18433e-01
 65   73 1.86632e-01
 65   75 1.86399e-01
 65   77 1.46184e-01
 65   79 1.16283e-01
 65   81 9.75447e-02
 65   83 8.84472e-02
 65   85 7.16900e-02
 65   87 6.78799e-02
 65   89 8.84168e-02
 65   91 7.44212e-02
 66    2 2.42256e-02
 66    4 4.73796e-02
 66    6 6.20111e-02
 66    8 7.70622e-02
 66   10 8.59486e-02
 66   12 8.28615e-02
 66   14 8.32546e-02
 66   16 7.77138e-02
 66   18 7.61418e-02
 66   20 7.19205e-02
 66   22 6.85776e-02
 66   24 7.33872e-02
 66   26 8.05624e-02
 66   28 7.69420e-02
 66   30 7.40891e-02
 66   32 7.54589e-02
 66   34 7.29208e-02
 66   36 8.03699e-02
 66   38 7.59214e-02
 66   40 7.99218e-02
 66   42 9.75914e-02
 66   44 1.01432e-01
 66   46 1.02772e-01
 66   48 1.11525e-01
 66   50 1.30035e-01
 66   52 1.25995e-01
 66   54 1.28740e-01
 66   56 1.83534e-01
 66   58 1.91522e-01
 66   60 2.13079e-01
 66   62 5.57399e-01
 66   64 1.65432e+00
 66   66 2.29067e+01
 66   68 1.62491e+00
 66   70 5.52357e-01
 66   72 2.20645e-01
 66   74 1.80749e-01
 66   76 1.89304e-01
 66   78 1.42350e-01
 66   80 1.04303e-01
 66   82 9.34013e-02
 66   84 8.40999e-02
 66   86 7.81120e-02
 66   88 9.57873e-02
 66   90 7.85994e-02
 67    1 7.36754e-03
 67    3 3.32583e-02
 67    5 5.47818e-02
 67    7 6.95708e-02
 67    9 8.12788e-02
 67   11 7.52219e-02
 67   13 7.69580e-02
 67   15 7.96597e-02
 67   17 7.63373e-02
 67   19 7.35304e-02
 67   21 6.95622e-02
 67   23 6.96805e-02
 67   25 7.50168e-02
 67   27 7.70388e-02
 67   29 7.39397e-02
 67   31 7.09249e-02
 67   33 6.70153e-02
 67   35 7.23869e-02
 67   37 7.99050e-02
 67   39 7.81753e-02
 67   41 7.88720e-02
 67   43 9.16856e-02
 67   45 9.63660e-02
 67   47 9.59256e-02
 67   49 1.11411e-01
 67   51 1.27217e-01
 67   53 1.18267e-01
 67   55 1.32468e-01
 67   57 1.80056e-01
 67   59 1.86760e-01
 67   61 2.09129e-01
 67   63 5.48255e-01
 67   65 1.62129e+00
 67   67 2.26198e+01
 67   69 1.58607e+00
 67   71 5.40299e-01
 67   73 2.19114e-01
 67   75 1.78427e-01
 67   77 1.82311e-01
 67   79 1.44193e-01
 67   81 1.02714e-01
 67   83 9.12530e-02
 67   85 7.82013e-02
 67   87 8.24390e-02
 67   89 9.49439e-02
 67   91 7.33678e-02
 68    2 1.11725e-02
 68    4 2.99774e-02
 68    6 5.55272e-02
 68    8 8.34326e-02
 68   10 1.01400e-01
 68   12 9.67821e-02
 68   14 8.38798e-02
 68   16 7.97057e-02
 68   18 6.91052e-02
 68   20 5.96941e-02
 68   22 5.75419e-02
 68   24 6.87195e-02
 68   26 7.15976e-02
 68   28 6.46559e-02
 68   30 6.85073e-02
 68   32 7.46898e-02
 68   34 8.08480e-02
 68   36 7.28012e-02
 68   38 7.85129e-02
 68   40 8.43903e-02
 68   42 8.15237e-02
 68   44 8.98025e-02
 68   46 8.80812e-02
 68   48 9.39651e-02
 68   50 1.05151e-01
 68   52 1.22020e-01
 68   54 1.15574e-01
 68   56 1.29157e-01
 68   58 1.76482e-01
 68   60 1.83032e-01
 68   62 2.05189e-01
 68   64 5.40293e-01
 68   66 1.58892e+00
 68   68 2.23245e+01
 68   70 1.56177e+00
 68   72 5.35510e-01
 68   74 2.17205e-01
 68   76 1.77329e-01
 68   78 1.77126e-01
 68   80 1.27069e-01
 68   82 9.85514e-02
 68   84 8.91242e-02
 68   86 8.75266e-02
 68   88 1.01202e-01
 68   90 7.62890e-02
 69    1 3.38962e-03
 69    3 1.83391e-02
 69    5 3.73180e-02
 69    7 5.93793e-02
 69    9 8.84383e-02
 69   11 9.93974e-02
 69   13 9.58746e-02
 69   15 7.51064e-02
 69   17 6.79038e-02
 69   19 6.67998e-02
 69   21 6.15277e-02
 69   23 5.72917e-02
 69   25 6.49942e-02
 69   27 7.18810e-02
 69   29 7.05324e-02
 69   31 6.60623e-02
 69   33 7.48526e-02
 69   35 7.99555e-02
 69   37 7.38986e-02
 69   39 7.88031e-02
 69   41 7.67806e-02
 69   43 7.79785e-02
 69   45 8.11252e-02
 69   47 8.86536e-02
 69   49 9.41822e-02
 69   51 1.02564e-01
 69   53 1.18009e-01
 69   55 1.18036e-01
 69   57 1.28002e-01
 69   59 1.78380e-01
 69   61 1.77393e-01
 69   63 2.03515e-01
 69   65 5.28235e-01
 69   67 1.55186e+00
 69   69 2.20461e+01
 69   71 1.52069e+00
 69   73 5.22810e-01
 69   75 2.16875e-01
 69   77 1.73949e-01
 69   79 1.72023e-01
 69   81 1.29072e-01
 69   83 9.46792e-02
 69   85 8.55245e-02
 69   87 8.49602e-02
 69   89 1.00190e-01
 69   91 7.48871e-02
 70    2 1.87030e-02
 70    4 3.85272e-02
 70    6 5.22487e-02
 70    8 6.49893e-02
 70   10 7.84427e-02
 70   12 7.31568e-02
 70   14 7.16129e-02
 70   16 7.04826e-02
 70   18 7.04185e-02
 70   20 7.31927e-02
 70   22 8.51023e-02
 70   24 7.13093e-02
 70   26 7.72302e-02
 70   28 7.25838e-02
 70   30 7.24086e-02
 70   32 8.00775e-02
 70   34 7.18761e-02
 70   36 6.68821e-02
 70   38 6.76144e-02
 70   40 7.35299e-02
 70   42 6.90707e-02
 70   44 7.27056e-02
 70   46 7.84327e-02
 70   48 7.78341e-02
 70   50 8.59577e-02
 70   52 9.85291e-02
 70   54 1.13329e-01
 70   56 1.11740e-01
 70   58 1.19151e-01
 70   60 1.73695e-01
 70   62 1.79513e-01
 70   64 2.09259e-01
 70   66 5.28780e-01
 70   68 1.52897e+00
 70   70 2.17532e+01
 70   72 1.49089e+00
 70   74 5.16633e-01
 70   76 2.22290e-01
 70   78 1.63949e-01
 70   80 1.56251e-01
 70   82 1.27073e-01
 70   84 9.68564e-02
 70   86 9.52033e-02
 70   88 1.06848e-01
 70   90 8.22344e-02
 71    1 5.09044e-03
 71    3 2.57069e-02
 71    5 4.34081e-02
 71    7 5.84024e-02
 71    9 7.23672e-02
 71   11 7.08483e-02
 71   13 6.43485e-02
 71   15 6.69347e-02
 71   17 6.66351e-02
 71   19 6.85986e-02
 71   21 7.15323e-02
 71   23 7.75816e-02
 71   25 7.70577e-02
 71   27 6.68112e-02
 71   29 7.03711e-02
 71   31 7.27628e-02
 71   33 8.25459e-02
 71   35 7.45457e-02
 71   37 6.52413e-02
 71   39 6.85165e-02
 71   41 6.92104e-02
 71   43 7.55050e-02
 71   45 7.51909e-02
 71   47 7.39670e-02
 71   49 7.59270e-02
 71   51 7.96939e-02
 71   53 1.03745e-01
 71   55 1.15941e-01
 71   57 1.04563e-01
 71   59 1.21631e-01
 71   61 1.70109e-01
 71   63 1.72386e-01
 71   65 2.04592e-01
 71   67 5.17837e-01
 71   69 1.48961e+00
 71   71 2.15095e+01
 71   73 1.45697e+00
 71   75 5.08714e-01
 71   77 2.17189e-01
 71   79 1.61976e-01
 71   81 1.50794e-01
 71   83 1.19308e-01
 71   85 9.30069e-02
 71   87 9.07024e-02
 71   89 1.07553e-01
 71   91 7.88084e-02
 72    2 9.67404e-03
 72    4 2.50660e-02
 72    6 4.71500e-02
 72    8 6.86702e-02
 72   10 8.72819e-02
 72   12 8.53433e-02
 72   14 8.33018e-02
 72   16 8.13433e-02
 72   18 6.99974e-02
 72   20 6.80736e-02
 72   22 6.10667e-02
 72   24 6.32400e-02
 72   26 6.07667e-02
 72   28 6.90158e-02
 72   30 7.47102e-02
 72   32 6.46435e-02
 72   34 6.52829e-02
 72   36 6.65185e-02
 72   38 6.91591e-02
 72   40 6.24903e-02
 72   42 6.87606e-02
 72   44 6.87090e-02
 72   46 6.89873e-02
 72   48 7.35835e-02
 72   50 7.94083e-02
 72   52 8.46275e-02
 72   54 9.06997e-02
 72   56 1.11954e-01
 72   58 1.04598e-01
 72   60 1.26460e-01
 72   62 1.75727e-01
 72   64 1.71783e-01
 72   66 2.07024e-01
 72   68 5.13832e-01
 72   70 1.46122e+00
 72   72 2.12695e+01
 72   74 1.42255e+00
 72   76 5.00840e-01
 72   78 2.15137e-01
 72   80 1.52570e-01
 72   82 1.48088e-01
 72   84 1.28540e-01
 72   86 1.06041e-01
 72   88 1.18697e-01
 72   90 8.64629e-02
 73    1 2.97096e-03
 73    3 1.62153e-02
 73    5 3.18778e-02
 73    7 5.55976e-02
 73    9 8.04635e-02
 73   11 8.45869e-02
 73   13 8.17196e-02
 73   15 8.11868e-02
 73   17 7.90982e-02
 73   19 6.40261e-02
 73   21 6.34878e-02
 73   23 5.88088e-02
 73   25 5.72089e-02
 73   27 6.18177e-02
 73   29 6.82250e-02
 73   31 6.76747e-02
 73   33 6.45063e-02
 73   35 6.30574e-02
 73   37 6.76222e-02
 73   39 6.01492e-02
 73   41 6.17632e-02
 73   43 6.26040e-02
 73   45 7.10612e-02
 73   47 7.08167e-02
 73   49 6.70507e-02
 73   51 7.67179e-02
 73   53 8.20134e-02
 73   55 9.31428e-02
 73   57 1.07535e-01
 73   59 1.02207e-01
 73   61 1.25096e-01
 73   63 1.72677e-01
 73   65 1.71422e-01
 73   67 2.05939e-01
 73   69 5.02208e-01
 73   71 1.42876e+00
 73   73 2.10290e+01
 73   75 1.39302e+00
 73   77 4.93636e-01
 73   79 2.08005e-01
 73   81 1.46614e-01
 73   83 1.50305e-01
 73   85 1.16953e-01
 73   87 1.02485e-01
 73   89 1.13092e-01
 73   91 8.72125e-02
 74    2 1.29808e-02
 74    4 3.19009e-02
 74    6 4.88228e-02
 74    8 7.16907e-02
 74   10 8.04182e-02
 74   12 7.33373e-02
 74   14 6.94761e-02
 74   16 7.15217e-02
 74   18 7.15003e-02
 74   20 7.10181e-02
 74   22 6.74277e-02
 74   24 6.99059e-02
 74   26 7.21322e-02
 74   28 7.33532e-02
 74   30 7.06617e-02
 74   32 6.72918e-02
 74   34 6.27101e-02
 74   36 6.59115e-02
 74   38 6.25988e-02
 74   40 6.35888e-02
 74   42 6.26072e-02
 74   44 5.79906e-02
 74   46 6.45397e-02
 74   48 6.05833e-02
 74   50 7.17897e-02
 74   52 7.54130e-02
 74   54 7.68396e-02
 74   56 8.90294e-02
 74   58 1.03786e-01
 74   60 1.03435e-01
 74   62 1.27347e-01
 74   64 1.73402e-01
 74   66 1.66398e-01
 74   68 2.04489e-01
 74   70 4.96820e-01
 74   72 1.39577e+00
 74   74 2.07716e+01
 74   76 1.35557e+00
 74   78 4.76964e-01
 74   80 2.04070e-01
 74   82 1.52827e-01
 74   84 1.48715e-01
 74   86 1.28582e-01
 74   88 1.25855e-01
 74   90 8.96109e-02
 75    1 4.44784e-03
 75    3 2.20419e-02
 75    5 3.92100e-02
 75    7 5.83238e-02
 75    9 7.57952e-02
 75   11 7.40064e-02
 75   13 6.51028e-02
 75   15 6.43261e-02
 75   17 6.63915e-02
 75   19 6.98263e-02
 75   21 7.09594e-02
 75   23 6.83903e-02
 75   25 6.70008e-02
 75   27 6.83229e-02
 75   29 7.14494e-02
 75   31 6.96585e-02
 75   33 6.23075e-02
 75   35 6.22856e-02
 75   37 5.89171e-02
 75   39 6.38167e-02
 75   41 6.41788e-02
 75   43 5.88919e-02
 75   45 5.92992e-02
 75   47 6.00655e-02
 75   49 6.31762e-02
 75   51 6.87120e-02
 75   53 7.00850e-02
 75   55 7.67934e-02
 75   57 8.72984e-02
 75   59 9.91425e-02
 75   61 1.03405e-01
 75   63 1.27767e-01
 75   65 1.68074e-01
 75   67 1.64629e-01
 75   69 2.04515e-01
 75   71 4.89734e-01
 75   73 1.36751e+00
 75   75 2.05486e+01
 75   77 1.32562e+00
 75   79 4.65407e-01
 75   81 2.04451e-01
 75   83 1.44103e-01
 75   85 1.46612e-01
 75   87 1.25566e-01
 75   89 1.24438e-01
 75   91 8.50545e-02
 76    2 1.04726e-02
 76    4 2.53276e-02
 76    6 4.18705e-02
 76    8 5.86543e-02
 76   10 7.14159e-02
 76   12 6.98141e-02
 76   14 7.25929e-02
 76   16 7.68868e-02
 76   18 7.13727e-02
 76   20 7.27641e-02
 76   22 6.68241e-02
 76   24 6.51747e-02
 76   26 6.48402e-02
 76   28 6.38482e-02
 76   30 6.32180e-02
 76   32 5.53794e-02
 76   34 5.58775e-02
 76   36 5.27281e-02
 76   38 5.63190e-02
 76   40 6.22280e-02
 76   42 5.32472e-02
 76   44 5.67267e-02
 76   46 5.94248e-02
 76   48 6.99476e-02
 76   50 6.60702e-02
 76   52 7.11284e-02
 76   54 7.56236e-02
 76   56 8.42964e-02
 76   58 9.70864e-02
 76   60 1.07831e-01
 76   62 1.17425e-01
 76   64 1.30672e-01
 76   66 1.71173e-01
 76   68 1.63976e-01
 76   70 2.09962e-01
 76   72 4.82666e-01
 76   74 1.33145e+00
 76   76 2.02673e+01
 76   78 1.28468e+00
 76   80 4.57693e-01
 76   82 2.17682e-01
 76   84 1.64907e-01
 76   86 1.56898e-01
 76   88 1.39520e-01
 76   90 8.86635e-02
 77    1 2.99811e-03
 77    3 1.60656e-02
 77    5 3.23364e-02
 77    7 4.75291e-02
 77    9 6.44922e-02
 77   11 6.58433e-02
 77   13 6.77407e-02
 77   15 7.02706e-02
 77   17 7.85153e-02
 77   19 7.64180e-02
 77   21 6.90268e-02
 77   23 6.12456e-02
 77   25 6.31231e-02
 77   27 6.49200e-02
 77   29 6.23261e-02
 77   31 6.01977e-02
 77   33 5.73442e-02
 77   35 5.12464e-02
 77   37 5.40846e-02
 77   39 5.72702e-02
 77   41 5.67487e-02
 77   43 5.56298e-02
 77   45 5.54088e-02
 77   47 5.81507e-02
 77   49 5.96999e-02
 77   51 6.50254e-02
 77   53 7.05375e-02
 77   55 6.92862e-02
 77   57 7.64404e-02
 77   59 9.25012e-02
 77   61 1.06846e-01
 77   63 1.12716e-01
 77   65 1.29534e-01
 77   67 1.65304e-01
 77   69 1.61200e-01
 77   71 2.05471e-01
 77   73 4.76222e-01
 77   75 1.30271e+00
 77   77 2.00738e+01
 77   79 1.25348e+00
 77   81 4.45900e-01
 77   83 2.15600e-01
 77   85 1.66206e-01
 77   87 1.49246e-01
 77   89 1.35205e-01
 77   91 8.75103e-02
 78    2 1.11287e-02
 78    4 2.79619e-02
 78    6 4.45059e-02
 78    8 5.99480e-02
 78   10 7.56175e-02
 78   12 7.20111e-02
 78   14 6.76787e-02
 78   16 6.64632e-02
 78   18 6.70133e-02
 78   20 6.36006e-02
 78   22 5.71465e-02
 78   24 5.76992e-02
 78   26 5.60303e-02
 78   28 5.87107e-02
 78   30 6.00693e-02
 78   32 5.92467e-02
 78   34 5.38585e-02
 78   36 5.41055e-02
 78   38 5.69291e-02
 78   40 5.60189e-02
 78   42 6.15326e-02
 78   44 6.08744e-02
 78   46 5.89088e-02
 78   48 6.56901e-02
 78   50 6.18679e-02
 78   52 6.79628e-02
 78   54 6.84890e-02
 78   56 7.51416e-02
 78   58 7.76205e-02
 78   60 9.15155e-02
 78   62 9.95527e-02
 78   64 1.07971e-01
 78   66 1.26556e-01
 78   68 1.61039e-01
 78   70 1.52257e-01
 78   72 2.03850e-01
 78   74 4.60613e-01
 78   76 1.26312e+00
 78   78 1.98615e+01
 78   80 1.22956e+00
 78   82 4.65558e-01
 78   84 2.43404e-01
 78   86 1.79862e-01
 78   88 1.65831e-01
 78   90 1.09897e-01
 79    1 4.00746e-03
 79    3 2.02260e-02
 79    5 3.60314e-02
 79    7 4.84388e-02
 79    9 6.41664e-02
 79   11 7.14752e-02
 79   13 6.90524e-02
 79   15 6.82196e-02
 79   17 5.97187e-02
 79   19 5.94775e-02
 79   21 6.21368e-02
 79   23 6.21366e-02
 79   25 5.55868e-02
 79   27 5.51430e-02
 79   29 5.71074e-02
 79   31 6.30857e-02
 79   33 6.11668e-02
 79   35 5.35938e-02
 79   37 5.22719e-02
 79   39 5.50814e-02
 79   41 5.60714e-02
 79   43 6.14515e-02
 79   45 5.42177e-02
 79   47 5.75106e-02
 79   49 6.14921e-02
 79   51 6.42097e-02
 79   53 6.39363e-02
 79   55 6.99000e-02
 79   57 7.25240e-02
 79   59 8.03344e-02
 79   61 9.03923e-02
 79   63 9.77476e-02
 79   65 1.01360e-01
 79   67 1.28612e-01
 79   69 1.56818e-01
 79   71 1.50740e-01
 79   73 1.97398e-01
 79   75 4.49910e-01
 79   77 1.23305e+00
 79   79 1.96695e+01
 79   81 1.19897e+00
 79   83 4.46545e-01
 79   85 2.43840e-01
 79   87 1.74512e-01
 79   89 1.67489e-01
 79   91 1.03642e-01
 80    2 9.76182e-03
 80    4 2.20882e-02
 80    6 3.76465e-02
 80    8 4.85916e-02
 80   10 5.23595e-02
 80   12 5.02799e-02
 80   14 6.03956e-02
 80   16 7.16519e-02
 80   18 7.19006e-02
 80   20 7.67069e-02
 80   22 7.81987e-02
 80   24 8.28174e-02
 80   26 7.77968e-02
 80   28 7.02526e-02
 80   30 6.79304e-02
 80   32 6.17311e-02
 80   34 5.81677e-02
 80   36 5.78375e-02
 80   38 5.27352e-02
 80   40 5.84262e-02
 80   42 5.64116e-02
 80   44 5.68836e-02
 80   46 5.62437e-02
 80   48 5.99649e-02
 80   50 6.08436e-02
 80   52 5.72710e-02
 80   54 6.44045e-02
 80   56 6.32108e-02
 80   58 6.74050e-02
 80   60 7.24682e-02
 80   62 8.19098e-02
 80   64 8.67166e-02
 80   66 9.12645e-02
 80   68 1.13702e-01
 80   70 1.42814e-01
 80   72 1.42281e-01
 80   74 1.93960e-01
 80   76 4.42897e-01
 80   78 1.21012e+00
 80   80 1.94981e+01
 80   82 1.19380e+00
 80   84 4.73209e-01
 80   86 2.49898e-01
 80   88 1.97650e-01
 80   90 1.35382e-01
 81    1 3.13566e-03
 81    3 1.50202e-02
 81    5 2.59149e-02
 81    7 3.84188e-02
 81    9 5.17004e-02
 81   11 4.80629e-02
 81   13 4.76313e-02
 81   15 5.99003e-02
 81   17 7.14699e-02
 81   19 7.16171e-02
 81   21 6.95156e-02
 81   23 7.49273e-02
 81   25 7.69688e-02
 81   27 7.80144e-02
 81   29 6.89200e-02
 81   31 6.24380e-02
 81   33 6.26838e-02
 81   35 5.79118e-02
 81   37 5.62425e-02
 81   39 5.19988e-02
 81   41 5.68899e-02
 81   43 6.14741e-02
 81   45 5.75729e-02
 81   47 5.53286e-02
 81   49 5.71070e-02
 81   51 6.21844e-02
 81   53 6.02132e-02
 81   55 5.86027e-02
 81   57 6.58250e-02
 81   59 6.46696e-02
 81   61 7.25613e-02
 81   63 8.00705e-02
 81   65 8.37231e-02
 81   67 9.02112e-02
 81   69 1.15860e-01
 81   71 1.38184e-01
 81   73 1.37005e-01
 81   75 1.94614e-01
 81   77 4.31912e-01
 81   79 1.18060e+00
 81   81 1.93157e+01
 81   83 1.16892e+00
 81   85 4.60840e-01
 81   87 2.48485e-01
 81   89 1.94212e-01
 81   91 1.30234e-01
 82    2 1.27602e-02
 82    4 2.82138e-02
 82    6 4.38804e-02
 82    8 6.29093e-02
 82   10 7.30097e-02
 82   12 6.73737e-02
 82   14 6.00154e-02
 82   16 6.35890e-02
 82   18 6.92515e-02
 82   20 5.58029e-02
 82   22 6.15289e-02
 82   24 5.50717e-02
 82   26 5.06419e-02
 82   28 5.97946e-02
 82   30 5.77751e-02
 82   32 5.37870e-02
 82   34 5.00566e-02
 82   36 5.04949e-02
 82   38 5.09708e-02
 82   40 4.94146e-02
 82   42 5.09814e-02
 82   44 5.54922e-02
 82   46 5.08134e-02
 82   48 5.20320e-02
 82   50 5.47297e-02
 82   52 5.51369e-02
 82   54 5.95526e-02
 82   56 5.59116e-02
 82   58 5.85053e-02
 82   60 6.34319e-02
 82   62 6.45159e-02
 82   64 7.80114e-02
 82   66 8.05117e-02
 82   68 8.68752e-02
 82   70 1.14421e-01
 82   72 1.36050e-01
 82   74 1.43098e-01
 82   76 2.07517e-01
 82   78 4.51395e-01
 82   80 1.17607e+00
 82   82 1.91680e+01
 82   84 1.19010e+00
 82   86 4.63193e-01
 82   88 2.66727e-01
 82   90 1.63756e-01
 83    1 4.10744e-03
 83    3 1.98835e-02
 83    5 3.64013e-02
 83    7 5.35616e-02
 83    9 6.97784e-02
 83   11 6.79590e-02
 83   13 5.82929e-02
 83   15 6.35461e-02
 83   17 6.18730e-02
 83   19 5.73154e-02
 83   21 5.67669e-02
 83   23 5.53862e-02
 83   25 5.51217e-02
 83   27 5.01994e-02
 83   29 5.11004e-02
 83   31 5.53290e-02
 83   33 5.10203e-02
 83   35 5.08473e-02
 83   37 4.87145e-02
 83   39 5.47833e-02
 83   41 4.70737e-02
 83   43 5.11954e-02
 83   45 5.61449e-02
 83   47 5.17376e-02
 83   49 5.61065e-02
 83   51 5.33281e-02
 83   53 5.71101e-02
 83   55 5.66038e-02
 83   57 5.77972e-02
 83   59 6.12165e-02
 83   61 5.95719e-02
 83   63 6.77510e-02
 83   65 7.48231e-02
 83   67 7.89928e-02
 83   69 8.37655e-02
 83   71 1.07758e-01
 83   73 1.38434e-01
 83   75 1.35197e-01
 83   77 2.05834e-01
 83   79 4.33379e-01
 83   81 1.15211e+00
 83   83 1.90006e+01
 83   85 1.15913e+00
 83   87 4.53254e-01
 83   89 2.60224e-01
 83   91 1.61942e-01
 84    2 9.75177e-03
 84    4 2.33786e-02
 84    6 3.70585e-02
 84    8 4.85603e-02
 84   10 5.69854e-02
 84   12 5.26809e-02
 84   14 5.35257e-02
 84   16 5.95007e-02
 84   18 6.47665e-02
 84   20 6.88694e-02
 84   22 6.74583e-02
 84   24 6.80635e-02
 84   26 6.81499e-02
 84   28 5.76539e-02
 84   30 5.46465e-02
 84   32 5.36436e-02
 84   34 4.90762e-02
 84   36 4.67417e-02
 84   38 4.64019e-02
 84   40 4.71386e-02
 84   42 4.98190e-02
 84   44 4.61229e-02
 84   46 4.78103e-02
 84   48 4.70832e-02
 84   50 4.51794e-02
 84   52 4.55998e-02
 84   54 5.16663e-02
 84   56 5.13914e-02
 84   58 5.35660e-02
 84   60 5.47498e-02
 84   62 6.21868e-02
 84   64 6.02012e-02
 84   66 7.14853e-02
 84   68 7.74718e-02
 84   70 8.59992e-02
 84   72 1.16448e-01
 84   74 1.37310e-01
 84   76 1.55019e-01
 84   78 2.32716e-01
 84   80 4.59696e-01
 84   82 1.17354e+00
 84   84 1.89184e+01
 84   86 1.14820e+00
 84   88 4.52312e-01
 84   90 2.16589e-01
 85    1 3.01509e-03
 85    3 1.50591e-02
 85    5 2.92883e-02
 85    7 4.24174e-02
 85    9 5.41180e-02
 85   11 5.23444e-02
 85   13 4.78604e-02
 85   15 5.17318e-02
 85   17 5.95937e-02
 85   19 6.49564e-02
 85   21 6.37752e-02
 85   23 6.71264e-02
 85   25 6.77969e-02
 85   27 6.10330e-02
 85   29 5.89553e-02
 85   31 5.42111e-02
 85   33 5.06519e-02
 85   35 4.80308e-02
 85   37 4.69802e-02
 85   39 4.43848e-02
 85   41 4.68116e-02
 85   43 4.79713e-02
 85   45 4.70190e-02
 85   47 4.78111e-02
 85   49 4.65542e-02
 85   51 4.68067e-02
 85   53 4.99720e-02
 85   55 4.68229e-02
 85   57 4.61836e-02
 85   59 5.29638e-02
 85   61 5.34970e-02
 85   63 5.12571e-02
 85   65 5.98314e-02
 85   67 6.67842e-02
 85   69 7.46482e-02
 85   71 8.28734e-02
 85   73 1.06268e-01
 85   75 1.35701e-01
 85   77 1.56543e-01
 85   79 2.33468e-01
 85   81 4.48104e-01
 85   83 1.14354e+00
 85   85 1.87687e+01
 85   87 1.13204e+00
 85   89 4.43574e-01
 85   91 2.14009e-01
 86    2 1.23126e-02
 86    4 3.03275e-02
 86    6 4.90709e-02
 86    8 6.70175e-02
 86   10 7.80256e-02
 86   12 6.23329e-02
 86   14 5.86060e-02
 86   16 5.69178e-02
 86   18 6.06080e-02
 86   20 6.02498e-02
 86   22 5.91887e-02
 86   24 5.76770e-02
 86   26 5.28226e-02
 86   28 5.57798e-02
 86   30 4.77491e-02
 86   32 4.44695e-02
 86   34 4.36048e-02
 86   36 4.36648e-02
 86   38 4.44744e-02
 86   40 4.38015e-02
 86   42 4.55220e-02
 86   44 4.52664e-02
 86   46 4.64271e-02
 86   48 4.40069e-02
 86   50 4.55096e-02
 86   52 4.79986e-02
 86   54 4.65219e-02
 86   56 4.86904e-02
 86   58 4.75595e-02
 86   60 5.07080e-02
 86   62 5.74640e-02
 86   64 6.38215e-02
 86   66 6.55328e-02
 86   68 7.50945e-02
 86   70 8.34330e-02
 86   72 9.48172e-02
 86   74 1.17178e-01
 86   76 1.45573e-01
 86   78 1.69730e-01
 86   80 2.39608e-01
 86   82 4.50814e-01
 86   84 1.13328e+00
 86   86 1.85881e+01
 86   88 1.13410e+00
 86   90 4.01153e-01
 87    1 3.96938e-03
 87    3 2.09146e-02
 87    5 3.89950e-02
 87    7 5.84413e-02
 87    9 7.55507e-02
 87   11 7.11310e-02
 87   13 5.45407e-02
 87   15 5.76029e-02
 87   17 5.56627e-02
 87   19 5.88578e-02
 87   21 5.80299e-02
 87   23 5.36045e-02
 87   25 5.38186e-02
 87   27 5.38173e-02
 87   29 5.03751e-02
 87   31 4.82432e-02
 87   33 4.76800e-02
 87   35 4.23812e-02
 87   37 3.83028e-02
 87   39 4.05171e-02
 87   41 4.22944e-02
 87   43 4.60629e-02
 87   45 4.46385e-02
 87   47 4.35963e-02
 87   49 4.16762e-02
 87   51 4.41452e-02
 87   53 4.55312e-02
 87   55 4.41484e-02
 87   57 4.75515e-02
 87   59 4.80572e-02
 87   61 4.99474e-02
 87   63 5.52909e-02
 87   65 5.59411e-02
 87   67 6.95203e-02
 87   69 7.32258e-02
 87   71 7.98065e-02
 87   73 9.19534e-02
 87   75 1.14764e-01
 87   77 1.38806e-01
 87   79 1.64993e-01
 87   81 2.38588e-01
 87   83 4.41550e-01
 87   85 1.11785e+00
 87   87 1.84444e+01
 87   89 1.10994e+00
 87   91 3.88600e-01
 88    2 6.53456e-03
 88    4 1.57132e-02
 88    6 2.27536e-02
 88    8 3.27078e-02
 88   10 3.67585e-02
 88   12 3.09943e-02
 88   14 3.37127e-02
 88   16 3.29679e-02
 88   18 3.43362e-02
 88   20 3.37147e-02
 88   22 3.88686e-02
 88   24 3.67062e-02
 88   26 3.92105e-02
 88   28 3.76863e-02
 88   30 3.50074e-02
 88   32 4.09339e-02
 88   34 3.86772e-02
 88   36 3.99649e-02
 88   38 4.12016e-02
 88   40 4.07374e-02
 88   42 4.40485e-02
 88   44 4.35979e-02
 88   46 4.96944e-02
 88   48 4.75410e-02
 88   50 5.00722e-02
 88   52 4.97071e-02
 88   54 5.62879e-02
 88   56 5.94383e-02
 88   58 5.75351e-02
 88   60 6.73330e-02
 88   62 7.07347e-02
 88   64 7.65318e-02
 88   66 7.93901e-02
 88   68 8.57774e-02
 88   70 9.25058e-02
 88   72 1.04851e-01
 88   74 1.13307e-01
 88   76 1.27886e-01
 88   78 1.54598e-01
 88   80 1.87220e-01
 88   82 2.56460e-01
 88   84 4.41037e-01
 88   86 1.12038e+00
 88   88 1.79328e+01
 88   90 1.20094e+00
 89    1 2.37356e-03
 89    3 1.13158e-02
 89    5 1.88007e-02
 89    7 2.65006e-02
 89    9 3.57336e-02
 89   11 3.15052e-02
 89   13 3.29777e-02
 89   15 3.14869e-02
 89   17 2.88577e-02
 89   19 3.35690e-02
 89   21 3.50372e-02
 89   23 3.57120e-02
 89   25 3.98438e-02
 89   27 3.40437e-02
 89   29 3.60700e-02
 89   31 3.53492e-02
 89   33 3.65692e-02
 89   35 3.76457e-02
 89   37 4.34318e-02
 89   39 3.75690e-02
 89   41 4.07154e-02
 89   43 4.09407e-02
 89   45 4.22170e-02
 89   47 4.68042e-02
 89   49 4.92374e-02
 89   51 4.87106e-02
 89   53 5.24405e-02
 89   55 5.22924e-02
 89   57 5.70088e-02
 89   59 6.02908e-02
 89   61 6.32636e-02
 89   63 6.58486e-02
 89   65 7.20176e-02
 89   67 7.91334e-02
 89   69 8.53465e-02
 89   71 9.35308e-02
 89   73 1.00289e-01
 89   75 1.12408e-01
 89   77 1.24283e-01
 89   79 1.56509e-01
 89   81 1.84306e-01
 89   83 2.50553e-01
 89   85 4.32912e-01
 89   87 1.09702e+00
 89   89 1.78060e+01
 89   91 1.17046e+00
 90    2 1.01497e-02
 90    4 2.42303e-02
 90    6 3.95739e-02
 90    8 5.17324e-02
 90   10 5.82830e-02
 90   12 4.98975e-02
 90   14 5.09367e-02
 90   16 4.85398e-02
 90   18 5.01144e-02
 90   20 5.89495e-02
 90   22 4.95277e-02
 90   24 4.81405e-02
 90   26 4.74054e-02
 90   28 5.08404e-02
 90   30 4.90798e-02
 90   32 4.65697e-02
 90   34 4.40343e-02
 90   36 4.62402e-02
 90   38 4.22660e-02
 90   40 4.53553e-02
 90   42 4.59429e-02
 90   44 4.98539e-02
 90   46 4.85314e-02
 90   48 4.89951e-02
 90   50 4.69707e-02
 90   52 5.01234e-02
 90   54 5.07767e-02
 90   56 5.43749e-02
 90   58 5.74320e-02
 90   60 5.37543e-02
 90   62 5.63584e-02
 90   64 5.91664e-02
 90   66 6.44150e-02
 90   68 6.39376e-02
 90   70 7.03989e-02
 90   72 7.55215e-02
 90   74 7.97730e-02
 90   76 8.03595e-02
 90   78 1.01305e-01
 90   80 1.26802e-01
 90   82 1.55690e-01
 90   84 2.08825e-01
 90   86 3.91865e-01
 90   88 1.18749e+00
 90   90 1.78416e+01
 91    1 3.26962e-03
 91    3 1.61038e-02
 91    5 2.94472e-02
 91    7 4.22266e-02
 91    9 5.50514e-02
 91   11 4.93694e-02
 91   13 4.64191e-02
 91   15 4.82048e-02
 91   17 4.61468e-02
 91   19 4.74884e-02
 91   21 4.88152e-02
 91   23 5.21522e-02
 91   25 4.74915e-02
 91   27 4.84273e-02
 91   29 4.82411e-02
 91   31 4.78614e-02
 91   33 4.53473e-02
 91   35 4.87878e-02
 91   37 4.23316e-02
 91   39 4.54642e-02
 91   41 4.26290e-02
 91   43 4.86713e-02
 91   45 4.80833e-02
 91   47 5.01187e-02
 91   49 4.72024e-02
 91   51 4.93601e-02
 91   53 4.85333e-02
 91   55 5.15091e-02
 91   57 5.47974e-02
 91   59 5.14984e-02
 91   61 5.60014e-02
 91   63 5.68907e-02
 91   65 5.99657e-02
 91   67 6.04924e-02
 91   69 6.31063e-02
 91   71 6.77968e-02
 91   73 7.65076e-02
 91   75 7.60059e-02
 91   77 7.95760e-02
 91   79 9.58057e-02
 91   81 1.22261e-01
 91   83 1.54246e-01
 91   85 2.06619e-01
 91   87 3.79944e-01
 91   89 1.15787e+00
