# 13C(3P)-CO2, ground-state PES; differential cross sections (mgacesa, Sep 1 2021)
# theta(rad)                 elastic CS                total CS (both in units of 1E-16 cm^2)
0.	5.322006e6	5.3526887301834e6
0.0017453292519943296	3.359049e6	3.37224892369e6
0.003490658503988659	759847.9	770972.13339
0.005235987755982989	152476.4	168971.660344
0.006981317007977318	110283.3	114068.899576
0.008726646259971648	43903.63	53304.9720061
0.010471975511965978	35151.69	50399.7264077
0.012217304763960306	22430.29	32268.1334697
0.013962634015954637	17594.83	23312.7437676
0.015707963267948967	9019.237	15942.4492125
0.017453292519943295	11099.17	19911.7100239
0.019198621771937624	11334.84	17211.0989823
0.020943951023931956	6151.301	10166.0448088
0.022689280275926284	7237.704	12490.3425187
0.024434609527920613	7708.473	13266.2772886
0.02617993877991494	6741.782	11250.8474715
0.027925268031909273	4476.04	8117.15073434
0.029670597283903602	2918.478	7118.83558927
0.031415926535897934	3971.051	8350.62579627
0.03316125578789226	2818.42	5963.2295015
0.03490658503988659	1221.861	3810.10648748
0.03665191429188092	1225.774	4046.83635024
0.03839724354387525	1516.792	4283.92258649
0.04014257279586957	1641.865	3904.98990647
0.04188790204786391	796.0333	2541.80022825
0.043633231299858244	208.3622	1973.69363521
0.04537856055185257	531.6172	2260.74218568
0.0471238898038469	451.2656	1728.35792711
0.048869219055841226	173.5656	1216.47689105
0.05061454830783556	37.01184	1097.254923
0.05235987755982988	49.9661	1037.77778121
0.054105206811824215	212.2574	957.040048412
0.05585053606381855	128.3351	649.02227387
0.05759586531581287	2.347705	568.943246364
0.059341194567807204	48.77899	680.688949563
0.061086523819801536	40.94838	492.912517879
0.06283185307179587	20.49646	271.695767522
0.0645771823237902	18.13178	235.263529202
0.06632251157578452	20.49734	306.541756777
0.06806784082777885	53.80061	357.004571819
0.06981317007977318	36.00123	244.896031613
0.0715584993317675	1.467256	137.108104739
0.07330382858376185	18.51449	163.843403973
0.07504915783575618	29.69703	183.800991723
0.0767944870877505	17.94296	153.651491075
0.07853981633974483	8.575272	123.55403541
0.08028514559173915	7.55803	110.866823777
0.08203047484373349	18.23872	120.021363409
0.08377580409572782	19.25949	112.147161708
0.08552113334772216	4.068493	83.8685952735
0.08726646259971649	0.2672252	81.1342241087
0.0890117918517108	7.165869	88.3578372257
0.09075712110370514	7.714063	79.6809625795
0.09250245035569946	7.866983	77.5519823395
0.0942477796076938	5.500552	78.9121393258
0.09599310885968813	3.595968	78.4469205342
0.09773843811168245	7.157471	78.8013483394
0.09948376736367678	3.829221	66.0197074101
0.10122909661567112	0.9073671	59.6969109071
0.10297442586766545	8.075536	73.506876187
0.10471975511965977	9.632473	76.3411813542
0.10646508437165408	9.298221	71.0736796069
0.10821041362364843	8.025665	64.7824832611
0.10995574287564278	1.557393	52.7374566925
0.1117010721276371	3.697926	52.7269565351
0.11344640137963143	8.708286	57.4352806369
0.11519173063162574	7.466271	53.6435836242
0.11693705988362009	11.18059	56.1463934844
0.11868238913561441	9.79171	53.2706475079
0.12042771838760875	3.889978	44.0356019635
0.12217304763960307	6.143721	44.9506714249
0.12391837689159739	6.089851	45.2955741614
0.12566370614359174	5.788918	46.3949903221
0.12740903539558604	12.15066	54.0174536388
0.1291543646475804	9.875971	50.1654446527
0.13089969389957473	5.588596	43.9256928563
0.13264502315156904	6.647438	44.0111153651
0.1343903524035634	3.828952	40.7996006837
0.1361356816555577	3.924907	42.5431468515
0.13788101090755206	8.337721	48.0764536832
0.13962634015954636	6.134912	45.0091030148
0.1413716694115407	4.575173	42.5775499747
0.143116998663535	4.268123	39.8240239891
0.14486232791552936	1.071405	34.2341556194
0.1466076571675237	1.075072	34.6505479307
0.148352986419518	2.429416	36.2724722694
0.15009831567151236	1.369084	35.1991578408
0.15184364492350666	2.015232	36.1957225375
0.153588974175501	1.344452	33.6706428195
0.15533430342749535	0.1744102	30.9922763515
0.15707963267948966	0.6077236	31.9536768228
0.158824961931484	0.1213509	31.5601213517
0.1605702911834783	0.3782194	32.5270410167
0.16231562043547265	1.717874	34.6512575883
0.16406094968746698	1.049103	32.4432578167
0.16580627893946132	1.738294	31.7406634678
0.16755160819145565	2.086878	31.5518670214
0.16929693744344995	1.069542	29.8035541067
0.1710422666954443	2.088454	31.3312035702
0.17278759594743864	2.66981	32.4041435238
0.17453292519943298	1.908458	30.468409488
0.17627825445142728	3.150878	30.3884866606
0.1780235837034216	2.644975	28.4002928472
0.17976891295541597	1.748277	26.1078735215
0.18151424220741028	2.813801	27.0475622686
0.1832595714594046	2.296424	26.6509634779
0.1850049007113989	1.932079	26.0517333805
0.18675022996339327	3.37749	27.1827710416
0.1884955592153876	2.381532	25.331046861
0.1902408884673819	2.110509	24.3972845337
0.19198621771937627	2.959496	25.1494442408
0.19373154697137057	1.825943	23.9991967321
0.1954768762233649	2.060905	24.4390644769
0.19722220547535924	3.452392	25.7533596171
0.19896753472735357	2.390095	24.1419175059
0.20071286397934793	2.5087	24.0847850932
0.20245819323134223	2.789831	24.2563400138
0.20420352248333656	1.436766	22.8974321879
0.2059488517353309	1.792145	23.5295441009
0.20769418098732523	2.635228	23.9981686338
0.20943951023931953	1.741202	22.486950209
0.2111848394913139	1.883731	22.5100710758
0.21293016874330817	1.560187	22.0302372841
0.21467549799530256	0.4361109	21.2430334977
0.21642082724729686	0.5522591	21.9414837868
0.2181661564992912	0.7065032	21.6863220606
0.21991148575128555	0.3340449	20.6832632577
0.22165681500327983	0.6677197	20.6290065036
0.2234021442552742	0.3575939	19.8111583855
0.22514747350726852	0.1168544	19.9980690708
0.22689280275926285	0.2201236	20.9650597805
0.22863813201125716	0.03242243	20.7204141185
0.2303834612632515	0.2342595	20.5154312049
0.23212879051524585	0.6266465	20.1107426331
0.23387411976724018	0.4188628	18.5787861349
0.23561944901923448	0.8169759	18.5647082054
0.23736477827122882	0.8052223	18.8808118671
0.23911010752322315	0.5280549	18.7386262804
0.2408554367752175	1.044669	19.3594995576
0.24260076602721184	1.221505	19.0503844423
0.24434609527920614	1.00396	17.5960656491
0.24609142453120048	1.468951	17.2591525299
0.24783675378319478	1.017655	16.6307419234
0.24958208303518917	0.6377756	16.4673253002
0.25132741228718347	1.136375	17.4756141538
0.2530727415391778	1.056714	17.4827155308
0.2548180707911721	1.067724	16.9689877709
0.2565634000431664	1.647954	16.9258202563
0.2583087292951608	0.9695537	15.8019194057
0.26005405854715513	0.6084513	15.5189560651
0.26179938779914946	0.9653077	16.3169493557
0.26354471705114374	0.7417614	16.4037121568
0.26529004630313807	1.052029	16.7901271315
0.26703537555513246	1.765401	17.1749086332
0.2687807048071268	1.099346	15.8975138939
0.27052603405912107	0.7294739	15.1888568777
0.2722713633111154	0.7908226	15.0509083064
0.27401669256310973	0.4682923	14.6252879238
0.2757620218151041	0.8347791	15.1276891281
0.2775073510670984	1.44397	15.6269356187
0.2792526803190927	0.979809	14.8111571499
0.28099800957108706	0.6992735	14.3566301025
0.2827433388230814	0.4706921	13.8757878521
0.2844886680750758	0.1133896	13.3861059851
0.28623399732707	0.3036573	13.7762336449
0.2879793265790644	0.5553097	13.9924896787
0.2897246558310587	0.3986249	13.5953931455
0.29146998508305305	0.4615038	13.505620973
0.2932153143350474	0.2168601	12.9734653411
0.29496064358704166	0.04291845	12.7877800768
0.296705972839036	0.1703129	13.3688590043
0.2984513020910304	0.1286387	13.6395068423
0.3001966313430247	0.2010738	13.7789426714
0.30194196059501904	0.5173528	13.8895299411
0.3036872898470133	0.2742268	12.9645986803
0.30543261909900765	0.2109528	12.3558468828
0.307177948351002	0.3019815	12.4003554269
0.3089232776029963	0.1641326	12.4471917265
0.3106686068549907	0.3806163	13.0069209427
0.312413936106985	0.7557801	13.5167946382
0.3141592653589793	0.5267789	12.8226512917
0.31590459461097364	0.4815295	12.1175551652
0.317649923862968	0.3956343	11.4889311096
0.3193952531149623	0.1623099	10.9857646061
0.3211405823669566	0.390218	11.4326513077
0.32288591161895097	0.6891091	12.0904666247
0.3246312408709453	0.60151	12.0862761765
0.32637657012293964	0.7175859	12.046031073
0.32812189937493397	0.4893499	11.3871861648
0.32986722862692824	0.1409414	10.6036299991
0.33161255787892263	0.2786387	10.7006699771
0.33335788713091696	0.4224711	11.0733689261
0.3351032163829113	0.4621531	11.4326372753
0.3368485456349056	0.7745115	12.0160679457
0.3385938748868999	0.5337333	11.6577292517
0.3403392041388943	0.1579669	10.916468262
0.3420845333908886	0.2006164	10.66964519
0.3438298626428829	0.1963518	10.4977019948
0.3455751918948773	0.268211	10.6503288614
0.34732052114687156	0.6479287	11.2841325445
0.34906585039886595	0.4841733	11.1709677435
0.3508111796508603	0.2317872	10.7734063286
0.35255650890285456	0.2293548	10.5149129765
0.3543018381548489	0.1214264	10.0883393355
0.3560471674068432	0.1914084	10.0448172255
0.35779249665883756	0.5356936	10.4820237424
0.35953782591083194	0.4575114	10.4655536835
0.3612831551628262	0.3919257	10.424147384
0.36302848441482055	0.3664551	10.2748870858
0.3647738136668149	0.159848	9.82163472846
0.3665191429188092	0.1842188	9.77523296134
0.3682644721708036	0.4133158	10.0998939727
0.3700098014227978	0.3361997	10.1557915487
0.3717551306747922	0.3821796	10.3610129933
0.37350045992678654	0.3601223	10.2566192421
0.3752457891787809	0.1420092	9.71577990577
0.3769911184307752	0.1341639	9.47313162498
0.3787364476827695	0.2296004	9.44889227557
0.3804817769347638	0.1111546	9.34220046981
0.38222710618675815	0.1765676	9.604281999
0.38397243543875254	0.1613123	9.62124321409
0.38571776469074687	0.04222818	9.26175275668
0.38746309394274114	0.07156881	8.98360302437
0.3892084231947355	0.09522109	8.63004123686
0.3909537524467298	0.0361524	8.26172948431
0.39269908169872414	0.181653	8.38233579348
0.39444441095071847	0.1929329	8.45362473365
0.3961897402027128	0.1950017	8.49422678958
0.39793506945470714	0.2741124	8.61182855538
0.3996803987067014	0.2150182	8.43645053162
0.40142572795869585	0.1826897	8.19079396713
0.4031710572106902	0.3636788	8.26697902773
0.40491638646268446	0.3228729	8.20438636409
0.4066617157146788	0.3539952	8.34489742922
0.4084070449666731	0.4935989	8.7264479562
0.41015237421866746	0.4266507	8.84964059781
0.4118977034706618	0.39261	8.91491794078
0.41364303272265607	0.5116384	9.06660051561
0.41538836197465046	0.3116926	8.79482101256
0.41713369122664473	0.2057151	8.64623205694
0.41887902047863906	0.298641	8.77715655167
0.4206243497306334	0.2673509	8.79916072542
0.4223696789826278	0.2866527	8.90409042532
0.4241150082346221	0.4105046	9.05821941441
0.42586033748661634	0.2079602	8.71438169684
0.4276056667386108	0.06367185	8.35835656621
0.4293509959906051	0.07903617	8.12142119353
0.4310963252425994	0.04494365	7.83236142226
0.4328416544945937	0.09545389	7.76673452367
0.43458698374658805	0.2250105	7.85240534269
0.4363323129985824	0.1211757	7.65123414493
0.4380776422505767	0.07952604	7.49760825061
0.4398229715025711	0.0716732	7.28831581588
0.44156830075456543	0.02833909	6.97073643242
0.44331363000655966	0.1132384	6.89484236969
0.445058959258554	0.2420122	6.96961364896
0.4468042885105484	0.204738	6.93826124876
0.4485496177625427	0.2431335	7.10406057954
0.45029494701453704	0.1847035	7.16360900876
0.45204027626653137	0.06509021	7.08149575954
0.4537856055185257	0.1263847	7.19204661261
0.45553093477052004	0.2311109	7.31514662202
0.4572762640225143	0.2204359	7.29016504446
0.45902159327450864	0.3169188	7.47559935784
0.460766922526503	0.2561927	7.56344714464
0.4625122517784973	0.09579324	7.56812719977
0.4642575810304917	0.1074324	7.77518409749
0.466002910282486	0.14896	7.9184916471
0.46774823953448036	0.1075284	7.83020492166
0.46949356878647464	0.2109048	7.83377760341
0.47123889803846897	0.1875779	7.67921358299
0.47298422729046335	0.07941868	7.48417913474
0.47472955654245763	0.0998064	7.52359859391
0.47647488579445196	0.112513	7.56371020601
0.4782202150464463	0.05447747	7.47557225902
0.4799655442984406	0.1399575	7.45300533205
0.481710873550435	0.1342891	7.20477002056
0.48345620280242924	0.09133231	6.89689732903
0.4852015320544237	0.1375648	6.77477809415
0.48694686130641796	0.1381838	6.68613544643
0.4886921905584123	0.08350218	6.63271824195
0.4904375198104066	0.1458586	6.72557383568
0.49218284906240095	0.1176869	6.59454023259
0.4939281783143953	0.1014672	6.39847627661
0.49567350756638956	0.1667103	6.31691061456
0.4974188368183839	0.1703013	6.22290731143
0.49916416607037833	0.1378458	6.23292213013
0.5009094953223726	0.1854537	6.45707972279
0.5026548245743669	0.1068888	6.50055076556
0.5044001538263613	0.0606757	6.49091447426
0.5061454830783556	0.1091509	6.51510823099
0.5078908123303499	0.1142553	6.41091094314
0.5096361415823442	0.1188736	6.3403488748
0.5113814708343386	0.1881506	6.4735270293
0.5131268000863328	0.1024747	6.51892333972
0.5148721293383272	0.039752	6.62672244098
0.5166174585903216	0.05990906	6.79286764345
0.5183627878423159	0.04986007	6.77345243208
0.5201081170943103	0.07479443	6.65269615692
0.5218534463463045	0.1702616	6.56277913175
0.5235987755982989	0.1134846	6.3321650795
0.5253441048502933	0.07317628	6.23169450067
0.5270894341022875	0.08196056	6.29852010438
0.5288347633542818	0.05083782	6.32865163152
0.5305800926062761	0.07827778	6.35338392398
0.5323254218582705	0.1862934	6.34573639312
0.5340707511102649	0.1558111	6.07025986649
0.5358160803622593	0.1475982	5.81451228946
0.5375614096142536	0.1619644	5.66516985131
0.5393067388662478	0.1099212	5.54372312121
0.5410520681182421	0.1107535	5.57742963143
0.5427973973702365	0.1894388	5.69895862278
0.5445427266222308	0.1417245	5.59159834553
0.5462880558742251	0.1374954	5.46984237679
0.5480333851262195	0.1730843	5.37981488947
0.5497787143782138	0.1406469	5.26344199537
0.5515240436302082	0.1327131	5.30408726472
0.5532693728822025	0.1740365	5.48369953987
0.5550147021341968	0.08736031	5.49866515312
0.5567600313861911	0.04843282	5.50938068609
0.5585053606381855	0.07257564	5.51415491916
0.5602506898901798	0.06342975	5.43695169647
0.5619960191421741	0.07578929	5.45736681303
0.5637413483941685	0.1197009	5.6205753838
0.5654866776461628	0.04668261	5.70945103501
0.5672320068981571	0.01137737	5.85272594291
0.5689773361501516	0.01789226	5.97118458999
0.5707226654021459	0.01015287	5.94096956763
0.57246799465414	0.04384425	5.88532760621
0.5742133239061344	0.1026792	5.85406924214
0.5759586531581288	0.05439548	5.74425885146
0.5777039824101231	0.04098007	5.76021848835
0.5794493116621174	0.03851735	5.83647928372
0.5811946409141118	0.02400842	5.85737045713
0.5829399701661061	0.08858023	5.89162605805
0.5846852994181004	0.185468	5.87394271021
0.5864306286700948	0.1557334	5.65368785159
0.5881759579220891	0.14179	5.46645351803
0.5899212871740833	0.1161969	5.31156519327
0.5916666164260777	0.05999305	5.15671652394
0.593411945678072	0.101124	5.13933403718
0.5951572749300664	0.207931	5.18076130562
0.5969026041820608	0.1947672	5.05681600015
0.598647933434055	0.1930011	4.9513558098
0.6003932626860494	0.1858427	4.8528032889
0.6021385919380438	0.1183877	4.70456454792
0.6038839211900381	0.09692283	4.64848241543
0.6056292504420324	0.1419531	4.6638132279
0.6073745796940266	0.1031626	4.55380733157
0.609119908946021	0.09786137	4.49226824657
0.6108652381980153	0.1216507	4.49153724531
0.6126105674500096	0.09907574	4.48317595742
0.614355896702004	0.07269453	4.55659134519
0.6161012259539983	0.07900664	4.70061865589
0.6178465552059926	0.02696552	4.73535525017
0.6195918844579871	0.01523841	4.77223881302
0.6213372137099814	0.02811954	4.79456173209
0.6230825429619757	0.02256202	4.76581748045
0.62482787221397	0.02485589	4.79420233622
0.6265732014659643	0.04181056	4.90764649213
0.6283185307179586	0.008788808	4.99247966505
0.630063859969953	0.02053241	5.14291281944
0.6318091892219473	0.02890798	5.26829959054
0.6335545184739416	0.01994538	5.29556024882
0.635299847725936	0.05578644	5.31489689105
0.6370451769779303	0.1005024	5.32619335715
0.6387905062299246	0.0604658	5.2470591358
0.6405358354819191	0.06170144	5.25757226917
0.6422811647339132	0.06605626	5.31653503485
0.6440264939859075	0.05097101	5.34316176335
0.6457718232379019	0.1102644	5.40979840822
0.6475171524898963	0.1972856	5.45472580229
0.6492624817418906	0.1565728	5.31726356255
0.6510078109938849	0.1279311	5.20262260692
0.6527531402458793	0.1235538	5.15928590078
0.6544984694978736	0.08729233	5.12134923403
0.6562437987498679	0.1017126	5.16177441453
0.6579891280018623	0.1745766	5.23804092684
0.6597344572538565	0.1429312	5.13278860695
0.6614797865058508	0.116184	4.98980229122
0.6632251157578453	0.1368043	4.89508836339
0.6649704450098396	0.1193589	4.80269728834
0.6667157742618339	0.08647951	4.78815771919
0.6684611035138281	0.0996797	4.88684853229
0.6702064327658226	0.05679667	4.90683932608
0.6719517620178169	0.02964218	4.88623539514
0.6736970912698113	0.05347859	4.83635197898
0.6754424205218056	0.0634819	4.6968256075
0.6771877497737998	0.04557024	4.54277164589
0.6789330790257941	0.05018028	4.49170254443
0.6806784082777886	0.01691601	4.47525865406
0.6824237375297829	0.001137341	4.54492481459
0.6841690667817772	0.008249326	4.64608521439
0.6859143960337715	0.01165417	4.65256636742
0.6876597252857658	0.02383195	4.56095054525
0.6894050545377601	0.05522589	4.42368317421
0.6911503837897546	0.0259382	4.20622876943
0.6928957130417489	0.0118628	4.07616697436
0.6946410422937431	0.02033318	4.08283088733
0.6963863715457375	0.02121154	4.13634415466
0.6981317007977319	0.05547592	4.2089491552
0.6998770300497262	0.1251802	4.2501372429
0.7016223593017206	0.09988904	4.09103714164
0.7033676885537148	0.06710809	3.87224226035
0.7051130178057091	0.07768386	3.72785766207
0.7068583470577035	0.06806516	3.63379257572
0.7086036763096978	0.06274174	3.62967182906
0.7103490055616921	0.120091	3.74186809862
0.7120943348136864	0.1129873	3.75872044805
0.7138396640656808	0.09430727	3.70130492266
0.7155849933176751	0.1361513	3.65415082758
0.7173303225696696	0.1483984	3.55479184827
0.7190756518216639	0.09292331	3.4335359016
0.7208209810736581	0.08103031	3.44821739023
0.7225663103256524	0.05647987	3.5085357917
0.7243116395776468	0.03523786	3.5976199006
0.7260569688296411	0.07873619	3.7364029731
0.7278022980816354	0.1236911	3.80288155385
0.7295476273336298	0.09046107	3.72907571125
0.7312929565856241	0.06825732	3.67010405221
0.7330382858376184	0.04233195	3.64444338387
0.7347836150896128	0.01233864	3.69417292327
0.7365289443416072	0.01542894	3.86892401585
0.7382742735936013	0.04115441	4.08030960667
0.7400196028455956	0.03513821	4.20071507792
0.7417649320975901	0.04225219	4.26270109788
0.7435102613495844	0.03244515	4.22943757319
0.7452555906015788	0.01211696	4.15396401943
0.7470009198535731	0.007533153	4.14516007501
0.7487462491055674	0.01714323	4.22030910711
0.7504915783575618	0.01612397	4.33209245901
0.7522369076095561	0.04215072	4.49836943849
0.7539822368615504	0.03944823	4.60022785243
0.7557275661135446	0.0214641	4.60620618502
0.757472895365539	0.03085994	4.57746407891
0.7592182246175333	0.04342025	4.51585175555
0.7609635538695276	0.02246211	4.41832032634
0.7627088831215221	0.03838176	4.40938643793
0.7644542123735163	0.04623696	4.44085736187
0.7661995416255106	0.03884484	4.46864501638
0.7679448708775051	0.06816124	4.52197101737
0.7696902001294994	0.1007959	4.53369103942
0.7714355293814937	0.060192	4.41228213648
0.773180858633488	0.04172246	4.30063989093
0.7749261878854823	0.04746183	4.2326108375
0.7766715171374766	0.04084053	4.17813250723
0.778416846389471	0.06067237	4.18530813417
0.7801621756414654	0.1055645	4.22233336811
0.7819075048934596	0.07883701	4.14479093027
0.783652834145454	0.05567973	4.04297463846
0.7853981633974483	0.07090327	3.97666138788
0.7871434926494427	0.06758277	3.9010831542
0.7888888219014369	0.05015553	3.8540271967
0.7906341511534312	0.06560568	3.88779318381
0.7923794804054256	0.04555049	3.88837532845
0.7941248096574199	0.02903997	3.87689286295
0.7958701389094143	0.05515865	3.88337439065
0.7976154681614087	0.07264346	3.83874651832
0.7993607974134028	0.05022266	3.73980822347
0.8011061266653973	0.04627618	3.69523451084
0.8028514559173917	0.02751789	3.68188106232
0.8045967851693859	0.008128682	3.7187162009
0.8063421144213804	0.01554177	3.81768178755
0.8080874436733746	0.03009137	3.90305297588
0.8098327729253689	0.02058185	3.9104945353
0.8115781021773633	0.02603982	3.89187383306
0.8133234314293576	0.01836087	3.83573503224
0.815068760681352	0.006367119	3.79236967488
0.8168140899333463	0.005365326	3.81782795031
0.8185594191853405	0.009733489	3.89590473501
0.8203047484373349	0.00648627	3.98146558172
0.8220500776893291	0.02455845	4.07808238807
0.8237954069413236	0.02042349	4.1046138318
0.8255407361933178	0.01046419	4.07541458531
0.8272860654453121	0.02147559	4.05495586107
0.8290313946973066	0.03000098	4.04399835026
0.8307767239493009	0.01490247	4.03749349301
0.8325220532012952	0.02982971	4.10592108135
0.8342673824532895	0.03482361	4.17958375526
0.8360127117052839	0.03301249	4.22270118356
0.8377580409572781	0.06804591	4.26856462389
0.8395033702092726	0.1009118	4.26970075332
0.8412486994612668	0.06505609	4.1694688005
0.8429940287132611	0.04506816	4.10521914566
0.8447393579652556	0.0483863	4.10982844156
0.8464846872172498	0.04291504	4.13992135553
0.8482300164692442	0.06415352	4.21634125553
0.8499753457212387	0.1125266	4.3019699075
0.8517206749732327	0.09538926	4.2620460936
0.8534660042252271	0.07455886	4.17435374732
0.8552113334772216	0.09509296	4.11705640316
0.8569566627292158	0.09293942	4.048303004
0.8587019919812102	0.05640072	3.98904655232
0.8604473212332044	0.05502738	4.01643369164
0.8621926504851988	0.04397858	4.04517272613
0.8639379797371932	0.03331656	4.05929518818
0.8656833089891874	0.06421542	4.08278490109
0.8674286382411819	0.09056859	4.04724231724
0.8691739674931761	0.05613851	3.91566383872
0.8709192967451703	0.03282778	3.80830252774
0.8726646259971648	0.02553653	3.74904549342
0.8744099552491592	0.01310647	3.73106859074
0.8761552845011534	0.007839665	3.76585426693
0.8779006137531478	0.01942201	3.81430123501
0.8796459430051422	0.01012706	3.79544458849
0.8813912722571364	0.006409458	3.73856301986
0.8831366015091309	0.008505422	3.6504781424
0.8848819307611251	0.007436687	3.5474152351
0.8866272600131193	0.0001236637	3.47306005403
0.8883725892651138	0.0038266	3.4567983068
0.890117918517108	0.006986912	3.4674354442
0.8918632477691024	0.01981254	3.504933502
0.8936085770210968	0.01753842	3.51494963692
0.895353906273091	0.01121398	3.47478526596
0.8970992355250854	0.01942714	3.40934141871
0.8988445647770799	0.03211744	3.33416979311
0.9005898940290741	0.02033106	3.24199996418
0.9023352232810685	0.02767858	3.20985481616
0.9040805525330627	0.0430876	3.23495562472
0.905825881785057	0.04951569	3.27110870699
0.9075712110370514	0.06768799	3.30996751323
0.9093165402890457	0.09327879	3.32741823033
0.9110618695410401	0.0661551	3.25078599126
0.9128071987930344	0.04411726	3.16104904256
0.9145525280450286	0.06427958	3.12878045986
0.9162978572970231	0.07567814	3.11946731858
0.9180431865490173	0.06311961	3.12534648284
0.9197885158010117	0.07689422	3.18343329297
0.921533845053006	0.07404919	3.21142766129
0.9232791743050003	0.06191252	3.2015003371
0.9250245035569946	0.08510385	3.20362429796
0.9267698328089891	0.1041053	3.18223763344
0.9285151620609834	0.06400985	3.10769687999
0.9302604913129776	0.0405111	3.08809743353
0.932005820564972	0.04439704	3.1260050788
0.9337511498169663	0.03818135	3.16870438537
0.9354964790689607	0.03634527	3.21901820399
0.9372418083209549	0.05373365	3.25464085582
0.9389871375729493	0.03832023	3.20546094642
0.9407324668249436	0.02401933	3.14432652588
0.9424777960769379	0.03530657	3.12491709648
0.9442231253289324	0.0351771	3.11933206941
0.9459684545809267	0.00993467	3.12945270335
0.9477137838329208	0.005427844	3.18331794604
0.9494591130849153	0.002664525	3.21372657527
0.9512044423369097	0.001565288	3.21374729304
0.9529497715889039	0.01226893	3.20091239399
0.9546951008408984	0.02085982	3.15221921201
0.9564404300928926	0.007035403	3.06989665789
0.9581857593448869	0.002908335	3.02899211178
0.9599310885968813	0.0003372041	3.02346717318
0.9616764178488756	0.001603604	3.04593628526
0.96342174710087	0.01515416	3.09489207024
0.9651670763528643	0.03286388	3.1228617937
0.9669124056048585	0.03002203	3.07580216683
0.9686577348568529	0.02953176	2.9981177862
0.9704030641088474	0.02172755	2.90448253941
0.9721483933608416	0.009984029	2.814711936
0.9738937226128359	0.01435057	2.77510916185
0.9756390518648302	0.03359355	2.79176879643
0.9773843811168246	0.03432829	2.80670390584
0.979129710368819	0.04506617	2.82652910805
0.9808750396208132	0.06362576	2.82703780218
0.9826203688728075	0.06381208	2.76334017158
0.9843656981248019	0.04907502	2.64952524967
0.9861110273767961	0.04302703	2.54246055029
0.9878563566287906	0.02204863	2.44623302793
0.9896016858807848	0.01383866	2.40870658396
0.9913470151327791	0.03833091	2.44696745794
0.9930923443847736	0.06210972	2.49960877666
0.9948376736367678	0.0569724	2.50665134185
0.9965830028887622	0.05637266	2.47783094169
0.9983283321407567	0.04761848	2.39182192485
1.0000736613927508	0.02927111	2.27433913497
1.0018189906447452	0.02274505	2.18585337726
1.0035643198967397	0.02734716	2.14811551691
1.0053096491487339	0.0162189	2.14362950994
1.0070549784007283	0.01870113	2.19122111329
1.0088003076527225	0.03178191	2.24725344351
1.0105456369047168	0.03405407	2.26092981863
1.0122909661567112	0.02653969	2.22767226995
1.0140362954087054	0.02429285	2.1616344718
1.0157816246606999	0.008998899	2.06583402618
1.017526953912694	0.001961575	2.01000898353
1.0192722831646883	0.009546495	2.02108111843
1.0210176124166828	0.01654105	2.07259338545
1.0227629416686772	0.01650771	2.1407690115
1.0245082709206714	0.02350173	2.20401525834
1.0262536001726656	0.01562027	2.20197308184
1.02799892942466	0.007609723	2.15834197689
1.0297442586766543	0.01379496	2.11617134768
1.0314895879286488	0.0192718	2.07709513549
1.0332349171806432	0.01148242	2.0553754582
1.0349802464326374	0.01735755	2.10054601674
1.0367255756846319	0.01991491	2.17444223473
1.038470904936626	0.01851457	2.24602400482
1.0402162341886205	0.0303847	2.31204507099
1.041961563440615	0.04187443	2.3302096771
1.043706892692609	0.02333748	2.26556816898
1.0454522219446034	0.01520448	2.20219004601
1.0471975511965979	0.02385452	2.18325018042
1.048942880448592	0.02510699	2.19640748507
1.0506882097005865	0.02464204	2.25501452643
1.0524335389525807	0.03695245	2.35516046506
1.054178868204575	0.0291501	2.41738026749
1.0559241974565694	0.02282203	2.44191396766
1.0576695267085636	0.03886284	2.44821397183
1.059414855960558	0.04505228	2.4016185297
1.0611601852125523	0.02323305	2.31040908713
1.0629055144645467	0.01701353	2.26759252316
1.064650843716541	0.01729241	2.28110004706
1.0663961729685354	0.01423142	2.33340376844
1.0681415022205298	0.02434236	2.4249468017
1.069886831472524	0.03858452	2.50492030422
1.0716321607245185	0.02426984	2.49986866095
1.0733774899765127	0.01618529	2.45017582365
1.0751228192285072	0.02339945	2.38673468584
1.0768681484805014	0.02048362	2.30217516071
1.0786134777324956	0.01017364	2.23363676887
1.08035880698449	0.01471554	2.23224788742
1.0821041362364843	0.01040796	2.2635593581
1.0838494654884787	0.009366067	2.31676749522
1.085594794740473	0.02511345	2.37999301337
1.0873401239924672	0.03331323	2.39065950377
1.0890854532444616	0.01851685	2.31616414544
1.0908307824964558	0.01414613	2.21797991301
1.0925761117484503	0.01158161	2.12020889761
1.0943214410004447	0.007421268	2.04225583066
1.096066770252439	0.01828887	2.02343215425
1.0978120995044334	0.03461054	2.05564007559
1.0995574287564276	0.02713866	2.08026726898
1.101302758008422	0.02695693	2.10125849705
1.1030480872604165	0.03866152	2.10296136243
1.1047934165124107	0.03733473	2.04369824796
1.106538745764405	0.0280961	1.93793205033
1.1082840750163994	0.03117702	1.84244932816
1.1100294042683936	0.02268179	1.76129075152
1.111774733520388	0.02083201	1.72453294789
1.1135200627723822	0.04605337	1.75193662518
1.1152653920243765	0.06494682	1.79037136633
1.117010721276371	0.05203694	1.78440833947
1.1187560505283651	0.04882536	1.758907837
1.1205013797803596	0.05191171	1.70696486861
1.1222467090323538	0.04322804	1.61945914612
1.1239920382843482	0.04028077	1.53638325434
1.1257373675363425	0.04851533	1.48721694642
1.127482696788337	0.036636	1.45041986434
1.1292280260403311	0.03513153	1.45287082379
1.1309733552923256	0.06205042	1.49582640675
1.13271868454432	0.07529417	1.51563301618
1.1344640137963142	0.05695327	1.47976479556
1.1362093430483085	0.04999431	1.42772822156
1.1379546723003031	0.04684149	1.359519462
1.1397000015522971	0.03624939	1.2861843641
1.1414453308042918	0.03764377	1.24805865161
1.143190660056286	0.04714599	1.24757728781
1.14493598930828	0.03420073	1.25035493222
1.1466813185602747	0.03111264	1.27684778034
1.1484266478122689	0.05131412	1.3170703803
1.1501719770642633	0.05727543	1.31745363449
1.1519173063162575	0.03832531	1.26677379714
1.1536626355682518	0.03140602	1.20714228437
1.1554079648202462	0.02759514	1.14414350144
1.1571532940722404	0.02008056	1.09963961104
1.1588986233242349	0.02320429	1.10286728928
1.160643952576229	0.03069189	1.13857243162
1.1623892818282235	0.01901732	1.16843368979
1.1641346110802178	0.01513425	1.20211200918
1.1658799403322122	0.0270762	1.22468590811
1.1676252695842066	0.02925464	1.20465940341
1.1693705988362009	0.01574855	1.1486615273
1.171115928088195	0.01226796	1.09468163749
1.1728612573401895	0.01037542	1.05002659901
1.1746065865921838	0.00688087	1.03542453035
1.1763519158441782	0.009118225	1.06240535
1.1780972450961724	0.01335868	1.10818496127
1.1798425743481666	0.005435097	1.140392006
1.181587903600161	0.003179473	1.16304479859
1.1833332328521553	0.009007882	1.16386735853
1.18507856210415	0.0104143	1.13281264329
1.186823891356144	0.003744624	1.08323897948
1.1885692206081382	0.003151892	1.04177597199
1.1903145498601329	0.00227745	1.01345245114
1.192059879112127	0.001366538	1.01429672424
1.1938052083641215	0.002062851	1.04391125631
1.1955505376161157	0.004173445	1.08174068341
1.19729586686811	0.0005303203	1.10423581448
1.1990411961201044	0.0003626945	1.11192881693
1.2007865253720988	0.002259293	1.09638267949
1.2025318546240933	0.00328983	1.06163718327
1.2042771838760875	0.0006867178	1.02210635406
1.2060225131280817	0.001120402	0.995531796652
1.2077678423800762	0.0003013675	0.983602441446
1.2095131716320704	0.0005607072	0.994619803202
1.2112585008840648	0.0005966691	1.0197440967
1.213003830136059	0.001951279	1.04264345629
1.2147491593880533	0.0003632567	1.0482545447
1.2164944886400477	0.0008405609	1.04038156078
1.218239817892042	0.001057869	1.01829370404
1.2199851471440364	0.001795696	0.992006902141
1.2217304763960306	0.0003331164	0.970703930621
1.2234758056480248	0.0008968198	0.963392586911
1.2252211349000193	0.0001596392	0.96569475092
1.2269664641520137	0.0006221145	0.978233007675
1.228711793404008	0.0005393055	0.991672506036
1.2304571226560024	0.001753673	0.998618813533
1.2322024519079966	0.0002041167	0.991800112539
1.233947781159991	0.0004391134	0.978797081577
1.2356931104119853	0.001119412	0.962698724535
1.23743843966398	0.00225014	0.949807832033
1.2391837689159741	0.0001626261	0.94125264838
1.2409290981679681	0.0003859771	0.943519596938
1.2426744274199628	0.0007116965	0.951258556695
1.244419756671957	0.001312976	0.959894490654
1.2461650859239515	0.0003412968	0.962148389769
1.2479104151759457	0.001423695	0.958881685308
1.24965574442794	0.000133141	0.946129597317
1.2514010736799344	0.0001401327	0.931980132369
1.2531464029319286	0.002033159	0.922319301239
1.254891732183923	0.004284952	0.918858177701
1.2566370614359172	0.0007681007	0.9152521838
1.2583823906879115	0.0003884791	0.918864479366
1.260127719939906	0.003730958	0.925961051446
1.2618730491919004	0.005264063	0.926483263166
1.2636183784438946	0.001590925	0.915929288227
1.265363707695889	0.002001987	0.906204559598
1.2671090369478832	0.002294349	0.895941733137
1.2688543661998777	0.00211613	0.888549754775
1.270599695451872	0.00457758	0.888825851222
1.2723450247038663	0.008413785	0.893211410702
1.2740903539558606	0.003876393	0.888260869337
1.2758356832078548	0.003187791	0.884843551787
1.2775810124598492	0.01059231	0.886133192283
1.2793263417118435	0.01315737	0.880090297456
1.2810716709638381	0.005117701	0.864422215558
1.2828170002158321	0.003832692	0.859905825541
1.2845623294678263	0.006311675	0.864046163308
1.286307658719821	0.006071732	0.869656581058
1.288052987971815	0.007816049	0.878085189813
1.2897983172238097	0.01291938	0.885788379973
1.2915436464758039	0.009046215	0.87742743119
1.293288975727798	0.008451678	0.866696807951
1.2950343049797925	0.01774372	0.863649578982
1.296779634231787	0.02024474	0.856779201644
1.2985249634837812	0.00844872	0.843635553897
1.3002702927357757	0.00517501	0.849315643899
1.3020156219877699	0.009907268	0.870272668033
1.3037609512397643	0.01035779	0.888173622667
1.3055062804917585	0.009646212	0.898748755749
1.307251609743753	0.01464637	0.902943282837
1.3089969389957472	0.01408293	0.888449393539
1.3107422682477414	0.0142104	0.868341264038
1.3124875974997359	0.02154811	0.85871696562
1.31423292675173	0.02349329	0.854385954177
1.3159782560037245	0.01134656	0.850344373413
1.3177235852557188	0.006946159	0.866919975452
1.319468914507713	0.01364492	0.897931499931
1.3212142437597074	0.01550972	0.916370104502
1.3229595730117016	0.0108768	0.913911955028
1.324704902263696	0.0143842	0.90334680285
1.3264502315156905	0.019186	0.882510473859
1.3281955607676847	0.02039323	0.85977212611
1.3299408900196792	0.0226554	0.850783052691
1.3316862192716734	0.02396292	0.855509256434
1.3334315485236679	0.01485771	0.86208448386
1.335176877775662	0.01043846	0.880041638607
1.3369222070276563	0.01784335	0.904981699877
1.338667536279651	0.02076175	0.912388811852
1.3404128655316452	0.01221548	0.895060544355
1.3421581947836396	0.01306094	0.876572581427
1.3439035240356338	0.02171859	0.861914589088
1.345648853287628	0.02307871	0.84847090609
1.3473941825396225	0.01943189	0.844731408257
1.3491395117916167	0.02015428	0.856145888939
1.3508848410436112	0.01633429	0.86855101699
1.3526301702956054	0.01323806	0.881906476415
1.3543754995475996	0.01886537	0.895702943726
1.356120828799594	0.02135392	0.894659591591
1.3578661580515883	0.01127789	0.872996445403
1.3596114873035827	0.009398495	0.85611264006
1.3613568165555772	0.01828443	0.852353806199
1.3631021458075714	0.01955688	0.851090480931
1.3648474750595658	0.01244751	0.852280304928
1.36659280431156	0.01316722	0.865335559796
1.3683381335635545	0.01573016	0.878021276619
1.3700834628155487	0.01519542	0.882103772452
1.371828792067543	0.01672986	0.880373493043
1.3735741213195374	0.01810269	0.872514999839
1.3753194505715316	0.01089334	0.855732195123
1.3770647798235263	0.007825942	0.847474144343
1.3788101090755203	0.01387371	0.854045259759
1.3805554383275145	0.01526716	0.860552778611
1.3823007675795091	0.007640146	0.858470028305
1.3840460968315031	0.008445393	0.860314020118
1.3857914260834978	0.01650394	0.862923505366
1.387536755335492	0.01876744	0.856148515746
1.3892820845874863	0.01558772	0.844697095233
1.3910274138394807	0.01581419	0.84045343405
1.392772743091475	0.01364699	0.83888208047
1.3945180723434694	0.01007204	0.840586017677
1.3962634015954638	0.01111658	0.847566486912
1.398008730847458	0.01200027	0.849903235598
1.3997540600994525	0.005678977	0.838593921616
1.4014993893514467	0.006243767	0.829642061483
1.4032447186034411	0.0165785	0.829127499939
1.4049900478554354	0.02019918	0.824946076119
1.4067353771074296	0.01335892	0.816731352854
1.408480706359424	0.01231363	0.820552343063
1.4102260356114182	0.01428409	0.830677048779
1.4119713648634127	0.01077553	0.835849267979
1.413716694115407	0.007079701	0.838028967282
1.4154620233674011	0.00720005	0.838110314348
1.4172073526193956	0.003534536	0.828539557859
1.4189526818713898	0.003672847	0.820680624448
1.4206980111233842	0.0124811	0.822792839049
1.4224433403753785	0.01614342	0.822938868164
1.424188669627373	0.00867821	0.816728505219
1.4259339988793673	0.007477838	0.822282921454
1.4276793281313616	0.01250237	0.837030196855
1.429424657383356	0.01029291	0.843807532474
1.4311699866353502	0.003637022	0.842753678068
1.4329153158873444	0.003055716	0.84254208058
1.434660645139339	0.002500352	0.836633607422
1.436405974391333	0.002319775	0.828595469825
1.4381513036433278	0.007871668	0.827501986292
1.439896632895322	0.0115306	0.826808804699
1.4416419621473162	0.006135308	0.820027443198
1.4433872913993107	0.005717477	0.82262000946
1.4451326206513049	0.01230107	0.834583390559
1.4468779499032993	0.01133158	0.837129720388
1.4486232791552935	0.003097824	0.829087454405
1.4503686084072878	0.001784435	0.825692165577
1.4521139376592822	0.003413116	0.823215472233
1.4538592669112764	0.002990503	0.817530554523
1.4556045961632709	0.00557571	0.815296335079
1.457349925415265	0.009042841	0.81439179573
1.4590952546672595	0.005980826	0.806585690592
1.460840583919254	0.006042564	0.802930511316
1.4625859131712482	0.01214823	0.807506446188
1.4643312424232426	0.01149185	0.806308901247
1.4660765716752369	0.003176424	0.79828318482
1.467821900927231	0.001418769	0.799904164052
1.4695672301792255	0.003783351	0.807554492821
1.4713125594312197	0.003272532	0.809549276532
1.4730578886832144	0.003772449	0.808226942608
1.4748032179352084	0.006523879	0.80658701164
1.4765485471872026	0.005441021	0.799028200929
1.4782938764391973	0.005726741	0.792866110096
1.4800392056911913	0.009873746	0.79496797061
1.481784534943186	0.009378901	0.797568358327
1.4835298641951802	0.002897118	0.797507158223
1.4852751934471744	0.001206551	0.806125812668
1.4870205226991688	0.003521817	0.819908610913
1.488765851951163	0.003199484	0.824834978168
1.4905111812031575	0.001831624	0.820650036324
1.4922565104551517	0.003598409	0.816067387607
1.4940018397071462	0.005089237	0.80976743084
1.4957471689591406	0.005867224	0.803184347533
1.4974924982111348	0.007424348	0.802682087081
1.4992378274631293	0.007537165	0.807516866832
1.5009831567151235	0.003981996	0.812592251024
1.5027284859671177	0.002426279	0.821733833977
1.5044738152191122	0.004518772	0.832888839025
1.5062191444711064	0.004521515	0.834034250748
1.5079644737231008	0.001195046	0.822921395909
1.509709802975095	0.002105937	0.812246131132
1.5114551322270893	0.006498322	0.805422973546
1.5132004614790837	0.007602205	0.798597720173
1.514945790731078	0.006258514	0.79615419742
1.5166911199830724	0.006924526	0.803523619477
1.5184364492350666	0.006384817	0.813681158154
1.520181778487061	0.005076518	0.821338102732
1.5219271077390553	0.006663824	0.825798425062
1.5236724369910497	0.006900066	0.821452110497
1.5254177662430441	0.002413458	0.806414837364
1.5271630954950384	0.002284906	0.794013812317
1.5289084247470326	0.007741786	0.791013936516
1.5306537539990273	0.008443977	0.790098938869
1.5323990832510213	0.00466739	0.791099244468
1.534144412503016	0.005619404	0.802113686566
1.5358897417550101	0.008370291	0.816636020127
1.5376350710070041	0.007968438	0.822778073275
1.5393804002589988	0.007854399	0.821195894282
1.541125729510993	0.008067975	0.815758981817
1.5428710587629875	0.004834411	0.805288005444
1.5446163880149817	0.003541794	0.796253738677
1.546361717266976	0.007011026	0.795850186492
1.5481070465189704	0.007161953	0.798783162715
1.5498523757709646	0.002645845	0.801297153098
1.551597705022959	0.003624556	0.811507924379
1.5533430342749532	0.009718015	0.826760555912
1.5550883635269477	0.01092298	0.831427018578
1.556833692778942	0.00802294	0.824351759979
1.5585790220309363	0.008470019	0.817698194635
1.5603243512829308	0.009526403	0.811655000028
1.562069680534925	0.007393727	0.802678702001
1.5638150097869192	0.006160423	0.798304365282
1.5655603390389137	0.005720213	0.8013588239
1.567305668290908	0.00238538	0.805286460791
1.5690509975429023	0.002852154	0.812386153278
1.5707963267948966	0.01058521	0.823570565281
1.5725416560468908	0.01336803	0.824383109762
1.5742869852988854	0.008297755	0.811875498178
1.5760323145508797	0.009173066	0.804016910636
1.5777776438028739	0.01506847	0.803983381823
1.579522973054868	0.01247309	0.799059076916
1.5812683023068623	0.005718486	0.793843494975
1.583013631558857	0.004523672	0.798455333469
1.5847589608108512	0.003960164	0.804868734962
1.5865042900628454	0.003438162	0.807369359734
1.5882496193148399	0.009081226	0.811140326378
1.589994948566834	0.0124494	0.810572761617
1.5917402778188285	0.00805679	0.801891479258
1.593485607070823	0.009325225	0.799814993056
1.5952309363228174	0.01749528	0.807989224188
1.5969762655748114	0.01555139	0.809377389162
1.5987215948268056	0.005955731	0.804151898209
1.6004669240788003	0.004287691	0.80715839105
1.6022122533307945	0.007065841	0.813928157529
1.6039575825827892	0.005630649	0.813003789451
1.6057029118347834	0.005851486	0.810611827892
1.6074482410867772	0.008757047	0.811246808531
1.6091935703387719	0.008665927	0.810101872671
1.610938899590766	0.0101438	0.810919608699
1.6126842288427607	0.01629328	0.817799049009
1.614429558094755	0.01601542	0.819818959144
1.6161748873467492	0.008302187	0.814195706095
1.6179202165987434	0.006620526	0.813344761464
1.6196655458507379	0.01126141	0.817127680492
1.6214108751027323	0.009566508	0.812317017719
1.6231562043547265	0.004304198	0.802747618682
1.624901533606721	0.005805288	0.800734401439
1.6266468628587152	0.01058569	0.803838187405
1.6283921921107094	0.01131345	0.804934607242
1.630137521362704	0.01184465	0.807209409709
1.6318828506146983	0.01303218	0.809713625084
1.6336281798666925	0.01110315	0.807097000816
1.6353735091186867	0.01002084	0.802262951133
1.637118838370681	0.01354096	0.799263097112
1.6388641676226756	0.0125379	0.791831072598
1.6406094968746698	0.005842505	0.781703241022
1.642354826126664	0.005466136	0.781129024793
1.6441001553786583	0.01149647	0.79031244231
1.6458454846306525	0.01082265	0.796114885594
1.6475908138826472	0.006142568	0.798008396316
1.6493361431346414	0.00772424	0.802365873286
1.6510814723866356	0.01208962	0.805094996488
1.6528268016386303	0.01219729	0.799658380527
1.6545721308906243	0.01226281	0.791736891187
1.6563174601426187	0.01279685	0.786043338027
1.6580627893946132	0.01047127	0.782634396035
1.6598081186466074	0.008755932	0.78478494045
1.6615534478986018	0.01083989	0.795374207925
1.6632987771505963	0.009120375	0.805903325487
1.6650441064025905	0.003447257	0.811776036813
1.6667894356545847	0.003839059	0.817929106856
1.668534764906579	0.01063696	0.82295051226
1.6702800941585736	0.01190222	0.815473584277
1.6720254234105678	0.008768613	0.799523340512
1.673770752662562	0.01085949	0.790070376681
1.6755160819145563	0.01570989	0.789860125685
1.6772614111665505	0.0137719	0.791861004762
1.6790067404185451	0.009298402	0.799554138991
1.6807520696705394	0.007471153	0.813427747458
1.6824973989225336	0.005296157	0.823820441794
1.684242728174528	0.003502315	0.825848716221
1.6859880574265222	0.007343726	0.822409909542
1.6877333866785167	0.009167231	0.808079092272
1.6894787159305111	0.005801901	0.786000995301
1.6912240451825054	0.008537564	0.774102063045
1.6929693744344996	0.01774207	0.777813529852
1.6947147036864938	0.01660877	0.782527636769
1.6964600329384885	0.008119929	0.788138902428
1.6982053621904827	0.006835424	0.801835944779
1.6999506914424773	0.009097809	0.813782954244
1.7016960206944716	0.005671434	0.811349481323
1.7034413499464653	0.004041002	0.801120580215
1.70518667919846	0.005622243	0.787369589763
1.7069320084504542	0.00517961	0.770988010119
1.708677337702449	0.007125095	0.762190881243
1.7104226669544431	0.01426146	0.767703088365
1.7121679962064373	0.01413087	0.775820653625
1.7139133254584316	0.007263867	0.784031426689
1.7156586547104258	0.006346306	0.799412271368
1.7174039839624204	0.01004034	0.814641648588
1.7191493132144147	0.006860951	0.813626714279
1.7208946424664089	0.001952126	0.80087556504
1.7226399717184033	0.002777798	0.786914676172
1.7243853009703975	0.005906165	0.774194933498
1.726130630222392	0.006313792	0.765531019065
1.7278759594743864	0.007271351	0.76944760732
1.7296212887263807	0.007887038	0.783223837087
1.7313666179783749	0.006611089	0.800536891257
1.733111947230369	0.005600508	0.818140740064
1.7348572764823638	0.007242856	0.830074626794
1.736602605734358	0.005926068	0.824269789119
1.7383479349863522	0.002051247	0.80381468092
1.7400932642383464	0.00231597	0.782622440816
1.7418385934903406	0.007020327	0.768736832384
1.7435839227423353	0.006449357	0.761389660183
1.7453292519943295	0.002711388	0.766543712219
1.7470745812463238	0.003292734	0.785491761022
1.7488199104983184	0.00610353	0.808396649868
1.7505652397503124	0.004558339	0.822715802042
1.7523105690023069	0.003405768	0.82538968739
1.7540558982543013	0.003845754	0.813526584576
1.7558012275062955	0.003294646	0.790482199065
1.75754655675829	0.003526531	0.76716921507
1.7592918860102844	0.006947257	0.753797641938
1.7610372152622786	0.006195389	0.749692160131
1.7627825445142729	0.002239537	0.757217416706
1.764527873766267	0.001830197	0.777285852493
1.7662732030182617	0.00416169	0.801620224338
1.768018532270256	0.002498068	0.815938859709
1.7697638615222502	0.0006999758	0.817491349442
1.7715091907742444	0.001716805	0.807679692701
1.7732545200262386	0.003884753	0.789201950548
1.7749998492782333	0.004472292	0.766662374435
1.7767451785302275	0.005204031	0.750908864711
1.7784905077822217	0.004986792	0.747358403998
1.780235837034216	0.004246575	0.757611080567
1.7819811662862104	0.002688907	0.778460484082
1.7837264955382048	0.001993783	0.803742234239
1.785471824790199	0.0009012077	0.820077648555
1.7872171540421935	0.00001491919	0.82126524662
1.7889624832941877	0.0007190119	0.809897996586
1.790707812546182	0.004595019	0.791465774622
1.7924531417981766	0.005652528	0.767243506952
1.7941984710501708	0.003944582	0.748583519606
1.7959438003021653	0.004570176	0.746672287612
1.7976891295541597	0.00711088	0.759883752434
1.7994344588061535	0.004320227	0.776846011437
1.8011797880581482	0.0009112205	0.793777941428
1.8029251173101424	0.0003469827	0.802980001143
1.804670446562137	0.00004598422	0.798610360824
1.8064157758141313	0.000647847	0.785540834735
1.8081611050661255	0.00605941	0.772142935834
1.8099064343181197	0.007316367	0.754619124569
1.811651763570114	0.003900722	0.739506338473
1.8133970928221086	0.00501775	0.739091180243
1.8151424220741028	0.009118712	0.750157333783
1.816887751326097	0.005355588	0.75819939168
1.8186330805780915	0.0005346366	0.765470870886
1.8203784098300857	0.0002237694	0.773010758372
1.8221237390820801	0.0005018233	0.77450000004
1.8238690683340746	0.001067181	0.769168231703
1.8256143975860688	0.006255747	0.763654259768
1.827359726838063	0.007635242	0.753604185571
1.8291050560900572	0.004883449	0.743094600179
1.830850385342052	0.006138765	0.744262364054
1.8325957145940461	0.01007567	0.756906415831
1.8343410438460404	0.006565124	0.765973868578
1.8360863730980346	0.001316966	0.771568662372
1.8378317023500288	0.0006869329	0.777173965852
1.8395770316020235	0.002493514	0.777351175225
1.8413223608540177	0.00242082	0.766540470256
1.843067690106012	0.00399909	0.755160837704
1.8448130193580066	0.006377334	0.750503439425
1.8465583486100006	0.008544835	0.754129284206
1.848303677861995	0.009315272	0.764136321513
1.8500490071139892	0.01024613	0.777995407294
1.8517943363659837	0.008554606	0.783953224605
1.8535396656179781	0.005259536	0.77789452661
1.8552849948699723	0.003677696	0.765198133711
1.8570303241219668	0.006334282	0.752216141354
1.858775653373961	0.005818286	0.736515367026
1.8605209826259552	0.003199812	0.726662857361
1.8622663118779499	0.006335296	0.733445572092
1.864011641129944	0.01402111	0.752082717282
1.8657569703819383	0.01334807	0.763898148207
1.8675022996339325	0.008974174	0.76781760947
1.8692476288859268	0.009710005	0.768401140249
1.8709929581379214	0.01189067	0.762456069434
1.8727382873899157	0.009163317	0.746473079015
1.8744836166419099	0.008674327	0.73157555282
1.876228945893904	0.009058216	0.721449312853
1.8779742751458985	0.007515826	0.716185749348
1.879719604397893	0.008965632	0.719947779546
1.8814649336498872	0.01538274	0.734625124659
1.8832102629018816	0.01408245	0.746120855383
1.8849555921538759	0.007981645	0.752526444169
1.88670092140587	0.009378124	0.761791217171
1.8884462506578648	0.01591266	0.76890753483
1.890191579909859	0.01331678	0.75640813176
1.8919369091618534	0.008176694	0.732967116893
1.8936822384138474	0.01087633	0.716998400236
1.8954275676658416	0.01694321	0.710099216469
1.8971728969178363	0.01571836	0.704303848607
1.8989182261698305	0.01352192	0.70906479181
1.9006635554218252	0.01420248	0.726344478964
1.9024088846738194	0.01433086	0.744495678929
1.9041542139258136	0.01282358	0.754712496982
1.9058995431778079	0.01548086	0.758506253524
1.907644872429802	0.01540579	0.747153221948
1.9093902016817967	0.01193006	0.724282518718
1.911135530933791	0.01595231	0.708956949565
1.9128808601857852	0.02734706	0.707225638806
1.9146261894377794	0.0263766	0.702426751506
1.9163715186897738	0.01815077	0.700748099042
1.9181168479417683	0.02067952	0.717022226291
1.9198621771937625	0.02788477	0.739746604157
1.921607506445757	0.02170015	0.745809276191
1.9233528356977512	0.01400119	0.743654010337
1.9250981649497454	0.01592047	0.743422413763
1.92684349420174	0.02014376	0.739783548883
1.9285888234537343	0.02138474	0.730012282809
1.9303341527057285	0.02666476	0.725025481681
1.9320794819577227	0.02918634	0.722266386626
1.933824811209717	0.02660647	0.720754823672
1.9355701404617116	0.02735943	0.727187218065
1.9373154697137058	0.03189913	0.740469197892
1.9390607989657	0.02562279	0.743143526193
1.9408061282176947	0.01492936	0.737945546903
1.9425514574696887	0.01489405	0.738239069707
1.9442967867216832	0.02215682	0.741219463961
1.9460421159736774	0.01990326	0.731079821638
1.9477874452256718	0.01548134	0.718158833709
1.9495327744776663	0.02173696	0.718401907869
1.9512781037296605	0.03238141	0.726445325735
1.953023432981655	0.03154499	0.725594315918
1.9547687622336491	0.02733862	0.722934151276
1.9565140914856434	0.028556	0.72521651124
1.958259420737638	0.02967125	0.725520673963
1.9600047499896323	0.02530092	0.718082010371
1.9617500792416265	0.02446581	0.712844075986
1.9634954084936207	0.02349791	0.708234328434
1.965240737745615	0.0200384	0.703916213863
1.9669860669976096	0.02409917	0.709513076891
1.9687313962496038	0.03680337	0.725869051543
1.970476725501598	0.03670275	0.731083415063
1.9722220547535922	0.02889587	0.727414289301
1.9739673840055865	0.03451267	0.732805228561
1.9757127132575811	0.04592761	0.7402050657
1.9774580425095754	0.03879236	0.726705136747
1.9792033717615696	0.0270338	0.708017494518
1.980948701013564	0.02883743	0.705710302851
1.9826940302655582	0.03412998	0.71208133594
1.9844393595175527	0.02992255	0.712870227216
1.9861846887695471	0.02805855	0.71898404772
1.9879300180215416	0.03011385	0.730659146322
1.9896753472735356	0.03031988	0.738250309859
1.9914206765255298	0.03145078	0.741066945569
1.9931660057775245	0.03753479	0.743389329983
1.9949113350295187	0.03539278	0.733044924353
1.9966566642815133	0.02793543	0.714853045352
1.9984019935335076	0.03043678	0.707209722278
2.0001473227855016	0.03975213	0.709767336868
2.0018926520374962	0.0345301	0.702601209499
2.0036379812894904	0.02426172	0.696123972256
2.0053833105414847	0.0285585	0.708306060246
2.0071286397934793	0.03906349	0.728201973423
2.0088739690454736	0.03438679	0.732322330837
2.0106192982974678	0.02727663	0.730553702381
2.012364627549462	0.03204961	0.734114503236
2.0141099568014567	0.0391767	0.734650187759
2.015855286053451	0.03728661	0.723713115547
2.017600615305445	0.03720127	0.71436776789
2.0193459445574393	0.03896015	0.709702337525
2.0210912738094335	0.03776318	0.707735837253
2.022836603061428	0.03811061	0.711573253038
2.0245819323134224	0.04355997	0.72327934481
2.0263272615654166	0.03929105	0.727688810249
2.028072590817411	0.02973114	0.726087357412
2.029817920069405	0.03191218	0.731350448109
2.0315632493213998	0.04122187	0.740199566579
2.033308578573394	0.03541042	0.732970811267
2.035053907825388	0.02579801	0.7207667743
2.036799237077383	0.03176201	0.722880940785
2.0385445663293766	0.04354626	0.731248603038
2.0402898955813713	0.04004947	0.724580489469
2.0420352248333655	0.03417174	0.715474801791
2.0437805540853597	0.03916273	0.718012667376
2.0455258833373544	0.04536269	0.723067608736
2.0472712125893486	0.04129383	0.718797832711
2.049016541841343	0.03822223	0.717298738851
2.050761871093337	0.03743589	0.719982360297
2.0525072003453313	0.03453141	0.721145575073
2.054252529597326	0.03420376	0.723463970097
2.05599785884932	0.04126461	0.730880680007
2.0577431881013144	0.03991111	0.727472320322
2.0594885173533086	0.03385471	0.717110824637
2.0612338466053033	0.04202385	0.718363937245
2.0629791758572975	0.05758004	0.726170510464
2.0647245051092917	0.052567	0.715539285864
2.0664698343612864	0.04046004	0.700723584263
2.0682151636132806	0.04492311	0.704215526877
2.069960492865275	0.0529032	0.714413736106
2.0717058221172695	0.04212341	0.710162447949
2.0734511513692637	0.03091824	0.707535920202
2.075196480621258	0.03276416	0.717024068269
2.076941809873252	0.03675607	0.726795072222
2.0786871391252464	0.03561116	0.727650616964
2.080432468377241	0.03946679	0.728398753932
2.0821777976292353	0.04287062	0.72499484142
2.08392312688123	0.04287674	0.71705304631
2.0856684561332237	0.04660214	0.713397203557
2.087413785385218	0.05389417	0.717493895668
2.0891591146372126	0.04806227	0.715800927838
2.090904443889207	0.03680729	0.714626037654
2.0926497731412015	0.03758671	0.726551870691
2.0943951023931957	0.0448073	0.743365058612
2.0961404316451895	0.03727727	0.742474610064
2.097885760897184	0.02809634	0.734352423268
2.0996310901491784	0.03680398	0.736793865284
2.101376419401173	0.05218797	0.742194244179
2.1031217486531673	0.0507587	0.731707406018
2.1048670779051615	0.0464419	0.720445500263
2.1066124071571557	0.0539511	0.722888700458
2.10835773640915	0.0611069	0.728561883044
2.1101030656611446	0.05427447	0.723591243431
2.111848394913139	0.04793895	0.720515666907
2.113593724165133	0.04550576	0.721977170736
2.1153390534171272	0.04155501	0.721811297671
2.1170843826691215	0.04016701	0.721062661251
2.118829711921116	0.0466488	0.724895104107
2.1205750411731104	0.0450113	0.719715696037
2.1223203704251046	0.03930158	0.709706838545
2.124065699677099	0.04752697	0.712067747271
2.1258110289290935	0.06183575	0.722553608457
2.1275563581810877	0.05513796	0.71704169578
2.129301687433082	0.04272567	0.708765452266
2.1310470166850766	0.04854449	0.717989018901
2.132792345937071	0.05877691	0.730339873343
2.134537675189065	0.04888175	0.721307443142
2.1362830044410597	0.03814644	0.709604882033
2.138028333693054	0.04388843	0.712678352275
2.139773662945048	0.05232686	0.719635224087
2.141518992197043	0.04854071	0.717719439312
2.143264321449037	0.04686857	0.720002971523
2.1450096507010312	0.05053136	0.726715169928
2.1467549799530254	0.05216604	0.729753723967
2.1485003092050197	0.05212608	0.728700406628
2.1502456384570143	0.05652932	0.72925194326
2.1519909677090086	0.05362332	0.721839309606
2.1537362969610028	0.04671615	0.712326537445
2.155481626212997	0.05081325	0.714794313475
2.157226955464991	0.06110587	0.725481430822
2.158972284716986	0.05382917	0.723369093252
2.16071761396898	0.04226396	0.719301540394
2.1624629432209743	0.04872984	0.730378279315
2.1642082724729685	0.06017613	0.745246242782
2.1659536017249628	0.0507697	0.740775660778
2.1676989309769574	0.03965953	0.732484763405
2.1694442602289516	0.04697617	0.736827087684
2.171189589480946	0.0578416	0.741713150667
2.17293491873294	0.05277709	0.730043081879
2.1746802479849343	0.04880945	0.71884856423
2.176425577236929	0.05547197	0.719194062782
2.178170906488923	0.06153951	0.72270043672
2.179916235740918	0.05913818	0.721355846257
2.1816615649929116	0.05880567	0.724658696513
2.183406894244906	0.0570481	0.727992832679
2.1851522234969005	0.05199887	0.727214701311
2.1868975527488947	0.05150257	0.727073810406
2.1886428820008894	0.05731171	0.729446075987
2.1903882112528836	0.05180237	0.718603209269
2.192133540504878	0.0436325	0.703673652795
2.193878869756872	0.05268286	0.703859349879
2.1956241990088667	0.06831322	0.711664140755
2.197369528260861	0.06189795	0.702671547031
2.199114857512855	0.05121212	0.694282206322
2.20086018676485	0.0604257	0.707417953909
2.202605516016844	0.0718818	0.72573371234
2.2043508452688383	0.05949491	0.72460617877
2.206096174520833	0.04614411	0.722452986358
2.207841503772827	0.05012297	0.732375117415
2.2095868330248214	0.05575415	0.740412556025
2.2113321622768156	0.04908365	0.73470237599
2.21307749152881	0.04696778	0.730316852541
2.2148228207808045	0.05193201	0.729192816068
2.2165681500327987	0.05588623	0.726348661461
2.218313479284793	0.05875101	0.722684063278
2.220058808536787	0.06523398	0.723375125157
2.2218041377887814	0.06316606	0.718806480665
2.223549467040776	0.05654808	0.714140493714
2.2252947962927703	0.05863854	0.720242765252
2.2270401255447645	0.06466719	0.732717246026
2.2287854547967587	0.05424103	0.732264505695
2.230530784048753	0.04186203	0.729042200952
2.2322761133007476	0.04801113	0.737515454497
2.234021442552742	0.05986514	0.74636728958
2.235766771804736	0.05191095	0.733689481641
2.2375121010567303	0.04312984	0.71723619701
2.239257430308725	0.05399749	0.71623405091
2.241002759560719	0.06727347	0.718991400339
2.2427480888127134	0.05933437	0.706929709109
2.2444934180647076	0.0508338	0.699732124797
2.246238747316702	0.05712149	0.710575344044
2.2479840765686965	0.06326123	0.726098028113
2.2497294058206907	0.05608602	0.732363506864
2.251474735072685	0.05227403	0.740850102218
2.253220064324679	0.05434903	0.749405795472
2.254965393576674	0.05501612	0.749859966541
2.256710722828668	0.05567022	0.742887952878
2.2584560520806622	0.06146183	0.7344943252
2.260201381332657	0.05875501	0.715025215713
2.261946710584651	0.05260746	0.693835942572
2.2636920398366454	0.05829934	0.687881535986
2.26543736908864	0.06827151	0.692994300237
2.2671826983406342	0.0587892	0.688865536567
2.2689280275926285	0.04702744	0.690491986777
2.2706733568446227	0.05482626	0.713821972647
2.272418686096617	0.0657884	0.741555597007
2.2741640153486116	0.05413386	0.747743075662
2.2759093446006062	0.0421528	0.748137938732
2.2776546738526	0.0494589	0.755547685138
2.2794000031045942	0.05802896	0.755427742243
2.2811453323565885	0.04757054	0.733854453619
2.2828906616085836	0.03913234	0.712923135471
2.284635990860578	0.04486267	0.706370418934
2.286381320112572	0.05125694	0.708420293727
2.288126649364566	0.04759814	0.711909368101
2.28987197861656	0.04796771	0.726281717466
2.291617307868555	0.05277204	0.746384876927
2.2933626371205493	0.05599924	0.763197035513
2.2951079663725436	0.05781137	0.772116161539
2.2968532956245378	0.0621956	0.774122675505
2.2985986248765315	0.05811669	0.759458095048
2.3003439541285267	0.05066527	0.735637769314
2.302089283380521	0.0519604	0.716659689688
2.303834612632515	0.05717935	0.703247401348
2.3055799418845093	0.047297	0.682124840582
2.3073252711365035	0.03750926	0.669338384894
2.309070600388498	0.04674673	0.681459201788
2.3108159296404924	0.06050106	0.704609364832
2.3125612588924866	0.05314424	0.713078318474
2.314306588144481	0.04518082	0.721410219474
2.316051917396475	0.05642696	0.741936861328
2.3177972466484698	0.0673481	0.755923818699
2.319542575900464	0.05476088	0.743851130028
2.321287905152458	0.04258087	0.727667194253
2.3230332344044524	0.04624398	0.721277321949
2.324778563656447	0.0494623	0.716352345739
2.3265238929084413	0.0402741	0.707572818784
2.3282692221604355	0.0370088	0.710722782842
2.33001455141243	0.04151231	0.724056119553
2.3317598806644244	0.04581937	0.740102357611
2.3335052099164186	0.0495335	0.754952385653
2.3352505391684133	0.05666999	0.766618111799
2.3369958684204075	0.055784	0.761778913889
2.3387411976724017	0.05137155	0.746855263844
2.340486526924396	0.05288105	0.73351568727
2.34223185617639	0.05525917	0.721864334027
2.343977185428385	0.04341861	0.702076942319
2.345722514680379	0.03191289	0.689445741717
2.3474678439323733	0.03529827	0.695423998209
2.3492131731843675	0.04299396	0.708515297801
2.3509585024363617	0.03529801	0.708808067974
2.3527038316883564	0.02941212	0.710272726531
2.3544491609403506	0.04179748	0.725451761277
2.356194490192345	0.05611577	0.740970071051
2.357939819444339	0.04881044	0.737126838698
2.3596851486963333	0.04119997	0.730972242331
2.361430477948328	0.05036615	0.733926203281
2.363175807200322	0.05790182	0.732601688078
2.3649211364523164	0.04614385	0.715770150724
2.3666664657043106	0.03793458	0.705231426402
2.368411794956305	0.04225285	0.709443654422
2.3701571242083	0.04592433	0.720348239637
2.371902453460294	0.04317147	0.731517182239
2.373647782712288	0.04554329	0.746453171141
2.375393111964282	0.04702076	0.752750214897
2.3771384412162764	0.04602585	0.74835612678
2.3788837704682715	0.04762146	0.739621274387
2.3806290997202657	0.05070493	0.728344731227
2.38237442897226	0.04241636	0.706034275707
2.384119758224254	0.03369422	0.688216619744
2.3858650874762484	0.03606915	0.687493598362
2.387610416728243	0.04114898	0.694421969315
2.3893557459802373	0.03223673	0.691506035046
2.3911010752322315	0.02517588	0.69358262553
2.3928464044842257	0.03401461	0.711605753548
2.39459173373622	0.04481698	0.732118497465
2.3963370629882146	0.03679675	0.736166379889
2.398082392240209	0.02978588	0.738533362036
2.3998277214922035	0.03969527	0.747834002604
2.4015730507441977	0.04898834	0.750137500734
2.403318379996192	0.03839693	0.732533857398
2.4050637092481866	0.03071199	0.716619654449
2.406809038500181	0.0382899	0.714492069152
2.408554367752175	0.04515773	0.717902677546
2.4102996970041692	0.03902687	0.717224116953
2.4120450262561635	0.03704836	0.722913474067
2.413790355508158	0.04203995	0.731989990778
2.4155356847601523	0.04502108	0.736633250439
2.4172810140121466	0.04186093	0.734072537617
2.419026343264141	0.04093115	0.731306047524
2.420771672516135	0.03798339	0.723236802295
2.4225170017681297	0.03403814	0.714237289789
2.424262331020124	0.03334899	0.71025784465
2.426007660272118	0.03633377	0.70911386651
2.4277529895241123	0.03114426	0.69778649906
2.4294983187761066	0.02697427	0.689240502098
2.4312436480281012	0.03502354	0.696191505886
2.4329889772800954	0.04543587	0.708524337802
2.4347343065320897	0.03841058	0.70734140541
2.436479635784084	0.03179343	0.708964096762
2.438224965036078	0.0409744	0.723996170869
2.4399702942880728	0.04858433	0.736109940852
2.441715623540067	0.03517508	0.72921504711
2.443460952792061	0.02462009	0.724871532431
2.4452062820440554	0.03059829	0.733500464284
2.4469516112960497	0.03608736	0.741468007544
2.4486969405480443	0.02661219	0.73577787952
2.4504422698000385	0.02213314	0.731304402817
2.4521875990520328	0.03040317	0.732378596667
2.4539329283040274	0.03836785	0.731495300186
2.4556782575560216	0.03422575	0.722722343014
2.457423586808016	0.03251915	0.719193146872
2.4591689160600105	0.0379706	0.722227797484
2.4609142453120048	0.04145892	0.725846477457
2.462659574563999	0.0356362	0.723988004547
2.464404903815993	0.03264435	0.722328218455
2.466150233067988	0.03183714	0.716486622107
2.467895562319982	0.0301622	0.709683166374
2.4696408915719763	0.03012069	0.708282955455
2.4713862208239705	0.03501003	0.713127696726
2.4731315500759647	0.03246944	0.710608454327
2.47487687932796	0.0301846	0.709416886987
2.476622208579954	0.03884317	0.718195544311
2.4783675378319483	0.04757199	0.725128371753
2.480112867083942	0.03792885	0.713520465622
2.4818581963359363	0.02935763	0.704798424903
2.4836035255879314	0.03515037	0.712955646767
2.4853488548399256	0.03924078	0.722822364578
2.48709418409192	0.02609902	0.717884867786
2.488839513343914	0.01745396	0.717298125301
2.490584842595908	0.02407224	0.728825516354
2.492330171847903	0.03097799	0.738204599304
2.494075501099897	0.02333178	0.733429004055
2.4958208303518914	0.01996524	0.732480213712
2.4975661596038856	0.03069413	0.741202171376
2.49931148885588	0.0404354	0.747067439554
2.5010568181078745	0.03374337	0.737869372279
2.5028021473598687	0.02970329	0.727477832749
2.504547476611863	0.03647887	0.720336483732
2.506292805863857	0.04005768	0.711242241723
2.5080381351158514	0.03121163	0.697439270766
2.509783464367846	0.02688367	0.691666234757
2.5115287936198403	0.0280936	0.691842428761
2.5132741228718345	0.0283154	0.695033957721
2.5150194521238287	0.02687372	0.700337207163
2.516764781375823	0.02956917	0.70925598241
2.5185101106278176	0.02859018	0.712558535653
2.520255439879812	0.02786311	0.717563972007
2.522000769131806	0.03196889	0.730293390072
2.5237460983838007	0.03673391	0.743070546064
2.525491427635795	0.0307801	0.739924094537
2.527236756887789	0.02602489	0.733457811763
2.528982086139784	0.03063248	0.733057901738
2.530727415391778	0.03541393	0.728696019907
2.5324727446437723	0.02628222	0.708613807024
2.5342180738957665	0.02035939	0.696299409911
2.535963403147761	0.02900205	0.7046502092
2.5377087323997554	0.03728779	0.717332864956
2.5394540616517496	0.02774067	0.71599571008
2.541199390903744	0.0218993	0.718647792161
2.542944720155738	0.03152823	0.731847760824
2.5446900494077327	0.03806177	0.738884304789
2.546435378659727	0.02603767	0.727523444744
2.548180707911721	0.01870684	0.71815569222
2.5499260371637154	0.02515806	0.716927292885
2.5516713664157096	0.02944404	0.712125994393
2.5534166956677042	0.02035462	0.695504505696
2.5551620249196985	0.01686109	0.683977924941
2.5569073541716927	0.02417956	0.683093834121
2.558652683423687	0.03072785	0.688888439229
2.560398012675681	0.02754777	0.697056847114
2.5621433419276762	0.02840264	0.71650511974
2.56388867117967	0.03472566	0.741190972656
2.5656340004316642	0.03853043	0.761925404111
2.5673793296836585	0.03497435	0.771609648514
2.5691246589356527	0.03353246	0.772283132463
2.570869988187648	0.03085151	0.757969044767
2.572615317439642	0.02703189	0.737395777353
2.5743606466916362	0.02535862	0.720672691369
2.57610597594363	0.02678794	0.707673548698
2.5778513051956247	0.02094207	0.687346354047
2.5795966344476193	0.01753971	0.673948556858
2.5813419636996136	0.02405878	0.676330410692
2.5830872929516078	0.03068556	0.682266005283
2.584832622203602	0.02356165	0.678077148866
2.586577951455596	0.01991908	0.684875823495
2.588323280707591	0.02830655	0.710900003689
2.590068609959585	0.03438365	0.737126625002
2.5918139392115793	0.02451314	0.744924500052
2.593559268463574	0.01853262	0.750345616561
2.595304597715568	0.02544522	0.75857839979
2.5970499269675624	0.03040704	0.755623346382
2.598795256219557	0.01993368	0.73282946858
2.6005405854715513	0.01527151	0.715390923634
2.6022859147235455	0.02588766	0.714681305398
2.6040312439755398	0.03483729	0.717584511434
2.6057765732275344	0.02730369	0.71014179771
2.6075219024795286	0.02454199	0.70866844858
2.609267231731523	0.03434998	0.716668475011
2.611012560983517	0.03958141	0.720187922683
2.6127578902355113	0.02841645	0.710752920322
2.614503219487506	0.02187225	0.707283556222
2.6162485487395	0.02544612	0.712580779996
2.6179938779914944	0.02621693	0.716664196241
2.6197392072434886	0.01717798	0.713168027361
2.621484536495483	0.01401982	0.711619078562
2.6232298657474775	0.01681694	0.708677313469
2.6249751949994717	0.01916322	0.705437056874
2.626720524251466	0.01888677	0.705613028996
2.62846585350346	0.02282663	0.712493248518
2.6302111827554544	0.02516854	0.716780738744
2.631956512007449	0.02746146	0.723386483959
2.6337018412594433	0.03108638	0.732967548114
2.6354471705114375	0.03434164	0.737128399093
2.6371924997634317	0.02903454	0.725913353666
2.638937829015426	0.02471841	0.716042366401
2.6406831582674206	0.02555995	0.716135788068
2.642428487519415	0.02588928	0.718272257432
2.644173816771409	0.01716841	0.711282874664
2.6459191460234033	0.0125041	0.70932056424
2.647664475275398	0.01718817	0.716061706729
2.649409804527392	0.02202565	0.718523878662
2.6511551337793864	0.0151767	0.705208203598
2.652900463031381	0.01287036	0.697648298911
2.6546457922833753	0.02336936	0.706476063236
2.6563911215353695	0.03182202	0.716273448484
2.658136450787364	0.02284347	0.710511993954
2.6598817800393584	0.01875338	0.709615290757
2.6616271092913526	0.02960789	0.720681095789
2.663372438543347	0.03551389	0.724577501271
2.665117767795341	0.02243203	0.709948786295
2.6668630970473357	0.01618337	0.703959989803
2.6686084262993304	0.02447173	0.714230012497
2.670353755551324	0.02843241	0.723132952284
2.6720990848033184	0.01771121	0.719211882133
2.6738444140553126	0.01378575	0.719102326021
2.6755897433073077	0.02048437	0.722691089042
2.677335072559302	0.02399942	0.719803225487
2.679080401811296	0.01608487	0.706905342998
2.6808257310632904	0.01331321	0.699351309395
2.682571060315284	0.01840088	0.698253840446
2.6843163895672792	0.02144368	0.699372619884
2.6860617188192735	0.01557372	0.697924281769
2.6878070480712677	0.01457226	0.700945254706
2.689552377323262	0.01911793	0.70571816402
2.691297706575256	0.02236259	0.711830114918
2.693043035827251	0.02016597	0.717698907327
2.694788365079245	0.0216498	0.727164395704
2.6965336943312392	0.02374374	0.733588799716
2.6982790235832335	0.02482718	0.737931002623
2.7000243528352277	0.0237862	0.738816164012
2.7017696820872223	0.02392748	0.734352146126
2.7035150113392166	0.02001599	0.717538135748
2.705260340591211	0.01702267	0.701187483191
2.707005669843205	0.01718332	0.693517764
2.7087509990951992	0.01856683	0.689726936731
2.710496328347194	0.0128283	0.679524582427
2.712241657599188	0.01075865	0.679226760191
2.7139869868511823	0.01765388	0.694419244963
2.7157323161031766	0.02382453	0.708971414978
2.7174776453551712	0.0170468	0.708809936919
2.7192229746071654	0.01512005	0.715432297601
2.7209683038591597	0.02454951	0.734601613308
2.7227136331111543	0.02932857	0.74702133196
2.7244589623631486	0.0183974	0.739794165799
2.7262042916151428	0.01328969	0.73426648585
2.7279496208671374	0.01866864	0.734655152243
2.7296949501191317	0.02003565	0.726884511954
2.731440279371126	0.009436456	0.70458394235
2.73318560862312	0.005644667	0.690658079603
2.7349309378751143	0.01299148	0.69179031108
2.736676267127109	0.01904462	0.695351868575
2.738421596379103	0.01251314	0.689754195882
2.7401669256310974	0.01209645	0.693138658792
2.7419122548830916	0.02510267	0.709806398403
2.743657584135086	0.03332884	0.722183724008
2.7454029133870805	0.02234172	0.71775167619
2.7471482426390748	0.01757172	0.718857972364
2.748893571891069	0.0261846	0.729497027974
2.750638901143063	0.02733542	0.73273600733
2.7523842303950574	0.01297829	0.721724587332
2.7541295596470525	0.007465046	0.71660243656
2.7558748888990463	0.01144572	0.717440098136
2.7576202181510405	0.01253861	0.716974620435
2.7593655474030347	0.007798393	0.713686865482
2.761110876655029	0.0089201	0.715967632337
2.762856205907024	0.0134546	0.718316222007
2.7646015351590183	0.01774446	0.71956093407
2.766346864411012	0.01642399	0.716544643338
2.7680921936630063	0.01714917	0.7127711975
2.7698375229150005	0.02105277	0.706811501448
2.7715828521669956	0.02309916	0.702553809854
2.77332818141899	0.01677273	0.698544023759
2.775073510670984	0.01401408	0.699442660884
2.7768188399229783	0.01451229	0.701913045154
2.7785641691749725	0.01345535	0.708714467432
2.780309498426967	0.01046204	0.719408731343
2.7820548276789614	0.01200567	0.732499265946
2.7838001569309556	0.01074031	0.737831262078
2.78554548618295	0.01130654	0.742753522841
2.7872908154349445	0.01645059	0.749296278511
2.7890361446869387	0.02055409	0.748561945445
2.790781473938933	0.01551837	0.731554914976
2.7925268031909276	0.0141347	0.717337992909
2.794272132442922	0.01763447	0.712310687572
2.796017461694916	0.01844102	0.705291083847
2.7977627909469107	0.01116512	0.688419127466
2.799508120198905	0.008328969	0.682396237969
2.801253449450899	0.01173508	0.692117517675
2.8029987787028934	0.01435181	0.704198064378
2.8047441079548876	0.007661289	0.709073271485
2.8064894372068823	0.006286865	0.72544483855
2.8082347664588765	0.01489629	0.753153561824
2.8099800957108707	0.0200113	0.770821147513
2.811725424962865	0.01090867	0.764383044121
2.813470754214859	0.008441714	0.754305428252
2.815216083466854	0.01656805	0.746471487351
2.816961412718848	0.01899107	0.730268226947
2.8187067419708423	0.008351036	0.70292390073
2.8204520712228365	0.005129672	0.689054096985
2.8221974004748307	0.01145372	0.692311129269
2.8239427297268254	0.01439024	0.696462530859
2.8256880589788196	0.006120607	0.690872084785
2.827433388230814	0.004975567	0.696310858007
2.829178717482808	0.01548998	0.717751870883
2.8309240467348022	0.02197127	0.738712078283
2.832669375986797	0.01260553	0.747000523566
2.834414705238791	0.01057055	0.760727018219
2.8361600344907854	0.02098683	0.777081774925
2.8379053637427796	0.02339336	0.775669996714
2.839650692994774	0.009914059	0.751486201663
2.8413960222467685	0.005511554	0.730547951101
2.8431413514987627	0.01065131	0.718632429485
2.844886680750757	0.01088287	0.710181020653
2.8466320100027516	0.003170736	0.70258411182
2.848377339254746	0.002347557	0.704101869845
2.8501226685067405	0.006734991	0.707896329199
2.8518679977587347	0.01001199	0.708773047933
2.853613327010729	0.006264492	0.704037327184
2.855358656262723	0.007033736	0.705763937403
2.8571039855147173	0.01495219	0.716222545569
2.858849314766712	0.01996599	0.729790171359
2.8605946440187062	0.01277289	0.735672707388
2.8623399732707004	0.01125679	0.739869407724
2.8640853025226947	0.01729066	0.739487319564
2.865830631774689	0.01767206	0.73236717148
2.867575961026684	0.009209011	0.722703041212
2.869321290278678	0.007779033	0.724435059834
2.8710666195306724	0.00897328	0.732993820153
2.872811948782666	0.008844416	0.746148167112
2.8745572780346604	0.008020289	0.757815929028
2.8763026072866555	0.009405725	0.760220592845
2.8780479365386498	0.007659607	0.744875562466
2.879793265790644	0.008070217	0.726582053068
2.881538595042638	0.008382455	0.712340308487
2.8832839242946324	0.008792713	0.700812060955
2.885029253546627	0.008108797	0.688446123716
2.8867745827986213	0.009090517	0.685175887928
2.8885199120506155	0.007689562	0.687189315716
2.8902652413026098	0.008341447	0.688563854109
2.892010570554604	0.008181353	0.686557040395
2.8937558998065986	0.008605776	0.695436730833
2.895501229058593	0.009674652	0.717068583984
2.897246558310587	0.01209667	0.742398579134
2.8989918875625813	0.008755503	0.758031732913
2.9007372168145755	0.008327235	0.771613351406
2.90248254606657	0.0126258	0.781201191284
2.9042278753185644	0.01432767	0.775421989408
2.9059732045705586	0.007088049	0.749831445241
2.907718533822553	0.005317225	0.728933253885
2.909463863074547	0.009383929	0.719151252797
2.9112091923265417	0.01048001	0.707124612675
2.912954521578536	0.003650373	0.685364656458
2.91469985083053	0.002745935	0.676081430119
2.916445180082525	0.00803651	0.682471507335
2.918190509334519	0.01069629	0.689478764229
2.9199358385865133	0.004307377	0.690155012683
2.921681167838508	0.004032504	0.705127743556
2.923426497090502	0.01125185	0.731660261669
2.9251718263424964	0.01416849	0.748370919734
2.9269171555944906	0.005957378	0.745199311282
2.9286624848464853	0.004602514	0.743358458749
2.9304078140984795	0.01117611	0.74570061057
2.9321531433504737	0.01277591	0.739857164877
2.933898472602468	0.00356202	0.721833553167
2.935643801854462	0.002063124	0.714184062777
2.937389131106457	0.009444389	0.718557866734
2.939134460358451	0.0121644	0.718453044782
2.9408797896104453	0.003136745	0.706054746736
2.9426251188624395	0.002199634	0.704906087508
2.9443704481144337	0.01129918	0.717609094118
2.946115777366429	0.01419757	0.725261524423
2.9478611066184226	0.003848097	0.719224887857
2.949606435870417	0.002532844	0.722461770264
2.951351765122411	0.0110747	0.734156001357
2.9530970943744053	0.01283553	0.735490898227
2.9548424236264004	0.002658337	0.721697491121
2.9565877528783946	0.001352194	0.716510606984
2.9583330821303884	0.008858673	0.720661181262
2.9600784113823826	0.01109439	0.720563430498
2.961823740634377	0.002337379	0.711571955296
2.963569069886372	0.00181929	0.712436895507
2.965314399138366	0.01072023	0.722240990737
2.9670597283903604	0.01367732	0.727282533899
2.968805057642354	0.003586663	0.721045075022
2.970550386894349	0.002433312	0.721935855583
2.9722957161463435	0.01129452	0.729711293352
2.9740410453983377	0.01287877	0.730913807615
2.975786374650332	0.002269765	0.720469361477
2.977531703902326	0.001118268	0.717414320707
2.9792770331543204	0.008141176	0.721118305803
2.981022362406315	0.009558029	0.720461125252
2.9827676916583092	0.001695645	0.712275641996
2.9845130209103035	0.00168328	0.713771244555
2.986258350162298	0.008931703	0.723777307759
2.9880036794142923	0.01180452	0.73224238994
2.9897490086662866	0.0039431	0.733291632996
2.9914943379182812	0.003570776	0.739332219073
2.9932396671702755	0.01206711	0.746788507763
2.9949849964222697	0.01395714	0.746262424702
2.996730325674264	0.003359956	0.734809844598
2.9984756549262586	0.00211668	0.727775261725
3.000220984178253	0.009015112	0.724815348597
3.001966313430247	0.009433258	0.721959140591
3.0037116426822412	0.001557926	0.717257683521
3.0054569719342354	0.001725558	0.71872869919
3.00720230118623	0.006091468	0.721088089326
3.0089476304382243	0.007683132	0.721530015686
3.0106929596902186	0.003700059	0.717292963437
3.0124382889422128	0.004360364	0.716526724693
3.014183618194207	0.009159263	0.71970113629
3.0159289474462017	0.01139036	0.7272932735
3.017674276698196	0.004342582	0.735107616252
3.01941960595019	0.003616491	0.749032901037
3.0211649352021843	0.01054639	0.763134127859
3.0229102644541785	0.01162897	0.770749775499
3.024655593706173	0.002399048	0.767830244881
3.0264009229581674	0.002060599	0.763157967905
3.0281462522101616	0.007245248	0.756091986879
3.029891581462156	0.00776699	0.752659579223
3.03163691071415	0.003804776	0.754662857892
3.0333822399661448	0.005430192	0.760261430231
3.035127569218139	0.007259917	0.758636934739
3.036872898470133	0.008542556	0.752279698781
3.0386182277221274	0.006790724	0.738044828512
3.040363556974122	0.006645477	0.717680823929
3.0421088862261163	0.007826684	0.697877622875
3.0438542154781105	0.008576417	0.694956829582
3.045599544730105	0.002949985	0.708183997974
3.0473448739820994	0.002377797	0.73275919161
3.0490902032340936	0.006907121	0.756568722885
3.0508355324860883	0.007825382	0.776278441366
3.0525808617380825	0.002274448	0.78870631288
3.0543261909900767	0.003535903	0.799315292363
3.056071520242071	0.00701952	0.810335770223
3.057816849494065	0.008602986	0.832424292972
3.05956217874606	0.008247204	0.857864751975
3.0613075079980545	0.01019483	0.865498892353
3.0630528372500487	0.009681401	0.838196661835
3.0647981665020425	0.009783774	0.791688740192
3.0665434957540367	0.00774308	0.740820587141
3.068288825006032	0.00647545	0.699192867074
3.070034154258026	0.005679654	0.680550947487
3.0717794835100203	0.005732797	0.699699633415
3.0735248127620145	0.002360542	0.736511193791
3.0752701420140083	0.002780466	0.759535591315
3.0770154712660034	0.004406089	0.754109532664
3.0787608005179976	0.005494846	0.744813071663
3.080506129769992	0.005517958	0.755861325831
3.082251459021986	0.008580611	0.798661994418
3.0839967882739803	0.009248615	0.867049912674
3.085742117525975	0.01156286	0.949803902235
3.087487446777969	0.013584	1.00385083044
3.0892327760299634	0.01365455	0.985892808723
3.0909781052819576	0.01036954	0.896830832022
3.092723434533952	0.009154399	0.796805071833
3.0944687637859465	0.005708373	0.735259333799
3.0962140930379407	0.004519364	0.727302433396
3.097959422289935	0.005081513	0.758791771673
3.099704751541929	0.005440297	0.807902068611
3.1014500807939234	0.003866656	0.830004707714
3.103195410045918	0.005857862	0.796212456856
3.1049407392979123	0.005078604	0.733681804656
3.1066860685499065	0.007423381	0.724435323444
3.1084313978019007	0.01616287	0.806576410333
3.1101767270538954	0.02162998	0.940678318681
3.1119220563058896	0.0164126	1.05681518366
3.113667385557884	0.017605	1.11231697995
3.1154127148098785	0.02113865	1.07359189535
3.1171580440618727	0.01663012	0.953306801371
3.118903373313867	0.01100164	0.84299260561
3.1206487025658616	0.01095763	0.856264262003
3.122394031817856	0.005703526	1.00002339605
3.12413936106985	0.006504291	1.16742318939
3.1258846903218442	0.01555673	1.2260778216
3.1276300195738385	0.01562686	1.1215013262
3.129375348825833	0.01287224	0.905563163205
3.1311206780778273	0.02074741	0.729588450987
3.1328660073298216	0.02142474	0.82368031595
3.134611336581816	0.0338919	1.4034491107
3.13635666583381	0.1005843	2.46209227136
3.1381019950858047	0.1421981	3.64607035569
3.139847324337799	0.1330541	4.56550105462
3.141592653589793	0.4413987	5.26261358702