# 13C(3P)-CO2, ground-state PES; differential cross sections (mgacesa, Sep 1 2021)
# theta(rad)                 elastic CS                total CS (both in units of 1E-16 cm^2)
0.	5.905493e6	6.019924557574e6
0.0017453292519943296	3.254372e6	3.31526189821e6
0.003490658503988659	388330.7	402230.654608
0.005235987755982989	138625.8	150765.018546
0.006981317007977318	87126.53	102388.600229
0.008726646259971648	85536.94	100909.359868
0.010471975511965978	50432.46	58818.4850176
0.012217304763960306	41860.34	56035.4974202
0.013962634015954637	43281.08	52313.3368302
0.015707963267948967	14556.85	23055.6852129
0.017453292519943295	19028.15	29819.033065
0.019198621771937624	8617.495	14242.7764288
0.020943951023931956	4961.133	10150.5164689
0.022689280275926284	2398.871	8372.82671702
0.024434609527920613	2349.128	6662.28212209
0.02617993877991494	1789.844	4169.18503854
0.027925268031909273	279.9695	3238.70872272
0.029670597283903602	1989.862	4871.60199486
0.031415926535897934	932.8969	2444.75689372
0.03316125578789226	277.057	1869.78546857
0.03490658503988659	767.3234	2256.30296658
0.03665191429188092	169.2309	1129.27947854
0.03839724354387525	24.43015	896.856564231
0.04014257279586957	137.6767	858.841201222
0.04188790204786391	101.2964	546.021044862
0.043633231299858244	148.5666	533.526267531
0.04537856055185257	182.61	636.781604639
0.0471238898038469	92.26106	402.596695534
0.048869219055841226	108.2988	299.663608146
0.05061454830783556	8.970482	263.713161047
0.05235987755982988	39.61485	292.353002
0.054105206811824215	45.36414	206.668450867
0.05585053606381855	1.933701	154.18581443
0.05759586531581287	105.3903	274.897595787
0.059341194567807204	58.64795	209.426950659
0.061086523819801536	41.31823	207.044051218
0.06283185307179587	74.41559	229.497698982
0.0645771823237902	4.935135	146.809126205
0.06632251157578452	13.67174	168.423390982
0.06806784082777885	1.464448	133.874616642
0.06981317007977318	1.74726	128.104765644
0.0715584993317675	26.90413	150.35136883
0.07330382858376185	6.895893	126.359634566
0.07504915783575618	21.56746	157.465727144
0.0767944870877505	17.40434	134.057438422
0.07853981633974483	17.61871	119.851345459
0.08028514559173915	22.10666	128.255979563
0.08203047484373349	2.982728	96.1027033617
0.08377580409572782	15.87595	105.365066305
0.08552113334772216	4.440531	87.7629203032
0.08726646259971649	2.074338	77.3400451999
0.0890117918517108	25.09638	103.073888859
0.09075712110370514	11.69583	87.3164792413
0.09250245035569946	34.03261	108.476497747
0.0942477796076938	36.92853	106.81496955
0.09599310885968813	8.971273	76.0510113301
0.09773843811168245	16.66382	85.8225740137
0.09948376736367678	4.683787	68.5819337089
0.10122909661567112	3.986676	66.4645082834
0.10297442586766545	24.63647	86.6803276566
0.10471975511965977	11.95584	73.8544907313
0.10646508437165408	16.20232	82.9756222062
0.10821041362364843	15.15826	77.8849885449
0.10995574287564278	3.861088	63.69171555
0.1117010721276371	7.418768	66.572671596
0.11344640137963143	1.112343	57.5017823007
0.11519173063162574	0.2661032	59.9807813798
0.11693705988362009	5.264522	62.0406569968
0.11868238913561441	1.400397	53.7636196394
0.12042771838760875	7.192147	61.1380619253
0.12217304763960307	4.349308	56.2299472958
0.12391837689159739	4.654542	60.2581568924
0.12566370614359174	5.891949	63.0615986055
0.12740903539558604	0.431708	50.7892570192
0.1291543646475804	2.521821	51.1409699742
0.13089969389957473	1.4071	48.0945734426
0.13264502315156904	0.1230511	46.9284813308
0.1343903524035634	6.167366	57.8047946474
0.1361356816555577	2.866953	52.5693394798
0.13788101090755206	7.098115	53.8885732532
0.13962634015954636	6.785391	52.0882488355
0.1413716694115407	1.779215	44.7219031462
0.143116998663535	4.428491	46.9599888501
0.14486232791552936	0.9555136	42.3770613234
0.1466076571675237	1.197436	41.6829173255
0.148352986419518	7.481974	47.6909963445
0.15009831567151236	3.659879	42.8195901656
0.15184364492350666	8.284569	46.4358206719
0.153588974175501	8.070384	43.1306363131
0.15533430342749535	2.537287	37.2882536196
0.15707963267948966	4.428605	41.0551151903
0.158824961931484	1.656541	37.3194569533
0.1605702911834783	0.815808	35.7976072576
0.16231562043547265	6.095038	38.9247670732
0.16406094968746698	3.187102	34.3024801759
0.16580627893946132	4.01245	38.3591125154
0.16755160819145565	3.184736	38.5366578336
0.16929693744344995	0.4049104	34.7741374372
0.1710422666954443	1.179092	34.4527407027
0.17278759594743864	0.3931688	31.2254324225
0.17453292519943298	0.03338389	31.4654370343
0.17627825445142728	1.291014	33.9548183495
0.1780235837034216	0.2281643	32.0278730063
0.17976891295541597	2.563202	34.1372210896
0.18151424220741028	1.64658	32.100364925
0.1832595714594046	1.911679	32.2594237246
0.1850049007113989	2.479598	33.1711260149
0.18675022996339327	0.1023352	28.9661109137
0.1884955592153876	0.8758879	28.5684162267
0.1902408884673819	1.910427	28.9803502459
0.19198621771937627	0.8457579	28.0265866145
0.19373154697137057	4.024463	32.6913652239
0.1954768762233649	2.571525	30.1723446972
0.19722220547535924	1.756507	27.386096182
0.19896753472735357	2.427009	27.0321621163
0.20071286397934793	0.1781377	24.2680886386
0.20245819323134223	0.4500002	25.565924938
0.20420352248333656	1.554821	26.7467822484
0.2059488517353309	0.4476648	23.990004231
0.20769418098732523	2.898411	25.6037610094
0.20943951023931953	1.944467	24.4601840632
0.2111848394913139	1.080286	24.3927586794
0.21293016874330817	1.42627	24.836355195
0.21467549799530256	0.06415182	22.1256602109
0.21642082724729686	0.639572	22.0812308328
0.2181661564992912	1.669252	23.2061183836
0.21991148575128555	0.5365095	22.9506371722
0.22165681500327983	2.247121	25.3786537809
0.2234021442552742	1.675041	23.629138482
0.22514747350726852	1.24705	22.9365712369
0.22689280275926285	1.429662	23.761921219
0.22863813201125716	0.09652383	22.6152196821
0.2303834612632515	0.1699076	22.9945471736
0.23212879051524585	1.143224	22.9348773318
0.23387411976724018	0.5067548	21.3446672355
0.23561944901923448	1.55931	23.5593139963
0.23736477827122882	0.7515397	23.2410778835
0.23911010752322315	0.5318915	22.5054576936
0.2408554367752175	0.7968785	21.541513405
0.24260076602721184	0.007699597	19.0848153664
0.24434609527920614	0.09794922	19.3039604351
0.24609142453120048	0.5015075	20.604955101
0.24783675378319478	0.1098073	19.8796647344
0.24958208303518917	1.62965	20.2987468511
0.25132741228718347	1.028547	18.1742853557
0.2530727415391778	0.7605344	17.5325711199
0.2548180707911721	0.9416896	18.3722826284
0.2565634000431664	0.06905878	17.6187519454
0.2583087292951608	0.4697528	17.4942138809
0.26005405854715513	1.28049	17.2581822127
0.26179938779914946	0.5439902	16.0730648782
0.26354471705114374	1.680097	18.0287579581
0.26529004630313807	1.223856	17.9828803528
0.26703537555513246	0.6275657	17.462442024
0.2687807048071268	0.897111	17.5140989001
0.27052603405912107	0.227649	16.3422772631
0.2722713633111154	0.1526315	16.6580945179
0.27401669256310973	1.071532	18.0017514796
0.2757620218151041	0.4689934	17.2516326972
0.2775073510670984	1.032696	18.1001327761
0.2792526803190927	0.6845693	17.8347242087
0.28099800957108706	0.1259706	17.3751880248
0.2827433388230814	0.3072041	17.5890404002
0.2844886680750758	0.08945996	16.5534342364
0.28623399732707	0.05897582	15.9792368004
0.2879793265790644	0.744606	16.8865200792
0.2897246558310587	0.2573406	16.7297814755
0.29146998508305305	0.8429551	17.5606652102
0.2932153143350474	0.6705146	16.544457053
0.29496064358704166	0.2392374	14.8516626269
0.296705972839036	0.4557724	14.6329241453
0.2984513020910304	0.2154478	14.536269142
0.3001966313430247	0.1334404	14.8998672616
0.30194196059501904	1.069616	15.7514973195
0.3036872898470133	0.6253105	14.3348986268
0.30543261909900765	0.8335435	14.0626952592
0.307177948351002	0.6424667	13.8376412679
0.3089232776029963	0.02944555	13.3612937493
0.3106686068549907	0.2448343	13.796428883
0.312413936106985	0.4544408	13.6705111933
0.3141592653589793	0.1836765	13.2026164595
0.31590459461097364	0.7089259	14.1120482263
0.317649923862968	0.2797863	13.719278294
0.3193952531149623	0.3882768	13.7271977678
0.3211405823669566	0.3999931	13.5185643491
0.32288591161895097	0.001799049	12.9804466849
0.3246312408709453	0.05369028	13.5643877771
0.32637657012293964	0.201047	14.1244297661
0.32812189937493397	0.09474849	13.7100158727
0.32986722862692824	0.8736239	13.9535295274
0.33161255787892263	0.4694625	13.0892994193
0.33335788713091696	0.3085256	13.2055933575
0.3351032163829113	0.405359	13.9297776002
0.3368485456349056	0.05471558	13.6300087616
0.3385938748868999	0.2781518	13.3344823833
0.3403392041388943	0.8079134	13.0758419944
0.3420845333908886	0.3039679	12.2097403527
0.3438298626428829	0.7160023	13.1055481862
0.3455751918948773	0.5962143	13.398144062
0.34732052114687156	0.2211591	13.1118564107
0.34906585039886595	0.3555849	12.9123894335
0.3508111796508603	0.261633	12.0812385278
0.35255650890285456	0.06212185	11.6628295234
0.3543018381548489	0.5950089	12.5261337318
0.3560471674068432	0.3556003	12.6294048058
0.35779249665883756	0.3808609	13.1205769182
0.35953782591083194	0.2292654	12.8721754125
0.3612831551628262	0.009442614	12.0327463076
0.36302848441482055	0.09317049	11.8098519002
0.3647738136668149	0.2050592	11.9493575148
0.3665191429188092	0.09163317	12.2492177103
0.3682644721708036	0.4075318	13.1377822794
0.3700098014227978	0.1329986	12.6854796268
0.3717551306747922	0.3145285	12.2187120888
0.37350045992678654	0.3319338	11.6975378462
0.3752457891787809	0.01860449	11.2660260761
0.3769911184307752	0.07179338	11.7035481773
0.3787364476827695	0.256831	12.0557634365
0.3804817769347638	0.1068319	11.394988397
0.38222710618675815	0.6520911	11.2011693161
0.38397243543875254	0.4210927	10.3990431306
0.38571776469074687	0.1210324	10.1335979881
0.38746309394274114	0.174729	10.379346098
0.3892084231947355	0.05323294	9.8687255403
0.3909537524467298	0.1193849	9.22886817647
0.39269908169872414	0.6192888	9.14776467085
0.39444441095071847	0.2931674	8.66399021819
0.3961897402027128	0.3340001	9.07867671533
0.39793506945470714	0.2510959	8.96467680021
0.3996803987067014	0.03975432	8.12669946544
0.40142572795869585	0.1952731	7.81054306479
0.4031710572106902	0.3386651	7.95211995522
0.40491638646268446	0.1323841	8.2820192485
0.4066617157146788	0.4187195	9.15223778689
0.4084070449666731	0.2307183	8.75069285444
0.41015237421866746	0.2075287	8.25122505558
0.4118977034706618	0.2429825	8.3523538756
0.41364303272265607	0.07645759	8.90180484221
0.41538836197465046	0.03380211	9.82956336988
0.41713369122664473	0.258221	10.4199374546
0.41887902047863906	0.1113805	9.85608538124
0.4206243497306334	0.3162676	9.82658324063
0.4223696789826278	0.1627968	10.1592071988
0.4241150082346221	0.009834773	11.043592359
0.42586033748661634	0.03761756	11.7990007088
0.4276056667386108	0.0374281	11.5602896661
0.4293509959906051	0.03610871	10.9401465143
0.4310963252425994	0.2852611	11.0746864103
0.4328416544945937	0.07056056	11.4010966991
0.43458698374658805	0.2143217	12.2894751776
0.4363323129985824	0.1994	12.2516394556
0.4380776422505767	0.04006741	11.3034464828
0.4398229715025711	0.1375002	10.7926198553
0.44156830075456543	0.2223849	10.8644940027
0.44331363000655966	0.1030075	11.1230506585
0.445058959258554	0.532216	11.7029712596
0.4468042885105484	0.4080235	10.8958719968
0.4485496177625427	0.2326177	9.87828116551
0.45029494701453704	0.286363	9.69296659889
0.45204027626653137	0.1528887	9.79252416384
0.4537856055185257	0.1578541	10.0517360974
0.45553093477052004	0.6241785	10.2211074531
0.4572762640225143	0.4134514	9.17773997438
0.45902159327450864	0.3157546	8.68385353245
0.460766922526503	0.2514697	8.92920478089
0.4625122517784973	0.04410142	9.24933162326
0.4642575810304917	0.09352074	9.49152524062
0.466002910282486	0.3749691	9.31607918035
0.46774823953448036	0.186554	8.56434931341
0.46949356878647464	0.1846638	8.70544425719
0.47123889803846897	0.07182261	9.25888085778
0.47298422729046335	0.01290321	9.80957690377
0.47472955654245763	0.01547911	9.85853922032
0.47647488579445196	0.07453304	9.45149515146
0.4782202150464463	0.007738892	9.1489643436
0.4799655442984406	0.04932769	9.58082778492
0.481710873550435	0.007016521	10.173412784
0.48345620280242924	0.2083765	10.7677486846
0.4852015320544237	0.107877	10.4661792015
0.48694686130641796	0.03365843	9.95586792081
0.4886921905584123	0.07631621	9.92243800476
0.4904375198104066	0.06798391	10.2012216518
0.49218284906240095	0.136913	10.6084325598
0.4939281783143953	0.5202353	11.0607657616
0.49567350756638956	0.3042125	10.4800379086
0.4974188368183839	0.1932581	10.0338898132
0.49916416607037833	0.2432079	10.0183029092
0.5009094953223726	0.1293205	9.92611248679
0.5026548245743669	0.2572029	10.078136007
0.5044001538263613	0.6467851	10.3479264032
0.5061454830783556	0.3624722	9.77862411953
0.5078908123303499	0.2760173	9.56270679258
0.5096361415823442	0.2581586	9.44221896736
0.5113814708343386	0.08673495	9.05365942712
0.5131268000863328	0.2002843	8.99876276645
0.5148721293383272	0.4670949	9.15797384762
0.5166174585903216	0.2125726	8.88782280665
0.5183627878423159	0.1837139	8.95405616728
0.5201081170943103	0.1157213	8.73696251917
0.5218534463463045	0.00577715	8.26623892556
0.5235987755982989	0.05822499	8.07464966637
0.5253441048502933	0.1750674	8.19701275222
0.5270894341022875	0.0373728	8.30232156925
0.5288347633542818	0.06488265	8.52466160762
0.5305800926062761	0.01227146	8.24752667651
0.5323254218582705	0.05079435	7.86331621311
0.5340707511102649	0.01719592	7.57856524339
0.5358160803622593	0.02064097	7.68754619614
0.5375614096142536	0.01373087	8.01887147871
0.5393067388662478	0.05628654	8.16895202127
0.5410520681182421	0.05728853	7.83618703108
0.5427973973702365	0.2359144	7.58695356821
0.5445427266222308	0.10672	7.2454352271
0.5462880558742251	0.04745782	7.34364901939
0.5480333851262195	0.1141429	7.67746701611
0.5497787143782138	0.119262	7.5858259745
0.5515240436302082	0.1636394	7.19511396909
0.5532693728822025	0.4046432	7.05157868955
0.5550147021341968	0.1993211	6.71788092994
0.5567600313861911	0.123372	6.82839729577
0.5585053606381855	0.1900685	7.02457517041
0.5602506898901798	0.1383224	6.68996533093
0.5619960191421741	0.1945389	6.27811552514
0.5637413483941685	0.4161423	6.20773804039
0.5654866776461628	0.1882898	5.97364215574
0.5672320068981571	0.1326036	6.13652721794
0.5689773361501516	0.1578456	6.18445111644
0.5707226654021459	0.07876034	5.75146567712
0.57246799465414	0.1207654	5.39078452264
0.5742133239061344	0.2767987	5.38808009852
0.5759586531581288	0.09234217	5.33112902928
0.5777039824101231	0.07760989	5.56419579252
0.5794493116621174	0.06188947	5.5251616018
0.5811946409141118	0.01227335	5.16977045503
0.5829399701661061	0.02486433	4.91648564496
0.5846852994181004	0.1046331	4.98103405754
0.5864306286700948	0.01079498	5.11870348511
0.5881759579220891	0.03697103	5.38828302299
0.5899212871740833	0.004341864	5.31615129205
0.5916666164260777	0.0332425	5.13964298212
0.593411945678072	0.006429792	4.98931680739
0.5951572749300664	0.01650006	5.09410395699
0.5969026041820608	0.0247977	5.37088083696
0.598647933434055	0.07591013	5.60196419432
0.6003932626860494	0.04948329	5.50726715103
0.6021385919380438	0.1732807	5.50573081655
0.6038839211900381	0.09858171	5.39842610122
0.6056292504420324	0.04739177	5.4882959926
0.6073745796940266	0.1357282	5.8044343166
0.609119908946021	0.1901283	5.92105141842
0.6108652381980153	0.175924	5.78447358433
0.6126105674500096	0.3725893	5.88716314057
0.614355896702004	0.2457363	5.75457192998
0.6161012259539983	0.1400948	5.77745158154
0.6178465552059926	0.2675422	6.03896582221
0.6195918844579871	0.3084367	6.00479396156
0.6213372137099814	0.294772	5.80812247999
0.6230825429619757	0.5167582	5.93386958664
0.62482787221397	0.3455355	5.74529510712
0.6265732014659643	0.1983496	5.68688394365
0.6283185307179586	0.3245136	5.84554724743
0.630063859969953	0.3481354	5.68156422654
0.6318091892219473	0.319148	5.42859480382
0.6335545184739416	0.516864	5.5199693797
0.635299847725936	0.3272217	5.29238910039
0.6370451769779303	0.1665809	5.18313916825
0.6387905062299246	0.2657935	5.24363997595
0.6405358354819191	0.2824963	5.01649954563
0.6422811647339132	0.2338554	4.73783092636
0.6440264939859075	0.3757839	4.7695047559
0.6457718232379019	0.2071826	4.54449185714
0.6475171524898963	0.07429401	4.43462360313
0.6492624817418906	0.1367271	4.42784504559
0.6510078109938849	0.1610497	4.21493542289
0.6527531402458793	0.1043687	3.95956153032
0.6544984694978736	0.1832996	3.93630260383
0.6562437987498679	0.07209161	3.75310512275
0.6579891280018623	0.005824958	3.68115524419
0.6597344572538565	0.0281459	3.62770144406
0.6614797865058508	0.06338914	3.47553557701
0.6632251157578453	0.01719042	3.29039894612
0.6649704450098396	0.04364585	3.24025982768
0.6667157742618339	0.005041541	3.12497610898
0.6684611035138281	0.0243818	3.10712968614
0.6702064327658226	0.00228148	3.00344735427
0.6719517620178169	0.03324977	2.90532639318
0.6736970912698113	0.01045098	2.81028058876
0.6754424205218056	0.002438453	2.76781726959
0.6771877497737998	0.02382823	2.73202190983
0.6789330790257941	0.1211287	2.77195008969
0.6806784082777886	0.05240863	2.60880489355
0.6824237375297829	0.05454291	2.51998198743
0.6841690667817772	0.05707282	2.49691905069
0.6859143960337715	0.03331227	2.48127802885
0.6876597252857658	0.08233751	2.51689213661
0.6894050545377601	0.2296513	2.61377034873
0.6911503837897546	0.1231661	2.40292129725
0.6928957130417489	0.08127863	2.2817371504
0.6946410422937431	0.1034308	2.29006452935
0.6963863715457375	0.08060174	2.29602257125
0.6981317007977319	0.1211757	2.37101672782
0.6998770300497262	0.2824901	2.51402649532
0.7016223593017206	0.1609395	2.29241070978
0.7033676885537148	0.08179575	2.13193141841
0.7051130178057091	0.1161741	2.13721359304
0.7068583470577035	0.1073273	2.14729379556
0.7086036763096978	0.1143579	2.21634917643
0.7103490055616921	0.256708	2.37881065385
0.7120943348136864	0.1479019	2.18794420115
0.7138396640656808	0.05675155	2.01436280803
0.7155849933176751	0.09685128	2.00392523068
0.7173303225696696	0.1093063	2.0064014483
0.7190756518216639	0.07640041	2.03402309472
0.7208209810736581	0.1778354	2.18230451857
0.7225663103256524	0.1010714	2.04708423712
0.7243116395776468	0.02615473	1.8957619623
0.7260569688296411	0.06522351	1.87277669892
0.7278022980816354	0.09873123	1.86660993867
0.7295476273336298	0.0372156	1.84209738046
0.7312929565856241	0.09149916	1.95247165665
0.7330382858376184	0.04994592	1.87694222774
0.7347836150896128	0.007589104	1.77291570582
0.7365289443416072	0.03766733	1.74480311116
0.7382742735936013	0.08470867	1.73303494648
0.7400196028455956	0.01532185	1.66545669346
0.7417649320975901	0.03176092	1.73040959419
0.7435102613495844	0.01535486	1.70401191233
0.7452555906015788	0.005258491	1.65715098751
0.7470009198535731	0.0193497	1.63299978709
0.7487462491055674	0.06860693	1.62005874421
0.7504915783575618	0.01013636	1.52505441774
0.7522369076095561	0.007239384	1.54598116626
0.7539822368615504	0.001724376	1.54750325325
0.7557275661135446	0.0125425	1.55248438012
0.757472895365539	0.008586949	1.54388125013
0.7592182246175333	0.05046222	1.54049601465
0.7609635538695276	0.0113431	1.43588599334
0.7627088831215221	0.006843401	1.41740358289
0.7644542123735163	0.001635934	1.41865998794
0.7661995416255106	0.02017811	1.45344941948
0.7679448708775051	0.002800089	1.46637487763
0.7696902001294994	0.03388082	1.48860831568
0.7714355293814937	0.01100763	1.39710518751
0.773180858633488	0.01404119	1.3521918644
0.7749261878854823	0.005082253	1.33098159799
0.7766715171374766	0.02270101	1.36261933008
0.778416846389471	0.0003910263	1.38500373467
0.7801621756414654	0.02390431	1.43942562751
0.7819075048934596	0.008099381	1.38330500395
0.783652834145454	0.0179376	1.33777959042
0.7853981633974483	0.00632239	1.29522102099
0.7871434926494427	0.02043131	1.29963247434
0.7888888219014369	0.00002391598	1.30340226845
0.7906341511534312	0.02202515	1.37280369556
0.7923794804054256	0.005517849	1.35786934564
0.7941248096574199	0.01635789	1.33897527368
0.7958701389094143	0.005300194	1.30110376787
0.7976154681614087	0.0175284	1.28302886253
0.7993607974134028	0.0002761127	1.2465412055
0.8011061266653973	0.02447713	1.29738854343
0.8028514559173917	0.005459497	1.30461765177
0.8045967851693859	0.01292638	1.31998062329
0.8063421144213804	0.004907858	1.31432939039
0.8080874436733746	0.01814626	1.30387563463
0.8098327729253689	0.0002305941	1.2338349321
0.8115781021773633	0.02520246	1.24366218888
0.8133234314293576	0.007458981	1.24438480209
0.815068760681352	0.01243811	1.27583603089
0.8168140899333463	0.007459681	1.30300510153
0.8185594191853405	0.02331355	1.32656018688
0.8203047484373349	0.00005293558	1.253955047
0.8220500776893291	0.0204674	1.23073336935
0.8237954069413236	0.009318827	1.21323339005
0.8255407361933178	0.01739488	1.23664059343
0.8272860654453121	0.01287967	1.26751143167
0.8290313946973066	0.03042697	1.32124862535
0.8307767239493009	0.00102729	1.27419078884
0.8325220532012952	0.01170533	1.24605713494
0.8342673824532895	0.009076565	1.22368591642
0.8360127117052839	0.02655403	1.23398339694
0.8377580409572781	0.01890416	1.23670683272
0.8395033702092726	0.03520392	1.29091365994
0.8412486994612668	0.005081392	1.27463653643
0.8429940287132611	0.005216189	1.26282239683
0.8447393579652556	0.006624862	1.25346029137
0.8464846872172498	0.03554857	1.26561301239
0.8482300164692442	0.02235926	1.2327330216
0.8499753457212387	0.03425436	1.2605234779
0.8517206749732327	0.01364736	1.26458669716
0.8534660042252271	0.009004198	1.27115586445
0.8552113334772216	0.004405028	1.27290065888
0.8569566627292158	0.03942255	1.29895728024
0.8587019919812102	0.02088063	1.24723974213
0.8604473212332044	0.02668134	1.24466161097
0.8621926504851988	0.02587818	1.26225121365
0.8639379797371932	0.02780118	1.28219053046
0.8656833089891874	0.006553887	1.27415376796
0.8674286382411819	0.03600185	1.30601761616
0.8691739674931761	0.01486215	1.25635792863
0.8709192967451703	0.01467898	1.23626885305
0.8726646259971648	0.0374722	1.26816534121
0.8744099552491592	0.05838049	1.30345154224
0.8761552845011534	0.01607719	1.26796252811
0.8779006137531478	0.02775085	1.28552163033
0.8796459430051422	0.008678036	1.25019840163
0.8813912722571364	0.003748566	1.22601522576
0.8831366015091309	0.04219243	1.26752476441
0.8848819307611251	0.08855156	1.32307511555
0.8866272600131193	0.0313064	1.26146177186
0.8883725892651138	0.02008393	1.25224468628
0.890117918517108	0.009266347	1.23806620273
0.8918632477691024	0.001938309	1.21885512234
0.8936085770210968	0.0364854	1.25225404235
0.895353906273091	0.1025176	1.32296032037
0.8970992355250854	0.04493896	1.25160964085
0.8988445647770799	0.016964	1.2185439805
0.9005898940290741	0.02131615	1.23024970094
0.9023352232810685	0.01640985	1.22448844155
0.9040805525330627	0.02390481	1.22841867936
0.905825881785057	0.09097082	1.29748065342
0.9075712110370514	0.0482741	1.23691280107
0.9093165402890457	0.01779449	1.19286822983
0.9110618695410401	0.04192689	1.22758205638
0.9128071987930344	0.0474669	1.2409861059
0.9145525280450286	0.01432644	1.20341664397
0.9162978572970231	0.05896624	1.25228755024
0.9180431865490173	0.03866383	1.22126786807
0.9197885158010117	0.01914184	1.18406711607
0.921533845053006	0.06014883	1.22840280392
0.9232791743050003	0.08433961	1.25745179866
0.9250245035569946	0.01669697	1.17895370725
0.9267698328089891	0.02416405	1.19405732696
0.9285151620609834	0.02357235	1.20327273577
0.9302604913129776	0.01989134	1.19272696085
0.932005820564972	0.06397565	1.23187099113
0.9337511498169663	0.1084705	1.26684440445
0.9354964790689607	0.03091535	1.15981409058
0.9372418083209549	0.0052096	1.13327338931
0.9389871375729493	0.01598126	1.17417807124
0.9407324668249436	0.02394113	1.20148671539
0.9424777960769379	0.0501869	1.2287589856
0.9442231253289324	0.1048501	1.26515350685
0.9459684545809267	0.04690554	1.1566106409
0.9477137838329208	0.009156698	1.09183061446
0.9494591130849153	0.02375556	1.13415144051
0.9512044423369097	0.03637054	1.18777868978
0.9529497715889039	0.02821636	1.20085576731
0.9546951008408984	0.07369742	1.24150448787
0.9564404300928926	0.05283648	1.16977103568
0.9581857593448869	0.02832957	1.0910076628
0.9599310885968813	0.04236673	1.10160349535
0.9616764178488756	0.05625153	1.14955368798
0.96342174710087	0.01366881	1.14170348736
0.9651670763528643	0.03239462	1.18436427027
0.9669124056048585	0.04532453	1.17792858031
0.9686577348568529	0.04843835	1.1254651876
0.9704030641088474	0.05811398	1.09466079549
0.9721483933608416	0.07392875	1.10894257935
0.9738937226128359	0.01657466	1.07388100157
0.9756390518648302	0.004934027	1.10352547717
0.9773843811168246	0.03215844	1.15522072078
0.979129710368819	0.05973376	1.15882550563
0.9808750396208132	0.05933011	1.10588203247
0.9826203688728075	0.07694942	1.08555583518
0.9843656981248019	0.03427987	1.03335387515
0.9861110273767961	0.00650591	1.03526036072
0.9878563566287906	0.02517892	1.10105386809
0.9896016858807848	0.06155642	1.15451322083
0.9913470151327791	0.0457947	1.10663460486
0.9930923443847736	0.06043111	1.07408139176
0.9948376736367678	0.05440216	1.0338696204
0.9965830028887622	0.03443309	1.01386849279
0.9983283321407567	0.02997832	1.04374651112
1.0000736613927508	0.058197	1.1089361691
1.0018189906447452	0.02849643	1.07921269015
1.0035643198967397	0.03291581	1.05583396892
1.0053096491487339	0.06454552	1.05399586455
1.0070549784007283	0.07109168	1.03869426972
1.0088003076527225	0.04152838	1.01186844181
1.0105456369047168	0.05221263	1.04983355199
1.0122909661567112	0.02038093	1.03681074427
1.0140362954087054	0.01188218	1.027014444
1.0157816246606999	0.06053061	1.0616867232
1.017526953912694	0.09560171	1.07510934866
1.0192722831646883	0.04925724	1.00841933324
1.0210176124166828	0.04267164	1.00664907383
1.0227629416686772	0.02611732	1.00811322051
1.0245082709206714	0.0113849	1.00544634737
1.0262536001726656	0.04721448	1.04518557052
1.02799892942466	0.09581842	1.08677389671
1.0297442586766543	0.04667031	1.01533507029
1.0314895879286488	0.02959473	0.989195752074
1.0332349171806432	0.03937729	1.00827984731
1.0349802464326374	0.0313206	1.00961523289
1.0367255756846319	0.0328719	1.01764241659
1.038470904936626	0.0734441	1.06312407912
1.0402162341886205	0.03652611	1.01548593265
1.041961563440615	0.01824195	0.990434381953
1.043706892692609	0.04919661	1.02842618214
1.0454522219446034	0.05734449	1.03839377386
1.0471975511965979	0.02330292	0.999656939964
1.048942880448592	0.04100387	1.0207391021
1.0506882097005865	0.02704581	1.00543397937
1.0524335389525807	0.01632093	0.998573118261
1.054178868204575	0.04873596	1.04691854879
1.0559241974565694	0.07159204	1.07178484695
1.0576695267085636	0.02023729	1.0027852185
1.059414855960558	0.01443412	0.987619163744
1.0611601852125523	0.02384576	0.993417243327
1.0629055144645467	0.02582455	1.00477141095
1.064650843716541	0.03871322	1.04613960513
1.0663961729685354	0.0650391	1.08613419179
1.0681415022205298	0.02256018	1.02358625309
1.069886831472524	0.005173327	0.984859845871
1.0716321607245185	0.02601842	0.991656605327
1.0733774899765127	0.03923536	1.00724851106
1.0751228192285072	0.0247777	1.02421521671
1.0768681484805014	0.0422005	1.07011272407
1.0786134777324956	0.0268498	1.04646532539
1.08035880698449	0.01397679	1.01305437221
1.0821041362364843	0.02872285	1.0072239031
1.0838494654884787	0.04563948	1.01156240648
1.085594794740473	0.0135177	0.996786470468
1.0873401239924672	0.0167206	1.03298790682
1.0890854532444616	0.02806658	1.05466623102
1.0908307824964558	0.02992038	1.05194424337
1.0925761117484503	0.02756809	1.03530826193
1.0943214410004447	0.04014312	1.02404263837
1.096066770252439	0.009408774	0.985005735034
1.0978120995044334	0.002249648	0.998060074667
1.0995574287564276	0.02309451	1.04261036539
1.101302758008422	0.03817865	1.07604274811
1.1030480872604165	0.02103003	1.06219686075
1.1047934165124107	0.02652575	1.04481201222
1.106538745764405	0.01202462	0.99874090722
1.1082840750163994	0.003634001	0.98436907438
1.1100294042683936	0.01422505	1.01714008135
1.111774733520388	0.03232748	1.07113175972
1.1135200627723822	0.01131026	1.07420557899
1.1152653920243765	0.01239388	1.06726065117
1.117010721276371	0.01583629	1.03203402762
1.1187560505283651	0.01402431	0.995918951179
1.1205013797803596	0.006846328	0.989987089385
1.1222467090323538	0.01874314	1.03783085961
1.1239920382843482	0.003251088	1.0609857081
1.1257373675363425	0.003495033	1.07835270358
1.127482696788337	0.01563266	1.06940914924
1.1292280260403311	0.02217143	1.02710375304
1.1309733552923256	0.003526045	0.97484360178
1.13271868454432	0.007715196	0.989979152175
1.1344640137963142	0.0001114188	1.01816785475
1.1362093430483085	0.0009300461	1.05954573147
1.1379546723003031	0.01228611	1.08823040327
1.1397000015522971	0.02417208	1.06586422464
1.1414453308042918	0.00294	0.98419188817
1.143190660056286	0.002753445	0.953869031017
1.14493598930828	0.0005385536	0.960422926783
1.1466813185602747	0.001549728	1.00311502918
1.1484266478122689	0.009950355	1.06373527812
1.1501719770642633	0.02512125	1.08623051162
1.1519173063162575	0.004008898	1.01261982412
1.1536626355682518	0.001139156	0.95293381699
1.1554079648202462	0.002527178	0.925524815096
1.1571532940722404	0.002699433	0.93639574723
1.1588986233242349	0.008409588	0.993411476388
1.160643952576229	0.02752297	1.05755242048
1.1623892818282235	0.006665577	1.02669669979
1.1641346110802178	0.001269366	0.978777736488
1.1658799403322122	0.008839936	0.941356920275
1.1676252695842066	0.007997082	0.910587289705
1.1693705988362009	0.004232514	0.917163330865
1.171115928088195	0.02451012	0.981331513041
1.1728612573401895	0.008476612	0.994951843464
1.1746065865921838	0.003959786	0.990541865143
1.1763519158441782	0.02227552	0.984665392931
1.1780972450961724	0.02381349	0.944081638266
1.1798425743481666	0.0004054598	0.888362680692
1.181587903600161	0.01156371	0.906997717459
1.1833332328521553	0.006651578	0.933172142136
1.18507856210415	0.008386637	0.962281121044
1.186823891356144	0.03539682	0.99739284928
1.1885692206081382	0.04586613	0.989512124364
1.1903145498601329	0.006734595	0.914311816615
1.192059879112127	0.0002864462	0.886049505861
1.1938052083641215	0.005249266	0.89544064457
1.1955505376161157	0.01279262	0.920163049595
1.19729586686811	0.03420949	0.956122113083
1.1990411961201044	0.05554192	0.984184055773
1.2007865253720988	0.0256533	0.946189442293
1.2025318546240933	0.009168282	0.91402977148
1.2042771838760875	0.01332697	0.907643061873
1.2060225131280817	0.01853123	0.908431306309
1.2077678423800762	0.01738497	0.90293214879
1.2095131716320704	0.03955429	0.928127021098
1.2112585008840648	0.04388139	0.940930632896
1.213003830136059	0.03887151	0.940773471316
1.2147491593880533	0.03133485	0.933069330195
1.2164944886400477	0.02743575	0.925908215266
1.218239817892042	0.004272521	0.889852270206
1.2199851471440364	0.01159481	0.882836113624
1.2217304763960306	0.04546341	0.911680407513
1.2234758056480248	0.06575224	0.935554384999
1.2252211349000193	0.04531578	0.923542901133
1.2269664641520137	0.03528089	0.927425043565
1.228711793404008	0.01473114	0.912835377106
1.2304571226560024	0.002969174	0.890431610922
1.2322024519079966	0.03057514	0.897825738539
1.233947781159991	0.06541723	0.915439329502
1.2356931104119853	0.0415012	0.884888217344
1.23743843966398	0.03433197	0.89114046863
1.2391837689159741	0.04355257	0.925474253431
1.2409290981679681	0.02746627	0.924363125592
1.2426744274199628	0.01545018	0.904854623164
1.244419756671957	0.038964	0.905780166645
1.2461650859239515	0.02406851	0.86412361413
1.2479104151759457	0.02428327	0.852314813206
1.24965574442794	0.06333624	0.905134462064
1.2514010736799344	0.06299959	0.932651637037
1.2531464029319286	0.01432914	0.903364714353
1.254891732183923	0.01176175	0.902327501214
1.2566370614359172	0.01203218	0.88197299108
1.2583823906879115	0.01559086	0.854470969398
1.260127719939906	0.05425391	0.876003272961
1.2618730491919004	0.07422608	0.904544488668
1.2636183784438946	0.02555647	0.880042541077
1.265363707695889	0.007353242	0.888969720674
1.2671090369478832	0.01810405	0.909059152733
1.2688543661998777	0.01851336	0.891078120398
1.270599695451872	0.02576899	0.86819471374
1.2723450247038663	0.05037139	0.873152616084
1.2740903539558606	0.03559564	0.858291157109
1.2758356832078548	0.02492468	0.871436182356
1.2775810124598492	0.03461333	0.911228616599
1.2793263417118435	0.03080113	0.918550230365
1.2810716709638381	0.005815687	0.881592428638
1.2828170002158321	0.01550323	0.867434705481
1.2845623294678263	0.03401803	0.862364792333
1.286307658719821	0.04279008	0.869435808756
1.288052987971815	0.04226362	0.8910210784
1.2897983172238097	0.03903953	0.912845841467
1.2915436464758039	0.01073409	0.897753342534
1.293288975727798	0.001627183	0.885388524985
1.2950343049797925	0.02314181	0.885351627469
1.296779634231787	0.0423867	0.884883956064
1.2985249634837812	0.03141535	0.873164336041
1.3002702927357757	0.03269901	0.888392571047
1.3020156219877699	0.02973326	0.905086165978
1.3037609512397643	0.01598979	0.908135126435
1.3055062804917585	0.01326097	0.903911343424
1.307251609743753	0.02586448	0.900214317374
1.3089969389957472	0.01213192	0.87087721844
1.3107422682477414	0.01571283	0.868745227061
1.3124875974997359	0.03959562	0.900425375318
1.31423292675173	0.03762187	0.918061003201
1.3159782560037245	0.010366	0.905613079349
1.3177235852557188	0.009311788	0.903554873773
1.319468914507713	0.002194325	0.881673659575
1.3212142437597074	0.002636469	0.864949815269
1.3229595730117016	0.03030151	0.885156097422
1.324704902263696	0.04298372	0.906009973805
1.3264502315156905	0.01129756	0.890497510453
1.3281955607676847	0.003517942	0.89539741865
1.3299408900196792	0.007999542	0.89802530462
1.3316862192716734	0.003669872	0.879409996959
1.3334315485236679	0.01211382	0.872619030588
1.335176877775662	0.02878941	0.881466816377
1.3369222070276563	0.01041922	0.865928064007
1.338667536279651	0.006181974	0.877154269977
1.3404128655316452	0.02038603	0.906177677475
1.3421581947836396	0.01566434	0.903424408012
1.3439035240356338	0.0008669905	0.879211317201
1.345648853287628	0.009464796	0.870976214101
1.3473941825396225	0.006988548	0.851591815335
1.3491395117916167	0.009796415	0.856222476282
1.3508848410436112	0.0264928	0.892691385977
1.3526301702956054	0.02722442	0.912572546598
1.3543754995475996	0.003086475	0.896491125586
1.356120828799594	0.0001944563	0.885650005301
1.3578661580515883	0.004758021	0.865453981154
1.3596114873035827	0.01060926	0.852352476932
1.3613568165555772	0.02097941	0.86635487624
1.3631021458075714	0.02871953	0.891656069708
1.3648474750595658	0.01434092	0.896914100171
1.36659280431156	0.006417761	0.901596829016
1.3683381335635545	0.007133241	0.893271359167
1.3700834628155487	0.009791685	0.872005395653
1.371828792067543	0.008377068	0.853168904928
1.3735741213195374	0.01821053	0.859926741927
1.3753194505715316	0.02462464	0.876441502983
1.3770647798235263	0.02249668	0.895498818544
1.3788101090755203	0.01318224	0.900153086264
1.3805554383275145	0.009904426	0.890029485677
1.3823007675795091	0.0002730751	0.861184355919
1.3840460968315031	0.00401099	0.847267228596
1.3857914260834978	0.02466029	0.859804306312
1.387536755335492	0.0343406	0.878456103658
1.3892820845874863	0.01684567	0.879373670639
1.3910274138394807	0.01105522	0.883732281648
1.392772743091475	0.006900707	0.875090303248
1.3945180723434694	0.001149293	0.857655535339
1.3962634015954638	0.01376109	0.858135892141
1.398008730847458	0.0293719	0.868397733864
1.3997540600994525	0.01266001	0.856399665188
1.4014993893514467	0.01043728	0.863970163182
1.4032447186034411	0.02434402	0.883646785892
1.4049900478554354	0.0164504	0.876013906522
1.4067353771074296	0.003078637	0.858991933741
1.408480706359424	0.01136176	0.859955814821
1.4102260356114182	0.004950294	0.845834616777
1.4119713648634127	0.007516748	0.848781695129
1.413716694115407	0.0338368	0.881228904435
1.4154620233674011	0.03570876	0.887015023375
1.4172073526193956	0.00532956	0.857319914263
1.4189526818713898	0.000806937	0.849006998193
1.4206980111233842	0.006146334	0.84319714697
1.4224433403753785	0.007834884	0.83819824837
1.424188669627373	0.02302993	0.857332483284
1.4259339988793673	0.03613706	0.873839341723
1.4276793281313616	0.01918513	0.856274208331
1.429424657383356	0.01205744	0.84847101228
1.4311699866353502	0.02001681	0.848456672495
1.4329153158873444	0.01606418	0.833840140578
1.434660645139339	0.005214379	0.822070376858
1.436405974391333	0.01604083	0.835392017602
1.4381513036433278	0.02884327	0.848107999222
1.439896632895322	0.03270064	0.856839991361
1.4416419621473162	0.03182553	0.857773274748
1.4433872913993107	0.02590229	0.842575107625
1.4451326206513049	0.005490784	0.813854226611
1.4468779499032993	0.001525195	0.808615504095
1.4486232791552935	0.02297832	0.831500913803
1.4503686084072878	0.03645547	0.853906520029
1.4521139376592822	0.0252552	0.853514325128
1.4538592669112764	0.02477481	0.851020336241
1.4556045961632709	0.02625939	0.842158107881
1.457349925415265	0.01397676	0.825657080584
1.4590952546672595	0.01021882	0.82455207393
1.460840583919254	0.01835891	0.839360488368
1.4625859131712482	0.007684317	0.836092487228
1.4643312424232426	0.01194562	0.841202400554
1.4660765716752369	0.04002182	0.862353001511
1.467821900927231	0.03829828	0.85679970313
1.4695672301792255	0.008074377	0.831011495006
1.4713125594312197	0.003696458	0.831358657291
1.4730578886832144	0.005049128	0.831196709388
1.4748032179352084	0.004538201	0.826910819733
1.4765485471872026	0.02644583	0.843682331711
1.4782938764391973	0.04022638	0.85127171838
1.4800392056911913	0.01777782	0.82905474259
1.481784534943186	0.01235537	0.829452667706
1.4835298641951802	0.02501111	0.842005399415
1.4852751934471744	0.01619411	0.829552659683
1.4870205226991688	0.004576708	0.815171969111
1.488765851951163	0.01594765	0.817066072246
1.4905111812031575	0.02299027	0.812986887266
1.4922565104551517	0.02887256	0.820642057482
1.4940018397071462	0.04030484	0.839617244979
1.4957471689591406	0.03351927	0.836775904476
1.4974924982111348	0.007230192	0.813813759581
1.4992378274631293	0.001102471	0.803923113189
1.5009831567151235	0.01630338	0.804938840263
1.5027284859671177	0.02700733	0.80936127108
1.5044738152191122	0.02666498	0.815947344069
1.5062191444711064	0.03054998	0.826568836284
1.5079644737231008	0.02969479	0.831496688516
1.509709802975095	0.01725371	0.82583849295
1.5114551322270893	0.009392964	0.815918602797
1.5132004614790837	0.01081271	0.809686032616
1.514945790731078	0.003517061	0.800777552497
1.5166911199830724	0.009390066	0.808320473952
1.5184364492350666	0.03548096	0.836811816207
1.520181778487061	0.03665946	0.847216711514
1.5219271077390553	0.01029961	0.830019490004
1.5236724369910497	0.004361006	0.82182873882
1.5254177662430441	0.006186843	0.815796345021
1.5271630954950384	0.001617336	0.807954000713
1.5289084247470326	0.01514593	0.821967339554
1.5306537539990273	0.02713799	0.837230591075
1.5323990832510213	0.01167955	0.828029859269
1.534144412503016	0.01135242	0.830217131925
1.5358897417550101	0.02765266	0.841613951402
1.5376350710070041	0.01808121	0.828199242767
1.5393804002589988	0.0005322882	0.810694589164
1.541125729510993	0.00454534	0.810642282399
1.5428710587629875	0.009215994	0.809844149884
1.5446163880149817	0.01522317	0.819306906962
1.546361717266976	0.03016846	0.841027244299
1.5481070465189704	0.02937888	0.841515504937
1.5498523757709646	0.01022578	0.820252169562
1.551597705022959	0.003018376	0.80461543587
1.5533430342749532	0.008563602	0.79600252863
1.5550883635269477	0.01044766	0.796764655416
1.556833692778942	0.009869712	0.810978875021
1.5585790220309363	0.01593299	0.8266651097
1.5603243512829308	0.0219987	0.831765714885
1.562069680534925	0.01762614	0.822146370039
1.5638150097869192	0.009160541	0.802201419209
1.5655603390389137	0.005459197	0.790465661189
1.567305668290908	0.0002101049	0.792851801785
1.5690509975429023	0.0006338819	0.80478534445
1.5707963267948966	0.01516401	0.824046951044
1.5725416560468908	0.01917047	0.831366115991
1.5742869852988854	0.005150458	0.816653001811
1.5760323145508797	0.003609877	0.807034024636
1.5777776438028739	0.01140875	0.810010367238
1.579522973054868	0.00587414	0.8084894985
1.5812683023068623	0.00226446	0.812034471858
1.583013631558857	0.006004442	0.822351125401
1.5847589608108512	0.001352338	0.821759191032
1.5865042900628454	0.002930144	0.821900947339
1.5882496193148399	0.01767473	0.83072796564
1.589994948566834	0.01610463	0.825260533518
1.5917402778188285	0.00146068	0.812546560766
1.593485607070823	0.0001316206	0.812956627709
1.5952309363228174	0.004820031	0.816638007538
1.5969762655748114	0.003980949	0.81882445968
1.5987215948268056	0.007610342	0.825894103209
1.6004669240788003	0.01107993	0.824328308307
1.6022122533307945	0.007798998	0.814128020476
1.6039575825827892	0.006178626	0.807798348555
1.6057029118347834	0.008435462	0.803927036061
1.6074482410867772	0.005245896	0.802277212639
1.6091935703387719	0.0002322778	0.808069414604
1.610938899590766	0.001166342	0.811113606694
1.6126842288427607	0.007655378	0.810254868997
1.614429558094755	0.008832605	0.806120595393
1.6161748873467492	0.004271483	0.794699559504
1.6179202165987434	0.003066875	0.786765518312
1.6196655458507379	0.005828521	0.793462616808
1.6214108751027323	0.003095049	0.799346648034
1.6231562043547265	0.001800872	0.804422757813
1.624901533606721	0.003074366	0.812436431155
1.6266468628587152	0.00009234593	0.809517859266
1.6283921921107094	0.0001626527	0.796314877025
1.630137521362704	0.01004936	0.791250325194
1.6318828506146983	0.009592572	0.787345464861
1.6336281798666925	0.0004018037	0.78880209658
1.6353735091186867	0.0001879555	0.807431741558
1.637118838370681	0.004240905	0.826677990035
1.6388641676226756	0.001850921	0.824989009219
1.6406094968746698	0.004218562	0.811702292461
1.642354826126664	0.006773794	0.791824948956
1.6441001553786583	0.004368306	0.776698315717
1.6458454846306525	0.00470279	0.78022509777
1.6475908138826472	0.008989862	0.799249048842
1.6493361431346414	0.005409416	0.817198117626
1.6510814723866356	0.0007149992	0.827362213895
1.6528268016386303	0.000685992	0.818654956224
1.6545721308906243	0.005043713	0.797577433292
1.6563174601426187	0.006571038	0.774879897828
1.6580627893946132	0.00513546	0.759513759793
1.6598081186466074	0.004243348	0.764930792023
1.6615534478986018	0.007219055	0.79546670453
1.6632987771505963	0.004128469	0.817759023474
1.6650441064025905	0.001136362	0.820904205304
1.6667894356545847	0.001768244	0.810201897631
1.668534764906579	0.0004462798	0.781955231932
1.6702800941585736	0.0003230599	0.750220119553
1.6720254234105678	0.01086715	0.749654106922
1.673770752662562	0.01083962	0.767119256417
1.6755160819145563	0.0007588046	0.789905505168
1.6772614111665505	0.0006476118	0.820145278161
1.6790067404185451	0.006298096	0.833292170304
1.6807520696705394	0.002224746	0.802942317088
1.6824973989225336	0.003880481	0.762297240414
1.684242728174528	0.00724505	0.737534924218
1.6859880574265222	0.004841873	0.738161340262
1.6877333866785167	0.006432373	0.769881031455
1.6894787159305111	0.01445528	0.815872296952
1.6912240451825054	0.009194955	0.832201644771
1.6929693744344996	0.0006016801	0.814365913588
1.6947147036864938	0.0002426077	0.77875567873
1.6964600329384885	0.005884896	0.746984921986
1.6982053621904827	0.007946566	0.732324036359
1.6999506914424773	0.009748514	0.746098930724
1.7016960206944716	0.009428543	0.780759324343
1.7034413499464653	0.009198514	0.817843409545
1.70518667919846	0.004611968	0.824168237309
1.7069320084504542	0.003053804	0.801326155415
1.708677337702449	0.002618758	0.765809187596
1.7104226669544431	0.000636045	0.733988397464
1.7121679962064373	0.001837735	0.726731597213
1.7139133254584316	0.01376923	0.760508698239
1.7156586547104258	0.01265711	0.794455518293
1.7174039839624204	0.001705177	0.807348230491
1.7191493132144147	0.001174899	0.810099129852
1.7208946424664089	0.006483359	0.795661941314
1.7226399717184033	0.001784132	0.754296125255
1.7243853009703975	0.005399436	0.729569780147
1.726130630222392	0.008675357	0.731769339548
1.7278759594743864	0.002911198	0.748985136147
1.7296212887263807	0.005352882	0.784219414587
1.7313666179783749	0.01911607	0.821688362474
1.733111947230369	0.01249754	0.811636538682
1.7348572764823638	0.0001956675	0.770552643066
1.736602605734358	0.0006186799	0.736193974625
1.7383479349863522	0.005441413	0.720918387976
1.7400932642383464	0.006651003	0.726676267306
1.7418385934903406	0.01528829	0.761622917319
1.7435839227423353	0.01548701	0.794706307519
1.7453292519943295	0.007912332	0.805918560166
1.7470745812463238	0.004454646	0.792825077894
1.7488199104983184	0.008348685	0.766848348267
1.7505652397503124	0.00473848	0.734004556217
1.7523105690023069	0.001685999	0.717818052003
1.7540558982543013	0.00476518	0.73108052896
1.7558012275062955	0.01393559	0.769175467208
1.75754655675829	0.01276888	0.793396004353
1.7592918860102844	0.007445024	0.795369545457
1.7610372152622786	0.004944596	0.785135758056
1.7627825445142729	0.004763094	0.76554669837
1.764527873766267	0.0008411346	0.736416289307
1.7662732030182617	0.007679909	0.729824215201
1.768018532270256	0.00972112	0.737315335756
1.7697638615222502	0.002366544	0.748541962357
1.7715091907742444	0.00552856	0.776554650727
1.7732545200262386	0.02084856	0.809570633369
1.7749998492782333	0.01332266	0.796260601012
1.7767451785302275	0.001316238	0.758941876321
1.7784905077822217	0.00186232	0.731714508196
1.780235837034216	0.003267853	0.717205607879
1.7819811662862104	0.004454335	0.722072254299
1.7837264955382048	0.02083587	0.76074493989
1.785471824790199	0.02088768	0.787658997415
1.7872171540421935	0.006719192	0.788003639423
1.7889624832941877	0.005562622	0.779215289357
1.790707812546182	0.01395189	0.762853989729
1.7924531417981766	0.006758051	0.727458685374
1.7941984710501708	0.004307126	0.708451307896
1.7959438003021653	0.009590747	0.719522644783
1.7976891295541597	0.01481242	0.75052190101
1.7994344588061535	0.01545624	0.777268816265
1.8011797880581482	0.01862553	0.792135533096
1.8029251173101424	0.01215822	0.780238287302
1.804670446562137	0.003087788	0.749888218141
1.8064157758141313	0.0007733107	0.720509117752
1.8081611050661255	0.01214869	0.718956083512
1.8099064343181197	0.01368227	0.727855049254
1.811651763570114	0.007824779	0.74335959952
1.8133970928221086	0.01130698	0.773558521914
1.8151424220741028	0.02242441	0.80181008303
1.816887751326097	0.01316642	0.785801358566
1.8186330805780915	0.004652034	0.753597804934
1.8203784098300857	0.004331312	0.728798206811
1.8221237390820801	0.001981795	0.712382219342
1.8238690683340746	0.005455488	0.718894098587
1.8256143975860688	0.02766188	0.761315346868
1.827359726838063	0.02592983	0.783557177971
1.8291050560900572	0.007647793	0.778267790569
1.830850385342052	0.00764249	0.772308309863
1.8325957145940461	0.01741314	0.758953898209
1.8343410438460404	0.008607246	0.720536612279
1.8360863730980346	0.008758891	0.702579673541
1.8378317023500288	0.01570254	0.714631089758
1.8395770316020235	0.01786011	0.74094272791
1.8413223608540177	0.02025516	0.767854398025
1.843067690106012	0.02958776	0.786888535822
1.8448130193580066	0.0192591	0.76695225821
1.8465583486100006	0.003303678	0.728451010923
1.848303677861995	0.002933334	0.706762447783
1.8500490071139892	0.01801232	0.716524193076
1.8517943363659837	0.01893881	0.728365267381
1.8535396656179781	0.01495792	0.743446011109
1.8552849948699723	0.0182761	0.765456561077
1.8570303241219668	0.02454388	0.780954631981
1.858775653373961	0.01431364	0.764061570865
1.8605209826259552	0.00932243	0.743873540656
1.8622663118779499	0.007378158	0.728542949928
1.864011641129944	0.002257239	0.717822417406
1.8657569703819383	0.007270666	0.72822357805
1.8675022996339325	0.03145858	0.767346544387
1.8692476288859268	0.02811386	0.776869829277
1.8709929581379214	0.009100286	0.760615714637
1.8727382873899157	0.01027957	0.754029692986
1.8744836166419099	0.02069521	0.74977846233
1.876228945893904	0.01051102	0.724629117568
1.8779742751458985	0.01050603	0.719528949946
1.879719604397893	0.01677765	0.731823210038
1.8814649336498872	0.01720272	0.742725379612
1.8832102629018816	0.02134771	0.753781736549
1.8849555921538759	0.03565444	0.767376933707
1.88670092140587	0.02442909	0.747025215383
1.8884462506578648	0.005256777	0.716777586097
1.890191579909859	0.005084668	0.710968130153
1.8919369091618534	0.01935972	0.728154621632
1.8936822384138474	0.01772529	0.734349228328
1.8954275676658416	0.01572012	0.741817477549
1.8971728969178363	0.02011847	0.75349673352
1.8989182261698305	0.02522501	0.759850774003
1.9006635554218252	0.01689328	0.7455357741
1.9024088846738194	0.01380687	0.735608734292
1.9041542139258136	0.009117549	0.72799397071
1.9058995431778079	0.002311971	0.724878865161
1.907644872429802	0.005629928	0.73916437917
1.9093902016817967	0.02695619	0.773320498984
1.911135530933791	0.02405431	0.773616765655
1.9128808601857852	0.008795469	0.751525306455
1.9146261894377794	0.01196447	0.74467942614
1.9163715186897738	0.02345	0.747241427896
1.9181168479417683	0.01160022	0.73041328035
1.9198621771937625	0.007551215	0.729789209384
1.921607506445757	0.01078297	0.740318764903
1.9233528356977512	0.01044097	0.745338129504
1.9250981649497454	0.01520652	0.752064136764
1.92684349420174	0.03284774	0.766558893242
1.9285888234537343	0.02417384	0.745956208873
1.9303341527057285	0.006254866	0.714075389171
1.9320794819577227	0.00591656	0.707597045733
1.933824811209717	0.0168295	0.722722411786
1.9355701404617116	0.01142643	0.727214988618
1.9373154697137058	0.01042293	0.739197189532
1.9390607989657	0.01544732	0.754336623326
1.9408061282176947	0.02086409	0.760121062649
1.9425514574696887	0.01633502	0.746233223187
1.9442967867216832	0.01603352	0.735472710737
1.9460421159736774	0.009643797	0.722182756677
1.9477874452256718	0.002291612	0.716410463742
1.9495327744776663	0.003184834	0.731520664199
1.9512781037296605	0.01949849	0.767924711187
1.953023432981655	0.0168265	0.775347793896
1.9547687622336491	0.006513538	0.762760485719
1.9565140914856434	0.01038266	0.757314976297
1.958259420737638	0.02120148	0.753590744855
1.9600047499896323	0.01018164	0.72687004038
1.9617500792416265	0.005543581	0.71712426239
1.9634954084936207	0.006505708	0.72525315591
1.965240737745615	0.005409291	0.737158387108
1.9669860669976096	0.009261575	0.753774013183
1.9687313962496038	0.02662133	0.776211424209
1.970476725501598	0.01961657	0.756691823195
1.9722220547535922	0.004758326	0.718755226259
1.9739673840055865	0.005750539	0.703362515229
1.9757127132575811	0.01596071	0.710606464888
1.9774580425095754	0.009264143	0.709890114536
1.9792033717615696	0.008686964	0.725106678779
1.980948701013564	0.01319866	0.750460932141
1.9826940302655582	0.01746077	0.767059828807
1.9844393595175527	0.01475196	0.760551416366
1.9861846887695471	0.01809463	0.749998977882
1.9879300180215416	0.01110746	0.725097679595
1.9896753472735356	0.002390412	0.70440577772
1.9914206765255298	0.004383789	0.71188143046
1.9931660057775245	0.02084553	0.749895029538
1.9949113350295187	0.01660378	0.765669139762
1.9966566642815133	0.007184036	0.765669232447
1.9984019935335076	0.01117257	0.768719419678
2.0001473227855016	0.02074584	0.764691952608
2.0018926520374962	0.01089708	0.729106772751
2.0036379812894904	0.008840722	0.706893257354
2.0053833105414847	0.009356868	0.705645787786
2.0071286397934793	0.007457927	0.715677404356
2.0088739690454736	0.01179088	0.736454943248
2.0106192982974678	0.03016847	0.769708609351
2.012364627549462	0.02262987	0.762842095409
2.0141099568014567	0.007011728	0.732182134858
2.015855286053451	0.01054687	0.718070531841
2.017600615305445	0.02529742	0.720102394313
2.0193459445574393	0.01701398	0.702211694277
2.0210912738094335	0.013051	0.700630570138
2.022836603061428	0.01996036	0.726443744087
2.0245819323134224	0.02724652	0.755897390892
2.0263272615654166	0.02383035	0.761900393668
2.028072590817411	0.02860092	0.763349011527
2.029817920069405	0.0216547	0.744327706127
2.0315632493213998	0.009745376	0.715914448399
2.033308578573394	0.01343195	0.706790895038
2.035053907825388	0.03482105	0.728386054414
2.036799237077383	0.02729807	0.730513477639
2.0385445663293766	0.01283599	0.729255245036
2.0402898955813713	0.02123473	0.752163921982
2.0420352248333655	0.03799126	0.776526592953
2.0437805540853597	0.02522333	0.751591228774
2.0455258833373544	0.01717163	0.720930336841
2.0472712125893486	0.02021207	0.708959419692
2.049016541841343	0.02305486	0.706761544185
2.050761871093337	0.02501145	0.708863502349
2.0525072003453313	0.0428125	0.73555090163
2.054252529597326	0.03831241	0.743130073901
2.05599785884932	0.0225008	0.732474832876
2.0577431881013144	0.02977504	0.736641421288
2.0594885173533086	0.05318422	0.752469687927
2.0612338466053033	0.03819396	0.724202910385
2.0629791758572975	0.02005549	0.693106399601
2.0647245051092917	0.03253583	0.701998919386
2.0664698343612864	0.05348707	0.729151043224
2.0682151636132806	0.04540626	0.72880491772
2.069960492865275	0.04253474	0.735730279242
2.0717058221172695	0.04322074	0.748909120881
2.0734511513692637	0.03830866	0.748863628056
2.075196480621258	0.03554322	0.733940061567
2.076941809873252	0.05079418	0.731296913761
2.0786871391252464	0.04138657	0.711090908427
2.080432468377241	0.02354719	0.693043698727
2.0821777976292353	0.0370387	0.716671474347
2.08392312688123	0.06866484	0.764530853432
2.0856684561332237	0.05358811	0.75713665635
2.087413785385218	0.03095017	0.72926954754
2.0891591146372126	0.04274304	0.73004463646
2.090904443889207	0.06264429	0.73746472625
2.0926497731412015	0.04951459	0.709708209252
2.0943951023931957	0.04688282	0.698448897157
2.0961404316451895	0.05403603	0.70854295148
2.097885760897184	0.05533835	0.719159624526
2.0996310901491784	0.06037945	0.730694815237
2.101376419401173	0.08244903	0.756772734299
2.1031217486531673	0.06852899	0.743370949778
2.1048670779051615	0.04142768	0.709003431272
2.1066124071571557	0.0516421	0.705439768359
2.10835773640915	0.08155665	0.725757440723
2.1101030656611446	0.06312438	0.706587966572
2.111848394913139	0.04157321	0.695112502339
2.113593724165133	0.05883674	0.731472992427
2.1153390534171272	0.08312793	0.773065295817
2.1170843826691215	0.06743371	0.758265015033
2.118829711921116	0.05676113	0.734278022522
2.1205750411731104	0.05873956	0.719179567672
2.1223203704251046	0.05758777	0.704753362689
2.124065699677099	0.05757251	0.698617390579
2.1258110289290935	0.07966456	0.726335822862
2.1275563581810877	0.07375621	0.733876584752
2.129301687433082	0.05435491	0.725326547255
2.1310470166850766	0.07143932	0.741644367875
2.132792345937071	0.1061423	0.765843321815
2.134537675189065	0.08101443	0.724786177365
2.1362830044410597	0.04944141	0.678396892094
2.138028333693054	0.06720924	0.689145953071
2.139773662945048	0.09628298	0.722423298638
2.141518992197043	0.08095868	0.717292206873
2.143264321449037	0.07189447	0.721550029852
2.1450096507010312	0.07953473	0.741877693154
2.1467549799530254	0.08113915	0.749064459025
2.1485003092050197	0.07347126	0.734883016849
2.1502456384570143	0.08324955	0.731619901085
2.1519909677090086	0.07217809	0.708523351315
2.1537362969610028	0.05294889	0.68520408983
2.155481626212997	0.06861822	0.706309569164
2.157226955464991	0.1057459	0.756814264048
2.158972284716986	0.08589929	0.750422977313
2.16071761396898	0.05530711	0.724843368122
2.1624629432209743	0.07452859	0.735774764618
2.1642082724729685	0.1054873	0.751186316992
2.1659536017249628	0.08156792	0.712239310348
2.1676989309769574	0.06396706	0.686721825375
2.1694442602289516	0.08031027	0.703555373544
2.171189589480946	0.09605679	0.726192510577
2.17293491873294	0.08959734	0.727231387741
2.1746802479849343	0.09571311	0.739415909391
2.176425577236929	0.08736102	0.733671869256
2.178170906488923	0.06845966	0.714254036457
2.179916235740918	0.07325554	0.715519820218
2.1816615649929116	0.1001424	0.737832462903
2.183406894244906	0.08038764	0.714310867995
2.1851522234969005	0.05334222	0.688288381838
2.1868975527488947	0.07619576	0.715784300341
2.1886428820008894	0.1124874	0.75937895152
2.1903882112528836	0.08533728	0.740300524793
2.192133540504878	0.05677397	0.716604112101
2.193878869756872	0.07180901	0.72815207828
2.1956241990088667	0.09140339	0.7406288692
2.197369528260861	0.0762852	0.719978003692
2.199114857512855	0.07593001	0.716484264643
2.20086018676485	0.08250817	0.720105708511
2.202605516016844	0.08142411	0.718529471973
2.2043508452688383	0.08483342	0.723761478699
2.206096174520833	0.103772	0.74535817565
2.207841503772827	0.08413018	0.726930969659
2.2095868330248214	0.05591713	0.700210287023
2.2113321622768156	0.07018684	0.715042096795
2.21307749152881	0.1023884	0.746004106238
2.2148228207808045	0.07778404	0.719009153771
2.2165681500327987	0.05148225	0.691750244384
2.218313479284793	0.07321855	0.712109035628
2.220058808536787	0.1013139	0.742069051623
2.2218041377887814	0.07724972	0.727426896832
2.223549467040776	0.05938227	0.721770316232
2.2252947962927703	0.06729355	0.733313445453
2.2270401255447645	0.07381605	0.73712661166
2.2287854547967587	0.06568438	0.725640688274
2.230530784048753	0.0752448	0.730472647515
2.2322761133007476	0.07059572	0.718906633881
2.234021442552742	0.05857473	0.705881511427
2.235766771804736	0.07106013	0.723580382421
2.2375121010567303	0.09866548	0.756613885159
2.239257430308725	0.07442484	0.734305034087
2.241002759560719	0.04493439	0.704586235394
2.2427480888127134	0.06152275	0.716707858408
2.2444934180647076	0.08893942	0.738038573415
2.246238747316702	0.06320625	0.709166870622
2.2479840765686965	0.04341646	0.690195619537
2.2497294058206907	0.06125516	0.708205110857
2.251474735072685	0.08144449	0.732497797279
2.253220064324679	0.06598696	0.730295917869
2.254965393576674	0.05917708	0.737668750793
2.256710722828668	0.05927549	0.738019042814
2.2584560520806622	0.0554527	0.726198286515
2.260201381332657	0.05113675	0.716569059341
2.261946710584651	0.06438282	0.726473437115
2.2636920398366454	0.05288673	0.712334066984
2.26543736908864	0.03756109	0.703527733372
2.2671826983406342	0.05492123	0.732321891858
2.2689280275926285	0.08428569	0.767809803509
2.2706733568446227	0.05908652	0.741236784701
2.272418686096617	0.03244701	0.708505248726
2.2741640153486116	0.04694917	0.711040292271
2.2759093446006062	0.06724545	0.721191315896
2.2776546738526	0.04437801	0.698195135417
2.2794000031045942	0.03244578	0.693865799657
2.2811453323565885	0.04559119	0.712733544372
2.2828906616085836	0.05922388	0.733509902325
2.284635990860578	0.05065567	0.738334076931
2.286381320112572	0.05086033	0.747820093849
2.288126649364566	0.0456519	0.734039337277
2.28987197861656	0.03733279	0.711874792997
2.291617307868555	0.03644251	0.707021370064
2.2933626371205493	0.05101438	0.724017127712
2.2951079663725436	0.03690054	0.713391905627
2.2968532956245378	0.02212752	0.708833201712
2.2985986248765315	0.03863259	0.735916773574
2.3003439541285267	0.0634071	0.763041319941
2.302089283380521	0.03970404	0.735323906365
2.303834612632515	0.01900216	0.708019137165
2.3055799418845093	0.0306955	0.70749842442
2.3073252711365035	0.04600775	0.712744713248
2.309070600388498	0.02833062	0.697188921739
2.3108159296404924	0.02214517	0.702145561703
2.3125612588924866	0.03038199	0.71802935945
2.314306588144481	0.03881002	0.733682168894
2.316051917396475	0.03322626	0.739631447011
2.3177972466484698	0.03676675	0.746950959001
2.319542575900464	0.0298295	0.725322359306
2.321287905152458	0.02179144	0.703204047656
2.3230332344044524	0.02414545	0.70742996221
2.324778563656447	0.03873687	0.730301059002
2.3265238929084413	0.02397973	0.719482685378
2.3282692221604355	0.01110455	0.711202164192
2.33001455141243	0.02357191	0.727283839821
2.3317598806644244	0.04156507	0.744750279973
2.3335052099164186	0.02175294	0.723491895182
2.3352505391684133	0.008465416	0.709557070055
2.3369958684204075	0.0171798	0.710928357717
2.3387411976724017	0.02898187	0.713521531704
2.340486526924396	0.01627638	0.701971558783
2.34223185617639	0.01353567	0.709272021298
2.343977185428385	0.0178008	0.718476573109
2.345722514680379	0.02303361	0.727456137498
2.3474678439323733	0.018999	0.732273947885
2.3492131731843675	0.02444235	0.739678053289
2.3509585024363617	0.01750769	0.719049999712
2.3527038316883564	0.0111316	0.703376844186
2.3544491609403506	0.01502073	0.713715701851
2.356194490192345	0.02793961	0.73449907722
2.357939819444339	0.01366739	0.717659391082
2.3596851486963333	0.003937993	0.704976066806
2.361430477948328	0.01256603	0.715618905345
2.363175807200322	0.02532328	0.731782940571
2.3649211364523164	0.0105603	0.720045337982
2.3666664657043106	0.003539731	0.716286915356
2.368411794956305	0.008825846	0.717105708573
2.3701571242083	0.01717652	0.716434825879
2.371902453460294	0.007857139	0.706189362046
2.373647782712288	0.00764676	0.711902981603
2.375393111964282	0.008854736	0.7119532036
2.3771384412162764	0.01207782	0.713867803539
2.3788837704682715	0.01077712	0.720593299036
2.3806290997202657	0.01853345	0.734528784039
2.38237442897226	0.01105911	0.720089410856
2.384119758224254	0.005555549	0.709282594246
2.3858650874762484	0.009459894	0.718351194049
2.387610416728243	0.01991007	0.731107378939
2.3893557459802373	0.007135092	0.708136648487
2.3911010752322315	0.001349819	0.695807031943
2.3928464044842257	0.007881818	0.708803990466
2.39459173373622	0.01808088	0.728986676231
2.3963370629882146	0.007134592	0.724256776057
2.398082392240209	0.003454826	0.726341615595
2.3998277214922035	0.005796138	0.727476831328
2.4015730507441977	0.01104401	0.723803020404
2.403318379996192	0.003774626	0.709434034009
2.4050637092481866	0.006314197	0.707922512283
2.406809038500181	0.004804377	0.697641197396
2.408554367752175	0.005989594	0.695191127617
2.4102996970041692	0.008949404	0.708588296698
2.4120450262561635	0.0195893	0.732595661494
2.413790355508158	0.00983063	0.723955620838
2.4155356847601523	0.003720399	0.715520736346
2.4172810140121466	0.00780572	0.723370171568
2.419026343264141	0.01701368	0.731458519401
2.420771672516135	0.005464593	0.703995015198
2.4225170017681297	0.002437062	0.690664399659
2.424262331020124	0.009575694	0.706196825515
2.426007660272118	0.02026109	0.730294372972
2.4277529895241123	0.009988807	0.727796506678
2.4294983187761066	0.006339587	0.732230174143
2.4312436480281012	0.00754185	0.736383570894
2.4329889772800954	0.01079765	0.731730448846
2.4347343065320897	0.004111932	0.711108909774
2.436479635784084	0.009172412	0.702492471097
2.438224965036078	0.00598541	0.685992612152
2.4399702942880728	0.005740631	0.6804338403
2.441715623540067	0.01274741	0.696193440919
2.443460952792061	0.02565492	0.726207358833
2.4452062820440554	0.01289796	0.723877305916
2.4469516112960497	0.005184378	0.721440983205
2.4486969405480443	0.01038244	0.733703334651
2.4504422698000385	0.02037951	0.742053597555
2.4521875990520328	0.00754555	0.708977757129
2.4539329283040274	0.003957826	0.690208279525
2.4556782575560216	0.01544644	0.707563763843
2.457423586808016	0.03030044	0.734059006805
2.4591689160600105	0.01704136	0.725238479645
2.4609142453120048	0.01071079	0.724387402483
2.462659574563999	0.0142542	0.733624619112
2.464404903815993	0.01777242	0.734203051856
2.466150233067988	0.008211347	0.710226559709
2.467895562319982	0.01259904	0.697970590618
2.4696408915719763	0.01035417	0.682695449888
2.4713862208239705	0.01117714	0.676353179155
2.4731315500759647	0.01877736	0.68686928548
2.47487687932796	0.03191046	0.71722479312
2.476622208579954	0.01952678	0.724281883669
2.4783675378319483	0.01188284	0.730851821251
2.480112867083942	0.01786434	0.746843505813
2.4818581963359363	0.02937702	0.75616236103
2.4836035255879314	0.01318634	0.718546283978
2.4853488548399256	0.006125281	0.692381402728
2.48709418409192	0.02379894	0.70806513296
2.488839513343914	0.0445448	0.732350392936
2.490584842595908	0.02521293	0.710934217876
2.492330171847903	0.01430765	0.701830655971
2.494075501099897	0.02447954	0.721603577451
2.4958208303518914	0.03191411	0.735492385649
2.4975661596038856	0.01429177	0.71019520798
2.49931148885588	0.0123075	0.696431200202
2.5010568181078745	0.01612886	0.692802574682
2.5028021473598687	0.02268384	0.691452173347
2.504547476611863	0.02404391	0.685887052337
2.506292805863857	0.03379468	0.704486441066
2.5080381351158514	0.03035899	0.7219267517
2.509783464367846	0.02844824	0.740240256268
2.5115287936198403	0.03081231	0.755513836961
2.5132741228718345	0.04040505	0.765238827994
2.5150194521238287	0.02346245	0.730982624167
2.516764781375823	0.01339873	0.699422399941
2.5185101106278176	0.03142267	0.703639607376
2.520255439879812	0.05385929	0.718697074599
2.522000769131806	0.0300881	0.68787728603
2.5237460983838007	0.01624344	0.673556332002
2.525491427635795	0.03457445	0.703437907012
2.527236756887789	0.04914953	0.733813673441
2.528982086139784	0.02210683	0.71354155873
2.530727415391778	0.01081713	0.705916552187
2.5324727446437723	0.0256676	0.724704320575
2.5342180738957665	0.04150574	0.732937231451
2.535963403147761	0.02860161	0.699313063139
2.5377087323997554	0.02974329	0.689376903509
2.5394540616517496	0.04423692	0.71100812318
2.541199390903744	0.05525018	0.736339510471
2.542944720155738	0.04580948	0.737149367902
2.5446900494077327	0.04651946	0.742999937248
2.546435378659727	0.03841835	0.732614791968
2.548180707911721	0.03094651	0.71614559384
2.5499260371637154	0.03390046	0.706719156388
2.5516713664157096	0.04677761	0.709529195848
2.5534166956677042	0.02913802	0.682701238728
2.5551620249196985	0.02045939	0.667549354496
2.5569073541716927	0.0398849	0.689229475776
2.558652683423687	0.06038919	0.72263192995
2.560398012675681	0.03581362	0.713245090935
2.5621433419276762	0.02271564	0.716243132682
2.56388867117967	0.04510791	0.751686019039
2.5656340004316642	0.06577714	0.770268103288
2.5673793296836585	0.03636114	0.719024653284
2.5691246589356527	0.02405435	0.683877882758
2.570869988187648	0.05231351	0.70170905197
2.572615317439642	0.07544322	0.722656032021
2.5743606466916362	0.04984045	0.695814147151
2.57610597594363	0.03968481	0.691311784294
2.5778513051956247	0.05382081	0.71836497163
2.5795966344476193	0.06042692	0.736277380557
2.5813419636996136	0.03737955	0.716431363929
2.5830872929516078	0.03130803	0.711075398791
2.584832622203602	0.03415862	0.711910263884
2.586577951455596	0.03869628	0.707709802672
2.588323280707591	0.03850162	0.694208440239
2.590068609959585	0.05174741	0.700889174139
2.5918139392115793	0.05023462	0.702133216566
2.593559268463574	0.05128014	0.71229108272
2.595304597715568	0.06461408	0.735651462033
2.5970499269675624	0.07961709	0.756140428972
2.598795256219557	0.05327895	0.723907568337
2.6005405854715513	0.0360145	0.694927683807
2.6022859147235455	0.05464556	0.704254089572
2.6040312439755398	0.07370934	0.717993545502
2.6057765732275344	0.04137014	0.681587498728
2.6075219024795286	0.02687032	0.67042141486
2.609267231731523	0.05713705	0.712407930618
2.611012560983517	0.08018895	0.748621168993
2.6127578902355113	0.04451048	0.720287047384
2.614503219487506	0.0281161	0.708626065041
2.6162485487395	0.0554169	0.737285947632
2.6179938779914944	0.07441589	0.74785169957
2.6197392072434886	0.04246957	0.695691081005
2.621484536495483	0.03373963	0.669070059462
2.6232298657474775	0.06053723	0.689011447685
2.6249751949994717	0.08009462	0.710151003315
2.626720524251466	0.06228656	0.698187922592
2.62846585350346	0.06072983	0.708616923954
2.6302111827554544	0.06870639	0.729180611303
2.631956512007449	0.06960153	0.738147481394
2.6337018412594433	0.05588928	0.726411316184
2.6354471705114375	0.05550871	0.724192055427
2.6371924997634317	0.04571309	0.708711788281
2.638937829015426	0.04159979	0.698584528214
2.6406831582674206	0.05030855	0.702955206148
2.642428487519415	0.0665995	0.718217277698
2.644173816771409	0.05100678	0.701790358438
2.6459191460234033	0.04549655	0.696236916147
2.647664475275398	0.06940055	0.721023058588
2.649409804527392	0.09039392	0.740885993336
2.6511551337793864	0.05754082	0.700593575285
2.652900463031381	0.04074156	0.677672249119
2.6546457922833753	0.07099648	0.707659208309
2.6563911215353695	0.09323163	0.732676521411
2.658136450787364	0.05230028	0.695612445126
2.6598817800393584	0.03528405	0.689300259878
2.6616271092913526	0.0692	0.738072005518
2.663372438543347	0.08967204	0.769691979053
2.665117767795341	0.04906976	0.729916994445
2.6668630970473357	0.03366618	0.708167904973
2.6686084262993304	0.06301133	0.726769511961
2.670353755551324	0.08155096	0.731345356983
2.6720990848033184	0.0491398	0.683128231256
2.6738444140553126	0.04120221	0.665396458854
2.6755897433073077	0.06777262	0.689308212459
2.677335072559302	0.0842313	0.709084587563
2.679080401811296	0.06316068	0.696923352829
2.6808257310632904	0.06223105	0.710203152019
2.682571060315284	0.07191671	0.733197016846
2.6843163895672792	0.07483338	0.747504697383
2.6860617188192735	0.06593005	0.745843634285
2.6878070480712677	0.0689623	0.748610742019
2.689552377323262	0.05774589	0.728125129174
2.691297706575256	0.05217362	0.711732648737
2.693043035827251	0.0589375	0.71070159256
2.694788365079245	0.07037577	0.717547889717
2.6965336943312392	0.05101591	0.692957777027
2.6982790235832335	0.04487192	0.683854219056
2.7000243528352277	0.06869099	0.708100252139
2.7017696820872223	0.09049923	0.730850592136
2.7035150113392166	0.05986537	0.699587224319
2.705260340591211	0.04716412	0.692060103938
2.707005669843205	0.08160403	0.736095338693
2.7087509990951992	0.1028109	0.762525866854
2.710496328347194	0.05631794	0.713456894486
2.712241657599188	0.03749368	0.693571236642
2.7139869868511823	0.0734562	0.734182045289
2.7157323161031766	0.09315019	0.762224721032
2.7174776453551712	0.04881285	0.723440194975
2.7192229746071654	0.0343739	0.708792626652
2.7209683038591597	0.07082882	0.736690308374
2.7227136331111543	0.09165905	0.744482152589
2.7244589623631486	0.05084781	0.692075848182
2.7262042916151428	0.03845014	0.67477784367
2.7279496208671374	0.07210142	0.7060863846
2.7296949501191317	0.08969977	0.721384514886
2.731440279371126	0.05639191	0.687370040849
2.73318560862312	0.05221014	0.688894181459
2.7349309378751143	0.07700012	0.725728583173
2.736676267127109	0.08922376	0.756915172476
2.738421596379103	0.07055146	0.756554187757
2.7401669256310974	0.06855048	0.759837027895
2.7419122548830916	0.06977953	0.748521386174
2.743657584135086	0.06757785	0.730371056776
2.7454029133870805	0.05536162	0.708873515238
2.7471482426390748	0.05584068	0.703744513021
2.748893571891069	0.04825798	0.688139986438
2.750638901143063	0.04846417	0.683570700941
2.7523842303950574	0.06068426	0.697555922103
2.7541295596470525	0.07990644	0.722498877671
2.7558748888990463	0.06591627	0.713963337811
2.7576202181510405	0.06352498	0.720092371366
2.7593655474030347	0.08995727	0.7542262482
2.761110876655029	0.1047364	0.766526327222
2.762856205907024	0.06219315	0.710866544864
2.7646015351590183	0.04286037	0.684162591399
2.766346864411012	0.06962051	0.715272336485
2.7680921936630063	0.08400494	0.73900308928
2.7698375229150005	0.04076713	0.704302163958
2.7715828521669956	0.02893666	0.702312288989
2.77332818141899	0.07038842	0.750495049631
2.775073510670984	0.09530665	0.774409223547
2.7768188399229783	0.05130515	0.71977810268
2.7785641691749725	0.03896758	0.6916839813
2.780309498426967	0.08421311	0.719195117132
2.7820548276789614	0.1041789	0.724117480466
2.7838001569309556	0.05142276	0.662732970729
2.78554548618295	0.03698197	0.651115344708
2.7872908154349445	0.07804143	0.704545264559
2.7890361446869387	0.09670493	0.744561326749
2.790781473938933	0.05627336	0.731803074916
2.7925268031909276	0.04775991	0.747786169101
2.794272132442922	0.07744793	0.785242734742
2.796017461694916	0.08834081	0.789107181626
2.7977627909469107	0.04933968	0.733140340768
2.799508120198905	0.03872795	0.697290128454
2.801253449450899	0.06216011	0.693034215845
2.8029987787028934	0.0729129	0.68887867339
2.8047441079548876	0.0473613	0.663091802908
2.8064894372068823	0.05019847	0.670777536115
2.8082347664588765	0.06957888	0.694279544694
2.8099800957108707	0.08076965	0.718898789436
2.811725424962865	0.07619264	0.739386224637
2.813470754214859	0.08227254	0.766909702884
2.815216083466854	0.07386577	0.761787162719
2.816961412718848	0.06727857	0.749979266446
2.8187067419708423	0.0631002	0.739566030247
2.8204520712228365	0.06267255	0.727774268262
2.8221974004748307	0.04368842	0.69499992475
2.8239427297268254	0.03954877	0.68970273185
2.8256880589788196	0.05310257	0.711028200375
2.827433388230814	0.06941583	0.728240747465
2.829178717482808	0.05065988	0.699060286989
2.8309240467348022	0.05042484	0.69160445832
2.832669375986797	0.08600304	0.72958711209
2.834414705238791	0.1061553	0.753729738835
2.8361600344907854	0.06247191	0.707840651158
2.8379053637427796	0.04703684	0.693056824756
2.839650692994774	0.07925627	0.731972518732
2.8413960222467685	0.08809536	0.74803484289
2.8431413514987627	0.03661365	0.704864074686
2.844886680750757	0.02362114	0.708376471547
2.8466320100027516	0.06254902	0.762200020432
2.848377339254746	0.08241327	0.782973568155
2.8501226685067405	0.03817088	0.723550504045
2.8518679977587347	0.03120463	0.693570286725
2.853613327010729	0.08447957	0.72379980232
2.855358656262723	0.1079228	0.73221308779
2.8571039855147173	0.05055098	0.668360393116
2.858849314766712	0.03583733	0.655438611464
2.8605946440187062	0.08181595	0.708672249746
2.8623399732707004	0.09379818	0.734737691256
2.8640853025226947	0.03922528	0.703582966677
2.865830631774689	0.03000757	0.72380950782
2.867575961026684	0.07061797	0.785477171178
2.869321290278678	0.08665726	0.810180621383
2.8710666195306724	0.04373569	0.761891450895
2.872811948782666	0.03607892	0.729332336376
2.8745572780346604	0.07494182	0.729602568518
2.8763026072866555	0.0886243	0.715463198804
2.8780479365386498	0.04153707	0.658506041781
2.879793265790644	0.03312879	0.647722013097
2.881538595042638	0.06602304	0.679641577432
2.8832839242946324	0.07664172	0.700565629362
2.885029253546627	0.04809708	0.697922499771
2.8867745827986213	0.05281585	0.733472698463
2.8885199120506155	0.07538949	0.77765968173
2.8902652413026098	0.08454994	0.804541319971
2.892010570554604	0.0646226	0.795303929094
2.8937558998065986	0.05920203	0.77349662691
2.895501229058593	0.06123191	0.734135751324
2.897246558310587	0.05888597	0.701037729597
2.8989918875625813	0.03838672	0.672084523051
2.9007372168145755	0.03812957	0.669453432385
2.90248254606657	0.04173148	0.668262656409
2.9042278753185644	0.04890214	0.679132038163
2.9059732045705586	0.05899928	0.70488608986
2.907718533822553	0.07836825	0.742444420329
2.909463863074547	0.07297585	0.749993915324
2.9112091923265417	0.07531988	0.771110407464
2.912954521578536	0.08665824	0.801256622213
2.91469985083053	0.0850659	0.790947056914
2.916445180082525	0.04791717	0.718894042848
2.918190509334519	0.03373026	0.683767500442
2.9199358385865133	0.04567645	0.70035410914
2.921681167838508	0.05286342	0.718251372587
2.923426497090502	0.02459599	0.693437571144
2.9251718263424964	0.02633683	0.694401719303
2.9269171555944906	0.06770053	0.733134190336
2.9286624848464853	0.09335701	0.755540615988
2.9304078140984795	0.05996667	0.718913264689
2.9321531433504737	0.05732067	0.722916560967
2.933898472602468	0.09642584	0.771529953334
2.935643801854462	0.1007042	0.765579152802
2.937389131106457	0.03831309	0.679363335021
2.939134460358451	0.02231096	0.662863525044
2.9408797896104453	0.06281391	0.731270583597
2.9426251188624395	0.07502807	0.778332870685
2.9443704481144337	0.02265189	0.748909348038
2.946115777366429	0.01773897	0.745321722903
2.9478611066184226	0.07226853	0.780505530065
2.949606435870417	0.09391114	0.777127201315
2.951351765122411	0.04043768	0.70001817593
2.9530970943744053	0.03527094	0.677639270493
2.9548424236264004	0.09159509	0.720114309659
2.9565877528783946	0.1026181	0.713141932467
2.9583330821303884	0.03298561	0.632653333927
2.9600784113823826	0.02292507	0.643550813593
2.961823740634377	0.0807428	0.749632084427
2.963569069886372	0.09468317	0.821708696636
2.965314399138366	0.03170821	0.806478676063
2.9670597283903604	0.02220924	0.809998823473
2.968805057642354	0.07322692	0.834725852755
2.970550386894349	0.08564504	0.806259577878
2.9722957161463435	0.02480498	0.701644283909
2.9740410453983377	0.01917609	0.651920995253
2.975786374650332	0.07958075	0.673847914473
2.977531703902326	0.09516789	0.666004601523
2.9792770331543204	0.03071758	0.60363702645
2.981022362406315	0.02813112	0.63431055601
2.9827676916583092	0.08917289	0.74864701532
2.9845130209103035	0.101917	0.830194121371
2.986258350162298	0.04316159	0.839781237933
2.9880036794142923	0.03441841	0.861008639757
2.9897490086662866	0.07228287	0.876441992492
2.9914943379182812	0.07649254	0.834124254773
2.9932396671702755	0.02126001	0.723190331273
2.9949849964222697	0.01582397	0.655435508106
2.996730325674264	0.06821515	0.654229003203
2.9984756549262586	0.08396083	0.647980561512
3.000220984178253	0.02971403	0.606997359206
3.001966313430247	0.03208812	0.642217433315
3.0037116426822412	0.08476172	0.73452243512
3.0054569719342354	0.09514428	0.805903647266
3.00720230118623	0.05328855	0.840130440364
3.0089476304382243	0.051038	0.883304828004
3.0106929596902186	0.07160467	0.894311830992
3.0124382889422128	0.07110585	0.854122487922
3.014183618194207	0.03036104	0.758471358528
3.0159289474462017	0.023864	0.684710202056
3.017674276698196	0.05967126	0.664425923323
3.01941960595019	0.07153675	0.664246005097
3.0211649352021843	0.02824932	0.64455423603
3.0229102644541785	0.03311317	0.670174771899
3.024655593706173	0.07140999	0.716676096433
3.0264009229581674	0.08045912	0.760264194942
3.0281462522101616	0.06431643	0.815083537698
3.029891581462156	0.07209123	0.883572432668
3.03163691071415	0.07335801	0.897175390401
3.0333822399661448	0.07050828	0.870626699198
3.035127569218139	0.04738794	0.801087017081
3.036872898470133	0.03714775	0.727637340021
3.0386182277221274	0.05205442	0.694786501987
3.040363556974122	0.05810332	0.707389271249
3.0421088862261163	0.02552207	0.70795484701
3.0438542154781105	0.03219827	0.71284223148
3.045599544730105	0.05481256	0.69974922696
3.0473448739820994	0.06465787	0.707995318428
3.0490902032340936	0.07900045	0.784326899031
3.0508355324860883	0.09772417	0.882299525838
3.0525808617380825	0.07860489	0.901879249052
3.0543261909900767	0.07425896	0.892221878403
3.056071520242071	0.06799823	0.852217373649
3.057816849494065	0.0512801	0.782321617616
3.05956217874606	0.04433841	0.739789969952
3.0613075079980545	0.04462723	0.7636883049
3.0630528372500487	0.02282364	0.777606502391
3.0647981665020425	0.03151117	0.758460018025
3.0665434957540367	0.03862268	0.692277514433
3.068288825006032	0.05056229	0.673726139484
3.070034154258026	0.09668426	0.772607208042
3.0717794835100203	0.1258407	0.894040489477
3.0735248127620145	0.08679342	0.916104386631
3.0752701420140083	0.08229542	0.931249543418
3.0770154712660034	0.09204466	0.933892400993
3.0787608005179976	0.06721093	0.867379336492
3.080506129769992	0.03836379	0.796731966571
3.082251459021986	0.03368049	0.8106771505
3.0839967882739803	0.02359799	0.834436224761
3.085742117525975	0.03397849	0.814423519417
3.087487446777969	0.02429843	0.726977352802
3.0892327760299634	0.0372774	0.68846404194
3.0909781052819576	0.1141285	0.788198686313
3.092723434533952	0.1534333	0.914504831017
3.0944687637859465	0.09709034	0.95233566132
3.0962140930379407	0.09670988	1.03536797841
3.097959422289935	0.1260934	1.11056752609
3.099704751541929	0.09247192	1.01554321961
3.1014500807939234	0.03813835	0.846905356063
3.103195410045918	0.02849235	0.820148443955
3.1049407392979123	0.03341356	0.897336469337
3.1066860685499065	0.04452725	0.957360071171
3.1084313978019007	0.01409814	0.89126784356
3.1101767270538954	0.02428908	0.788147679536
3.1119220563058896	0.1318516	0.815187363835
3.113667385557884	0.1844838	0.944724607402
3.1154127148098785	0.1149567	1.0954535372
3.1171580440618727	0.1299083	1.38628306553
3.118903373313867	0.198891	1.59279188195
3.1206487025658616	0.1547957	1.33632576864
3.122394031817856	0.05492756	0.872538286367
3.12413936106985	0.03786771	0.799663419627
3.1258846903218442	0.07383425	1.17005921725
3.1276300195738385	0.08923267	1.6125372174
3.129375348825833	0.03586178	1.67695694736
3.1311206780778273	0.0364217	1.25665115539
3.1328660073298216	0.208055	0.919622201424
3.134611336581816	0.3252454	1.29116427062
3.13635666583381	0.285338	2.69085142537
3.1381019950858047	0.4656393	5.44637168681
3.139847324337799	1.295396	9.21236643144
3.141592653589793	3.442183	12.8693621344