# 13C(3P)-CO2, ground-state PES; differential cross sections (mgacesa, Sep 1 2021)
# theta(rad)                 elastic CS                total CS (both in units of 1E-16 cm^2)
0.	4.931373e6	5.027137946032455e6
0.0017453292519943296	3.510557e6	3.56657457741e6
0.003490658503988659	1.246321e6	1.25469458687e6
0.005235987755982989	269355.8	274396.70589
0.006981317007977318	110347.5	118202.753573
0.008726646259971648	77498.68	82053.7201779
0.010471975511965978	53518.07	55736.4019966
0.012217304763960306	23804.37	27117.8885154
0.013962634015954637	12316.09	18389.8193048
0.015707963267948967	12508.13	18139.6756851
0.017453292519943295	9188.084	12580.4168534
0.019198621771937624	6049.939	8566.84729628
0.020943951023931956	3511.584	7148.77233279
0.022689280275926284	3504.226	8765.83942089
0.024434609527920613	4221.332	9093.0775254
0.02617993877991494	2588.531	5870.79873121
0.027925268031909273	1624.66	4365.20468315
0.029670597283903602	1827.479	4978.55883281
0.031415926535897934	2516.629	6061.5377035
0.03316125578789226	3022.537	6237.01422306
0.03490658503988659	2111.687	4596.89881012
0.03665191429188092	1437.687	3803.8922949
0.03839724354387525	1863.49	4527.97749586
0.04014257279586957	2153.847	4812.51321468
0.04188790204786391	2061.788	4367.94906538
0.043633231299858244	1464.713	3396.96225171
0.04537856055185257	886.4391	2804.70204293
0.0471238898038469	1143.406	3272.39513775
0.048869219055841226	1487.657	3559.68996556
0.05061454830783556	1290.406	3070.63504376
0.05235987755982988	835.4005	2414.13061944
0.054105206811824215	405.6383	1984.59653199
0.05585053606381855	386.9557	2036.75211397
0.05759586531581287	657.8254	2186.84747873
0.059341194567807204	662.6311	1909.18363907
0.061086523819801536	406.5538	1511.81270159
0.06283185307179587	165.4208	1335.05873897
0.0645771823237902	84.97518	1328.5534554
0.06632251157578452	182.7364	1317.36228805
0.06806784082777885	246.2979	1098.60763882
0.06981317007977318	163.024	807.767006833
0.0715584993317675	55.34909	720.054077317
0.07330382858376185	13.63953	789.72294312
0.07504915783575618	42.47405	820.563710231
0.0767944870877505	73.82208	686.865160963
0.07853981633974483	49.12605	456.736758969
0.08028514559173915	11.3059	341.541292424
0.08203047484373349	0.3139604	382.137533703
0.08377580409572782	14.04479	447.468781457
0.08552113334772216	31.68698	429.153687789
0.08726646259971649	20.64049	312.304081506
0.0890117918517108	1.654297	206.189582826
0.09075712110370514	4.27371	192.664674385
0.09250245035569946	11.88473	218.817030122
0.0942477796076938	17.05697	226.043223139
0.09599310885968813	14.78215	196.784171396
0.09773843811168245	2.233028	147.00681612
0.09948376736367678	3.731947	127.018975052
0.10122909661567112	14.57535	130.706821098
0.10297442586766545	13.40741	119.190932439
0.10471975511965977	8.156595	100.813126216
0.10646508437165408	2.713855	87.785734644
0.10821041362364843	0.6629256	85.2405032985
0.10995574287564278	11.38634	97.4564341622
0.1117010721276371	17.42215	96.2222785047
0.11344640137963143	9.58733	72.4253053528
0.11519173063162574	2.996455	54.7714251326
0.11693705988362009	0.5561711	52.1306724186
0.11868238913561441	3.185204	59.8751320095
0.12042771838760875	12.20203	71.0760383677
0.12217304763960307	13.12193	65.967599793
0.12391837689159739	5.360334	48.8215778185
0.12566370614359174	1.785665	41.1796934542
0.12740903539558604	1.903781	42.6970484072
0.1291543646475804	4.513922	47.3092125311
0.13089969389957473	9.597153	51.692095188
0.13264502315156904	8.516534	46.6694177523
0.1343903524035634	3.419045	37.9108391526
0.1361356816555577	2.632949	36.5180362278
0.13788101090755206	3.681906	38.0325563832
0.13962634015954636	5.186928	39.1214718298
0.1413716694115407	8.029812	40.8743176362
0.143116998663535	6.927991	38.4846135626
0.14486232791552936	3.620119	34.7109114166
0.1466076571675237	3.616725	34.8707351763
0.148352986419518	4.243293	34.5656992651
0.15009831567151236	4.295721	32.878259692
0.15184364492350666	5.675974	33.2674526174
0.153588974175501	5.130138	32.7030287389
0.15533430342749535	3.221266	31.5520940435
0.15707963267948966	3.524434	32.4204863751
0.158824961931484	3.856469	31.8279122858
0.1605702911834783	3.189998	29.6371137031
0.16231562043547265	3.609506	29.3171266909
0.16406094968746698	3.171808	28.7111014953
0.16580627893946132	1.959336	27.7863550423
0.16755160819145565	2.310799	28.4805723622
0.16929693744344995	2.622061	28.3220276054
0.1710422666954443	2.172345	27.3005477949
0.17278759594743864	2.547701	27.7360803344
0.17453292519943298	2.20553	27.3616404763
0.17627825445142728	1.186612	26.2363118897
0.1780235837034216	1.29033	26.3432034788
0.17976891295541597	1.427624	26.0200577038
0.18151424220741028	1.115015	25.266840186
0.1832595714594046	1.455145	25.6502013498
0.1850049007113989	1.236849	25.1764767887
0.18675022996339327	0.5545604	24.0628673996
0.1884955592153876	0.6018916	23.9492926719
0.1902408884673819	0.6141786	23.592288063
0.19198621771937627	0.4910161	23.1316725793
0.19373154697137057	0.9025037	23.5749225299
0.1954768762233649	0.7720892	23.1413107294
0.19722220547535924	0.4069084	22.2626840591
0.19896753472735357	0.5324786	22.1818067203
0.20071286397934793	0.4787936	21.7937097437
0.20245819323134223	0.6360777	21.5287743325
0.20420352248333656	1.395672	22.1049672851
0.2059488517353309	1.385462	21.6698966195
0.20769418098732523	1.060554	20.7960013953
0.20943951023931953	1.146536	20.7029134201
0.2111848394913139	0.9366647	20.3067036906
0.21293016874330817	1.02662	20.0389882147
0.21467549799530256	1.886876	20.5894535763
0.21642082724729686	2.034331	20.198864063
0.2181661564992912	1.859209	19.3667311395
0.21991148575128555	2.080985	19.2277777079
0.22165681500327983	1.840182	18.7330950562
0.2234021442552742	1.632865	18.2602367458
0.22514747350726852	2.123332	18.5788963333
0.22689280275926285	2.014281	18.1632548219
0.22863813201125716	1.722108	17.4768113274
0.2303834612632515	2.096397	17.6160722478
0.23212879051524585	2.171216	17.517266261
0.23387411976724018	2.07844	17.3183896968
0.23561944901923448	2.469991	17.7242051514
0.23736477827122882	2.155933	17.3135042612
0.23911010752322315	1.485343	16.4627805078
0.2408554367752175	1.596796	16.4404502262
0.24260076602721184	1.710457	16.3984870641
0.24434609527920614	1.597585	16.2464621764
0.24609142453120048	1.90822	16.7040365742
0.24783675378319478	1.727671	16.6123237786
0.24958208303518917	1.129828	16.0534673488
0.25132741228718347	1.149635	16.0629106074
0.2530727415391778	1.262861	15.950776296
0.2548180707911721	1.068241	15.5187568672
0.2565634000431664	1.167474	15.5157527745
0.2583087292951608	1.029534	15.2175525091
0.26005405854715513	0.5791814	14.6983567717
0.26179938779914946	0.5523707	14.7974502101
0.26354471705114374	0.6456951	14.9421070745
0.26529004630313807	0.4956213	14.8300165544
0.26703537555513246	0.5573155	14.9876056641
0.2687807048071268	0.5088702	14.7890624648
0.27052603405912107	0.2442496	14.2731739057
0.2722713633111154	0.2183341	14.1831263198
0.27401669256310973	0.2531053	14.1438041636
0.2757620218151041	0.1257255	13.9414181609
0.2775073510670984	0.170967	14.0482073354
0.2792526803190927	0.1763843	13.9641515391
0.28099800957108706	0.09916564	13.6739264255
0.2827433388230814	0.1571674	13.6914362412
0.2844886680750758	0.1781436	13.6648353311
0.28623399732707	0.1403006	13.4693978179
0.2879793265790644	0.2825085	13.5197222509
0.2897246558310587	0.302064	13.3486003819
0.29146998508305305	0.2863353	13.013332667
0.2932153143350474	0.4511372	13.0120177844
0.29496064358704166	0.5244131	12.9742487753
0.296705972839036	0.5700011	12.792869614
0.2984513020910304	0.8259323	12.8612797681
0.3001966313430247	0.796813	12.6486773717
0.30194196059501904	0.6282936	12.2247183914
0.3036872898470133	0.7947101	12.2380490426
0.30543261909900765	0.9475185	12.331090534
0.307177948351002	0.9776974	12.2637961466
0.3089232776029963	1.228022	12.4655728557
0.3106686068549907	1.203981	12.4432206636
0.312413936106985	0.9230678	12.1062664697
0.3141592653589793	1.02423	12.0969627043
0.31590459461097364	1.210883	12.1136951374
0.317649923862968	1.123585	11.8006611555
0.3193952531149623	1.192505	11.6861541043
0.3211405823669566	1.162138	11.5409032559
0.32288591161895097	0.873621	11.2260735138
0.3246312408709453	0.8798776	11.3245566986
0.32637657012293964	1.032918	11.5989853755
0.32812189937493397	0.8596802	11.5180135073
0.32986722862692824	0.7618601	11.4786525407
0.33161255787892263	0.7452237	11.3702678692
0.33335788713091696	0.5654122	10.9725783657
0.3351032163829113	0.5488239	10.7776811194
0.3368485456349056	0.6760563	10.7548582641
0.3385938748868999	0.52549	10.4768298516
0.3403392041388943	0.3837887	10.3395854949
0.3420845333908886	0.3697496	10.384772012
0.3438298626428829	0.2720267	10.3359882997
0.3455751918948773	0.2611824	10.4446701885
0.34732052114687156	0.3821329	10.6518790784
0.34906585039886595	0.3206181	10.512650793
0.3508111796508603	0.2557711	10.3040317929
0.35255650890285456	0.2791403	10.1329050245
0.3543018381548489	0.2229983	9.82736957558
0.3560471674068432	0.2059194	9.66947543547
0.35779249665883756	0.2876956	9.7276134531
0.35953782591083194	0.2194099	9.63984242316
0.3612831551628262	0.1505481	9.61574614266
0.36302848441482055	0.1760713	9.72528071083
0.3647738136668149	0.1518657	9.71034641677
0.3665191429188092	0.1485733	9.70310121126
0.3682644721708036	0.2202592	9.75629868068
0.3700098014227978	0.1562356	9.54975938645
0.3717551306747922	0.08081315	9.31019217639
0.37350045992678654	0.0870801	9.22392699965
0.3752457891787809	0.0660367	9.1221981854
0.3769911184307752	0.08163932	9.11937688983
0.3787364476827695	0.1809971	9.28379187973
0.3804817769347638	0.1728822	9.28347686001
0.38222710618675815	0.1605968	9.23206544169
0.38397243543875254	0.1965702	9.24687057833
0.38571776469074687	0.1736757	9.13292027479
0.38746309394274114	0.2052498	9.00026980559
0.3892084231947355	0.3429758	8.98179129824
0.3909537524467298	0.3404053	8.79973548723
0.39269908169872414	0.3186031	8.61303325169
0.39444441095071847	0.3941105	8.63137785911
0.3961897402027128	0.4054087	8.63532629572
0.39793506945470714	0.4239495	8.6318703217
0.3996803987067014	0.5562771	8.74582368587
0.40142572795869585	0.5236178	8.65643665282
0.4031710572106902	0.4211564	8.45027166074
0.40491638646268446	0.4861355	8.42582497386
0.4066617157146788	0.5321538	8.40156580939
0.4084070449666731	0.4872732	8.30778301798
0.41015237421866746	0.5356245	8.36124108828
0.4118977034706618	0.4946477	8.34335254677
0.41364303272265607	0.3745807	8.23712798364
0.41538836197465046	0.431711	8.30169914795
0.41713369122664473	0.5272489	8.3624648674
0.41887902047863906	0.4732479	8.23421991478
0.4206243497306334	0.4574688	8.14360541374
0.4223696789826278	0.4169277	8.00341468022
0.4241150082346221	0.2913482	7.77617353563
0.42586033748661634	0.2814637	7.72392673015
0.4276056667386108	0.3445829	7.76906620364
0.4293509959906051	0.2866545	7.69094494339
0.4310963252425994	0.2593974	7.67328192101
0.4328416544945937	0.2679097	7.67422927604
0.43458698374658805	0.2092063	7.57247244083
0.4363323129985824	0.191718	7.53803555313
0.4380776422505767	0.2259829	7.55057604396
0.4398229715025711	0.1573945	7.40983768933
0.44156830075456543	0.1081608	7.30572794669
0.44331363000655966	0.1226912	7.29828492825
0.445058959258554	0.1065117	7.27390881532
0.4468042885105484	0.1140478	7.33698347786
0.4485496177625427	0.167365	7.48240432326
0.45029494701453704	0.1299066	7.48142125447
0.45204027626653137	0.09334735	7.44115206091
0.4537856055185257	0.1132548	7.42588833443
0.45553093477052004	0.109314	7.31966511983
0.4572762640225143	0.1209544	7.21267676774
0.45902159327450864	0.179496	7.17670009576
0.460766922526503	0.1456842	7.03942711447
0.4625122517784973	0.09362913	6.91242404093
0.4642575810304917	0.1066163	6.90810185924
0.466002910282486	0.1074809	6.88921206792
0.46774823953448036	0.1096774	6.85643231998
0.46949356878647464	0.1677667	6.87746338328
0.47123889803846897	0.1510529	6.77888772532
0.47298422729046335	0.09980957	6.62764579036
0.47472955654245763	0.1096475	6.57901497892
0.47647488579445196	0.1084787	6.535802878
0.4782202150464463	0.08294711	6.47502129667
0.4799655442984406	0.1202277	6.51164555038
0.481710873550435	0.1260136	6.51667038506
0.48345620280242924	0.1116854	6.49662601381
0.4852015320544237	0.1642383	6.57845838564
0.48694686130641796	0.2052199	6.65323897166
0.4886921905584123	0.1822221	6.63461756114
0.4904375198104066	0.1921447	6.64261918459
0.49218284906240095	0.1715267	6.59431309716
0.4939281783143953	0.1270113	6.48220887396
0.49567350756638956	0.1759714	6.46431281233
0.4974188368183839	0.2542336	6.47603668778
0.49916416607037833	0.2545172	6.39337977829
0.5009094953223726	0.270883	6.34921789941
0.5026548245743669	0.2680133	6.31344556129
0.5044001538263613	0.2084854	6.22454972313
0.5061454830783556	0.2085063	6.20896271918
0.5078908123303499	0.2524355	6.23847593848
0.5096361415823442	0.2109775	6.15335653635
0.5113814708343386	0.1860625	6.07862681494
0.5131268000863328	0.2079452	6.0566175058
0.5148721293383272	0.1931586	5.9931754706
0.5166174585903216	0.1927994	5.95963273259
0.5183627878423159	0.233233	5.98265721867
0.5201081170943103	0.1917696	5.91231217227
0.5218534463463045	0.1430793	5.84258414595
0.5235987755982989	0.1664253	5.86423152171
0.5253441048502933	0.1765083	5.8752036013
0.5270894341022875	0.1641517	5.88292995692
0.5288347633542818	0.1869578	5.94351994785
0.5305800926062761	0.1548203	5.92057073956
0.5323254218582705	0.1005743	5.8534133727
0.5340707511102649	0.1152349	5.85095521888
0.5358160803622593	0.1369978	5.82373924878
0.5375614096142536	0.1193251	5.73465759695
0.5393067388662478	0.1309515	5.68583535745
0.5410520681182421	0.1183405	5.60907001696
0.5427973973702365	0.0760343	5.51548313555
0.5445427266222308	0.07724933	5.51623200135
0.5462880558742251	0.08922666	5.54495887618
0.5480333851262195	0.05826842	5.51333737552
0.5497787143782138	0.05615128	5.50865327207
0.5515240436302082	0.05997957	5.49036876451
0.5532693728822025	0.04636746	5.42447024604
0.5550147021341968	0.0680074	5.39979230042
0.5567600313861911	0.1027217	5.3925755894
0.5585053606381855	0.08479344	5.31803927408
0.5602506898901798	0.07993118	5.27482977906
0.5619960191421741	0.08548065	5.26897410513
0.5637413483941685	0.07187398	5.24835995783
0.5654866776461628	0.09260064	5.27489635736
0.5672320068981571	0.1415666	5.33341693354
0.5689773361501516	0.1311238	5.29978477011
0.5707226654021459	0.1221156	5.24779106202
0.57246799465414	0.1442591	5.22451523425
0.5742133239061344	0.1432556	5.1628906196
0.5759586531581288	0.1422004	5.10161585984
0.5777039824101231	0.1676306	5.08829802034
0.5794493116621174	0.1363439	5.02648157251
0.5811946409141118	0.0933237	4.97098817392
0.5829399701661061	0.105614	5.00115583498
0.5846852994181004	0.1155296	5.03103015584
0.5864306286700948	0.09970659	5.02259284813
0.5881759579220891	0.1126103	5.03662378299
0.5899212871740833	0.1015755	5.00486008509
0.5916666164260777	0.0715398	4.94160801831
0.593411945678072	0.08449571	4.93954189496
0.5951572749300664	0.1018274	4.95540716439
0.5969026041820608	0.07748878	4.93811428627
0.598647933434055	0.07449076	4.96496951134
0.6003932626860494	0.0731869	4.99653926689
0.6021385919380438	0.05699861	4.99891280495
0.6038839211900381	0.0762002	5.03231143239
0.6056292504420324	0.1103446	5.05704232844
0.6073745796940266	0.09650775	4.98784576242
0.609119908946021	0.09171994	4.90972136391
0.6108652381980153	0.1006697	4.84492711367
0.6126105674500096	0.09014864	4.75990481148
0.614355896702004	0.09715688	4.71609743911
0.6161012259539983	0.1244119	4.72145463419
0.6178465552059926	0.1004648	4.67788885517
0.6195918844579871	0.07563146	4.64028850679
0.6213372137099814	0.08752848	4.64993340374
0.6230825429619757	0.08945012	4.63224371005
0.62482787221397	0.08757726	4.58843540392
0.6265732014659643	0.1128487	4.56571226932
0.6283185307179586	0.1025678	4.50162041774
0.630063859969953	0.08014145	4.43790065265
0.6318091892219473	0.09894911	4.45246759376
0.6335545184739416	0.112064	4.4904181338
0.635299847725936	0.0910597	4.5124895447
0.6370451769779303	0.09189524	4.56998311521
0.6387905062299246	0.08574725	4.60653517548
0.6405358354819191	0.07001993	4.60650293616
0.6422811647339132	0.0982305	4.63278319253
0.6440264939859075	0.1388254	4.6489510225
0.6457718232379019	0.1296698	4.59801610884
0.6475171524898963	0.1238937	4.56222410845
0.6492624817418906	0.1252164	4.5499279368
0.6510078109938849	0.1040991	4.53125530119
0.6527531402458793	0.09459849	4.55320128734
0.6544984694978736	0.1048146	4.60199759149
0.6562437987498679	0.0797242	4.58662075022
0.6579891280018623	0.06094315	4.55568469856
0.6597344572538565	0.07666512	4.54192605314
0.6614797865058508	0.08344334	4.49112731474
0.6632251157578453	0.07550612	4.41735580281
0.6649704450098396	0.07891058	4.36612614804
0.6667157742618339	0.05692076	4.29353968715
0.6684611035138281	0.02943736	4.23729958305
0.6702064327658226	0.03127356	4.24986370118
0.6719517620178169	0.03621262	4.27934324285
0.6736970912698113	0.02939403	4.29123616746
0.6754424205218056	0.04135492	4.31726668071
0.6771877497737998	0.04178968	4.30825163293
0.6789330790257941	0.03302202	4.26131933522
0.6806784082777886	0.04932175	4.23089021862
0.6824237375297829	0.06807328	4.19487680601
0.6841690667817772	0.05936965	4.1238246803
0.6859143960337715	0.06371531	4.08531600868
0.6876597252857658	0.06872994	4.07341686183
0.6894050545377601	0.06115602	4.06530380711
0.6911503837897546	0.07500723	4.09815862594
0.6928957130417489	0.09882544	4.14481869429
0.6946410422937431	0.08179424	4.12500680499
0.6963863715457375	0.0683309	4.08802984629
0.6981317007977319	0.07951294	4.06413445119
0.6998770300497262	0.08054577	4.01272802246
0.7016223593017206	0.07779118	3.95526127781
0.7033676885537148	0.08868149	3.92928631913
0.7051130178057091	0.07036263	3.88840064708
0.7068583470577035	0.0454835	3.86229148965
0.7086036763096978	0.04932536	3.89387798792
0.7103490055616921	0.05128045	3.92884886045
0.7120943348136864	0.03711207	3.93267343012
0.7138396640656808	0.04259234	3.94413983964
0.7155849933176751	0.04308532	3.93315210451
0.7173303225696696	0.03754107	3.89955091613
0.7190756518216639	0.05735853	3.89282911442
0.7208209810736581	0.07842402	3.89413527999
0.7225663103256524	0.06682571	3.86747219914
0.7243116395776468	0.06373636	3.863564732
0.7260569688296411	0.06627182	3.87455880554
0.7278022980816354	0.06018658	3.87179262735
0.7295476273336298	0.07788567	3.88531991119
0.7312929565856241	0.1131179	3.90223860837
0.7330382858376184	0.1113375	3.85861699151
0.7347836150896128	0.1092082	3.80366232915
0.7365289443416072	0.1330657	3.77428604163
0.7382742735936013	0.1403017	3.7271125752
0.7400196028455956	0.1255743	3.66588817455
0.7417649320975901	0.1214082	3.62610411617
0.7435102613495844	0.0990546	3.56572895592
0.7452555906015788	0.07179999	3.50350205723
0.7470009198535731	0.07993094	3.48998849201
0.7487462491055674	0.09389952	3.48507653468
0.7504915783575618	0.07602563	3.44960260001
0.7522369076095561	0.06534392	3.43465767772
0.7539822368615504	0.06260554	3.43423107695
0.7557275661135446	0.04813256	3.42629604544
0.757472895365539	0.03697621	3.43627285796
0.7592182246175333	0.03475626	3.45799468468
0.7609635538695276	0.01841853	3.45394532523
0.7627088831215221	0.010528	3.46196944369
0.7644542123735163	0.01613504	3.49387034009
0.7661995416255106	0.01772433	3.5241703468
0.7679448708775051	0.02011868	3.56452865124
0.7696902001294994	0.02991487	3.61962812037
0.7714355293814937	0.02314745	3.64387577069
0.773180858633488	0.01955993	3.65740232256
0.7749261878854823	0.03348105	3.6806125
0.7766715171374766	0.04564723	3.67771110312
0.778416846389471	0.05394708	3.64400172202
0.7801621756414654	0.07114923	3.61240647235
0.7819075048934596	0.06713926	3.55790871172
0.783652834145454	0.05383475	3.49775856477
0.7853981633974483	0.06358624	3.47907545747
0.7871434926494427	0.0738693	3.47057712701
0.7888888219014369	0.06022668	3.42867398163
0.7906341511534312	0.06000584	3.39450994458
0.7923794804054256	0.06923137	3.36377586257
0.7941248096574199	0.06876586	3.30572223717
0.7958701389094143	0.07520292	3.2430007463
0.7976154681614087	0.08404899	3.18495406262
0.7993607974134028	0.06077167	3.10142516319
0.8011061266653973	0.03846374	3.03858015025
0.8028514559173917	0.04054977	3.03147043197
0.8045967851693859	0.04120319	3.04681896518
0.8063421144213804	0.03852514	3.07345751554
0.8080874436733746	0.05115962	3.12538152865
0.8098327729253689	0.05043452	3.1598355051
0.8115781021773633	0.04285024	3.1734822656
0.8133234314293576	0.05432583	3.19226215964
0.815068760681352	0.06248813	3.19273061288
0.8168140899333463	0.04835187	3.16119641458
0.8185594191853405	0.04738552	3.14877681657
0.8203047484373349	0.05391011	3.15794337629
0.8220500776893291	0.0553059	3.18147702743
0.8237954069413236	0.07200919	3.24464544598
0.8255407361933178	0.09302968	3.32383816279
0.8272860654453121	0.07928319	3.35879909657
0.8290313946973066	0.06429757	3.37439406538
0.8307767239493009	0.07194745	3.38491916139
0.8325220532012952	0.07312259	3.35285131561
0.8342673824532895	0.06456725	3.2860791138
0.8360127117052839	0.07005383	3.22512003461
0.8377580409572781	0.06634676	3.15716887192
0.8395033702092726	0.0557794	3.1054125637
0.8412486994612668	0.0616846	3.10721816954
0.8429940287132611	0.06351855	3.12849755745
0.8447393579652556	0.038188	3.129009523
0.8464846872172498	0.02074505	3.13452835767
0.8482300164692442	0.0178697	3.13405794893
0.8499753457212387	0.01351443	3.10422029427
0.8517206749732327	0.01382356	3.06411198323
0.8534660042252271	0.02103522	3.02408465459
0.8552113334772216	0.01437072	2.97040030609
0.8569566627292158	0.007570083	2.93952857748
0.8587019919812102	0.008164833	2.94843349969
0.8604473212332044	0.005805219	2.97365358205
0.8621926504851988	0.005751105	3.01049385249
0.8639379797371932	0.01779263	3.05781483891
0.8656833089891874	0.02232071	3.07610984971
0.8674286382411819	0.02818368	3.07221364547
0.8691739674931761	0.04665123	3.06778288469
0.8709192967451703	0.05767978	3.0416819633
0.8726646259971648	0.05217032	2.9887930445
0.8744099552491592	0.05227432	2.95003803012
0.8761552845011534	0.04846031	2.9216195782
0.8779006137531478	0.04370953	2.90161423389
0.8796459430051422	0.06202799	2.91423473521
0.8813912722571364	0.08719604	2.93696428932
0.8831366015091309	0.08524614	2.92377082686
0.8848819307611251	0.08444767	2.90412203372
0.8866272600131193	0.09675461	2.89280665454
0.8883725892651138	0.09466645	2.85846796551
0.890117918517108	0.0809222	2.80783617119
0.8918632477691024	0.07719412	2.77244566396
0.8936085770210968	0.06520259	2.7375340377
0.895353906273091	0.05495013	2.71800321708
0.8970992355250854	0.06973158	2.7408150887
0.8988445647770799	0.08356334	2.77522351258
0.9005898940290741	0.06933273	2.78895604988
0.9023352232810685	0.05788108	2.80810581368
0.9040805525330627	0.05457793	2.82754842197
0.905825881785057	0.04300941	2.82923175226
0.9075712110370514	0.03425232	2.83087038804
0.9093165402890457	0.0368603	2.84000252382
0.9110618695410401	0.03031979	2.83772294418
0.9128071987930344	0.02753345	2.85019152099
0.9145525280450286	0.0397562	2.89072010422
0.9162978572970231	0.04487356	2.92950701877
0.9180431865490173	0.03317771	2.95482272573
0.9197885158010117	0.02546932	2.97672794186
0.921533845053006	0.01757206	2.97307875773
0.9232791743050003	0.009927015	2.94971308694
0.9250245035569946	0.01489765	2.93217382785
0.9267698328089891	0.02548863	2.90978564622
0.9285151620609834	0.02525971	2.87076502075
0.9302604913129776	0.02740289	2.84838084711
0.932005820564972	0.03137378	2.8438553848
0.9337511498169663	0.0271045	2.83820927638
0.9354964790689607	0.02009898	2.83570824549
0.9372418083209549	0.01755363	2.83108631242
0.9389871375729493	0.01003538	2.79732505055
0.9407324668249436	0.008715153	2.75401766659
0.9424777960769379	0.01904018	2.72005604342
0.9442231253289324	0.02780162	2.67976782384
0.9459684545809267	0.02930049	2.6345932513
0.9477137838329208	0.03162511	2.61016301125
0.9494591130849153	0.02534278	2.59673104111
0.9512044423369097	0.01626538	2.59362668784
0.9529497715889039	0.01769659	2.61271642355
0.9546951008408984	0.02258767	2.63443487219
0.9564404300928926	0.02060619	2.63487972731
0.9581857593448869	0.0264771	2.63435689452
0.9599310885968813	0.03583384	2.63392651351
0.9616764178488756	0.03846641	2.62082049836
0.96342174710087	0.040791	2.60770372845
0.9651670763528643	0.04302534	2.60238071706
0.9669124056048585	0.03088192	2.58717827581
0.9686577348568529	0.02285365	2.58081591172
0.9704030641088474	0.03229365	2.59798977643
0.9721483933608416	0.04185195	2.61211899736
0.9738937226128359	0.04333726	2.60926311668
0.9756390518648302	0.05028362	2.60774775412
0.9773843811168246	0.05182844	2.59618020467
0.979129710368819	0.0453766	2.57105512386
0.9808750396208132	0.0447356	2.55199173312
0.9826203688728075	0.04419489	2.53308061161
0.9843656981248019	0.03034433	2.4971140351
0.9861110273767961	0.02562056	2.47312203288
0.9878563566287906	0.03676377	2.47163373082
0.9896016858807848	0.04519457	2.46881477599
0.9913470151327791	0.04817289	2.46243206973
0.9930923443847736	0.05312803	2.46316288545
0.9948376736367678	0.04619041	2.45274417647
0.9965830028887622	0.03453905	2.43861145923
0.9983283321407567	0.03359353	2.43987399409
1.0000736613927508	0.03297196	2.44041102722
1.0018189906447452	0.02319051	2.42661625463
1.0035643198967397	0.02395379	2.42488405709
1.0053096491487339	0.03331434	2.43432525586
1.0070549784007283	0.03823421	2.43816797789
1.0088003076527225	0.04219586	2.44249200659
1.0105456369047168	0.04504916	2.44673382439
1.0122909661567112	0.03310222	2.43139367994
1.0140362954087054	0.02135212	2.41494285688
1.0157816246606999	0.02214299	2.41367752341
1.017526953912694	0.02263556	2.40896252051
1.0192722831646883	0.01796153	2.39487936406
1.0210176124166828	0.02170663	2.39129730754
1.0227629416686772	0.02570787	2.38858163155
1.0245082709206714	0.02525311	2.37973823117
1.0262536001726656	0.02749413	2.37453020775
1.02799892942466	0.02720996	2.36344398465
1.0297442586766543	0.01497555	2.33097271112
1.0314895879286488	0.007694838	2.29986588663
1.0332349171806432	0.01001999	2.27916140695
1.0349802464326374	0.012046	2.2556358256
1.0367255756846319	0.01519588	2.233857326
1.038470904936626	0.02264499	2.22374888908
1.0402162341886205	0.02117191	2.21090310991
1.041961563440615	0.01747681	2.20254524181
1.043706892692609	0.02101411	2.2107362901
1.0454522219446034	0.02097997	2.21831166056
1.0471975511965979	0.01280676	2.21445080636
1.048942880448592	0.01335082	2.21988903022
1.0506882097005865	0.01887209	2.23139257683
1.0524335389525807	0.02391441	2.23926294963
1.054178868204575	0.03619857	2.25337768087
1.0559241974565694	0.04825533	2.26934632176
1.0576695267085636	0.04215352	2.26731673268
1.059414855960558	0.03562811	2.26764113679
1.0611601852125523	0.04060635	2.28550288607
1.0629055144645467	0.03940063	2.29903282915
1.064650843716541	0.02900042	2.30270572329
1.0663961729685354	0.02887315	2.31928016716
1.0681415022205298	0.03251685	2.3405061686
1.069886831472524	0.03504772	2.35731674901
1.0716321607245185	0.04606414	2.37858662783
1.0733774899765127	0.0557146	2.39157365569
1.0751228192285072	0.04634815	2.3743143477
1.0768681484805014	0.0377943	2.34870050592
1.0786134777324956	0.04077638	2.32805286641
1.08035880698449	0.03686025	2.29441034979
1.0821041362364843	0.02363782	2.25029494036
1.0838494654884787	0.01922355	2.22019732329
1.085594794740473	0.01798573	2.19994357929
1.0873401239924672	0.01596009	2.1875437989
1.0890854532444616	0.02044333	2.19058058648
1.0908307824964558	0.02466647	2.19489084203
1.0925761117484503	0.01730742	2.18189972917
1.0943214410004447	0.01251265	2.16438427582
1.096066770252439	0.0144046	2.14376486343
1.0978120995044334	0.01236229	2.10923026707
1.0995574287564276	0.00788282	2.06971019591
1.101302758008422	0.00868853	2.03886577283
1.1030480872604165	0.007120024	2.01200324202
1.1047934165124107	0.006599545	2.00112123325
1.106538745764405	0.01297683	2.01570778019
1.1082840750163994	0.01735059	2.03717165331
1.1100294042683936	0.01405246	2.0511552494
1.111774733520388	0.01455107	2.06679405434
1.1135200627723822	0.01651768	2.07497439204
1.1152653920243765	0.01623507	2.06748594107
1.117010721276371	0.02031511	2.05618209131
1.1187560505283651	0.02616279	2.04266837421
1.1205013797803596	0.02235065	2.01803198245
1.1222467090323538	0.02127684	2.00535970885
1.1239920382843482	0.02990735	2.01785341024
1.1257373675363425	0.03334653	2.03255540268
1.127482696788337	0.02758752	2.03845696673
1.1292280260403311	0.02693929	2.04958538963
1.1309733552923256	0.0272794	2.05587003859
1.13271868454432	0.02541925	2.04763510224
1.1344640137963142	0.02957533	2.03550405562
1.1362093430483085	0.0346623	2.01841739739
1.1379546723003031	0.02849783	1.98701081162
1.1397000015522971	0.02546665	1.96360398501
1.1414453308042918	0.03216787	1.96013165843
1.143190660056286	0.03263827	1.95740258572
1.14493598930828	0.02393776	1.94927413588
1.1466813185602747	0.02063223	1.94951388913
1.1484266478122689	0.01875164	1.94960442966
1.1501719770642633	0.0156602	1.94326557359
1.1519173063162575	0.01882639	1.93905317562
1.1536626355682518	0.02333977	1.93403097579
1.1554079648202462	0.01890341	1.92094085327
1.1571532940722404	0.01778202	1.91735412133
1.1588986233242349	0.02379918	1.92926246671
1.160643952576229	0.02418793	1.94386481726
1.1623892818282235	0.01842448	1.96045536011
1.1641346110802178	0.016851	1.98450630742
1.1658799403322122	0.0143072	2.00397242644
1.1676252695842066	0.01210553	2.02003735758
1.1693705988362009	0.0177487	2.04060414918
1.171115928088195	0.02362583	2.05413712945
1.1728612573401895	0.02052958	2.05296419538
1.1746065865921838	0.02112674	2.0571305332
1.1763519158441782	0.0275023	2.0708013185
1.1780972450961724	0.02797258	2.08304674496
1.1798425743481666	0.0235495	2.09782645219
1.181587903600161	0.02236413	2.11887696405
1.1833332328521553	0.01858867	2.1322999625
1.18507856210415	0.01559243	2.1424013303
1.186823891356144	0.02077593	2.1564096955
1.1885692206081382	0.0251565	2.15652221498
1.1903145498601329	0.02029324	2.13303612614
1.192059879112127	0.01927175	2.10875923504
1.1938052083641215	0.02393416	2.08960082675
1.1955505376161157	0.02297498	2.06497141727
1.19729586686811	0.01729233	2.04153246444
1.1990411961201044	0.01492304	2.02868436429
1.2007865253720988	0.0112223	2.01694902439
1.2025318546240933	0.008151997	2.00884681207
1.2042771838760875	0.0108005	2.00878637537
1.2060225131280817	0.01283429	2.00099072693
1.2077678423800762	0.00857711	1.97561963239
1.2095131716320704	0.00725537	1.94811053011
1.2112585008840648	0.009011424	1.92090569892
1.213003830136059	0.007502745	1.8872274049
1.2147491593880533	0.004813928	1.85474674018
1.2164944886400477	0.004727226	1.83179626464
1.218239817892042	0.002813562	1.8133744945
1.2199851471440364	0.002796692	1.80536434222
1.2217304763960306	0.007438706	1.81125251867
1.2234758056480248	0.01053369	1.8184026565
1.2252211349000193	0.009538593	1.81993768429
1.2269664641520137	0.01066608	1.82346726719
1.228711793404008	0.01100079	1.82426913591
1.2304571226560024	0.009979739	1.81915815025
1.2322024519079966	0.01302918	1.81598978162
1.233947781159991	0.01695939	1.81374801286
1.2356931104119853	0.0148171	1.80581620197
1.23743843966398	0.01683744	1.80649123083
1.2391837689159741	0.0266297	1.82200158878
1.2409290981679681	0.03182289	1.83667925595
1.2426744274199628	0.02987962	1.84579208288
1.244419756671957	0.03106434	1.86003311231
1.2461650859239515	0.03171511	1.87233413604
1.2479104151759457	0.02976193	1.87682262356
1.24965574442794	0.03249229	1.88071420441
1.2514010736799344	0.03594095	1.87966083501
1.2531464029319286	0.03100901	1.86451244007
1.254891732183923	0.0306746	1.85295833304
1.2566370614359172	0.04087636	1.85484986926
1.2583823906879115	0.04471312	1.85312378567
1.260127719939906	0.0375194	1.84420292763
1.2618730491919004	0.03525983	1.84585483188
1.2636183784438946	0.03649588	1.8541324723
1.265363707695889	0.03313589	1.8579287106
1.2671090369478832	0.03085918	1.86149390482
1.2688543661998777	0.03132276	1.86322726332
1.270599695451872	0.02638084	1.85274463472
1.2723450247038663	0.02420844	1.84105086532
1.2740903539558606	0.03074163	1.83646770008
1.2758356832078548	0.03234205	1.82591138675
1.2775810124598492	0.02377524	1.80753847968
1.2793263417118435	0.01996385	1.79979721324
1.2810716709638381	0.02112723	1.80260776378
1.2828170002158321	0.0179583	1.80716352821
1.2845623294678263	0.01390102	1.8170460084
1.286307658719821	0.0135254	1.8314581414
1.288052987971815	0.01092631	1.83967378038
1.2897983172238097	0.00972345	1.84656448084
1.2915436464758039	0.01404339	1.85557742497
1.293288975727798	0.01545554	1.85457155111
1.2950343049797925	0.01011378	1.84144472094
1.296779634231787	0.008157661	1.83109395464
1.2985249634837812	0.009409608	1.82441865686
1.3002702927357757	0.007831126	1.81768241746
1.3020156219877699	0.006073257	1.81698868967
1.3037609512397643	0.006702396	1.82210408013
1.3055062804917585	0.005041287	1.82442554694
1.307251609743753	0.004647027	1.829947227
1.3089969389957472	0.008365111	1.84086987069
1.3107422682477414	0.009622876	1.84315960807
1.3124875974997359	0.006144033	1.83251682335
1.31423292675173	0.005483499	1.82094825927
1.3159782560037245	0.006559566	1.8072242279
1.3177235852557188	0.005800882	1.78607148404
1.319468914507713	0.005798896	1.76319871851
1.3212142437597074	0.006778916	1.74075523747
1.3229595730117016	0.004600138	1.71408877631
1.324704902263696	0.003910591	1.69192881236
1.3264502315156905	0.006817384	1.67990623328
1.3281955607676847	0.007340079	1.66887188971
1.3299408900196792	0.00475661	1.65690826077
1.3316862192716734	0.005126191	1.65430827047
1.3334315485236679	0.00611384	1.65772051815
1.335176877775662	0.006348723	1.65970618022
1.3369222070276563	0.009114547	1.66194153029
1.338667536279651	0.01145323	1.6622582003
1.3404128655316452	0.008614509	1.65400003909
1.3421581947836396	0.008056815	1.64503079713
1.3439035240356338	0.01213927	1.64106766331
1.345648853287628	0.01290259	1.63539680465
1.3473941825396225	0.01047492	1.62978389782
1.3491395117916167	0.01229709	1.63647444381
1.3508848410436112	0.01505844	1.65370607114
1.3526301702956054	0.01737926	1.67721702311
1.3543754995475996	0.02381526	1.71007987587
1.356120828799594	0.0290969	1.7460529327
1.3578661580515883	0.02618825	1.77420217313
1.3596114873035827	0.02600399	1.80240637726
1.3613568165555772	0.03305318	1.83415897419
1.3631021458075714	0.03392239	1.85414470334
1.3648474750595658	0.02686066	1.86016159029
1.36659280431156	0.02644109	1.87005063485
1.3683381335635545	0.03146045	1.88500230975
1.3700834628155487	0.03342578	1.8974032462
1.371828792067543	0.03616854	1.91366278924
1.3735741213195374	0.04103999	1.93686351225
1.3753194505715316	0.04054022	1.95799250613
1.3770647798235263	0.04050709	1.9817545741
1.3788101090755203	0.04679213	2.01210160718
1.3805554383275145	0.04720619	2.03115380321
1.3823007675795091	0.03693647	2.02999889799
1.3840460968315031	0.03286284	2.02662609194
1.3857914260834978	0.03769499	2.02417880334
1.387536755335492	0.03677305	2.00760298709
1.3892820845874863	0.03041505	1.98134285754
1.3910274138394807	0.03012348	1.96226668938
1.392772743091475	0.03215231	1.94850719318
1.3945180723434694	0.03073072	1.93618689929
1.3962634015954638	0.02951765	1.92990300466
1.398008730847458	0.02798279	1.9246620938
1.3997540600994525	0.02176988	1.91168421216
1.4014993893514467	0.01747841	1.89815223823
1.4032447186034411	0.0186197	1.88668178825
1.4049900478554354	0.01696653	1.86605861405
1.4067353771074296	0.01057296	1.83682230352
1.408480706359424	0.00881057	1.81382712796
1.4102260356114182	0.01132472	1.79849512393
1.4119713648634127	0.01036231	1.78455210072
1.413716694115407	0.006398363	1.77434788236
1.4154620233674011	0.004759114	1.77021118765
1.4172073526193956	0.004055754	1.76686070468
1.4189526818713898	0.002369352	1.76324394686
1.4206980111233842	0.00076574	1.75976633738
1.4224433403753785	0.0002233434	1.75369388868
1.424188669627373	0.0001196474	1.74609879186
1.4259339988793673	0.0004710299	1.74259787342
1.4276793281313616	0.0003658878	1.74388409133
1.429424657383356	0.0003952876	1.75129329304
1.4311699866353502	0.001281572	1.76752248478
1.4329153158873444	0.00177354	1.78861172741
1.434660645139339	0.001019184	1.80889884955
1.436405974391333	0.002111625	1.83104809833
1.4381513036433278	0.005324142	1.85329104977
1.439896632895322	0.008085047	1.8668091993
1.4416419621473162	0.01054393	1.87139638084
1.4433872913993107	0.01385155	1.8743328857
1.4451326206513049	0.01540282	1.87577550337
1.4468779499032993	0.01607854	1.87787148648
1.4486232791552935	0.01850945	1.88792794636
1.4503686084072878	0.01889423	1.90410546795
1.4521139376592822	0.0145114	1.92108294005
1.4538592669112764	0.01391717	1.94628316603
1.4556045961632709	0.02016047	1.979708368
1.457349925415265	0.0235447	2.00299881938
1.4590952546672595	0.02215054	2.00919658155
1.460840583919254	0.02595758	2.01065835366
1.4625859131712482	0.03352296	2.00671655365
1.4643312424232426	0.0355375	1.98745704698
1.4660765716752369	0.0337449	1.9603500528
1.467821900927231	0.03302985	1.93830005036
1.4695672301792255	0.02993507	1.92116336286
1.4713125594312197	0.02636392	1.91255202884
1.4730578886832144	0.02767787	1.91874639613
1.4748032179352084	0.02813637	1.93005746007
1.4765485471872026	0.02365042	1.9367895224
1.4782938764391973	0.02509686	1.94707982865
1.4800392056911913	0.03417501	1.95901750889
1.481784534943186	0.03680829	1.95363476195
1.4835298641951802	0.03161491	1.92967901659
1.4852751934471744	0.03068019	1.90396156975
1.4870205226991688	0.03209742	1.87805064695
1.488765851951163	0.02797852	1.84693590792
1.4905111812031575	0.02280288	1.81962018693
1.4922565104551517	0.02050398	1.80328155894
1.4940018397071462	0.01705766	1.79410384671
1.4957471689591406	0.01593397	1.79455922056
1.4974924982111348	0.02075324	1.80587861066
1.4992378274631293	0.02271264	1.81508313419
1.5009831567151235	0.0183764	1.81500485201
1.5027284859671177	0.01810865	1.81381105724
1.5044738152191122	0.02201289	1.81016169396
1.5062191444711064	0.01979579	1.79403013742
1.5079644737231008	0.01343565	1.77007641708
1.509709802975095	0.01118825	1.75017118716
1.5114551322270893	0.01046849	1.73536966302
1.5132004614790837	0.008705673	1.72656754415
1.514945790731078	0.009225001	1.72849955745
1.5166911199830724	0.009957784	1.73749535651
1.5184364492350666	0.007588782	1.7470547773
1.520181778487061	0.007227124	1.7581988346
1.5219271077390553	0.009948752	1.76708396397
1.5236724369910497	0.008931877	1.76335855422
1.5254177662430441	0.004644605	1.74684157702
1.5271630954950384	0.003582633	1.72528560157
1.5289084247470326	0.00432013	1.7006967188
1.5306537539990273	0.003608645	1.67601990205
1.5323990832510213	0.003670929	1.6587805308
1.534144412503016	0.004453459	1.65032370579
1.5358897417550101	0.003461063	1.64826944261
1.5376350710070041	0.003237907	1.65506772975
1.5393804002589988	0.004803714	1.66763318631
1.541125729510993	0.00407282	1.67476054715
1.5428710587629875	0.001421356	1.67273158711
1.5446163880149817	0.001121967	1.66495498135
1.546361717266976	0.0020546	1.64939515814
1.5481070465189704	0.002486227	1.62546269347
1.5498523757709646	0.004363041	1.59955972711
1.551597705022959	0.006338535	1.57392829742
1.5533430342749532	0.005819482	1.54848547256
1.5550883635269477	0.006379966	1.53106696229
1.556833692778942	0.009261144	1.52459505737
1.5585790220309363	0.008754608	1.51932442792
1.5603243512829308	0.004902493	1.51266160509
1.562069680534925	0.004339831	1.512566152
1.5638150097869192	0.006535339	1.51598145732
1.5655603390389137	0.007194707	1.51270189157
1.567305668290908	0.008434406	1.50441579075
1.5690509975429023	0.01169254	1.49575128268
1.5707963267948966	0.01374998	1.48344982313
1.5725416560468908	0.0159221	1.46905660164
1.5742869852988854	0.02028907	1.45813554545
1.5760323145508797	0.02111538	1.44640996375
1.5777776438028739	0.016593	1.43185783718
1.579522973054868	0.01525955	1.4255558426
1.5812683023068623	0.01850285	1.42919425645
1.583013631558857	0.01764885	1.42884117429
1.5847589608108512	0.0136323	1.42314998344
1.5865042900628454	0.01513635	1.42361997274
1.5882496193148399	0.02016576	1.42714054597
1.589994948566834	0.02184694	1.42274084401
1.5917402778188285	0.02223667	1.41432841488
1.593485607070823	0.02371148	1.4090532429
1.5952309363228174	0.02311004	1.40426677418
1.5969762655748114	0.02166347	1.40077945055
1.5987215948268056	0.02250922	1.40313971615
1.6004669240788003	0.02112215	1.40573010759
1.6022122533307945	0.01600315	1.40418650366
1.6039575825827892	0.01532448	1.40607723427
1.6057029118347834	0.02001782	1.411169417
1.6074482410867772	0.02035727	1.40654477893
1.6091935703387719	0.01636331	1.39270405449
1.610938899590766	0.01686583	1.38289610873
1.6126842288427607	0.02005414	1.37741325625
1.614429558094755	0.01819956	1.36860767412
1.6161748873467492	0.01386895	1.36112848792
1.6179202165987434	0.01201865	1.36143794955
1.6196655458507379	0.01042817	1.36518138063
1.6214108751027323	0.008253805	1.3684375647
1.6231562043547265	0.008248397	1.37180873612
1.624901533606721	0.00813113	1.37085000922
1.6266468628587152	0.006014039	1.36275372289
1.6283921921107094	0.0063773	1.35346414234
1.630137521362704	0.00969855	1.34566314862
1.6318828506146983	0.00940392	1.33504050832
1.6336281798666925	0.005780179	1.32453783036
1.6353735091186867	0.004988113	1.32165127677
1.637118838370681	0.006016904	1.324698563
1.6388641676226756	0.004159857	1.32775644894
1.6406094968746698	0.00155215	1.33095404987
1.642354826126664	0.001024369	1.33395346655
1.6441001553786583	0.0008742034	1.33352558425
1.6458454846306525	0.0006219858	1.3302322551
1.6475908138826472	0.001631139	1.32631837116
1.6493361431346414	0.001969136	1.32042417871
1.6510814723866356	0.0008977381	1.31406509732
1.6528268016386303	0.0009657977	1.31193431999
1.6545721308906243	0.002044557	1.31403271407
1.6563174601426187	0.001468881	1.31762274572
1.6580627893946132	0.000472036	1.32388816882
1.6598081186466074	0.000597612	1.33245664859
1.6615534478986018	0.0006404341	1.34055293825
1.6632987771505963	0.0008985163	1.34927694028
1.6650441064025905	0.002763499	1.35946160448
1.6667894356545847	0.003575741	1.36524081753
1.668534764906579	0.002447538	1.36524370954
1.6702800941585736	0.003120321	1.36595780262
1.6720254234105678	0.005704366	1.36778695663
1.673770752662562	0.005648478	1.36475806586
1.6755160819145563	0.004100538	1.36046027596
1.6772614111665505	0.004862082	1.3628096295
1.6790067404185451	0.006506104	1.3709517732
1.6807520696705394	0.007066241	1.38181689915
1.6824973989225336	0.008616042	1.39722210198
1.684242728174528	0.01005059	1.41380308311
1.6859880574265222	0.009444792	1.42559440891
1.6877333866785167	0.01020185	1.43402947882
1.6894787159305111	0.01359788	1.43925314446
1.6912240451825054	0.01346957	1.43278217561
1.6929693744344996	0.009847991	1.41594444292
1.6947147036864938	0.01011381	1.40227414591
1.6964600329384885	0.01368836	1.39468149257
1.6982053621904827	0.01326391	1.38505223777
1.6999506914424773	0.01082371	1.37736560468
1.7016960206944716	0.01194796	1.38082353707
1.7034413499464653	0.01422744	1.39060968195
1.70518667919846	0.01406017	1.39737985523
1.7069320084504542	0.01398055	1.4020733489
1.708677337702449	0.01403854	1.404614854
1.7104226669544431	0.01234953	1.40053523988
1.7121679962064373	0.011639	1.39150897124
1.7139133254584316	0.01349698	1.38088147684
1.7156586547104258	0.01267786	1.36380257095
1.7174039839624204	0.009088445	1.34095566556
1.7191493132144147	0.009191986	1.3227383432
1.7208946424664089	0.01238574	1.31050581375
1.7226399717184033	0.01145408	1.29499512666
1.7243853009703975	0.008014203	1.27865292335
1.726130630222392	0.007997758	1.27102215772
1.7278759594743864	0.009536787	1.26878172798
1.7296212887263807	0.008149835	1.26248465701
1.7313666179783749	0.006387402	1.25392533321
1.733111947230369	0.006227659	1.2462198664
1.7348572764823638	0.005871387	1.23540119847
1.736602605734358	0.005712648	1.21998903462
1.7383479349863522	0.007428472	1.20357454801
1.7400932642383464	0.007761025	1.18497187647
1.7418385934903406	0.005975709	1.16438899154
1.7435839227423353	0.006501875	1.14819360247
1.7453292519943295	0.00926022	1.13748725066
1.7470745812463238	0.008329614	1.12474103559
1.7488199104983184	0.005015888	1.11013784601
1.7505652397503124	0.004746374	1.09958021847
1.7523105690023069	0.006120599	1.09026262336
1.7540558982543013	0.004975416	1.0752362088
1.7558012275062955	0.003868179	1.05752664942
1.75754655675829	0.004614695	1.04171220392
1.7592918860102844	0.005233854	1.02651043322
1.7610372152622786	0.006145764	1.01184324013
1.7627825445142729	0.008970356	1.00094194121
1.764527873766267	0.009814776	0.991775496028
1.7662732030182617	0.007966783	0.982949772944
1.768018532270256	0.008615846	0.978048882588
1.7697638615222502	0.0116439	0.976441784744
1.7715091907742444	0.01051527	0.970735408135
1.7732545200262386	0.007093809	0.9611876657
1.7749998492782333	0.00748928	0.953094634037
1.7767451785302275	0.009851285	0.944477986846
1.7784905077822217	0.009507935	0.930267303668
1.780235837034216	0.009212026	0.914037374633
1.7819811662862104	0.01055725	0.899852020428
1.7837264955382048	0.01122762	0.887308945845
1.785471824790199	0.0119158	0.877964935785
1.7872171540421935	0.01447165	0.875422887644
1.7889624832941877	0.01464783	0.87705703871
1.790707812546182	0.01201906	0.881475813289
1.7924531417981766	0.01274158	0.892052651551
1.7941984710501708	0.01670721	0.906298098089
1.7959438003021653	0.016057	0.913915465315
1.7976891295541597	0.01252238	0.913705165891
1.7994344588061535	0.01370407	0.911282951841
1.8011797880581482	0.0174521	0.904670057183
1.8029251173101424	0.0164414	0.888274776993
1.804670446562137	0.01366579	0.867735369984
1.8064157758141313	0.01403578	0.851058218777
1.8081611050661255	0.01501628	0.838912663433
1.8099064343181197	0.01391993	0.831091857753
1.811651763570114	0.01369421	0.831443393138
1.8133970928221086	0.01380217	0.838562790533
1.8151424220741028	0.01268435	0.849121895468
1.816887751326097	0.0135014	0.863769416773
1.8186330805780915	0.0173797	0.88051945012
1.8203784098300857	0.01784917	0.890180239839
1.8221237390820801	0.01514193	0.891373142017
1.8238690683340746	0.01679683	0.890632993505
1.8256143975860688	0.02161297	0.887022108851
1.827359726838063	0.02037924	0.87339363769
1.8291050560900572	0.01572016	0.854680105543
1.830850385342052	0.01605028	0.84080333762
1.8325957145940461	0.01873515	0.831615762462
1.8343410438460404	0.01666036	0.823084727492
1.8360863730980346	0.01364964	0.81971950934
1.8378317023500288	0.0141052	0.824315842421
1.8395770316020235	0.01514494	0.833151605456
1.8413223608540177	0.01498672	0.84370224312
1.843067690106012	0.01625868	0.855760922449
1.8448130193580066	0.01677475	0.863867637215
1.8465583486100006	0.01521786	0.865757980669
1.848303677861995	0.01577053	0.865834738741
1.8500490071139892	0.01884376	0.864595729922
1.8517943363659837	0.01758496	0.85620641032
1.8535396656179781	0.01338125	0.844220083417
1.8552849948699723	0.01368443	0.837585429312
1.8570303241219668	0.01683382	0.835588732637
1.858775653373961	0.01501215	0.831560446788
1.8605209826259552	0.01122088	0.828484144747
1.8622663118779499	0.01182967	0.830817717316
1.864011641129944	0.01414274	0.834912926515
1.8657569703819383	0.01281424	0.836052939384
1.8675022996339325	0.01091153	0.8362825202
1.8692476288859268	0.01104431	0.835576301816
1.8709929581379214	0.01115179	0.832108756449
1.8727382873899157	0.01036776	0.827349202103
1.8744836166419099	0.01073143	0.823014354218
1.876228945893904	0.0103327	0.815495352494
1.8779742751458985	0.008656058	0.806004411808
1.879719604397893	0.009114509	0.80079320169
1.8814649336498872	0.01192398	0.799940535462
1.8832102629018816	0.01139908	0.796959606605
1.8849555921538759	0.008748161	0.79412800483
1.88670092140587	0.009894799	0.797364216021
1.8884462506578648	0.01327656	0.803474182523
1.890191579909859	0.01198111	0.804900580017
1.8919369091618534	0.008749404	0.803787856826
1.8936822384138474	0.009265794	0.803641367821
1.8954275676658416	0.01115329	0.801838595511
1.8971728969178363	0.009576293	0.79595064724
1.8989182261698305	0.007678819	0.789414670234
1.9006635554218252	0.007881525	0.782806120531
1.9024088846738194	0.008223913	0.775735478515
1.9041542139258136	0.00793856	0.770939178559
1.9058995431778079	0.00889016	0.769917355516
1.907644872429802	0.008951536	0.768272457421
1.9093902016817967	0.007702116	0.76707406269
1.911135530933791	0.008276018	0.771971471591
1.9128808601857852	0.01062585	0.781591833133
1.9146261894377794	0.009631634	0.788169968459
1.9163715186897738	0.006797175	0.79303970113
1.9181168479417683	0.007200934	0.800853281063
1.9198621771937625	0.009447999	0.807632068121
1.921607506445757	0.007955491	0.806032260935
1.9233528356977512	0.005263158	0.798944510818
1.9250981649497454	0.005930928	0.791209169407
1.92684349420174	0.008075354	0.78218957176
1.9285888234537343	0.007350846	0.771022821945
1.9303341527057285	0.006170272	0.762479910335
1.9320794819577227	0.007075863	0.758597336002
1.933824811209717	0.008447402	0.758666976938
1.9355701404617116	0.00814196	0.762699821144
1.9373154697137058	0.007963427	0.770288640386
1.9390607989657	0.007916489	0.776323449307
1.9408061282176947	0.007283582	0.779375223021
1.9425514574696887	0.00687223	0.782009089999
1.9442967867216832	0.007681938	0.783225622985
1.9460421159736774	0.006912998	0.777567389481
1.9477874452256718	0.005113621	0.767830353234
1.9495327744776663	0.005923191	0.760695678339
1.9512781037296605	0.008884084	0.755490359517
1.953023432981655	0.008562805	0.746782167742
1.9547687622336491	0.006709647	0.738296056361
1.9565140914856434	0.008368027	0.735551921853
1.958259420737638	0.01157594	0.736108267453
1.9600047499896323	0.01034004	0.734695499302
1.9617500792416265	0.00755267	0.733750692215
1.9634954084936207	0.007699762	0.735039536222
1.965240737745615	0.008576203	0.735798073815
1.9669860669976096	0.006492737	0.733926757743
1.9687313962496038	0.004462123	0.731446186791
1.970476725501598	0.004114755	0.727610637297
1.9722220547535922	0.003996174	0.722643028424
1.9739673840055865	0.003784161	0.719575275852
1.9757127132575811	0.004972364	0.719543921326
1.9774580425095754	0.005396787	0.718509054765
1.9792033717615696	0.005010369	0.717703618791
1.980948701013564	0.00644917	0.721371665443
1.9826940302655582	0.009356317	0.727556478348
1.9844393595175527	0.009045495	0.729592552546
1.9861846887695471	0.007121682	0.729763291956
1.9879300180215416	0.00799192	0.733164403813
1.9896753472735356	0.01018342	0.737515333348
1.9914206765255298	0.008390381	0.737217149628
1.9931660057775245	0.005406893	0.735561950192
1.9949113350295187	0.00593422	0.736643398079
1.9966566642815133	0.008083276	0.738235311941
1.9984019935335076	0.00711968	0.736679201656
2.0001473227855016	0.005893217	0.734928964704
2.0018926520374962	0.007640035	0.73475864314
2.0036379812894904	0.01025923	0.734822650233
2.0053833105414847	0.01046316	0.734123579307
2.0071286397934793	0.01046883	0.734056702193
2.0088739690454736	0.01115308	0.732764058524
2.0106192982974678	0.01126716	0.729787801028
2.012364627549462	0.01059585	0.727224329772
2.0141099568014567	0.01070362	0.725639770766
2.015855286053451	0.009710612	0.72141112397
2.017600615305445	0.007923335	0.716815023155
2.0193459445574393	0.008387776	0.717136506515
2.0210912738094335	0.01097105	0.721138134165
2.022836603061428	0.01051054	0.722003291419
2.0245819323134224	0.008723899	0.721610397082
2.0263272615654166	0.01085744	0.724687851652
2.028072590817411	0.01483349	0.727870553873
2.029817920069405	0.01365288	0.724354300529
2.0315632493213998	0.01061004	0.718485402505
2.033308578573394	0.01182451	0.716675057273
2.035053907825388	0.01433551	0.71724977562
2.036799237077383	0.01181576	0.715936665354
2.0385445663293766	0.008439671	0.716548722759
2.0402898955813713	0.009073	0.72149534702
2.0420352248333655	0.01094954	0.727488991077
2.0437805540853597	0.01020537	0.731249928564
2.0455258833373544	0.0102374	0.734576247334
2.0472712125893486	0.01252468	0.736965271561
2.049016541841343	0.01513233	0.738056844977
2.050761871093337	0.01727425	0.739734595971
2.0525072003453313	0.02030784	0.743181810081
2.054252529597326	0.02182374	0.744658447876
2.05599785884932	0.02167594	0.744814855562
2.0577431881013144	0.02263675	0.747170639154
2.0594885173533086	0.02444495	0.749846687911
2.0612338466053033	0.02212472	0.746219993109
2.0629791758572975	0.01802076	0.739455664821
2.0647245051092917	0.01796201	0.73651652066
2.0664698343612864	0.02019936	0.735588892018
2.0682151636132806	0.01773929	0.729771891302
2.069960492865275	0.01430784	0.723528201536
2.0717058221172695	0.0168217	0.723536370067
2.0734511513692637	0.02180146	0.725859875602
2.075196480621258	0.02102358	0.722783591644
2.076941809873252	0.01883116	0.719032519932
2.0786871391252464	0.021935	0.720976761604
2.080432468377241	0.02622868	0.725742574961
2.0821777976292353	0.02454253	0.728212784911
2.08392312688123	0.0216677	0.732642451706
2.0856684561332237	0.02275828	0.741632429484
2.087413785385218	0.02434228	0.750938706434
2.0891591146372126	0.02235833	0.756206298108
2.090904443889207	0.02086827	0.758852187775
2.0926497731412015	0.02138232	0.75793824708
2.0943951023931957	0.02190945	0.752922638924
2.0961404316451895	0.02251895	0.746667543241
2.097885760897184	0.02488698	0.742126432511
2.0996310901491784	0.02563003	0.737203266474
2.101376419401173	0.02508137	0.734738128024
2.1031217486531673	0.02753486	0.740125197452
2.1048670779051615	0.03171678	0.750938611421
2.1066124071571557	0.03033272	0.758117447274
2.10835773640915	0.02664469	0.763308109962
2.1101030656611446	0.02822873	0.772052664932
2.111848394913139	0.0316495	0.779455775337
2.113593724165133	0.02799383	0.776243212821
2.1153390534171272	0.02276302	0.768037728793
2.1170843826691215	0.02454054	0.763687466044
2.118829711921116	0.0286023	0.75972843632
2.1205750411731104	0.02611965	0.748958895675
2.1223203704251046	0.02303689	0.738194117222
2.124065699677099	0.02657769	0.734928213104
2.1258110289290935	0.03163233	0.735035291624
2.1275563581810877	0.03075733	0.732064182371
2.129301687433082	0.02916935	0.73092514402
2.1310470166850766	0.03168385	0.73530411874
2.132792345937071	0.03417949	0.740933597657
2.134537675189065	0.03219126	0.743351026252
2.1362830044410597	0.02989096	0.745449988277
2.138028333693054	0.02913441	0.74756581141
2.139773662945048	0.02785449	0.747846470931
2.141518992197043	0.02567088	0.746532048363
2.143264321449037	0.02489379	0.745615596067
2.1450096507010312	0.02333662	0.742733964281
2.1467549799530254	0.0212941	0.739106412261
2.1485003092050197	0.0223928	0.738859604016
2.1502456384570143	0.02585519	0.741110067088
2.1519909677090086	0.02508461	0.739424404821
2.1537362969610028	0.02296484	0.73693219824
2.155481626212997	0.02628655	0.740088562214
2.157226955464991	0.0312756	0.74525715015
2.158972284716986	0.02880809	0.743737091676
2.16071761396898	0.02437603	0.740680619719
2.1624629432209743	0.02637028	0.743729678877
2.1642082724729685	0.02960093	0.747850507061
2.1659536017249628	0.02527542	0.744418274629
2.1676989309769574	0.02015275	0.739786434966
2.1694442602289516	0.02175499	0.741240552921
2.171189589480946	0.024841	0.743951668263
2.17293491873294	0.02236179	0.740984463509
2.1746802479849343	0.02010326	0.737950922675
2.176425577236929	0.02282506	0.739319358734
2.178170906488923	0.02610432	0.740404715123
2.179916235740918	0.025077	0.736125090071
2.1816615649929116	0.0237963	0.730681952163
2.183406894244906	0.0244376	0.726585211492
2.1851522234969005	0.02446828	0.722323684177
2.1868975527488947	0.02202199	0.717452731045
2.1886428820008894	0.01987908	0.715612140116
2.1903882112528836	0.01786366	0.716568863094
2.192133540504878	0.01557291	0.719828611744
2.193878869756872	0.01435255	0.725933806806
2.1956241990088667	0.01500116	0.733754191792
2.197369528260861	0.01390561	0.737774208434
2.199114857512855	0.01257714	0.738697638416
2.20086018676485	0.01521969	0.740283747616
2.202605516016844	0.0197142	0.740736995897
2.2043508452688383	0.01909199	0.734432438519
2.206096174520833	0.01717585	0.726467529267
2.207841503772827	0.02029909	0.723717523744
2.2095868330248214	0.02409482	0.722854418873
2.2113321622768156	0.02067878	0.716871935973
2.21307749152881	0.01597995	0.711322724999
2.2148228207808045	0.01668764	0.712240166447
2.2165681500327987	0.01800916	0.715261951089
2.218313479284793	0.01366591	0.714282137673
2.220058808536787	0.009702414	0.714661798608
2.2218041377887814	0.01075663	0.7201785719
2.223549467040776	0.0127421	0.725937510049
2.2252947962927703	0.01133575	0.726293090702
2.2270401255447645	0.01058874	0.724186967547
2.2287854547967587	0.0123809	0.721024889412
2.230530784048753	0.01409155	0.714698545575
2.2322761133007476	0.01332685	0.704354660813
2.234021442552742	0.01253826	0.694645567557
2.235766771804736	0.01209833	0.687858525059
2.2375121010567303	0.01124534	0.685002515754
2.239257430308725	0.009657441	0.686660380056
2.241002759560719	0.008774911	0.693405592567
2.2427480888127134	0.007352008	0.701908374501
2.2444934180647076	0.005969512	0.710957128201
2.246238747316702	0.006174572	0.720164536156
2.2479840765686965	0.007701812	0.727375712964
2.2497294058206907	0.006928426	0.728086304713
2.251474735072685	0.005866753	0.724329272165
2.253220064324679	0.007688346	0.719251767618
2.254965393576674	0.0101853	0.711476629712
2.256710722828668	0.008447153	0.697582175527
2.2584560520806622	0.006138327	0.6822600469
2.260201381332657	0.006923974	0.670168333128
2.261946710584651	0.007829234	0.660580509319
2.2636920398366454	0.004930176	0.651572960802
2.26543736908864	0.002375969	0.647969791036
2.2671826983406342	0.002533303	0.652054661698
2.2689280275926285	0.003114288	0.660897281669
2.2706733568446227	0.001870719	0.670186027167
2.272418686096617	0.001459005	0.679942255098
2.2741640153486116	0.002366101	0.688252399939
2.2759093446006062	0.00354939	0.692484813029
2.2776546738526	0.003595789	0.690923513025
2.2794000031045942	0.00376729	0.685835954113
2.2811453323565885	0.004194812	0.678680212622
2.2828906616085836	0.004701207	0.671363320475
2.284635990860578	0.003934525	0.664768035341
2.286381320112572	0.003147998	0.660642061775
2.288126649364566	0.002776276	0.658466063904
2.28987197861656	0.002594284	0.658228974538
2.291617307868555	0.001507911	0.659127607234
2.2933626371205493	0.0009520688	0.661248071239
2.2951079663725436	0.0005782999	0.663100576163
2.2968532956245378	0.0003517447	0.665386454904
2.2985986248765315	0.0003791932	0.668336459566
2.3003439541285267	0.001184267	0.671317902969
2.302089283380521	0.0008408761	0.671627664938
2.303834612632515	0.0004498435	0.670167463851
2.3055799418845093	0.001194505	0.667666775022
2.3073252711365035	0.002236974	0.663846370128
2.309070600388498	0.001226936	0.657851790185
2.3108159296404924	0.0003912537	0.653176782927
2.3125612588924866	0.0006761719	0.651689216127
2.314306588144481	0.001038972	0.65331064055
2.316051917396475	0.0002396932	0.656501007442
2.3177972466484698	0.00005426063	0.661458868701
2.319542575900464	0.00006548994	0.665828970277
2.321287905152458	0.0001699943	0.667893240997
2.3230332344044524	0.000138711	0.666333955267
2.324778563656447	0.000484707	0.661710047732
2.3265238929084413	0.0002072535	0.653797189541
2.3282692221604355	0.0001812236	0.645143582993
2.33001455141243	0.0001629139	0.637680834841
2.3317598806644244	0.0003086329	0.632782693087
2.3335052099164186	0.0001085365	0.62976015402
2.3352505391684133	0.0002793585	0.629866318552
2.3369958684204075	0.00006124649	0.632874153472
2.3387411976724017	0.00008006486	0.637838384153
2.340486526924396	6.806048e-6	0.64236906476
2.34223185617639	0.0001355306	0.647157220818
2.343977185428385	0.00003812673	0.652217811477
2.345722514680379	0.0004426743	0.656546544005
2.3474678439323733	0.0002932861	0.657533000013
2.3492131731843675	0.0002715833	0.656521685842
2.3509585024363617	0.0007142309	0.654329056032
2.3527038316883564	0.001513428	0.65024747849
2.3544491609403506	0.001037812	0.642772058246
2.356194490192345	0.0007663231	0.635247081296
2.357939819444339	0.001023144	0.629841352717
2.3596851486963333	0.001313836	0.626845114015
2.361430477948328	0.0007772115	0.625667914592
2.363175807200322	0.0008141324	0.62858254318
2.3649211364523164	0.0006077858	0.634986221861
2.3666664657043106	0.0004387216	0.64351142772
2.368411794956305	0.0006868825	0.652281064218
2.3701571242083	0.001474497	0.660498648096
2.371902453460294	0.0008705512	0.665225285279
2.373647782712288	0.0003943737	0.666224220602
2.375393111964282	0.0009908419	0.663754899099
2.3771384412162764	0.001808981	0.658052151339
2.3788837704682715	0.0008786105	0.648193421068
2.3806290997202657	0.0002830095	0.637774871343
2.38237442897226	0.0007496188	0.629877612597
2.384119758224254	0.001414188	0.624954785201
2.3858650874762484	0.0006171229	0.621071653687
2.387610416728243	0.0001822515	0.62065163673
2.3893557459802373	0.0006896678	0.624673438561
2.3911010752322315	0.001520348	0.630328837315
2.3928464044842257	0.0008592534	0.633249315777
2.39459173373622	0.0004847951	0.635899005274
2.3963370629882146	0.001310623	0.640445134982
2.398082392240209	0.002458179	0.644874511236
2.3998277214922035	0.001728119	0.645934449635
2.4015730507441977	0.00129002	0.647526702749
2.403318379996192	0.002155038	0.651758102694
2.4050637092481866	0.003066456	0.655304626865
2.406809038500181	0.002124582	0.654187269212
2.408554367752175	0.001629299	0.651953843053
2.4102996970041692	0.001923628	0.650574275721
2.4120450262561635	0.002173839	0.648542373301
2.413790355508158	0.001586255	0.644684935066
2.4155356847601523	0.001658642	0.642956517789
2.4172810140121466	0.001506886	0.64395118887
2.419026343264141	0.001438569	0.645796443606
2.420771672516135	0.001790851	0.646340491931
2.4225170017681297	0.002691594	0.646010141461
2.424262331020124	0.002215506	0.643132005792
2.426007660272118	0.001926617	0.638201570534
2.4277529895241123	0.0029135	0.632770451763
2.4294983187761066	0.004194072	0.628837908758
2.4312436480281012	0.003267316	0.625977702141
2.4329889772800954	0.002570704	0.626799035706
2.4347343065320897	0.003626895	0.632516685218
2.436479635784084	0.004807645	0.64087138827
2.438224965036078	0.00331316	0.64717505737
2.4399702942880728	0.002175989	0.652858996106
2.441715623540067	0.003239594	0.659296354083
2.443460952792061	0.004461026	0.664227584847
2.4452062820440554	0.002871713	0.664477834577
2.4469516112960497	0.001856068	0.664602836073
2.4486969405480443	0.003234271	0.667517708617
2.4504422698000385	0.004646732	0.669781096447
2.4521875990520328	0.003236408	0.666660277038
2.4539329283040274	0.002398628	0.662039504846
2.4556782575560216	0.003498312	0.65852028966
2.457423586808016	0.004407775	0.653479703851
2.4591689160600105	0.003011854	0.644741758785
2.4609142453120048	0.002260283	0.638655702555
2.462659574563999	0.002697993	0.638725465589
2.464404903815993	0.003057228	0.642119711008
2.466150233067988	0.002214213	0.644916831175
2.467895562319982	0.002068474	0.649509727037
2.4696408915719763	0.002190512	0.65551650439
2.4713862208239705	0.002436311	0.659091898991
2.4731315500759647	0.002426707	0.657340613
2.47487687932796	0.0028942	0.653974180083
2.476622208579954	0.002820147	0.65086729348
2.4783675378319483	0.002965832	0.647439841451
2.480112867083942	0.003229804	0.642544046658
2.4818581963359363	0.003696574	0.638823400642
2.4836035255879314	0.003233859	0.636314605484
2.4853488548399256	0.002999436	0.633947187828
2.48709418409192	0.003028862	0.630886121015
2.488839513343914	0.003271251	0.629796659906
2.490584842595908	0.002408451	0.631341528293
2.492330171847903	0.001832154	0.636484924848
2.494075501099897	0.002120182	0.645361302386
2.4958208303518914	0.002849365	0.657890589261
2.4975661596038856	0.001880766	0.670535567071
2.49931148885588	0.001319881	0.682249556054
2.5010568181078745	0.002679506	0.692006620793
2.5028021473598687	0.004345883	0.697547209249
2.504547476611863	0.003132916	0.695573909347
2.506292805863857	0.002399308	0.689820128221
2.5080381351158514	0.0043077	0.683920264552
2.509783464367846	0.00599903	0.676857052911
2.5115287936198403	0.004084264	0.666008258735
2.5132741228718345	0.002858697	0.656585392672
2.5150194521238287	0.004288629	0.651728761394
2.516764781375823	0.005311832	0.648024871148
2.5185101106278176	0.003270682	0.641717235125
2.520255439879812	0.002145755	0.638380147168
2.522000769131806	0.00306687	0.641084451057
2.5237460983838007	0.003757787	0.645791589749
2.525491427635795	0.002264062	0.648052025712
2.527236756887789	0.001553148	0.652202679058
2.528982086139784	0.002211804	0.659563811418
2.530727415391778	0.002821643	0.664949507957
2.5324727446437723	0.001745657	0.663980096359
2.5342180738957665	0.001332347	0.66187901937
2.535963403147761	0.00188207	0.661546878941
2.5377087323997554	0.002428321	0.660425095149
2.5394540616517496	0.001830213	0.656690554684
2.541199390903744	0.001992495	0.655977959325
2.542944720155738	0.002416823	0.659997605503
2.5446900494077327	0.002914591	0.665678596952
2.546435378659727	0.003458089	0.670322977819
2.548180707911721	0.004626082	0.67625864381
2.5499260371637154	0.004525092	0.682296318588
2.5516713664157096	0.004510133	0.685982933093
2.5534166956677042	0.005573386	0.685718518775
2.5551620249196985	0.006515854	0.682901779083
2.5569073541716927	0.004864725	0.676874048828
2.558652683423687	0.003611565	0.668912554647
2.560398012675681	0.00405642	0.660478938858
2.5621433419276762	0.004293616	0.653575215675
2.56388867117967	0.002242953	0.648188966201
2.5656340004316642	0.001130741	0.646776269077
2.5673793296836585	0.001822931	0.650029825211
2.5691246589356527	0.002568916	0.656724308195
2.570869988187648	0.001294016	0.66358409765
2.572615317439642	0.0007919738	0.671589916396
2.5743606466916362	0.002175102	0.680729108822
2.57610597594363	0.003647491	0.688552669655
2.5778513051956247	0.002436067	0.691622065603
2.5795966344476193	0.001915765	0.693041139428
2.5813419636996136	0.003921417	0.694328963721
2.5830872929516078	0.00554943	0.692139710679
2.584832622203602	0.003541891	0.682666778687
2.586577951455596	0.002359946	0.670755504248
2.588323280707591	0.003748319	0.659638285333
2.590068609959585	0.004453874	0.647674677413
2.5918139392115793	0.00231642	0.634264241414
2.593559268463574	0.001569641	0.627138548845
2.595304597715568	0.002653182	0.629906850665
2.5970499269675624	0.003548931	0.639243917064
2.598795256219557	0.003238223	0.650723464496
2.6005405854715513	0.003800258	0.666059424716
2.6022859147235455	0.004534506	0.68333407021
2.6040312439755398	0.005133813	0.696471714861
2.6057765732275344	0.004813061	0.700922409126
2.6075219024795286	0.004588158	0.700912574799
2.609267231731523	0.004322206	0.699192624593
2.611012560983517	0.004206349	0.694265996232
2.6127578902355113	0.003044021	0.684655500916
2.614503219487506	0.002329952	0.675931190805
2.6162485487395	0.002135894	0.670127035776
2.6179938779914944	0.002016002	0.66432823183
2.6197392072434886	0.001188026	0.656744407044
2.621484536495483	0.001209969	0.652913131991
2.6232298657474775	0.0009893011	0.654885540152
2.6249751949994717	0.0009934507	0.661224591616
2.626720524251466	0.001960776	0.670496429054
2.62846585350346	0.003439355	0.683996139025
2.6302111827554544	0.002733802	0.698264638047
2.631956512007449	0.00253434	0.709232904563
2.6337018412594433	0.004292083	0.713725518888
2.6354471705114375	0.005443409	0.711650684759
2.6371924997634317	0.003426956	0.702660018097
2.638937829015426	0.002337436	0.69013845873
2.6406831582674206	0.003173514	0.677351616143
2.642428487519415	0.003477639	0.667165951817
2.644173816771409	0.001589419	0.65967569747
2.6459191460234033	0.0008126449	0.656571057252
2.647664475275398	0.001663756	0.657203756456
2.649409804527392	0.002542489	0.659430380111
2.6511551337793864	0.001382947	0.660146851103
2.652900463031381	0.0011291	0.662036188374
2.6546457922833753	0.003300393	0.667213686984
2.6563911215353695	0.005452946	0.674175001892
2.658136450787364	0.00406259	0.679621297703
2.6598817800393584	0.003654592	0.686871506887
2.6616271092913526	0.006591547	0.696153789867
2.663372438543347	0.008326925	0.701377271381
2.665117767795341	0.005288079	0.697663627299
2.6668630970473357	0.003626583	0.691029594964
2.6686084262993304	0.005057777	0.685245678201
2.670353755551324	0.005255187	0.678482725691
2.6720990848033184	0.002567667	0.670537472474
2.6738444140553126	0.001756582	0.668709720184
2.6755897433073077	0.002585879	0.674303628185
2.677335072559302	0.003101335	0.682174276976
2.679080401811296	0.002757734	0.687798044061
2.6808257310632904	0.003241804	0.693591358312
2.682571060315284	0.003661167	0.699166423677
2.6843163895672792	0.004191502	0.701361627563
2.6860617188192735	0.004038903	0.698297424671
2.6878070480712677	0.004085473	0.694872312252
2.689552377323262	0.00426304	0.692755673503
2.691297706575256	0.004564721	0.689062731284
2.693043035827251	0.003689501	0.681131770121
2.694788365079245	0.00332745	0.673547359975
2.6965336943312392	0.003323479	0.668125016173
2.6982790235832335	0.003234941	0.66316376821
2.7000243528352277	0.002685838	0.658176496263
2.7017696820872223	0.002952805	0.658438048462
2.7035150113392166	0.002555331	0.664375142123
2.705260340591211	0.002508045	0.672495250297
2.707005669843205	0.003541031	0.679314140472
2.7087509990951992	0.004626823	0.685639310387
2.710496328347194	0.003510373	0.68982222296
2.712241657599188	0.003180673	0.690419298026
2.7139869868511823	0.004311571	0.687184895603
2.7157323161031766	0.004835018	0.683848337129
2.7174776453551712	0.003263866	0.6816309017
2.7192229746071654	0.002693457	0.680489312058
2.7209683038591597	0.003153763	0.679042880603
2.7227136331111543	0.003356476	0.678307481452
2.7244589623631486	0.001988215	0.677008524312
2.7262042916151428	0.001425117	0.675013402737
2.7279496208671374	0.002416494	0.673083295838
2.7296949501191317	0.003622456	0.673678871648
2.731440279371126	0.002347858	0.676349744718
2.73318560862312	0.002285919	0.682726475243
2.7349309378751143	0.005604284	0.692495635548
2.736676267127109	0.00820904	0.701867587657
2.738421596379103	0.005970303	0.705347706617
2.7401669256310974	0.005253349	0.704929095652
2.7419122548830916	0.00851078	0.70201324941
2.743657584135086	0.009660335	0.694814220781
2.7454029133870805	0.005560218	0.683273111746
2.7471482426390748	0.003638146	0.675514092785
2.748893571891069	0.005289109	0.67460448345
2.750638901143063	0.005439958	0.676503100197
2.7523842303950574	0.002301655	0.677117961703
2.7541295596470525	0.001227758	0.679477096034
2.7558748888990463	0.002612841	0.682872144606
2.7576202181510405	0.003318908	0.682858376319
2.7593655474030347	0.001482674	0.677681479576
2.761110876655029	0.001143396	0.674508713641
2.762856205907024	0.003396063	0.676686241593
2.7646015351590183	0.005216869	0.680769103026
2.766346864411012	0.003846582	0.68302323484
2.7680921936630063	0.004099086	0.687571673289
2.7698375229150005	0.007331282	0.693809935598
2.7715828521669956	0.009182855	0.695027111927
2.77332818141899	0.007135708	0.688071837001
2.775073510670984	0.006617118	0.680817368504
2.7768188399229783	0.008106599	0.676999773661
2.7785641691749725	0.0081261	0.67430199772
2.780309498426967	0.00578827	0.672045408287
2.7820548276789614	0.004870044	0.676030288639
2.7838001569309556	0.004750631	0.685414420624
2.78554548618295	0.004367814	0.693762799107
2.7872908154349445	0.003295419	0.696399054697
2.7890361446869387	0.003042983	0.696376564972
2.790781473938933	0.003084825	0.694032639104
2.7925268031909276	0.003504832	0.686909405455
2.794272132442922	0.003221365	0.674631353452
2.796017461694916	0.00364754	0.664433409883
2.7977627909469107	0.004745682	0.659404965548
2.799508120198905	0.005876906	0.657084288526
2.801253449450899	0.005867257	0.655553323774
2.8029987787028934	0.006583045	0.659620834563
2.8047441079548876	0.007208484	0.668931595859
2.8064894372068823	0.007447569	0.678499351143
2.8082347664588765	0.007442868	0.685435387295
2.8099800957108707	0.007651024	0.693419330226
2.811725424962865	0.006104475	0.701976241618
2.813470754214859	0.005047388	0.708626871551
2.815216083466854	0.005522261	0.712498325023
2.816961412718848	0.005506078	0.716799545501
2.8187067419708423	0.00298777	0.720815793288
2.8204520712228365	0.001992563	0.722540584589
2.8221974004748307	0.00293937	0.719866559656
2.8239427297268254	0.00319033	0.71398970121
2.8256880589788196	0.001484391	0.704151067047
2.827433388230814	0.001325	0.690560567827
2.829178717482808	0.002719742	0.674468240112
2.8309240467348022	0.003916618	0.660347855437
2.832669375986797	0.003288805	0.650014559724
2.834414705238791	0.003970378	0.645621408245
2.8361600344907854	0.006980267	0.647613326491
2.8379053637427796	0.009446772	0.654873030572
2.839650692994774	0.008056845	0.662951318044
2.8413960222467685	0.008164597	0.671600700919
2.8431413514987627	0.01205795	0.680003200919
2.844886680750757	0.01374085	0.685404906469
2.8466320100027516	0.009425352	0.686043591155
2.848377339254746	0.007676448	0.688094196884
2.8501226685067405	0.01075083	0.693861163262
2.8518679977587347	0.01103294	0.699479207014
2.853613327010729	0.005856975	0.701599951868
2.855358656262723	0.004053059	0.704066148182
2.8571039855147173	0.006640484	0.705919584468
2.858849314766712	0.007033317	0.702379896818
2.8605946440187062	0.003255554	0.692418986964
2.8623399732707004	0.002344238	0.683696091278
2.8640853025226947	0.005176992	0.679581896999
2.865830631774689	0.006442451	0.678144190844
2.867575961026684	0.003542052	0.677671756614
2.869321290278678	0.003210206	0.68254197416
2.8710666195306724	0.00708538	0.691403771048
2.872811948782666	0.008845965	0.696934392817
2.8745572780346604	0.005206206	0.694679543191
2.8763026072866555	0.004406781	0.690909337726
2.8780479365386498	0.008192932	0.688125998619
2.879793265790644	0.009224214	0.682851616313
2.881538595042638	0.005079234	0.674594652525
2.8832839242946324	0.004279882	0.671726861884
2.885029253546627	0.007510145	0.675227398999
2.8867745827986213	0.008400635	0.67817814867
2.8885199120506155	0.005317522	0.676702088965
2.8902652413026098	0.004797829	0.676865576319
2.892010570554604	0.007129938	0.679547121482
2.8937558998065986	0.007733651	0.679444948711
2.895501229058593	0.004648292	0.674946367049
2.897246558310587	0.003854529	0.675117892725
2.8989918875625813	0.006853581	0.682572587688
2.9007372168145755	0.008334224	0.690091553908
2.90248254606657	0.005009128	0.69338228589
2.9042278753185644	0.00467532	0.700797837756
2.9059732045705586	0.009356975	0.713163537642
2.907718533822553	0.01105061	0.719976874781
2.909463863074547	0.006502636	0.716755734112
2.9112091923265417	0.005581994	0.714297829555
2.912954521578536	0.009627002	0.714654795979
2.91469985083053	0.01042379	0.708800589754
2.916445180082525	0.006402863	0.695374750533
2.918190509334519	0.006178022	0.686806936711
2.9199358385865133	0.00942335	0.685310415441
2.921681167838508	0.01041995	0.682887704547
2.923426497090502	0.008440325	0.677387510483
2.9251718263424964	0.008552741	0.676974708885
2.9269171555944906	0.009926301	0.680817777347
2.9286624848464853	0.009920739	0.681132783272
2.9304078140984795	0.007805863	0.676044429397
2.9321531433504737	0.006902097	0.67411530567
2.933898472602468	0.007124952	0.677326961382
2.935643801854462	0.006793793	0.681017665288
2.937389131106457	0.004726333	0.683435488859
2.939134460358451	0.004187341	0.690484708325
2.9408797896104453	0.005130379	0.700264168985
2.9426251188624395	0.005542435	0.704319108064
2.9443704481144337	0.004445437	0.698957264721
2.946115777366429	0.004989948	0.691311337705
2.9478611066184226	0.006590715	0.683997003053
2.949606435870417	0.007872997	0.675022331158
2.951351765122411	0.008282339	0.665995866547
2.9530970943744053	0.009676779	0.665478122514
2.9548424236264004	0.01104182	0.673359623404
2.9565877528783946	0.01208454	0.681804598819
2.9583330821303884	0.01208352	0.68554771356
2.9600784113823826	0.01209524	0.688804699048
2.961823740634377	0.01165556	0.691830056747
2.963569069886372	0.0109142	0.691114596918
2.965314399138366	0.008974033	0.688042068171
2.9670597283903604	0.007572692	0.69297345921
2.968805057642354	0.006668216	0.707566110841
2.970550386894349	0.005729629	0.723756509216
2.9722957161463435	0.003916611	0.735307828746
2.9740410453983377	0.003311891	0.744743454011
2.975786374650332	0.003140005	0.748670609058
2.977531703902326	0.003030794	0.740733561997
2.9792770331543204	0.003041974	0.722698393475
2.981022362406315	0.00389092	0.706340128894
2.9827676916583092	0.003699549	0.696350562158
2.9845130209103035	0.004543291	0.691977440806
2.986258350162298	0.007409493	0.69304789209
2.9880036794142923	0.009652483	0.701071060833
2.9897490086662866	0.008610867	0.71063347563
2.9914943379182812	0.009615812	0.716568636016
2.9932396671702755	0.01358177	0.717154497361
2.9949849964222697	0.01490568	0.714968903879
2.996730325674264	0.01155564	0.711257079917
2.9984756549262586	0.01090277	0.708959908426
3.000220984178253	0.01319347	0.708829985119
3.001966313430247	0.01269971	0.710719289113
3.0037116426822412	0.008633427	0.711745630562
3.0054569719342354	0.007553027	0.710458420534
3.00720230118623	0.008987045	0.704913419336
3.0089476304382243	0.008804455	0.696453752877
3.0106929596902186	0.00617164	0.686612908765
3.0124382889422128	0.005987272	0.678637742838
3.014183618194207	0.008350848	0.673880855767
3.0159289474462017	0.009462371	0.673513025124
3.017674276698196	0.007125832	0.675731855435
3.01941960595019	0.007456092	0.680707556289
3.0211649352021843	0.01188512	0.688004869182
3.0229102644541785	0.01350982	0.697848780855
3.024655593706173	0.009056511	0.710305316812
3.0264009229581674	0.008511607	0.72906021849
3.0281462522101616	0.01338133	0.753241850701
3.029891581462156	0.0133606	0.777995837657
3.03163691071415	0.006474437	0.797419425951
3.0333822399661448	0.004799399	0.809307238465
3.035127569218139	0.008230844	0.809204924181
3.036872898470133	0.007317601	0.795666983492
3.0386182277221274	0.002030253	0.771603354683
3.040363556974122	0.001331886	0.744095068389
3.0421088862261163	0.003855154	0.717730122142
3.0438542154781105	0.004084992	0.696948466081
3.045599544730105	0.001574761	0.682265468171
3.0473448739820994	0.002040378	0.673411406551
3.0490902032340936	0.005949753	0.668397506488
3.0508355324860883	0.008289427	0.66540995031
3.0525808617380825	0.005831541	0.662378518597
3.0543261909900767	0.007319961	0.664827726957
3.056071520242071	0.01557762	0.676364706827
3.057816849494065	0.01891572	0.69258053472
3.05956217874606	0.01243908	0.708533070475
3.0613075079980545	0.01248426	0.729598802977
3.0630528372500487	0.02154963	0.752981178564
3.0647981665020425	0.02172541	0.765630466745
3.0665434957540367	0.01071676	0.764446172966
3.068288825006032	0.008606207	0.76326598821
3.070034154258026	0.01536025	0.764983673141
3.0717794835100203	0.01407791	0.761086528692
3.0735248127620145	0.004909795	0.751295107728
3.0752701420140083	0.003930101	0.745891555013
3.0770154712660034	0.01004653	0.742752936066
3.0787608005179976	0.01062548	0.732870387892
3.080506129769992	0.004429323	0.717905257277
3.082251459021986	0.004857525	0.712331870354
3.0839967882739803	0.01323541	0.720721475578
3.085742117525975	0.01545322	0.736242299254
3.087487446777969	0.00745389	0.754471393345
3.0892327760299634	0.007424456	0.779129683329
3.0909781052819576	0.01784054	0.802027642141
3.092723434533952	0.01817523	0.807220407643
3.0944687637859465	0.005793213	0.793503610129
3.0962140930379407	0.0041209	0.778519321927
3.097959422289935	0.01278335	0.771178412651
3.099704751541929	0.01122972	0.770991291688
3.1014500807939234	0.001074434	0.78018991993
3.103195410045918	0.0004699232	0.800013879941
3.1049407392979123	0.005780671	0.815507929474
3.1066860685499065	0.005077724	0.809518348572
3.1084313978019007	9.330787e-6	0.7779741107
3.1101767270538954	0.0001536635	0.734925216484
3.1119220563058896	0.00570505	0.701836986649
3.113667385557884	0.008553497	0.698755814659
3.1154127148098785	0.004051257	0.738159254242
3.1171580440618727	0.00685824	0.827186732112
3.118903373313867	0.02397066	0.94575769728
3.1206487025658616	0.03077877	1.03801736469
3.122394031817856	0.01582654	1.05762213136
3.12413936106985	0.01673668	1.01363726064
3.1258846903218442	0.04355193	0.932709912711
3.1276300195738385	0.04496445	0.83442794113
3.129375348825833	0.01161812	0.788434415671
3.1311206780778273	0.008616189	0.918098826247
3.1328660073298216	0.04530017	1.27327675921
3.134611336581816	0.04641164	1.77440052486
3.13635666583381	0.00277031	2.33043120965
3.1381019950858047	0.002506171	2.8970559988
3.139847324337799	0.08695143	3.3874144107
3.141592653589793	0.2232169	3.67821154588