# 13C(3P)-CO2, ground-state PES; differential cross sections (mgacesa, Sep 1 2021)
# theta(rad)                 elastic CS                total CS (both in units of 1E-16 cm^2)
0.	5.161979e6	5.240390070510699e6
0.0017453292519943296	3.555703e6	3.59718170894e6
0.003490658503988659	1.119417e6	1.12406070981e6
0.005235987755982989	215358.8	224186.731916
0.006981317007977318	113523.8	121699.604045
0.008726646259971648	72512.26	75355.4812476
0.010471975511965978	40750.34	44453.9270117
0.012217304763960306	15797.76	23277.162716
0.013962634015954637	12929.15	21305.8378895
0.015707963267948967	11882.83	16640.5984191
0.017453292519943295	5911.344	8982.92423413
0.019198621771937624	4716.801	9286.29356853
0.020943951023931956	5029.74	10954.5673977
0.022689280275926284	5879.067	11260.5649484
0.024434609527920613	4557.155	8119.47712985
0.02617993877991494	2583.462	5806.53422187
0.027925268031909273	3515.256	7660.27255789
0.029670597283903602	3864.069	7948.17937285
0.031415926535897934	3159.62	6410.9206962
0.03316125578789226	2408.785	5087.73321443
0.03490658503988659	1962.743	4807.05547292
0.03665191429188092	2839.547	6092.45031833
0.03839724354387525	3037.849	5971.48662504
0.04014257279586957	1840.068	4168.88788631
0.04188790204786391	1115.419	3311.95635752
0.043633231299858244	1039.171	3349.22594333
0.04537856055185257	1375.693	3661.70707916
0.0471238898038469	1546.354	3522.06940582
0.048869219055841226	913.5925	2592.37703412
0.05061454830783556	406.9911	2126.28757167
0.05235987755982988	476.5703	2243.38469122
0.054105206811824215	576.5939	2114.30061094
0.05585053606381855	540.8035	1774.83602408
0.05759586531581287	304.3375	1406.69245669
0.059341194567807204	70.56209	1254.12393743
0.061086523819801536	125.4865	1337.3153376
0.06283185307179587	224.0441	1200.19572634
0.0645771823237902	168.3679	861.401829937
0.06632251157578452	64.09389	680.259790715
0.06806784082777885	1.886709	703.34527795
0.06981317007977318	24.33148	764.127263268
0.0715584993317675	68.27608	662.475711224
0.07330382858376185	51.86657	430.51748683
0.07504915783575618	10.17754	305.072561659
0.0767944870877505	1.792642	349.920073445
0.07853981633974483	25.52642	422.518644304
0.08028514559173915	33.78371	381.520088846
0.08203047484373349	14.74963	250.954519366
0.08377580409572782	2.51813	166.503237764
0.08552113334772216	5.022342	168.701324532
0.08726646259971649	16.92512	200.388122588
0.0890117918517108	23.15573	199.258661634
0.09075712110370514	8.315533	152.9530277
0.09250245035569946	1.160453	120.708840477
0.0942477796076938	10.51469	120.616064791
0.09599310885968813	12.7443	114.551385588
0.09773843811168245	10.39093	100.294526425
0.09948376736367678	5.108855	86.1247646656
0.10122909661567112	0.05610548	80.5834675641
0.10297442586766545	9.42576	93.2192341704
0.10471975511965977	15.533	92.6945396764
0.10646508437165408	7.977663	69.7796631347
0.10821041362364843	2.691057	55.2578846165
0.10995574287564278	0.6372707	53.9803043475
0.1117010721276371	3.734735	61.7066434167
0.11344640137963143	12.69187	71.1701237829
0.11519173063162574	10.95783	61.9976974608
0.11693705988362009	3.40759	47.0649892003
0.11868238913561441	2.372708	45.2112818945
0.12042771838760875	2.678191	46.9775552503
0.12217304763960307	5.679319	49.940138994
0.12391837689159739	10.1006	52.1600199047
0.12566370614359174	6.69936	45.565764662
0.12740903539558604	3.334244	41.8546392528
0.1291543646475804	4.342213	44.299866475
0.13089969389957473	3.699088	42.9788240747
0.13264502315156904	5.006762	42.4912476331
0.1343903524035634	7.680341	43.6437261509
0.1361356816555577	5.981662	40.6503015315
0.13788101090755206	5.432759	39.8136188165
0.13962634015954636	5.925925	39.6945007137
0.1413716694115407	3.676007	35.8464391034
0.143116998663535	3.83442	35.5438295353
0.14486232791552936	5.856041	38.0757569759
0.1466076571675237	5.314931	37.5236850268
0.148352986419518	5.77498	37.409503255
0.15009831567151236	5.735957	35.7985371051
0.15184364492350666	3.094833	31.482129109
0.153588974175501	2.731409	31.0344409217
0.15533430342749535	3.877227	32.7894604028
0.15707963267948966	3.280723	32.588080517
0.158824961931484	3.749821	33.4018114798
0.1605702911834783	3.753169	32.9161862404
0.16231562043547265	1.920439	30.32117527
0.16406094968746698	1.765943	30.1344483873
0.16580627893946132	2.35541	30.4385441859
0.16755160819145565	1.608233	29.1792736746
0.16929693744344995	1.769512	29.3028811947
0.1710422666954443	1.700409	28.7493616513
0.17278759594743864	0.7017631	27.1577440338
0.17453292519943298	0.7759012	27.319176924
0.17627825445142728	0.9933944	27.3009667666
0.1780235837034216	0.5520045	26.3964162503
0.17976891295541597	0.8688855	26.623884119
0.18151424220741028	0.7857152	25.8553890058
0.1832595714594046	0.3928008	24.5379082198
0.1850049007113989	0.6139048	24.5175291338
0.18675022996339327	0.4960456	24.129035691
0.1884955592153876	0.4899379	23.8866922009
0.1902408884673819	1.303886	24.8672019746
0.19198621771937627	1.269181	24.41995013
0.19373154697137057	1.118446	23.4712936413
0.1954768762233649	1.393312	23.3518506969
0.19722220547535924	1.009684	22.4982881954
0.19896753472735357	1.122963	22.1422126713
0.20071286397934793	2.134736	23.0294156444
0.20245819323134223	2.039745	22.5156094504
0.20420352248333656	1.876825	21.7736241465
0.2059488517353309	2.096867	21.7266582081
0.20769418098732523	1.523271	20.823555058
0.20943951023931953	1.495868	20.4243778686
0.2111848394913139	2.336765	21.0378447737
0.21293016874330817	2.110462	20.3979541402
0.21467549799530256	1.96602	19.8379152178
0.21642082724729686	2.236734	19.9003144554
0.2181661564992912	1.72254	19.1814413651
0.21991148575128555	1.742304	19.1318223766
0.22165681500327983	2.519088	19.9615226667
0.2234021442552742	2.189807	19.5242160884
0.22514747350726852	1.919871	19.1408173505
0.22689280275926285	2.119515	19.1909926538
0.22863813201125716	1.667021	18.4250131899
0.2303834612632515	1.696171	18.2394739085
0.23212879051524585	2.409992	18.7850465774
0.23387411976724018	2.062255	18.1770853706
0.23561944901923448	1.634229	17.6620333474
0.23736477827122882	1.676757	17.6756080604
0.23911010752322315	1.249001	17.1932537518
0.2408554367752175	1.096676	17.2210112455
0.24260076602721184	1.483672	17.7668664862
0.24434609527920614	1.125709	17.333850247
0.24609142453120048	0.7303047	16.8712243083
0.24783675378319478	0.7429796	16.6071859708
0.24958208303518917	0.5025761	15.9436120104
0.25132741228718347	0.3944532	15.852198512
0.2530727415391778	0.58648	16.3248531176
0.2548180707911721	0.3393211	16.3223091428
0.2565634000431664	0.1549907	16.5254058284
0.2583087292951608	0.1690356	16.6523211545
0.26005405854715513	0.05585407	16.1586146204
0.26179938779914946	0.1032963	15.8846511258
0.26354471705114374	0.2643015	15.7282976202
0.26529004630313807	0.1786779	15.1039871777
0.26703537555513246	0.2579073	14.8744678979
0.2687807048071268	0.2702981	14.7793541808
0.27052603405912107	0.1519378	14.4964581846
0.2722713633111154	0.3166967	14.6888010265
0.27401669256310973	0.499347	14.9166588979
0.2757620218151041	0.5131182	14.6082969397
0.2775073510670984	0.7863585	14.4583208604
0.2792526803190927	0.7586511	14.0440054468
0.28099800957108706	0.4762842	13.3538382577
0.2827433388230814	0.6325665	13.32710564
0.2844886680750758	0.8331358	13.5557223974
0.28623399732707	0.8329631	13.5545472052
0.2879793265790644	1.174454	13.905342001
0.2897246558310587	1.19873	13.8632471749
0.29146998508305305	0.8616965	13.277574161
0.2932153143350474	1.007354	13.1586391118
0.29496064358704166	1.214428	13.1362332075
0.296705972839036	1.041426	12.7611006381
0.2984513020910304	1.138379	12.8081435372
0.3001966313430247	1.083797	12.7639646853
0.30194196059501904	0.749188	12.3901642347
0.3036872898470133	0.8959587	12.4831401641
0.30543261909900765	1.179195	12.6242309009
0.307177948351002	1.044532	12.2750951624
0.3089232776029963	1.040018	12.1486360243
0.3106686068549907	0.9125788	11.9713424736
0.312413936106985	0.5226803	11.6224640239
0.3141592653589793	0.5117412	11.7877902917
0.31590459461097364	0.6950164	12.1134026684
0.317649923862968	0.6183638	12.0904965853
0.3193952531149623	0.7065786	12.1992330147
0.3211405823669566	0.7064097	12.0638056834
0.32288591161895097	0.4325961	11.5894310724
0.3246312408709453	0.3899891	11.4780896872
0.32637657012293964	0.4657514	11.5157203017
0.32812189937493397	0.3013695	11.3213457383
0.32986722862692824	0.3064801	11.3750045963
0.33161255787892263	0.339498	11.3385774852
0.33335788713091696	0.2139752	11.0313807009
0.3351032163829113	0.2506426	10.9699321823
0.3368485456349056	0.3438244	10.9439340611
0.3385938748868999	0.1950275	10.6173394422
0.3403392041388943	0.1363832	10.4687895719
0.3420845333908886	0.1204271	10.342078283
0.3438298626428829	0.05256795	10.1356755014
0.3455751918948773	0.1119707	10.1999093426
0.34732052114687156	0.1975705	10.3157932712
0.34906585039886595	0.1521491	10.223445516
0.3508111796508603	0.1917937	10.2489649847
0.35255650890285456	0.1628847	10.1523407029
0.3543018381548489	0.08240754	9.93834934419
0.3560471674068432	0.1581311	9.99821788619
0.35779249665883756	0.2441592	10.1153507607
0.35953782591083194	0.2557273	10.0877272497
0.3612831551628262	0.3909059	10.1959937713
0.36302848441482055	0.3685852	10.0829499102
0.3647738136668149	0.2322425	9.74061160888
0.3665191429188092	0.3015881	9.64597721962
0.3682644721708036	0.3895395	9.61093234546
0.3700098014227978	0.355031	9.42785162485
0.3717551306747922	0.4580424	9.46010185001
0.37350045992678654	0.4419536	9.42571552863
0.3752457891787809	0.2999828	9.22059775667
0.3769911184307752	0.3774895	9.21386570826
0.3787364476827695	0.4930736	9.19416736841
0.3804817769347638	0.4326525	8.92155955674
0.38222710618675815	0.4780411	8.79460857369
0.38397243543875254	0.4474416	8.6806969014
0.38571776469074687	0.2929292	8.54230615339
0.38746309394274114	0.3478837	8.7441668604
0.3892084231947355	0.4757295	9.06563967618
0.3909537524467298	0.4229766	9.15846611783
0.39269908169872414	0.4553701	9.26974857398
0.39444441095071847	0.4462307	9.19415371684
0.3961897402027128	0.3029103	8.85943274265
0.39793506945470714	0.3240439	8.70488942174
0.3996803987067014	0.4269604	8.67339867169
0.40142572795869585	0.340904	8.50720647712
0.4031710572106902	0.3199127	8.53626067938
0.40491638646268446	0.3225493	8.64239375679
0.4066617157146788	0.2232963	8.61879988016
0.4084070449666731	0.2352582	8.69384451686
0.41015237421866746	0.3231046	8.74649082227
0.4118977034706618	0.2398869	8.47136032291
0.41364303272265607	0.1983903	8.19461355115
0.41538836197465046	0.2038282	7.9762501671
0.41713369122664473	0.1387605	7.74112024394
0.41887902047863906	0.151917	7.73683720897
0.4206243497306334	0.2332806	7.90805460284
0.4223696789826278	0.1756395	7.94311877005
0.4241150082346221	0.1515298	8.00451215798
0.42586033748661634	0.1668994	8.02410673048
0.4276056667386108	0.1208202	7.86985118606
0.4293509959906051	0.1404908	7.77877188929
0.4310963252425994	0.220776	7.7681224092
0.4328416544945937	0.1627398	7.62142618082
0.43458698374658805	0.1218581	7.57966515583
0.4363323129985824	0.1286972	7.64590185065
0.4380776422505767	0.09009511	7.65050711333
0.4398229715025711	0.1009952	7.72662740864
0.44156830075456543	0.1702032	7.83282294631
0.44331363000655966	0.1237561	7.69383582461
0.445058959258554	0.0894692	7.52278754825
0.4468042885105484	0.09407145	7.41272687419
0.4485496177625427	0.06077709	7.263909635
0.45029494701453704	0.07458447	7.22477485265
0.45204027626653137	0.1459448	7.31855893991
0.4537856055185257	0.1249084	7.2983278127
0.45553093477052004	0.1295444	7.29283902064
0.4572762640225143	0.1560519	7.31679172636
0.45902159327450864	0.128382	7.22989825082
0.460766922526503	0.1683079	7.16594159886
0.4625122517784973	0.2751805	7.16889177567
0.4642575810304917	0.2459412	7.02050996394
0.466002910282486	0.2225871	6.90112746459
0.46774823953448036	0.2588033	6.89272963117
0.46949356878647464	0.2392697	6.83804293894
0.47123889803846897	0.2656058	6.83199225479
0.47298422729046335	0.3787599	6.91281727197
0.47472955654245763	0.3373156	6.79786079059
0.47647488579445196	0.2599868	6.63378387442
0.4782202150464463	0.2869604	6.58972297719
0.4799655442984406	0.2751492	6.50331402067
0.481710873550435	0.2287624	6.40113326271
0.48345620280242924	0.2634655	6.40541953921
0.4852015320544237	0.2179048	6.30646841128
0.48694686130641796	0.1463968	6.18779345393
0.4886921905584123	0.1827199	6.21935735675
0.4904375198104066	0.208023	6.25409243202
0.49218284906240095	0.1619856	6.24430269056
0.4939281783143953	0.161871	6.31285677873
0.49567350756638956	0.1183932	6.3032315101
0.4974188368183839	0.05866605	6.24824143935
0.49916416607037833	0.08603823	6.28619004618
0.5009094953223726	0.1245706	6.31101856126
0.5026548245743669	0.1175199	6.284519183
0.5044001538263613	0.149414	6.33425951887
0.5061454830783556	0.1257629	6.32320970615
0.5078908123303499	0.0671475	6.27341477037
0.5096361415823442	0.08441365	6.32801913513
0.5113814708343386	0.1174117	6.36697184986
0.5131268000863328	0.1036304	6.29481269084
0.5148721293383272	0.1349394	6.24485682397
0.5166174585903216	0.128436	6.11971275601
0.5183627878423159	0.07958506	5.92956845412
0.5201081170943103	0.09533595	5.85161257362
0.5218534463463045	0.1265268	5.81986549678
0.5235987755982989	0.09380342	5.71729865688
0.5253441048502933	0.1016575	5.68361803486
0.5270894341022875	0.1015376	5.65812198152
0.5288347633542818	0.06703624	5.58435209207
0.5305800926062761	0.08704292	5.5758108889
0.5323254218582705	0.1271004	5.58770427918
0.5340707511102649	0.09978847	5.5050203911
0.5358160803622593	0.1074644	5.47074238323
0.5375614096142536	0.1188306	5.47238798483
0.5393067388662478	0.09418946	5.46097785614
0.5410520681182421	0.1215546	5.54366565026
0.5427973973702365	0.1747409	5.67944893584
0.5445427266222308	0.1377074	5.70737512327
0.5462880558742251	0.120455	5.73763573644
0.5480333851262195	0.1368872	5.77211253103
0.5497787143782138	0.1236148	5.7332915514
0.5515240436302082	0.1464302	5.72290656626
0.5532693728822025	0.2054405	5.75555988232
0.5550147021341968	0.1616122	5.67676318565
0.5567600313861911	0.1081199	5.60753390217
0.5585053606381855	0.1135894	5.61684689561
0.5602506898901798	0.1030076	5.59438271629
0.5619960191421741	0.09298265	5.56242494602
0.5637413483941685	0.1290525	5.56163236792
0.5654866776461628	0.1038215	5.45106539389
0.5672320068981571	0.06324752	5.30816481709
0.5689773361501516	0.07328226	5.23226151518
0.5707226654021459	0.07243839	5.14695139632
0.57246799465414	0.05316392	5.06068034382
0.5742133239061344	0.07682248	5.05338850266
0.5759586531581288	0.06718362	5.01878658373
0.5777039824101231	0.04790688	4.98950111645
0.5794493116621174	0.07246611	5.03661027389
0.5811946409141118	0.0866036	5.06583494225
0.5829399701661061	0.07484763	5.04254422195
0.5846852994181004	0.1016415	5.04519804362
0.5864306286700948	0.09559578	4.9856472846
0.5881759579220891	0.07595431	4.90241641244
0.5899212871740833	0.1164737	4.91772614411
0.5916666164260777	0.1542032	4.96243580717
0.593411945678072	0.1310764	4.96436002337
0.5951572749300664	0.1295259	5.01405046606
0.5969026041820608	0.1126919	5.03868464675
0.598647933434055	0.07768251	5.00943674739
0.6003932626860494	0.1054895	5.02424215032
0.6021385919380438	0.1567612	5.03918677058
0.6038839211900381	0.1384396	4.96432025359
0.6056292504420324	0.1259942	4.92106836914
0.6073745796940266	0.1180949	4.91604717367
0.609119908946021	0.08110783	4.90271471819
0.6108652381980153	0.07017559	4.9418162157
0.6126105674500096	0.09353485	5.01125743433
0.614355896702004	0.07682411	4.99746617779
0.6161012259539983	0.07721959	4.97719567603
0.6178465552059926	0.1005502	4.96833066014
0.6195918844579871	0.09611108	4.91907920179
0.6213372137099814	0.08935683	4.88543618394
0.6230825429619757	0.1003316	4.88933362273
0.62482787221397	0.06448839	4.83245635252
0.6265732014659643	0.04143478	4.78614095559
0.6283185307179586	0.06507957	4.79207955233
0.630063859969953	0.08274066	4.77244352179
0.6318091892219473	0.09433147	4.73575736303
0.6335545184739416	0.1228778	4.71901874724
0.635299847725936	0.09432997	4.6268734734
0.6370451769779303	0.05035499	4.51473360369
0.6387905062299246	0.05285182	4.46735148902
0.6405358354819191	0.05824854	4.42030679363
0.6422811647339132	0.04435235	4.34819452509
0.6440264939859075	0.06037533	4.32127423954
0.6457718232379019	0.05589679	4.27665344815
0.6475171524898963	0.03492787	4.22126738821
0.6492624817418906	0.04405041	4.22227753251
0.6510078109938849	0.05295283	4.23029834016
0.6527531402458793	0.0301921	4.19881341529
0.6544984694978736	0.03242854	4.20425252889
0.6562437987498679	0.03249401	4.21379921418
0.6579891280018623	0.02416128	4.21803450826
0.6597344572538565	0.04690418	4.27729997088
0.6614797865058508	0.07540718	4.35131693948
0.6632251157578453	0.06543944	4.36708292034
0.6649704450098396	0.0716497	4.39202492623
0.6667157742618339	0.0754367	4.40745802987
0.6684611035138281	0.06279242	4.38650645108
0.6702064327658226	0.08489414	4.39909394747
0.6719517620178169	0.1241428	4.43582367021
0.6736970912698113	0.10724	4.4071055673
0.6754424205218056	0.09848736	4.39118618334
0.6771877497737998	0.1161126	4.41369337451
0.6789330790257941	0.1141742	4.40256789618
0.6806784082777886	0.1176138	4.37409063491
0.6824237375297829	0.143149	4.35350235624
0.6841690667817772	0.1148042	4.26113158793
0.6859143960337715	0.08091398	4.16078372638
0.6876597252857658	0.09638257	4.1289870832
0.6894050545377601	0.1055496	4.10953259383
0.6911503837897546	0.08855403	4.08138945287
0.6928957130417489	0.09594705	4.09350792736
0.6946410422937431	0.08242351	4.07928347672
0.6963863715457375	0.05567505	4.03694165668
0.6981317007977319	0.06662162	4.01763198958
0.6998770300497262	0.08083939	3.98267164213
0.7016223593017206	0.05846878	3.90746639436
0.7033676885537148	0.0563534	3.8718937513
0.7051130178057091	0.05728424	3.8578874802
0.7068583470577035	0.04525171	3.86060544643
0.7086036763096978	0.05694146	3.92729486172
0.7103490055616921	0.07677696	4.00747007182
0.7120943348136864	0.05392151	4.01519466901
0.7138396640656808	0.041177	4.00255139925
0.7155849933176751	0.04704106	3.96608555847
0.7173303225696696	0.04336158	3.8812913008
0.7190756518216639	0.04977956	3.81049653415
0.7208209810736581	0.0705367	3.77531754277
0.7225663103256524	0.05173861	3.71623382258
0.7243116395776468	0.03097721	3.69677432432
0.7260569688296411	0.03508702	3.74580812615
0.7278022980816354	0.03235254	3.78845666085
0.7295476273336298	0.02240057	3.80277137709
0.7312929565856241	0.03270237	3.81137469085
0.7330382858376184	0.02647608	3.76155609725
0.7347836150896128	0.01834621	3.689318245
0.7365289443416072	0.02995365	3.65606706201
0.7382742735936013	0.03498042	3.64073831247
0.7400196028455956	0.02437047	3.63545371185
0.7417649320975901	0.0310467	3.68479164539
0.7435102613495844	0.02761312	3.74226451253
0.7452555906015788	0.02533639	3.79429618366
0.7470009198535731	0.05363477	3.86243583543
0.7487462491055674	0.0827424	3.90317280671
0.7504915783575618	0.08306574	3.88166292646
0.7522369076095561	0.09199192	3.85669534202
0.7539822368615504	0.08824831	3.81972404614
0.7557275661135446	0.07055734	3.77683501314
0.757472895365539	0.08554693	3.78781678172
0.7592182246175333	0.1159753	3.82791343472
0.7609635538695276	0.1054363	3.82084755283
0.7627088831215221	0.1053084	3.81572980315
0.7644542123735163	0.1292772	3.81724613169
0.7661995416255106	0.1332879	3.76998399581
0.7679448708775051	0.1272935	3.69515565004
0.7696902001294994	0.1322329	3.62286141376
0.7714355293814937	0.1011088	3.50595183297
0.773180858633488	0.06776617	3.40153958052
0.7749261878854823	0.07729649	3.37105669823
0.7766715171374766	0.08740491	3.35994210532
0.778416846389471	0.0672449	3.33145892716
0.7801621756414654	0.06113815	3.32636578038
0.7819075048934596	0.05452801	3.30856067156
0.783652834145454	0.03759286	3.26828092039
0.7853981633974483	0.03433494	3.24592153185
0.7871434926494427	0.03699275	3.23065081702
0.7888888219014369	0.01779243	3.19878868173
0.7906341511534312	0.009115749	3.20480945503
0.7923794804054256	0.01042663	3.24461118491
0.7941248096574199	0.007367459	3.29224901604
0.7958701389094143	0.008969194	3.35638432578
0.7976154681614087	0.01783559	3.41829065993
0.7993607974134028	0.01232814	3.43238136512
0.8011061266653973	0.01416729	3.43559749868
0.8028514559173917	0.02073914	3.43991914496
0.8045967851693859	0.02123747	3.43436375667
0.8063421144213804	0.0290047	3.44822876038
0.8080874436733746	0.04460136	3.48946766875
0.8098327729253689	0.03492106	3.50457532679
0.8115781021773633	0.02999134	3.51944658994
0.8133234314293576	0.04656008	3.55105234391
0.815068760681352	0.05801321	3.54913900855
0.8168140899333463	0.06256461	3.50496627038
0.8185594191853405	0.07820977	3.46004818342
0.8203047484373349	0.06952156	3.39028279671
0.8220500776893291	0.05275218	3.32137359754
0.8237954069413236	0.06409185	3.30636586603
0.8255407361933178	0.07504367	3.30957149333
0.8272860654453121	0.05841684	3.28332293509
0.8290313946973066	0.05843254	3.27015914926
0.8307767239493009	0.06650187	3.25598458998
0.8325220532012952	0.06420776	3.21099707044
0.8342673824532895	0.07442824	3.16576980705
0.8360127117052839	0.08867813	3.12717307788
0.8377580409572781	0.06478351	3.06088151519
0.8395033702092726	0.04440673	3.02162193921
0.8412486994612668	0.05128405	3.03800078951
0.8429940287132611	0.05267581	3.06588757109
0.8447393579652556	0.04683108	3.09188007453
0.8464846872172498	0.0563533	3.12619848139
0.8482300164692442	0.04961023	3.12021000733
0.8499753457212387	0.03743268	3.08374527635
0.8517206749732327	0.04724313	3.05249803945
0.8534660042252271	0.05357657	3.00693481276
0.8552113334772216	0.03515927	2.94126287806
0.8569566627292158	0.02933875	2.91073226779
0.8587019919812102	0.02938294	2.90937884656
0.8604473212332044	0.02400544	2.92700943231
0.8621926504851988	0.02961966	2.97816784721
0.8639379797371932	0.03940013	3.03093322638
0.8656833089891874	0.02591595	3.03401450696
0.8674286382411819	0.01829959	3.01662274674
0.8691739674931761	0.02349903	2.98529893806
0.8709192967451703	0.02354435	2.92787518605
0.8726646259971648	0.02474013	2.87692308345
0.8744099552491592	0.03458836	2.85727280239
0.8761552845011534	0.02602897	2.84312748206
0.8779006137531478	0.01768839	2.86430326973
0.8796459430051422	0.0257516	2.93410975193
0.8813912722571364	0.02971609	3.00150723852
0.8831366015091309	0.0242285	3.0408656969
0.8848819307611251	0.03107832	3.07060386258
0.8866272600131193	0.03033392	3.06396795967
0.8883725892651138	0.02598672	3.03630790438
0.890117918517108	0.03840962	3.03385800684
0.8918632477691024	0.04821943	3.04329932477
0.8936085770210968	0.03219155	3.03923177855
0.895353906273091	0.02409636	3.06329851583
0.8970992355250854	0.0256197	3.10748616361
0.8988445647770799	0.02280331	3.13587386607
0.9005898940290741	0.02802258	3.15418983549
0.9023352232810685	0.04126874	3.16058971709
0.9040805525330627	0.03285719	3.12259120152
0.905825881785057	0.02518749	3.07825283858
0.9075712110370514	0.03279639	3.0573643169
0.9093165402890457	0.03285573	3.03441693401
0.9110618695410401	0.02218373	3.00399617956
0.9128071987930344	0.02310045	2.98909724713
0.9145525280450286	0.0190951	2.96332638946
0.9162978572970231	0.01523759	2.92753355438
0.9180431865490173	0.02771774	2.9021672378
0.9197885158010117	0.03865655	2.86920063073
0.921533845053006	0.02995587	2.81370165793
0.9232791743050003	0.02792628	2.771904782
0.9250245035569946	0.02851434	2.73982616182
0.9267698328089891	0.02409363	2.7085894821
0.9285151620609834	0.02975721	2.69636079468
0.9302604913129776	0.04138197	2.69299313654
0.932005820564972	0.03283939	2.66547709917
0.9337511498169663	0.02870032	2.64507803695
0.9354964790689607	0.03956912	2.64349854421
0.9372418083209549	0.04311737	2.63371763624
0.9389871375729493	0.03924049	2.62009426605
0.9407324668249436	0.04471168	2.61918214836
0.9424777960769379	0.03919485	2.60219167298
0.9442231253289324	0.03202506	2.58712465051
0.9459684545809267	0.04312509	2.60386007395
0.9477137838329208	0.05083954	2.62083443392
0.9494591130849153	0.03488604	2.61256046091
0.9512044423369097	0.0267852	2.61719074136
0.9529497715889039	0.02771988	2.6281592631
0.9546951008408984	0.02383216	2.62356485692
0.9564404300928926	0.02482143	2.61833059343
0.9581857593448869	0.03247192	2.61125750195
0.9599310885968813	0.02396843	2.57488837342
0.9616764178488756	0.01689314	2.54387595609
0.96342174710087	0.02227673	2.54093330656
0.9651670763528643	0.02142931	2.53867921605
0.9669124056048585	0.01036507	2.52969928889
0.9686577348568529	0.00854774	2.5346876047
0.9704030641088474	0.00603573	2.53286386308
0.9721483933608416	0.004660774	2.52156943756
0.9738937226128359	0.01353084	2.51510025839
0.9756390518648302	0.0215338	2.50129691487
0.9773843811168246	0.01619021	2.47008955554
0.979129710368819	0.01471724	2.45216717949
0.9808750396208132	0.01339582	2.44783267853
0.9826203688728075	0.009384326	2.45061480158
0.9843656981248019	0.01419121	2.47140759302
0.9861110273767961	0.02494534	2.50140053576
0.9878563566287906	0.02331241	2.51319396509
0.9896016858807848	0.02676995	2.52541769063
0.9913470151327791	0.03949061	2.54292112634
0.9930923443847736	0.04403642	2.54669887638
0.9948376736367678	0.04095968	2.5434287352
0.9965830028887622	0.04252055	2.54909413654
0.9983283321407567	0.03374964	2.54486794837
1.0000736613927508	0.02624299	2.54822347491
1.0018189906447452	0.037913	2.58186971432
1.0035643198967397	0.04972439	2.61616867766
1.0053096491487339	0.04297702	2.62607450887
1.0070549784007283	0.04312428	2.64066836435
1.0088003076527225	0.04973033	2.65316467194
1.0105456369047168	0.04723311	2.64403598816
1.0122909661567112	0.04322363	2.62831886389
1.0140362954087054	0.04353057	2.60985583024
1.0157816246606999	0.03092299	2.56699844492
1.017526953912694	0.02188786	2.5318592999
1.0192722831646883	0.02973158	2.52749883557
1.0210176124166828	0.03435016	2.52332548773
1.0227629416686772	0.02468881	2.50492149135
1.0245082709206714	0.0215139	2.49610598684
1.0262536001726656	0.02051029	2.48222709526
1.02799892942466	0.01530024	2.45284080918
1.0297442586766543	0.0130616	2.42216158229
1.0314895879286488	0.01354456	2.3858317947
1.0332349171806432	0.006116336	2.33073212622
1.0349802464326374	0.003316738	2.28655563718
1.0367255756846319	0.006333988	2.26299135937
1.038470904936626	0.006687825	2.24370199152
1.0402162341886205	0.004839759	2.22874461019
1.041961563440615	0.006145711	2.2248311066
1.043706892692609	0.002590298	2.21451359913
1.0454522219446034	0.001629072	2.20371632102
1.0471975511965979	0.006253227	2.19977342878
1.048942880448592	0.01041329	2.19088179393
1.0506882097005865	0.0135127	2.17455647813
1.0524335389525807	0.02049232	2.16685956394
1.054178868204575	0.01896954	2.15876388059
1.0559241974565694	0.0162059	2.15412767961
1.0576695267085636	0.02383356	2.16691476001
1.059414855960558	0.0295945	2.18427910333
1.0611601852125523	0.02268473	2.18921925085
1.0629055144645467	0.02504325	2.20436494214
1.064650843716541	0.03627389	2.22945986415
1.0663961729685354	0.04398006	2.2464928793
1.0681415022205298	0.05401803	2.26113777131
1.069886831472524	0.06584288	2.27693359638
1.0716321607245185	0.05834738	2.27194337914
1.0733774899765127	0.04909659	2.26580347967
1.0751228192285072	0.05629147	2.28019006283
1.0768681484805014	0.05758416	2.28906146399
1.0786134777324956	0.04171711	2.2780524472
1.08035880698449	0.03945879	2.28063758013
1.0821041362364843	0.04979314	2.29390002629
1.0838494654884787	0.05585669	2.29963839809
1.085594794740473	0.06364923	2.30824093533
1.0873401239924672	0.07239966	2.31775163342
1.0890854532444616	0.06155787	2.3029115605
1.0908307824964558	0.04850121	2.28585836592
1.0925761117484503	0.04944839	2.28409199507
1.0943214410004447	0.0443487	2.26897735796
1.096066770252439	0.02488712	2.23121861094
1.0978120995044334	0.01791924	2.20424150924
1.0995574287564276	0.02199488	2.18701974156
1.101302758008422	0.02325512	2.17024894516
1.1030480872604165	0.02464895	2.16559587367
1.1047934165124107	0.02731016	2.16959032058
1.106538745764405	0.01966846	2.16181052239
1.1082840750163994	0.01222501	2.1561347293
1.1100294042683936	0.01108863	2.15661099859
1.111774733520388	0.007888309	2.14297785701
1.1135200627723822	0.0009626025	2.11399316403
1.1152653920243765	0.0001635985	2.08989146725
1.117010721276371	0.00013641	2.06902207998
1.1187560505283651	0.00005933943	2.05687122054
1.1205013797803596	0.001397434	2.06318668843
1.1222467090323538	0.002114268	2.0802907979
1.1239920382843482	0.0009852552	2.09698752891
1.1257373675363425	0.003745649	2.1197887895
1.127482696788337	0.004139697	2.13927702783
1.1292280260403311	0.005754402	2.14929070138
1.1309733552923256	0.01567141	2.15815267735
1.13271868454432	0.02409888	2.16535414774
1.1344640137963142	0.01943703	2.16283002681
1.1362093430483085	0.01898896	2.17164192739
1.1379546723003031	0.02648687	2.19965817716
1.1397000015522971	0.0298279	2.23097791164
1.1414453308042918	0.03241087	2.26326220339
1.143190660056286	0.04177198	2.30359060669
1.14493598930828	0.04336776	2.33448948256
1.1466813185602747	0.04457872	2.35910820905
1.1484266478122689	0.05892453	2.39180553066
1.1501719770642633	0.06645986	2.41458181139
1.1519173063162575	0.05166507	2.41206224695
1.1536626355682518	0.04513254	2.41779442652
1.1554079648202462	0.05481882	2.44185509367
1.1571532940722404	0.05889634	2.46223234717
1.1588986233242349	0.05928997	2.48236145301
1.160643952576229	0.06881519	2.51537947387
1.1623892818282235	0.07144426	2.54134467174
1.1641346110802178	0.06990948	2.56201697661
1.1658799403322122	0.07813015	2.59015677241
1.1676252695842066	0.07836513	2.60063806979
1.1693705988362009	0.05599229	2.57501244895
1.171115928088195	0.04254772	2.55067281336
1.1728612573401895	0.04779965	2.54136421284
1.1746065865921838	0.04853231	2.52638363476
1.1763519158441782	0.04363727	2.51205834991
1.1780972450961724	0.04846927	2.51719127084
1.1798425743481666	0.05118819	2.52567701134
1.181587903600161	0.04874454	2.53382966115
1.1833332328521553	0.0501702	2.54795911137
1.18507856210415	0.04667482	2.54658326062
1.186823891356144	0.02875941	2.5131985729
1.1885692206081382	0.0171434	2.47533749467
1.1903145498601329	0.01791889	2.44346916391
1.192059879112127	0.01630194	2.40436596534
1.1938052083641215	0.0104789	2.36491330181
1.1955505376161157	0.01101588	2.34266185879
1.19729586686811	0.01187843	2.33011649888
1.1990411961201044	0.0103357	2.32512978377
1.2007865253720988	0.009001297	2.32904258636
1.2025318546240933	0.00695117	2.32997678735
1.2042771838760875	0.002240718	2.31836531089
1.2060225131280817	0.0007189502	2.30344554404
1.2077678423800762	0.0001612419	2.28389577205
1.2095131716320704	0.00006600591	2.25779945885
1.2112585008840648	0.001941673	2.23257968097
1.213003830136059	0.003730176	2.21317084911
1.2147491593880533	0.001905573	2.19753916999
1.2164944886400477	0.002739724	2.19458944737
1.218239817892042	0.004695474	2.20349150437
1.2199851471440364	0.006632557	2.21649305916
1.2217304763960306	0.01324767	2.23245781589
1.2234758056480248	0.02148668	2.24771820312
1.2252211349000193	0.02023381	2.24865867508
1.2269664641520137	0.02151325	2.24580132253
1.228711793404008	0.03351214	2.25151032435
1.2304571226560024	0.03936328	2.25326120077
1.2322024519079966	0.0326619	2.24707239981
1.233947781159991	0.03437409	2.25825285677
1.2356931104119853	0.04384673	2.28674173476
1.23743843966398	0.04929988	2.3152891176
1.2391837689159741	0.05685571	2.34542271066
1.2409290981679681	0.06730025	2.37495828075
1.2426744274199628	0.06522238	2.38403212245
1.244419756671957	0.06396216	2.38618929853
1.2461650859239515	0.07728475	2.39968022885
1.2479104151759457	0.08217593	2.40324329309
1.24965574442794	0.0671497	2.38771711656
1.2514010736799344	0.06366505	2.39114218153
1.2531464029319286	0.07636932	2.41911922236
1.254891732183923	0.08054122	2.44127770772
1.2566370614359172	0.07771638	2.45602219011
1.2583823906879115	0.08190867	2.47516417287
1.260127719939906	0.08109953	2.48174138983
1.2618730491919004	0.07653785	2.47718556175
1.2636183784438946	0.08086993	2.47772613896
1.265363707695889	0.08029796	2.46837644158
1.2671090369478832	0.06211642	2.43671191376
1.2688543661998777	0.05267675	2.41601877734
1.270599695451872	0.06034844	2.41641585104
1.2723450247038663	0.05964788	2.40775997447
1.2740903539558606	0.0466468	2.38590720134
1.2758356832078548	0.04301766	2.37429066058
1.2775810124598492	0.04473923	2.36627475342
1.2793263417118435	0.04049509	2.35065385976
1.2810716709638381	0.03550675	2.33490437894
1.2828170002158321	0.03222384	2.31822133183
1.2845623294678263	0.02343148	2.29076446196
1.286307658719821	0.01704564	2.26460835579
1.288052987971815	0.01790977	2.2454016905
1.2897983172238097	0.01611589	2.21954306189
1.2915436464758039	0.007840815	2.18492057303
1.293288975727798	0.004673108	2.1575232693
1.2950343049797925	0.00683433	2.1375166849
1.296779634231787	0.006411975	2.11779606261
1.2985249634837812	0.002276432	2.09879636682
1.3002702927357757	0.001383577	2.08386398617
1.3020156219877699	0.004049874	2.0697536739
1.3037609512397643	0.00580126	2.05375764049
1.3055062804917585	0.003513835	2.03247720827
1.307251609743753	0.004012827	2.01040691696
1.3089969389957472	0.009869217	1.99255916115
1.3107422682477414	0.0137921	1.97528270023
1.3124875974997359	0.01225852	1.955145329
1.31423292675173	0.0150745	1.94328772703
1.3159782560037245	0.02209869	1.94030828548
1.3177235852557188	0.02610539	1.93474028117
1.319468914507713	0.02896928	1.92538903966
1.3212142437597074	0.03405434	1.91716146151
1.3229595730117016	0.03418162	1.90224076877
1.324704902263696	0.03490468	1.88501303024
1.3264502315156905	0.04467943	1.87683053277
1.3281955607676847	0.05083632	1.86679331466
1.3299408900196792	0.04365827	1.84434983365
1.3316862192716734	0.04443632	1.83341456919
1.3334315485236679	0.0594596	1.84136816561
1.335176877775662	0.06566127	1.84003133109
1.3369222070276563	0.05940363	1.82334906413
1.338667536279651	0.06157628	1.81496004541
1.3404128655316452	0.06857216	1.80999204255
1.3421581947836396	0.06841303	1.79406587957
1.3439035240356338	0.06821078	1.77672716379
1.345648853287628	0.06973529	1.76079117909
1.3473941825396225	0.06235946	1.73455583271
1.3491395117916167	0.05843223	1.71489744069
1.3508848410436112	0.06822646	1.71531054101
1.3526301702956054	0.07123289	1.71033814164
1.3543754995475996	0.05847119	1.6887245986
1.356120828799594	0.05574769	1.68003850416
1.3578661580515883	0.06597299	1.6847772969
1.3596114873035827	0.06541287	1.67328748906
1.3613568165555772	0.05466487	1.6469520648
1.3631021458075714	0.05152549	1.62564809731
1.3648474750595658	0.05039332	1.60348156001
1.36659280431156	0.04533535	1.57977914631
1.3683381335635545	0.04388594	1.56770015064
1.3700834628155487	0.04275279	1.56106279636
1.371828792067543	0.03351927	1.54935627267
1.3735741213195374	0.02903432	1.54926453364
1.3753194505715316	0.03463757	1.56323093002
1.3770647798235263	0.03369295	1.565760636
1.3788101090755203	0.02260915	1.55166631607
1.3805554383275145	0.01873675	1.54117454839
1.3823007675795091	0.02159751	1.53358767992
1.3840460968315031	0.01883138	1.51945941111
1.3857914260834978	0.01257194	1.5066973209
1.387536755335492	0.01058827	1.50330951901
1.3892820845874863	0.009047916	1.50451009143
1.3910274138394807	0.006873505	1.51274656901
1.392772743091475	0.006550003	1.52917824152
1.3945180723434694	0.00588022	1.54378589567
1.3962634015954638	0.002624768	1.55157044988
1.398008730847458	0.001458039	1.55961114503
1.3997540600994525	0.00239488	1.56698464853
1.4014993893514467	0.002033808	1.56958398534
1.4032447186034411	0.0003685103	1.57089181723
1.4049900478554354	0.0003077305	1.57601400412
1.4067353771074296	0.001134789	1.58430973401
1.408480706359424	0.001722256	1.59676037358
1.4102260356114182	0.001048466	1.61238251954
1.4119713648634127	0.001318152	1.62887996299
1.413716694115407	0.003971142	1.64506538775
1.4154620233674011	0.005806077	1.65862640485
1.4172073526193956	0.003800218	1.66552781081
1.4189526818713898	0.004373434	1.67078149968
1.4206980111233842	0.009524287	1.67853525351
1.4224433403753785	0.01145263	1.68400500562
1.424188669627373	0.008697395	1.68690711117
1.4259339988793673	0.009879693	1.69695281584
1.4276793281313616	0.01365685	1.71279328454
1.429424657383356	0.01488098	1.72673670554
1.4311699866353502	0.01674481	1.7392372722
1.4329153158873444	0.01996394	1.74945191467
1.434660645139339	0.01883598	1.74992502324
1.436405974391333	0.01944572	1.7462122573
1.4381513036433278	0.02673305	1.74511503777
1.439896632895322	0.02901109	1.73732855996
1.4416419621473162	0.02197366	1.7207930848
1.4433872913993107	0.02149235	1.71421665452
1.4451326206513049	0.02900583	1.72003829242
1.4468779499032993	0.03042919	1.72245218965
1.4486232791552935	0.02768342	1.72141658821
1.4503686084072878	0.03104651	1.72519704014
1.4521139376592822	0.03480941	1.72498428246
1.4538592669112764	0.03628551	1.71674559969
1.4556045961632709	0.04135072	1.70720451448
1.457349925415265	0.04352286	1.69007662695
1.4590952546672595	0.03598653	1.66002498718
1.460840583919254	0.0333603	1.63676813068
1.4625859131712482	0.04080142	1.62832030295
1.4643312424232426	0.04126392	1.61573932095
1.4660765716752369	0.03351138	1.59720524438
1.467821900927231	0.03564412	1.59170483761
1.4695672301792255	0.04503035	1.59344331503
1.4713125594312197	0.04810854	1.58518582525
1.4730578886832144	0.04873993	1.57085446514
1.4748032179352084	0.05145163	1.55451577691
1.4765485471872026	0.04893179	1.52842121533
1.4782938764391973	0.04582087	1.50203597867
1.4800392056911913	0.04953433	1.48651736469
1.481784534943186	0.04870691	1.46768419579
1.4835298641951802	0.03861084	1.44046106193
1.4852751934471744	0.03816398	1.42826796566
1.4870205226991688	0.04991472	1.43211011081
1.488765851951163	0.05361344	1.42591759711
1.4905111812031575	0.04860663	1.40899638053
1.4922565104551517	0.05131168	1.39917848962
1.4940018397071462	0.05720856	1.38971915421
1.4957471689591406	0.05542785	1.37082306145
1.4974924982111348	0.0522181	1.35165294069
1.4992378274631293	0.05064871	1.33269279359
1.5009831567151235	0.04443346	1.30696924401
1.5027284859671177	0.04192244	1.28932652878
1.5044738152191122	0.05000712	1.28814415882
1.5062191444711064	0.05314981	1.28227914023
1.5079644737231008	0.04570297	1.26612166966
1.509709802975095	0.04728033	1.26280511564
1.5114551322270893	0.0586126	1.26964427655
1.5132004614790837	0.05812136	1.2606658378
1.514945790731078	0.04737031	1.23814150877
1.5166911199830724	0.04454101	1.21978848577
1.5184364492350666	0.04576167	1.20121458367
1.520181778487061	0.04204838	1.1790714497
1.5219271077390553	0.0405466	1.16476336156
1.5236724369910497	0.04220948	1.15659515796
1.5254177662430441	0.03960263	1.14688043781
1.5271630954950384	0.04047209	1.14682333086
1.5289084247470326	0.04931406	1.15747321212
1.5306537539990273	0.04995662	1.15482148771
1.5323990832510213	0.03882812	1.1338041459
1.534144412503016	0.0349442	1.11579402836
1.5358897417550101	0.039076	1.10193933464
1.5376350710070041	0.03428275	1.07771597492
1.5393804002589988	0.0238303	1.0514671497
1.541125729510993	0.02225162	1.03942676586
1.5428710587629875	0.02554878	1.03708778759
1.5446163880149817	0.02559836	1.03743599914
1.546361717266976	0.02609191	1.04198612253
1.5481070465189704	0.02779593	1.04436203244
1.5498523757709646	0.02613922	1.03682689236
1.551597705022959	0.02450957	1.02579188244
1.5533430342749532	0.02557402	1.01464554838
1.5550883635269477	0.02266313	0.995178905926
1.556833692778942	0.01488589	0.97013624342
1.5585790220309363	0.01165566	0.954567665109
1.5603243512829308	0.01393644	0.950000830385
1.562069680534925	0.01277223	0.946478327375
1.5638150097869192	0.008098853	0.944340941354
1.5655603390389137	0.008815172	0.949777709458
1.567305668290908	0.01436338	0.958270670713
1.5690509975429023	0.01562929	0.960961949705
1.5707963267948966	0.01267198	0.957293757755
1.5725416560468908	0.01337171	0.950489424706
1.5742869852988854	0.01671379	0.939923066105
1.5760323145508797	0.0157949	0.925310831175
1.5777776438028739	0.01243622	0.910864391479
1.579522973054868	0.01175647	0.900708908547
1.5812683023068623	0.01171154	0.89623029471
1.583013631558857	0.01102825	0.899189424945
1.5847589608108512	0.01288498	0.909959416243
1.5865042900628454	0.01476552	0.92294764253
1.5882496193148399	0.0134358	0.932549535865
1.589994948566834	0.01520026	0.93939411871
1.5917402778188285	0.02212554	0.94223325531
1.593485607070823	0.02353469	0.933700153212
1.5952309363228174	0.01789595	0.914726474625
1.5969762655748114	0.01764603	0.897810727122
1.5987215948268056	0.02311639	0.888163117922
1.6004669240788003	0.02198121	0.880093855972
1.6022122533307945	0.0161914	0.875958277456
1.6039575825827892	0.01731132	0.884470567439
1.6057029118347834	0.02301185	0.901407968969
1.6074482410867772	0.02485739	0.914448010749
1.6091935703387719	0.0256881	0.921580767743
1.610938899590766	0.02894144	0.924851354438
1.6126842288427607	0.03062582	0.920433359422
1.614429558094755	0.03084709	0.90828307786
1.6161748873467492	0.03298951	0.894845327507
1.6179202165987434	0.03200191	0.880486255953
1.6196655458507379	0.02565747	0.865389584096
1.6214108751027323	0.02406732	0.859324119164
1.6231562043547265	0.02988539	0.865071865246
1.624901533606721	0.03047948	0.869265229849
1.6266468628587152	0.0252327	0.868465709474
1.6283921921107094	0.02848705	0.874573239921
1.630137521362704	0.03893274	0.885429773228
1.6318828506146983	0.041071	0.885168700518
1.6336281798666925	0.03688739	0.876308601689
1.6353735091186867	0.03835623	0.872604381766
1.637118838370681	0.04172673	0.871560907316
1.6388641676226756	0.03927903	0.865346642581
1.6406094968746698	0.03644358	0.85942531305
1.642354826126664	0.03553414	0.856422505116
1.6441001553786583	0.03229973	0.851420294844
1.6458454846306525	0.03173987	0.848434041843
1.6475908138826472	0.03799399	0.85194916627
1.6493361431346414	0.03960015	0.851391557806
1.6510814723866356	0.03390881	0.844397462183
1.6528268016386303	0.0359654	0.846241303697
1.6545721308906243	0.0458843	0.857190018145
1.6563174601426187	0.04576304	0.858393218873
1.6580627893946132	0.03770257	0.850927669677
1.6598081186466074	0.03848521	0.85157305985
1.6615534478986018	0.04469049	0.856729687579
1.6632987771505963	0.04305217	0.852451146168
1.6650441064025905	0.0388077	0.84469535616
1.6667894356545847	0.03953308	0.8426158173
1.668534764906579	0.04000726	0.841256377403
1.6702800941585736	0.03892225	0.83876690562
1.6720254234105678	0.04122824	0.840163566603
1.673770752662562	0.04109439	0.839329934948
1.6755160819145563	0.03528916	0.832270685746
1.6772614111665505	0.03528487	0.830489070776
1.6790067404185451	0.04306133	0.836316354184
1.6807520696705394	0.04291992	0.83362876706
1.6824973989225336	0.03537517	0.823086353778
1.684242728174528	0.03716001	0.822524600942
1.6859880574265222	0.04571818	0.829443094028
1.6877333866785167	0.04446836	0.826113359324
1.6894787159305111	0.0375687	0.816835988694
1.6912240451825054	0.03741892	0.815206985656
1.6929693744344996	0.03929057	0.816422985139
1.6947147036864938	0.03602006	0.812314753603
1.6964600329384885	0.03336954	0.808730411063
1.6982053621904827	0.03232387	0.806912888132
1.6999506914424773	0.02888207	0.801967724922
1.7016960206944716	0.02828272	0.798389628504
1.7034413499464653	0.03360055	0.799688752448
1.70518667919846	0.0337707	0.795138323225
1.7069320084504542	0.02769882	0.78422315165
1.708677337702449	0.02888934	0.782190620923
1.7104226669544431	0.03644606	0.789132169581
1.7121679962064373	0.03483665	0.788350915886
1.7139133254584316	0.02696798	0.782200564753
1.7156586547104258	0.02689804	0.785402897297
1.7174039839624204	0.03116801	0.793324540856
1.7191493132144147	0.02840059	0.792082465006
1.7208946424664089	0.02347464	0.786638506383
1.7226399717184033	0.02330813	0.785549037672
1.7243853009703975	0.0238138	0.784696045695
1.726130630222392	0.02274727	0.781288781209
1.7278759594743864	0.02417327	0.780395763308
1.7296212887263807	0.02465942	0.779367009983
1.7313666179783749	0.02169108	0.775479381123
1.733111947230369	0.02263913	0.776398148588
1.7348572764823638	0.02886026	0.784055833286
1.736602605734358	0.02862559	0.786205091468
1.7383479349863522	0.02247777	0.783059178202
1.7400932642383464	0.02323122	0.787937133849
1.7418385934903406	0.02907189	0.798344747749
1.7435839227423353	0.02653322	0.798568093206
1.7453292519943295	0.01944911	0.791870361601
1.7470745812463238	0.0190938	0.791014684125
1.7488199104983184	0.02181511	0.792621372016
1.7505652397503124	0.01970946	0.787718464534
1.7523105690023069	0.01753961	0.782328927549
1.7540558982543013	0.01837963	0.782086567927
1.7558012275062955	0.01867034	0.783231814586
1.75754655675829	0.01917385	0.78470162958
1.7592918860102844	0.02247936	0.789294631738
1.7610372152622786	0.02259275	0.79146895706
1.7627825445142729	0.01854834	0.789113946569
1.764527873766267	0.01840731	0.789909287483
1.7662732030182617	0.02220513	0.794570858288
1.768018532270256	0.01976709	0.792090216443
1.7697638615222502	0.01331449	0.784308973506
1.7715091907742444	0.01319998	0.783350439023
1.7732545200262386	0.01746398	0.787479848229
1.7749998492782333	0.0162214	0.784714841051
1.7767451785302275	0.01270005	0.779025745666
1.7784905077822217	0.01437911	0.780710253862
1.780235837034216	0.01821053	0.786250115786
1.7819811662862104	0.01786588	0.786932478395
1.7837264955382048	0.01651934	0.786291978111
1.785471824790199	0.01668726	0.787763252264
1.7872171540421935	0.01607254	0.787752797481
1.7889624832941877	0.0147555	0.785291568598
1.790707812546182	0.01549924	0.784135511742
1.7924531417981766	0.01467098	0.781516196446
1.7941984710501708	0.01150365	0.777038454294
1.7959438003021653	0.01228299	0.77779067596
1.7976891295541597	0.01740207	0.784462222242
1.7994344588061535	0.01725892	0.786284297556
1.8011797880581482	0.01304699	0.783690690375
1.8029251173101424	0.0143422	0.786543505917
1.804670446562137	0.01898674	0.792175514317
1.8064157758141313	0.01664451	0.788643170309
1.8081611050661255	0.01117209	0.780071369604
1.8099064343181197	0.010768	0.776711564903
1.811651763570114	0.01240643	0.775795978502
1.8133970928221086	0.01054732	0.770265391635
1.8151424220741028	0.009279235	0.765188814455
1.816887751326097	0.01023673	0.764737243757
1.8186330805780915	0.01089106	0.766142205343
1.8203784098300857	0.01201251	0.768377704915
1.8221237390820801	0.01527379	0.773580483962
1.8238690683340746	0.01563497	0.777107024748
1.8256143975860688	0.01292097	0.776871556067
1.827359726838063	0.01300336	0.777331757504
1.8291050560900572	0.01554545	0.778432634411
1.830850385342052	0.01298606	0.772255575768
1.8325957145940461	0.007767879	0.761808111105
1.8343410438460404	0.007371421	0.757403850307
1.8360863730980346	0.01019816	0.758723095209
1.8378317023500288	0.008973758	0.756794243928
1.8395770316020235	0.006599076	0.7545462388
1.8413223608540177	0.008407429	0.758729598833
1.843067690106012	0.01200553	0.76505418198
1.8448130193580066	0.01215656	0.764952953203
1.8465583486100006	0.01135592	0.761681655365
1.848303677861995	0.01183488	0.759986998529
1.8500490071139892	0.01199207	0.758324480222
1.8517943363659837	0.01060873	0.754982126435
1.8535396656179781	0.00989272	0.753412839157
1.8552849948699723	0.008574287	0.752582660679
1.8570303241219668	0.006310323	0.750731470782
1.858775653373961	0.005857417	0.749841035455
1.8605209826259552	0.007999032	0.75052283032
1.8622663118779499	0.007442947	0.746547714707
1.864011641129944	0.005006301	0.738959706819
1.8657569703819383	0.006258002	0.735058848302
1.8675022996339325	0.01020855	0.73419855714
1.8692476288859268	0.009399505	0.727605824387
1.8709929581379214	0.006233586	0.718380670857
1.8727382873899157	0.007117618	0.715145156689
1.8744836166419099	0.01000089	0.716073939772
1.876228945893904	0.008499923	0.713692418368
1.8779742751458985	0.005995259	0.712515443932
1.879719604397893	0.006565339	0.71809421147
1.8814649336498872	0.008019639	0.726455448882
1.8832102629018816	0.007527255	0.731370043568
1.8849555921538759	0.007722747	0.73417981357
1.88670092140587	0.008099895	0.73393320308
1.8884462506578648	0.007568412	0.728598008993
1.890191579909859	0.00764931	0.720347839914
1.8919369091618534	0.009288054	0.713061201359
1.8936822384138474	0.008215781	0.704753697589
1.8954275676658416	0.005418823	0.698070922909
1.8971728969178363	0.005464589	0.699512364321
1.8989182261698305	0.007738724	0.708126628403
1.9006635554218252	0.006357152	0.714567780538
1.9024088846738194	0.003613186	0.719444477542
1.9041542139258136	0.004569918	0.728353721492
1.9058995431778079	0.007644995	0.737826556189
1.907644872429802	0.006976963	0.73882246982
1.9093902016817967	0.005114931	0.734753552258
1.911135530933791	0.006266128	0.732022411623
1.9128808601857852	0.008712676	0.72803138025
1.9146261894377794	0.007834752	0.717233831367
1.9163715186897738	0.00623611	0.704464284134
1.9181168479417683	0.006414438	0.694333946552
1.9198621771937625	0.006925837	0.686545293054
1.921607506445757	0.00588763	0.681260706895
1.9233528356977512	0.005687108	0.682062268968
1.9250981649497454	0.00540418	0.686262285664
1.92684349420174	0.004407188	0.691524623381
1.9285888234537343	0.004969312	0.699139876022
1.9303341527057285	0.007978831	0.707052039809
1.9320794819577227	0.007905205	0.706234250643
1.933824811209717	0.005816661	0.698307330016
1.9355701404617116	0.007534618	0.692137549829
1.9373154697137058	0.01159201	0.68776272985
1.9390607989657	0.01014086	0.677996254389
1.9408061282176947	0.006486621	0.668698612378
1.9425514574696887	0.007020568	0.66841481255
1.9442967867216832	0.009091287	0.673529593867
1.9460421159736774	0.00676519	0.67589438223
1.9477874452256718	0.004015245	0.678997427537
1.9495327744776663	0.004090039	0.685703330849
1.9512781037296605	0.004844786	0.692347141771
1.953023432981655	0.004148123	0.695872274249
1.9547687622336491	0.004404111	0.698748449874
1.9565140914856434	0.004735168	0.699082879162
1.958259420737638	0.004630219	0.695963686185
1.9600047499896323	0.005249991	0.69226590103
1.9617500792416265	0.007209004	0.689470895454
1.9634954084936207	0.006931439	0.683151873579
1.965240737745615	0.005431639	0.676389322122
1.9669860669976096	0.006089757	0.676201029645
1.9687313962496038	0.008446171	0.681483570097
1.970476725501598	0.007212407	0.683689305
1.9722220547535922	0.004523009	0.684771677964
1.9739673840055865	0.005355386	0.689850082396
1.9757127132575811	0.008314149	0.694696045328
1.9774580425095754	0.007103593	0.691018408277
1.9792033717615696	0.004787108	0.683360977245
1.980948701013564	0.006249724	0.678122355476
1.9826940302655582	0.009103007	0.674020017383
1.9844393595175527	0.008156949	0.668030202902
1.9861846887695471	0.006827251	0.664926775431
1.9879300180215416	0.007428776	0.666058059889
1.9896753472735356	0.008032916	0.669193105576
1.9914206765255298	0.007202673	0.673365646811
1.9931660057775245	0.007304351	0.6792901842
1.9949113350295187	0.006708767	0.68247091112
1.9966566642815133	0.005356666	0.683005649276
1.9984019935335076	0.005416589	0.68485385778
2.0001473227855016	0.007079537	0.68762322052
2.0018926520374962	0.005890891	0.68511978602
2.0036379812894904	0.003683202	0.680579579413
2.0053833105414847	0.004265778	0.6801535717
2.0071286397934793	0.006439649	0.681916022732
2.0088739690454736	0.005024033	0.679069232099
2.0106192982974678	0.002706747	0.675623614574
2.012364627549462	0.0035393	0.676912113407
2.0141099568014567	0.005983741	0.680321836684
2.015855286053451	0.004882886	0.679929441725
2.017600615305445	0.003094176	0.679039225464
2.0193459445574393	0.004447223	0.68047313104
2.0210912738094335	0.007190457	0.681734441586
2.022836603061428	0.006681429	0.679373892545
2.0245819323134224	0.005852941	0.67650653468
2.0263272615654166	0.007118044	0.674117609712
2.028072590817411	0.008696579	0.672054161387
2.029817920069405	0.008219034	0.671164973421
2.0315632493213998	0.008196732	0.673418370106
2.033308578573394	0.007997089	0.675560933798
2.035053907825388	0.007097802	0.677652147309
2.036799237077383	0.006841954	0.682100476617
2.0385445663293766	0.008105439	0.687427560276
2.0402898955813713	0.006836646	0.686921231399
2.0420352248333655	0.004560306	0.6833283509
2.0437805540853597	0.005281613	0.682827493546
2.0455258833373544	0.007825255	0.684317713333
2.0472712125893486	0.006348191	0.681782457765
2.049016541841343	0.00391091	0.679917229744
2.050761871093337	0.005238064	0.684206076149
2.0525072003453313	0.008185094	0.691342631553
2.054252529597326	0.006849476	0.694556140907
2.05599785884932	0.004732048	0.697278538106
2.0577431881013144	0.00616446	0.702649624952
2.0594885173533086	0.008878751	0.708086286844
2.0612338466053033	0.007639702	0.709895641932
2.0629791758572975	0.005904894	0.711140289725
2.0647245051092917	0.006815457	0.711995550123
2.0664698343612864	0.008273095	0.710730628034
2.0682151636132806	0.007116808	0.706851611081
2.069960492865275	0.006517078	0.702322062711
2.0717058221172695	0.006683903	0.694947365192
2.0734511513692637	0.006548394	0.687058092621
2.075196480621258	0.00698136	0.68416250404
2.076941809873252	0.009369712	0.687094264155
2.0786871391252464	0.009248051	0.689431477205
2.080432468377241	0.007769181	0.693363644761
2.0821777976292353	0.009741243	0.703361041062
2.08392312688123	0.0135163	0.714339390121
2.0856684561332237	0.01156311	0.716304234117
2.087413785385218	0.007895086	0.713336800521
2.0891591146372126	0.008866831	0.711936142627
2.090904443889207	0.01117815	0.709581776884
2.0926497731412015	0.008095746	0.70158009726
2.0943951023931957	0.004712407	0.6943741396
2.0961404316451895	0.005581215	0.692042795115
2.097885760897184	0.007663827	0.691995591867
2.0996310901491784	0.006537401	0.691271067113
2.101376419401173	0.005820925	0.692867276465
2.1031217486531673	0.007258279	0.696269412821
2.1048670779051615	0.009109119	0.701075906461
2.1066124071571557	0.008918967	0.708095970531
2.10835773640915	0.008844368	0.717974821082
2.1101030656611446	0.008889207	0.726193286529
2.111848394913139	0.008604513	0.732618620303
2.113593724165133	0.007720558	0.738704630232
2.1153390534171272	0.007800745	0.742295322937
2.1170843826691215	0.006688134	0.737431872887
2.118829711921116	0.005161809	0.728144721285
2.1205750411731104	0.006066709	0.721418659761
2.1223203704251046	0.009234645	0.717407520134
2.124065699677099	0.008682005	0.711281007462
2.1258110289290935	0.0069514	0.708411639849
2.1275563581810877	0.00962378	0.713813533343
2.129301687433082	0.01375305	0.722605380388
2.1310470166850766	0.01135662	0.726263201743
2.132792345937071	0.007504349	0.727556828447
2.134537675189065	0.008320457	0.728841477259
2.1362830044410597	0.009955938	0.727089447275
2.138028333693054	0.00666156	0.719856370312
2.139773662945048	0.003909688	0.712467045294
2.141518992197043	0.004746737	0.706671754978
2.143264321449037	0.0064342	0.702444152714
2.1450096507010312	0.006441679	0.700011429609
2.1467549799530254	0.007487167	0.700227925805
2.1485003092050197	0.008972215	0.699453389218
2.1502456384570143	0.01024396	0.698347673206
2.1519909677090086	0.01068412	0.698970688352
2.1537362969610028	0.01106283	0.701125574391
2.155481626212997	0.009969247	0.701312392883
2.157226955464991	0.008396547	0.702744759727
2.158972284716986	0.006923684	0.708381097349
2.16071761396898	0.006322789	0.716082311516
2.1624629432209743	0.004419518	0.719894725537
2.1642082724729685	0.002651786	0.721988451729
2.1659536017249628	0.003571111	0.725557685401
2.1676989309769574	0.0068973	0.729009084547
2.1694442602289516	0.00692272	0.727768954382
2.171189589480946	0.006140649	0.726960591638
2.17293491873294	0.0098899	0.731590839381
2.1746802479849343	0.01505161	0.738794269439
2.176425577236929	0.01319868	0.741858779923
2.178170906488923	0.009621265	0.743341348582
2.179916235740918	0.01083977	0.744478015315
2.1816615649929116	0.01237367	0.741790210974
2.183406894244906	0.008070248	0.732835527108
2.1851522234969005	0.004408103	0.722946307787
2.1868975527488947	0.004697976	0.714001949702
2.1886428820008894	0.005709321	0.707189105218
2.1903882112528836	0.005518644	0.704262648069
2.192133540504878	0.007150802	0.705921333813
2.193878869756872	0.008654045	0.707005505107
2.1956241990088667	0.009624836	0.708045366956
2.197369528260861	0.01101567	0.711308641932
2.199114857512855	0.01258531	0.714977979034
2.20086018676485	0.01096165	0.714137319383
2.202605516016844	0.008579574	0.713308930941
2.2043508452688383	0.007643827	0.716555772172
2.206096174520833	0.007467523	0.721092136383
2.207841503772827	0.004867537	0.721123422495
2.2095868330248214	0.002600176	0.720015103344
2.2113321622768156	0.003307272	0.720699625473
2.21307749152881	0.005811283	0.721398907338
2.2148228207808045	0.00507382	0.718824460408
2.2165681500327987	0.004044788	0.717954754504
2.218313479284793	0.006841904	0.721765103321
2.220058808536787	0.0106862	0.727748673885
2.2218041377887814	0.008889828	0.731023535102
2.223549467040776	0.006238428	0.73315176439
2.2252947962927703	0.007516997	0.733549267444
2.2270401255447645	0.009041904	0.730543814164
2.2287854547967587	0.005872687	0.723697515987
2.230530784048753	0.003411377	0.716790137068
2.2322761133007476	0.003857627	0.709857023611
2.234021442552742	0.004689159	0.704719322416
2.235766771804736	0.00423001	0.703127054959
2.2375121010567303	0.005084017	0.704628024865
2.239257430308725	0.005725515	0.704468811806
2.241002759560719	0.006134157	0.704345759141
2.2427480888127134	0.006719968	0.70615773357
2.2444934180647076	0.007625508	0.707938511191
2.246238747316702	0.00642279	0.705374194396
2.2479840765686965	0.005044491	0.701987956484
2.2497294058206907	0.004642361	0.7001544616
2.251474735072685	0.004962737	0.698522593313
2.253220064324679	0.003320151	0.69441829082
2.254965393576674	0.001898837	0.692495209158
2.256710722828668	0.002769049	0.695891287357
2.2584560520806622	0.005073556	0.70391984253
2.260201381332657	0.004200787	0.712786885036
2.261946710584651	0.003102711	0.72358834977
2.2636920398366454	0.005423076	0.734846157241
2.26543736908864	0.008478641	0.742322496821
2.2671826983406342	0.006396954	0.741393502353
2.2689280275926285	0.003970299	0.734632588906
2.2706733568446227	0.005017078	0.72381841846
2.272418686096617	0.006207666	0.71101173595
2.2741640153486116	0.003546624	0.698260665612
2.2759093446006062	0.001802769	0.689426479224
2.2776546738526	0.002271295	0.683542136879
2.2794000031045942	0.003010781	0.681375260022
2.2811453323565885	0.0024752	0.683377413705
2.2828906616085836	0.00285359	0.688866021187
2.284635990860578	0.003192684	0.694247380235
2.286381320112572	0.003690658	0.701771942054
2.288126649364566	0.003761026	0.712297802459
2.28987197861656	0.004129559	0.722768799427
2.291617307868555	0.003757435	0.727405948485
2.2933626371205493	0.003572697	0.727041222325
2.2951079663725436	0.003173722	0.722119514544
2.2968532956245378	0.003377338	0.712503881444
2.2985986248765315	0.002546342	0.698413632696
2.3003439541285267	0.001800883	0.687058406604
2.302089283380521	0.002352797	0.683522280133
2.303834612632515	0.004141614	0.688583531515
2.3055799418845093	0.003219946	0.69844172598
2.3073252711365035	0.00216979	0.712445891184
2.309070600388498	0.003928503	0.726813889614
2.3108159296404924	0.006179622	0.736593671555
2.3125612588924866	0.004058999	0.737843198293
2.314306588144481	0.002077571	0.733261434074
2.316051917396475	0.002870763	0.724119811196
2.3177972466484698	0.0037325	0.713022084035
2.319542575900464	0.001752097	0.702149141747
2.321287905152458	0.0007453043	0.69354182838
2.3230332344044524	0.001015874	0.684946688124
2.324778563656447	0.001481574	0.678552222567
2.3265238929084413	0.000854366	0.676582749415
2.3282692221604355	0.0008006654	0.679284095302
2.33001455141243	0.0008444402	0.684196765173
2.3317598806644244	0.001404026	0.694047172136
2.3335052099164186	0.0009934951	0.708021656771
2.3352505391684133	0.0008748313	0.721234604613
2.3369958684204075	0.001167408	0.727189094946
2.3387411976724017	0.001851492	0.726116106109
2.340486526924396	0.001235505	0.718321519354
2.34223185617639	0.001204545	0.705458266499
2.343977185428385	0.001183146	0.689538092355
2.345722514680379	0.001218058	0.677113630929
2.3474678439323733	0.001305322	0.671272128567
2.3492131731843675	0.002297249	0.672021975387
2.3509585024363617	0.001579056	0.675643831517
2.3527038316883564	0.0008929305	0.681528259117
2.3544491609403506	0.001551289	0.68722767231
2.356194490192345	0.002537325	0.691646115534
2.357939819444339	0.001060791	0.694301422292
2.3596851486963333	0.0001790506	0.698070664115
2.361430477948328	0.0004767842	0.702291853871
2.363175807200322	0.0009713536	0.707433691846
2.3649211364523164	0.0001693472	0.712429168832
2.3666664657043106	0.0000454817	0.715642129372
2.368411794956305	0.0001151947	0.713270142462
2.3701571242083	0.0006540452	0.708037082861
2.371902453460294	0.0002029741	0.702911697086
2.373647782712288	0.00002548352	0.699438095966
2.375393111964282	0.0005611974	0.696678402058
2.3771384412162764	0.001786347	0.697878268691
2.3788837704682715	0.0009359463	0.702583408647
2.3806290997202657	0.0003157943	0.707540175463
2.38237442897226	0.0009590163	0.70812990747
2.384119758224254	0.001673703	0.70643506237
2.3858650874762484	0.0004653512	0.70446446236
2.387610416728243	0.0002334872	0.703338231169
2.3893557459802373	0.0002682055	0.70193623979
2.3911010752322315	0.0003362583	0.703937764291
2.3928464044842257	0.0006594793	0.709584950425
2.39459173373622	0.001758708	0.714989755574
2.3963370629882146	0.0009274414	0.714641715706
2.398082392240209	0.0003353876	0.710332219244
2.3998277214922035	0.0006324288	0.702564668298
2.4015730507441977	0.0009274747	0.692111442914
2.403318379996192	0.00008613137	0.680830099585
2.4050637092481866	0.0004207535	0.673357456048
2.406809038500181	0.0002108251	0.668923276292
2.408554367752175	0.00007476532	0.6685814042
2.4102996970041692	0.0008084348	0.672779439815
2.4120450262561635	0.001948512	0.679868571685
2.413790355508158	0.0007395783	0.685418250496
2.4155356847601523	0.00008165705	0.692858414598
2.4172810140121466	0.0002779996	0.704271035076
2.419026343264141	0.0004472989	0.716941106481
2.420771672516135	0.00002523744	0.725770845511
2.4225170017681297	0.0007300666	0.732566102856
2.424262331020124	0.0003348701	0.736403404584
2.426007660272118	0.00007826458	0.733966583949
2.4277529895241123	0.0006602482	0.722604616503
2.4294983187761066	0.001391217	0.708260862422
2.4312436480281012	0.0002828155	0.695872794775
2.4329889772800954	0.00004338622	0.687288748055
2.4347343065320897	0.00008816741	0.681144050912
2.436479635784084	0.0002486888	0.681171440705
2.438224965036078	0.0004101121	0.687209412215
2.4399702942880728	0.001293714	0.6941306483
2.441715623540067	0.0007610108	0.695699904122
2.443460952792061	0.0006272567	0.69466214626
2.4452062820440554	0.0008026648	0.69243500987
2.4469516112960497	0.000971388	0.688789103034
2.4486969405480443	0.0005566722	0.683976103766
2.4504422698000385	0.001130821	0.682982305643
2.4521875990520328	0.0005788534	0.685643972115
2.4539329283040274	0.0002310931	0.691049276676
2.4556782575560216	0.0009803954	0.697463573176
2.457423586808016	0.002024691	0.704436373267
2.4591689160600105	0.000723391	0.708793035228
2.4609142453120048	0.0001071106	0.711830287335
2.462659574563999	0.0004602735	0.714133875629
2.464404903815993	0.0008439275	0.715384486829
2.466150233067988	0.00006072843	0.712657504026
2.467895562319982	0.00008869307	0.708110061107
2.4696408915719763	0.00003657055	0.702564882717
2.4713862208239705	0.0004236761	0.695168854514
2.4731315500759647	0.00006341748	0.683564096329
2.47487687932796	4.190125e-6	0.673852477718
2.476622208579954	0.0005643487	0.671522302637
2.4783675378319483	0.001971332	0.676183060851
2.480112867083942	0.001219088	0.683341180367
2.4818581963359363	0.0008200221	0.697369280847
2.4836035255879314	0.002365882	0.71892404957
2.4853488548399256	0.003886854	0.739269749552
2.48709418409192	0.00208211	0.748815590971
2.488839513343914	0.00108593	0.751781265824
2.490584842595908	0.001611363	0.75049594305
2.492330171847903	0.001874817	0.741190679172
2.494075501099897	0.0007486781	0.72210112187
2.4958208303518914	0.0008233016	0.702312947596
2.4975661596038856	0.000601577	0.68604621157
2.49931148885588	0.0006027345	0.672300612552
2.5010568181078745	0.0008296839	0.660015413741
2.5028021473598687	0.001486875	0.654440589259
2.504547476611863	0.0009800198	0.656406923028
2.506292805863857	0.001220698	0.664395631062
2.5080381351158514	0.001602786	0.675582569808
2.509783464367846	0.002305796	0.690522705949
2.5115287936198403	0.002348765	0.705506000348
2.5132741228718345	0.002757612	0.717070993549
2.5150194521238287	0.002882543	0.722172870703
2.516764781375823	0.00351628	0.721404438715
2.5185101106278176	0.002676475	0.71368867458
2.520255439879812	0.002015868	0.703415319024
2.522000769131806	0.002912358	0.695348335109
2.5237460983838007	0.004460554	0.69146958274
2.525491427635795	0.002736637	0.689058391214
2.527236756887789	0.001689085	0.691748311172
2.528982086139784	0.003463545	0.700336351805
2.530727415391778	0.004863753	0.709433084009
2.5324727446437723	0.0023316	0.712655058724
2.5342180738957665	0.0009674244	0.715049087149
2.535963403147761	0.001795427	0.719314742061
2.5377087323997554	0.002356881	0.721462042716
2.5394540616517496	0.0006776629	0.71660309719
2.541199390903744	0.0001338557	0.710272985521
2.542944720155738	0.0008164608	0.704822403552
2.5446900494077327	0.001897276	0.696101916878
2.546435378659727	0.0009647976	0.680386226556
2.548180707911721	0.0007560867	0.667378463326
2.5499260371637154	0.002846565	0.664335558473
2.5516713664157096	0.005478464	0.668202133457
2.5534166956677042	0.004366256	0.673220970231
2.5551620249196985	0.004027049	0.685583931095
2.5569073541716927	0.006702511	0.705546570375
2.558652683423687	0.008442161	0.722254973736
2.560398012675681	0.005667107	0.727356594395
2.5621433419276762	0.004116634	0.72855313975
2.56388867117967	0.004357195	0.729657173198
2.5656340004316642	0.003980333	0.727845053634
2.5673793296836585	0.002613587	0.722448350115
2.5691246589356527	0.0028794	0.720156690513
2.570869988187648	0.002251124	0.719836277489
2.572615317439642	0.001987872	0.717545997287
2.5743606466916362	0.00310719	0.710975170002
2.57610597594363	0.004456443	0.702519293531
2.5778513051956247	0.003310414	0.692146939176
2.5795966344476193	0.003251706	0.683321725159
2.5813419636996136	0.004636072	0.67835323987
2.5830872929516078	0.005956923	0.678176149823
2.584832622203602	0.005330554	0.679147801023
2.586577951455596	0.005327075	0.681220703925
2.588323280707591	0.005933246	0.683030015493
2.590068609959585	0.006592075	0.682532260215
2.5918139392115793	0.004754544	0.677139934809
2.593559268463574	0.003482309	0.67360263845
2.595304597715568	0.004912605	0.677220286986
2.5970499269675624	0.006927101	0.685887352324
2.598795256219557	0.004725398	0.693303601784
2.6005405854715513	0.003771311	0.703311307192
2.6022859147235455	0.007165226	0.716171815298
2.6040312439755398	0.009579357	0.72334434559
2.6057765732275344	0.00596662	0.718335849703
2.6075219024795286	0.003867927	0.711515367508
2.609267231731523	0.005749066	0.709659222936
2.611012560983517	0.006500416	0.708459419326
2.6127578902355113	0.002960325	0.703439346795
2.614503219487506	0.001399621	0.702855357876
2.6162485487395	0.002827223	0.70829683817
2.6179938779914944	0.003992357	0.710886023337
2.6197392072434886	0.002037973	0.704052405195
2.621484536495483	0.001568853	0.697484681409
2.6232298657474775	0.004158384	0.697026389661
2.6249751949994717	0.006908122	0.697377185449
2.626720524251466	0.005691722	0.693258518241
2.62846585350346	0.005820772	0.693649899501
2.6302111827554544	0.009512605	0.700660555615
2.631956512007449	0.01204384	0.704161576151
2.6337018412594433	0.009218652	0.697329777809
2.6354471705114375	0.007662843	0.690302549426
2.6371924997634317	0.008711776	0.687500435057
2.638937829015426	0.008456605	0.684390000465
2.6406831582674206	0.005500497	0.67943069856
2.642428487519415	0.004583817	0.68060261696
2.644173816771409	0.004302054	0.687014127157
2.6459191460234033	0.004155942	0.69314522065
2.647664475275398	0.004733629	0.695908458751
2.649409804527392	0.006256795	0.697629858346
2.6511551337793864	0.005684955	0.696547614528
2.652900463031381	0.006009722	0.693971156484
2.6546457922833753	0.008112189	0.691590400615
2.6563911215353695	0.009902432	0.69098396556
2.658136450787364	0.008703045	0.690196875274
2.6598817800393584	0.008402276	0.691911918891
2.6616271092913526	0.009461835	0.696441284336
2.663372438543347	0.009964612	0.701528895907
2.665117767795341	0.007448471	0.703150347177
2.6668630970473357	0.005877903	0.705004446816
2.6686084262993304	0.006645199	0.708362613407
2.670353755551324	0.007543796	0.709558037748
2.6720990848033184	0.004827534	0.703771944304
2.6738444140553126	0.00372529	0.697296476416
2.6755897433073077	0.006847945	0.69357713376
2.677335072559302	0.009476065	0.68786648588
2.679080401811296	0.006417353	0.675520570735
2.6808257310632904	0.005257338	0.666335445313
2.682571060315284	0.009205745	0.665242031857
2.6843163895672792	0.01154049	0.665296146927
2.6860617188192735	0.007254019	0.660882198299
2.6878070480712677	0.005323163	0.663051540343
2.689552377323262	0.008594781	0.676268248913
2.691297706575256	0.01020363	0.690973804648
2.693043035827251	0.005871415	0.699550094619
2.694788365079245	0.004166418	0.71169963753
2.6965336943312392	0.007445801	0.729438062552
2.6982790235832335	0.00949683	0.74042487455
2.7000243528352277	0.006085333	0.736550010956
2.7017696820872223	0.005116589	0.730035893468
2.7035150113392166	0.008950741	0.72671807172
2.705260340591211	0.01139159	0.718330989926
2.707005669843205	0.007931801	0.700876643861
2.7087509990951992	0.006740578	0.688821534488
2.710496328347194	0.01027665	0.686901946328
2.712241657599188	0.01209953	0.684415640845
2.7139869868511823	0.00816386	0.675097289058
2.7157323161031766	0.006742181	0.670368664654
2.7174776453551712	0.009489006	0.67306879063
2.7192229746071654	0.01073978	0.674854195944
2.7209683038591597	0.007877715	0.672332500129
2.7227136331111543	0.007543514	0.675208399402
2.7244589623631486	0.009617172	0.683723369373
2.7262042916151428	0.01083955	0.690405951362
2.7279496208671374	0.01016395	0.69149649322
2.7296949501191317	0.0109087	0.692722208751
2.731440279371126	0.01136744	0.694119319121
2.73318560862312	0.01155286	0.694242683592
2.7349309378751143	0.01143265	0.693419570904
2.736676267127109	0.01154051	0.69615616255
2.738421596379103	0.009983985	0.701194937589
2.7401669256310974	0.009102734	0.706776178196
2.7419122548830916	0.008921741	0.710136806087
2.743657584135086	0.008851537	0.711351916564
2.7454029133870805	0.007230488	0.708386502598
2.7471482426390748	0.006738548	0.702926309902
2.748893571891069	0.00724782	0.696257442882
2.750638901143063	0.007978422	0.690485786251
2.7523842303950574	0.006754314	0.684419677852
2.7541295596470525	0.006585035	0.680989051999
2.7558748888990463	0.008341994	0.680985694325
2.7576202181510405	0.01004628	0.682329970485
2.7593655474030347	0.008021826	0.681067616953
2.761110876655029	0.007498447	0.683111240382
2.762856205907024	0.01098705	0.691670564947
2.7646015351590183	0.01344699	0.701304380113
2.766346864411012	0.009799899	0.705332844458
2.7680921936630063	0.00864039	0.71118160843
2.7698375229150005	0.01331374	0.720704628508
2.7715828521669956	0.01573406	0.723268539557
2.77332818141899	0.01061749	0.712222455944
2.775073510670984	0.008831782	0.701418027274
2.7768188399229783	0.01357161	0.697497057525
2.7785641691749725	0.01558469	0.691212257211
2.780309498426967	0.009973993	0.677663625074
2.7820548276789614	0.008051882	0.671652488892
2.7838001569309556	0.01277358	0.677062473945
2.78554548618295	0.01479101	0.680512505855
2.7872908154349445	0.009191371	0.67522676529
2.7890361446869387	0.007379239	0.676208248599
2.790781473938933	0.01237825	0.687858956585
2.7925268031909276	0.01454227	0.697204510975
2.794272132442922	0.008991309	0.69730155811
2.796017461694916	0.00735116	0.701262402043
2.7977627909469107	0.01219288	0.710653830939
2.799508120198905	0.01397649	0.711424814636
2.801253449450899	0.008597184	0.698036391184
2.8029987787028934	0.006964891	0.686478490589
2.8047441079548876	0.01087279	0.682870569028
2.8064894372068823	0.01223095	0.678403388442
2.8082347664588765	0.007593586	0.66976623516
2.8099800957108707	0.006411872	0.670939377312
2.811725424962865	0.01045402	0.684010791952
2.813470754214859	0.01259954	0.695380680744
2.815216083466854	0.008789192	0.697482596967
2.816961412718848	0.008341116	0.703028305452
2.8187067419708423	0.01365414	0.715286772148
2.8204520712228365	0.01651832	0.722132341577
2.8221974004748307	0.012292	0.71784301506
2.8239427297268254	0.0114865	0.716294614692
2.8256880589788196	0.01607338	0.719584835207
2.827433388230814	0.01727924	0.715064521527
2.829178717482808	0.01209203	0.698995681853
2.8309240467348022	0.01039821	0.686532011521
2.832669375986797	0.01230112	0.681559457589
2.834414705238791	0.01207864	0.677005389842
2.8361600344907854	0.009024468	0.671697727598
2.8379053637427796	0.008662222	0.674620646391
2.839650692994774	0.009383855	0.683239182099
2.8413960222467685	0.009930008	0.689596549661
2.8431413514987627	0.009871061	0.690470147642
2.844886680750757	0.01090775	0.691142374479
2.8466320100027516	0.01190276	0.691902160621
2.848377339254746	0.01343489	0.692383025375
2.8501226685067405	0.01404998	0.692642805208
2.8518679977587347	0.01518553	0.695981494986
2.853613327010729	0.01609937	0.699846731446
2.855358656262723	0.01665994	0.70160975246
2.8571039855147173	0.01598302	0.699352263323
2.858849314766712	0.0157803	0.695572125104
2.8605946440187062	0.01404846	0.690682862019
2.8623399732707004	0.0126285	0.689116668683
2.8640853025226947	0.01298818	0.693511325819
2.865830631774689	0.01337435	0.703244035674
2.867575961026684	0.009899399	0.712815485743
2.869321290278678	0.008705388	0.722209726463
2.8710666195306724	0.01161407	0.728151941197
2.872811948782666	0.0126264	0.724872260328
2.8745572780346604	0.008532705	0.709922099773
2.8763026072866555	0.007761831	0.692986899973
2.8780479365386498	0.01075353	0.679535681086
2.879793265790644	0.0118202	0.668894554721
2.881538595042638	0.009118684	0.660054884079
2.8832839242946324	0.009144895	0.660157264165
2.885029253546627	0.01198614	0.66891924882
2.8867745827986213	0.01359367	0.678110248158
2.8885199120506155	0.01075598	0.68190205157
2.8902652413026098	0.01040162	0.69002688068
2.892010570554604	0.01550708	0.706367245161
2.8937558998065986	0.01883016	0.720894231895
2.895501229058593	0.01412212	0.726120167096
2.897246558310587	0.0139002	0.734499634326
2.8989918875625813	0.02261596	0.74750504123
2.9007372168145755	0.02589612	0.747599951695
2.90248254606657	0.01729156	0.728008584884
2.9042278753185644	0.01469599	0.709443872546
2.9059732045705586	0.02113315	0.698810384246
2.907718533822553	0.02092414	0.682816540318
2.909463863074547	0.01104563	0.65976718663
2.9112091923265417	0.007897777	0.649807080213
2.912954521578536	0.01205818	0.65510244641
2.91469985083053	0.01205778	0.659788795127
2.916445180082525	0.005623605	0.659153283281
2.918190509334519	0.004343807	0.669177105391
2.9199358385865133	0.009491304	0.691728277073
2.921681167838508	0.01187213	0.711562990936
2.923426497090502	0.006864215	0.721176378623
2.9251718263424964	0.00699964	0.734370917952
2.9269171555944906	0.01591165	0.751683626985
2.9286624848464853	0.02011937	0.754548454597
2.9304078140984795	0.01312478	0.73657013173
2.9321531433504737	0.01242	0.720324756009
2.933898472602468	0.02157177	0.713738299743
2.935643801854462	0.02331257	0.700931995234
2.937389131106457	0.01314553	0.678396840886
2.939134460358451	0.01045249	0.669385622517
2.9408797896104453	0.01711179	0.676569393254
2.9426251188624395	0.01749101	0.678097338228
2.9443704481144337	0.008648405	0.668031345316
2.946115777366429	0.006966017	0.669465711075
2.9478611066184226	0.01392349	0.686732468337
2.949606435870417	0.01605262	0.700276146776
2.951351765122411	0.009078528	0.704044397631
2.9530970943744053	0.008763915	0.718123266488
2.9548424236264004	0.01798036	0.741955174736
2.9565877528783946	0.02123374	0.75104138259
2.9583330821303884	0.01310662	0.738219774719
2.9600784113823826	0.0121751	0.727246087523
2.961823740634377	0.02091643	0.723724534605
2.963569069886372	0.02204219	0.711325947996
2.965314399138366	0.01240177	0.689714317854
2.9670597283903604	0.01045217	0.682167753788
2.968805057642354	0.01640943	0.689413901603
2.970550386894349	0.01661279	0.691783271384
2.9722957161463435	0.009913976	0.684200824418
2.9740410453983377	0.00928199	0.683949208863
2.975786374650332	0.01414622	0.692563519324
2.977531703902326	0.01545544	0.696241040091
2.9792770331543204	0.01058631	0.692416285188
2.981022362406315	0.01024102	0.698809747856
2.9827676916583092	0.0164467	0.716868062782
2.9845130209103035	0.018781	0.728119985431
2.986258350162298	0.01211137	0.725219082476
2.9880036794142923	0.01148249	0.727152428832
2.9897490086662866	0.01993839	0.737052674568
2.9914943379182812	0.02157613	0.736349130399
2.9932396671702755	0.01207815	0.721819911963
2.9949849964222697	0.01033093	0.717042426594
2.996730325674264	0.01720011	0.723974152014
2.9984756549262586	0.01715209	0.722760906709
3.000220984178253	0.0094118	0.710615032353
3.001966313430247	0.009144692	0.70776265012
3.0037116426822412	0.01456353	0.714246000403
3.0054569719342354	0.01617164	0.714880859026
3.00720230118623	0.01363045	0.708195550946
3.0089476304382243	0.01515768	0.708891922168
3.0106929596902186	0.01949642	0.715378486114
3.0124382889422128	0.02122821	0.715332496776
3.014183618194207	0.01803119	0.706651169167
3.0159289474462017	0.0175059	0.702995109469
3.017674276698196	0.02080452	0.706233155658
3.01941960595019	0.02079473	0.707244017119
3.0211649352021843	0.01438554	0.703847358116
3.0229102644541785	0.01255996	0.708335536625
3.024655593706173	0.01606022	0.719696030907
3.0264009229581674	0.01549426	0.725309707515
3.0281462522101616	0.009461911	0.722029450049
3.029891581462156	0.008757758	0.723328649058
3.03163691071415	0.01200256	0.730304651744
3.0333822399661448	0.01245325	0.733556831336
3.035127569218139	0.009992682	0.73150273436
3.036872898470133	0.0110344	0.73540656486
3.0386182277221274	0.01385729	0.74343115945
3.040363556974122	0.01536129	0.744601787604
3.0421088862261163	0.01418897	0.736488248309
3.0438542154781105	0.01487477	0.731480306217
3.045599544730105	0.01751441	0.731261451797
3.0473448739820994	0.01841557	0.728056177678
3.0490902032340936	0.01496428	0.720581422088
3.0508355324860883	0.01448191	0.719757033372
3.0525808617380825	0.01750446	0.723740135291
3.0543261909900767	0.01759678	0.722767599714
3.056071520242071	0.01336357	0.716081370158
3.057816849494065	0.01332658	0.714541638361
3.05956217874606	0.01577953	0.717793186219
3.0613075079980545	0.0161033	0.721318966617
3.0630528372500487	0.01536979	0.724931514672
3.0647981665020425	0.01696603	0.731641807755
3.0665434957540367	0.01711369	0.736479045156
3.068288825006032	0.0178423	0.737796168194
3.070034154258026	0.02034827	0.736496864814
3.0717794835100203	0.02108601	0.735844652968
3.0735248127620145	0.01769458	0.737300325267
3.0752701420140083	0.01687183	0.74422365909
3.0770154712660034	0.01746315	0.753873340852
3.0787608005179976	0.01577649	0.764167064498
3.080506129769992	0.01294474	0.771907711666
3.082251459021986	0.01221999	0.773757995255
3.0839967882739803	0.01003829	0.767318105226
3.085742117525975	0.009172371	0.761813862835
3.087487446777969	0.01126883	0.762082292126
3.0892327760299634	0.01210793	0.764076525533
3.0909781052819576	0.009366545	0.764459757296
3.092723434533952	0.01072482	0.768454817304
3.0944687637859465	0.01459514	0.770669748636
3.0962140930379407	0.01639421	0.764010169722
3.097959422289935	0.01793869	0.753108423003
3.099704751541929	0.02148136	0.750048575006
3.1014500807939234	0.02143521	0.756888960303
3.103195410045918	0.02278926	0.776489905887
3.1049407392979123	0.02899683	0.805917819546
3.1066860685499065	0.03015448	0.82914323523
3.1084313978019007	0.02169544	0.830564145304
3.1101767270538954	0.01964057	0.817451231477
3.1119220563058896	0.02475848	0.798498012909
3.113667385557884	0.02196171	0.778519432695
3.1154127148098785	0.01212802	0.774785076477
3.1171580440618727	0.01046466	0.81082663697
3.118903373313867	0.01300628	0.87646431828
3.1206487025658616	0.01157876	0.936912396564
3.122394031817856	0.009635756	0.96274538914
3.12413936106985	0.01093781	0.938769727356
3.1258846903218442	0.01175637	0.864739741779
3.1276300195738385	0.01398567	0.779917310505
3.129375348825833	0.01808388	0.753831378454
3.1311206780778273	0.0218351	0.849491395278
3.1328660073298216	0.02776614	1.10598358992
3.134611336581816	0.03439238	1.52917256779
3.13635666583381	0.03784485	2.06158672092
3.1381019950858047	0.04411603	2.57134046752
3.139847324337799	0.08081819	2.94534106066
3.141592653589793	0.2284187	3.21626984628