# 13C(3P)-CO2, ground-state PES; differential cross sections (mgacesa, Sep 1 2021)
# theta(rad)                 elastic CS                total CS (both in units of 1E-16 cm^2)
0.	5.46338e6	5.523718968878601e6
0.0017453292519943296	3.150595e6	3.18632478228e6
0.003490658503988659	489609.7	508193.238191
0.005235987755982989	143300.4	154217.26846
0.006981317007977318	84859.76	94798.5546689
0.008726646259971648	67111.89	87515.6239153
0.010471975511965978	58066.51	67829.0858889
0.012217304763960306	27687.81	37150.9559918
0.013962634015954637	34952.03	47253.5531534
0.015707963267948967	18930.69	26518.3877978
0.017453292519943295	13969.88	21082.8640235
0.019198621771937624	8402.474	16251.4991429
0.020943951023931956	8737.832	15056.6204464
0.022689280275926284	6002.523	9902.4511878
0.024434609527920613	2331.006	7314.97605387
0.02617993877991494	5276.129	10592.4750111
0.027925268031909273	3588.075	6709.08794203
0.029670597283903602	1535.771	4313.60787803
0.031415926535897934	1642.473	4908.59764288
0.03316125578789226	1288.678	4036.53183442
0.03490658503988659	698.8438	2504.60755345
0.03665191429188092	27.25817	1579.25313233
0.03839724354387525	340.9964	1899.75863034
0.04014257279586957	363.103	1412.74936534
0.04188790204786391	58.82541	937.133529255
0.043633231299858244	51.40605	945.941011411
0.04537856055185257	154.1184	757.211362807
0.0471238898038469	103.0632	525.879516545
0.048869219055841226	3.623661	481.679479229
0.05061454830783556	129.033	620.581715202
0.05235987755982988	111.1027	407.700909727
0.054105206811824215	49.45734	228.283261297
0.05585053606381855	105.1002	356.473477531
0.05759586531581287	23.38695	270.056328688
0.059341194567807204	10.67014	178.090395554
0.061086523819801536	14.2295	144.294362301
0.06283185307179587	14.2754	159.175901811
0.0645771823237902	74.23811	225.345043441
0.06632251157578452	32.48416	157.425368052
0.06806784082777885	16.83269	145.011524051
0.06981317007977318	39.36227	164.982684215
0.0715584993317675	2.098627	108.370654176
0.07330382858376185	2.356284	113.139735742
0.07504915783575618	3.520589	107.115624128
0.0767944870877505	0.6770562	96.9129064031
0.07853981633974483	17.26172	120.880709286
0.08028514559173915	7.949189	113.073732606
0.08203047484373349	15.34468	125.10993899
0.08377580409572782	17.03937	115.247169974
0.08552113334772216	2.511573	82.0353246536
0.08726646259971649	10.08066	94.67817505
0.0890117918517108	3.538552	90.0818976398
0.09075712110370514	1.396354	82.034252246
0.09250245035569946	13.79157	91.1892838454
0.0942477796076938	7.912332	75.6788444602
0.09599310885968813	18.41145	82.788080258
0.09773843811168245	19.39992	85.0952007466
0.09948376736367678	4.428346	66.3113428513
0.10122909661567112	10.13652	68.2565235828
0.10297442586766545	5.798506	58.5551010195
0.10471975511965977	4.427219	55.8102193406
0.10646508437165408	19.79422	75.6727450657
0.10821041362364843	13.39662	70.5025133244
0.10995574287564278	14.5683	70.0115124076
0.1117010721276371	17.03938	67.5096051638
0.11344640137963143	4.028243	52.7051001234
0.11519173063162574	6.715347	59.874855956
0.11693705988362009	8.558098	62.6591343929
0.11868238913561441	3.912763	57.3451966728
0.12042771838760875	12.22258	63.3436385092
0.12217304763960307	8.889638	55.272070543
0.12391837689159739	4.0353	52.6017486505
0.12566370614359174	5.075245	55.2818743946
0.12740903539558604	0.2912837	47.5982275547
0.1291543646475804	0.3976286	46.4376147903
0.13089969389957473	2.362973	44.7002206404
0.13264502315156904	0.3960372	41.6128514133
0.1343903524035634	3.00575	47.8121179196
0.1361356816555577	1.849496	45.4089642685
0.13788101090755206	2.35775	44.048344858
0.13962634015954636	2.854285	43.1620915537
0.1413716694115407	0.5058918	38.2470016112
0.143116998663535	2.097762	41.9438139831
0.14486232791552936	1.812485	43.6642879791
0.1466076571675237	0.8493654	41.2609424682
0.148352986419518	5.268045	44.6463177591
0.15009831567151236	3.834626	40.5341418385
0.15184364492350666	4.738772	40.0632031543
0.153588974175501	5.819232	42.666578559
0.15533430342749535	1.014469	37.9970798874
0.15707963267948966	1.631707	37.7615747691
0.158824961931484	3.339665	37.4852674928
0.1605702911834783	2.222711	33.5893894357
0.16231562043547265	6.961559	37.5901595766
0.16406094968746698	5.447669	36.149992557
0.16580627893946132	2.069448	33.2244801984
0.16755160819145565	3.18211	34.1302388803
0.16929693744344995	1.10175	30.4993188927
0.1710422666954443	1.631081	30.469201686
0.17278759594743864	5.015072	33.5560494034
0.17453292519943298	2.594515	31.1127882436
0.17627825445142728	3.08563	32.7810953152
0.1780235837034216	3.119897	32.4828413949
0.17976891295541597	0.9296125	30.0933563421
0.18151424220741028	1.692064	31.4601060416
0.1832595714594046	1.419496	30.3140511715
0.1850049007113989	0.3092899	29.1136342637
0.18675022996339327	1.851015	30.90735708
0.1884955592153876	1.194459	29.252287435
0.1902408884673819	1.479523	29.7534338185
0.19198621771937627	1.254984	29.1255152184
0.19373154697137057	0.01084956	26.3950936092
0.1954768762233649	0.3401884	26.4467621847
0.19722220547535924	0.2734598	25.754487352
0.19896753472735357	0.1822201	25.0990064023
0.20071286397934793	1.709751	26.8028161658
0.20245819323134223	0.7994087	24.7789516632
0.20420352248333656	1.225558	24.3765768561
0.2059488517353309	1.559833	24.6483464017
0.20769418098732523	0.3868923	23.2132401162
0.20943951023931953	0.9566076	24.1965720818
0.2111848394913139	1.228987	24.4248166633
0.21293016874330817	0.5357356	22.8840580745
0.21467549799530256	2.220968	24.4181069813
0.21642082724729686	1.844585	23.8570377463
0.2181661564992912	1.593433	23.6675286123
0.21991148575128555	1.958968	24.3139401496
0.22165681500327983	0.5059239	22.3190488502
0.2234021442552742	0.4538603	21.6909947126
0.22514747350726852	1.605231	22.3739794077
0.22689280275926285	1.127994	21.2747933733
0.22863813201125716	2.462379	22.5229294869
0.2303834612632515	2.050429	21.8377163042
0.23212879051524585	0.3348297	19.7766953239
0.23387411976724018	0.5994694	19.7870797916
0.23561944901923448	0.4998306	18.8971374081
0.23736477827122882	0.5528685	18.4355668484
0.23911010752322315	2.212567	19.9954014163
0.2408554367752175	1.28194	19.018181001
0.24260076602721184	0.5705661	18.9695159816
0.24434609527920614	0.6649154	19.2199722677
0.24609142453120048	0.1147042	18.0824642534
0.24783675378319478	0.4960755	18.2470628011
0.24958208303518917	1.084089	18.5836938751
0.25132741228718347	0.3442885	18.1431989117
0.2530727415391778	0.5965891	19.4493709833
0.2548180707911721	0.4926259	19.3805025131
0.2565634000431664	0.5925538	18.9986548568
0.2583087292951608	0.7057578	18.6303242366
0.26005405854715513	0.1489434	17.3156082382
0.26179938779914946	0.01795945	17.2652494695
0.26354471705114374	0.4018357	18.0908577118
0.26529004630313807	0.3979129	17.7049428908
0.26703537555513246	1.331769	18.1054614848
0.2687807048071268	0.8867737	16.8467490917
0.27052603405912107	0.09023687	15.2381899199
0.2722713633111154	0.3384889	15.4418829084
0.27401669256310973	0.2358703	15.3611909615
0.2757620218151041	0.452865	15.325887445
0.2775073510670984	1.477945	16.0055958757
0.2792526803190927	0.7139168	14.6602282051
0.28099800957108706	0.4677467	14.2563201223
0.2827433388230814	0.6391338	14.6637353224
0.2844886680750758	0.1970882	14.4481201268
0.28623399732707	0.4946992	14.9317860588
0.2879793265790644	0.8842697	15.1152826914
0.2897246558310587	0.3044462	14.3118160933
0.29146998508305305	0.717362	15.0340399609
0.2932153143350474	0.6633682	15.2569634588
0.29496064358704166	0.4655678	15.337917548
0.296705972839036	0.633187	15.5771426769
0.2984513020910304	0.2942792	14.762568952
0.3001966313430247	0.1383113	14.4319182574
0.30194196059501904	0.7233282	15.2457931325
0.3036872898470133	0.5545805	15.093596267
0.30543261909900765	0.8539417	15.3486735358
0.307177948351002	0.7402205	14.7169582111
0.3089232776029963	0.08770509	13.2793020189
0.3106686068549907	0.1663446	13.195140606
0.312413936106985	0.4067021	13.6089694237
0.3141592653589793	0.2778081	13.5614366763
0.31590459461097364	0.8104477	13.8944248355
0.317649923862968	0.4854258	12.7107809852
0.3193952531149623	0.08460429	11.5759280226
0.3211405823669566	0.1542079	11.5965573109
0.32288591161895097	0.03640375	11.8027470957
0.3246312408709453	0.08355766	12.2916657369
0.32637657012293964	0.4649882	12.5911781856
0.32812189937493397	0.1788682	11.5754081513
0.32986722862692824	0.3240874	11.2810633462
0.33161255787892263	0.2919197	11.2372898572
0.33335788713091696	0.1368913	11.4318192488
0.3351032163829113	0.3223349	12.1294144542
0.3368485456349056	0.3188096	12.052052412
0.3385938748868999	0.18888	11.4884190437
0.3403392041388943	0.6533682	11.8258596035
0.3420845333908886	0.4809265	11.6757410432
0.3438298626428829	0.4796865	11.9222278162
0.3455751918948773	0.5815184	12.198860601
0.34732052114687156	0.2281835	11.5316321483
0.34906585039886595	0.1943523	11.2346706168
0.3508111796508603	0.5560926	11.7046635579
0.35255650890285456	0.3234014	11.7182308465
0.3543018381548489	0.4992398	12.165909307
0.3560471674068432	0.4097204	11.8631178369
0.35779249665883756	0.03528608	10.8644753356
0.35953782591083194	0.06212681	10.5640500505
0.3612831551628262	0.1506909	10.8388867905
0.36302848441482055	0.06776877	11.3267690287
0.3647738136668149	0.3870786	12.0870553862
0.3665191429188092	0.1995701	11.5222432709
0.3682644721708036	0.1197551	10.6374068612
0.3700098014227978	0.1659085	10.1417928051
0.3717551306747922	0.02937996	10.103220578
0.37350045992678654	0.1621177	10.9843213084
0.3752457891787809	0.4790712	11.8531853803
0.3769911184307752	0.278698	11.3231317203
0.3787364476827695	0.4827612	10.7411384968
0.3804817769347638	0.4287426	9.99363250167
0.38222710618675815	0.1582691	9.71019206336
0.38397243543875254	0.3429394	10.5818901255
0.38571776469074687	0.4822769	11.1663950947
0.38746309394274114	0.3017147	10.7073870794
0.3892084231947355	0.5795663	10.2976811948
0.3909537524467298	0.3956237	9.45313102027
0.39269908169872414	0.1530072	9.23801698933
0.39444441095071847	0.2416872	9.87623184352
0.3961897402027128	0.1998219	10.0503303371
0.39793506945470714	0.1040399	9.60518853313
0.3996803987067014	0.3082223	9.13158255444
0.40142572795869585	0.1304998	8.43924132353
0.4031710572106902	0.1041568	8.65721240152
0.40491638646268446	0.08807946	9.20973577851
0.4066617157146788	0.001136536	9.27441072824
0.4084070449666731	0.01987349	8.87989721324
0.41015237421866746	0.08601156	8.19052104103
0.4118977034706618	0.03418599	7.7345196691
0.41364303272265607	0.2581216	8.41424857046
0.41538836197465046	0.1706278	9.06553063244
0.41713369122664473	0.1388596	9.39414391746
0.41887902047863906	0.1919884	9.1326688866
0.4206243497306334	0.08582693	8.22612529842
0.4223696789826278	0.1420719	7.86004941767
0.4241150082346221	0.4721392	8.61348560039
0.42586033748661634	0.3364714	9.2768789864
0.4276056667386108	0.3777521	9.9261985216
0.4293509959906051	0.3630234	9.79672312619
0.4310963252425994	0.1194715	8.81354580915
0.4328416544945937	0.2017078	8.36733832756
0.43458698374658805	0.4688634	8.7563761458
0.4363323129985824	0.3248674	9.198867742
0.4380776422505767	0.421218	9.92312490746
0.4398229715025711	0.3188721	9.84058952902
0.44156830075456543	0.0604815	8.99941294157
0.44331363000655966	0.1148235	8.47094174746
0.445058959258554	0.2410535	8.38675695815
0.4468042885105484	0.1428474	8.53968089272
0.4485496177625427	0.2632687	9.08987740166
0.45029494701453704	0.1319431	8.99103957398
0.45204027626653137	0.00438529	8.47665537079
0.4537856055185257	0.02337928	7.98660952195
0.45553093477052004	0.02770364	7.64091499276
0.4572762640225143	0.01509392	7.66318249797
0.45902159327450864	0.1216686	7.9788033542
0.460766922526503	0.02639192	7.88009788975
0.4625122517784973	0.1051126	7.75217762546
0.4642575810304917	0.09512313	7.39116893798
0.466002910282486	0.03354237	7.04718851719
0.46774823953448036	0.1062639	7.12588015417
0.46949356878647464	0.1627518	7.27441451031
0.47123889803846897	0.1097243	7.20894176509
0.47298422729046335	0.3395562	7.36911982622
0.47472955654245763	0.2802836	7.12786922464
0.47647488579445196	0.1820217	6.9190454488
0.4782202150464463	0.2903485	7.115488063
0.4799655442984406	0.2801917	7.18191802869
0.481710873550435	0.228122	7.14159467721
0.48345620280242924	0.4683925	7.3811834099
0.4852015320544237	0.3366513	7.1778338988
0.48694686130641796	0.2129371	7.09327310903
0.4886921905584123	0.2915799	7.33766630959
0.4904375198104066	0.2418149	7.38767294941
0.49218284906240095	0.1783559	7.36574043393
0.4939281783143953	0.3309441	7.51291714264
0.49567350756638956	0.174696	7.29485717978
0.4974188368183839	0.08237601	7.26546246516
0.49916416607037833	0.1027643	7.41471244859
0.5009094953223726	0.06800806	7.45290316749
0.5026548245743669	0.02974316	7.45589192022
0.5044001538263613	0.0898633	7.47540114562
0.5061454830783556	0.01211128	7.30500631739
0.5078908123303499	0.04411335	7.33256958041
0.5096361415823442	0.01756026	7.29460072755
0.5113814708343386	0.02145048	7.26638575992
0.5131268000863328	0.02761203	7.26099177892
0.5148721293383272	0.01263855	7.18433422447
0.5166174585903216	0.04860765	7.16098398702
0.5183627878423159	0.2286395	7.33029713997
0.5201081170943103	0.1633412	7.17082297958
0.5218534463463045	0.1758865	7.07075391673
0.5235987755982989	0.1978133	7.01758063042
0.5253441048502933	0.1079757	6.86927519241
0.5270894341022875	0.1816751	6.99271727708
0.5288347633542818	0.41811	7.33403244951
0.5305800926062761	0.3058536	7.20487456197
0.5323254218582705	0.289247	7.11744986397
0.5340707511102649	0.2975406	7.03801743135
0.5358160803622593	0.1656669	6.86378153172
0.5375614096142536	0.1977306	7.0500203983
0.5393067388662478	0.3776606	7.47786026792
0.5410520681182421	0.2347959	7.47589580046
0.5427973973702365	0.1954165	7.48035394178
0.5445427266222308	0.1891052	7.40415671079
0.5462880558742251	0.08969347	7.25056269022
0.5480333851262195	0.08335238	7.40938036119
0.5497787143782138	0.1718404	7.79736076606
0.5515240436302082	0.06162584	7.94032241742
0.5532693728822025	0.05051135	8.06318266104
0.5550147021341968	0.03321079	7.97323658485
0.5567600313861911	0.008818622	7.82218393982
0.5585053606381855	0.001159367	7.85549664956
0.5602506898901798	0.02039624	8.07415899849
0.5619960191421741	0.001811974	8.31121736231
0.5637413483941685	0.06880607	8.54868740285
0.5654866776461628	0.0338488	8.43988568314
0.5672320068981571	0.05827098	8.26439748982
0.5689773361501516	0.0502476	8.10685872443
0.5707226654021459	0.01134008	8.04655675743
0.57246799465414	0.07478621	8.24250349849
0.5742133239061344	0.2206443	8.52520033282
0.5759586531581288	0.1645052	8.41833519263
0.5777039824101231	0.1920735	8.26346097729
0.5794493116621174	0.1644675	7.98809918128
0.5811946409141118	0.06678219	7.67809601052
0.5829399701661061	0.145244	7.71229740978
0.5846852994181004	0.3170467	7.90836440902
0.5864306286700948	0.2458133	7.77906661055
0.5881759579220891	0.2604158	7.68923554881
0.5899212871740833	0.217641	7.45853289323
0.5916666164260777	0.08977389	7.1054998842
0.593411945678072	0.1290757	7.02325997606
0.5951572749300664	0.2637613	7.08000433706
0.5969026041820608	0.1879317	6.89474949125
0.598647933434055	0.1976375	6.83870878818
0.6003932626860494	0.1606391	6.7246066935
0.6021385919380438	0.05819874	6.52618391959
0.6038839211900381	0.05802302	6.48026964489
0.6056292504420324	0.1285644	6.48510698651
0.6073745796940266	0.06586923	6.30347619879
0.609119908946021	0.08281794	6.25313490481
0.6108652381980153	0.05544216	6.20406652329
0.6126105674500096	0.01477192	6.18699963928
0.614355896702004	0.004949856	6.24389325793
0.6161012259539983	0.0243764	6.28014200985
0.6178465552059926	0.002812949	6.19826752829
0.6195918844579871	0.04327539	6.18063790319
0.6213372137099814	0.00786242	6.12577495499
0.6230825429619757	0.01722608	6.20111945686
0.62482787221397	0.01345529	6.30967439155
0.6265732014659643	0.001664504	6.35755449942
0.6283185307179586	0.04075603	6.3804933439
0.630063859969953	0.1250737	6.39994709285
0.6318091892219473	0.06686333	6.2791751436
0.6335545184739416	0.08583425	6.34074441656
0.635299847725936	0.07915592	6.43418966013
0.6370451769779303	0.037997	6.44743715375
0.6387905062299246	0.1201573	6.51020438387
0.6405358354819191	0.250903	6.52151521164
0.6422811647339132	0.1726551	6.27651787162
0.6440264939859075	0.1719674	6.22694407394
0.6457718232379019	0.1552505	6.26137090091
0.6475171524898963	0.083512	6.23860860846
0.6492624817418906	0.1583296	6.3022181436
0.6510078109938849	0.3023511	6.28323810846
0.6527531402458793	0.2147432	5.91236392722
0.6544984694978736	0.1925942	5.70146318875
0.6562437987498679	0.1780507	5.64580692488
0.6579891280018623	0.0989373	5.61138258204
0.6597344572538565	0.1286648	5.68613613202
0.6614797865058508	0.2392662	5.67531952436
0.6632251157578453	0.1525565	5.27061594276
0.6649704450098396	0.1228272	4.93832734001
0.6667157742618339	0.1222826	4.77964477577
0.6684611035138281	0.07228951	4.74425605586
0.6702064327658226	0.06400502	4.85644739099
0.6719517620178169	0.1222505	4.92354750736
0.6736970912698113	0.05344511	4.63254972281
0.6754424205218056	0.0355301	4.29832651582
0.6771877497737998	0.03809625	4.04897366785
0.6789330790257941	0.02709128	3.98445311806
0.6806784082777886	0.01183064	4.12458555413
0.6824237375297829	0.03258139	4.30620130154
0.6841690667817772	0.002257096	4.25090863889
0.6859143960337715	0.0181747	4.0658663611
0.6876597252857658	0.003325004	3.78421192194
0.6894050545377601	0.005935086	3.65071577227
0.6911503837897546	0.002245104	3.75239832002
0.6928957130417489	0.005044618	3.98883322388
0.6946410422937431	0.01326272	4.16753973944
0.6963863715457375	0.07304126	4.22511386473
0.6981317007977319	0.03573956	4.01264031069
0.6998770300497262	0.02483638	3.83004260262
0.7016223593017206	0.03468938	3.83922727617
0.7033676885537148	0.02814297	4.0094960154
0.7051130178057091	0.04638064	4.27523154031
0.7068583470577035	0.1324825	4.52154794519
0.7086036763096978	0.08277915	4.43643322605
0.7103490055616921	0.05457652	4.2767065513
0.7120943348136864	0.07779122	4.2203250651
0.7138396640656808	0.06917926	4.26376811988
0.7155849933176751	0.0679079	4.45175713316
0.7173303225696696	0.147416	4.72801313474
0.7190756518216639	0.09466559	4.7189511403
0.7208209810736581	0.06043184	4.60863961699
0.7225663103256524	0.09583855	4.54094003177
0.7243116395776468	0.09528696	4.49203902039
0.7260569688296411	0.07081363	4.55180966772
0.7278022980816354	0.1243907	4.74804602232
0.7295476273336298	0.07235192	4.73082883642
0.7312929565856241	0.04194084	4.63082193557
0.7330382858376184	0.08175055	4.55218515776
0.7347836150896128	0.09277178	4.45006979322
0.7365289443416072	0.06152137	4.41464360627
0.7382742735936013	0.09313872	4.52913416327
0.7400196028455956	0.04362677	4.49315413503
0.7417649320975901	0.0211209	4.39280694865
0.7435102613495844	0.05550452	4.28847454898
0.7452555906015788	0.07192221	4.13427278981
0.7470009198535731	0.04934608	4.02088113244
0.7487462491055674	0.07259136	4.07074155424
0.7504915783575618	0.0255422	4.04552699856
0.7522369076095561	0.01096353	3.99384927517
0.7539822368615504	0.0362643	3.90959811894
0.7557275661135446	0.05052727	3.7352659488
0.757472895365539	0.04237178	3.55892935697
0.7592182246175333	0.06742099	3.52949130115
0.7609635538695276	0.01935319	3.4906645228
0.7627088831215221	0.009088557	3.4997729798
0.7644542123735163	0.02837784	3.49232172364
0.7661995416255106	0.03836653	3.37806930225
0.7679448708775051	0.04483287	3.21691573997
0.7696902001294994	0.07737233	3.13559572685
0.7714355293814937	0.02300837	3.03633044066
0.773180858633488	0.009642387	3.03900058421
0.7749261878854823	0.02796055	3.07960151795
0.7766715171374766	0.03663893	3.05073421861
0.778416846389471	0.05645811	2.98507871121
0.7801621756414654	0.1011695	2.94406778487
0.7819075048934596	0.03758276	2.81216080018
0.783652834145454	0.01130117	2.76623448829
0.7853981633974483	0.03126998	2.78962123955
0.7871434926494427	0.0423574	2.77981219009
0.7888888219014369	0.07052904	2.77767313792
0.7906341511534312	0.1307616	2.81352862698
0.7923794804054256	0.06291563	2.71226981581
0.7941248096574199	0.01780301	2.65989383566
0.7958701389094143	0.03877297	2.68369154437
0.7976154681614087	0.05259993	2.65802477012
0.7993607974134028	0.07512177	2.6255266292
0.8011061266653973	0.1463113	2.6609835516
0.8028514559173917	0.08833017	2.5730044918
0.8045967851693859	0.03113082	2.53627926334
0.8063421144213804	0.05321585	2.61973382668
0.8080874436733746	0.06832661	2.64089360449
0.8098327729253689	0.06525257	2.57203415268
0.8115781021773633	0.1296526	2.54609631509
0.8133234314293576	0.09496856	2.40996795496
0.815068760681352	0.04336892	2.32515692371
0.8168140899333463	0.06952516	2.42870835131
0.8185594191853405	0.08852865	2.53174334216
0.8203047484373349	0.05035016	2.49785894738
0.8220500776893291	0.0863722	2.46569387221
0.8237954069413236	0.07585913	2.31423341915
0.8255407361933178	0.04361953	2.14684754571
0.8272860654453121	0.07293536	2.15589705405
0.8290313946973066	0.1008242	2.25056865317
0.8307767239493009	0.04057943	2.25384586441
0.8325220532012952	0.04210644	2.28350510784
0.8342673824532895	0.04622955	2.22806941575
0.8360127117052839	0.03374739	2.06973798351
0.8377580409572781	0.05631757	1.96225933637
0.8395033702092726	0.09084956	1.94461235927
0.8412486994612668	0.0333594	1.89677281614
0.8429940287132611	0.01484188	1.94355822886
0.8447393579652556	0.02480674	2.01089387354
0.8464846872172498	0.02559763	1.97620373844
0.8482300164692442	0.03110741	1.86433612354
0.8499753457212387	0.0615868	1.76554027006
0.8517206749732327	0.0225242	1.6296815057
0.8534660042252271	0.003337984	1.59773880307
0.8552113334772216	0.01441648	1.6757997312
0.8569566627292158	0.02356605	1.74632539099
0.8587019919812102	0.01267273	1.72435046795
0.8604473212332044	0.0307454	1.66664403971
0.8621926504851988	0.01054669	1.53266361662
0.8639379797371932	0.0005147725	1.42738177457
0.8656833089891874	0.008089612	1.41059277957
0.8674286382411819	0.0216436	1.46074332476
0.8691739674931761	0.004310108	1.48577068218
0.8709192967451703	0.01099639	1.50978665814
0.8726646259971648	0.003436805	1.47459781067
0.8744099552491592	0.003574967	1.40535295643
0.8761552845011534	0.002839072	1.33005846038
0.8779006137531478	0.01498356	1.30353937362
0.8796459430051422	0.00104402	1.2874789962
0.8813912722571364	0.00306429	1.31276416448
0.8831366015091309	0.001775877	1.33954090918
0.8848819307611251	0.01059905	1.35483455294
0.8866272600131193	0.0007307826	1.31794887334
0.8883725892651138	0.005875052	1.28641228998
0.890117918517108	0.0004886477	1.24956433296
0.8918632477691024	0.004412259	1.23110970682
0.8936085770210968	0.001734279	1.21940578814
0.895353906273091	0.01565654	1.23956196708
0.8970992355250854	0.002473765	1.23479227589
0.8988445647770799	0.0003392616	1.24585471553
0.9005898940290741	0.005136552	1.26533350319
0.9023352232810685	0.01598173	1.27294395589
0.9040805525330627	0.002496214	1.22752707364
0.905825881785057	0.01230376	1.19633017394
0.9075712110370514	0.004873542	1.15539662598
0.9093165402890457	0.00169401	1.1467826071
0.9110618695410401	0.01418733	1.19260991892
0.9128071987930344	0.03598629	1.26485960244
0.9145525280450286	0.00942012	1.2626987214
0.9162978572970231	0.004820366	1.24227257527
0.9180431865490173	0.008567439	1.19429198207
0.9197885158010117	0.01072416	1.13335130841
0.921533845053006	0.01847354	1.10692519663
0.9232791743050003	0.04846733	1.15864113381
0.9250245035569946	0.02245078	1.18875766558
0.9267698328089891	0.006470147	1.22674191887
0.9285151620609834	0.02223053	1.25805681785
0.9302604913129776	0.03265893	1.22777618673
0.932005820564972	0.0160866	1.13357530801
0.9337511498169663	0.03651675	1.09553692312
0.9354964790689607	0.02862568	1.08273444136
0.9372418083209549	0.01842612	1.11909452592
0.9389871375729493	0.04305601	1.2089056641
0.9407324668249436	0.06575292	1.27041458324
0.9424777960769379	0.02283584	1.20576029779
0.9442231253289324	0.01454879	1.1327181151
0.9459684545809267	0.02558257	1.07979711512
0.9477137838329208	0.03058407	1.05784721763
0.9494591130849153	0.04790307	1.09661852696
0.9512044423369097	0.08139094	1.1874751921
0.9529497715889039	0.04284308	1.19686178913
0.9546951008408984	0.01563365	1.17354032592
0.9564404300928926	0.0339201	1.15151371194
0.9581857593448869	0.04729725	1.10629577571
0.9599310885968813	0.03211554	1.04619576022
0.9616764178488756	0.05497424	1.07176685362
0.96342174710087	0.05176646	1.11417891736
0.9651670763528643	0.03946158	1.15204628777
0.9669124056048585	0.05668934	1.1882872065
0.9686577348568529	0.07383789	1.18368057423
0.9704030641088474	0.02808718	1.08421040637
0.9721483933608416	0.01772846	1.0271933233
0.9738937226128359	0.04157767	1.04498388869
0.9756390518648302	0.0575421	1.09366819738
0.9773843811168246	0.06246645	1.14233184287
0.979129710368819	0.08309051	1.19257571407
0.9808750396208132	0.05044005	1.15116260248
0.9826203688728075	0.02258578	1.08049947589
0.9843656981248019	0.04183189	1.05386911171
0.9861110273767961	0.06599702	1.05887541892
0.9878563566287906	0.04346133	1.05135375109
0.9896016858807848	0.05320628	1.10436031728
0.9913470151327791	0.06794238	1.15997108536
0.9930923443847736	0.06419601	1.16390264728
0.9948376736367678	0.06270825	1.13085684492
0.9965830028887622	0.07678128	1.09622208861
0.9983283321407567	0.03826781	1.02009432437
1.0000736613927508	0.02293456	1.0053308307
1.0018189906447452	0.0630412	1.08330806722
1.0035643198967397	0.09396805	1.16303890341
1.0053096491487339	0.07272068	1.16757685497
1.0070549784007283	0.07588528	1.15747166393
1.0088003076527225	0.06399304	1.09916362211
1.0105456369047168	0.04272801	1.02961629143
1.0122909661567112	0.06056613	1.02696331777
1.0140362954087054	0.09519559	1.08221039616
1.0157816246606999	0.06138582	1.09549790819
1.017526953912694	0.05307341	1.12941514315
1.0192722831646883	0.0873884	1.17117455172
1.0210176124166828	0.09450329	1.14897458136
1.0227629416686772	0.0721305	1.07777128565
1.0245082709206714	0.08333434	1.05156994646
1.0262536001726656	0.05913729	1.0246146748
1.02799892942466	0.04163569	1.03797219849
1.0297442586766543	0.08638641	1.12195326417
1.0314895879286488	0.1219609	1.18377131958
1.0332349171806432	0.07696441	1.13558056019
1.0349802464326374	0.06499237	1.09204391988
1.0367255756846319	0.0766651	1.06407494904
1.038470904936626	0.06902273	1.0325583396
1.0402162341886205	0.07694544	1.03939999282
1.041961563440615	0.1081396	1.09366888329
1.043706892692609	0.07098176	1.08923330825
1.0454522219446034	0.04947368	1.08729534333
1.0471975511965979	0.08899537	1.12126186491
1.048942880448592	0.1062456	1.11421543756
1.0506882097005865	0.07072335	1.04483034963
1.0524335389525807	0.07508572	1.02509313332
1.054178868204575	0.07244907	1.02152959046
1.0559241974565694	0.05947233	1.02779775285
1.0576695267085636	0.08478344	1.07881689543
1.059414855960558	0.112469	1.12692518047
1.0611601852125523	0.06493599	1.07952138648
1.0629055144645467	0.04733134	1.04101482442
1.064650843716541	0.08019809	1.04347009012
1.0663961729685354	0.09109808	1.03018525
1.0681415022205298	0.07567322	1.0085759435
1.069886831472524	0.0885277	1.03905402404
1.0716321607245185	0.06712414	1.04646731137
1.0733774899765127	0.04668064	1.05020808728
1.0751228192285072	0.07921514	1.08827946926
1.0768681484805014	0.1070508	1.09805646433
1.0786134777324956	0.0667429	1.02485971925
1.08035880698449	0.05924916	0.990578214736
1.0821041362364843	0.0811699	1.00429422125
1.0838494654884787	0.07901256	1.01966195607
1.085594794740473	0.07300678	1.04900785609
1.0873401239924672	0.09053747	1.0968848685
1.0890854532444616	0.06047737	1.07226210131
1.0908307824964558	0.04466243	1.03682892998
1.0925761117484503	0.08798876	1.04274203843
1.0943214410004447	0.1117364	1.03336225853
1.096066770252439	0.0709081	0.986561103531
1.0978120995044334	0.06390514	1.00232210812
1.0995574287564276	0.06743174	1.0404736619
1.101302758008422	0.05748178	1.06197170706
1.1030480872604165	0.07533494	1.08682716384
1.1047934165124107	0.1054678	1.09139578751
1.106538745764405	0.06778212	1.01230927577
1.1082840750163994	0.04992083	0.961114364066
1.1100294042683936	0.08325229	0.983551152154
1.111774733520388	0.08982577	1.01311685078
1.1135200627723822	0.05991206	1.02695810892
1.1152653920243765	0.06780034	1.06770319579
1.117010721276371	0.06197561	1.06319798408
1.1187560505283651	0.0525558	1.02504570903
1.1205013797803596	0.0842954	1.01003366265
1.1222467090323538	0.1062959	0.996585370961
1.1239920382843482	0.05779995	0.947282854315
1.1257373675363425	0.04068476	0.960674245376
1.127482696788337	0.06409809	1.02436293415
1.1292280260403311	0.06880606	1.05919594469
1.1309733552923256	0.06482382	1.05537410769
1.13271868454432	0.08356104	1.04286285406
1.1344640137963142	0.06246857	0.979787166126
1.1362093430483085	0.04481965	0.935443160972
1.1379546723003031	0.07264943	0.964511744665
1.1397000015522971	0.086979	1.01001288597
1.1414453308042918	0.04861678	1.01518172839
1.143190660056286	0.04603736	1.0407174254
1.14493598930828	0.06500286	1.05557538938
1.1466813185602747	0.06615864	1.02787170502
1.1484266478122689	0.07057415	0.99553982329
1.1501719770642633	0.08511315	0.987621314297
1.1519173063162575	0.05197262	0.961766618952
1.1536626355682518	0.03477867	0.977902465946
1.1554079648202462	0.06719228	1.0473413788
1.1571532940722404	0.08337216	1.08636102424
1.1588986233242349	0.05581475	1.05568634474
1.160643952576229	0.05846928	1.02928096329
1.1623892818282235	0.06315994	0.996887004607
1.1641346110802178	0.05447463	0.969582464889
1.1658799403322122	0.06630254	0.990250727523
1.1676252695842066	0.08262901	1.03789565162
1.1693705988362009	0.04705849	1.03899892173
1.171115928088195	0.03518196	1.04507344218
1.1728612573401895	0.06663516	1.06211480092
1.1746065865921838	0.07590244	1.03768887933
1.1763519158441782	0.05480265	0.983437368692
1.1780972450961724	0.06000615	0.972704631213
1.1798425743481666	0.05174663	0.974671398614
1.181587903600161	0.04024674	0.993897293289
1.1833332328521553	0.06113446	1.04367447739
1.18507856210415	0.07666099	1.06955237409
1.186823891356144	0.04088348	1.01945525802
1.1885692206081382	0.03251928	0.976805494263
1.1903145498601329	0.05622236	0.962447823051
1.192059879112127	0.06003008	0.948891879477
1.1938052083641215	0.04911016	0.950319244675
1.1955505376161157	0.05687156	0.989792372662
1.19729586686811	0.04062126	1.00461358463
1.1990411961201044	0.02876175	1.00479580867
1.2007865253720988	0.05201165	1.00823860604
1.2025318546240933	0.06583525	0.980106303907
1.2042771838760875	0.03524294	0.910820046401
1.2060225131280817	0.03135976	0.891325500069
1.2077678423800762	0.04900471	0.921999899479
1.2095131716320704	0.04914617	0.961065480707
1.2112585008840648	0.04357148	0.996010073687
1.213003830136059	0.05187604	1.01548316241
1.2147491593880533	0.03242873	0.970297979956
1.2164944886400477	0.02278401	0.914280845078
1.218239817892042	0.04898953	0.895064296698
1.2199851471440364	0.06186858	0.893496673558
1.2217304763960306	0.03390151	0.894980005087
1.2234758056480248	0.03121995	0.941631709858
1.2252211349000193	0.04193312	0.988442620723
1.2269664641520137	0.03867628	0.993366472824
1.228711793404008	0.03981199	0.966444104069
1.2304571226560024	0.05022445	0.924660528727
1.2322024519079966	0.02814615	0.861496269138
1.233947781159991	0.01973102	0.847042444631
1.2356931104119853	0.04469588	0.898840622558
1.23743843966398	0.05322217	0.957602624637
1.2391837689159741	0.02914876	0.979256818315
1.2409290981679681	0.02870763	0.984412998186
1.2426744274199628	0.03255637	0.949632021643
1.244419756671957	0.02758475	0.891209049425
1.2461650859239515	0.03376972	0.85743011372
1.2479104151759457	0.0432082	0.863268906327
1.24965574442794	0.02048586	0.878627433743
1.2514010736799344	0.0143273	0.925168011711
1.2531464029319286	0.03586063	0.977032265588
1.254891732183923	0.04139694	0.978896544382
1.2566370614359172	0.02244299	0.926418316214
1.2583823906879115	0.0224539	0.877563044105
1.260127719939906	0.02052567	0.84009380615
1.2618730491919004	0.01525064	0.83642438379
1.2636183784438946	0.0252845	0.87841412807
1.265363707695889	0.03565187	0.930158569877
1.2671090369478832	0.01552045	0.939571577649
1.2688543661998777	0.01102746	0.93370871908
1.270599695451872	0.02712985	0.915207341952
1.2723450247038663	0.02782941	0.873804132084
1.2740903539558606	0.01281145	0.833277042773
1.2758356832078548	0.01519002	0.834157170671
1.2775810124598492	0.01121614	0.852345279141
1.2793263417118435	0.008861546	0.886653476705
1.2810716709638381	0.02342339	0.928172575198
1.2828170002158321	0.03137303	0.937779319422
1.2845623294678263	0.01014375	0.894813986665
1.286307658719821	0.004887412	0.854802887296
1.288052987971815	0.01325697	0.832179454203
1.2897983172238097	0.01246678	0.826128790189
1.2915436464758039	0.009192671	0.846197641307
1.293288975727798	0.01646751	0.886728760942
1.2950343049797925	0.009148211	0.902705359622
1.296779634231787	0.006313454	0.904632237548
1.2985249634837812	0.01612236	0.897983438021
1.3002702927357757	0.01736614	0.870707895985
1.3020156219877699	0.002170783	0.833025736664
1.3037609512397643	0.002097834	0.828088086375
1.3055062804917585	0.006011614	0.842452830434
1.307251609743753	0.007371179	0.866082092037
1.3089969389957472	0.01056519	0.894033799768
1.3107422682477414	0.0146033	0.908192502503
1.3124875974997359	0.004434776	0.887578487923
1.31423292675173	0.001300853	0.866407603201
1.3159782560037245	0.005774488	0.853281560622
1.3177235852557188	0.007296005	0.842285650275
1.319468914507713	0.002409459	0.839188581129
1.3212142437597074	0.005732414	0.857405105581
1.3229595730117016	0.005876907	0.872723473487
1.324704902263696	0.00563276	0.886149261994
1.3264502315156905	0.006881073	0.895910353505
1.3281955607676847	0.008214688	0.888698605645
1.3299408900196792	0.0004194704	0.859190350029
1.3316862192716734	0.0002217603	0.841657609424
1.3334315485236679	0.005027195	0.838170257766
1.335176877775662	0.007650102	0.844073038921
1.3369222070276563	0.00513531	0.85907128884
1.338667536279651	0.007456293	0.881228270714
1.3404128655316452	0.00396882	0.886276366329
1.3421581947836396	0.002165321	0.883502068029
1.3439035240356338	0.005796162	0.876371483373
1.345648853287628	0.008674529	0.858366435867
1.3473941825396225	0.00145063	0.832236738216
1.3491395117916167	0.002862364	0.829111424802
1.3508848410436112	0.007924233	0.843880614872
1.3526301702956054	0.008987817	0.865283654627
1.3543754995475996	0.007880096	0.885444033069
1.356120828799594	0.01033587	0.896358100431
1.3578661580515883	0.003131162	0.87948595871
1.3596114873035827	0.001057921	0.856665912975
1.3613568165555772	0.009182725	0.842997093866
1.3631021458075714	0.01325042	0.834836290889
1.3648474750595658	0.005605963	0.830619889348
1.36659280431156	0.008092384	0.851374605371
1.3683381335635545	0.01257969	0.879896642087
1.3700834628155487	0.01169873	0.895630550064
1.371828792067543	0.01147819	0.894991053396
1.3735741213195374	0.01363961	0.880916004036
1.3753194505715316	0.003575504	0.845762448639
1.3770647798235263	0.002501923	0.82290053903
1.3788101090755203	0.01667997	0.83170012005
1.3805554383275145	0.02294867	0.852344599712
1.3823007675795091	0.01294094	0.867255175838
1.3840460968315031	0.01369551	0.892130780411
1.3857914260834978	0.01594339	0.903990499773
1.387536755335492	0.01140024	0.8848087917
1.3892820845874863	0.01268189	0.854436662006
1.3910274138394807	0.01816093	0.831346978881
1.392772743091475	0.007673856	0.809544515577
1.3945180723434694	0.008917668	0.822216814959
1.3962634015954638	0.02876108	0.870167589652
1.398008730847458	0.03202925	0.899154251832
1.3997540600994525	0.01411692	0.887057883712
1.4014993893514467	0.01140033	0.869636438582
1.4032447186034411	0.01185041	0.842945880534
1.4049900478554354	0.008573018	0.812156932106
1.4067353771074296	0.01880883	0.809359758682
1.408480706359424	0.0293214	0.827993726838
1.4102260356114182	0.01542892	0.834751490183
1.4119713648634127	0.01389269	0.854170954071
1.413716694115407	0.0310259	0.881193842217
1.4154620233674011	0.0282746	0.869450155829
1.4172073526193956	0.009041762	0.826353991032
1.4189526818713898	0.009550383	0.802813923847
1.4206980111233842	0.01338189	0.793627049546
1.4224433403753785	0.01557176	0.799194974511
1.424188669627373	0.03063294	0.831976293127
1.4259339988793673	0.03926367	0.861048755859
1.4276793281313616	0.02093728	0.85250456693
1.429424657383356	0.01464616	0.840667374697
1.4311699866353502	0.02727255	0.834708815554
1.4329153158873444	0.02515577	0.81106594878
1.434660645139339	0.01190901	0.786572228614
1.436405974391333	0.01873025	0.797648532658
1.4381513036433278	0.02909207	0.823106859935
1.439896632895322	0.03274774	0.844797759834
1.4416419621473162	0.04041337	0.862076469765
1.4433872913993107	0.04123042	0.85762327699
1.4451326206513049	0.02021924	0.821495559586
1.4468779499032993	0.01226164	0.797423645492
1.4486232791552935	0.02763536	0.802764743608
1.4503686084072878	0.03293568	0.81138838015
1.4521139376592822	0.02354415	0.816271341854
1.4538592669112764	0.03073205	0.837232448823
1.4556045961632709	0.04126374	0.854204119934
1.457349925415265	0.03716506	0.847836943192
1.4590952546672595	0.03218493	0.831310462015
1.460840583919254	0.02920907	0.814910709901
1.4625859131712482	0.01310864	0.792089080162
1.4643312424232426	0.01074012	0.789715149368
1.4660765716752369	0.03293914	0.817348982064
1.467821900927231	0.04117806	0.836449364855
1.4695672301792255	0.0254563	0.829617532753
1.4713125594312197	0.02533356	0.830173189826
1.4730578886832144	0.03360537	0.832298047468
1.4748032179352084	0.02584039	0.813565789041
1.4765485471872026	0.01834346	0.793967865416
1.4782938764391973	0.02053373	0.791571777754
1.4800392056911913	0.01212621	0.787909714736
1.481784534943186	0.01357044	0.797901929101
1.4835298641951802	0.03722562	0.829824013704
1.4852751934471744	0.04251957	0.838960479046
1.4870205226991688	0.0200004	0.811782180906
1.488765851951163	0.01623027	0.798702456509
1.4905111812031575	0.02615631	0.800640104065
1.4922565104551517	0.02083367	0.790914532695
1.4940018397071462	0.01678258	0.787927475184
1.4957471689591406	0.02392338	0.800994048433
1.4974924982111348	0.01952042	0.801557298916
1.4992378274631293	0.02082444	0.804401532254
1.5009831567151235	0.04016507	0.823123704365
1.5027284859671177	0.0402738	0.820920188167
1.5044738152191122	0.01562122	0.794427371988
1.5062191444711064	0.01153578	0.791304606119
1.5079644737231008	0.0231905	0.803680982839
1.509709802975095	0.02216055	0.801239552386
1.5114551322270893	0.02104639	0.798461918839
1.5132004614790837	0.02814497	0.804470181021
1.514945790731078	0.02406184	0.801703520801
1.5166911199830724	0.02153267	0.805784543858
1.5184364492350666	0.03196522	0.824369869007
1.520181778487061	0.02898307	0.825615776841
1.5219271077390553	0.009120306	0.805330058565
1.5236724369910497	0.007575976	0.79878827149
1.5254177662430441	0.02065222	0.80452408601
1.5271630954950384	0.02218626	0.803207873018
1.5289084247470326	0.01891961	0.803328208871
1.5306537539990273	0.02245337	0.813129057734
1.5323990832510213	0.02015057	0.819020378252
1.534144412503016	0.01575093	0.822326531002
1.5358897417550101	0.01944172	0.828893727546
1.5376350710070041	0.01753013	0.826089993033
1.5393804002589988	0.004620714	0.809444571466
1.541125729510993	0.005015049	0.801783308925
1.5428710587629875	0.01921746	0.808306384284
1.5446163880149817	0.02198784	0.810180547014
1.546361717266976	0.01453208	0.808397141649
1.5481070465189704	0.01547018	0.820192389114
1.5498523757709646	0.01697553	0.833939992602
1.551597705022959	0.01165637	0.832988871686
1.5533430342749532	0.01098523	0.825718913421
1.5550883635269477	0.01163741	0.8150293328
1.556833692778942	0.003688623	0.795821407579
1.5585790220309363	0.005848011	0.790886596115
1.5603243512829308	0.02288109	0.809547739622
1.562069680534925	0.02496357	0.819461928338
1.5638150097869192	0.01110676	0.81364956566
1.5655603390389137	0.009142149	0.818169664015
1.567305668290908	0.01198365	0.823571007139
1.5690509975429023	0.006539536	0.813482161067
1.5707963267948966	0.008491882	0.80611125553
1.5725416560468908	0.01364305	0.802190545515
1.5742869852988854	0.006877485	0.788657392373
1.5760323145508797	0.009377379	0.788835930338
1.5777776438028739	0.02565788	0.809147613177
1.579522973054868	0.02237705	0.81404038724
1.5812683023068623	0.00494991	0.804960306376
1.583013631558857	0.002824922	0.80879127872
1.5847589608108512	0.005792664	0.812753530975
1.5865042900628454	0.005075155	0.806266796576
1.5882496193148399	0.01451995	0.805858221123
1.589994948566834	0.0205684	0.803385182499
1.5917402778188285	0.01148491	0.790376531995
1.593485607070823	0.01021953	0.790825398695
1.5952309363228174	0.01834686	0.806848719258
1.5969762655748114	0.01208726	0.812719454121
1.5987215948268056	0.001130617	0.813420781075
1.6004669240788003	0.003321955	0.821989429807
1.6022122533307945	0.009317929	0.825763268722
1.6039575825827892	0.01290504	0.818001391918
1.6057029118347834	0.01941498	0.808705663617
1.6074482410867772	0.01994564	0.797556803766
1.6091935703387719	0.0109583	0.788289102222
1.610938899590766	0.005953141	0.795158380272
1.6126842288427607	0.00932757	0.817322207564
1.614429558094755	0.008229657	0.834131477471
1.6161748873467492	0.003707113	0.837481514508
1.6179202165987434	0.00851095	0.833461441198
1.6196655458507379	0.01919198	0.82279362207
1.6214108751027323	0.0194908	0.800933651121
1.6231562043547265	0.01381317	0.781835694598
1.624901533606721	0.01102734	0.780990808611
1.6266468628587152	0.006390158	0.794509180502
1.6283921921107094	0.002859015	0.813673808005
1.630137521362704	0.01097019	0.835920930577
1.6318828506146983	0.01467977	0.841012273783
1.6336281798666925	0.006890447	0.819577807843
1.6353735091186867	0.009849102	0.795758688931
1.637118838370681	0.02302695	0.783557387454
1.6388641676226756	0.01899294	0.768844405801
1.6406094968746698	0.007601635	0.763581205203
1.642354826126664	0.007174022	0.783587254249
1.6441001553786583	0.007309376	0.808674878009
1.6458454846306525	0.006732169	0.820299072362
1.6475908138826472	0.01817391	0.824550265328
1.6493361431346414	0.0219405	0.808164051252
1.6510814723866356	0.01044274	0.771696794827
1.6528268016386303	0.01129662	0.752965954531
1.6545721308906243	0.02514107	0.763434085279
1.6563174601426187	0.02061291	0.772395088422
1.6580627893946132	0.008182	0.782393911558
1.6598081186466074	0.01027817	0.805225212401
1.6615534478986018	0.01562725	0.819002286778
1.6632987771505963	0.01557308	0.810557835728
1.6650441064025905	0.02311914	0.798291298073
1.6667894356545847	0.02535371	0.779854369598
1.668534764906579	0.01424135	0.758600570961
1.6702800941585736	0.01341239	0.763283303929
1.6720254234105678	0.02682315	0.793961612688
1.673770752662562	0.02297259	0.811183574608
1.6755160819145563	0.008793163	0.812091862411
1.6772614111665505	0.01093329	0.813914934159
1.6790067404185451	0.02070468	0.81005175241
1.6807520696705394	0.01967446	0.792991018762
1.6824973989225336	0.02021208	0.782373934709
1.684242728174528	0.02218204	0.781624736006
1.6859880574265222	0.01685653	0.783712395176
1.6877333866785167	0.01466014	0.792544380013
1.6894787159305111	0.02340962	0.808666906315
1.6912240451825054	0.02059871	0.809134791605
1.6929693744344996	0.007368454	0.794152850624
1.6947147036864938	0.009546702	0.786780200901
1.6964600329384885	0.02550806	0.790131409637
1.6982053621904827	0.0258529	0.781488374178
1.6999506914424773	0.01793973	0.769483173107
1.7016960206944716	0.02072562	0.772881082519
1.7034413499464653	0.02528315	0.782855253568
1.70518667919846	0.02042659	0.783890125869
1.7069320084504542	0.02142639	0.786927630655
1.708677337702449	0.02160794	0.784877849265
1.7104226669544431	0.01245172	0.769989338504
1.7121679962064373	0.01576526	0.7645486147
1.7139133254584316	0.03726566	0.778296891686
1.7156586547104258	0.03704776	0.775584215129
1.7174039839624204	0.0193936	0.760507615534
1.7191493132144147	0.02034689	0.766001757406
1.7208946424664089	0.03059906	0.781611363681
1.7226399717184033	0.02354827	0.779659364873
1.7243853009703975	0.01946715	0.778347405929
1.726130630222392	0.02308313	0.780571828822
1.7278759594743864	0.02025535	0.772552047378
1.7296212887263807	0.02238884	0.767368436699
1.7313666179783749	0.03801004	0.777041908992
1.733111947230369	0.03456237	0.772820687346
1.7348572764823638	0.01535304	0.760185701319
1.736602605734358	0.01447721	0.770302678943
1.7383479349863522	0.02767916	0.793209091215
1.7400932642383464	0.02346507	0.793144335344
1.7418385934903406	0.01524115	0.781458358748
1.7435839227423353	0.02029242	0.774614423926
1.7453292519943295	0.02761892	0.767980278096
1.7470745812463238	0.02612125	0.760236947824
1.7488199104983184	0.02787263	0.766017679668
1.7505652397503124	0.02580722	0.774258982622
1.7523105690023069	0.01551562	0.777193704024
1.7540558982543013	0.01421151	0.785329510104
1.7558012275062955	0.02862808	0.799201162006
1.75754655675829	0.02768612	0.789515631959
1.7592918860102844	0.01448838	0.763934976268
1.7610372152622786	0.01922478	0.754930777262
1.7627825445142729	0.0353343	0.763363932997
1.764527873766267	0.03020318	0.763206193611
1.7662732030182617	0.01985755	0.76702224908
1.768018532270256	0.02081041	0.782786952081
1.7697638615222502	0.02142331	0.792423682039
1.7715091907742444	0.01940126	0.78797683084
1.7732545200262386	0.02881132	0.783536873829
1.7749998492782333	0.02894235	0.765179153693
1.7767451785302275	0.0162822	0.738477162307
1.7784905077822217	0.01833686	0.737544257061
1.780235837034216	0.03495135	0.76358599359
1.7819811662862104	0.02935644	0.77377829323
1.7837264955382048	0.01394261	0.77238352635
1.785471824790199	0.01668805	0.779526244045
1.7872171540421935	0.02695558	0.781760403229
1.7889624832941877	0.02306362	0.763467426282
1.790707812546182	0.02097238	0.748869002475
1.7924531417981766	0.02199434	0.741657473417
1.7941984710501708	0.01785189	0.73767365775
1.7959438003021653	0.01695609	0.748320375215
1.7976891295541597	0.02781651	0.77508608834
1.7994344588061535	0.02481195	0.783132147863
1.8011797880581482	0.0110348	0.773948796697
1.8029251173101424	0.01305911	0.772310927276
1.804670446562137	0.02715674	0.775722913721
1.8064157758141313	0.02187082	0.761584973683
1.8081611050661255	0.0108333	0.748935723905
1.8099064343181197	0.01341948	0.753989806961
1.811651763570114	0.02031654	0.767796359072
1.8133970928221086	0.01781745	0.777004909272
1.8151424220741028	0.01917944	0.788338802308
1.816887751326097	0.01942562	0.79073149119
1.8186330805780915	0.01401181	0.781348956462
1.8203784098300857	0.01322243	0.773298679989
1.8221237390820801	0.02278823	0.774544163541
1.8238690683340746	0.01892057	0.763932432617
1.8256143975860688	0.007169012	0.749732903785
1.827359726838063	0.01031243	0.754373713934
1.8291050560900572	0.02459381	0.772791402317
1.830850385342052	0.02148618	0.775309866818
1.8325957145940461	0.01302924	0.771450578695
1.8343410438460404	0.0151004	0.770997483886
1.8360863730980346	0.01935732	0.765394688897
1.8378317023500288	0.01435956	0.75047191804
1.8395770316020235	0.01456539	0.744639062789
1.8413223608540177	0.01344895	0.739777612088
1.843067690106012	0.007262183	0.735790575639
1.8448130193580066	0.009103035	0.747346655284
1.8465583486100006	0.02245804	0.77078314066
1.848303677861995	0.01900934	0.772239425788
1.8500490071139892	0.006796886	0.760953443628
1.8517943363659837	0.008106102	0.75791814991
1.8535396656179781	0.01651617	0.759053840633
1.8552849948699723	0.01013725	0.750672067268
1.8570303241219668	0.004333023	0.749610032106
1.858775653373961	0.005774125	0.755960874416
1.8605209826259552	0.008191041	0.764171761061
1.8622663118779499	0.008292604	0.773807696943
1.864011641129944	0.0136297	0.787353482115
1.8657569703819383	0.01249166	0.786755307723
1.8675022996339325	0.007183669	0.776362820843
1.8692476288859268	0.006286364	0.767940536305
1.8709929581379214	0.01158141	0.765234942695
1.8727382873899157	0.007351508	0.756534677479
1.8744836166419099	0.001041581	0.75341459357
1.876228945893904	0.003333318	0.76325461972
1.8779742751458985	0.01298181	0.78014091085
1.879719604397893	0.01182893	0.784349847659
1.8814649336498872	0.007657607	0.77988636333
1.8832102629018816	0.008597983	0.768771519456
1.8849555921538759	0.01142512	0.75426348024
1.88670092140587	0.006376433	0.740121889382
1.8884462506578648	0.005133843	0.741092703061
1.890191579909859	0.003855117	0.748095279314
1.8919369091618534	0.0008930302	0.758307099898
1.8936822384138474	0.002439062	0.772324418669
1.8954275676658416	0.01211723	0.784335429289
1.8971728969178363	0.00941975	0.773405338009
1.8989182261698305	0.00185665	0.754157467669
1.9006635554218252	0.002646257	0.743415945549
1.9024088846738194	0.007876186	0.744136587772
1.9041542139258136	0.002990683	0.748645287134
1.9058995431778079	0.0002977385	0.762893049342
1.907644872429802	0.0004843512	0.773172036912
1.9093902016817967	0.001714252	0.775065636727
1.911135530933791	0.001819198	0.771289973772
1.9128808601857852	0.00546294	0.767922617119
1.9146261894377794	0.00484072	0.757934243332
1.9163715186897738	0.004630451	0.752459625268
1.9181168479417683	0.003728794	0.752844737055
1.9198621771937625	0.004405316	0.75768893358
1.921607506445757	0.0018761	0.760073503056
1.9233528356977512	0.0006975447	0.765046960535
1.9250981649497454	0.00002908071	0.766863377193
1.92684349420174	0.004358071	0.768328905089
1.9285888234537343	0.003778476	0.764931703273
1.9303341527057285	0.00158502	0.760849914198
1.9320794819577227	0.002351339	0.755909127073
1.933824811209717	0.00721686	0.757793017605
1.9355701404617116	0.003409001	0.761669254813
1.9373154697137058	0.0001607503	0.769657672437
1.9390607989657	7.669052e-6	0.773142172819
1.9408061282176947	0.001592177	0.77124314496
1.9425514574696887	0.00009189604	0.761396626059
1.9442967867216832	0.002535539	0.753955540694
1.9460421159736774	0.001459082	0.749943344427
1.9477874452256718	0.0007096069	0.756845135427
1.9495327744776663	0.001361501	0.766444596486
1.9512781037296605	0.004983414	0.773295800309
1.953023432981655	0.003414947	0.768514173912
1.9547687622336491	0.002858536	0.756651076449
1.9565140914856434	0.001621331	0.736273378127
1.958259420737638	0.002915075	0.72286994942
1.9600047499896323	0.001040928	0.722296713462
1.9617500792416265	0.0002270413	0.735661475818
1.9634954084936207	0.0007797901	0.751578086028
1.965240737745615	0.006314254	0.768113434266
1.9669860669976096	0.00488315	0.769348286967
1.9687313962496038	0.002022239	0.757320702946
1.970476725501598	0.002461542	0.741058678559
1.9722220547535922	0.0063456	0.731059976856
1.9739673840055865	0.002571927	0.720398638219
1.9757127132575811	0.001010954	0.723198157379
1.9774580425095754	0.0006504583	0.743194022798
1.9792033717615696	0.001035442	0.771979960378
1.980948701013564	0.000843457	0.790095304571
1.9826940302655582	0.006292027	0.798200126143
1.9844393595175527	0.005029635	0.787020854541
1.9861846887695471	0.001922943	0.761758560073
1.9879300180215416	0.003423202	0.734444135323
1.9896753472735356	0.009885139	0.722446966708
1.9914206765255298	0.005533063	0.71989719374
1.9931660057775245	0.0004165709	0.73413052332
1.9949113350295187	0.001511363	0.76345558217
1.9966566642815133	0.0074664	0.793325749575
1.9984019935335076	0.00531179	0.794122214445
2.0001473227855016	0.004623996	0.772064930361
2.0018926520374962	0.006378653	0.739871938425
2.0036379812894904	0.00955382	0.710421761204
2.0053833105414847	0.007546538	0.686987785369
2.0071286397934793	0.008608601	0.689390015722
2.0088739690454736	0.006388277	0.713728321259
2.0106192982974678	0.003507028	0.747250613838
2.012364627549462	0.003312566	0.772209462437
2.0141099568014567	0.01016137	0.785172573123
2.015855286053451	0.007289869	0.77019518648
2.017600615305445	0.001962269	0.739401765425
2.0193459445574393	0.005468192	0.715486179053
2.0210912738094335	0.01572055	0.710385479827
2.022836603061428	0.01089804	0.70627091409
2.0245819323134224	0.004317737	0.715890873877
2.0263272615654166	0.006647586	0.747526221816
2.028072590817411	0.01238114	0.784265745434
2.029817920069405	0.007998137	0.79493695526
2.0315632493213998	0.007630048	0.789177414239
2.033308578573394	0.008007475	0.769592224905
2.035053907825388	0.007331944	0.740016238839
2.036799237077383	0.008608104	0.712314991972
2.0385445663293766	0.01745804	0.708879341445
2.0402898955813713	0.01394043	0.716972752081
2.0420352248333655	0.006334612	0.736330771558
2.0437805540853597	0.009252174	0.767072423856
2.0455258833373544	0.0190702	0.793580600501
2.0472712125893486	0.01189345	0.782521724021
2.049016541841343	0.003697631	0.752478685275
2.050761871093337	0.007288598	0.72937461694
2.0525072003453313	0.01613819	0.717713104375
2.054252529597326	0.01302799	0.703043092637
2.05599785884932	0.01212359	0.703462712562
2.0577431881013144	0.01486229	0.721314075808
2.0594885173533086	0.01765467	0.744343229017
2.0612338466053033	0.01526083	0.755810693475
2.0629791758572975	0.01741909	0.763660293934
2.0647245051092917	0.01328869	0.757335807973
2.0664698343612864	0.007010719	0.739427951569
2.0682151636132806	0.008713025	0.722805967428
2.069960492865275	0.02041558	0.719036608857
2.0717058221172695	0.01631972	0.708198075202
2.0734511513692637	0.008308027	0.705302043453
2.075196480621258	0.01510676	0.729676484787
2.076941809873252	0.02814501	0.766293150247
2.0786871391252464	0.01909688	0.773919101788
2.080432468377241	0.008814927	0.768545671327
2.0821777976292353	0.01049777	0.765483537923
2.08392312688123	0.01467891	0.756740526289
2.0856684561332237	0.01043833	0.7336714442
2.087413785385218	0.01403273	0.722835116179
2.0891591146372126	0.01562978	0.721658815242
2.090904443889207	0.01466659	0.727326472042
2.0926497731412015	0.01910952	0.742038694964
2.0943951023931957	0.02997251	0.764355279077
2.0961404316451895	0.0224477	0.764330901693
2.097885760897184	0.01067016	0.752009121102
2.0996310901491784	0.01232976	0.745601774903
2.101376419401173	0.02183211	0.741534095352
2.1031217486531673	0.01464562	0.71543622406
2.1048670779051615	0.008696096	0.692547826025
2.1066124071571557	0.0167751	0.695035357677
2.10835773640915	0.02961441	0.714939282259
2.1101030656611446	0.02535024	0.724646068669
2.111848394913139	0.02037187	0.737601883307
2.113593724165133	0.01997933	0.753625644862
2.1153390534171272	0.01920217	0.759567316613
2.1170843826691215	0.01286164	0.746934761659
2.118829711921116	0.01516208	0.736196611493
2.1205750411731104	0.01251188	0.720433269303
2.1223203704251046	0.007843135	0.707637292031
2.124065699677099	0.01520897	0.714933405216
2.1258110289290935	0.03213819	0.740405787853
2.1275563581810877	0.02522287	0.745926164465
2.129301687433082	0.01279677	0.746758384191
2.1310470166850766	0.01770492	0.763698519428
2.132792345937071	0.02715527	0.77843894939
2.134537675189065	0.0150795	0.757489567596
2.1362830044410597	0.00682799	0.72960059959
2.138028333693054	0.01146834	0.713216233011
2.139773662945048	0.01926729	0.705064917097
2.141518992197043	0.01985975	0.698858353775
2.143264321449037	0.02531016	0.711763603732
2.1450096507010312	0.02577345	0.729705637687
2.1467549799530254	0.02295051	0.74397965603
2.1485003092050197	0.02078589	0.751257937218
2.1502456384570143	0.02404833	0.754456772805
2.1519909677090086	0.01534547	0.735652668949
2.1537362969610028	0.006345379	0.712466192989
2.155481626212997	0.01139832	0.70626608394
2.157226955464991	0.02627094	0.714869808607
2.158972284716986	0.02112497	0.707256748667
2.16071761396898	0.01321263	0.704132963178
2.1624629432209743	0.02085466	0.725564951091
2.1642082724729685	0.03167439	0.754333797691
2.1659536017249628	0.02010053	0.755564290502
2.1676989309769574	0.0107934	0.749834490647
2.1694442602289516	0.01161067	0.744076806059
2.171189589480946	0.01359124	0.730551501314
2.17293491873294	0.01145447	0.709596785936
2.1746802479849343	0.01843964	0.705039430328
2.176425577236929	0.01792214	0.704022950168
2.178170906488923	0.01449558	0.709386060702
2.179916235740918	0.0197941	0.729599400393
2.1816615649929116	0.03063021	0.755598888385
2.183406894244906	0.0206176	0.75241011631
2.1851522234969005	0.00894785	0.739896878145
2.1868975527488947	0.012551	0.738966121757
2.1886428820008894	0.02244693	0.73970389307
2.1903882112528836	0.01434088	0.717013616104
2.192133540504878	0.008807603	0.699104193907
2.193878869756872	0.01603339	0.701933040011
2.1956241990088667	0.0262255	0.716101717244
2.197369528260861	0.0212967	0.720767530606
2.199114857512855	0.01859174	0.73034017628
2.20086018676485	0.01860805	0.73932488166
2.202605516016844	0.01800691	0.740162803225
2.2043508452688383	0.01379524	0.72963104058
2.206096174520833	0.01684984	0.722789630301
2.207841503772827	0.01222995	0.707404588624
2.2095868330248214	0.006803761	0.694386961153
2.2113321622768156	0.01226278	0.699371181705
2.21307749152881	0.02562204	0.718611036954
2.2148228207808045	0.0182736	0.717901485526
2.2165681500327987	0.009089688	0.717534991084
2.218313479284793	0.01597126	0.737203736344
2.220058808536787	0.02654926	0.758330231577
2.2218041377887814	0.01497515	0.747822513824
2.223549467040776	0.006222989	0.73312853419
2.2252947962927703	0.009622479	0.726296667187
2.2270401255447645	0.0151583	0.71938742552
2.2287854547967587	0.01173995	0.706257311527
2.230530784048753	0.01526462	0.708087189344
2.2322761133007476	0.01707325	0.71443462579
2.234021442552742	0.01786024	0.723339120957
2.235766771804736	0.01958313	0.733724436678
2.2375121010567303	0.025193	0.744111618633
2.239257430308725	0.0171042	0.732376676853
2.241002759560719	0.008502699	0.714962840197
2.2427480888127134	0.009841004	0.707721810592
2.2444934180647076	0.01833826	0.708795001101
2.246238747316702	0.01161741	0.693777920762
2.2479840765686965	0.006580957	0.684879569813
2.2497294058206907	0.01553478	0.699201002406
2.251474735072685	0.0285393	0.723858015596
2.253220064324679	0.01978142	0.72721253748
2.254965393576674	0.01122286	0.730583731436
2.256710722828668	0.01328294	0.740526537934
2.2584560520806622	0.01610511	0.742142702202
2.260201381332657	0.007639749	0.723901212232
2.261946710584651	0.00750867	0.711516003512
2.2636920398366454	0.007647831	0.700674844577
2.26543736908864	0.007968733	0.69673521404
2.2671826983406342	0.01379281	0.708763356645
2.2689280275926285	0.02594838	0.733731388097
2.2706733568446227	0.0202101	0.7378142104
2.272418686096617	0.01261732	0.735048585647
2.2741640153486116	0.01558071	0.738810366125
2.2759093446006062	0.02138362	0.738261295185
2.2776546738526	0.00983686	0.711099530551
2.2794000031045942	0.002746088	0.688447099689
2.2811453323565885	0.00897549	0.687359382885
2.2828906616085836	0.02052058	0.699405363631
2.284635990860578	0.01697935	0.701214306972
2.286381320112572	0.01479547	0.709542695545
2.288126649364566	0.01900527	0.72473711795
2.28987197861656	0.02312048	0.734694417869
2.291617307868555	0.01385229	0.724635861899
2.2933626371205493	0.009569306	0.715294684714
2.2951079663725436	0.007039209	0.704565932861
2.2968532956245378	0.005498903	0.696334915395
2.2985986248765315	0.006749033	0.697322319825
2.3003439541285267	0.01647496	0.71324550123
2.302089283380521	0.01258505	0.716587598259
2.303834612632515	0.007937667	0.720536921735
2.3055799418845093	0.01536017	0.738939859324
2.3073252711365035	0.0257643	0.755657736098
2.309070600388498	0.01411232	0.737537369597
2.3108159296404924	0.004727051	0.715861922421
2.3125612588924866	0.00909036	0.710950922696
2.314306588144481	0.01669784	0.712538547451
2.316051917396475	0.009325604	0.702189511567
2.3177972466484698	0.007202654	0.704485932068
2.319542575900464	0.01252526	0.717698767487
2.321287905152458	0.01897691	0.7285535977
2.3230332344044524	0.0150469	0.723044457115
2.324778563656447	0.0149102	0.716509093102
2.3265238929084413	0.01345821	0.704895809483
2.3282692221604355	0.0122987	0.695958775513
2.33001455141243	0.01036042	0.693928801092
2.3317598806644244	0.01435412	0.705180371439
2.3335052099164186	0.008840033	0.708489216146
2.3352505391684133	0.004435193	0.713415897664
2.3369958684204075	0.008991602	0.728477832754
2.3387411976724017	0.01886694	0.74476660071
2.340486526924396	0.01099023	0.732084079945
2.34223185617639	0.004863745	0.717568333877
2.343977185428385	0.01233368	0.722332455467
2.345722514680379	0.02257475	0.732388832906
2.3474678439323733	0.01222154	0.720421417247
2.3492131731843675	0.00527611	0.716985097339
2.3509585024363617	0.009531328	0.729482445682
2.3527038316883564	0.01458796	0.740302135765
2.3544491609403506	0.007352042	0.732801001773
2.356194490192345	0.007321458	0.72662314905
2.357939819444339	0.008968016	0.71469887053
2.3596851486963333	0.01148356	0.701129789281
2.361430477948328	0.01382538	0.692684254682
2.363175807200322	0.02071	0.698715122389
2.3649211364523164	0.01604069	0.701468552813
2.3666664657043106	0.01161584	0.71098325247
2.368411794956305	0.01200307	0.727758633497
2.3701571242083	0.01553676	0.741072759197
2.371902453460294	0.006466177	0.726447285191
2.373647782712288	0.001540191	0.709203426342
2.375393111964282	0.007568421	0.709363936535
2.3771384412162764	0.01908739	0.720192464551
2.3788837704682715	0.01295775	0.712357658417
2.3806290997202657	0.008211833	0.711553150089
2.38237442897226	0.01561291	0.730694035874
2.384119758224254	0.02344163	0.750237656871
2.3858650874762484	0.01068241	0.744881054333
2.387610416728243	0.003527377	0.742746349582
2.3893557459802373	0.005050163	0.742470855782
2.3911010752322315	0.007160978	0.73201063486
2.3928464044842257	0.005501815	0.70999953083
2.39459173373622	0.01289386	0.698778993244
2.3963370629882146	0.01336237	0.689994019555
2.398082392240209	0.01430241	0.695694534415
2.3998277214922035	0.01934563	0.717067775373
2.4015730507441977	0.02464427	0.739233229043
2.403318379996192	0.01407619	0.731519238588
2.4050637092481866	0.006387051	0.714460230895
2.406809038500181	0.006264928	0.704854195053
2.408554367752175	0.01145727	0.703343066468
2.4102996970041692	0.005505787	0.690309846858
2.4120450262561635	0.003690311	0.689235729987
2.413790355508158	0.01277916	0.709971991629
2.4155356847601523	0.02477751	0.734334752967
2.4172810140121466	0.01518416	0.732018285548
2.419026343264141	0.007719175	0.734302046209
2.420771672516135	0.01228369	0.751603432048
2.4225170017681297	0.01619139	0.76142631307
2.424262331020124	0.005331119	0.742500655811
2.426007660272118	0.003613832	0.724573588063
2.4277529895241123	0.005184471	0.709885250046
2.4294983187761066	0.008020664	0.701480664583
2.4312436480281012	0.01208558	0.702537114314
2.4329889772800954	0.02093166	0.717339707993
2.4347343065320897	0.01679729	0.718812856618
2.436479635784084	0.01333789	0.714871664881
2.438224965036078	0.01440568	0.712238888955
2.4399702942880728	0.01718092	0.708683976071
2.441715623540067	0.007082808	0.687240473507
2.443460952792061	0.001880872	0.675730356819
2.4452062820440554	0.006891797	0.686843563427
2.4469516112960497	0.01671385	0.707358194606
2.4486969405480443	0.009607421	0.707565004727
2.4504422698000385	0.005588329	0.714067046551
2.4521875990520328	0.01408201	0.739022010146
2.4539329283040274	0.02295008	0.760715029822
2.4556782575560216	0.0110243	0.74905246283
2.457423586808016	0.004938186	0.737206008488
2.4591689160600105	0.008993241	0.736351660353
2.4609142453120048	0.0131835	0.732657859989
2.462659574563999	0.007726457	0.713602623759
2.464404903815993	0.009978566	0.706381962118
2.466150233067988	0.0111881	0.705192961362
2.467895562319982	0.01304831	0.705649907417
2.4696408915719763	0.01418131	0.70479228443
2.4713862208239705	0.0188973	0.709055198635
2.4731315500759647	0.01251207	0.699268546541
2.47487687932796	0.008305711	0.68999324596
2.476622208579954	0.01134299	0.691940193313
2.4783675378319483	0.0182515	0.701587027773
2.480112867083942	0.009038985	0.695369816964
2.4818581963359363	0.004018493	0.697808818942
2.4836035255879314	0.01194276	0.718482242169
2.4853488548399256	0.02160307	0.738002509327
2.48709418409192	0.01044672	0.726691920205
2.488839513343914	0.004651295	0.718989055895
2.490584842595908	0.01272022	0.732070851157
2.492330171847903	0.02123471	0.746017556515
2.494075501099897	0.01100918	0.731368017509
2.4958208303518914	0.007553631	0.720807993931
2.4975661596038856	0.01435765	0.724049684095
2.49931148885588	0.02098908	0.723387581205
2.5010568181078745	0.01413633	0.702825714374
2.5028021473598687	0.01358391	0.694265430907
2.504547476611863	0.01455416	0.695630687503
2.506292805863857	0.01531264	0.696984072401
2.5080381351158514	0.0136292	0.69330087959
2.509783464367846	0.01814106	0.699453397608
2.5115287936198403	0.01289548	0.700772708314
2.5132741228718345	0.01000853	0.707222715487
2.5150194521238287	0.0158892	0.722344816524
2.516764781375823	0.02439713	0.737099961204
2.5185101106278176	0.01387608	0.724912159962
2.520255439879812	0.007981835	0.711708944418
2.522000769131806	0.01572407	0.712981782129
2.5237460983838007	0.0244627	0.717799727373
2.525491427635795	0.0119216	0.700495289368
2.527236756887789	0.005892705	0.694640072984
2.528982086139784	0.01692923	0.715656053775
2.530727415391778	0.02892224	0.739174202881
2.5324727446437723	0.01722754	0.730362504915
2.5342180738957665	0.01233361	0.725487978251
2.535963403147761	0.02337876	0.73732809851
2.5377087323997554	0.03179012	0.738239013745
2.5394540616517496	0.01889306	0.706010026554
2.541199390903744	0.01420074	0.686139573042
2.542944720155738	0.01774305	0.688461605509
2.5446900494077327	0.02017326	0.695547788333
2.546435378659727	0.01533603	0.693087392472
2.548180707911721	0.01833693	0.701585124193
2.5499260371637154	0.01718876	0.710324738816
2.5516713664157096	0.01787179	0.71910417413
2.5534166956677042	0.02182751	0.726773361865
2.5551620249196985	0.02910918	0.737472643528
2.5569073541716927	0.02163791	0.730466147527
2.558652683423687	0.01731539	0.719056880146
2.560398012675681	0.02363312	0.712788623048
2.5621433419276762	0.03182453	0.711271935035
2.56388867117967	0.01840491	0.694775094515
2.5656340004316642	0.01126759	0.693129931768
2.5673793296836585	0.02421429	0.718675165317
2.5691246589356527	0.03761673	0.743905082058
2.570869988187648	0.0220909	0.729771955037
2.572615317439642	0.01457402	0.717768533331
2.5743606466916362	0.03010384	0.730724920457
2.57610597594363	0.04188142	0.73855435316
2.5778513051956247	0.02331623	0.709060978604
2.5795966344476193	0.01473903	0.69106744255
2.5813419636996136	0.02605832	0.699767839117
2.5830872929516078	0.03406488	0.704832806343
2.584832622203602	0.02086436	0.684637925799
2.586577951455596	0.0185491	0.682762558676
2.588323280707591	0.02692546	0.703814362835
2.590068609959585	0.03372001	0.72524216376
2.5918139392115793	0.0293395	0.728568163161
2.593559268463574	0.03164108	0.737621322845
2.595304597715568	0.03195486	0.74521508015
2.5970499269675624	0.03199555	0.743634273417
2.598795256219557	0.03053846	0.727883055181
2.6005405854715513	0.0337547	0.715683110659
2.6022859147235455	0.02595764	0.697997811541
2.6040312439755398	0.0218588	0.687685704255
2.6057765732275344	0.02950984	0.692410999193
2.6075219024795286	0.04071942	0.707308705952
2.609267231731523	0.0284296	0.70194488761
2.611012560983517	0.0226368	0.702837953847
2.6127578902355113	0.04019215	0.726872705633
2.614503219487506	0.05497958	0.748323592052
2.6162485487395	0.0339303	0.729605718994
2.6179938779914944	0.02283938	0.715379702432
2.6197392072434886	0.04012995	0.724717471952
2.621484536495483	0.05140961	0.722748360339
2.6232298657474775	0.02815467	0.682433363845
2.6249751949994717	0.01835786	0.664051201253
2.626720524251466	0.03504728	0.688166207611
2.62846585350346	0.04711232	0.715757807527
2.6302111827554544	0.0294174	0.710153011841
2.631956512007449	0.02393353	0.714882116375
2.6337018412594433	0.04071644	0.740633013155
2.6354471705114375	0.05281952	0.752990143107
2.6371924997634317	0.03827839	0.726637661088
2.638937829015426	0.03501073	0.710627506316
2.6406831582674206	0.04609962	0.714298197696
2.642428487519415	0.0518701	0.711847329257
2.644173816771409	0.04233571	0.690283581972
2.6459191460234033	0.04251939	0.68653019744
2.647664475275398	0.0416152	0.69439334904
2.649409804527392	0.04003868	0.704494265508
2.6511551337793864	0.04125792	0.713142679819
2.652900463031381	0.04735247	0.726990848965
2.6546457922833753	0.03753332	0.723726636535
2.6563911215353695	0.03349599	0.718247804408
2.658136450787364	0.04471455	0.718836553973
2.6598817800393584	0.05572049	0.717109912904
2.6616271092913526	0.04057208	0.691339491364
2.663372438543347	0.03401291	0.67849828415
2.665117767795341	0.05071088	0.694911152207
2.6668630970473357	0.06361921	0.71554983573
2.6686084262993304	0.04105793	0.704229283365
2.670353755551324	0.03071038	0.702987211689
2.6720990848033184	0.05363626	0.730682577346
2.6738444140553126	0.07015861	0.74853601412
2.6755897433073077	0.04439989	0.719632888845
2.677335072559302	0.0344064	0.706151342047
2.679080401811296	0.06056787	0.7306125634
2.6808257310632904	0.07533664	0.739660255728
2.682571060315284	0.04620143	0.696485153942
2.6843163895672792	0.03390245	0.671788086685
2.6860617188192735	0.05398958	0.688835558251
2.6878070480712677	0.06376088	0.702156025754
2.689552377323262	0.03895415	0.682848307195
2.691297706575256	0.03201722	0.685500130381
2.693043035827251	0.050269	0.715014531863
2.694788365079245	0.06228096	0.732242946141
2.6965336943312392	0.05027348	0.716396171801
2.6982790235832335	0.05156036	0.714704115864
2.7000243528352277	0.06487613	0.730812910793
2.7017696820872223	0.07185075	0.738507424878
2.7035150113392166	0.06204123	0.721437049714
2.705260340591211	0.06005782	0.713007165572
2.707005669843205	0.05803234	0.709760877591
2.7087509990951992	0.05478734	0.705652126124
2.710496328347194	0.05199215	0.70079209888
2.712241657599188	0.05652191	0.708293923795
2.7139869868511823	0.04775127	0.705933237347
2.7157323161031766	0.04529662	0.706186242811
2.7174776453551712	0.06079507	0.717336731958
2.7192229746071654	0.07514961	0.724792141661
2.7209683038591597	0.05787235	0.700237916132
2.7227136331111543	0.0511712	0.686168922079
2.7244589623631486	0.07160741	0.701318441664
2.7262042916151428	0.08288254	0.715690791339
2.7279496208671374	0.05423438	0.698598615759
2.7296949501191317	0.04172287	0.70144501886
2.731440279371126	0.06445828	0.738067201945
2.73318560862312	0.07815806	0.761205317243
2.7349309378751143	0.04865824	0.73275604758
2.736676267127109	0.03914188	0.717346632266
2.738421596379103	0.07188077	0.740302292178
2.7401669256310974	0.09159056	0.746999488834
2.7419122548830916	0.05964976	0.697839501836
2.743657584135086	0.0489493	0.671393514846
2.7454029133870805	0.08145875	0.694601358761
2.7471482426390748	0.0954688	0.707050199709
2.748893571891069	0.05854412	0.676580318296
2.750638901143063	0.04504872	0.680696929115
2.7523842303950574	0.06959574	0.729431130049
2.7541295596470525	0.07903219	0.758179323799
2.7558748888990463	0.05016665	0.73489204592
2.7576202181510405	0.04363738	0.723588072598
2.7593655474030347	0.06636172	0.736429038803
2.761110876655029	0.07937214	0.736313312785
2.762856205907024	0.06297196	0.706049079528
2.7646015351590183	0.06332951	0.700762702417
2.766346864411012	0.08247741	0.723611826021
2.7680921936630063	0.09168808	0.737341520665
2.7698375229150005	0.07671554	0.722109283202
2.7715828521669956	0.07328249	0.718907981307
2.77332818141899	0.07581933	0.723560076311
2.775073510670984	0.07285042	0.720886239101
2.7768188399229783	0.06433806	0.708979083984
2.7785641691749725	0.06562112	0.706916686224
2.780309498426967	0.05838526	0.696604125334
2.7820548276789614	0.05697898	0.691284349063
2.7838001569309556	0.06966074	0.701689181302
2.78554548618295	0.08240902	0.722441737228
2.7872908154349445	0.0700354	0.729217199251
2.7890361446869387	0.06873615	0.748691745282
2.790781473938933	0.08780914	0.778964742668
2.7925268031909276	0.09747873	0.78697598755
2.794272132442922	0.07209454	0.745997931494
2.796017461694916	0.06072975	0.709660990256
2.7977627909469107	0.07978806	0.703807119983
2.799508120198905	0.09012166	0.698375653446
2.801253449450899	0.05844804	0.66124128778
2.8029987787028934	0.04957363	0.655965874075
2.8047441079548876	0.08681878	0.703577381045
2.8064894372068823	0.1069438	0.741171580633
2.8082347664588765	0.06921447	0.726572851802
2.8099800957108707	0.05795673	0.739703120532
2.811725424962865	0.09557106	0.794381922836
2.813470754214859	0.1077517	0.809596284142
2.815216083466854	0.06208827	0.749498126233
2.816961412718848	0.04682178	0.708753617125
2.8187067419708423	0.07973152	0.715550312012
2.8204520712228365	0.09271354	0.709118289651
2.8221974004748307	0.05519	0.660351279753
2.8239427297268254	0.04914388	0.653215455876
2.8256880589788196	0.09278519	0.704286611289
2.827433388230814	0.1150138	0.740232846772
2.829178717482808	0.0796027	0.723400353285
2.8309240467348022	0.07129407	0.737331285792
2.832669375986797	0.1066703	0.790767847011
2.834414705238791	0.1143536	0.803457845496
2.8361600344907854	0.06959255	0.747047114267
2.8379053637427796	0.05479911	0.712473467313
2.839650692994774	0.07773571	0.718489144004
2.8413960222467685	0.0833505	0.71562614881
2.8431413514987627	0.0557208	0.686147058362
2.844886680750757	0.05465277	0.687067678703
2.8466320100027516	0.08035763	0.712855989557
2.848377339254746	0.09498133	0.72383162863
2.8501226685067405	0.08233953	0.708735710583
2.8518679977587347	0.08560374	0.718998257702
2.853613327010729	0.1020284	0.750519566548
2.855358656262723	0.1059751	0.768102317295
2.8571039855147173	0.08831171	0.752644401575
2.858849314766712	0.08274863	0.738619807879
2.8605946440187062	0.08158469	0.725274021718
2.8623399732707004	0.07766431	0.71455736718
2.8640853025226947	0.07127257	0.711407273545
2.865830631774689	0.07432152	0.725477091064
2.867575961026684	0.06933162	0.727943831631
2.869321290278678	0.07107026	0.725094125984
2.8710666195306724	0.08487656	0.722538890737
2.872811948782666	0.09704714	0.717572460062
2.8745572780346604	0.0839451	0.697514042965
2.8763026072866555	0.08252332	0.702229947915
2.8780479365386498	0.101277	0.732980519634
2.879793265790644	0.1079199	0.750246677574
2.881538595042638	0.07937867	0.724641358161
2.8832839242946324	0.0694784	0.711252946205
2.885029253546627	0.08895091	0.729021904613
2.8867745827986213	0.0953813	0.741848597247
2.8885199120506155	0.06294357	0.71961103322
2.8902652413026098	0.05602929	0.720236726744
2.892010570554604	0.0913263	0.752154554452
2.8937558998065986	0.1090312	0.75354602801
2.895501229058593	0.07262032	0.696539632492
2.897246558310587	0.06743067	0.678007037018
2.8989918875625813	0.1145239	0.722048608183
2.9007372168145755	0.1289758	0.744106311728
2.90248254606657	0.07671345	0.702743571808
2.9042278753185644	0.06208518	0.693618684517
2.9059732045705586	0.1004997	0.733177588957
2.907718533822553	0.1062709	0.742161799595
2.909463863074547	0.05483612	0.696029389233
2.9112091923265417	0.04406948	0.694253863496
2.912954521578536	0.08911611	0.747480633927
2.91469985083053	0.1080224	0.764820183693
2.916445180082525	0.06456575	0.711092368006
2.918190509334519	0.06204068	0.698118642632
2.9199358385865133	0.1238809	0.750432045174
2.921681167838508	0.1445469	0.766585639131
2.923426497090502	0.08464045	0.707235839553
2.9251718263424964	0.06964053	0.690295491706
2.9269171555944906	0.1155034	0.732424715063
2.9286624848464853	0.1168855	0.737076187793
2.9304078140984795	0.05550333	0.683324151369
2.9321531433504737	0.04208173	0.679812989307
2.933898472602468	0.0822794	0.729357048804
2.935643801854462	0.09493523	0.742281683893
2.937389131106457	0.05491133	0.694962356408
2.939134460358451	0.05536931	0.693032782575
2.9408797896104453	0.1128649	0.752631591224
2.9426251188624395	0.1362494	0.780973097546
2.9443704481144337	0.08855725	0.738826785881
2.946115777366429	0.08174355	0.727090800348
2.9478611066184226	0.1278493	0.757784297912
2.949606435870417	0.1291577	0.751412777859
2.951351765122411	0.07292181	0.698525945969
2.9530970943744053	0.06055125	0.694623536666
2.9548424236264004	0.0873452	0.730213544189
2.9565877528783946	0.09016685	0.73185122173
2.9583330821303884	0.05847276	0.686644480006
2.9600784113823826	0.05745116	0.676554490466
2.961823740634377	0.0913525	0.712954109747
2.963569069886372	0.1071099	0.742245225841
2.965314399138366	0.07830843	0.73488572201
2.9670597283903604	0.0794124	0.74909550907
2.968805057642354	0.1161106	0.780131537438
2.970550386894349	0.1225573	0.778490837636
2.9722957161463435	0.08907834	0.742589456675
2.9740410453983377	0.08642917	0.738181175051
2.975786374650332	0.1012166	0.751392359226
2.977531703902326	0.09999116	0.744372699204
2.9792770331543204	0.08388592	0.711221693409
2.981022362406315	0.08152808	0.692082938554
2.9827676916583092	0.0843103	0.688901078306
2.9845130209103035	0.08563312	0.698091387853
2.986258350162298	0.07277572	0.708100978806
2.9880036794142923	0.07278318	0.734640518442
2.9897490086662866	0.08494753	0.7609904579
2.9914943379182812	0.09111456	0.774954659523
2.9932396671702755	0.08524513	0.774083084412
2.9949849964222697	0.09461548	0.777856581249
2.996730325674264	0.0998314	0.76921769777
2.9984756549262586	0.1041397	0.758468434389
3.000220984178253	0.1143326	0.749082085704
3.001966313430247	0.1181801	0.733994255577
3.0037116426822412	0.09625743	0.701967223263
3.0054569719342354	0.08722544	0.694387648164
3.00720230118623	0.09024478	0.711800167085
3.0089476304382243	0.08428542	0.729357712789
3.0106929596902186	0.06287275	0.729673188946
3.0124382889422128	0.06009593	0.747499986558
3.014183618194207	0.07434306	0.779080547221
3.0159289474462017	0.08613308	0.792573758651
3.017674276698196	0.07441196	0.764474124609
3.01941960595019	0.08372737	0.750226087837
3.0211649352021843	0.1229744	0.763307771233
3.0229102644541785	0.1394596	0.757545131774
3.024655593706173	0.1055497	0.714187600184
3.0264009229581674	0.09853205	0.713934538906
3.0281462522101616	0.1243886	0.757946834901
3.029891581462156	0.11691	0.771714684704
3.03163691071415	0.0643454	0.735262882098
3.0333822399661448	0.05147717	0.736024366567
3.035127569218139	0.081198	0.778448421397
3.036872898470133	0.08687553	0.790453597157
3.0386182277221274	0.04809338	0.747284107352
3.040363556974122	0.0525474	0.737898674769
3.0421088862261163	0.1095998	0.770375955423
3.0438542154781105	0.1313562	0.761302508001
3.045599544730105	0.08887487	0.69466044226
3.0473448739820994	0.0920332	0.697270540864
3.0490902032340936	0.1483186	0.780774231132
3.0508355324860883	0.1503433	0.82372218315
3.0525808617380825	0.07854659	0.785815004666
3.0543261909900767	0.06249028	0.785782487699
3.056071520242071	0.1111955	0.82768795233
3.057816849494065	0.1109621	0.805632747466
3.05956217874606	0.04160646	0.717796994809
3.0613075079980545	0.03710142	0.70901121745
3.0630528372500487	0.1039249	0.778403401461
3.0647981665020425	0.1172904	0.788224960316
3.0665434957540367	0.05535232	0.706972765077
3.068288825006032	0.06112202	0.689253283635
3.070034154258026	0.1412285	0.766672655743
3.0717794835100203	0.1564255	0.811039729747
3.0735248127620145	0.07918295	0.785640630512
3.0752701420140083	0.07196153	0.833653842673
3.0770154712660034	0.1500193	0.93583448954
3.0787608005179976	0.1519104	0.911895413992
3.080506129769992	0.05246334	0.757855276562
3.082251459021986	0.04209492	0.699650483263
3.0839967882739803	0.1268416	0.765559443096
3.085742117525975	0.1282253	0.784427207417
3.087487446777969	0.03407982	0.722824011005
3.0892327760299634	0.03202814	0.741924038666
3.0909781052819576	0.1216248	0.838453550072
3.092723434533952	0.1359559	0.853207781201
3.0944687637859465	0.05127998	0.771886880337
3.0962140930379407	0.05556244	0.800980087312
3.097959422289935	0.1700927	0.955135760802
3.099704751541929	0.1877763	0.999950659945
3.1014500807939234	0.06429378	0.879807069636
3.103195410045918	0.05657234	0.846778791456
3.1049407392979123	0.1838263	0.915415848111
3.1066860685499065	0.1784497	0.846974450426
3.1084313978019007	0.03215578	0.672970396294
3.1101767270538954	0.02171467	0.696746276697
3.1119220563058896	0.1301326	0.913198502465
3.113667385557884	0.1280066	1.05249521853
3.1154127148098785	0.01572116	1.02395320885
3.1171580440618727	0.01898355	1.00215358154
3.118903373313867	0.1621766	1.03246405941
3.1206487025658616	0.198322	0.953865552894
3.122394031817856	0.04712739	0.814069246565
3.12413936106985	0.05459123	1.00308871364
3.1258846903218442	0.2994337	1.47015592326
3.1276300195738385	0.3142186	1.55879315648
3.129375348825833	0.03890599	1.10597412534
3.1311206780778273	0.02125055	0.75876975937
3.1328660073298216	0.2510275	0.869939306069
3.134611336581816	0.2139694	1.3260706228
3.13635666583381	0.02375837	2.33554611268
3.1381019950858047	0.06166273	3.99891468605
3.139847324337799	0.3635396	5.78603959157
3.141592653589793	1.425597	7.53940035092