# 13C(3P)-CO2, ground-state PES; differential cross sections (mgacesa, Sep 1 2021)
# theta(rad)                 elastic CS                total CS (both in units of 1E-16 cm^2)
0.	1.247368e6	1.2683307920300998e6
0.0017453292519943296	1.169514e6	1.18817007291e6
0.003490658503988659	971795.	985052.993189
0.005235987755982989	728914.3	736576.069405
0.006981317007977318	501357.	505035.726379
0.008726646259971648	318223.5	319844.349578
0.010471975511965978	187041.6	188097.599548
0.012217304763960306	103242.	104571.89254
0.013962634015954637	55645.22	57483.8450142
0.015707963267948967	31937.58	34148.1203868
0.017453292519943295	22083.41	24393.5839225
0.019198621771937624	18854.81	21002.2190663
0.020943951023931956	17735.06	19551.1556303
0.022689280275926284	16631.32	18067.073487
0.024434609527920613	14931.33	16030.6255018
0.02617993877991494	12668.48	13533.45025
0.027925268031909273	10190.58	10950.9601004
0.029670597283903602	7886.153	8663.01493903
0.031415926535897934	5978.053	6858.8319205
0.03316125578789226	4565.957	5598.48619852
0.03490658503988659	3672.128	4862.43832822
0.03665191429188092	3205.458	4520.17407362
0.03839724354387525	3018.607	4398.65534126
0.04014257279586957	2989.739	4364.89596354
0.04188790204786391	3012.338	4312.73644786
0.043633231299858244	2994.19	4165.60153284
0.04537856055185257	2892.852	3908.86617286
0.0471238898038469	2701.853	3564.31034294
0.048869219055841226	2427.688	3162.44906699
0.05061454830783556	2106.456	2758.53964441
0.05235987755982988	1794.723	2417.585173
0.054105206811824215	1531.608	2173.81450082
0.05585053606381855	1337.809	2034.20499124
0.05759586531581287	1228.273	1994.09421202
0.059341194567807204	1199.124	2026.85454238
0.061086523819801536	1225.536	2089.04577193
0.06283185307179587	1279.494	2142.72631334
0.0645771823237902	1331.836	2156.29987878
0.06632251157578452	1351.54	2103.98729571
0.06806784082777885	1322.013	1982.8089612
0.06981317007977318	1245.279	1812.31600514
0.0715584993317675	1128.482	1615.60472388
0.07330382858376185	983.2908	1416.60776502
0.07504915783575618	831.5823	1243.67952723
0.0767944870877505	695.6356	1117.68014265
0.07853981633974483	588.7482	1044.01578897
0.08028514559173915	518.1651	1018.30657073
0.08203047484373349	484.7082	1027.53005396
0.08377580409572782	479.5413	1049.67947261
0.08552113334772216	489.9247	1063.46881717
0.08726646259971649	504.4471	1054.77401765
0.0890117918517108	510.8592	1013.74209564
0.09075712110370514	498.4026	936.864606359
0.09250245035569946	464.2233	832.062875783
0.0942477796076938	411.9468	714.292681431
0.09599310885968813	346.98	598.591479149
0.09773843811168245	276.9599	499.125914667
0.09948376736367678	211.4022	427.310860881
0.10122909661567112	157.7094	387.562198415
0.10297442586766545	119.9281	377.537664507
0.10471975511965977	99.5548	390.376249754
0.10646508437165408	94.40169	414.864093749
0.10821041362364843	98.93878	437.8448581
0.10995574287564278	107.3318	448.935534822
0.1117010721276371	114.5756	442.036597114
0.11344640137963143	116.1625	414.965040395
0.11519173063162574	109.5304	370.447735639
0.11693705988362009	95.12862	315.698984141
0.11868238913561441	75.29451	259.712132277
0.12042771838760875	53.36491	211.393482539
0.12217304763960307	33.32056	178.162933062
0.12391837689159739	18.50344	163.811983835
0.12566370614359174	10.68459	167.831211544
0.12740903539558604	10.25768	186.453749764
0.1291543646475804	16.15132	213.323932309
0.13089969389957473	25.80434	240.584502802
0.13264502315156904	36.15287	261.128377849
0.1343903524035634	44.43439	269.976828853
0.1361356816555577	48.43297	264.717394189
0.13788101090755206	47.19095	246.410681913
0.13962634015954636	41.39774	219.475449422
0.1413716694115407	32.65645	189.788485367
0.143116998663535	23.02737	163.409817286
0.14486232791552936	15.08264	146.115506889
0.1466076571675237	11.12251	141.86291616
0.148352986419518	12.24777	151.460277382
0.15009831567151236	18.47383	173.006173327
0.15184364492350666	28.87235	202.467543217
0.153588974175501	41.39892	233.99707357
0.15533430342749535	53.55368	261.503377294
0.15707963267948966	63.2233	280.26637746
0.158824961931484	68.61485	287.068161778
0.1605702911834783	68.47713	280.599380642
0.16231562043547265	63.01147	262.582151585
0.16406094968746698	53.74776	237.217139266
0.16580627893946132	42.55675	209.396400012
0.16755160819145565	31.50812	184.095522838
0.16929693744344995	22.94628	166.066447978
0.1710422666954443	18.67105	158.46465772
0.17278759594743864	19.37723	162.07115034
0.17453292519943298	24.9103	175.742971213
0.17627825445142728	34.2271	196.551435992
0.1780235837034216	45.32118	220.024347469
0.17976891295541597	55.982	241.549842425
0.18151424220741028	64.38045	257.426273815
0.1832595714594046	68.89199	264.792765853
0.1850049007113989	68.3997	262.125762563
0.18675022996339327	63.03903	250.164622413
0.1884955592153876	53.98929	231.435082367
0.1902408884673819	42.75973	209.086008292
0.19198621771937627	31.14088	186.594969108
0.19373154697137057	21.15529	167.458655402
0.1954768762233649	14.40831	154.197795762
0.19722220547535924	11.73128	147.893532127
0.19896753472735357	13.29707	148.393129961
0.20071286397934793	18.50237	154.249978735
0.20245819323134223	25.95662	162.902066523
0.20420352248333656	34.02304	171.59208367
0.2059488517353309	41.17995	177.962157277
0.20769418098732523	45.97696	180.056763621
0.20943951023931953	47.33722	176.738616477
0.2111848394913139	45.03294	168.236226261
0.21293016874330817	39.57108	155.848005377
0.21467549799530256	31.83869	141.338922642
0.21642082724729686	23.06593	126.757639607
0.2181661564992912	14.70806	114.153349323
0.21991148575128555	8.036364	104.997186082
0.22165681500327983	3.902868	99.932224224
0.2234021442552742	2.711533	98.8225712014
0.22514747350726852	4.313511	100.724780151
0.22689280275926285	8.020993	104.06888914
0.22863813201125716	12.86851	107.15983163
0.2303834612632515	17.80592	108.512083878
0.23212879051524585	21.78916	106.988254321
0.23387411976724018	24.00352	102.069709799
0.23561944901923448	24.07653	94.0450449986
0.23736477827122882	22.06507	83.8455206225
0.23911010752322315	18.36894	72.7816799169
0.2408554367752175	13.67474	62.3363739065
0.24260076602721184	8.817674	53.8731362396
0.24434609527920614	4.589064	48.3367467204
0.24609142453120048	1.599054	46.1073005667
0.24783675378319478	0.1786873	46.9519073548
0.24958208303518917	0.3325274	50.0705973909
0.25132741228718347	1.77855	54.2944345421
0.2530727415391778	4.015982	58.3267112011
0.2548180707911721	6.419361	60.9674040197
0.2565634000431664	8.406466	61.3748825868
0.2583087292951608	9.567351	59.2390273655
0.26005405854715513	9.680757	54.7584213199
0.26179938779914946	8.747542	48.5785906233
0.26354471705114374	7.038488	41.7227580191
0.26529004630313807	4.99973	35.3523234255
0.26703537555513246	3.097715	30.4704720678
0.2687807048071268	1.757807	27.7766241034
0.27052603405912107	1.29609	27.5652413073
0.2722713633111154	1.805654	29.620897455
0.27401669256310973	3.159657	33.2978173334
0.2757620218151041	5.083997	37.7117775674
0.2775073510670984	7.155222	41.8471499667
0.2792526803190927	8.866901	44.7324002199
0.28099800957108706	9.832443	45.7493079069
0.2827433388230814	9.864735	44.7484096581
0.2844886680750758	8.909003	41.941482293
0.28623399732707	7.090627	37.8957722472
0.2879793265790644	4.795835	33.5400310316
0.2897246558310587	2.544091	29.9108202955
0.29146998508305305	0.8182727	27.8650713628
0.2932153143350474	0.03640933	27.9907763738
0.29496064358704166	0.491694	30.5112888028
0.296705972839036	2.227677	35.1585136388
0.2984513020910304	5.049771	41.2559028784
0.3001966313430247	8.599189	47.8932027223
0.30194196059501904	12.34101	53.9979163941
0.3036872898470133	15.63945	58.5128767259
0.30543261909900765	17.97103	60.7192392843
0.307177948351002	19.00597	60.3513578452
0.3089232776029963	18.56381	57.5165691449
0.3106686068549907	16.6902	52.734406253
0.312413936106985	13.74337	46.9592429519
0.3141592653589793	10.2775	41.3396238532
0.31590459461097364	6.895022	36.9512435012
0.317649923862968	4.207482	34.6874248448
0.3193952531149623	2.743071	35.1137919495
0.3211405823669566	2.803415	38.3041981161
0.32288591161895097	4.443673	43.871348912
0.3246312408709453	7.494092	51.0722002764
0.32637657012293964	11.52172	58.8510721131
0.32812189937493397	15.89546	66.013999081
0.32986722862692824	19.97148	71.5339185822
0.33161255787892263	23.17765	74.6940226004
0.33335788713091696	25.02666	75.1040635042
0.3351032163829113	25.23367	72.809791279
0.3368485456349056	23.81918	68.3503292313
0.3385938748868999	21.05286	62.5970977546
0.3403392041388943	17.37911	56.5668466876
0.3420845333908886	13.38992	51.3059990446
0.3438298626428829	9.721053	47.7073009223
0.3455751918948773	6.916224	46.3239003996
0.34732052114687156	5.380509	47.3318048226
0.34906585039886595	5.334627	50.5296428052
0.3508111796508603	6.728517	55.317329686
0.35255650890285456	9.262899	60.8176653431
0.3543018381548489	12.50515	66.1048738607
0.3560471674068432	15.93735	70.3328127959
0.35779249665883756	18.98875	72.8159655085
0.35953782591083194	21.16207	73.1815798806
0.3612831551628262	22.13959	71.455226965
0.36302848441482055	21.7886	67.9983736945
0.3647738136668149	20.17039	63.4323396606
0.3665191429188092	17.55335	58.557246312
0.3682644721708036	14.34135	54.1812791269
0.3700098014227978	10.98711	50.9630149177
0.3717551306747922	7.959717	49.3504438874
0.37350045992678654	5.67246	49.5089300143
0.3752457891787809	4.372776	51.2468363412
0.3769911184307752	4.126433	54.0796499579
0.3787364476827695	4.863435	57.3718866937
0.3804817769347638	6.371635	60.4206462708
0.38222710618675815	8.304826	62.5497364852
0.38397243543875254	10.27459	63.2627509887
0.38571776469074687	11.92809	62.332208937
0.38746309394274114	12.97359	59.8034610519
0.3892084231947355	13.22875	56.0001043303
0.3909537524467298	12.66146	51.4807615246
0.39269908169872414	11.361	46.9009890878
0.39444441095071847	9.508187	42.8970643318
0.3961897402027128	7.375443	40.0243166374
0.39793506945470714	5.272463	38.6493175019
0.3996803987067014	3.457369	38.8451817386
0.40142572795869585	2.115181	40.4094268725
0.4031710572106902	1.365993	42.9352041835
0.40491638646268446	1.229919	45.8516942075
0.4066617157146788	1.612678	48.5088145353
0.4084070449666731	2.352666	50.3158924081
0.41015237421866746	3.257784	50.831200065
0.4118977034706618	4.121121	49.8129304024
0.41364303272265607	4.765308	47.2829328219
0.41538836197465046	5.079236	43.5260080078
0.41713369122664473	5.010263	39.0004284278
0.41887902047863906	4.565656	34.267650963
0.4206243497306334	3.829819	29.9417207402
0.4223696789826278	2.935255	26.5709910126
0.4241150082346221	2.011989	24.5166526014
0.42586033748661634	1.17824	23.9256936881
0.4276056667386108	0.5378513	24.7355058245
0.4293509959906051	0.1486958	26.6630047723
0.4310963252425994	0.01062234	29.2511329126
0.4328416544945937	0.08575335	31.9681577233
0.43458698374658805	0.3069964	34.2811898869
0.4363323129985824	0.5849733	35.7266267835
0.4380776422505767	0.8389589	36.0055031623
0.4398229715025711	1.014875	35.0247737925
0.44156830075456543	1.077745	32.8699701638
0.44331363000655966	1.02004	29.7929779461
0.445058959258554	0.8762673	26.1980786154
0.4468042885105484	0.7033536	22.55464211
0.4485496177625427	0.5539503	19.2949093689
0.45029494701453704	0.4750399	16.7703287175
0.45204027626653137	0.5023686	15.2174589484
0.4537856055185257	0.6413967	14.7084762451
0.45553093477052004	0.8678608	15.1484549504
0.4572762640225143	1.140095	16.3169817904
0.45902159327450864	1.399304	17.9020944734
0.460766922526503	1.579767	19.5477031812
0.4625122517784973	1.635934	20.9308859629
0.4642575810304917	1.550348	21.8102441821
0.466002910282486	1.325579	22.0353962165
0.46774823953448036	0.9925508	21.5696800778
0.46949356878647464	0.61746	20.5067760279
0.47123889803846897	0.2812834	19.0316928966
0.47298422729046335	0.05861471	17.3648710306
0.47472955654245763	0.01240408	15.734957318
0.47647488579445196	0.18204	14.3492312608
0.4782202150464463	0.5675015	13.3484427249
0.4799655442984406	1.131515	12.7868554313
0.481710873550435	1.80713	12.6408309548
0.48345620280242924	2.499663	12.8186711418
0.4852015320544237	3.102482	13.180799718
0.48694686130641796	3.523957	13.5784986484
0.4886921905584123	3.699225	13.8843004032
0.4904375198104066	3.593879	14.0075867162
0.49218284906240095	3.216923	13.9127198382
0.4939281783143953	2.626118	13.6290144497
0.49567350756638956	1.91365	13.2350532655
0.4974188368183839	1.190296	12.8332537404
0.49916416607037833	0.5728697	12.5300032186
0.5009094953223726	0.1643026	12.4138548644
0.5026548245743669	0.03448495	12.5316508019
0.5044001538263613	0.2118796	12.8754064965
0.5061454830783556	0.6782546	13.3839745587
0.5078908123303499	1.367697	13.9562589335
0.5096361415823442	2.178759	14.4708532535
0.5113814708343386	2.992016	14.8072613221
0.5131268000863328	3.685514	14.8710461804
0.5148721293383272	4.154485	14.6205666936
0.5166174585903216	4.330158	14.0775796881
0.5183627878423159	4.186813	13.3191574999
0.5201081170943103	3.744576	12.4693243168
0.5218534463463045	3.071442	11.6869580123
0.5235987755982989	2.270814	11.1327810188
0.5253441048502933	1.459217	10.9328432344
0.5270894341022875	0.7517776	11.1608886432
0.5288347633542818	0.2489015	11.825691508
0.5305800926062761	0.01597862	12.8585344339
0.5323254218582705	0.07299285	14.1238332729
0.5340707511102649	0.3976403	15.4457900239
0.5358160803622593	0.9265655	16.6281881471
0.5375614096142536	1.562758	17.4843675338
0.5393067388662478	2.19975	17.8842769946
0.5410520681182421	2.73943	17.7765888542
0.5427973973702365	3.095689	17.1811937626
0.5445427266222308	3.210509	16.1955994986
0.5462880558742251	3.075659	15.0012027121
0.5480333851262195	2.725903	13.8235015973
0.5497787143782138	2.219366	12.878346859
0.5515240436302082	1.636389	12.3509311045
0.5532693728822025	1.074905	12.3759349879
0.5550147021341968	0.6235406	12.998273149
0.5567600313861911	0.3434657	14.1600091341
0.5585053606381855	0.2684788	15.7202262502
0.5602506898901798	0.3977066	17.4697276738
0.5619960191421741	0.6903196	19.1552524581
0.5637413483941685	1.082582	20.5343814779
0.5654866776461628	1.501684	21.4162778081
0.5672320068981571	1.864871	21.6725797934
0.5689773361501516	2.096842	21.2655819117
0.5707226654021459	2.159178	20.2801215054
0.57246799465414	2.049135	18.8999591668
0.5742133239061344	1.783845	17.3580707311
0.5759586531581288	1.408231	15.9174200091
0.5777039824101231	1.000003	14.8468286576
0.5794493116621174	0.6433503	14.3599532848
0.5811946409141118	0.406308	14.5711830397
0.5829399701661061	0.3403834	15.4920913084
0.5846852994181004	0.4726214	17.0275386754
0.5864306286700948	0.7912068	18.9767878068
0.5881759579220891	1.251255	21.0718048531
0.5899212871740833	1.786327	23.0230606766
0.5916666164260777	2.309692	24.5489311928
0.593411945678072	2.72885	25.4216212755
0.5951572749300664	2.973244	25.5219799856
0.5969026041820608	3.001821	24.8510334635
0.598647933434055	2.798477	23.5132457207
0.6003932626860494	2.383959	21.7148576576
0.6021385919380438	1.824145	19.7484061174
0.6038839211900381	1.211042	17.9343613881
0.6056292504420324	0.642222	16.5637136456
0.6073745796940266	0.2147276	15.8669112415
0.609119908946021	0.01197173	15.9803557138
0.6108652381980153	0.08301416	16.9147967359
0.6126105674500096	0.4354336	18.5566780418
0.614355896702004	1.036637	20.6891680794
0.6161012259539983	1.813341	23.0156000611
0.6178465552059926	2.661315	25.2038867299
0.6195918844579871	3.4657	26.9462443346
0.6213372137099814	4.115506	28.0003787536
0.6230825429619757	4.516048	28.2167628828
0.62482787221397	4.607734	27.5688591882
0.6265732014659643	4.3778	26.1632863598
0.6283185307179586	3.858814	24.2159545431
0.630063859969953	3.125634	22.018597718
0.6318091892219473	2.288053	19.9020007714
0.6335545184739416	1.471582	18.1840309416
0.635299847725936	0.7987162	17.1193449235
0.6370451769779303	0.3763903	16.8681391091
0.6387905062299246	0.2781543	17.4722196783
0.6405358354819191	0.5277437	18.8420418984
0.6422811647339132	1.099372	20.7747489861
0.6440264939859075	1.924623	22.99095826
0.6457718232379019	2.89665	25.1702308386
0.6475171524898963	3.884913	26.9959652734
0.6492624817418906	4.758409	28.2086363342
0.6510078109938849	5.400444	28.6416640041
0.6527531402458793	5.722523	28.2404761696
0.6544984694978736	5.68487	27.0764941685
0.6562437987498679	5.301409	25.3365369703
0.6579891280018623	4.626718	23.2831526831
0.6597344572538565	3.75259	21.2181295249
0.6614797865058508	2.80717	19.4501123237
0.6632251157578453	1.928907	18.2413597615
0.6649704450098396	1.236068	17.7575019815
0.6667157742618339	0.8204915	18.054429965
0.6684611035138281	0.7426192	19.0794663046
0.6702064327658226	1.012688	20.6689589827
0.6719517620178169	1.58751	22.571375718
0.6736970912698113	2.386269	24.4955839763
0.6754424205218056	3.298524	26.1501217004
0.6771877497737998	4.194328	27.2804489737
0.6789330790257941	4.952256	27.717694911
0.6806784082777886	5.476862	27.4035423339
0.6824237375297829	5.69717	26.381503961
0.6841690667817772	5.580632	24.7951236606
0.6859143960337715	5.153457	22.8845863267
0.6876597252857658	4.486101	20.9387872147
0.6894050545377601	3.666265	19.2338744796
0.6911503837897546	2.799426	18.0076569777
0.6928957130417489	2.006935	17.4386955017
0.6946410422937431	1.394241	17.6034309388
0.6963863715457375	1.028916	18.4581238387
0.6981317007977319	0.9459395	19.8615313633
0.6998770300497262	1.145066	21.5960269701
0.7016223593017206	1.581695	23.389301832
0.7033676885537148	2.180083	24.9635715144
0.7051130178057091	2.850191	26.0813336642
0.7068583470577035	3.489502	26.5650487683
0.7086036763096978	3.998473	26.3255864341
0.7103490055616921	4.309429	25.3940025564
0.7120943348136864	4.388542	23.9066975473
0.7138396640656808	4.223225	22.0649514147
0.7155849933176751	3.834102	20.1199716278
0.7173303225696696	3.285461	18.3530540707
0.7190756518216639	2.660817	17.0165293956
0.7208209810736581	2.039648	16.2852872367
0.7225663103256524	1.500161	16.2490900103
0.7243116395776468	1.113377	16.9043989596
0.7260569688296411	0.9212709	18.1410286203
0.7278022980816354	0.9327368	19.761849796
0.7295476273336298	1.13159	21.5204401411
0.7312929565856241	1.473513	23.1468671708
0.7330382858376184	1.890628	24.384840007
0.7347836150896128	2.312738	25.0434082748
0.7365289443416072	2.675244	25.0190215307
0.7382742735936013	2.915917	24.2930366741
0.7400196028455956	2.990936	22.9447462054
0.7417649320975901	2.892899	21.1555448246
0.7435102613495844	2.640501	19.1680566749
0.7452555906015788	2.265036	17.2388997187
0.7470009198535731	1.816729	15.6178053365
0.7487462491055674	1.362765	14.5195733802
0.7504915783575618	0.9663143	14.0802702511
0.7522369076095561	0.6758948	14.3378634963
0.7539822368615504	0.5265637	15.2378959169
0.7557275661135446	0.5322018	16.637403141
0.757472895365539	0.6799236	18.321173517
0.7592182246175333	0.9391982	20.0418337659
0.7609635538695276	1.266798	21.5538839974
0.7627088831215221	1.605063	22.636314936
0.7644542123735163	1.894661	23.128795801
0.7661995416255106	2.092238	22.964704903
0.7679448708775051	2.169679	22.1694008661
0.7696902001294994	2.110234	20.8451089235
0.7714355293814937	1.918739	19.1661475585
0.773180858633488	1.625615	17.35992713
0.7749261878854823	1.273803	15.6637666984
0.7766715171374766	0.9098179	14.2889236332
0.778416846389471	0.5831796	13.3999652908
0.7801621756414654	0.3384309	13.0918183465
0.7819075048934596	0.2047165	13.3731533809
0.783652834145454	0.1948097	14.1711373649
0.7853981633974483	0.3047929	15.3448053944
0.7871434926494427	0.5107597	16.7009340348
0.7888888219014369	0.7742238	18.0244711519
0.7906341511534312	1.052721	19.1150009306
0.7923794804054256	1.302915	19.8103266953
0.7941248096574199	1.48325	20.004011654
0.7958701389094143	1.56426	19.6644597818
0.7976154681614087	1.535091	18.840197937
0.7993607974134028	1.400678	17.6462687746
0.8011061266653973	1.180002	16.2462323957
0.8028514559173917	0.9060772	14.8313690512
0.8045967851693859	0.6199808	13.5912272266
0.8063421144213804	0.3630006	12.6852940079
0.8080874436733746	0.1722485	12.2237441298
0.8098327729253689	0.07517876	12.2519937718
0.8115781021773633	0.0836189	12.7424923094
0.8133234314293576	0.1934547	13.6022108274
0.815068760681352	0.3869494	14.6890099826
0.8168140899333463	0.6336071	15.8296224021
0.8185594191853405	0.894369	16.8443384617
0.8203047484373349	1.129296	17.5751435751
0.8220500776893291	1.302681	17.9060931846
0.8237954069413236	1.387275	17.7776605825
0.8255407361933178	1.370271	17.1976081261
0.8272860654453121	1.254925	16.2382753485
0.8290313946973066	1.05733	15.0209767294
0.8307767239493009	0.8055324	13.700797623
0.8325220532012952	0.5380919	12.4489011023
0.8342673824532895	0.2958266	11.4241682323
0.8360127117052839	0.1139288	10.7476997381
0.8377580409572781	0.01986724	10.4914733197
0.8395033702092726	0.02988836	10.6707071758
0.8412486994612668	0.1439248	11.2381109081
0.8429940287132611	0.3469072	12.0925369359
0.8447393579652556	0.6124677	13.0970700153
0.8464846872172498	0.9034957	14.0949982874
0.8482300164692442	1.17756	14.931159961
0.8499753457212387	1.397632	15.4793679243
0.8517206749732327	1.535117	15.6572786214
0.8534660042252271	1.568406	15.4297203328
0.8552113334772216	1.490092	14.8175555949
0.8569566627292158	1.313483	13.9012331074
0.8587019919812102	1.065182	12.8015109567
0.8604473212332044	0.7770082	11.6555948691
0.8621926504851988	0.4877715	10.6059309462
0.8639379797371932	0.2405004	9.78458362666
0.8656833089891874	0.07071961	9.2872418126
0.8674286382411819	0.001328434	9.15938751471
0.8691739674931761	0.04380333	9.39724219705
0.8709192967451703	0.194373	9.94724170879
0.8726646259971648	0.4323862	10.7106596098
0.8744099552491592	0.7275963	11.5629537512
0.8761552845011534	1.04371	12.371795404
0.8779006137531478	1.337246	13.0084711367
0.8796459430051422	1.566647	13.368731563
0.8813912722571364	1.70461	13.3949548239
0.8831366015091309	1.736134	13.0772370104
0.8848819307611251	1.65397	12.446028477
0.8866272600131193	1.466605	11.5755603588
0.8883725892651138	1.202401	10.579733614
0.890117918517108	0.8981268	9.58682341487
0.8918632477691024	0.5905078	8.71714792328
0.8936085770210968	0.3184169	8.07535149674
0.895353906273091	0.1190939	7.73828562077
0.8970992355250854	0.01770047	7.73799515425
0.8988445647770799	0.02497992	8.05878268476
0.9005898940290741	0.1394227	8.64444163249
0.9023352232810685	0.3449249	9.40340778106
0.9040805525330627	0.6120864	10.2201816575
0.905825881785057	0.9061941	10.975897875
0.9075712110370514	1.190427	11.5629045238
0.9093165402890457	1.426124	11.8936236647
0.9110618695410401	1.58114	11.9156994906
0.9128071987930344	1.638366	11.6235860335
0.9145525280450286	1.593115	11.0530440994
0.9162978572970231	1.449764	10.2711979999
0.9180431865490173	1.226105	9.3729140116
0.9197885158010117	0.9535104	8.47067932216
0.921533845053006	0.6678004	7.6736493251
0.9232791743050003	0.4030249	7.07165574092
0.9250245035569946	0.19112	6.72832787393
0.9267698328089891	0.05828234	6.6735429324
0.9285151620609834	0.01888488	6.89716343617
0.9302604913129776	0.07427741	7.35213386758
0.932005820564972	0.2144776	7.96325302249
0.9337511498169663	0.4188802	8.63666060133
0.9354964790689607	0.6586726	9.27258986166
0.9372418083209549	0.9016646	9.78012638163
0.9389871375729493	1.116174	10.088350618
0.9407324668249436	1.274318	10.1542084831
0.9424777960769379	1.356205	9.9686156396
0.9442231253289324	1.352708	9.55726727413
0.9459684545809267	1.265595	8.97505598423
0.9477137838329208	1.106876	8.29774446305
0.9494591130849153	0.8975401	7.61196233399
0.9512044423369097	0.664613	7.00310143007
0.9529497715889039	0.4372885	6.54348568143
0.9546951008408984	0.2430846	6.28304098237
0.9564404300928926	0.1044099	6.24311837927
0.9581857593448869	0.03625164	6.414654155
0.9599310885968813	0.04446673	6.76029874935
0.9616764178488756	0.1244158	7.21931340244
0.96342174710087	0.2621555	7.71656061862
0.9651670763528643	0.4380027	8.17469452177
0.9669124056048585	0.6284034	8.52395553904
0.9686577348568529	0.8070358	8.70923457587
0.9704030641088474	0.9497626	8.69886994361
0.9721483933608416	1.039975	8.49111353016
0.9738937226128359	1.0682	8.11124178776
0.9756390518648302	1.030726	7.60495540879
0.9773843811168246	0.9327181	7.03501661566
0.979129710368819	0.7892371	6.47461632082
0.9808750396208132	0.6198675	5.99371462506
0.9826203688728075	0.4448197	5.64835297325
0.9843656981248019	0.2853136	5.47668890828
0.9861110273767961	0.1611289	5.49423407982
0.9878563566287906	0.0857737	5.68951291772
0.9896016858807848	0.06583935	6.02727323235
0.9913470151327791	0.1017594	6.45487442897
0.9930923443847736	0.1860745	6.90704086493
0.9948376736367678	0.3046335	7.31503198821
0.9965830028887622	0.4414157	7.6193305863
0.9983283321407567	0.5792199	7.77530870994
1.0000736613927508	0.6985713	7.75481216015
1.0018189906447452	0.7829981	7.55325115738
1.0035643198967397	0.8244247	7.19391998517
1.0053096491487339	0.8200655	6.71962149876
1.0070549784007283	0.76943	6.18314367497
1.0088003076527225	0.678662	5.64565267239
1.0105456369047168	0.561946	5.17122705504
1.0122909661567112	0.4349184	4.81308577446
1.0140362954087054	0.3111079	4.60550553756
1.0157816246606999	0.2043163	4.56441437511
1.017526953912694	0.1273532	4.68577647198
1.0192722831646883	0.08736622	4.94320430113
1.0210176124166828	0.08573466	5.29311633744
1.0227629416686772	0.1200537	5.68249694315
1.0245082709206714	0.1832534	6.05376794123
1.0262536001726656	0.2641569	6.35240647277
1.02799892942466	0.3510501	6.53681824271
1.0297442586766543	0.4324782	6.58174331219
1.0314895879286488	0.4964739	6.47804286881
1.0332349171806432	0.5338646	6.23643087727
1.0349802464326374	0.5414844	5.88848070839
1.0367255756846319	0.519776	5.47820309183
1.038470904936626	0.4706458	5.05359325806
1.0402162341886205	0.3999649	4.66432030005
1.041961563440615	0.3180623	4.35689692379
1.043706892692609	0.2353545	4.1648299484
1.0454522219446034	0.1600654	4.10364119213
1.0471975511965979	0.09975623	4.17250722413
1.048942880448592	0.06083617	4.35497351477
1.0506882097005865	0.04584802	4.6191144789
1.0524335389525807	0.05332158	4.9224544768
1.054178868204575	0.07953172	5.21919224645
1.0559241974565694	0.1188906	5.46554997661
1.0576695267085636	0.1640438	5.6249644429
1.059414855960558	0.2073287	5.67365949798
1.0611601852125523	0.2420724	5.60327637224
1.0629055144645467	0.2630307	5.42073550353
1.064650843716541	0.2671015	5.14777374908
1.0663961729685354	0.2540034	4.81867031666
1.0681415022205298	0.225874	4.4745093877
1.069886831472524	0.1865515	4.15698888562
1.0716321607245185	0.1413412	3.90410108845
1.0733774899765127	0.09648976	3.74585525831
1.0751228192285072	0.05788744	3.6993901884
1.0768681484805014	0.03000852	3.76641180017
1.0786134777324956	0.01575048	3.93425832152
1.08035880698449	0.01642116	4.17829344751
1.0821041362364843	0.0311966	4.46422451201
1.0838494654884787	0.05692553	4.75204516158
1.085594794740473	0.08914316	5.00223931686
1.0873401239924672	0.1232051	5.18141924438
1.0890854532444616	0.1543197	5.26536484873
1.0908307824964558	0.1777124	5.24130612136
1.0925761117484503	0.1900114	5.11046540357
1.0943214410004447	0.1901304	4.88815688911
1.096066770252439	0.178515	4.60041828464
1.0978120995044334	0.1567082	4.28023883997
1.0995574287564276	0.127939	3.96436895517
1.101302758008422	0.096736	3.68861883853
1.1030480872604165	0.06754229	3.48257159418
1.1047934165124107	0.04430547	3.36650622374
1.106538745764405	0.0304165	3.34953354296
1.1082840750163994	0.02773961	3.42785736981
1.1100294042683936	0.03630383	3.58574095537
1.111774733520388	0.05516646	3.79911338442
1.1135200627723822	0.08215857	4.03797166658
1.1152653920243765	0.1131432	4.26868303319
1.117010721276371	0.143517	4.45983638499
1.1187560505283651	0.1700099	4.58786786571
1.1205013797803596	0.1897089	4.63758542344
1.1222467090323538	0.1992928	4.60210908377
1.1239920382843482	0.1972081	4.48611818815
1.1257373675363425	0.1848095	4.30634813921
1.127482696788337	0.1642181	4.08622981609
1.1292280260403311	0.137359	3.85169221961
1.1309733552923256	0.1075562	3.63055918522
1.13271868454432	0.0793488	3.44941926468
1.1344640137963142	0.0562919	3.32789765112
1.1362093430483085	0.0406565	3.27650101575
1.1379546723003031	0.03426843	3.29725437409
1.1397000015522971	0.03774816	3.38298489727
1.1414453308042918	0.049947	3.51765010203
1.143190660056286	0.06899507	3.67983611692
1.14493598930828	0.09241978	3.84558193423
1.1466813185602747	0.1164382	3.99005107869
1.1484266478122689	0.1372485	4.09175548269
1.1501719770642633	0.1526428	4.13687994164
1.1519173063162575	0.1609824	4.11913194318
1.1536626355682518	0.1603706	4.03884243273
1.1554079648202462	0.1505292	3.90509914418
1.1571532940722404	0.1336412	3.73573255085
1.1588986233242349	0.11225	3.55226258601
1.160643952576229	0.08836095	3.3760824935
1.1623892818282235	0.06488107	3.22828013818
1.1641346110802178	0.0454701	3.12749902261
1.1658799403322122	0.03260569	3.08526913275
1.1676252695842066	0.02734912	3.10448105141
1.1693705988362009	0.03028122	3.18096001123
1.171115928088195	0.04110636	3.30385555835
1.1728612573401895	0.05812669	3.45585666792
1.1746065865921838	0.07902753	3.61598305859
1.1763519158441782	0.1012834	3.76285400815
1.1780972450961724	0.1218366	3.87664383735
1.1798425743481666	0.1378612	3.94157461147
1.181587903600161	0.147841	3.9486855574
1.1833332328521553	0.1510239	3.89629192968
1.18507856210415	0.1468222	3.78923016704
1.186823891356144	0.1358841	3.63917629743
1.1885692206081382	0.1206318	3.46397550937
1.1903145498601329	0.1037673	3.28406843575
1.192059879112127	0.08737982	3.11916364825
1.1938052083641215	0.07390723	2.98731510335
1.1955505376161157	0.06626491	2.90345039481
1.19729586686811	0.06624837	2.87603276245
1.1990411961201044	0.07396559	2.90551924587
1.2007865253720988	0.08897288	2.9860020008
1.2025318546240933	0.1105769	3.10654707836
1.2042771838760875	0.1368838	3.25107960522
1.2060225131280817	0.1648973	3.40001286599
1.2077678423800762	0.1917821	3.53409584557
1.2095131716320704	0.215245	3.63700346671
1.2112585008840648	0.2330939	3.69597192366
1.213003830136059	0.2436026	3.703159598
1.2147491593880533	0.2462237	3.657561407
1.2164944886400477	0.2414022	3.56490540897
1.218239817892042	0.2302472	3.43603004551
1.2199851471440364	0.2148023	3.28579831169
1.2217304763960306	0.1977517	3.13167036541
1.2234758056480248	0.1815036	2.99098753734
1.2252211349000193	0.1682761	2.87888093183
1.2269664641520137	0.160587	2.80731888014
1.228711793404008	0.1601881	2.78325339108
1.2304571226560024	0.1669723	2.80687169956
1.2322024519079966	0.1801597	2.87274020256
1.233947781159991	0.199386	2.97176008983
1.2356931104119853	0.2232031	3.09078122012
1.23743843966398	0.2482576	3.21301290354
1.2391837689159741	0.2715737	3.32213537708
1.2409290981679681	0.2918557	3.40545615796
1.2426744274199628	0.3075146	3.45293955964
1.244419756671957	0.3160393	3.45725768202
1.2461650859239515	0.3165035	3.41720765901
1.2479104151759457	0.3102579	3.33856273059
1.24965574442794	0.2985708	3.23058580922
1.2514010736799344	0.2821339	3.10430993953
1.2531464029319286	0.2629374	2.97364118854
1.254891732183923	0.2440602	2.85382703582
1.2566370614359172	0.2276993	2.75754022017
1.2583823906879115	0.215189	2.69363148984
1.260127719939906	0.2079663	2.66771568515
1.2618730491919004	0.2068767	2.68107044833
1.2636183784438946	0.2115658	2.72972494817
1.265363707695889	0.221313	2.80587885776
1.2671090369478832	0.2350441	2.89908042827
1.2688543661998777	0.2505548	2.99652516144
1.270599695451872	0.2654829	3.08518933779
1.2723450247038663	0.2785908	3.15449369806
1.2740903539558606	0.288663	3.1962794978
1.2758356832078548	0.2936503	3.20457451809
1.2775810124598492	0.2925829	3.17796494504
1.2793263417118435	0.2865857	3.12068849379
1.2810716709638381	0.2767332	3.03986200639
1.2828170002158321	0.263125	2.94364422709
1.2845623294678263	0.247011	2.84254644353
1.286307658719821	0.2312444	2.74883570501
1.288052987971815	0.217775	2.67268204381
1.2897983172238097	0.2070151	2.62051928922
1.2915436464758039	0.1998408	2.59661255603
1.293288975727798	0.1977092	2.60288079274
1.2950343049797925	0.2006988	2.63676501902
1.296779634231787	0.2075122	2.69162616685
1.2985249634837812	0.2171239	2.75927595022
1.3002702927357757	0.2287436	2.83083821724
1.3020156219877699	0.24083	2.89663104385
1.3037609512397643	0.2516118	2.9476971808
1.3055062804917585	0.2599597	2.97759729098
1.307251609743753	0.2650467	2.98261780606
1.3089969389957472	0.2662091	2.96187952158
1.3107422682477414	0.26359	2.91799360713
1.3124875974997359	0.2578955	2.85644826966
1.31423292675173	0.2496395	2.78415662
1.3159782560037245	0.2396959	2.70924395268
1.3177235852557188	0.2299012	2.64082124497
1.319468914507713	0.2218216	2.5867831031
1.3212142437597074	0.2158346	2.55206515178
1.3229595730117016	0.2124344	2.53955147839
1.324704902263696	0.2129066	2.55057281326
1.3264502315156905	0.2175599	2.58301879722
1.3281955607676847	0.2250246	2.63089803276
1.3299408900196792	0.2342531	2.68710994244
1.3316862192716734	0.2452437	2.74498361055
1.3334315485236679	0.2570935	2.79695532592
1.335176877775662	0.2676379	2.83497020532
1.3369222070276563	0.2756719	2.85360474569
1.338667536279651	0.2813989	2.85103587337
1.3404128655316452	0.284511	2.82716806883
1.3421581947836396	0.28408	2.78349343125
1.3439035240356338	0.2803453	2.72473393865
1.345648853287628	0.2746151	2.65816706433
1.3473941825396225	0.2677082	2.59124873251
1.3491395117916167	0.2601063	2.53104559924
1.3508848410436112	0.2528993	2.48445148463
1.3526301702956054	0.2472251	2.45685633533
1.3543754995475996	0.2435902	2.45099715575
1.356120828799594	0.2424022	2.46734387556
1.3578661580515883	0.2439797	2.50400067921
1.3596114873035827	0.2478276	2.55611585006
1.3613568165555772	0.2531584	2.61707771717
1.3631021458075714	0.2597496	2.68015928234
1.3648474750595658	0.2670347	2.73811077168
1.36659280431156	0.2733991	2.78310548591
1.3683381335635545	0.2777267	2.80927325055
1.3700834628155487	0.2802577	2.81417882599
1.371828792067543	0.2808491	2.79707250365
1.3735741213195374	0.2783333	2.75826078411
1.3753194505715316	0.2725815	2.70131460751
1.3770647798235263	0.2650431	2.63321657688
1.3788101090755203	0.256509	2.56123087066
1.3805554383275145	0.246624	2.49172573847
1.3823007675795091	0.2359933	2.43177654839
1.3840460968315031	0.2263552	2.38857826723
1.3857914260834978	0.2184181	2.36653628442
1.387536755335492	0.2117002	2.36680355612
1.3892820845874863	0.2063636	2.38902060494
1.3910274138394807	0.203153	2.43120327797
1.392772743091475	0.2018216	2.48849203597
1.3945180723434694	0.2013498	2.55400505592
1.3962634015954638	0.2012438	2.62064625597
1.398008730847458	0.201315	2.68144213023
1.3997540600994525	0.2008891	2.72966901172
1.4014993893514467	0.1992471	2.7600611865
1.4032447186034411	0.1961512	2.7695073133
1.4049900478554354	0.1914504	2.75680023833
1.4067353771074296	0.18501	2.72300150301
1.408480706359424	0.1771713	2.67186639602
1.4102260356114182	0.1684456	2.60876090434
1.4119713648634127	0.1589962	2.53952347053
1.413716694115407	0.1491866	2.47083771795
1.4154620233674011	0.1399835	2.41005268053
1.4172073526193956	0.1320143	2.36316321502
1.4189526818713898	0.125091	2.33375876159
1.4206980111233842	0.1192846	2.3241521021
1.4224433403753785	0.1152845	2.3355560256
1.424188669627373	0.1131262	2.36641759237
1.4259339988793673	0.1119064	2.41234999668
1.4276793281313616	0.1111831	2.46824187606
1.429424657383356	0.1112372	2.5289658802
1.4311699866353502	0.1117318	2.58834004206
1.4329153158873444	0.111639	2.63972129921
1.434660645139339	0.1106195	2.67810287493
1.436405974391333	0.1090696	2.70049331396
1.4381513036433278	0.1069214	2.70494054198
1.439896632895322	0.1037351	2.69089366167
1.4416419621473162	0.09971313	2.6601476679
1.4433872913993107	0.09548617	2.61627444677
1.4451326206513049	0.09129631	2.56360920368
1.4468779499032993	0.08723566	2.50721192844
1.4486232791552935	0.08370075	2.45257137097
1.4503686084072878	0.08101311	2.40456263466
1.4521139376592822	0.07921233	2.36715461065
1.4538592669112764	0.07843057	2.34358934893
1.4556045961632709	0.07874833	2.3355470485
1.457349925415265	0.07979654	2.3425051251
1.4590952546672595	0.08122183	2.36278181734
1.460840583919254	0.08311017	2.39426576196
1.4625859131712482	0.08529876	2.43343716289
1.4643312424232426	0.08705037	2.47531568341
1.4660765716752369	0.08802407	2.51544151985
1.467821900927231	0.08859752	2.55065357489
1.4695672301792255	0.0887802	2.57775583119
1.4713125594312197	0.08799722	2.59356395047
1.4730578886832144	0.08627293	2.5968376489
1.4748032179352084	0.08435092	2.58844454888
1.4765485471872026	0.08246785	2.56958148319
1.4782938764391973	0.08028455	2.54162054574
1.4800392056911913	0.07800819	2.50742084309
1.481784534943186	0.0763244	2.47087585872
1.4835298641951802	0.07534377	2.4352341349
1.4852751934471744	0.07470887	2.40302726439
1.4870205226991688	0.07445338	2.3768518413
1.488765851951163	0.07482123	2.35883129428
1.4905111812031575	0.07561589	2.34976812478
1.4922565104551517	0.07644815	2.34950279442
1.4940018397071462	0.07719095	2.35733654341
1.4957471689591406	0.07774167	2.37174037026
1.4974924982111348	0.07784332	2.39053907619
1.4992378274631293	0.07737557	2.41157150299
1.5009831567151235	0.07633836	2.43259261185
1.5027284859671177	0.07458966	2.45108379384
1.5044738152191122	0.07208692	2.46509449489
1.5062191444711064	0.06913219	2.47376557301
1.5079644737231008	0.06593034	2.47649441
1.509709802975095	0.06235097	2.47262687541
1.5114551322270893	0.05849521	2.46254663165
1.5132004614790837	0.05486234	2.44784363959
1.514945790731078	0.05163128	2.42989964397
1.5166911199830724	0.0485113	2.40955144004
1.5184364492350666	0.04551622	2.38830458985
1.520181778487061	0.04305116	2.36828809149
1.5219271077390553	0.04109922	2.35073776261
1.5236724369910497	0.03919603	2.33589155862
1.5254177662430441	0.03725264	2.32428882129
1.5271630954950384	0.03554983	2.31669173628
1.5289084247470326	0.03398667	2.31287084613
1.5306537539990273	0.03216374	2.31181365427
1.5323990832510213	0.03007218	2.31288143911
1.534144412503016	0.02798089	2.31567785436
1.5358897417550101	0.02587494	2.31927822916
1.5376350710070041	0.02360974	2.32259559118
1.5393804002589988	0.02132138	2.32505532009
1.541125729510993	0.01923048	2.32631498387
1.5428710587629875	0.01737679	2.32596217144
1.5446163880149817	0.01581152	2.32386775014
1.546361717266976	0.01466904	2.32019910747
1.5481070465189704	0.01395372	2.31503202529
1.5498523757709646	0.01362428	2.30856766939
1.551597705022959	0.01378673	2.30142432384
1.5533430342749532	0.01445142	2.29406520681
1.5550883635269477	0.0153725	2.28646557927
1.556833692778942	0.01643508	2.27884867127
1.5585790220309363	0.01779198	2.27190678879
1.5603243512829308	0.01939479	2.26584967888
1.562069680534925	0.02092543	2.26024644988
1.5638150097869192	0.02233932	2.25510401389
1.5655603390389137	0.02388966	2.25095757994
1.567305668290908	0.02557855	2.24776438603
1.5690509975429023	0.02719294	2.24493048489
1.5707963267948966	0.02881348	2.24242178053
1.5725416560468908	0.0307113	2.24066550959
1.5742869852988854	0.03290561	2.23953717092
1.5760323145508797	0.03530218	2.23854134379
1.5777776438028739	0.03799715	2.23766509196
1.579522973054868	0.04108184	2.23711818409
1.5812683023068623	0.04448328	2.23667908937
1.583013631558857	0.04818249	2.23600265832
1.5847589608108512	0.05219242	2.23502439002
1.5865042900628454	0.05632756	2.2336285412
1.5882496193148399	0.06043012	2.23154342061
1.589994948566834	0.06461538	2.22871538835
1.5917402778188285	0.06886267	2.22515303368
1.593485607070823	0.07279794	2.2205926295
1.5952309363228174	0.07630937	2.21497739813
1.5969762655748114	0.07975174	2.20879084714
1.5987215948268056	0.08316369	2.20231111117
1.6004669240788003	0.08610189	2.19531410637
1.6022122533307945	0.0885719	2.18804929739
1.6039575825827892	0.09114191	2.18144606753
1.6057029118347834	0.09388225	2.17587735116
1.6074482410867772	0.09628903	2.17096144344
1.6091935703387719	0.09841138	2.16690417448
1.610938899590766	0.100858	2.16456672099
1.6126842288427607	0.1036171	2.16396366025
1.614429558094755	0.1060985	2.16424066925
1.6161748873467492	0.1083071	2.16521955802
1.6179202165987434	0.1107453	2.16735027808
1.6196655458507379	0.1132909	2.17020091252
1.6214108751027323	0.1153568	2.17263218198
1.6231562043547265	0.1169381	2.17430877754
1.624901533606721	0.1184182	2.175526731
1.6266468628587152	0.1196648	2.17589931781
1.6283921921107094	0.1202768	2.17466155393
1.630137521362704	0.1203339	2.17186569952
1.6318828506146983	0.1201259	2.16806195441
1.6336281798666925	0.1195993	2.16333900128
1.6353735091186867	0.1186446	2.15766860672
1.637118838370681	0.117425	2.15156947406
1.6388641676226756	0.1160727	2.14568452772
1.6406094968746698	0.1145799	2.14033229098
1.642354826126664	0.1130814	2.13584990049
1.6441001553786583	0.1117131	2.13265634397
1.6458454846306525	0.1103397	2.13084957406
1.6475908138826472	0.1089198	2.13038820863
1.6493361431346414	0.1077387	2.13141968946
1.6510814723866356	0.1068261	2.1337906346
1.6528268016386303	0.1057729	2.136781173
1.6545721308906243	0.1045125	2.1399012388
1.6563174601426187	0.1034566	2.14314969117
1.6580627893946132	0.1025678	2.14606323049
1.6598081186466074	0.1012986	2.14761917871
1.6615534478986018	0.09964662	2.14745851226
1.6632987771505963	0.09815644	2.14597889782
1.6650441064025905	0.09680062	2.14304874089
1.6667894356545847	0.0950476	2.13804472542
1.668534764906579	0.09300148	2.13122734331
1.6702800941585736	0.09126448	2.12361193867
1.6720254234105678	0.08981953	2.11555482132
1.673770752662562	0.08821607	2.10690426786
1.6755160819145563	0.08660134	2.09828736354
1.6772614111665505	0.08547509	2.0908067911
1.6790067404185451	0.0847711	2.08478046922
1.6807520696705394	0.0841324	2.08001682859
1.6824973989225336	0.0836668	2.07684195996
1.684242728174528	0.08364589	2.07573279518
1.6859880574265222	0.08394303	2.07646924809
1.6877333866785167	0.08434857	2.07851823639
1.6894787159305111	0.08492545	2.08166078137
1.6912240451825054	0.08570549	2.08564476479
1.6929693744344996	0.08657177	2.08988424913
1.6947147036864938	0.08755191	2.09386603211
1.6964600329384885	0.08870916	2.09725100287
1.6982053621904827	0.08988369	2.09957173905
1.6999506914424773	0.0910347	2.10047943278
1.7016960206944716	0.09245547	2.1000556367
1.7034413499464653	0.09421066	2.09833130144
1.70518667919846	0.09596676	2.09504556342
1.7069320084504542	0.0977461	2.09037186664
1.708677337702449	0.1000279	2.08506450535
1.7104226669544431	0.1028173	2.07946818175
1.7121679962064373	0.1056016	2.0733902203
1.7139133254584316	0.1084114	2.06721383422
1.7156586547104258	0.1117928	2.06188127955
1.7174039839624204	0.1156501	2.05758293815
1.7191493132144147	0.1193428	2.05380602014
1.7208946424664089	0.1228997	2.05070011714
1.7226399717184033	0.126861	2.04892755414
1.7243853009703975	0.1310677	2.04826115935
1.726130630222392	0.1348862	2.04782247431
1.7278759594743864	0.138386	2.04749266334
1.7296212887263807	0.1420694	2.04764600401
1.7313666179783749	0.145787	2.04786360663
1.733111947230369	0.1490527	2.04730442514
1.7348572764823638	0.1519993	2.04591078381
1.736602605734358	0.1550306	2.04403682549
1.7383479349863522	0.1580353	2.04145504791
1.7400932642383464	0.1607429	2.03777325573
1.7418385934903406	0.1633025	2.0332173036
1.7435839227423353	0.1659174	2.02820071355
1.7453292519943295	0.1684913	2.0227797086
1.7470745812463238	0.1709715	2.01704545337
1.7488199104983184	0.1734532	2.01135990567
1.7505652397503124	0.1758628	2.00595401638
1.7523105690023069	0.1781088	2.00094504812
1.7540558982543013	0.1803557	1.99665661683
1.7558012275062955	0.1826228	1.99328131907
1.75754655675829	0.1845695	1.99059815806
1.7592918860102844	0.1861481	1.98858042397
1.7610372152622786	0.1877561	1.98759980827
1.7627825445142729	0.1893647	1.98756083233
1.764527873766267	0.1904424	1.98779058029
1.7662732030182617	0.1910314	1.98815935865
1.768018532270256	0.191746	1.98912409561
1.7697638615222502	0.1925303	1.99043464852
1.7715091907742444	0.1927348	1.99120480753
1.7732545200262386	0.1924881	1.99138653754
1.7749998492782333	0.1925354	1.99162721778
1.7767451785302275	0.1927754	1.99170178535
1.7784905077822217	0.192488	1.99074889085
1.780235837034216	0.1918388	1.98890364488
1.7819811662862104	0.191581	1.98698190939
1.7837264955382048	0.1915467	1.98483572857
1.785471824790199	0.191002	1.98172688015
1.7872171540421935	0.1901121	1.97792000909
1.7889624832941877	0.1895422	1.97424198539
1.790707812546182	0.1890812	1.97056999127
1.7924531417981766	0.188078	1.96630029931
1.7941984710501708	0.1866987	1.96171599176
1.7959438003021653	0.1854753	1.95748533742
1.7976891295541597	0.1842123	1.95346646899
1.7994344588061535	0.1824471	1.94921112228
1.8011797880581482	0.1803577	1.94494825207
1.8029251173101424	0.178312	1.94108770283
1.804670446562137	0.1761749	1.93747571282
1.8064157758141313	0.1737306	1.93386373687
1.8081611050661255	0.171147	1.93039843073
1.8099064343181197	0.168585	1.92719531183
1.811651763570114	0.1659711	1.92411890566
1.8133970928221086	0.1633312	1.92115202317
1.8151424220741028	0.1607753	1.91835032893
1.816887751326097	0.1582201	1.91554423107
1.8186330805780915	0.1556382	1.91265028599
1.8203784098300857	0.1532612	1.90989126133
1.8221237390820801	0.1511101	1.90724510681
1.8238690683340746	0.1488685	1.90431582138
1.8256143975860688	0.1465566	1.90111218201
1.827359726838063	0.1445777	1.89808797958
1.8291050560900572	0.1428731	1.89517824157
1.830850385342052	0.140958	1.89185315792
1.8325957145940461	0.1389169	1.88823849759
1.8343410438460404	0.1372873	1.88496952411
1.8360863730980346	0.1359577	1.88195724156
1.8378317023500288	0.134359	1.87861320313
1.8395770316020235	0.1326406	1.87514753556
1.8413223608540177	0.1314078	1.87225964862
1.843067690106012	0.1305124	1.86981013917
1.8448130193580066	0.1293699	1.86718420164
1.8465583486100006	0.1281644	1.86459193744
1.848303677861995	0.127478	1.86264616842
1.8500490071139892	0.1271292	1.86112341575
1.8517943363659837	0.126574	1.859417215
1.8535396656179781	0.1259913	1.85767447159
1.8552849948699723	0.1258569	1.85632475476
1.8570303241219668	0.1259715	1.85509182576
1.858775653373961	0.1258922	1.85347330068
1.8605209826259552	0.1257709	1.85157013031
1.8622663118779499	0.1259295	1.84963094715
1.864011641129944	0.1261877	1.84743128247
1.8657569703819383	0.1262674	1.84470824859
1.8675022996339325	0.1262899	1.84157882938
1.8692476288859268	0.126406	1.83815555331
1.8709929581379214	0.1264931	1.83435888283
1.8727382873899157	0.1264791	1.83024260921
1.8744836166419099	0.1264487	1.8259515889
1.876228945893904	0.1263734	1.82145824036
1.8779742751458985	0.1262044	1.81682435609
1.879719604397893	0.1260753	1.8123738199
1.8814649336498872	0.1260148	1.80820346639
1.8832102629018816	0.1258111	1.80408078127
1.8849555921538759	0.1254826	1.80012379118
1.88670092140587	0.1253352	1.79680232339
1.8884462506578648	0.1253231	1.7940717745
1.890191579909859	0.1250668	1.79145368296
1.8919369091618534	0.1246416	1.78905378729
1.8936822384138474	0.1244816	1.78739255579
1.8954275676658416	0.1244685	1.78627059386
1.8971728969178363	0.1241018	1.7850255082
1.8989182261698305	0.1235105	1.78376461171
1.9006635554218252	0.1232136	1.78304060763
1.9024088846738194	0.1230425	1.78257956769
1.9041542139258136	0.1224422	1.78167952266
1.9058995431778079	0.1215909	1.78050832324
1.907644872429802	0.1210436	1.77965703444
1.9093902016817967	0.1206065	1.77887164131
1.911135530933791	0.1197341	1.77754120053
1.9128808601857852	0.1186352	1.77591100782
1.9146261894377794	0.1178404	1.77456506118
1.9163715186897738	0.1171479	1.77330096433
1.9181168479417683	0.116071	1.77164967583
1.9198621771937625	0.114818	1.76987563061
1.921607506445757	0.1138348	1.76845316014
1.9233528356977512	0.1129256	1.76720580147
1.9250981649497454	0.1117008	1.7658001347
1.92684349420174	0.1103407	1.76443743503
1.9285888234537343	0.109164	1.76338951524
1.9303341527057285	0.1080005	1.76248743749
1.9320794819577227	0.1065921	1.76153471791
1.933824811209717	0.1050767	1.76063205521
1.9355701404617116	0.103628	1.75982582904
1.9373154697137058	0.102126	1.75898406037
1.9390607989657	0.1004675	1.7580812664
1.9408061282176947	0.09874293	1.75713749102
1.9425514574696887	0.09698113	1.75601463125
1.9442967867216832	0.09512816	1.7546706133
1.9460421159736774	0.09323851	1.75328280976
1.9477874452256718	0.0913492	1.75182465698
1.9495327744776663	0.08935204	1.75002732491
1.9512781037296605	0.08725986	1.74796394572
1.953023432981655	0.08526336	1.74599974069
1.9547687622336491	0.08333906	1.7440696129
1.9565140914856434	0.0812575	1.7418062786
1.958259420737638	0.0790879	1.73937617511
1.9600047499896323	0.07712132	1.73726676964
1.9617500792416265	0.07527398	1.73535960779
1.9634954084936207	0.07322443	1.73320896117
1.965240737745615	0.07108649	1.73102881903
1.9669860669976096	0.06921324	1.72934619345
1.9687313962496038	0.06747343	1.72798140638
1.970476725501598	0.06549655	1.72644388394
1.9722220547535922	0.06343078	1.72495683176
1.9739673840055865	0.06165413	1.7240184111
1.9757127132575811	0.06000894	1.72340434408
1.9774580425095754	0.05812264	1.72263326408
1.9792033717615696	0.05616452	1.72191551593
1.980948701013564	0.05449943	1.72167274196
1.9826940302655582	0.05296364	1.72166930075
1.9844393595175527	0.05122236	1.721492127
1.9861846887695471	0.04944648	1.72132378505
1.9879300180215416	0.0479494	1.72147513914
1.9896753472735356	0.04657683	1.72173333853
1.9914206765255298	0.0450604	1.72180122174
1.9931660057775245	0.04355089	1.72181955722
1.9949113350295187	0.04227876	1.72196548785
1.9966566642815133	0.04111227	1.72207740626
1.9984019935335076	0.03986928	1.72200517873
2.0001473227855016	0.0386639	1.72183764317
2.0018926520374962	0.03762628	1.72161070697
2.0036379812894904	0.03666048	1.72123635717
2.0053833105414847	0.03568293	1.72072599521
2.0071286397934793	0.03476296	1.7201125638
2.0088739690454736	0.03392802	1.71929823757
2.0106192982974678	0.03312878	1.71828088186
2.012364627549462	0.03238264	1.71722773365
2.0141099568014567	0.03171164	1.71611397363
2.015855286053451	0.03104859	1.71472377653
2.017600615305445	0.03039443	1.71313724403
2.0193459445574393	0.02985702	1.71164907774
2.0210912738094335	0.02941113	1.71017404522
2.022836603061428	0.02890934	1.70839877588
2.0245819323134224	0.02839808	1.70646797294
2.0263272615654166	0.02805416	1.7047600016
2.028072590817411	0.02780829	1.7031313804
2.029817920069405	0.02745321	1.70120096547
2.0315632493213998	0.02707119	1.69915694426
2.033308578573394	0.02688137	1.69741589184
2.035053907825388	0.02677946	1.69579103676
2.036799237077383	0.02652528	1.69387637603
2.0385445663293766	0.02622622	1.6918864981
2.0402898955813713	0.02611723	1.69023659646
2.0420352248333655	0.02607383	1.68872264298
2.0437805540853597	0.02585362	1.68696242468
2.0455258833373544	0.02557785	1.68517999751
2.0472712125893486	0.02547222	1.68375151741
2.049016541841343	0.02540897	1.68248066319
2.050761871093337	0.0251719	1.68104840063
2.0525072003453313	0.024883	1.67966328265
2.054252529597326	0.02473506	1.67862157054
2.05599785884932	0.02461163	1.67774917081
2.0577431881013144	0.02434428	1.67681244435
2.0594885173533086	0.02404091	1.6759729853
2.0612338466053033	0.02384101	1.67540924991
2.0629791758572975	0.02365052	1.67497744795
2.0647245051092917	0.0233623	1.67454082583
2.0664698343612864	0.0230568	1.67418981125
2.0682151636132806	0.02280699	1.67396535075
2.069960492865275	0.02254967	1.67376702459
2.0717058221172695	0.02224566	1.67356674566
2.0734511513692637	0.02193959	1.67337928379
2.075196480621258	0.0216343	1.67311554698
2.076941809873252	0.02130375	1.67273977433
2.0786871391252464	0.02097703	1.67234505534
2.080432468377241	0.02066024	1.67188335431
2.0821777976292353	0.02029153	1.67116251676
2.08392312688123	0.01988455	1.67022969084
2.0856684561332237	0.01952976	1.66930015713
2.087413785385218	0.01919636	1.6682785886
2.0891591146372126	0.01876942	1.66689914753
2.090904443889207	0.01829951	1.66529221657
2.0926497731412015	0.01792439	1.66377341974
2.0943951023931957	0.01758097	1.66220700444
2.0961404316451895	0.01711694	1.66027524976
2.097885760897184	0.01661217	1.65817111445
2.0996310901491784	0.01623267	1.65626867877
2.101376419401173	0.01589075	1.65439292362
2.1031217486531673	0.01541575	1.6521929763
2.1048670779051615	0.01490646	1.64989421435
2.1066124071571557	0.0145365	1.64788251979
2.10835773640915	0.01420472	1.64595087562
2.1101030656611446	0.01374323	1.64374109218
2.111848394913139	0.01325849	1.6414853155
2.113593724165133	0.01291188	1.6395436233
2.1153390534171272	0.0126021	1.63769684864
2.1170843826691215	0.01218473	1.63561455451
2.118829711921116	0.01176205	1.63351847585
2.1205750411731104	0.01146526	1.63171641409
2.1223203704251046	0.01120575	1.63000372866
2.124065699677099	0.01087956	1.62811284384
2.1258110289290935	0.01057254	1.62624027619
2.1275563581810877	0.01037036	1.62461989645
2.129301687433082	0.01020755	1.6230838648
2.1310470166850766	0.01003187	1.62145132976
2.132792345937071	0.009901295	1.61987540525
2.134537675189065	0.009845119	1.61849548134
2.1362830044410597	0.009828539	1.61719289286
2.138028333693054	0.009856422	1.61588296209
2.139773662945048	0.009950535	1.6146564233
2.141518992197043	0.01007944	1.61354322824
2.143264321449037	0.01024398	1.61247986479
2.1450096507010312	0.01050616	1.61147823316
2.1467549799530254	0.01084794	1.61055520726
2.1485003092050197	0.01118016	1.60962965904
2.1502456384570143	0.0115413	1.6086986973
2.1519909677090086	0.01204528	1.60786803727
2.1537362969610028	0.01263533	1.60708188287
2.155481626212997	0.01317381	1.60616203036
2.157226955464991	0.01373476	1.60517158327
2.158972284716986	0.01447301	1.60430385046
2.16071761396898	0.01529775	1.60344155157
2.1624629432209743	0.0160365	1.60233385525
2.1642082724729685	0.01679234	1.60111044395
2.1659536017249628	0.01774535	1.60003861038
2.1676989309769574	0.01877873	1.59895468984
2.1694442602289516	0.01970228	1.59756272274
2.171189589480946	0.02063834	1.59604995585
2.17293491873294	0.02177381	1.59473370762
2.1746802479849343	0.02297729	1.59341817793
2.176425577236929	0.0240606	1.5917880279
2.178170906488923	0.02515353	1.5900690321
2.179916235740918	0.02643065	1.58859626554
2.1816615649929116	0.02776001	1.58715510879
2.183406894244906	0.02897624	1.58543479336
2.1851522234969005	0.03020372	1.58367498139
2.1868975527488947	0.03158606	1.58219392441
2.1886428820008894	0.03300588	1.58077313467
2.1903882112528836	0.03434016	1.57913029285
2.192133540504878	0.03569408	1.57749406583
2.193878869756872	0.037163	1.57613470776
2.1956241990088667	0.03865822	1.57484775335
2.197369528260861	0.04011487	1.57340318871
2.199114857512855	0.04160483	1.57199676593
2.20086018676485	0.04316016	1.57082598865
2.202605516016844	0.04473243	1.56971992932
2.2043508452688383	0.04632586	1.56852258079
2.206096174520833	0.04796605	1.56737883689
2.207841503772827	0.04961057	1.56639597578
2.2095868330248214	0.05126025	1.56545513367
2.2113321622768156	0.05299431	1.56449119946
2.21307749152881	0.05478228	1.5635845425
2.2148228207808045	0.0565019	1.56274215779
2.2165681500327987	0.05820964	1.56191242539
2.218313479284793	0.06006114	1.56113131023
2.220058808536787	0.06196473	1.56040558614
2.2218041377887814	0.06371965	1.55963919743
2.223549467040776	0.0654415	1.55885786471
2.2252947962927703	0.06735907	1.55820100796
2.2270401255447645	0.06931937	1.55759739473
2.2287854547967587	0.07105053	1.55685178994
2.230530784048753	0.07272695	1.5560709816
2.2322761133007476	0.07464236	1.55549196039
2.234021442552742	0.07658661	1.55496550404
2.235766771804736	0.07822898	1.55420675671
2.2375121010567303	0.07979782	1.55340044143
2.239257430308725	0.0816387	1.55286752903
2.241002759560719	0.08349222	1.5523852987
2.2427480888127134	0.0849848	1.55159396602
2.2444934180647076	0.08638974	1.55074703221
2.246238747316702	0.08808745	1.55023006055
2.2479840765686965	0.08978077	1.5497564073
2.2497294058206907	0.09107227	1.54891111463
2.251474735072685	0.09226787	1.54800309139
2.253220064324679	0.09376361	1.54745989388
2.254965393576674	0.09523924	1.54694600873
2.256710722828668	0.09629453	1.54601559205
2.2584560520806622	0.09725338	1.5450169378
2.260201381332657	0.09850717	1.544395735
2.261946710584651	0.09972944	1.54378718614
2.2636920398366454	0.1005387	1.54274144762
2.26543736908864	0.1012603	1.5416279862
2.2671826983406342	0.1022604	1.54088623841
2.2689280275926285	0.1032239	1.54014388628
2.2706733568446227	0.1038081	1.53897359244
2.272418686096617	0.1043218	1.53774551455
2.2741640153486116	0.1050862	1.53686827586
2.2759093446006062	0.1058142	1.53598347429
2.2776546738526	0.106219	1.53470983864
2.2794000031045942	0.1065748	1.53339617153
2.2811453323565885	0.10714	1.53239676166
2.2828906616085836	0.1076704	1.53138689188
2.284635990860578	0.1079491	1.53005091884
2.286381320112572	0.1081991	1.52869472926
2.288126649364566	0.1086016	1.5275980558
2.28987197861656	0.1089688	1.52648780196
2.291617307868555	0.1091642	1.52512959775
2.2933626371205493	0.1093458	1.52376781492
2.2951079663725436	0.1096085	1.52259285401
2.2968532956245378	0.1098322	1.52139918775
2.2985986248765315	0.1099673	1.52004538692
2.3003439541285267	0.1100976	1.5187001738
2.302089283380521	0.1102274	1.51745608702
2.303834612632515	0.1103129	1.51618807845
2.3055799418845093	0.1103939	1.51485446849
2.3073252711365035	0.1104743	1.5135387848
2.309070600388498	0.110469	1.51223288022
2.3108159296404924	0.1104148	1.51090048948
2.3125612588924866	0.1104388	1.50960057675
2.314306588144481	0.1104636	1.50832615952
2.316051917396475	0.1103199	1.50697051983
2.3177972466484698	0.1101251	1.50558896802
2.319542575900464	0.1100867	1.50433598194
2.321287905152458	0.1100488	1.50311317779
2.3230332344044524	0.1097669	1.50172221028
2.324778563656447	0.1094352	1.50030760367
2.3265238929084413	0.1093306	1.4991093009
2.3282692221604355	0.1092253	1.49794177651
2.33001455141243	0.1088129	1.49652705559
2.3317598806644244	0.108356	1.495092335
2.3335052099164186	0.1081875	1.49394948291
2.3352505391684133	0.1080179	1.49283549472
2.3369958684204075	0.1074949	1.49140933249
2.3387411976724017	0.1069381	1.48997065439
2.340486526924396	0.1067202	1.48888694927
2.34223185617639	0.1065036	1.48783179101
2.343977185428385	0.1059075	1.48642051656
2.345722514680379	0.1052943	1.48501112824
2.3474678439323733	0.1050579	1.48400768952
2.3492131731843675	0.1048285	1.48303694187
2.3509585024363617	0.1042146	1.48169072211
2.3527038316883564	0.1036041	1.48036721657
2.3544491609403506	0.1033933	1.47948557522
2.356194490192345	0.1031963	1.47864331236
2.357939819444339	0.1026288	1.47742814769
2.3596851486963333	0.1020852	1.47625723839
2.361430477948328	0.1019451	1.47554232721
2.363175807200322	0.1018237	1.47486993953
2.3649211364523164	0.1013605	1.47384215109
2.3666664657043106	0.1009375	1.4728729893
2.368411794956305	0.1009	1.47234560855
2.3701571242083	0.1008816	1.47185475724
2.371902453460294	0.1005608	1.47103483954
2.373647782712288	0.1002897	1.4702760749
2.375393111964282	0.100364	1.46991518751
2.3771384412162764	0.1004527	1.46957525381
2.3788837704682715	0.1002873	1.46894030329
2.3806290997202657	0.1001736	1.46835878755
2.38237442897226	0.1003459	1.46810725283
2.384119758224254	0.1005243	1.46785689192
2.3858650874762484	0.1005046	1.46735674297
2.387610416728243	0.1005327	1.46689827831
2.3893557459802373	0.1007727	1.4666877557
2.3911010752322315	0.1010094	1.46646199416
2.3928464044842257	0.1011109	1.46604680092
2.39459173373622	0.1012524	1.46566371503
2.3963370629882146	0.1015223	1.46544146832
2.398082392240209	0.1017807	1.4651960529
2.3998277214922035	0.101973	1.46483703608
2.4015730507441977	0.1021956	1.46450525959
2.403318379996192	0.1024592	1.46424733924
2.4050637092481866	0.1027064	1.46396733599
2.406809038500181	0.1029615	1.46366072921
2.408554367752175	0.1032376	1.46337972605
2.4102996970041692	0.1034687	1.46308728314
2.4120450262561635	0.1036838	1.4627799842
2.413790355508158	0.1039847	1.46253723211
2.4155356847601523	0.1042996	1.46231835878
2.4172810140121466	0.1044899	1.46200463951
2.419026343264141	0.1046714	1.46168568451
2.420771672516135	0.1050184	1.46151949358
2.4225170017681297	0.1053762	1.46137246086
2.424262331020124	0.1055398	1.46104970458
2.426007660272118	0.1057085	1.46073073337
2.4277529895241123	0.106121	1.46064402501
2.4294983187761066	0.1065444	1.46056706268
2.4312436480281012	0.1067155	1.46023743137
2.4329889772800954	0.1069097	1.45991797252
2.4347343065320897	0.1074202	1.45989715773
2.436479635784084	0.1079426	1.45987129774
2.438224965036078	0.1081652	1.45952159157
2.4399702942880728	0.1084296	1.45918457814
2.441715623540067	0.1090709	1.4591964731
2.443460952792061	0.109723	1.45918352168
2.4452062820440554	0.1100364	1.45878375742
2.4469516112960497	0.110407	1.45839535507
2.4486969405480443	0.1111986	1.45838903887
2.4504422698000385	0.1119949	1.45833513432
2.4521875990520328	0.1124213	1.45784337849
2.4539329283040274	0.1129136	1.45735979197
2.4556782575560216	0.1138516	1.45727607214
2.457423586808016	0.1147826	1.45712322398
2.4591689160600105	0.1153195	1.45649851802
2.4609142453120048	0.1159241	1.45588073492
2.462659574563999	0.1169787	1.45566902129
2.464404903815993	0.1180097	1.45537310094
2.466150233067988	0.1186309	1.45459352873
2.467895562319982	0.1193148	1.45382559161
2.4696408915719763	0.1204342	1.45346236456
2.4713862208239705	0.1215106	1.45301051023
2.4731315500759647	0.1221714	1.45208839918
2.47487687932796	0.1228848	1.45119048852
2.476622208579954	0.1240032	1.45069024848
2.4783675378319483	0.1250586	1.45010857494
2.480112867083942	0.1257044	1.44909413523
2.4818581963359363	0.1263902	1.44812253702
2.4836035255879314	0.1274372	1.44753441676
2.4853488548399256	0.1284041	1.44688065338
2.48709418409192	0.1289809	1.44585036243
2.488839513343914	0.1295845	1.44488241778
2.490584842595908	0.1304965	1.44427238572
2.492330171847903	0.1313169	1.44361521476
2.494075501099897	0.1317814	1.44264850441
2.4958208303518914	0.1322618	1.44175774219
2.4975661596038856	0.1329927	1.44118305872
2.49931148885588	0.1336283	1.44057605961
2.5010568181078745	0.1339577	1.43972917968
2.5028021473598687	0.134296	1.43896016673
2.504547476611863	0.134825	1.43844599574
2.506292805863857	0.1352641	1.4379061898
2.5080381351158514	0.1354612	1.43719307375
2.509783464367846	0.1356645	1.4365454139
2.5115287936198403	0.1359987	1.43607244457
2.5132741228718345	0.1362571	1.43557155763
2.5150194521238287	0.1363492	1.43495891614
2.516764781375823	0.1364482	1.4343865984
2.5185101106278176	0.1366184	1.43389474519
2.520255439879812	0.1367334	1.43336704143
2.522000769131806	0.1367652	1.43278626534
2.5237460983838007	0.1368055	1.43221363609
2.525491427635795	0.1368569	1.43162176089
2.527236756887789	0.1368768	1.43098703311
2.528982086139784	0.1368992	1.43036010313
2.530727415391778	0.1369299	1.42971025994
2.5324727446437723	0.1369098	1.42894633429
2.5342180738957665	0.1368824	1.42814113433
2.535963403147761	0.1369409	1.42741235244
2.5377087323997554	0.1370034	1.42663860888
2.5394540616517496	0.1369515	1.42566994574
2.541199390903744	0.1369141	1.4246758392
2.542944720155738	0.1370399	1.42383753027
2.5446900494077327	0.1371603	1.42294573156
2.546435378659727	0.1371009	1.42179701237
2.548180707911721	0.1370738	1.42065385095
2.5499260371637154	0.1372786	1.4197546275
2.5516713664157096	0.1374628	1.41880587548
2.5534166956677042	0.1374011	1.41755586493
2.5551620249196985	0.1373849	1.41635263309
2.5569073541716927	0.1376588	1.41548274327
2.558652683423687	0.1378915	1.41457329084
2.560398012675681	0.1378137	1.41332944622
2.5621433419276762	0.1377895	1.41217443698
2.56388867117967	0.1381025	1.41143253301
2.5656340004316642	0.13835	1.41065775434
2.5673793296836585	0.1382255	1.40951809951
2.5691246589356527	0.1381591	1.40850002608
2.570869988187648	0.1384661	1.40795487525
2.572615317439642	0.1386814	1.40737237193
2.5743606466916362	0.1384697	1.40639080356
2.57610597594363	0.1383182	1.40554764307
2.5778513051956247	0.1385668	1.40521170297
2.5795966344476193	0.1386985	1.40482007397
2.5813419636996136	0.1383579	1.4039907037
2.5830872929516078	0.1380792	1.40330043815
2.584832622203602	0.1382197	1.40312756676
2.586577951455596	0.138222	1.40287084303
2.588323280707591	0.1377189	1.40213879665
2.590068609959585	0.1372813	1.40153663702
2.5918139392115793	0.1372759	1.40144551399
2.593559268463574	0.1371169	1.40124176644
2.595304597715568	0.1364341	1.4005359368
2.5970499269675624	0.1358231	1.39995065559
2.598795256219557	0.1356523	1.39986388872
2.6005405854715513	0.13532	1.39964563187
2.6022859147235455	0.1344605	1.39891901209
2.6040312439755398	0.1336819	1.39831241537
2.6057765732275344	0.1333469	1.39819422787
2.6075219024795286	0.13285	1.39794289074
2.609267231731523	0.1318369	1.39720264299
2.611012560983517	0.130916	1.39659469499
2.6127578902355113	0.130437	1.39647053036
2.614503219487506	0.1298021	1.39622962153
2.6162485487395	0.128675	1.39554322625
2.6179938779914944	0.127652	1.3950112497
2.6197392072434886	0.1270632	1.39496009106
2.621484536495483	0.1263295	1.3948204548
2.6232298657474775	0.1251382	1.39429408532
2.6249751949994717	0.1240616	1.39394501308
2.626720524251466	0.1234046	1.39406625819
2.62846585350346	0.1226172	1.39412810549
2.6302111827554544	0.1214142	1.39386464875
2.631956512007449	0.1203337	1.39379029094
2.6337018412594433	0.1196502	1.39415742252
2.6354471705114375	0.1188521	1.39448332766
2.6371924997634317	0.1176855	1.3945358328
2.638937829015426	0.1166444	1.39476815484
2.6406831582674206	0.115969	1.3953870217
2.642428487519415	0.1151945	1.39596409711
2.644173816771409	0.1141008	1.39630280448
2.6459191460234033	0.1131297	1.3967868343
2.647664475275398	0.1124844	1.39757517407
2.649409804527392	0.1117537	1.39830165937
2.6511551337793864	0.1107531	1.39880808401
2.652900463031381	0.1098659	1.39940382672
2.6546457922833753	0.1092566	1.4002010193
2.6563911215353695	0.1085734	1.40090364442
2.658136450787364	0.1076687	1.4013952697
2.6598817800393584	0.106862	1.40190928635
2.6616271092913526	0.1062791	1.40251408749
2.663372438543347	0.1056318	1.40299111325
2.665117767795341	0.1048099	1.40326886994
2.6668630970473357	0.104066	1.40350515602
2.6686084262993304	0.1034878	1.40372877299
2.670353755551324	0.1028539	1.40380412505
2.6720990848033184	0.1020912	1.40370650214
2.6738444140553126	0.101384	1.40351936119
2.6755897433073077	0.1007829	1.40323585752
2.677335072559302	0.1001353	1.40280607599
2.679080401811296	0.09940433	1.40225176854
2.6808257310632904	0.09870552	1.40158322712
2.682571060315284	0.09805458	1.40076087925
2.6843163895672792	0.09736815	1.39981996568
2.6860617188192735	0.09664393	1.39882593749
2.6878070480712677	0.09592961	1.39771667436
2.689552377323262	0.0952083	1.39642158339
2.691297706575256	0.09446503	1.39505752967
2.693043035827251	0.09373009	1.39372883879
2.694788365079245	0.09298506	1.39230156539
2.6965336943312392	0.09218305	1.39067500531
2.6982790235832335	0.09137549	1.38904191091
2.7000243528352277	0.0906228	1.38753945643
2.7017696820872223	0.08984292	1.38596294349
2.7035150113392166	0.08896173	1.38418240851
2.705260340591211	0.08809415	1.38245960022
2.707005669843205	0.08732783	1.38095832154
2.7087509990951992	0.08652028	1.37940538526
2.710496328347194	0.08557285	1.37764309067
2.712241657599188	0.08466033	1.37599509215
2.7139869868511823	0.08389452	1.37464622994
2.7157323161031766	0.08307607	1.37325875248
2.7174776453551712	0.08208461	1.37164986035
2.7192229746071654	0.08115052	1.37019843418
2.7209683038591597	0.08040657	1.36910582128
2.7227136331111543	0.07960053	1.36797536247
2.7244589623631486	0.07859297	1.36660296026
2.7262042916151428	0.07766525	1.36541664213
2.7279496208671374	0.07696788	1.36463080342
2.7296949501191317	0.0762	1.36379695348
2.731440279371126	0.07520576	1.36269434505
2.73318560862312	0.07431262	1.36179450174
2.7349309378751143	0.07368573	1.3613221654
2.736676267127109	0.07298001	1.36078494131
2.738421596379103	0.07202582	1.35995039225
2.7401669256310974	0.07119174	1.35932793353
2.7419122548830916	0.07065459	1.35915023814
2.743657584135086	0.07002973	1.35888914256
2.7454029133870805	0.06913625	1.35830521772
2.7471482426390748	0.06837891	1.35793979519
2.748893571891069	0.06794342	1.358030884
2.750638901143063	0.06741036	1.3580223272
2.7523842303950574	0.06659012	1.35767168524
2.7541295596470525	0.06591868	1.35754558269
2.7558748888990463	0.06558811	1.35788430321
2.7576202181510405	0.06514908	1.35811076321
2.7593655474030347	0.06440577	1.3579825415
2.761110876655029	0.06382054	1.3580842188
2.762856205907024	0.0635894	1.35865478718
2.7646015351590183	0.06323813	1.35910254841
2.766346864411012	0.06256716	1.35918725778
2.7680921936630063	0.06206033	1.35950362911
2.7698375229150005	0.06191542	1.36028552577
2.7715828521669956	0.06163837	1.36093241195
2.77332818141899	0.06102818	1.36120784205
2.775073510670984	0.06058541	1.36170882503
2.7768188399229783	0.06050752	1.36266046865
2.7785641691749725	0.06028568	1.36345909436
2.780309498426967	0.05971981	1.36387365241
2.7820548276789614	0.05932232	1.3644961666
2.7838001569309556	0.05928845	1.36554011435
2.78554548618295	0.05909976	1.36640478247
2.7872908154349445	0.05855921	1.36686660583
2.7890361446869387	0.05818633	1.3675064278
2.790781473938933	0.05817234	1.36852441261
2.7925268031909276	0.0579943	1.36932966811
2.794272132442922	0.05746031	1.36970899208
2.796017461694916	0.0570922	1.37022719777
2.7977627909469107	0.05707552	1.37107078649
2.799508120198905	0.05688797	1.37166629447
2.801253449450899	0.05634468	1.37181448277
2.8029987787028934	0.05596499	1.37206049669
2.8047441079548876	0.05592724	1.37257788391
2.8064894372068823	0.05571478	1.37281854753
2.8082347664588765	0.05515148	1.37260105113
2.8099800957108707	0.05474942	1.37244791778
2.811725424962865	0.05467831	1.37252086271
2.813470754214859	0.05443199	1.37230466262
2.815216083466854	0.05384454	1.3716389866
2.816961412718848	0.05341606	1.37102070262
2.8187067419708423	0.05330633	1.37060040356
2.8204520712228365	0.05302428	1.36990194243
2.8221974004748307	0.0524154	1.36878805291
2.8239427297268254	0.05196325	1.36772612247
2.8256880589788196	0.05181646	1.36685523183
2.827433388230814	0.05150341	1.36574256232
2.829178717482808	0.05088186	1.3642740221
2.8309240467348022	0.0504145	1.36288254044
2.832669375986797	0.05023784	1.36169391599
2.834414705238791	0.04990363	1.36032079193
2.8361600344907854	0.04928254	1.35867054115
2.8379053637427796	0.04881236	1.35713570666
2.839650692994774	0.04861671	1.35582595277
2.8413960222467685	0.04827422	1.35439981211
2.8431413514987627	0.04766885	1.35278317295
2.844886680750757	0.04720991	1.35132202229
2.8466320100027516	0.04700757	1.35010673307
2.848377339254746	0.04667043	1.34884131088
2.8501226685067405	0.04609586	1.34746692065
2.8518679977587347	0.04566162	1.34627755172
2.853613327010729	0.04546414	1.34534177107
2.855358656262723	0.04514453	1.34440874851
2.8571039855147173	0.04461355	1.34343234571
2.858849314766712	0.04421488	1.34265071214
2.8605946440187062	0.04403117	1.34210950306
2.8623399732707004	0.04373813	1.34160353817
2.8640853025226947	0.04325965	1.34109803418
2.865830631774689	0.04290339	1.34077347648
2.867575961026684	0.04273849	1.34065319478
2.869321290278678	0.04247681	1.34057913343
2.8710666195306724	0.04205493	1.34052782096
2.872811948782666	0.04174325	1.34062213933
2.8745572780346604	0.04159785	1.34086510244
2.8763026072866555	0.04136775	1.34114791923
2.8780479365386498	0.04100176	1.34145926712
2.879793265790644	0.04073228	1.34186581009
2.881538595042638	0.04060302	1.34235306003
2.8832839242946324	0.04040071	1.34286369853
2.885029253546627	0.04008575	1.3433996371
2.8867745827986213	0.03985244	1.3439733203
2.8885199120506155	0.03973294	1.34455569342
2.8902652413026098	0.03955173	1.34514261762
2.892010570554604	0.03928017	1.34575003484
2.8937558998065986	0.03907477	1.34633822603
2.895501229058593	0.03895705	1.34686616703
2.897246558310587	0.03878894	1.3473838073
2.8989918875625813	0.03855198	1.34792137521
2.9007372168145755	0.03836565	1.34838883651
2.90248254606657	0.03824175	1.34873530788
2.9042278753185644	0.03807897	1.34906495863
2.9059732045705586	0.03786829	1.34942206466
2.907718533822553	0.03769311	1.34966791584
2.909463863074547	0.03755646	1.34974347138
2.9112091923265417	0.03739284	1.34980667532
2.912954521578536	0.03720189	1.34991528316
2.91469985083053	0.03703205	1.34988340986
2.916445180082525	0.03687847	1.34964526019
2.918190509334519	0.03671033	1.34941171349
2.9199358385865133	0.03653516	1.34925320535
2.921681167838508	0.03636765	1.34893800301
2.923426497090502	0.03619578	1.3483946359
2.9251718263424964	0.03602231	1.34788570469
2.9269171555944906	0.03586193	1.3474932183
2.9286624848464853	0.03569666	1.34694055356
2.9304078140984795	0.035508	1.34615114689
2.9321531433504737	0.03533118	1.3454376133
2.933898472602468	0.03518737	1.34489193709
2.935643801854462	0.03502689	1.34419293878
2.937389131106457	0.03482531	1.34325886058
2.939134460358451	0.0346494	1.34245003572
2.9408797896104453	0.03452618	1.34186622945
2.9426251188624395	0.03437503	1.34114131016
2.9443704481144337	0.03416605	1.34018754427
2.946115777366429	0.03399679	1.33941021798
2.9478611066184226	0.03389961	1.3389142417
2.949606435870417	0.03376343	1.33828760745
2.951351765122411	0.03355326	1.33743546672
2.9530970943744053	0.03339695	1.33680525335
2.9548424236264004	0.03333176	1.33650441544
2.9565877528783946	0.03321633	1.33607413262
2.9583330821303884	0.03301089	1.33541154122
2.9600784113823826	0.03287343	1.33500402104
2.961823740634377	0.03284568	1.33495962473
2.963569069886372	0.03275598	1.33477242362
2.965314399138366	0.03256005	1.33433152877
2.9670597283903604	0.03244607	1.33416327399
2.968805057642354	0.03245993	1.33437559872
2.970550386894349	0.03239936	1.33441629267
2.9722957161463435	0.03221584	1.33416771937
2.9740410453983377	0.03212808	1.334195657
2.975786374650332	0.03218579	1.33460858133
2.977531703902326	0.03215563	1.3348099933
2.9792770331543204	0.03198513	1.33467797638
2.981022362406315	0.03192403	1.3348194644
2.9827676916583092	0.03202553	1.33534509539
2.9845130209103035	0.03202466	1.33561674083
2.986258350162298	0.03186532	1.33551122397
2.9880036794142923	0.0318289	1.33567879047
2.9897490086662866	0.03197174	1.33623398413
2.9914943379182812	0.03199662	1.3364994617
2.9932396671702755	0.03184422	1.33635338076
2.9949849964222697	0.03182818	1.33649087194
2.996730325674264	0.0320076	1.33703122387
2.9984756549262586	0.0320525	1.33725906115
3.000220984178253	0.03190073	1.33705509722
3.001966313430247	0.03189876	1.33715946488
3.0037116426822412	0.03210807	1.33769537757
3.0054569719342354	0.03216542	1.33790875439
3.00720230118623	0.03200636	1.33768223188
3.0089476304382243	0.03201063	1.33779930058
3.0106929596902186	0.03224165	1.33838450096
3.0124382889422128	0.03230263	1.3386425816
3.014183618194207	0.03212736	1.33845589611
3.0159289474462017	0.03212913	1.33864840658
3.017674276698196	0.03237281	1.33934230939
3.01941960595019	0.032428	1.33969777543
3.0211649352021843	0.03222731	1.33959414762
3.0229102644541785	0.03221767	1.3398930037
3.024655593706173	0.03246487	1.34071082466
3.0264009229581674	0.03250504	1.34116025671
3.0281462522101616	0.0322702	1.34111590012
3.029891581462156	0.03224081	1.3414757605
3.03163691071415	0.03248312	1.34234910002
3.0333822399661448	0.03250001	1.34279996582
3.035127569218139	0.03222355	1.3426988778
3.036872898470133	0.03216747	1.34298213875
3.0386182277221274	0.03239798	1.34375327604
3.040363556974122	0.03238511	1.34402929788
3.0421088862261163	0.03206149	1.34368032269
3.0438542154781105	0.03197384	1.34368638289
3.045599544730105	0.03218788	1.34414982407
3.0473448739820994	0.03214111	1.3440443976
3.0490902032340936	0.03176719	1.3432459186
3.0508355324860883	0.03164563	1.3427864116
3.0525808617380825	0.03184127	1.34277344171
3.0543261909900767	0.03175921	1.34214176209
3.056071520242071	0.03133452	1.34077955247
3.057816849494065	0.03117949	1.33978005416
3.05956217874606	0.03135779	1.33926201685
3.0613075079980545	0.0312419	1.33812321978
3.0630528372500487	0.03076851	1.33626884577
3.0647981665020425	0.0305832	1.33486116733
3.0665434957540367	0.03074824	1.3340330153
3.068288825006032	0.03060265	1.33264208604
3.070034154258026	0.03008484	1.33061069765
3.0717794835100203	0.02987484	1.3291746591
3.0735248127620145	0.0300335	1.32847874215
3.0752701420140083	0.02986462	1.32733021772
3.0770154712660034	0.02930822	1.32566279797
3.0787608005179976	0.02908106	1.32478659396
3.080506129769992	0.02924267	1.3248507343
3.082251459021986	0.02905861	1.32459393293
3.0839967882739803	0.02847018	1.32395014172
3.085742117525975	0.02823465	1.32430255245
3.087487446777969	0.02841064	1.32579327191
3.0892327760299634	0.02822054	1.32706769918
3.0909781052819576	0.02760634	1.32804583874
3.092723434533952	0.02737184	1.33018482688
3.0944687637859465	0.02757546	1.33360811791
3.0962140930379407	0.02738886	1.33683865519
3.097959422289935	0.02675365	1.33976893509
3.099704751541929	0.02652951	1.3439389816
3.1014500807939234	0.0267759	1.34944634045
3.103195410045918	0.02660213	1.35465972707
3.1049407392979123	0.02594766	1.35943478942
3.1066860685499065	0.0257425	1.36541885798
3.1084313978019007	0.0260495	1.37268529999
3.1101767270538954	0.02589725	1.37941287067
3.1119220563058896	0.02521987	1.38541688287
3.113667385557884	0.02504106	1.39250106299
3.1154127148098785	0.02543153	1.40072930205
3.1171580440618727	0.02530871	1.4080419516
3.118903373313867	0.02459485	1.41421334363
3.1206487025658616	0.0244478	1.42129240732
3.122394031817856	0.02495612	1.42936657492
3.12413936106985	0.02487036	1.43605052488
3.1258846903218442	0.02408476	1.44106563149
3.1276300195738385	0.02397121	1.44687304706
3.129375348825833	0.02466492	1.45365597232
3.1311206780778273	0.02462717	1.45849617582
3.1328660073298216	0.02366699	1.46097537866
3.134611336581816	0.02357463	1.46436503365
3.13635666583381	0.02467539	1.46922794335
3.1381019950858047	0.02474564	1.47139614009
3.139847324337799	0.02292575	1.46923655934
3.141592653589793	0.02174527	1.46740539755