# 13C(3P)-CO2, ground-state PES; differential cross sections (mgacesa, Sep 1 2021)
# theta(rad)                 elastic CS                total CS (both in units of 1E-16 cm^2)
0.	5.23116e6	5.298560005954351e6
0.0017453292519943296	3.546137e6	3.5797894794e6
0.003490658503988659	1.051437e6	1.0556514097e6
0.005235987755982989	194580.2	205711.691296
0.006981317007977318	114624.9	122398.271878
0.008726646259971648	67552.	70115.69497
0.010471975511965978	35735.79	41265.5968002
0.012217304763960306	14909.81	24218.9662148
0.013962634015954637	14272.87	22601.8771628
0.015707963267948967	10937.68	15019.6284607
0.017453292519943295	4914.622	8705.09584447
0.019198621771937624	5620.579	11538.8665817
0.020943951023931956	6259.062	12496.7386707
0.022689280275926284	6248.539	10987.1678357
0.024434609527920613	4359.938	7731.31566846
0.02617993877991494	3416.996	7400.31524034
0.027925268031909273	4924.928	9629.95986424
0.029670597283903602	4192.863	8014.63112213
0.031415926535897934	2747.303	5653.56119728
0.03316125578789226	2277.556	5133.86538194
0.03490658503988659	2504.682	5753.12145164
0.03665191429188092	3322.429	6578.98576484
0.03839724354387525	2635.736	5238.84424818
0.04014257279586957	1263.95	3540.79709021
0.04188790204786391	1141.203	3613.30109338
0.043633231299858244	1347.639	3803.03953995
0.04537856055185257	1371.876	3500.9546825
0.0471238898038469	1019.969	2804.40768661
0.048869219055841226	413.6294	2128.18739078
0.05061454830783556	442.0952	2244.51963807
0.05235987755982988	694.9046	2295.89044286
0.054105206811824215	525.687	1771.11687013
0.05585053606381855	247.6799	1365.95103152
0.05759586531581287	58.55496	1229.39535208
0.059341194567807204	76.67817	1232.87057133
0.061086523819801536	225.3477	1147.94861485
0.06283185307179587	185.4812	826.875088463
0.0645771823237902	42.72951	643.188161556
0.06632251157578452	2.975235	713.442713308
0.06806784082777885	30.61086	731.044564352
0.06981317007977318	57.1488	577.004616442
0.0715584993317675	42.4777	366.36208546
0.07330382858376185	8.380939	286.73751995
0.07504915783575618	8.137196	360.980611141
0.0767944870877505	28.69933	403.766298486
0.07853981633974483	28.59372	318.336775265
0.08028514559173915	7.973504	194.901185861
0.08203047484373349	4.806163	153.03708112
0.08377580409572782	18.8675	184.230433641
0.08552113334772216	20.37493	197.076747443
0.08726646259971649	12.10516	166.286905721
0.0890117918517108	2.275962	124.80482507
0.09075712110370514	1.874431	109.338855375
0.09250245035569946	17.23771	120.640043588
0.0942477796076938	19.06051	113.017356551
0.09599310885968813	5.710585	88.6844794811
0.09773843811168245	0.946158	81.3589772314
0.09948376736367678	2.263562	83.7674588131
0.10122909661567112	8.487413	86.442485983
0.10297442586766545	13.58789	80.6698884212
0.10471975511965977	5.790941	62.1408160805
0.10646508437165408	2.134486	58.8944337062
0.10821041362364843	6.629539	68.7333466823
0.10995574287564278	6.937261	67.4318452198
0.1117010721276371	7.485624	61.050797415
0.11344640137963143	6.012246	53.0329527179
0.11519173063162574	1.762032	47.0998493142
0.11693705988362009	5.854939	54.489364063
0.11868238913561441	9.120265	57.9863888021
0.12042771838760875	5.904628	50.3106386368
0.12217304763960307	4.869651	46.1535955986
0.12391837689159739	3.377905	43.7844885202
0.12566370614359174	2.669729	43.4520173529
0.12740903539558604	7.162222	48.5050052228
0.1291543646475804	7.43163	46.9616885374
0.13089969389957473	4.931577	42.3683098119
0.13264502315156904	5.468844	42.6160900231
0.1343903524035634	4.305947	40.7003411117
0.1361356816555577	4.25774	39.3880155933
0.13788101090755206	7.48014	41.7848602946
0.13962634015954636	6.565015	39.9728520212
0.1413716694115407	5.190546	38.5313482117
0.143116998663535	6.095079	39.4478219609
0.14486232791552936	4.496124	36.3503243528
0.1466076571675237	4.084625	34.3810709935
0.148352986419518	6.180928	35.691716296
0.15009831567151236	4.98248	34.1198231706
0.15184364492350666	3.865088	33.4978645497
0.153588974175501	4.151771	33.9869644354
0.15533430342749535	2.514259	31.8196001836
0.15707963267948966	2.108686	31.601176276
0.158824961931484	3.369194	33.1906346917
0.1605702911834783	2.454363	32.187147951
0.16231562043547265	1.93723	31.8733710761
0.16406094968746698	1.970639	31.367751624
0.16580627893946132	0.8117081	29.1687179869
0.16755160819145565	0.7671006	29.2036503408
0.16929693744344995	1.428014	30.0981162895
0.1710422666954443	0.8819678	29.4074353697
0.17278759594743864	1.031639	29.7481462143
0.17453292519943298	1.019981	29.0459240019
0.17627825445142728	0.3414591	26.8921516204
0.1780235837034216	0.550445	26.3755710304
0.17976891295541597	0.698913	25.9182778462
0.18151424220741028	0.4462517	25.0178894514
0.1832595714594046	1.082641	25.7177866705
0.1850049007113989	1.049591	25.3998263644
0.18675022996339327	0.7919183	24.3773115639
0.1884955592153876	1.187297	24.4598974076
0.1902408884673819	0.9459296	23.7964419382
0.19198621771937627	0.9569754	23.2758692948
0.19373154697137057	1.971343	24.2633600833
0.1954768762233649	1.813949	23.8857117322
0.19722220547535924	1.64155	23.2979911787
0.19896753472735357	2.087757	23.6314362907
0.20071286397934793	1.638373	22.8391162805
0.20245819323134223	1.77858	22.4228036152
0.20420352248333656	2.922437	23.156067638
0.2059488517353309	2.541109	22.1390904266
0.20769418098732523	2.099568	21.0761841677
0.20943951023931953	2.307112	20.9929239694
0.2111848394913139	1.707552	20.0987002761
0.21293016874330817	1.820527	19.9592252374
0.21467549799530256	2.908486	20.8722610232
0.21642082724729686	2.581711	20.2108418243
0.2181661564992912	2.17634	19.5601144172
0.21991148575128555	2.223022	19.4559769392
0.22165681500327983	1.510846	18.5493360436
0.2234021442552742	1.469971	18.4977550836
0.22514747350726852	2.310028	19.3523991259
0.22689280275926285	2.083173	19.0365797736
0.22863813201125716	1.904451	18.9614487599
0.2303834612632515	1.987152	19.0802059343
0.23212879051524585	1.32162	18.3196353214
0.23387411976724018	1.11484	18.2605906068
0.23561944901923448	1.53178	18.7326658433
0.23736477827122882	1.146128	18.1377577266
0.23911010752322315	0.9281522	17.8189191192
0.2408554367752175	0.9979377	17.6213357931
0.24260076602721184	0.5998412	16.8522330279
0.24434609527920614	0.4702581	16.7941626994
0.24609142453120048	0.6477389	17.1239795496
0.24783675378319478	0.3031147	16.7326940269
0.24958208303518917	0.1696203	16.6217676871
0.25132741228718347	0.1985846	16.3742351181
0.2530727415391778	0.05095971	15.6879010191
0.2548180707911721	0.1042974	15.5659563512
0.2565634000431664	0.1915414	15.6306735713
0.2583087292951608	0.09840385	15.4775302461
0.26005405854715513	0.3273001	15.8813603746
0.26179938779914946	0.3890999	15.9574142535
0.26354471705114374	0.3350886	15.6313999019
0.26529004630313807	0.5351373	15.7128621126
0.26703537555513246	0.5559577	15.5496253971
0.2687807048071268	0.5176438	15.0893274951
0.27052603405912107	0.8762383	15.1372897846
0.2722713633111154	0.8098055	14.7485432295
0.27401669256310973	0.6092713	14.1956523868
0.2757620218151041	0.822084	14.3657231968
0.2775073510670984	0.8351381	14.44679491
0.2792526803190927	0.7969474	14.326979524
0.28099800957108706	1.172339	14.5829314432
0.2827433388230814	1.036286	14.1800666469
0.2844886680750758	0.7401894	13.4941498941
0.28623399732707	0.9176752	13.4252787172
0.2879793265790644	0.9197219	13.3321075055
0.2897246558310587	0.8742244	13.3226727554
0.29146998508305305	1.244344	13.8625125061
0.2932153143350474	1.117615	13.8059150636
0.29496064358704166	0.8310955	13.4235122533
0.296705972839036	1.026531	13.403088377
0.2984513020910304	1.06231	13.1041723832
0.3001966313430247	0.9879357	12.7837981026
0.30194196059501904	1.243777	12.9857981309
0.3036872898470133	1.016856	12.7261312538
0.30543261909900765	0.6238554	12.3331500034
0.307177948351002	0.7295763	12.4194740821
0.3089232776029963	0.7905865	12.2964467355
0.3106686068549907	0.7296799	12.0552012446
0.312413936106985	0.9102643	12.1516555514
0.3141592653589793	0.6849584	11.8251879901
0.31590459461097364	0.2833975	11.4427128141
0.317649923862968	0.2578768	11.5463588372
0.3193952531149623	0.2573314	11.5998438912
0.3211405823669566	0.2161875	11.6459230558
0.32288591161895097	0.3959515	11.939706275
0.3246312408709453	0.3118702	11.8149067161
0.32637657012293964	0.1143091	11.5862710477
0.32812189937493397	0.1058462	11.602267533
0.32986722862692824	0.07169746	11.501540579
0.33161255787892263	0.07844181	11.4956196483
0.33335788713091696	0.2824882	11.7313834583
0.3351032163829113	0.2755599	11.5603313192
0.3368485456349056	0.2160348	11.2809976061
0.3385938748868999	0.2227407	11.0986556
0.3403392041388943	0.1286815	10.7085781398
0.3420845333908886	0.1227649	10.4428753681
0.3438298626428829	0.2997561	10.459624235
0.3455751918948773	0.2907841	10.2026275044
0.34732052114687156	0.2969307	9.99284996576
0.34906585039886595	0.3274787	9.93244688823
0.3508111796508603	0.2060558	9.68220759379
0.35255650890285456	0.1866795	9.54014701657
0.3543018381548489	0.3228007	9.62251740087
0.3560471674068432	0.276103	9.48493733085
0.35779249665883756	0.3109764	9.51355509738
0.35953782591083194	0.3810308	9.7559045314
0.3612831551628262	0.2809525	9.86143336122
0.36302848441482055	0.311224	10.0769382139
0.3647738136668149	0.4776559	10.3511689426
0.3665191429188092	0.3936289	10.1568791902
0.3682644721708036	0.3868126	9.92159022647
0.3700098014227978	0.4620306	9.79679735343
0.3717551306747922	0.3772888	9.57519408172
0.37350045992678654	0.4258708	9.63536963432
0.3752457891787809	0.6117347	9.94931418724
0.3769911184307752	0.4872471	9.8808942017
0.3787364476827695	0.3855629	9.70804978373
0.3804817769347638	0.4219789	9.51519316707
0.38222710618675815	0.3434005	9.04262429009
0.38397243543875254	0.3614743	8.67044985028
0.38571776469074687	0.5218923	8.56853166052
0.38746309394274114	0.4051952	8.32925357817
0.3892084231947355	0.2793525	8.27694746699
0.3909537524467298	0.2943682	8.47740691004
0.39269908169872414	0.2308889	8.55876428413
0.39444441095071847	0.2348495	8.65305993649
0.3961897402027128	0.3776835	8.78801628836
0.39793506945470714	0.309086	8.57973220524
0.3996803987067014	0.2299206	8.3859898799
0.40142572795869585	0.25619	8.39860593398
0.4031710572106902	0.2042742	8.42549680811
0.40491638646268446	0.1968351	8.64858324551
0.4066617157146788	0.3106385	9.047105845
0.4084070449666731	0.2496841	9.13785647625
0.41015237421866746	0.1877843	9.10519277894
0.4118977034706618	0.2242762	9.04704757854
0.41364303272265607	0.191881	8.78411242278
0.41538836197465046	0.1746288	8.54895600136
0.41713369122664473	0.2445288	8.46847293947
0.41887902047863906	0.161254	8.23551358937
0.4206243497306334	0.08495021	8.06915241602
0.4223696789826278	0.1054513	8.04313247719
0.4241150082346221	0.08894573	7.93020975251
0.42586033748661634	0.09704258	7.84411229571
0.4276056667386108	0.1757515	7.83815628865
0.4293509959906051	0.1167747	7.62751035134
0.4310963252425994	0.06251927	7.43385348435
0.4328416544945937	0.07273802	7.35099812874
0.43458698374658805	0.05125171	7.2176197453
0.4363323129985824	0.08860493	7.18043880227
0.4380776422505767	0.2067437	7.28158472773
0.4398229715025711	0.185307	7.21933789219
0.44156830075456543	0.1571032	7.19212601735
0.44331363000655966	0.164476	7.28606546538
0.445058959258554	0.1146611	7.31569178375
0.4468042885105484	0.1288866	7.39032283523
0.4485496177625427	0.2433657	7.54370057479
0.45029494701453704	0.230867	7.46865540014
0.45204027626653137	0.2231301	7.35423620507
0.4537856055185257	0.2614122	7.3323019124
0.45553093477052004	0.2192815	7.25717467931
0.4572762640225143	0.2069506	7.25024746748
0.45902159327450864	0.2844011	7.3821048786
0.460766922526503	0.2291294	7.35339197261
0.4625122517784973	0.1882334	7.29372840612
0.4642575810304917	0.2457317	7.29181168067
0.466002910282486	0.2472569	7.1675885569
0.46774823953448036	0.257326	7.0281524278
0.46949356878647464	0.3479095	6.99493285984
0.47123889803846897	0.2805698	6.82245692808
0.47298422729046335	0.1862093	6.68151935745
0.47472955654245763	0.2193459	6.72684191608
0.47647488579445196	0.2278087	6.74343543618
0.4782202150464463	0.2070848	6.72295565018
0.4799655442984406	0.2697481	6.7551139569
0.481710873550435	0.2238357	6.58237476609
0.48345620280242924	0.1377214	6.33816798696
0.4852015320544237	0.1653832	6.25584754483
0.48694686130641796	0.18384	6.20737277191
0.4886921905584123	0.1319038	6.17090293074
0.4904375198104066	0.1349113	6.27599304922
0.49218284906240095	0.09190552	6.31200101476
0.4939281783143953	0.03636031	6.29383811239
0.49567350756638956	0.05960682	6.33884312118
0.4974188368183839	0.08535351	6.32406440247
0.49916416607037833	0.0767556	6.23962628605
0.5009094953223726	0.1109673	6.24081075769
0.5026548245743669	0.07976471	6.20166331465
0.5044001538263613	0.03441876	6.18391189578
0.5061454830783556	0.06094806	6.29735673367
0.5078908123303499	0.08993787	6.3940920571
0.5096361415823442	0.1166678	6.4200726991
0.5113814708343386	0.206541	6.46765637118
0.5131268000863328	0.1927587	6.35538849281
0.5148721293383272	0.1242531	6.16112657988
0.5166174585903216	0.1454897	6.09832331211
0.5183627878423159	0.1665519	6.06514905901
0.5201081170943103	0.1373096	5.99305838545
0.5218534463463045	0.1851069	6.02902158387
0.5235987755982989	0.1880479	6.01325738746
0.5253441048502933	0.1380155	5.92071930825
0.5270894341022875	0.1716821	5.9136629927
0.5288347633542818	0.2072197	5.8872836876
0.5305800926062761	0.1354016	5.72330055349
0.5323254218582705	0.1065219	5.61528903291
0.5340707511102649	0.09228067	5.53504308588
0.5358160803622593	0.05574157	5.46039748733
0.5375614096142536	0.0818052	5.51604550897
0.5393067388662478	0.1289475	5.63104175201
0.5410520681182421	0.09224034	5.66165429774
0.5427973973702365	0.07873423	5.71558857599
0.5445427266222308	0.07040427	5.73248915087
0.5462880558742251	0.04012134	5.67681146116
0.5480333851262195	0.06321341	5.67708851624
0.5497787143782138	0.1140823	5.70763845144
0.5515240436302082	0.09592238	5.66338175129
0.5532693728822025	0.1000825	5.67787839868
0.5550147021341968	0.1028277	5.706403243
0.5567600313861911	0.07345146	5.68688994902
0.5585053606381855	0.09732659	5.73114404611
0.5602506898901798	0.1546391	5.79618088688
0.5619960191421741	0.124477	5.72159017526
0.5637413483941685	0.1044691	5.65357743455
0.5654866776461628	0.1082218	5.62369085791
0.5672320068981571	0.08179589	5.55423450372
0.5689773361501516	0.08556392	5.53105029955
0.5707226654021459	0.1323899	5.56484944853
0.57246799465414	0.1055966	5.49762925084
0.5742133239061344	0.08181919	5.43807649382
0.5759586531581288	0.09350759	5.44285493977
0.5777039824101231	0.07767556	5.41831961876
0.5794493116621174	0.06400353	5.39658672074
0.5811946409141118	0.09130881	5.41738467717
0.5829399701661061	0.07078552	5.35479749025
0.5846852994181004	0.06177653	5.28560341703
0.5864306286700948	0.09205806	5.26610549543
0.5881759579220891	0.09762227	5.22104917707
0.5899212871740833	0.09628918	5.18086361059
0.5916666164260777	0.1257962	5.1940486837
0.593411945678072	0.09392853	5.1320018165
0.5951572749300664	0.06703278	5.05896936513
0.5969026041820608	0.1047051	5.04450391417
0.598647933434055	0.1337074	4.99313529279
0.6003932626860494	0.1439994	4.90536795552
0.6021385919380438	0.183705	4.86012665065
0.6038839211900381	0.1512273	4.74820429707
0.6056292504420324	0.09344273	4.63540048535
0.6073745796940266	0.1108652	4.64794786704
0.609119908946021	0.1372013	4.69244930298
0.6108652381980153	0.1198475	4.69954150406
0.6126105674500096	0.1392729	4.75743666444
0.614355896702004	0.1314609	4.77453920485
0.6161012259539983	0.08889536	4.7411166748
0.6178465552059926	0.09320775	4.76432534131
0.6195918844579871	0.1084443	4.79500353459
0.6213372137099814	0.06512361	4.76000422651
0.6230825429619757	0.05142687	4.77858617866
0.62482787221397	0.05336252	4.82843499031
0.6265732014659643	0.03749658	4.87007831125
0.6283185307179586	0.04274011	4.95814751582
0.630063859969953	0.05880857	5.04969646044
0.6318091892219473	0.02862067	5.04874014909
0.6335545184739416	0.01861693	5.03670251595
0.635299847725936	0.02231754	5.00446815373
0.6370451769779303	0.01653948	4.92631107932
0.6387905062299246	0.03557379	4.87419773605
0.6405358354819191	0.06799506	4.84184944483
0.6422811647339132	0.05131	4.74318148591
0.6440264939859075	0.04780175	4.66172436701
0.6457718232379019	0.05458342	4.59962052995
0.6475171524898963	0.04742077	4.50772317434
0.6492624817418906	0.07558335	4.44549716152
0.6510078109938849	0.1313532	4.41754439914
0.6527531402458793	0.1190438	4.31529192267
0.6544984694978736	0.1055864	4.22632250161
0.6562437987498679	0.1241421	4.20012481945
0.6579891280018623	0.1195491	4.160722608
0.6597344572538565	0.1161693	4.12758592322
0.6614797865058508	0.1499356	4.14320951673
0.6632251157578453	0.1296643	4.10418929143
0.6649704450098396	0.101796	4.06899327691
0.6667157742618339	0.1339564	4.12122527209
0.6684611035138281	0.1547425	4.17972298293
0.6702064327658226	0.1272663	4.2063244439
0.6719517620178169	0.1236045	4.27126356494
0.6736970912698113	0.1007903	4.30423300759
0.6754424205218056	0.06379626	4.30952746929
0.6771877497737998	0.07473884	4.36017013031
0.6789330790257941	0.09627299	4.40573109045
0.6806784082777886	0.06817592	4.39103431308
0.6824237375297829	0.05632595	4.39996618525
0.6841690667817772	0.05206858	4.40826569887
0.6859143960337715	0.03366969	4.39788146615
0.6876597252857658	0.03226182	4.41876134296
0.6894050545377601	0.04413424	4.44120127557
0.6911503837897546	0.02417388	4.39929286268
0.6928957130417489	0.01806181	4.35906904306
0.6946410422937431	0.02138449	4.31089235421
0.6963863715457375	0.01551929	4.23545079251
0.6981317007977319	0.02221635	4.1883835579
0.6998770300497262	0.04085386	4.16724970054
0.7016223593017206	0.02780448	4.10752492946
0.7033676885537148	0.02498113	4.07718634772
0.7051130178057091	0.03195012	4.08083382429
0.7068583470577035	0.02855306	4.06878093567
0.7086036763096978	0.03961399	4.06712862821
0.7103490055616921	0.06766565	4.07675425896
0.7120943348136864	0.05437247	4.01322282135
0.7138396640656808	0.04462482	3.94262500775
0.7155849933176751	0.05975546	3.91752761846
0.7173303225696696	0.06218203	3.88841526375
0.7190756518216639	0.05989986	3.86370372862
0.7208209810736581	0.07923173	3.8862054898
0.7225663103256524	0.06416126	3.88035808501
0.7243116395776468	0.04710831	3.86696419039
0.7260569688296411	0.07018931	3.89408514164
0.7278022980816354	0.08763694	3.89651459889
0.7295476273336298	0.07472686	3.83759567433
0.7312929565856241	0.07908678	3.78907007773
0.7330382858376184	0.066064	3.72726605305
0.7347836150896128	0.04318819	3.6642674056
0.7365289443416072	0.05782078	3.66234382718
0.7382742735936013	0.08094416	3.68883588994
0.7400196028455956	0.06757791	3.68338492432
0.7417649320975901	0.0696042	3.6960601925
0.7435102613495844	0.07266648	3.70049139435
0.7452555906015788	0.05774375	3.66834738909
0.7470009198535731	0.06062587	3.64596733224
0.7487462491055674	0.07571404	3.63375688249
0.7504915783575618	0.05354943	3.58729461852
0.7522369076095561	0.04622996	3.58122606042
0.7539822368615504	0.0637219	3.62984048071
0.7557275661135446	0.06891693	3.6866292661
0.757472895365539	0.07379453	3.76207990783
0.7592182246175333	0.08916157	3.84483291031
0.7609635538695276	0.06279056	3.84859514637
0.7627088831215221	0.03626746	3.82092345933
0.7644542123735163	0.04641571	3.81181052604
0.7661995416255106	0.0554818	3.78298228404
0.7679448708775051	0.05168016	3.74600834072
0.7696902001294994	0.06685961	3.75803344061
0.7714355293814937	0.05967376	3.76869407073
0.773180858633488	0.03995978	3.78782967831
0.7749261878854823	0.04467952	3.85092879311
0.7766715171374766	0.04810618	3.89108856374
0.778416846389471	0.02426706	3.85114919872
0.7801621756414654	0.02038	3.78938615057
0.7819075048934596	0.02227728	3.69849876651
0.783652834145454	0.01772816	3.58116706891
0.7853981633974483	0.0269502	3.49535162036
0.7871434926494427	0.03763719	3.44403365278
0.7888888219014369	0.01852802	3.3884562222
0.7906341511534312	0.01020887	3.37407793834
0.7923794804054256	0.0115863	3.38682072031
0.7941248096574199	0.0101227	3.38119584285
0.7958701389094143	0.02522989	3.36346929114
0.7976154681614087	0.05040896	3.32868307676
0.7993607974134028	0.04241742	3.23566580731
0.8011061266653973	0.03739306	3.14330544428
0.8028514559173917	0.04537867	3.08560082217
0.8045967851693859	0.0439403	3.04672620492
0.8063421144213804	0.05210783	3.04916371735
0.8080874436733746	0.08203262	3.10156962109
0.8098327729253689	0.07909302	3.12947675947
0.8115781021773633	0.07466755	3.15280805319
0.8133234314293576	0.1051964	3.20167688534
0.815068760681352	0.1221766	3.21903657164
0.8168140899333463	0.1042589	3.18955321981
0.8185594191853405	0.1035955	3.17898730717
0.8203047484373349	0.09626701	3.16567402696
0.8220500776893291	0.08169284	3.16054277605
0.8237954069413236	0.1045933	3.21850048214
0.8255407361933178	0.1338702	3.2937764471
0.8272860654453121	0.1091058	3.31190219276
0.8290313946973066	0.08826291	3.33098429012
0.8307767239493009	0.09236304	3.36026915376
0.8325220532012952	0.08149283	3.35708285271
0.8342673824532895	0.06363453	3.34527018721
0.8360127117052839	0.06435029	3.3500428537
0.8377580409572781	0.04695736	3.32877320888
0.8395033702092726	0.03025146	3.31822725029
0.8412486994612668	0.03924982	3.34750377503
0.8429940287132611	0.04316677	3.37058892184
0.8447393579652556	0.02183696	3.36716746712
0.8464846872172498	0.01152496	3.3715762307
0.8482300164692442	0.006075035	3.36186968216
0.8499753457212387	0.001108126	3.34247265409
0.8517206749732327	0.002936556	3.33333053558
0.8534660042252271	0.007906034	3.3193157635
0.8552113334772216	0.006179236	3.28810522531
0.8569566627292158	0.01153112	3.26757376116
0.8587019919812102	0.00882459	3.23870951076
0.8604473212332044	0.006230132	3.20942811921
0.8621926504851988	0.01981229	3.20753196571
0.8639379797371932	0.03681019	3.21196195745
0.8656833089891874	0.03926224	3.19173171141
0.8674286382411819	0.0509395	3.17926171988
0.8691739674931761	0.05688453	3.15763656988
0.8709192967451703	0.05286986	3.11178274837
0.8726646259971648	0.06569544	3.07525684165
0.8744099552491592	0.08488824	3.0430865202
0.8761552845011534	0.06933345	2.97078315893
0.8779006137531478	0.06174764	2.91525670979
0.8796459430051422	0.0831826	2.90694922301
0.8813912722571364	0.09422611	2.89482526369
0.8831366015091309	0.08882165	2.86780616838
0.8848819307611251	0.0947067	2.85428509522
0.8866272600131193	0.0823556	2.81394851955
0.8883725892651138	0.06378835	2.7617409781
0.890117918517108	0.07415204	2.74494444845
0.8918632477691024	0.08486336	2.73131111408
0.8936085770210968	0.0610092	2.68415059053
0.895353906273091	0.04828491	2.65921778909
0.8970992355250854	0.05169037	2.65656705428
0.8988445647770799	0.04531245	2.64379416051
0.9005898940290741	0.03776001	2.63529256042
0.9023352232810685	0.03928175	2.63818204933
0.9040805525330627	0.02413121	2.62151651189
0.905825881785057	0.01247002	2.61937324891
0.9075712110370514	0.0172686	2.64956364717
0.9093165402890457	0.01834431	2.68126818028
0.9110618695410401	0.008633971	2.70474471178
0.9128071987930344	0.007846715	2.73483095869
0.9145525280450286	0.003878078	2.74551844724
0.9162978572970231	0.001164424	2.74694515701
0.9180431865490173	0.006183935	2.75796471183
0.9197885158010117	0.01104954	2.76863253548
0.921533845053006	0.01034363	2.77786286696
0.9232791743050003	0.01641618	2.80976180509
0.9250245035569946	0.01350821	2.84152763163
0.9267698328089891	0.01011348	2.87328687312
0.9285151620609834	0.02245952	2.919949074
0.9302604913129776	0.03614709	2.95307818829
0.932005820564972	0.03379666	2.944253304
0.9337511498169663	0.04036591	2.93168986062
0.9354964790689607	0.04761437	2.91651634846
0.9372418083209549	0.04652458	2.89103799617
0.9389871375729493	0.05504597	2.88411516382
0.9407324668249436	0.06826168	2.89483609297
0.9424777960769379	0.05409454	2.88047277762
0.9442231253289324	0.04658269	2.87486158777
0.9459684545809267	0.06596494	2.8966673091
0.9477137838329208	0.07816956	2.89621401535
0.9494591130849153	0.07310825	2.85880556594
0.9512044423369097	0.07814983	2.821724209
0.9529497715889039	0.07321508	2.76785487515
0.9546951008408984	0.06084705	2.70837537189
0.9564404300928926	0.06812632	2.68479358242
0.9581857593448869	0.07638949	2.67716110588
0.9599310885968813	0.05542016	2.64806966841
0.9616764178488756	0.04487838	2.63867469384
0.96342174710087	0.0548045	2.65000133625
0.9651670763528643	0.05556874	2.63899018388
0.9669124056048585	0.04718678	2.60574498769
0.9686577348568529	0.04649116	2.56902843661
0.9704030641088474	0.03412197	2.51083162888
0.9721483933608416	0.02127319	2.4596637758
0.9738937226128359	0.02388851	2.44532841462
0.9756390518648302	0.02528079	2.44808113093
0.9773843811168246	0.01202967	2.45194019417
0.979129710368819	0.007304288	2.47596361153
0.9808750396208132	0.007312374	2.49923986202
0.9826203688728075	0.004719717	2.50628554373
0.9843656981248019	0.003037732	2.50263950791
0.9861110273767961	0.004021168	2.48507871327
0.9878563566287906	0.0006738517	2.44932665663
0.9896016858807848	0.002648486	2.42511839602
0.9913470151327791	0.003061503	2.41528567975
0.9930923443847736	0.003022339	2.42055717592
0.9948376736367678	0.01089812	2.4523020839
0.9965830028887622	0.02059232	2.49649566454
0.9983283321407567	0.01702534	2.52023819671
1.0000736613927508	0.01969965	2.54021196949
1.0018189906447452	0.02923903	2.55646630035
1.0035643198967397	0.03431862	2.54811523087
1.0053096491487339	0.04294714	2.52630743868
1.0070549784007283	0.05796967	2.50965698982
1.0088003076527225	0.05274957	2.47774873454
1.0105456369047168	0.04872144	2.45827050125
1.0122909661567112	0.06945462	2.48275250907
1.0140362954087054	0.08396919	2.51260601064
1.0157816246606999	0.07228024	2.51463210356
1.017526953912694	0.07255208	2.52508726204
1.0192722831646883	0.08197989	2.53495672464
1.0210176124166828	0.08224902	2.5163679602
1.0227629416686772	0.08876158	2.48864747804
1.0245082709206714	0.09990306	2.45995733063
1.0262536001726656	0.08349469	2.40404482885
1.02799892942466	0.06944792	2.36292128244
1.0297442586766543	0.08275837	2.36989418487
1.0314895879286488	0.08700917	2.3821668802
1.0332349171806432	0.06589871	2.37500025679
1.0349802464326374	0.05845332	2.38222805278
1.0367255756846319	0.06006077	2.3886500762
1.038470904936626	0.05443902	2.37296025896
1.0402162341886205	0.05348883	2.35210793055
1.041961563440615	0.05528064	2.3291621085
1.043706892692609	0.03776443	2.28924012464
1.0454522219446034	0.02387998	2.26860835491
1.0471975511965979	0.02625142	2.28433826531
1.048942880448592	0.0237786	2.31093535521
1.0506882097005865	0.01050077	2.33777387667
1.0524335389525807	0.006773916	2.37543372746
1.054178868204575	0.005822212	2.40466356051
1.0559241974565694	0.003631439	2.42115934915
1.0576695267085636	0.003380519	2.4320062164
1.059414855960558	0.003508372	2.43681065029
1.0611601852125523	0.00005806057	2.43987663049
1.0629055144645467	0.001463209	2.46084520699
1.064650843716541	0.001266196	2.49388854494
1.0663961729685354	0.002311426	2.54139529644
1.0681415022205298	0.01038373	2.60780356972
1.069886831472524	0.01784594	2.67215372039
1.0716321607245185	0.01499642	2.71200697246
1.0733774899765127	0.01637885	2.74390935535
1.0751228192285072	0.01873761	2.76541170225
1.0768681484805014	0.01852699	2.77128375045
1.0786134777324956	0.02713664	2.78155534441
1.08035880698449	0.04117869	2.80181126286
1.0821041362364843	0.03847735	2.80985855933
1.0838494654884787	0.04030672	2.83165353642
1.085594794740473	0.06052398	2.88326587225
1.0873401239924672	0.07012997	2.9227608422
1.0890854532444616	0.05826548	2.92838051168
1.0908307824964558	0.05491633	2.93212028695
1.0925761117484503	0.05469985	2.92607691275
1.0943214410004447	0.05056311	2.89922009246
1.096066770252439	0.0598194	2.87571475726
1.0978120995044334	0.07393109	2.85448410383
1.0995574287564276	0.06492458	2.81001861714
1.101302758008422	0.06056233	2.77867606092
1.1030480872604165	0.07654888	2.78128399783
1.1047934165124107	0.0786779	2.77576171891
1.106538745764405	0.05854571	2.74642617751
1.1082840750163994	0.0500064	2.72634484239
1.1100294042683936	0.0472667	2.70418383182
1.111774733520388	0.04176991	2.66661979282
1.1135200627723822	0.04780765	2.63146470801
1.1152653920243765	0.05653016	2.59569568904
1.117010721276371	0.04442305	2.54140963806
1.1187560505283651	0.03578502	2.50140433303
1.1205013797803596	0.04215063	2.49099328498
1.1222467090323538	0.03841389	2.48250292624
1.1239920382843482	0.02115299	2.46834517662
1.1257373675363425	0.01507075	2.46712431599
1.127482696788337	0.01346883	2.46497068834
1.1292280260403311	0.01114818	2.45562070708
1.1309733552923256	0.01551868	2.44864397792
1.13271868454432	0.0195524	2.44028301758
1.1344640137963142	0.01079834	2.42477733173
1.1362093430483085	0.005285563	2.4230805622
1.1379546723003031	0.006135007	2.43648906272
1.1397000015522971	0.003784101	2.45522024654
1.1414453308042918	0.0000460064	2.47958833128
1.143190660056286	0.0020606	2.50687266062
1.14493598930828	0.001456349	2.52233658934
1.1466813185602747	0.001674809	2.53503368625
1.1484266478122689	0.004301141	2.54916204068
1.1501719770642633	0.004069367	2.55807207873
1.1519173063162575	0.001292355	2.56654332102
1.1536626355682518	0.003421113	2.5841354474
1.1554079648202462	0.003349637	2.5984268801
1.1571532940722404	0.006463927	2.61634932015
1.1588986233242349	0.0191724	2.64708800582
1.160643952576229	0.02911479	2.6701107355
1.1623892818282235	0.02564037	2.67053315663
1.1641346110802178	0.02446819	2.67262820366
1.1658799403322122	0.02480072	2.67676602953
1.1676252695842066	0.02017993	2.66977239667
1.1693705988362009	0.02039075	2.66246443876
1.171115928088195	0.02788049	2.65998629195
1.1728612573401895	0.02687262	2.64383960449
1.1746065865921838	0.03242427	2.63326775027
1.1763519158441782	0.05505432	2.64488752035
1.1780972450961724	0.06785614	2.64748325131
1.1798425743481666	0.05774572	2.6240682793
1.181587903600161	0.05247007	2.60645908097
1.1833332328521553	0.05227904	2.59231677711
1.18507856210415	0.04502653	2.56210688541
1.186823891356144	0.04293031	2.52936835699
1.1885692206081382	0.04945336	2.50339303458
1.1903145498601329	0.04542922	2.4683218717
1.192059879112127	0.04699643	2.4467132492
1.1938052083641215	0.06697545	2.45581804578
1.1955505376161157	0.07540228	2.46099186761
1.19729586686811	0.05859861	2.44157935282
1.1990411961201044	0.04960753	2.42614499954
1.2007865253720988	0.05111526	2.4109597677
1.2025318546240933	0.04507282	2.37533512786
1.2042771838760875	0.03929788	2.33274339466
1.2060225131280817	0.04187128	2.29936302479
1.2077678423800762	0.03707123	2.26726002657
1.2095131716320704	0.0338997	2.25382551944
1.2112585008840648	0.04275882	2.27039341422
1.213003830136059	0.04375498	2.28930937074
1.2147491593880533	0.02698074	2.29149014628
1.2164944886400477	0.01818294	2.29359251092
1.218239817892042	0.02018115	2.29018344873
1.2199851471440364	0.01752122	2.26683669509
1.2217304763960306	0.01205117	2.23277984152
1.2234758056480248	0.01255936	2.20222576639
1.2252211349000193	0.01122341	2.17398759938
1.2269664641520137	0.009283366	2.15860816135
1.228711793404008	0.0096741	2.15979922226
1.2304571226560024	0.008218087	2.16642190302
1.2322024519079966	0.003042535	2.17133358999
1.233947781159991	0.001501691	2.17696207609
1.2356931104119853	0.001080432	2.17437680246
1.23743843966398	0.0008216835	2.16274451093
1.2391837689159741	0.001184776	2.14574884385
1.2409290981679681	0.00153471	2.12142970623
1.2426744274199628	0.001046282	2.08957826949
1.244419756671957	0.003080004	2.06062280544
1.2461650859239515	0.002899228	2.03261931293
1.2479104151759457	0.005048782	2.00831569854
1.24965574442794	0.01626613	1.99662071104
1.2514010736799344	0.02619323	1.98996906069
1.2531464029319286	0.0229448	1.97402198571
1.254891732183923	0.02354428	1.96391075232
1.2566370614359172	0.03293009	1.96257988751
1.2583823906879115	0.03378758	1.94616015828
1.260127719939906	0.02651627	1.9106366795
1.2618730491919004	0.02815966	1.87628888172
1.2636183784438946	0.03170377	1.83927078225
1.265363707695889	0.0362017	1.80106877286
1.2671090369478832	0.0527277	1.77928569596
1.2688543661998777	0.06745929	1.76580760911
1.270599695451872	0.0617385	1.7417893795
1.2723450247038663	0.06059442	1.73126114675
1.2740903539558606	0.07521446	1.74235347281
1.2758356832078548	0.07648681	1.73809856497
1.2775810124598492	0.06031962	1.70914654316
1.2793263417118435	0.05777455	1.68786443809
1.2810716709638381	0.06540848	1.67177829359
1.2828170002158321	0.06790832	1.64757961806
1.2845623294678263	0.07393816	1.63001070348
1.286307658719821	0.08183194	1.62098858182
1.288052987971815	0.07417794	1.6028820306
1.2897983172238097	0.06838712	1.59589567229
1.2915436464758039	0.07824666	1.61376941177
1.293288975727798	0.07817123	1.62347819162
1.2950343049797925	0.05930457	1.61186792008
1.296779634231787	0.053987	1.6130797741
1.2985249634837812	0.06392465	1.62678769197
1.3002702927357757	0.06448919	1.62628195327
1.3020156219877699	0.05762582	1.61726512372
1.3037609512397643	0.05637571	1.61468703507
1.3055062804917585	0.05095165	1.60846803447
1.307251609743753	0.04298582	1.60638624978
1.3089969389957472	0.0427043	1.6221563767
1.3107422682477414	0.0404397	1.63942508378
1.3124875974997359	0.02741598	1.64547927767
1.31423292675173	0.0227911	1.66196034964
1.3159782560037245	0.03050684	1.68885593964
1.3177235852557188	0.03117709	1.7007664033
1.319468914507713	0.02162954	1.69636152699
1.3212142437597074	0.01812598	1.69454121178
1.3229595730117016	0.0185496	1.69391761879
1.324704902263696	0.01455614	1.69307771542
1.3264502315156905	0.009167206	1.700358359
1.3281955607676847	0.007013347	1.71595982842
1.3299408900196792	0.004087532	1.73255464439
1.3316862192716734	0.002552633	1.75383338242
1.3334315485236679	0.004034075	1.77646981106
1.335176877775662	0.004746393	1.78912683715
1.3369222070276563	0.001998639	1.78883295623
1.338667536279651	0.001663157	1.78358980617
1.3404128655316452	0.004366555	1.77542220435
1.3421581947836396	0.005680066	1.766377039
1.3439035240356338	0.003249334	1.76035148098
1.345648853287628	0.003064147	1.76336409835
1.3473941825396225	0.006627356	1.77680325834
1.3491395117916167	0.008273632	1.79591874363
1.3508848410436112	0.004672234	1.81228698574
1.3526301702956054	0.005018799	1.8279229447
1.3543754995475996	0.01162448	1.84149384159
1.356120828799594	0.01563565	1.84114585333
1.3578661580515883	0.01464321	1.82319754025
1.3596114873035827	0.01770423	1.80199915449
1.3613568165555772	0.02226885	1.78157827765
1.3631021458075714	0.02303296	1.76080799477
1.3648474750595658	0.02410935	1.74935451438
1.36659280431156	0.02609187	1.75237931747
1.3683381335635545	0.02196356	1.76044848077
1.3700834628155487	0.02205719	1.77831621149
1.371828792067543	0.03431905	1.80761256458
1.3735741213195374	0.04215428	1.82232946396
1.3753194505715316	0.03707216	1.80692902566
1.3770647798235263	0.03977794	1.78410931273
1.3788101090755203	0.05166919	1.76016853201
1.3805554383275145	0.05250923	1.7192453419
1.3823007675795091	0.0446905	1.67290151818
1.3840460968315031	0.04360789	1.64731384486
1.3857914260834978	0.0425736	1.63843366696
1.387536755335492	0.04157284	1.64279027411
1.3892820845874863	0.05145023	1.66586989321
1.3910274138394807	0.06038837	1.68604418233
1.392772743091475	0.05515641	1.6796040931
1.3945180723434694	0.05763507	1.66596403687
1.3962634015954638	0.07417497	1.65298484868
1.398008730847458	0.07622961	1.61281444389
1.3997540600994525	0.06108225	1.54948624736
1.4014993893514467	0.05691414	1.50400898386
1.4032447186034411	0.06116736	1.47994351531
1.4049900478554354	0.05880008	1.46072373867
1.4067353771074296	0.05899477	1.45452999298
1.408480706359424	0.06474785	1.46137449512
1.4102260356114182	0.06274154	1.45977163749
1.4119713648634127	0.06413656	1.45539142174
1.413716694115407	0.07851551	1.45593324496
1.4154620233674011	0.08196492	1.43397052341
1.4172073526193956	0.06631909	1.3818474147
1.4189526818713898	0.06197512	1.33875695139
1.4206980111233842	0.07211009	1.31418647026
1.4224433403753785	0.07080177	1.28283240491
1.424188669627373	0.06114275	1.25133137907
1.4259339988793673	0.06230601	1.24283613496
1.4276793281313616	0.06570447	1.2450167517
1.429424657383356	0.06479677	1.24520619347
1.4311699866353502	0.06877764	1.24856874987
1.4329153158873444	0.070594	1.24243642885
1.434660645139339	0.05995766	1.21296711105
1.436405974391333	0.05647983	1.18388096262
1.4381513036433278	0.06810139	1.1681638869
1.439896632895322	0.06985916	1.14334744236
1.4416419621473162	0.05729457	1.11017389065
1.4433872913993107	0.05675343	1.09998749224
1.4451326206513049	0.06648132	1.10898735849
1.4468779499032993	0.06477677	1.11059537817
1.4486232791552935	0.05626366	1.1053235815
1.4503686084072878	0.05378753	1.10053326073
1.4521139376592822	0.04973395	1.0855196244
1.4538592669112764	0.045049	1.0645522132
1.4556045961632709	0.04911689	1.05105930717
1.457349925415265	0.05119877	1.03679173308
1.4590952546672595	0.04261098	1.01724409953
1.460840583919254	0.0425815	1.01416901492
1.4625859131712482	0.05480751	1.02849317955
1.4643312424232426	0.05518549	1.03274189088
1.4660765716752369	0.04192432	1.02211609759
1.467821900927231	0.03748444	1.01416356812
1.4695672301792255	0.03956008	1.0049530911
1.4713125594312197	0.03379624	0.984815945467
1.4730578886832144	0.02650716	0.963928112265
1.4748032179352084	0.02512684	0.951069501756
1.4765485471872026	0.02266038	0.942727230498
1.4782938764391973	0.02199564	0.944376277811
1.4800392056911913	0.02844466	0.958514861334
1.481784534943186	0.03061855	0.969869209529
1.4835298641951802	0.02313566	0.969908671425
1.4852751934471744	0.021228	0.968867666168
1.4870205226991688	0.02670027	0.965944452818
1.488765851951163	0.02393985	0.949538622605
1.4905111812031575	0.01361606	0.924713378821
1.4922565104551517	0.01056368	0.90797082052
1.4940018397071462	0.01299507	0.902012697621
1.4957471689591406	0.01138375	0.903232014142
1.4974924982111348	0.008413212	0.9135181894
1.4992378274631293	0.009387395	0.932321695615
1.5009831567151235	0.0107791	0.951436459439
1.5027284859671177	0.01158281	0.965112704575
1.5044738152191122	0.0140972	0.970317792078
1.5062191444711064	0.01541502	0.963686119266
1.5079644737231008	0.01275326	0.946207955874
1.509709802975095	0.0119892	0.927036036953
1.5114551322270893	0.01514459	0.913593812479
1.5132004614790837	0.01463603	0.907014688843
1.514945790731078	0.008896309	0.908873450682
1.5166911199830724	0.007858806	0.924153792275
1.5184364492350666	0.01267803	0.949497795223
1.520181778487061	0.01332232	0.97184355877
1.5219271077390553	0.009355377	0.983562236109
1.5236724369910497	0.01069883	0.987862031769
1.5254177662430441	0.0161777	0.983861631414
1.5271630954950384	0.01733986	0.966562111212
1.5289084247470326	0.01577354	0.941812937905
1.5306537539990273	0.01677541	0.922944129896
1.5323990832510213	0.0173306	0.91376188598
1.534144412503016	0.01644709	0.913069847756
1.5358897417550101	0.01769047	0.922658537019
1.5376350710070041	0.01792525	0.938820895661
1.5393804002589988	0.01374749	0.952059916139
1.541125729510993	0.01329997	0.960980017886
1.5428710587629875	0.01943987	0.965362067176
1.5446163880149817	0.0206871	0.956083259572
1.546361717266976	0.01506777	0.9329729955
1.5481070465189704	0.01595033	0.913160298821
1.5498523757709646	0.0233614	0.903048157339
1.551597705022959	0.02393446	0.892362382476
1.5533430342749532	0.01908096	0.882491488148
1.5550883635269477	0.01988541	0.885045297766
1.556833692778942	0.02330687	0.894565810415
1.5585790220309363	0.02290331	0.89827955709
1.5603243512829308	0.02297006	0.89780942914
1.562069680534925	0.0243259	0.896303308358
1.5638150097869192	0.02223659	0.88945740528
1.5655603390389137	0.02226604	0.88176329054
1.567305668290908	0.0285331	0.879756192071
1.5690509975429023	0.02967202	0.874915737181
1.5707963267948966	0.02272113	0.863619489394
1.5725416560468908	0.02287182	0.860335848743
1.5742869852988854	0.03108639	0.866440572021
1.5760323145508797	0.03104193	0.864068590538
1.5777776438028739	0.02413612	0.853560158581
1.579522973054868	0.0250323	0.851967725845
1.5812683023068623	0.03040219	0.85685081335
1.583013631558857	0.02996347	0.855371942996
1.5847589608108512	0.0282824	0.8523494013
1.5865042900628454	0.02916303	0.854626689017
1.5882496193148399	0.02753919	0.856308024408
1.589994948566834	0.02634321	0.857207518867
1.5917402778188285	0.03016811	0.861816355516
1.593485607070823	0.02994242	0.861207246797
1.5952309363228174	0.0227482	0.850687931848
1.5969762655748114	0.02227261	0.844338428548
1.5987215948268056	0.02982884	0.845576652583
1.6004669240788003	0.02958645	0.838753520093
1.6022122533307945	0.02226609	0.826070211197
1.6039575825827892	0.02285176	0.826825392275
1.6057029118347834	0.02873602	0.838853617185
1.6074482410867772	0.02756506	0.845212400062
1.6091935703387719	0.02330343	0.847376364691
1.610938899590766	0.02331712	0.85239315658
1.6126842288427607	0.02330405	0.852922943796
1.614429558094755	0.02189251	0.844951711129
1.6161748873467492	0.0236822	0.835472329155
1.6179202165987434	0.02396706	0.823725087091
1.6196655458507379	0.01927322	0.808834223835
1.6214108751027323	0.0192066	0.803464256463
1.6231562043547265	0.02574783	0.811401676227
1.624901533606721	0.0253765	0.816658698464
1.6266468628587152	0.01796237	0.816141216812
1.6283921921107094	0.0177587	0.8236091448
1.630137521362704	0.0232864	0.835454470455
1.6318828506146983	0.02156333	0.834429425254
1.6336281798666925	0.01604595	0.824056341687
1.6353735091186867	0.01622164	0.817880196824
1.637118838370681	0.01830353	0.813200205846
1.6388641676226756	0.01744349	0.804064121392
1.6406094968746698	0.01763729	0.796726464963
1.642354826126664	0.01802311	0.793334006315
1.6441001553786583	0.01536415	0.790406378334
1.6458454846306525	0.01459149	0.792493636378
1.6475908138826472	0.01790339	0.802373505785
1.6493361431346414	0.01670459	0.809230309743
1.6510814723866356	0.01066155	0.809917033857
1.6528268016386303	0.01002818	0.814901959871
1.6545721308906243	0.01450267	0.8228084764
1.6563174601426187	0.01356018	0.819204453121
1.6580627893946132	0.008984353	0.806603815267
1.6598081186466074	0.009766237	0.799505695994
1.6615534478986018	0.01369514	0.797560085096
1.6632987771505963	0.01326323	0.792022534491
1.6650441064025905	0.01109025	0.78764903163
1.6667894356545847	0.01124799	0.790821198832
1.668534764906579	0.01133682	0.796894399427
1.6702800941585736	0.0100406	0.801777062449
1.6720254234105678	0.01011288	0.807651306995
1.673770752662562	0.009460405	0.810919073221
1.6755160819145563	0.006555425	0.808835289281
1.6772614111665505	0.0063336	0.808087058597
1.6790067404185451	0.01017421	0.811058078623
1.6807520696705394	0.01030592	0.808098278203
1.6824973989225336	0.006602725	0.799494888583
1.684242728174528	0.007439953	0.796865576399
1.6859880574265222	0.0120262	0.799545667712
1.6877333866785167	0.01113118	0.795762236473
1.6894787159305111	0.006811051	0.788579411844
1.6912240451825054	0.006540052	0.788514726604
1.6929693744344996	0.00825961	0.792945341287
1.6947147036864938	0.006648948	0.794100371851
1.6964600329384885	0.004850776	0.795196490071
1.6982053621904827	0.004905681	0.798537613119
1.6999506914424773	0.004635432	0.800107095806
1.7016960206944716	0.004741952	0.799541761851
1.7034413499464653	0.007221681	0.799453551685
1.70518667919846	0.007754822	0.795170760843
1.7069320084504542	0.005480722	0.786162542374
1.708677337702449	0.005953158	0.780912122832
1.7104226669544431	0.009409458	0.78110919439
1.7121679962064373	0.008460698	0.777426834078
1.7139133254584316	0.004314302	0.771261299818
1.7156586547104258	0.004036493	0.772365829159
1.7174039839624204	0.006602483	0.77851213363
1.7191493132144147	0.005453475	0.778914313522
1.7208946424664089	0.002946198	0.775753383906
1.7226399717184033	0.003757957	0.775845213921
1.7243853009703975	0.006102864	0.77632569435
1.726130630222392	0.00656509	0.772162342318
1.7278759594743864	0.007178174	0.767123310306
1.7296212887263807	0.008164193	0.762936161574
1.7313666179783749	0.008077352	0.757972585326
1.733111947230369	0.007844359	0.754371790206
1.7348572764823638	0.008886185	0.754744391492
1.736602605734358	0.007776704	0.753843853752
1.7383479349863522	0.004582143	0.751090563588
1.7400932642383464	0.003886223	0.753291327752
1.7418385934903406	0.00615096	0.759960281625
1.7435839227423353	0.00553605	0.760787558991
1.7453292519943295	0.00304649	0.756504701153
1.7470745812463238	0.004256883	0.755641080945
1.7488199104983184	0.008207943	0.756518486355
1.7505652397503124	0.008431753	0.750744575104
1.7523105690023069	0.006599012	0.742626423138
1.7540558982543013	0.00729324	0.739951543593
1.7558012275062955	0.008983628	0.74115569065
1.75754655675829	0.007694133	0.742168865646
1.7592918860102844	0.00599084	0.74583507184
1.7610372152622786	0.00530099	0.751036402496
1.7627825445142729	0.004238105	0.753889441031
1.764527873766267	0.003593467	0.755331341048
1.7662732030182617	0.005481968	0.756542187073
1.768018532270256	0.005768101	0.750888335295
1.7697638615222502	0.003813015	0.73932749139
1.7715091907742444	0.005162901	0.731984883646
1.7732545200262386	0.009855054	0.730348448266
1.7749998492782333	0.009580187	0.725265108149
1.7767451785302275	0.005885715	0.719804163362
1.7784905077822217	0.006332264	0.723043469497
1.780235837034216	0.009161318	0.731113491666
1.7819811662862104	0.007297846	0.733642502632
1.7837264955382048	0.004250915	0.732993179713
1.785471824790199	0.004353563	0.732833385943
1.7872171540421935	0.005255832	0.729797982414
1.7889624832941877	0.004972511	0.722473992555
1.790707812546182	0.006178495	0.715616412469
1.7924531417981766	0.006817787	0.708405446425
1.7941984710501708	0.005722107	0.70128050356
1.7959438003021653	0.006270261	0.700422543509
1.7976891295541597	0.009136047	0.706892940058
1.7994344588061535	0.008209807	0.711327641331
1.8011797880581482	0.004680138	0.713260124518
1.8029251173101424	0.004759805	0.719267235092
1.804670446562137	0.007696138	0.726058786151
1.8064157758141313	0.006582385	0.723026391966
1.8081611050661255	0.003751005	0.713822099254
1.8099064343181197	0.004822191	0.707743562971
1.811651763570114	0.00808866	0.704419918276
1.8133970928221086	0.007796158	0.699458507432
1.8151424220741028	0.006426411	0.698122344001
1.816887751326097	0.00706256	0.703575457711
1.8186330805780915	0.007954255	0.712117440195
1.8203784098300857	0.007040092	0.720508373081
1.8221237390820801	0.006963759	0.728676146305
1.8238690683340746	0.006589042	0.730727684436
1.8256143975860688	0.004998843	0.724758592493
1.827359726838063	0.005364955	0.716739749452
1.8291050560900572	0.008894497	0.709254299686
1.830850385342052	0.0088998	0.69643948812
1.8325957145940461	0.006036288	0.683203066807
1.8343410438460404	0.007381422	0.680843378256
1.8360863730980346	0.0116826	0.68824069339
1.8378317023500288	0.01008388	0.694537329759
1.8395770316020235	0.005788637	0.701167153098
1.8413223608540177	0.005939231	0.712201900897
1.843067690106012	0.008074751	0.721344214411
1.8448130193580066	0.006469062	0.720648223031
1.8465583486100006	0.004993958	0.713695863327
1.848303677861995	0.0059219	0.703269914423
1.8500490071139892	0.007064984	0.68979071021
1.8517943363659837	0.007806648	0.677190951725
1.8535396656179781	0.01007568	0.670639691168
1.8552849948699723	0.0104901	0.667257890351
1.8570303241219668	0.008798665	0.667704381825
1.858775653373961	0.008944332	0.676924115495
1.8605209826259552	0.01119144	0.692524936044
1.8622663118779499	0.009372046	0.703300674528
1.864011641129944	0.005409479	0.709101596878
1.8657569703819383	0.005722978	0.715896884466
1.8675022996339325	0.009390072	0.720704793369
1.8692476288859268	0.008801196	0.714899159427
1.8709929581379214	0.006488808	0.703426260959
1.8727382873899157	0.008744773	0.694970895599
1.8744836166419099	0.01328302	0.689357448989
1.876228945893904	0.01280401	0.682944640056
1.8779742751458985	0.01055323	0.681159783487
1.879719604397893	0.01094332	0.68686848672
1.8814649336498872	0.01168302	0.697060853578
1.8832102629018816	0.009924484	0.709067118838
1.8849555921538759	0.009358615	0.722891851782
1.88670092140587	0.009118272	0.732290314181
1.8884462506578648	0.007881204	0.735086347588
1.890191579909859	0.009122193	0.736039385892
1.8919369091618534	0.01400813	0.736096522112
1.8936822384138474	0.01439415	0.727938079854
1.8954275676658416	0.01128171	0.715881278097
1.8971728969178363	0.01323407	0.710669153577
1.8989182261698305	0.01828157	0.711156126069
1.9006635554218252	0.01564265	0.707540980353
1.9024088846738194	0.009839071	0.704225561641
1.9041542139258136	0.0101974	0.708641422779
1.9058995431778079	0.0133962	0.716686514741
1.907644872429802	0.01171784	0.720811552534
1.9093902016817967	0.01021772	0.724734206447
1.911135530933791	0.01280121	0.730015655891
1.9128808601857852	0.01610564	0.732941958016
1.9146261894377794	0.01755982	0.731785439964
1.9163715186897738	0.01972971	0.728866698115
1.9181168479417683	0.02010973	0.721080763126
1.9198621771937625	0.01794645	0.709740763474
1.921607506445757	0.01678187	0.701760769727
1.9233528356977512	0.01760137	0.69935680546
1.9250981649497454	0.01431339	0.695929081404
1.92684349420174	0.009147057	0.694446808806
1.9285888234537343	0.009441668	0.702372676004
1.9303341527057285	0.0140329	0.716004805872
1.9320794819577227	0.01355345	0.723281147925
1.933824811209717	0.01103779	0.726333130197
1.9355701404617116	0.01465447	0.73198404803
1.9373154697137058	0.0211381	0.736399517136
1.9390607989657	0.02036404	0.731571692294
1.9408061282176947	0.01674731	0.723572541464
1.9425514574696887	0.01764226	0.719210828961
1.9442967867216832	0.01953162	0.717147489388
1.9460421159736774	0.01632916	0.715299688703
1.9477874452256718	0.01328395	0.718311578553
1.9495327744776663	0.01265481	0.724709357064
1.9512781037296605	0.01193397	0.73164746961
1.953023432981655	0.01206754	0.74011553795
1.9547687622336491	0.01569514	0.748967984922
1.9565140914856434	0.01644306	0.748533247972
1.958259420737638	0.01444818	0.739980230542
1.9600047499896323	0.01753327	0.732924125968
1.9617500792416265	0.02410249	0.727535939743
1.9634954084936207	0.02228478	0.715483812627
1.965240737745615	0.01651034	0.704459668795
1.9669860669976096	0.01788027	0.705936564612
1.9687313962496038	0.02222039	0.715712702168
1.970476725501598	0.01840179	0.722379390735
1.9722220547535922	0.01292638	0.728998172065
1.9739673840055865	0.01393546	0.738351901255
1.9757127132575811	0.01682912	0.743902741174
1.9774580425095754	0.01499483	0.739884689069
1.9792033717615696	0.0134837	0.730993245671
1.980948701013564	0.01440357	0.718922979393
1.9826940302655582	0.01513398	0.705111472108
1.9844393595175527	0.01499336	0.694596523933
1.9861846887695471	0.01651626	0.691784095139
1.9879300180215416	0.01618776	0.692603898058
1.9896753472735356	0.01422486	0.698684712029
1.9914206765255298	0.01530941	0.714838896859
1.9931660057775245	0.01931875	0.73668956319
1.9949113350295187	0.01792129	0.751033455931
1.9966566642815133	0.01392048	0.75814919672
1.9984019935335076	0.015947	0.7639136121
2.0001473227855016	0.02128181	0.764157537514
2.0018926520374962	0.01878305	0.750251107677
2.0036379812894904	0.01370998	0.730738297822
2.0053833105414847	0.01585306	0.71714053868
2.0071286397934793	0.02071217	0.709579178675
2.0088739690454736	0.01833177	0.703922985188
2.0106192982974678	0.01503121	0.706346516703
2.012364627549462	0.01718035	0.718634940122
2.0141099568014567	0.02032328	0.734836359298
2.015855286053451	0.01954909	0.749030293606
2.017600615305445	0.01952725	0.76041217787
2.0193459445574393	0.0201551	0.763649568423
2.0210912738094335	0.0195397	0.757912344605
2.022836603061428	0.01937663	0.748216785643
2.0245819323134224	0.02121507	0.737774959774
2.0263272615654166	0.01920774	0.723076529036
2.028072590817411	0.01511967	0.710134383074
2.029817920069405	0.01565036	0.707723138822
2.0315632493213998	0.01926647	0.713523853749
2.033308578573394	0.01657071	0.716792600689
2.035053907825388	0.01191733	0.719813297246
2.036799237077383	0.01411886	0.727680961269
2.0385445663293766	0.0194272	0.735196251667
2.0402898955813713	0.01733943	0.733571766378
2.0420352248333655	0.0135733	0.7289107401
2.0437805540853597	0.01639023	0.728105992657
2.0455258833373544	0.02111732	0.729001950735
2.0472712125893486	0.01924073	0.7271181238
2.049016541841343	0.01669446	0.727124376516
2.050761871093337	0.01819009	0.729978707466
2.0525072003453313	0.01990323	0.733047939793
2.054252529597326	0.01845955	0.735229525384
2.05599785884932	0.01808916	0.738476287226
2.0577431881013144	0.01752104	0.738827537948
2.0594885173533086	0.01574045	0.736867474733
2.0612338466053033	0.01562253	0.736814077745
2.0629791758572975	0.01796955	0.738170702228
2.0647245051092917	0.0158533	0.733576649557
2.0664698343612864	0.01192841	0.727304382331
2.0682151636132806	0.01347797	0.727218190346
2.069960492865275	0.01792403	0.731031054497
2.0717058221172695	0.01541781	0.729979611845
2.0734511513692637	0.01120228	0.728884891156
2.075196480621258	0.01371951	0.733347672102
2.076941809873252	0.01853322	0.738136354496
2.0786871391252464	0.01593075	0.734950514886
2.080432468377241	0.0120162	0.729046455228
2.0821777976292353	0.0137483	0.725215737893
2.08392312688123	0.01665747	0.721748888811
2.0856684561332237	0.01381257	0.716293382481
2.087413785385218	0.01085298	0.713411768727
2.0891591146372126	0.01112039	0.712533313677
2.090904443889207	0.01162325	0.711582959904
2.0926497731412015	0.01024695	0.710223699674
2.0943951023931957	0.01056281	0.709239253288
2.0961404316451895	0.01046528	0.704267765647
2.097885760897184	0.009608211	0.698254970216
2.0996310901491784	0.0110767	0.697459763858
2.101376419401173	0.01487596	0.701779327217
2.1031217486531673	0.01383913	0.704005461175
2.1048670779051615	0.0109841	0.707637114399
2.1066124071571557	0.01300046	0.717324287678
2.10835773640915	0.01686762	0.728024338851
2.1101030656611446	0.01358811	0.730641224689
2.111848394913139	0.00883587	0.729815760798
2.113593724165133	0.009942924	0.73053729169
2.1153390534171272	0.01277619	0.729941707036
2.1170843826691215	0.009518223	0.723470192502
2.118829711921116	0.006171326	0.716673893012
2.1205750411731104	0.007876407	0.712453655936
2.1223203704251046	0.01090289	0.709852638506
2.124065699677099	0.009957523	0.707917111127
2.1258110289290935	0.009529309	0.710226527173
2.1275563581810877	0.01128244	0.715480467697
2.129301687433082	0.01296244	0.722974396124
2.1310470166850766	0.0126922	0.732078729877
2.132792345937071	0.01307049	0.740994827557
2.134537675189065	0.01233385	0.743138326616
2.1362830044410597	0.01069991	0.739259805846
2.138028333693054	0.01012192	0.732828173979
2.139773662945048	0.01108794	0.724236752178
2.141518992197043	0.00875585	0.710389460151
2.143264321449037	0.005778943	0.698010134802
2.1450096507010312	0.006643421	0.693582316074
2.1467549799530254	0.00947853	0.695686355637
2.1485003092050197	0.00741711	0.697905260613
2.1502456384570143	0.004752523	0.702870153807
2.1519909677090086	0.006758267	0.711784617125
2.1537362969610028	0.01022829	0.720259840344
2.155481626212997	0.008197113	0.722642933801
2.157226955464991	0.00569017	0.722596178206
2.158972284716986	0.007343017	0.722176389158
2.16071761396898	0.009875413	0.72088672292
2.1624629432209743	0.00782368	0.717670123377
2.1642082724729685	0.005918623	0.716035947606
2.1659536017249628	0.006656166	0.715330783924
2.1676989309769574	0.007645522	0.715548106056
2.1694442602289516	0.006350567	0.716869692479
2.171189589480946	0.006082086	0.719565855548
2.17293491873294	0.005827546	0.719156147304
2.1746802479849343	0.005209281	0.717000922948
2.176425577236929	0.005366694	0.715764370568
2.178170906488923	0.007039192	0.714546231352
2.179916235740918	0.005733354	0.708448617665
2.1816615649929116	0.003798482	0.702317073625
2.183406894244906	0.004935728	0.701179097363
2.1851522234969005	0.007371021	0.703510009964
2.1868975527488947	0.005221972	0.70408720269
2.1886428820008894	0.002752303	0.706689753345
2.1903882112528836	0.003898961	0.712494111388
2.192133540504878	0.00597952	0.717271343977
2.193878869756872	0.003846952	0.7158037346
2.1956241990088667	0.001844091	0.710892691003
2.197369528260861	0.002745924	0.703368588962
2.199114857512855	0.004385491	0.694049671423
2.20086018676485	0.002822712	0.684322052893
2.202605516016844	0.001611446	0.678627561451
2.2043508452688383	0.002300778	0.676739612626
2.206096174520833	0.0034796	0.679806599028
2.207841503772827	0.002562177	0.687651496876
2.2095868330248214	0.002379661	0.698466648474
2.2113321622768156	0.002692674	0.706095252675
2.21307749152881	0.003044861	0.710953440961
2.2148228207808045	0.003153603	0.714472907713
2.2165681500327987	0.004421789	0.715457511923
2.218313479284793	0.003887101	0.709709358866
2.220058808536787	0.002947334	0.702172412637
2.2218041377887814	0.003704593	0.697334739446
2.223549467040776	0.005390822	0.694469175426
2.2252947962927703	0.003532625	0.690190699693
2.2270401255447645	0.001579167	0.689675922375
2.2287854547967587	0.002095982	0.695229652605
2.230530784048753	0.003261888	0.704581811145
2.2322761133007476	0.001497308	0.713661416161
2.234021442552742	0.0003668545	0.723374694949
2.235766771804736	0.0008997504	0.730589994159
2.2375121010567303	0.001964081	0.732927464266
2.239257430308725	0.001211772	0.729190799971
2.241002759560719	0.0009433481	0.721687390551
2.2427480888127134	0.001415684	0.710611216637
2.2444934180647076	0.002484119	0.700717208304
2.246238747316702	0.001863329	0.695626367412
2.2479840765686965	0.001498097	0.696546286928
2.2497294058206907	0.001794715	0.699599353098
2.251474735072685	0.002452723	0.705115703632
2.253220064324679	0.001577307	0.712068909789
2.254965393576674	0.001420991	0.717584435792
2.256710722828668	0.001154278	0.716676994411
2.2584560520806622	0.0009170405	0.712965611177
2.260201381332657	0.001132943	0.71028003147
2.261946710584651	0.002665266	0.708299903814
2.2636920398366454	0.001889507	0.702910606857
2.26543736908864	0.000931506	0.698293938975
2.2671826983406342	0.002075707	0.696871026987
2.2689280275926285	0.003815727	0.69638949631
2.2706733568446227	0.002014346	0.693498076754
2.272418686096617	0.0006315368	0.693325242869
2.2741640153486116	0.001092081	0.697299742905
2.2759093446006062	0.00175895	0.703958760393
2.2776546738526	0.000774157	0.710919077316
2.2794000031045942	0.0008474479	0.71850277629
2.2811453323565885	0.0007808045	0.722266023634
2.2828906616085836	0.0008410935	0.721849538367
2.284635990860578	0.0007808833	0.718706716222
2.286381320112572	0.001232744	0.714190722679
2.288126649364566	0.0005757406	0.706357227799
2.28987197861656	0.0004726665	0.700259645762
2.291617307868555	0.0002450147	0.699137459294
2.2933626371205493	0.0004058628	0.700744393767
2.2951079663725436	0.00006394606	0.69882185176
2.2968532956245378	0.0002233753	0.695926837182
2.2985986248765315	0.00001237487	0.694206741719
2.3003439541285267	0.0006069962	0.691958064957
2.302089283380521	0.0002651767	0.685579584534
2.303834612632515	0.00005633294	0.681369063477
2.3055799418845093	0.0007765056	0.683548299681
2.3073252711365035	0.002451036	0.689514335851
2.309070600388498	0.001462364	0.693383495471
2.3108159296404924	0.0005343657	0.698343420804
2.3125612588924866	0.001329046	0.704809399802
2.314306588144481	0.002361037	0.709371894299
2.316051917396475	0.0007424594	0.709035195123
2.3177972466484698	0.00005076581	0.708201824694
2.319542575900464	0.0001630321	0.706978281513
2.321287905152458	0.0004176158	0.705653634042
2.3230332344044524	0.0004568326	0.705028118022
2.324778563656447	0.001682866	0.706701984671
2.3265238929084413	0.001410919	0.707294046848
2.3282692221604355	0.00125925	0.709244301911
2.33001455141243	0.002094273	0.714821307814
2.3317598806644244	0.003280849	0.72216377867
2.3335052099164186	0.002089343	0.72538036119
2.3352505391684133	0.00132083	0.727614625652
2.3369958684204075	0.001365202	0.730786067707
2.3387411976724017	0.001793764	0.731468964463
2.340486526924396	0.000636123	0.724199014209
2.34223185617639	0.00009072587	0.714757357734
2.343977185428385	0.0004311349	0.707908168511
2.345722514680379	0.001665377	0.702152156831
2.3474678439323733	0.00104084	0.693216249586
2.3492131731843675	0.000746238	0.687499017782
2.3509585024363617	0.001964301	0.68881333615
2.3527038316883564	0.00375451	0.693337899484
2.3544491609403506	0.002526758	0.694979112394
2.356194490192345	0.001646764	0.698395696915
2.357939819444339	0.002358995	0.704878295003
2.3596851486963333	0.003196647	0.710247278289
2.361430477948328	0.001868101	0.71036573767
2.363175807200322	0.001612146	0.709509264639
2.3649211364523164	0.001730269	0.707774362721
2.3666664657043106	0.001980986	0.704801210119
2.368411794956305	0.002127274	0.701190555553
2.3701571242083	0.003222586	0.69981356477
2.371902453460294	0.002587202	0.698104628229
2.373647782712288	0.00206789	0.697743359767
2.375393111964282	0.002621806	0.700126266609
2.3771384412162764	0.003671699	0.703277514211
2.3788837704682715	0.002077258	0.701108315865
2.3806290997202657	0.0009389246	0.697672941021
2.38237442897226	0.001689884	0.697044399171
2.384119758224254	0.003204488	0.696667627926
2.3858650874762484	0.001820494	0.690725011794
2.387610416728243	0.0009855758	0.686242777019
2.3893557459802373	0.002694698	0.68856405219
2.3911010752322315	0.005001325	0.693085090514
2.3928464044842257	0.003326039	0.692603799326
2.39459173373622	0.002010668	0.694580137838
2.3963370629882146	0.003581916	0.703657395921
2.398082392240209	0.005281903	0.713897122821
2.3998277214922035	0.002843704	0.717994449506
2.4015730507441977	0.00122857	0.722229520441
2.403318379996192	0.002048146	0.728584140951
2.4050637092481866	0.002941874	0.731456827258
2.406809038500181	0.001415552	0.72631060237
2.408554367752175	0.001271185	0.719755287352
2.4102996970041692	0.002083796	0.714179794071
2.4120450262561635	0.003255808	0.709058273996
2.413790355508158	0.003984632	0.704042539901
2.4155356847601523	0.005703166	0.702985390609
2.4172810140121466	0.006198446	0.703939080834
2.419026343264141	0.006639829	0.706210960264
2.420771672516135	0.007295423	0.709064368779
2.4225170017681297	0.008143471	0.712315003135
2.424262331020124	0.006346295	0.712046506898
2.426007660272118	0.004692007	0.711416583925
2.4277529895241123	0.00472055	0.71331752089
2.4294983187761066	0.005545129	0.715991225822
2.4312436480281012	0.003308725	0.713317949932
2.4329889772800954	0.001848422	0.710037597216
2.4347343065320897	0.003618621	0.710184202758
2.436479635784084	0.006115684	0.709693114347
2.438224965036078	0.004137812	0.702057013208
2.4399702942880728	0.00279885	0.696255241944
2.441715623540067	0.005356619	0.699120065803
2.443460952792061	0.008070359	0.704789781677
2.4452062820440554	0.005411933	0.704505294986
2.4469516112960497	0.003594994	0.705918032152
2.4486969405480443	0.00594501	0.713029663901
2.4504422698000385	0.008275403	0.717620780509
2.4521875990520328	0.005588903	0.712161388568
2.4539329283040274	0.004154691	0.706767487811
2.4556782575560216	0.006363896	0.707057417268
2.457423586808016	0.008454653	0.707594198228
2.4591689160600105	0.006681169	0.703039340619
2.4609142453120048	0.006149568	0.700420775221
2.462659574563999	0.007313425	0.700522872197
2.464404903815993	0.008026352	0.69868518724
2.466150233067988	0.006831628	0.692788210032
2.467895562319982	0.00673666	0.688998473618
2.4696408915719763	0.005955071	0.687895101733
2.4713862208239705	0.005207357	0.690300856534
2.4731315500759647	0.00537381	0.696774626963
2.47487687932796	0.006528799	0.706918263336
2.476622208579954	0.004972501	0.714436415125
2.4783675378319483	0.004047804	0.720177626607
2.480112867083942	0.005750021	0.725573109922
2.4818581963359363	0.007903377	0.728563050816
2.4836035255879314	0.006072239	0.724861575414
2.4853488548399256	0.005086507	0.722113234574
2.48709418409192	0.007411476	0.725477096431
2.488839513343914	0.009877561	0.730134841295
2.490584842595908	0.007394083	0.727793057205
2.492330171847903	0.005651081	0.724892681354
2.494075501099897	0.008194464	0.726056968166
2.4958208303518914	0.01094456	0.725256349341
2.4975661596038856	0.007725562	0.715770764614
2.49931148885588	0.005803885	0.709109227831
2.5010568181078745	0.009790962	0.712478374471
2.5028021473598687	0.01371439	0.7171325489
2.504547476611863	0.01065543	0.712721973695
2.506292805863857	0.009025959	0.708281050166
2.5080381351158514	0.01271549	0.708541333224
2.509783464367846	0.01523939	0.705318470363
2.5115287936198403	0.01138921	0.693354619889
2.5132741228718345	0.009077208	0.685898882646
2.5150194521238287	0.01030882	0.688855138559
2.516764781375823	0.01086546	0.695254065055
2.5185101106278176	0.007951167	0.698314921479
2.520255439879812	0.006749901	0.703338096308
2.522000769131806	0.007299496	0.709231816621
2.5237460983838007	0.007997693	0.7106210481
2.525491427635795	0.007156231	0.705572753862
2.527236756887789	0.007555446	0.701107729145
2.528982086139784	0.008164731	0.698431236464
2.530727415391778	0.008955975	0.697576631024
2.5324727446437723	0.009326709	0.698001363797
2.5342180738957665	0.01058997	0.699973177979
2.535963403147761	0.009964236	0.698499423335
2.5377087323997554	0.009411446	0.695913585837
2.5394540616517496	0.01099616	0.696172611614
2.541199390903744	0.01338461	0.699020764949
2.542944720155738	0.01095714	0.699613590516
2.5446900494077327	0.009334734	0.704881279179
2.546435378659727	0.01303528	0.718269662483
2.548180707911721	0.0164736	0.730358063095
2.5499260371637154	0.01224779	0.729978479254
2.5516713664157096	0.009444981	0.725982024236
2.5534166956677042	0.01297809	0.725189806453
2.5551620249196985	0.01528745	0.721287089402
2.5569073541716927	0.009940279	0.708999801304
2.558652683423687	0.006730509	0.702124715372
2.560398012675681	0.009519666	0.706688940282
2.5621433419276762	0.01154724	0.711772796486
2.56388867117967	0.00722248	0.707053751737
2.5656340004316642	0.005139248	0.702688695475
2.5673793296836585	0.0090438	0.704382556691
2.5691246589356527	0.01290003	0.704289123892
2.570869988187648	0.01046846	0.696409270133
2.572615317439642	0.01030271	0.6940887594
2.5743606466916362	0.01645318	0.702788981847
2.57610597594363	0.0215686	0.711244512585
2.5778513051956247	0.01898008	0.709657651677
2.5795966344476193	0.01783223	0.708040622539
2.5813419636996136	0.02113197	0.710318890694
2.5830872929516078	0.02214789	0.709460111763
2.584832622203602	0.0171237	0.702631988095
2.586577951455596	0.01403849	0.701062587998
2.588323280707591	0.01342299	0.70612974701
2.590068609959585	0.01221023	0.711371082144
2.5918139392115793	0.0096343	0.712492879705
2.593559268463574	0.009125946	0.712599390672
2.595304597715568	0.008386736	0.70920084272
2.5970499269675624	0.008291287	0.703120902899
2.598795256219557	0.00951686	0.6974073302
2.6005405854715513	0.01171708	0.69491813125
2.6022859147235455	0.01128324	0.692636078185
2.6040312439755398	0.01179545	0.694043661748
2.6057765732275344	0.01502028	0.70029411792
2.6075219024795286	0.01822849	0.706128320524
2.609267231731523	0.01625275	0.704156927084
2.611012560983517	0.01507683	0.701955607678
2.6127578902355113	0.01843903	0.705218275772
2.614503219487506	0.02104302	0.708356269021
2.6162485487395	0.01616315	0.704226259853
2.6179938779914944	0.01309288	0.703410172676
2.6197392072434886	0.01693261	0.710802514539
2.621484536495483	0.01946806	0.715683445626
2.6232298657474775	0.0134528	0.709199728947
2.6249751949994717	0.0101712	0.70500731553
2.626720524251466	0.01438694	0.710430016719
2.62846585350346	0.01699035	0.715382320204
2.6302111827554544	0.01133846	0.711541591399
2.631956512007449	0.008698648	0.711916205526
2.6337018412594433	0.01354268	0.721022487768
2.6354471705114375	0.01712205	0.725531242389
2.6371924997634317	0.01249804	0.715869386198
2.638937829015426	0.01091743	0.706799286674
2.6406831582674206	0.01745298	0.706006224531
2.642428487519415	0.02246678	0.702864273672
2.644173816771409	0.01827173	0.690022090886
2.6459191460234033	0.01709974	0.682868683558
2.647664475275398	0.02360592	0.686788419398
2.649409804527392	0.02726519	0.689123522525
2.6511551337793864	0.02184805	0.682606210723
2.652900463031381	0.01920579	0.681171586155
2.6546457922833753	0.02178375	0.688551967815
2.6563911215353695	0.02188451	0.695402152379
2.658136450787364	0.01668593	0.697012206532
2.6598817800393584	0.01425577	0.701935028559
2.6616271092913526	0.01436341	0.70886182072
2.663372438543347	0.01399208	0.711408184183
2.665117767795341	0.01204693	0.707423085454
2.6668630970473357	0.01198359	0.702860299696
2.6686084262993304	0.01234723	0.697832559058
2.670353755551324	0.01325811	0.693614488573
2.6720990848033184	0.0140576	0.691393406087
2.6738444140553126	0.01591597	0.692624574367
2.6755897433073077	0.01648751	0.693248263015
2.677335072559302	0.01748941	0.694838093396
2.679080401811296	0.01967341	0.698075064277
2.6808257310632904	0.02209316	0.700586005133
2.682571060315284	0.0202899	0.697697304381
2.6843163895672792	0.01927295	0.69666116105
2.6860617188192735	0.02238277	0.701581391248
2.6878070480712677	0.02469482	0.70635196868
2.689552377323262	0.01982429	0.703446861627
2.691297706575256	0.01716661	0.702360908512
2.693043035827251	0.02116644	0.707571587278
2.694788365079245	0.02327235	0.710017815352
2.6965336943312392	0.01693461	0.702922012591
2.6982790235832335	0.0138939	0.700369384661
2.7000243528352277	0.01839295	0.708313895064
2.7017696820872223	0.02087406	0.714636244561
2.7035150113392166	0.01478598	0.709530730538
2.705260340591211	0.01236587	0.706333819478
2.707005669843205	0.01858224	0.710252121411
2.7087509990951992	0.02294479	0.707445106059
2.710496328347194	0.01741968	0.689426485512
2.712241657599188	0.01605812	0.675405905569
2.7139869868511823	0.02513027	0.674740127553
2.7157323161031766	0.03095384	0.672948989083
2.7174776453551712	0.02422755	0.661026103733
2.7192229746071654	0.02161693	0.658298087905
2.7209683038591597	0.02905368	0.671125055501
2.7227136331111543	0.03144443	0.682225596704
2.7244589623631486	0.02160408	0.682933373246
2.7262042916151428	0.01646897	0.691339081289
2.7279496208671374	0.02013895	0.711203279457
2.7296949501191317	0.02033683	0.726326048768
2.731440279371126	0.01235085	0.728433629168
2.73318560862312	0.009220848	0.730773684145
2.7349309378751143	0.01314352	0.735005791072
2.736676267127109	0.01543592	0.730221788061
2.738421596379103	0.0118155	0.713038963227
2.7401669256310974	0.01226071	0.698140169765
2.7419122548830916	0.01884061	0.69054467001
2.743657584135086	0.02409911	0.684005181676
2.7454029133870805	0.02319149	0.67513712058
2.7471482426390748	0.02506332	0.67370627536
2.748893571891069	0.03094239	0.679958849904
2.750638901143063	0.03373931	0.686191110021
2.7523842303950574	0.03015609	0.688706229726
2.7541295596470525	0.02829997	0.695167931219
2.7558748888990463	0.02812443	0.705066440581
2.7576202181510405	0.02616142	0.714324545116
2.7593655474030347	0.0220663	0.720709473392
2.761110876655029	0.02018313	0.726406388579
2.762856205907024	0.01827275	0.726988903782
2.7646015351590183	0.01714429	0.722152238836
2.766346864411012	0.01759376	0.713363958417
2.7680921936630063	0.01909421	0.702337136727
2.7698375229150005	0.01794151	0.687976516983
2.7715828521669956	0.01847023	0.678506857216
2.77332818141899	0.02213574	0.678206443079
2.775073510670984	0.02506894	0.682199270547
2.7768188399229783	0.02250687	0.682983767688
2.7785641691749725	0.02170241	0.687509858701
2.780309498426967	0.02548052	0.697684061933
2.7820548276789614	0.02728235	0.703762591569
2.7838001569309556	0.0213806	0.699249867499
2.78554548618295	0.01869566	0.699008204803
2.7872908154349445	0.02355982	0.709234225259
2.7890361446869387	0.02598029	0.717286365053
2.790781473938933	0.01912526	0.71405166273
2.7925268031909276	0.01699712	0.714106213821
2.794272132442922	0.02423706	0.720990209895
2.796017461694916	0.02786178	0.719026733672
2.7977627909469107	0.02072286	0.701634481619
2.799508120198905	0.01883184	0.689871969184
2.801253449450899	0.02674005	0.691978114893
2.8029987787028934	0.0300289	0.693722024655
2.8047441079548876	0.02163757	0.687661720114
2.8064894372068823	0.01854943	0.691650271035
2.8082347664588765	0.02548714	0.708792262485
2.8099800957108707	0.0277254	0.719926482718
2.811725424962865	0.01845825	0.715751289955
2.813470754214859	0.01553281	0.716289729224
2.815216083466854	0.02399674	0.727965912692
2.816961412718848	0.02817911	0.733102822984
2.8187067419708423	0.02045461	0.722939932468
2.8204520712228365	0.01925976	0.717994186198
2.8221974004748307	0.02973465	0.723200013381
2.8239427297268254	0.03455362	0.718375268558
2.8256880589788196	0.02563839	0.695655693195
2.827433388230814	0.02314365	0.679620054892
2.829178717482808	0.03246681	0.678433428661
2.8309240467348022	0.03522284	0.674218801467
2.832669375986797	0.02422132	0.660722995118
2.834414705238791	0.02024709	0.660077894732
2.8361600344907854	0.02742401	0.675427684096
2.8379053637427796	0.02856628	0.687221487173
2.839650692994774	0.0186519	0.688813632825
2.8413960222467685	0.01584997	0.698602000928
2.8431413514987627	0.02218112	0.718054033256
2.844886680750757	0.02424063	0.731397101261
2.8466320100027516	0.01815456	0.732531210497
2.848377339254746	0.0174775	0.734600153515
2.8501226685067405	0.02351355	0.737911138394
2.8518679977587347	0.02612303	0.731882100183
2.853613327010729	0.02097724	0.714593338625
2.855358656262723	0.02012703	0.701790234273
2.8571039855147173	0.02592098	0.698023900954
2.858849314766712	0.02833636	0.695503388058
2.8605946440187062	0.02274544	0.689982867815
2.8623399732707004	0.02196132	0.691054118084
2.8640853025226947	0.02757747	0.697176014439
2.865830631774689	0.02970996	0.698698250165
2.867575961026684	0.02582588	0.693216965237
2.869321290278678	0.0265667	0.691614818804
2.8710666195306724	0.03065689	0.694707702033
2.872811948782666	0.03242416	0.698407610653
2.8745572780346604	0.03136741	0.700973173266
2.8763026072866555	0.03194409	0.705282321872
2.8780479365386498	0.03160741	0.706865452519
2.879793265790644	0.03043798	0.704795571477
2.881538595042638	0.02811569	0.700540030693
2.8832839242946324	0.02598173	0.697922745509
2.885029253546627	0.02305393	0.697031657364
2.8867745827986213	0.02101641	0.702366543966
2.8885199120506155	0.01890932	0.713185215984
2.8902652413026098	0.01807958	0.723721964011
2.892010570554604	0.01665097	0.725988656353
2.8937558998065986	0.01655406	0.723875598857
2.895501229058593	0.01906384	0.719640356348
2.897246558310587	0.02252063	0.70977052368
2.8989918875625813	0.02150661	0.692644023993
2.9007372168145755	0.02351902	0.682897393775
2.90248254606657	0.0321268	0.685096531795
2.9042278753185644	0.03724202	0.686984633829
2.9059732045705586	0.0320535	0.680918551412
2.907718533822553	0.03126336	0.681526214012
2.909463863074547	0.03753213	0.692076302626
2.9112091923265417	0.0375582	0.700676986333
2.912954521578536	0.02834716	0.704635584774
2.91469985083053	0.02491938	0.720232006026
2.916445180082525	0.02750644	0.746590840103
2.918190509334519	0.0265851	0.765991896011
2.9199358385865133	0.01983668	0.768696754848
2.921681167838508	0.01781991	0.767075923116
2.923426497090502	0.02240568	0.764446275478
2.9251718263424964	0.02503742	0.749772217093
2.9269171555944906	0.01920542	0.720492059337
2.9286624848464853	0.01947438	0.700201038209
2.9304078140984795	0.03200729	0.696594665999
2.9321531433504737	0.03869204	0.688471430025
2.933898472602468	0.02922243	0.665437776278
2.935643801854462	0.0283442	0.653909362668
2.937389131106457	0.04203458	0.661326772505
2.939134460358451	0.04393351	0.663921231145
2.9408797896104453	0.02760318	0.657145382286
2.9426251188624395	0.02230856	0.671850490189
2.9443704481144337	0.03071665	0.709274359991
2.946115777366429	0.02972775	0.737939020171
2.9478611066184226	0.01662863	0.746729750548
2.949606435870417	0.01400596	0.75862713637
2.951351765122411	0.0228616	0.77517873647
2.9530970943744053	0.02558924	0.775417942723
2.9548424236264004	0.01698383	0.757273231698
2.9565877528783946	0.0169039	0.749121770434
2.9583330821303884	0.03000419	0.756020742376
2.9600784113823826	0.0356862	0.753018373523
2.961823740634377	0.02500744	0.73063515782
2.963569069886372	0.02465408	0.716329222366
2.965314399138366	0.04067494	0.716830758907
2.9670597283903604	0.04447375	0.707968866297
2.968805057642354	0.02835381	0.686207718819
2.970550386894349	0.02473313	0.685546415118
2.9722957161463435	0.03724633	0.709571028267
2.9740410453983377	0.03718202	0.725330541997
2.975786374650332	0.02059307	0.721947807491
2.977531703902326	0.01688377	0.727405486145
2.9792770331543204	0.02792022	0.743730768314
2.981022362406315	0.02952006	0.743587247212
2.9827676916583092	0.01690236	0.723655373287
2.9845130209103035	0.01600072	0.717495692228
2.986258350162298	0.03056207	0.729926082734
2.9880036794142923	0.03550824	0.731529355065
2.9897490086662866	0.02312152	0.71460804876
2.9914943379182812	0.02295601	0.710820922923
2.9932396671702755	0.03979769	0.724689402016
2.9949849964222697	0.04317376	0.728067669437
2.996730325674264	0.02630697	0.717258016389
2.9984756549262586	0.02294736	0.725205591166
3.000220984178253	0.03592438	0.752618230851
3.001966313430247	0.0352414	0.767906320018
3.0037116426822412	0.01782416	0.763681842448
3.0054569719342354	0.01414272	0.766963266039
3.00720230118623	0.02481957	0.778535312562
3.0089476304382243	0.0254384	0.774824771523
3.0106929596902186	0.01312121	0.754000566575
3.0124382889422128	0.01291919	0.744556061491
3.014183618194207	0.02668665	0.749507213608
3.0159289474462017	0.03205805	0.74434435847
3.017674276698196	0.02320936	0.722731303537
3.01941960595019	0.02606285	0.712488290626
3.0211649352021843	0.04414716	0.717772933227
3.0229102644541785	0.04991136	0.712657039613
3.024655593706173	0.03602782	0.693044766922
3.0264009229581674	0.03433525	0.692474616191
3.0281462522101616	0.04860916	0.71457056454
3.029891581462156	0.04767386	0.728645512978
3.03163691071415	0.027227	0.728561905336
3.0333822399661448	0.02187616	0.744107692128
3.035127569218139	0.03306781	0.773116574442
3.036872898470133	0.03108994	0.78528092741
3.0386182277221274	0.01400332	0.777396206115
3.040363556974122	0.01139973	0.777993716292
3.0421088862261163	0.0224241	0.788017373188
3.0438542154781105	0.0236095	0.787322633649
3.045599544730105	0.013718	0.775403825125
3.0473448739820994	0.01577901	0.773703838662
3.0490902032340936	0.02919496	0.77913794212
3.0508355324860883	0.03427	0.770451400189
3.0525808617380825	0.0269215	0.743728737041
3.0543261909900767	0.0284771	0.723277546012
3.056071520242071	0.041098	0.718019392943
3.057816849494065	0.04287626	0.716522935329
3.05956217874606	0.02819553	0.719460838229
3.0613075079980545	0.02538676	0.750934806489
3.0630528372500487	0.03845607	0.804795707179
3.0647981665020425	0.03857485	0.842396793921
3.0665434957540367	0.0209724	0.846954818045
3.068288825006032	0.01921178	0.843000475257
3.070034154258026	0.03409816	0.836674530286
3.0717794835100203	0.03531304	0.814125739369
3.0735248127620145	0.02201843	0.787130023338
3.0752701420140083	0.0241025	0.789929581898
3.0770154712660034	0.0388244	0.815632941838
3.0787608005179976	0.04222961	0.827260128234
3.080506129769992	0.03330657	0.809438355626
3.082251459021986	0.03362234	0.779516646284
3.0839967882739803	0.0422961	0.746693845831
3.085742117525975	0.04040375	0.716647940418
3.087487446777969	0.02474116	0.712055242067
3.0892327760299634	0.01958877	0.763348324404
3.0909781052819576	0.02837624	0.858910095783
3.092723434533952	0.02660887	0.949938293179
3.0944687637859465	0.009827658	0.996811941003
3.0962140930379407	0.008156883	0.997164449575
3.097959422289935	0.02174065	0.956367012822
3.099704751541929	0.02266519	0.889505852191
3.1014500807939234	0.01145464	0.839569215281
3.103195410045918	0.01583491	0.858633005571
3.1049407392979123	0.03265027	0.943858542374
3.1066860685499065	0.04101102	1.03717814284
3.1084313978019007	0.03936116	1.07815000651
3.1101767270538954	0.04686432	1.04771510855
3.1119220563058896	0.06496802	0.950736022174
3.113667385557884	0.07011357	0.815024522475
3.1154127148098785	0.05185304	0.716781904523
3.1171580440618727	0.04693064	0.76102175591
3.118903373313867	0.06758692	0.965946991688
3.1206487025658616	0.06399464	1.22770148148
3.122394031817856	0.02550645	1.42379687441
3.12413936106985	0.01833598	1.48603949576
3.1258846903218442	0.04360321	1.36752883188
3.1276300195738385	0.03536784	1.09852000665
3.129375348825833	0.00703157	0.872942564158
3.1311206780778273	0.009651002	0.951781752695
3.1328660073298216	0.01467637	1.49478077037
3.134611336581816	0.01197478	2.53029825358
3.13635666583381	0.0489471	3.93011398076
3.1381019950858047	0.07000081	5.33914011383
3.139847324337799	0.02306613	6.36127332609
3.141592653589793	0.1292012	6.88829687963