# 13C(3P)-CO2, ground-state PES; differential cross sections (mgacesa, Sep 1 2021)
# theta(rad)                 elastic CS                total CS (both in units of 1E-16 cm^2)
0.	5.319489e6	5.358915534981399e6
0.0017453292519943296	3.448067e6	3.46463991329e6
0.003490658503988659	862323.5	869489.203768
0.005235987755982989	158846.5	174778.513921
0.006981317007977318	113993.7	119337.875596
0.008726646259971648	51209.46	56593.7167229
0.010471975511965978	31046.35	43265.9431777
0.012217304763960306	18916.16	30085.5432128
0.013962634015954637	16971.69	23225.1745415
0.015707963267948967	8311.175	12930.2385987
0.017453292519943295	7182.525	14577.2991792
0.019198621771937624	10184.4	17220.7467867
0.020943951023931956	7030.965	11539.231879
0.022689280275926284	5954.1	10132.2560853
0.024434609527920613	6037.777	11200.2398757
0.02617993877991494	6887.116	12264.7125382
0.027925268031909273	5894.07	9854.21925954
0.029670597283903602	2783.278	6010.38669854
0.031415926535897934	2892.217	6810.52686381
0.03316125578789226	3430.194	7243.74153396
0.03490658503988659	2641.251	5597.61312534
0.03665191429188092	1822.59	4271.40365647
0.03839724354387525	1173.111	3714.65548767
0.04014257279586957	1613.557	4350.96874247
0.04188790204786391	1655.555	3957.46501522
0.043633231299858244	635.0061	2461.40735204
0.04537856055185257	257.9272	2084.68496512
0.0471238898038469	375.9664	2117.0036016
0.048869219055841226	512.6274	1937.54304459
0.05061454830783556	474.3736	1621.11125917
0.05235987755982988	119.6465	1219.96088194
0.054105206811824215	67.07352	1236.90142845
0.05585053606381855	218.0203	1176.24597682
0.05759586531581287	136.4802	743.56280284
0.059341194567807204	38.5456	558.012942654
0.061086523819801536	6.049154	614.594400433
0.06283185307179587	24.34157	632.990346836
0.0645771823237902	72.56916	509.289586021
0.06632251157578452	38.19568	291.855995462
0.06806784082777885	2.90773	255.480946706
0.06981317007977318	27.86109	355.720201014
0.0715584993317675	33.70203	333.891153726
0.07330382858376185	15.32256	218.732637846
0.07504915783575618	5.520188	145.667096263
0.0767944870877505	12.81633	155.796320678
0.07853981633974483	27.32998	194.113424025
0.08028514559173915	22.27815	175.752302968
0.08203047484373349	2.890929	123.176519227
0.08377580409572782	2.50563	109.25188631
0.08552113334772216	17.73648	119.522924847
0.08726646259971649	17.9327	109.668252323
0.0890117918517108	8.274277	95.5041838129
0.09075712110370514	3.917332	93.0978418025
0.09250245035569946	4.69517	93.7632512322
0.0942477796076938	10.60332	91.2937007509
0.09599310885968813	10.32427	74.823179024
0.09773843811168245	2.230381	58.6879233012
0.09948376736367678	3.162302	65.9723768243
0.10122909661567112	6.605201	73.4142398133
0.10297442586766545	6.522401	69.3606552264
0.10471975511965977	5.410212	62.8076884564
0.10646508437165408	0.9207746	53.5771001328
0.10821041362364843	2.187548	54.0962566936
0.10995574287564278	7.979639	60.1462165147
0.1117010721276371	6.553712	55.6747602253
0.11344640137963143	7.419413	56.8065017368
0.11519173063162574	8.488112	60.929938017
0.11693705988362009	5.067826	56.7785691808
0.11868238913561441	7.623032	56.4346575646
0.12042771838760875	9.426619	54.1220127353
0.12217304763960307	6.166142	46.6868651247
0.12391837689159739	8.772293	48.6401138887
0.12566370614359174	8.777188	48.681490887
0.12740903539558604	5.404968	44.1922344143
0.1291543646475804	7.214675	45.3813731784
0.13089969389957473	6.625192	43.3537691845
0.13264502315156904	4.745297	39.4305444414
0.1343903524035634	7.195917	40.4457580189
0.1361356816555577	5.382974	37.6442865646
0.13788101090755206	3.654373	36.8084517131
0.13962634015954636	5.439759	40.0107326585
0.1413716694115407	3.836205	38.3000614925
0.143116998663535	3.55249	37.880552557
0.14486232791552936	5.93461	39.9078587653
0.1466076571675237	3.79035	37.4088138933
0.148352986419518	2.817427	37.8404203018
0.15009831567151236	3.537271	39.240200466
0.15184364492350666	1.733752	36.6644382124
0.153588974175501	2.053679	36.8988582199
0.15533430342749535	3.624253	37.6807901359
0.15707963267948966	2.024736	34.8589177427
0.158824961931484	1.274279	34.2192265758
0.1605702911834783	0.9496267	33.1835106382
0.16231562043547265	0.1589301	30.9949341358
0.16406094968746698	0.5440404	30.7808858987
0.16580627893946132	0.5621274	29.4064138418
0.16755160819145565	0.2032753	27.6452099626
0.16929693744344995	0.7673921	28.1905450001
0.1710422666954443	0.5401758	27.7487585759
0.17278759594743864	1.365224	28.5921504467
0.17453292519943298	2.186401	29.9283237101
0.17627825445142728	1.200044	28.3090085674
0.1780235837034216	1.644397	27.7734124147
0.17976891295541597	2.82109	28.3464333417
0.18151424220741028	2.037115	26.6760820904
0.1832595714594046	2.684838	27.2367021499
0.1850049007113989	3.138158	28.2886497363
0.18675022996339327	1.967017	27.1131260927
0.1884955592153876	2.725949	27.5769193661
0.1902408884673819	3.674045	27.7221850796
0.19198621771937627	2.606121	25.098150914
0.19373154697137057	2.660654	24.0662584254
0.1954768762233649	2.205501	23.1191534102
0.19722220547535924	1.143794	21.8357083214
0.19896753472735357	1.931541	22.7288346971
0.20071286397934793	2.406342	22.9420688827
0.20245819323134223	2.066452	21.8482879404
0.20420352248333656	2.771381	21.8451784913
0.2059488517353309	2.018241	20.485970073
0.20769418098732523	1.07461	19.525080392
0.20943951023931953	1.767426	20.760527332
0.2111848394913139	1.849342	21.3449899751
0.21293016874330817	2.086506	22.1810597211
0.21467549799530256	3.354791	23.7980327217
0.21642082724729686	2.471185	22.5861703818
0.2181661564992912	1.180178	21.0314130058
0.21991148575128555	1.250579	20.8575249295
0.22165681500327983	0.930381	20.2359075242
0.2234021442552742	1.02147	20.7313208072
0.22514747350726852	1.97859	22.2076488938
0.22689280275926285	1.387731	21.551190243
0.22863813201125716	0.4946334	20.5097577166
0.2303834612632515	0.3181709	19.7300341517
0.23212879051524585	0.06126838	18.5218108058
0.23387411976724018	0.03758472	18.2366267496
0.23561944901923448	0.2828498	18.4754313147
0.23736477827122882	0.1345161	18.119969472
0.23911010752322315	0.2554402	18.206339227
0.2408554367752175	0.2141278	17.7253064391
0.24260076602721184	0.2196902	17.0235843662
0.24434609527920614	0.5060663	17.2423276278
0.24609142453120048	0.4465479	17.3555496995
0.24783675378319478	0.564507	17.5971339062
0.24958208303518917	1.281855	18.5406367144
0.25132741228718347	1.097134	17.9885506534
0.2530727415391778	0.8639769	16.9647029827
0.2548180707911721	1.091891	16.8019966319
0.2565634000431664	0.8087542	16.3867510522
0.2583087292951608	0.8460495	16.5109504687
0.26005405854715513	1.541373	17.5378793769
0.26179938779914946	1.277686	17.1508277512
0.26354471705114374	1.034895	16.2977910946
0.26529004630313807	1.127557	15.7517073104
0.26703537555513246	0.6816869	14.7217529987
0.2687807048071268	0.622358	14.3695317354
0.27052603405912107	1.087718	14.9316996471
0.2722713633111154	0.8840777	14.8539580119
0.27401669256310973	1.001036	14.966817116
0.2757620218151041	1.156613	14.8766188798
0.2775073510670984	0.6844379	13.9856477785
0.2792526803190927	0.7056773	13.7300599711
0.28099800957108706	1.047252	13.9867868358
0.2827433388230814	0.7766979	13.8489613829
0.2844886680750758	0.9891957	14.3862440567
0.28623399732707	1.153207	14.6110329202
0.2879793265790644	0.7324925	14.0248143926
0.2897246558310587	0.8226643	14.0486543962
0.29146998508305305	1.071892	14.1923608057
0.2932153143350474	0.629742	13.7429225113
0.29496064358704166	0.5441686	13.8844588679
0.296705972839036	0.5329594	13.8180911001
0.2984513020910304	0.2586107	13.2557179891
0.3001966313430247	0.3640518	13.1878294727
0.30194196059501904	0.534797	13.0895496594
0.3036872898470133	0.2502875	12.5859988097
0.30543261909900765	0.1576003	12.5697334072
0.307177948351002	0.09190059	12.4779328879
0.3089232776029963	0.06466491	12.3397440419
0.3106686068549907	0.1693797	12.4360807449
0.312413936106985	0.1487532	12.2210373761
0.3141592653589793	0.1142518	11.8928134745
0.31590459461097364	0.2753019	11.9044992123
0.317649923862968	0.1990852	11.6539284369
0.3193952531149623	0.2996377	11.7011453488
0.3211405823669566	0.4723523	12.0401391252
0.32288591161895097	0.3555584	12.0144679205
0.3246312408709453	0.4521368	12.1228135063
0.32637657012293964	0.7482581	12.3744881097
0.32812189937493397	0.5094965	11.8731615083
0.32986722862692824	0.394436	11.5112229417
0.33161255787892263	0.4618586	11.4795470647
0.33335788713091696	0.3130811	11.2524292794
0.3351032163829113	0.4311093	11.3953414256
0.3368485456349056	0.7500952	11.7487270817
0.3385938748868999	0.5328793	11.3392934084
0.3403392041388943	0.3608542	10.9105247149
0.3420845333908886	0.3072888	10.6140406287
0.3438298626428829	0.1247526	10.1788468733
0.3455751918948773	0.1990098	10.1591820937
0.34732052114687156	0.4369352	10.4008922584
0.34906585039886595	0.3704256	10.2584147466
0.3508111796508603	0.411548	10.2295119822
0.35255650890285456	0.3480072	10.0680206975
0.3543018381548489	0.1280909	9.7080827437
0.3560471674068432	0.2026339	9.7435367664
0.35779249665883756	0.3797877	9.92688326943
0.35953782591083194	0.3951956	9.92926218402
0.3612831551628262	0.6201937	10.1891115855
0.36302848441482055	0.5763378	10.1196097547
0.3647738136668149	0.2872874	9.77031174384
0.3665191429188092	0.3241288	9.84645976178
0.3682644721708036	0.4240174	9.99637599564
0.3700098014227978	0.3540216	9.96861761827
0.3717551306747922	0.5454627	10.2272382917
0.37350045992678654	0.5301228	10.1176146274
0.3752457891787809	0.2901839	9.66491384412
0.3769911184307752	0.3239395	9.53266298207
0.3787364476827695	0.3782326	9.42120314437
0.3804817769347638	0.2209424	9.17171249989
0.38222710618675815	0.2665517	9.27578471429
0.38397243543875254	0.2280783	9.24350765459
0.38571776469074687	0.09852221	9.04588074675
0.38746309394274114	0.1461356	9.0028395848
0.3892084231947355	0.1823821	8.82257437643
0.3909537524467298	0.09423867	8.49744472075
0.39269908169872414	0.1374733	8.43410509299
0.39444441095071847	0.09017941	8.33061735126
0.3961897402027128	0.05437326	8.34156751481
0.39793506945470714	0.107346	8.54208985552
0.3996803987067014	0.09587566	8.58633165377
0.40142572795869585	0.1086793	8.57541474163
0.4031710572106902	0.2408766	8.66300024497
0.40491638646268446	0.1712274	8.45916529162
0.4066617157146788	0.1374452	8.34946224023
0.4084070449666731	0.1914711	8.46652892586
0.41015237421866746	0.1526765	8.48902412469
0.4118977034706618	0.2197825	8.61465125407
0.41364303272265607	0.4240013	8.85624176256
0.41538836197465046	0.3333546	8.65227980951
0.41713369122664473	0.2338466	8.4163698815
0.41887902047863906	0.2400533	8.37451679167
0.4206243497306334	0.1602763	8.25491702625
0.4223696789826278	0.1852153	8.26176616257
0.4241150082346221	0.3714891	8.42589400839
0.42586033748661634	0.3160349	8.21812169325
0.4276056667386108	0.2481163	7.95632342411
0.4293509959906051	0.2445715	7.81676568364
0.4310963252425994	0.1438464	7.62574252754
0.4328416544945937	0.1121526	7.59401004242
0.43458698374658805	0.2192781	7.75684646372
0.4363323129985824	0.1884804	7.71353375535
0.4380776422505767	0.2136886	7.66885776255
0.4398229715025711	0.2444764	7.57359157584
0.44156830075456543	0.1524684	7.3148907354
0.44331363000655966	0.1361091	7.20609575455
0.445058959258554	0.2103733	7.27032822479
0.4468042885105484	0.1503443	7.22324055141
0.4485496177625427	0.1986559	7.32649318605
0.45029494701453704	0.2569078	7.40029138798
0.45204027626653137	0.1904226	7.27262005058
0.4537856055185257	0.2183578	7.26646568986
0.45553093477052004	0.2994922	7.32887151357
0.4572762640225143	0.1704962	7.15860632668
0.45902159327450864	0.1247351	7.12804915641
0.460766922526503	0.1491081	7.164848246
0.4625122517784973	0.1064905	7.07691394351
0.4642575810304917	0.1548895	7.10832524295
0.466002910282486	0.2533679	7.19010505212
0.46774823953448036	0.144036	7.02116785134
0.46949356878647464	0.06753359	6.95561123961
0.47123889803846897	0.0523535	7.01103247094
0.47298422729046335	0.01655043	7.0405312954
0.47472955654245763	0.05369016	7.165120066
0.47647488579445196	0.1361435	7.28319182473
0.4782202150464463	0.1026855	7.15393243185
0.4799655442984406	0.1072019	7.03167800816
0.481710873550435	0.08186908	6.90156017758
0.48345620280242924	0.02868075	6.78648791706
0.4852015320544237	0.08213024	6.88659134267
0.48694686130641796	0.1755209	7.07708878871
0.4886921905584123	0.1946209	7.13463710583
0.4904375198104066	0.2794956	7.19287711883
0.49218284906240095	0.2541145	7.04506770513
0.4939281783143953	0.137784	6.73307546608
0.49567350756638956	0.1616671	6.59783877219
0.4974188368183839	0.2323392	6.57140233188
0.49916416607037833	0.1977995	6.4886110639
0.5009094953223726	0.2625211	6.5637678373
0.5026548245743669	0.2769661	6.5602882313
0.5044001538263613	0.1871691	6.38711061936
0.5061454830783556	0.2029004	6.31122243833
0.5078908123303499	0.2460687	6.25345577598
0.5096361415823442	0.1299707	6.04977060273
0.5113814708343386	0.0906006	6.0091869178
0.5131268000863328	0.09379189	6.04641675087
0.5148721293383272	0.05701519	6.04111950653
0.5166174585903216	0.08771316	6.12350944433
0.5183627878423159	0.141572	6.18808981929
0.5201081170943103	0.0656234	6.06311709557
0.5218534463463045	0.03032402	6.00838968953
0.5235987755982989	0.02242881	6.01198286207
0.5253441048502933	0.009439725	6.0452724059
0.5270894341022875	0.05123561	6.2061055313
0.5288347633542818	0.1061313	6.3682792477
0.5305800926062761	0.08535127	6.36077419679
0.5323254218582705	0.1012456	6.33217901116
0.5340707511102649	0.07465956	6.20322089542
0.5358160803622593	0.03653048	6.04307019246
0.5375614096142536	0.0947948	6.05855957218
0.5393067388662478	0.1728166	6.15655130402
0.5410520681182421	0.1806563	6.18078873875
0.5427973973702365	0.2308145	6.23305746178
0.5445427266222308	0.195484	6.12154415677
0.5462880558742251	0.1053082	5.8596593696
0.5480333851262195	0.1328771	5.70595344701
0.5497787143782138	0.1977547	5.62445831566
0.5515240436302082	0.172153	5.51056925722
0.5532693728822025	0.2067928	5.55648983359
0.5550147021341968	0.202654	5.59766275035
0.5567600313861911	0.1307543	5.52894595594
0.5585053606381855	0.1458053	5.49888561233
0.5602506898901798	0.1945219	5.44127755689
0.5619960191421741	0.1268092	5.24454727418
0.5637413483941685	0.1062339	5.18033900771
0.5654866776461628	0.1058605	5.23686560544
0.5672320068981571	0.06619266	5.32888986918
0.5689773361501516	0.07672202	5.51731805929
0.5707226654021459	0.1211315	5.67872311781
0.57246799465414	0.07137043	5.61996323827
0.5742133239061344	0.04846884	5.52546979985
0.5759586531581288	0.04493292	5.43549955907
0.5777039824101231	0.02006617	5.37578565562
0.5794493116621174	0.02223621	5.47538019721
0.5811946409141118	0.05136988	5.67321024113
0.5829399701661061	0.03213889	5.77622909446
0.5846852994181004	0.04654448	5.8344209657
0.5864306286700948	0.04435822	5.75586713234
0.5881759579220891	0.01830212	5.54305445359
0.5899212871740833	0.03350902	5.37705468991
0.5916666164260777	0.06557173	5.29127084594
0.593411945678072	0.05381182	5.21411495137
0.5951572749300664	0.09345384	5.26034451353
0.5969026041820608	0.1020327	5.29428322773
0.598647933434055	0.07170958	5.21976137948
0.6003932626860494	0.1087011	5.13975376466
0.6021385919380438	0.159235	5.02002611567
0.6038839211900381	0.1150691	4.77619890017
0.6056292504420324	0.1185251	4.63719328188
0.6073745796940266	0.1311462	4.60128427917
0.609119908946021	0.107111	4.58924711193
0.6108652381980153	0.152781	4.67716567777
0.6126105674500096	0.2280434	4.77677681125
0.614355896702004	0.1703026	4.68336410239
0.6161012259539983	0.1256367	4.5797284611
0.6178465552059926	0.1289004	4.5412022055
0.6195918844579871	0.1022411	4.52005513474
0.6213372137099814	0.1054074	4.61016857961
0.6230825429619757	0.1583203	4.80045328183
0.62482787221397	0.1159557	4.8752592149
0.6265732014659643	0.0753086	4.91219058914
0.6283185307179586	0.08920999	4.94672471456
0.630063859969953	0.08056661	4.91150304946
0.6318091892219473	0.05865701	4.88622967767
0.6335545184739416	0.07506116	4.95316623547
0.635299847725936	0.04132176	5.00147753398
0.6370451769779303	0.01722795	5.09151332184
0.6387905062299246	0.03048958	5.20700700757
0.6405358354819191	0.03322752	5.23801667299
0.6422811647339132	0.03117449	5.20012892642
0.6440264939859075	0.0554302	5.14523890238
0.6457718232379019	0.02900099	5.00531025992
0.6475171524898963	0.01278388	4.90607848972
0.6492624817418906	0.02367891	4.88969125419
0.6510078109938849	0.0253609	4.87923767172
0.6527531402458793	0.04349512	4.88405349623
0.6544984694978736	0.09397528	4.896475212
0.6562437987498679	0.07039064	4.76660078367
0.6579891280018623	0.04316431	4.60103022061
0.6597344572538565	0.05495521	4.48727794119
0.6614797865058508	0.05248344	4.36702928883
0.6632251157578453	0.05476228	4.2762679667
0.6649704450098396	0.1064995	4.26707197414
0.6667157742618339	0.09500969	4.18192824299
0.6684611035138281	0.07126154	4.07799714512
0.6702064327658226	0.09887493	4.04324945967
0.6719517620178169	0.1060333	3.98349021083
0.6736970912698113	0.07210091	3.88236704315
0.6754424205218056	0.08167645	3.85174993375
0.6771877497737998	0.06426412	3.80094667584
0.6789330790257941	0.04300308	3.75696657905
0.6806784082777886	0.07927748	3.80288675291
0.6824237375297829	0.110573	3.85253754031
0.6841690667817772	0.0804083	3.83727279416
0.6859143960337715	0.07162419	3.86092574568
0.6876597252857658	0.04887022	3.87537102506
0.6894050545377601	0.01980197	3.88558270118
0.6911503837897546	0.03550153	3.9578375681
0.6928957130417489	0.06437107	4.04630696511
0.6946410422937431	0.05110236	4.08892276381
0.6963863715457375	0.05680186	4.16530862163
0.6981317007977319	0.04645182	4.23004698669
0.6998770300497262	0.02143718	4.2848256518
0.7016223593017206	0.0277775	4.38745373145
0.7033676885537148	0.0473626	4.4949330177
0.7051130178057091	0.03364259	4.5410195905
0.7068583470577035	0.04653722	4.59500612979
0.7086036763096978	0.04831987	4.60444613644
0.7103490055616921	0.03224792	4.57448888516
0.7120943348136864	0.04760536	4.59795740658
0.7138396640656808	0.07269735	4.64988867223
0.7155849933176751	0.04557335	4.6515696823
0.7173303225696696	0.04210991	4.69239073213
0.7190756518216639	0.04834896	4.72731192984
0.7208209810736581	0.03926999	4.69478386537
0.7225663103256524	0.05855095	4.65258307661
0.7243116395776468	0.09561373	4.59065996776
0.7260569688296411	0.0669145	4.42574756996
0.7278022980816354	0.04657497	4.29704744943
0.7295476273336298	0.05378391	4.25879711503
0.7312929565856241	0.04563178	4.24297260161
0.7330382858376184	0.04328769	4.25409307307
0.7347836150896128	0.06998868	4.28130769478
0.7365289443416072	0.05109878	4.19374016386
0.7382742735936013	0.03533919	4.05347170726
0.7400196028455956	0.0517267	3.93383155989
0.7417649320975901	0.05362171	3.8096553732
0.7435102613495844	0.03628039	3.71330183115
0.7452555906015788	0.04342614	3.71664039017
0.7470009198535731	0.02628915	3.73849878635
0.7487462491055674	0.01516982	3.77386663587
0.7504915783575618	0.03486155	3.81867820711
0.7522369076095561	0.04828885	3.80004776625
0.7539822368615504	0.04002106	3.70799441315
0.7557275661135446	0.04839494	3.62691735466
0.757472895365539	0.02978431	3.54468545858
0.7592182246175333	0.0129695	3.52091116635
0.7609635538695276	0.0313185	3.59818174099
0.7627088831215221	0.05182311	3.70302181994
0.7644542123735163	0.05183856	3.76815108433
0.7661995416255106	0.07039364	3.80765721135
0.7679448708775051	0.05786629	3.74921807609
0.7696902001294994	0.03336963	3.63653515317
0.7714355293814937	0.04743068	3.57447663202
0.773180858633488	0.06791152	3.55347608708
0.7749261878854823	0.05330616	3.54070654139
0.7766715171374766	0.06396295	3.60010676243
0.778416846389471	0.06869878	3.65508361957
0.7801621756414654	0.05458062	3.65204086951
0.7819075048934596	0.06597515	3.63237393493
0.783652834145454	0.08521668	3.570156845
0.7853981633974483	0.0522239	3.41757990645
0.7871434926494427	0.03766453	3.30850406171
0.7888888219014369	0.0485198	3.28114589114
0.7906341511534312	0.04686705	3.28804814181
0.7923794804054256	0.0498321	3.33676847675
0.7941248096574199	0.06777688	3.39729649007
0.7958701389094143	0.04177414	3.3566994992
0.7976154681614087	0.02105017	3.27410846899
0.7993607974134028	0.03097633	3.20677789936
0.8011061266653973	0.03401152	3.13494505899
0.8028514559173917	0.02581697	3.0912980224
0.8045967851693859	0.03662002	3.13123144594
0.8063421144213804	0.02308656	3.18399209037
0.8080874436733746	0.01028201	3.24862017224
0.8098327729253689	0.02114456	3.32577473889
0.8115781021773633	0.02855688	3.35344242663
0.8133234314293576	0.02022431	3.31926661148
0.815068760681352	0.02911266	3.29663120901
0.8168140899333463	0.0199566	3.2774242462
0.8185594191853405	0.009542611	3.30081030761
0.8203047484373349	0.02269603	3.40070383326
0.8220500776893291	0.03558406	3.52219767983
0.8237954069413236	0.02853544	3.60656589761
0.8255407361933178	0.0385428	3.67361093995
0.8272860654453121	0.03331257	3.67763701844
0.8290313946973066	0.02092982	3.64057342532
0.8307767239493009	0.03468436	3.63337766391
0.8325220532012952	0.05172523	3.6524935678
0.8342673824532895	0.03659993	3.66709645869
0.8360127117052839	0.03995926	3.7301192261
0.8377580409572781	0.04555463	3.79636210427
0.8395033702092726	0.03929216	3.82219442847
0.8412486994612668	0.05120543	3.83413376652
0.8429940287132611	0.070917	3.8172292791
0.8447393579652556	0.04620912	3.72476487511
0.8464846872172498	0.0333569	3.65352778179
0.8482300164692442	0.04621232	3.63811829236
0.8499753457212387	0.04877891	3.63383932611
0.8517206749732327	0.05011544	3.64448213965
0.8534660042252271	0.06799947	3.66643583979
0.8552113334772216	0.04993656	3.61314962483
0.8569566627292158	0.03196201	3.53067267875
0.8587019919812102	0.04767112	3.47721138463
0.8604473212332044	0.05651597	3.4182325736
0.8621926504851988	0.03936597	3.35331283434
0.8639379797371932	0.04129576	3.34508883066
0.8656833089891874	0.03399638	3.34323946639
0.8674286382411819	0.02163421	3.33325442159
0.8691739674931761	0.03363339	3.33701462282
0.8709192967451703	0.04783717	3.31077415104
0.8726646259971648	0.02893622	3.22009760995
0.8744099552491592	0.02218752	3.14985003409
0.8761552845011534	0.02228607	3.11771544842
0.8779006137531478	0.0149735	3.11810267761
0.8796459430051422	0.01411551	3.16943899809
0.8813912722571364	0.02278328	3.24566601718
0.8831366015091309	0.01201545	3.27581853657
0.8848819307611251	0.01070558	3.28058871591
0.8866272600131193	0.01649787	3.25870996252
0.8883725892651138	0.01530529	3.20547952606
0.890117918517108	0.01326886	3.16334727511
0.8918632477691024	0.01894253	3.16929310086
0.8936085770210968	0.008398809	3.19817442643
0.895353906273091	0.00852	3.27436439545
0.8970992355250854	0.01984967	3.37726001662
0.8988445647770799	0.02677114	3.4493577414
0.9005898940290741	0.03360552	3.47635640461
0.9023352232810685	0.04620191	3.47159407913
0.9040805525330627	0.02900573	3.4102591149
0.905825881785057	0.01514923	3.35842754843
0.9075712110370514	0.027655	3.37196893345
0.9093165402890457	0.03996173	3.42212673857
0.9110618695410401	0.04241839	3.48406312959
0.9128071987930344	0.06152795	3.57091205427
0.9145525280450286	0.06075237	3.61593317011
0.9162978572970231	0.04876692	3.61152507014
0.9180431865490173	0.05916979	3.60224381908
0.9197885158010117	0.06647746	3.57250394166
0.921533845053006	0.03851537	3.50501770744
0.9232791743050003	0.03125993	3.48656291044
0.9250245035569946	0.04380363	3.52178651568
0.9267698328089891	0.04861113	3.56595975213
0.9285151620609834	0.05778107	3.6173599183
0.9302604913129776	0.0716193	3.6535534741
0.932005820564972	0.04760855	3.60954767279
0.9337511498169663	0.02548428	3.54043994339
0.9354964790689607	0.03062851	3.4962987423
0.9372418083209549	0.03160934	3.45717597977
0.9389871375729493	0.01907408	3.43137434063
0.9407324668249436	0.02383376	3.45770241371
0.9424777960769379	0.02081448	3.48658220271
0.9442231253289324	0.01358955	3.50181711973
0.9459684545809267	0.01871368	3.50872793017
0.9477137838329208	0.02166816	3.47288641868
0.9494591130849153	0.006360471	3.38107069896
0.9512044423369097	0.004272976	3.30189845925
0.9529497715889039	0.00472662	3.24934508136
0.9546951008408984	0.003237815	3.22949294143
0.9564404300928926	0.01031776	3.25799513894
0.9581857593448869	0.01929225	3.30465747254
0.9599310885968813	0.01017475	3.31120366549
0.9616764178488756	0.01020133	3.29322663088
0.96342174710087	0.01343564	3.24405541719
0.9651670763528643	0.01288504	3.16032238801
0.9669124056048585	0.0222921	3.08313775344
0.9686577348568529	0.03766919	3.04095388594
0.9704030641088474	0.02649098	3.00983291236
0.9721483933608416	0.02194953	3.02124308765
0.9738937226128359	0.03631556	3.07183402429
0.9756390518648302	0.04314197	3.10230606666
0.9773843811168246	0.04145761	3.08935232282
0.979129710368819	0.05195212	3.05495162872
0.9808750396208132	0.0440883	2.97799052519
0.9826203688728075	0.03367551	2.89709856761
0.9843656981248019	0.04810197	2.86634749475
0.9861110273767961	0.05891054	2.86660347626
0.9878563566287906	0.03967291	2.86686810768
0.9896016858807848	0.03567617	2.90148738046
0.9913470151327791	0.04349538	2.94218260833
0.9930923443847736	0.04238776	2.95061477669
0.9948376736367678	0.04414362	2.93818761335
0.9965830028887622	0.05058633	2.90818873834
0.9983283321407567	0.03114625	2.83974773369
1.0000736613927508	0.01673212	2.79162053873
1.0018189906447452	0.02340691	2.79372226914
1.0035643198967397	0.02546938	2.8157939953
1.0053096491487339	0.01515512	2.84559924988
1.0070549784007283	0.01690591	2.89157860722
1.0088003076527225	0.01377314	2.9104226953
1.0105456369047168	0.008312711	2.90415405393
1.0122909661567112	0.01061313	2.89316785143
1.0140362954087054	0.0119607	2.8665736848
1.0157816246606999	0.002326751	2.82496556162
1.017526953912694	0.00292981	2.814471035
1.0192722831646883	0.003206545	2.82578390988
1.0210176124166828	0.002601355	2.84936359767
1.0227629416686772	0.01002196	2.89018459752
1.0245082709206714	0.01757994	2.92139356459
1.0262536001726656	0.009144129	2.90733346441
1.02799892942466	0.008928014	2.88421527191
1.0297442586766543	0.01256695	2.8615868161
1.0314895879286488	0.01338787	2.83244937593
1.0332349171806432	0.02409064	2.81963100769
1.0349802464326374	0.04065499	2.83170687848
1.0367255756846319	0.03186091	2.82886513545
1.038470904936626	0.02772182	2.8322804863
1.0402162341886205	0.04430743	2.85349810421
1.041961563440615	0.05115636	2.84847767822
1.043706892692609	0.04169752	2.80466059295
1.0454522219446034	0.04658064	2.76711791864
1.0471975511965979	0.04571711	2.72609940223
1.048942880448592	0.04184236	2.68827435273
1.0506882097005865	0.05961261	2.68484449907
1.0524335389525807	0.07542946	2.69187529271
1.054178868204575	0.05531564	2.66525354162
1.0559241974565694	0.04568232	2.64473979446
1.0576695267085636	0.05868976	2.63553947031
1.059414855960558	0.0598951	2.5988180344
1.0611601852125523	0.05087362	2.54181802942
1.0629055144645467	0.05450254	2.49616228107
1.064650843716541	0.04558512	2.44228266275
1.0663961729685354	0.03558462	2.40066506282
1.0681415022205298	0.04623882	2.39397261808
1.069886831472524	0.05209714	2.38650066433
1.0716321607245185	0.03113389	2.34840123363
1.0733774899765127	0.02269961	2.31406033711
1.0751228192285072	0.02835656	2.27856223318
1.0768681484805014	0.0266697	2.22884783739
1.0786134777324956	0.02140065	2.18305677953
1.08035880698449	0.02236871	2.15122948525
1.0821041362364843	0.01266945	2.11446933062
1.0838494654884787	0.005676129	2.09175329051
1.085594794740473	0.008390938	2.08198661881
1.0873401239924672	0.00902235	2.06016078595
1.0890854532444616	0.002088037	2.02207665353
1.0908307824964558	0.002325526	1.98570935986
1.0925761117484503	0.001563233	1.94374444389
1.0943214410004447	0.0007583123	1.9137301513
1.096066770252439	0.001102281	1.90795181222
1.0978120995044334	0.001836983	1.91233581891
1.0995574287564276	0.001065777	1.91285604234
1.101302758008422	0.005717803	1.91611558067
1.1030480872604165	0.003945013	1.90131277165
1.1047934165124107	0.003581195	1.8723381693
1.106538745764405	0.01231028	1.84968574263
1.1082840750163994	0.01807067	1.83011953207
1.1100294042683936	0.009742125	1.80553150848
1.111774733520388	0.009398469	1.8108245145
1.1135200627723822	0.01299271	1.8431049264
1.1152653920243765	0.01439573	1.87706410257
1.117010721276371	0.02396281	1.91003732011
1.1187560505283651	0.03740732	1.93566831545
1.1205013797803596	0.02943551	1.92244028628
1.1222467090323538	0.02500085	1.89856738975
1.1239920382843482	0.03838435	1.89322952435
1.1257373675363425	0.04168451	1.88695032759
1.127482696788337	0.02752081	1.87737988297
1.1292280260403311	0.02750644	1.90642277055
1.1309733552923256	0.03077244	1.95957151381
1.13271868454432	0.03127908	2.01274758469
1.1344640137963142	0.04456827	2.06780627058
1.1362093430483085	0.05687915	2.10220318606
1.1379546723003031	0.04102664	2.08187851998
1.1397000015522971	0.03147012	2.05040588687
1.1414453308042918	0.04147666	2.03937269025
1.143190660056286	0.04120031	2.03172378545
1.14493598930828	0.02909614	2.03582809257
1.1466813185602747	0.03144638	2.08349689741
1.1484266478122689	0.03148937	2.14525649257
1.1501719770642633	0.02920854	2.19987548651
1.1519173063162575	0.0401544	2.24656756314
1.1536626355682518	0.04645178	2.25616927841
1.1554079648202462	0.0283039	2.20916183488
1.1571532940722404	0.01997002	2.15977039377
1.1588986233242349	0.02704192	2.1359404798
1.160643952576229	0.02684196	2.12826336549
1.1623892818282235	0.02272474	2.14663892071
1.1641346110802178	0.02739982	2.1978815708
1.1658799403322122	0.02229269	2.24205577424
1.1676252695842066	0.01754232	2.27020519278
1.1693705988362009	0.02629077	2.28376179044
1.171115928088195	0.02977753	2.25765251543
1.1728612573401895	0.0169824	2.18969356896
1.1746065865921838	0.01507062	2.1306166597
1.1763519158441782	0.02026641	2.09478345593
1.1780972450961724	0.020098	2.07982123712
1.1798425743481666	0.02187905	2.09598356567
1.181587903600161	0.02628778	2.13069374401
1.1833332328521553	0.01669831	2.14498555497
1.18507856210415	0.01202581	2.1450421351
1.186823891356144	0.02176094	2.1319993626
1.1885692206081382	0.02627325	2.08244898427
1.1903145498601329	0.01950742	2.00391536855
1.192059879112127	0.02136266	1.93830785552
1.1938052083641215	0.02291402	1.88999295434
1.1955505376161157	0.02002743	1.86564353064
1.19729586686811	0.02264191	1.87654189488
1.1990411961201044	0.02563874	1.89709543016
1.2007865253720988	0.01493163	1.89066933907
1.2025318546240933	0.01228504	1.87233242762
1.2042771838760875	0.02351737	1.84256206878
1.2060225131280817	0.02852286	1.78197066361
1.2077678423800762	0.0229762	1.70530388503
1.2095131716320704	0.02344154	1.64702425271
1.2112585008840648	0.02118738	1.60374149463
1.213003830136059	0.01594274	1.58360758289
1.2147491593880533	0.01763772	1.59411336021
1.2164944886400477	0.02034116	1.60388084324
1.218239817892042	0.01164444	1.5832383498
1.2199851471440364	0.01069128	1.55542338733
1.2217304763960306	0.02064965	1.52381250717
1.2234758056480248	0.02370386	1.47353145959
1.2252211349000193	0.0168832	1.41893887067
1.2269664641520137	0.01515341	1.3830234912
1.228711793404008	0.01174934	1.35470300794
1.2304571226560024	0.007355328	1.34112770872
1.2322024519079966	0.009449445	1.34884288347
1.233947781159991	0.01266801	1.35079211868
1.2356931104119853	0.006670721	1.32757288631
1.23743843966398	0.006163044	1.30517447329
1.2391837689159741	0.01210878	1.28565899641
1.2409290981679681	0.01245362	1.25567194343
1.2426744274199628	0.006869479	1.22570260798
1.244419756671957	0.005924732	1.20876892131
1.2461650859239515	0.003148986	1.1914298435
1.2479104151759457	0.001434472	1.18256502417
1.24965574442794	0.005263452	1.18856018033
1.2514010736799344	0.008317579	1.18717852248
1.2531464029319286	0.003851337	1.16664086298
1.254891732183923	0.003482793	1.15156543245
1.2566370614359172	0.005279996	1.14207639025
1.2583823906879115	0.004282637	1.12836933896
1.260127719939906	0.003589129	1.11835304275
1.2618730491919004	0.005628934	1.11567812448
1.2636183784438946	0.002309386	1.10479355563
1.265363707695889	0.001968821	1.09596747612
1.2671090369478832	0.007362889	1.09558868421
1.2688543661998777	0.009234549	1.0871224402
1.270599695451872	0.004937932	1.06700930996
1.2723450247038663	0.00529494	1.05894943934
1.2740903539558606	0.005110626	1.06036798218
1.2758356832078548	0.004299241	1.06171933085
1.2775810124598492	0.008415783	1.06583623117
1.2793263417118435	0.01226242	1.06862701322
1.2810716709638381	0.006406192	1.05556433247
1.2828170002158321	0.005104295	1.04108771541
1.2845623294678263	0.01094726	1.03454036611
1.286307658719821	0.01167808	1.02472087387
1.288052987971815	0.006918175	1.01114369136
1.2897983172238097	0.008050965	1.0125648203
1.2915436464758039	0.008211902	1.0224130638
1.293288975727798	0.007866493	1.03014595265
1.2950343049797925	0.01274363	1.03656461113
1.296779634231787	0.01574211	1.03838141574
1.2985249634837812	0.008107383	1.02574345723
1.3002702927357757	0.005453962	1.01282358637
1.3020156219877699	0.01064383	1.00742978728
1.3037609512397643	0.01113398	1.000373895
1.3055062804917585	0.006083695	0.990427843612
1.307251609743753	0.007124623	0.99279815167
1.3089969389957472	0.008687082	1.00302510992
1.3107422682477414	0.008604948	1.01237330626
1.3124875974997359	0.01052414	1.0198332602
1.31423292675173	0.01163398	1.02379471282
1.3159782560037245	0.005593475	1.01586560005
1.3177235852557188	0.003084991	1.00362091067
1.319468914507713	0.006555322	0.992814783043
1.3212142437597074	0.007267734	0.981426446918
1.3229595730117016	0.002866889	0.970831185856
1.324704902263696	0.003182584	0.972925528882
1.3264502315156905	0.005534072	0.984450698557
1.3281955607676847	0.005672026	0.996026970821
1.3299408900196792	0.00442316	1.001634379
1.3316862192716734	0.00440287	1.00051649153
1.3334315485236679	0.002052443	0.988648718555
1.335176877775662	0.0009410447	0.971290472799
1.3369222070276563	0.002065357	0.95455198943
1.338667536279651	0.002683213	0.943587343768
1.3404128655316452	0.0002923073	0.939472745931
1.3421581947836396	0.0002799404	0.944360564868
1.3439035240356338	0.001519735	0.952138924956
1.345648853287628	0.00172254	0.957133824679
1.3473941825396225	0.0002834094	0.954415119397
1.3491395117916167	0.000382091	0.945016033105
1.3508848410436112	0.0002907921	0.930488678805
1.3526301702956054	0.0005470757	0.916141781709
1.3543754995475996	0.0001492997	0.903875684844
1.356120828799594	0.0003100915	0.898511978799
1.3578661580515883	0.0005748043	0.900342220842
1.3596114873035827	0.001272751	0.904775554558
1.3613568165555772	0.00003870378	0.90515398068
1.3631021458075714	0.0001309457	0.904813550833
1.3648474750595658	0.001774122	0.90258424298
1.36659280431156	0.00261271	0.894283898675
1.3683381335635545	0.001154859	0.880915024173
1.3700834628155487	0.001591396	0.870677431812
1.371828792067543	0.001690258	0.863025977755
1.3735741213195374	0.001461919	0.860192003899
1.3753194505715316	0.003032277	0.865320517975
1.3770647798235263	0.004881202	0.873638676819
1.3788101090755203	0.002048571	0.87614564459
1.3805554383275145	0.001963455	0.878913467243
1.3823007675795091	0.006914729	0.882115039644
1.3840460968315031	0.008180031	0.875000028037
1.3857914260834978	0.003124842	0.857309221715
1.387536755335492	0.00249571	0.845347935372
1.3892820845874863	0.004814147	0.841179706824
1.3910274138394807	0.00460567	0.840968419373
1.392772743091475	0.004486013	0.847419609553
1.3945180723434694	0.006730096	0.859721855645
1.3962634015954638	0.005471812	0.866864615538
1.398008730847458	0.005741477	0.871103021924
1.3997540600994525	0.01105817	0.874758467909
1.4014993893514467	0.01254985	0.867944008917
1.4032447186034411	0.00587131	0.848463255983
1.4049900478554354	0.004100767	0.835330287586
1.4067353771074296	0.008477456	0.833141095715
1.408480706359424	0.008704279	0.831536244204
1.4102260356114182	0.004866799	0.830883213258
1.4119713648634127	0.006486644	0.839881983819
1.413716694115407	0.01006718	0.850962193149
1.4154620233674011	0.01158821	0.857516536465
1.4172073526193956	0.01344903	0.860846782531
1.4189526818713898	0.01499627	0.857554618463
1.4206980111233842	0.01104211	0.842402609193
1.4224433403753785	0.008829725	0.828369838068
1.424188669627373	0.01263933	0.823565071029
1.4259339988793673	0.01327369	0.819077009622
1.4276793281313616	0.006860623	0.813059671488
1.429424657383356	0.007243723	0.820403336742
1.4311699866353502	0.01523844	0.837686928679
1.4329153158873444	0.01763744	0.84783064855
1.434660645139339	0.01379852	0.848138762392
1.436405974391333	0.0144971	0.845994919168
1.4381513036433278	0.01587717	0.837411315794
1.439896632895322	0.01397836	0.824776403463
1.4416419621473162	0.01396458	0.817690754877
1.4433872913993107	0.01458549	0.815036814491
1.4451326206513049	0.009486059	0.811936798268
1.4468779499032993	0.008782806	0.819522980227
1.4486232791552935	0.01678399	0.837989009771
1.4503686084072878	0.01893236	0.848264420339
1.4521139376592822	0.01137599	0.844529891962
1.4538592669112764	0.01080998	0.841622870441
1.4556045961632709	0.0166501	0.838986294944
1.457349925415265	0.01576765	0.828105061195
1.4590952546672595	0.01097203	0.81588302517
1.460840583919254	0.01130651	0.812235810895
1.4625859131712482	0.01139689	0.813126007841
1.4643312424232426	0.01082008	0.819847126129
1.4660765716752369	0.01448311	0.834563427245
1.467821900927231	0.01619131	0.845506824893
1.4695672301792255	0.01032304	0.843635359277
1.4713125594312197	0.00918004	0.840155326866
1.4730578886832144	0.01565398	0.83755301007
1.4748032179352084	0.01578119	0.824283977472
1.4765485471872026	0.008314181	0.804087405585
1.4782938764391973	0.008095048	0.795733738533
1.4800392056911913	0.01351258	0.79973692933
1.481784534943186	0.01387776	0.806896347095
1.4835298641951802	0.01179583	0.817525868726
1.4852751934471744	0.01314897	0.830854143696
1.4870205226991688	0.01287079	0.836605125665
1.488765851951163	0.01190471	0.834664957282
1.4905111812031575	0.01476033	0.829149946021
1.4922565104551517	0.01512421	0.814780619652
1.4940018397071462	0.008689169	0.792534318336
1.4957471689591406	0.007548667	0.780818970224
1.4974924982111348	0.01402232	0.784948678378
1.4992378274631293	0.01468139	0.79210317611
1.5009831567151235	0.008778596	0.799669342863
1.5027284859671177	0.009457377	0.815258273448
1.5044738152191122	0.01431076	0.830393605693
1.5062191444711064	0.01408915	0.832927916077
1.5079644737231008	0.01204166	0.82504252252
1.509709802975095	0.01229417	0.81137112829
1.5114551322270893	0.01021617	0.792002707775
1.5132004614790837	0.008524142	0.77723161784
1.514945790731078	0.01135822	0.775986458552
1.5166911199830724	0.01151799	0.781585519406
1.5184364492350666	0.005811393	0.789186919019
1.520181778487061	0.005626275	0.806219817786
1.5219271077390553	0.01202738	0.826869867715
1.5236724369910497	0.01282058	0.832849028115
1.5254177662430441	0.008006234	0.822128357515
1.5271630954950384	0.008455175	0.807041263749
1.5289084247470326	0.01174177	0.789806351859
1.5306537539990273	0.01059882	0.771075021777
1.5323990832510213	0.008332204	0.7608429252
1.534144412503016	0.008010665	0.763742595375
1.5358897417550101	0.00578663	0.77433886466
1.5376350710070041	0.004781201	0.792249189554
1.5393804002589988	0.008753403	0.813752875551
1.541125729510993	0.01007578	0.822894103361
1.5428710587629875	0.005553115	0.813276463713
1.5446163880149817	0.006229759	0.797871964725
1.546361717266976	0.01283157	0.781995778465
1.5481070465189704	0.01289659	0.760556828536
1.5498523757709646	0.007248771	0.742045821313
1.551597705022959	0.006831759	0.741066734938
1.5533430342749532	0.008843438	0.75426722018
1.5550883635269477	0.007312844	0.772062954144
1.556833692778942	0.006773357	0.791846952316
1.5585790220309363	0.007760228	0.806071655783
1.5603243512829308	0.005552338	0.805505094082
1.562069680534925	0.005917907	0.795921002367
1.5638150097869192	0.01213522	0.783890536229
1.5655603390389137	0.0131658	0.76437573427
1.567305668290908	0.007111636	0.742456151442
1.5690509975429023	0.006921979	0.736335318259
1.5707963267948966	0.01196928	0.747086827365
1.5725416560468908	0.01059102	0.760593539325
1.5742869852988854	0.005916065	0.774649491033
1.5760323145508797	0.006075842	0.791555402053
1.5777776438028739	0.006957569	0.802050755121
1.579522973054868	0.006477374	0.800837775911
1.5812683023068623	0.009082268	0.793273431758
1.583013631558857	0.01045857	0.779550717489
1.5847589608108512	0.006760883	0.760947123787
1.5865042900628454	0.006970524	0.750973083642
1.5882496193148399	0.01298101	0.754769935664
1.589994948566834	0.01259262	0.760034543547
1.5917402778188285	0.006041677	0.763995200403
1.593485607070823	0.005576258	0.775549524834
1.5952309363228174	0.009358128	0.789184588105
1.5969762655748114	0.008077419	0.791627717064
1.5987215948268056	0.005669218	0.785987636342
1.6004669240788003	0.006828653	0.779875308675
1.6022122533307945	0.007325216	0.771637806029
1.6039575825827892	0.007937327	0.763322615113
1.6057029118347834	0.01238043	0.761130639488
1.6074482410867772	0.01358186	0.760169128306
1.6091935703387719	0.008743105	0.756811080516
1.610938899590766	0.008256716	0.759598292982
1.6126842288427607	0.01324647	0.768674703273
1.614429558094755	0.0116736	0.770343352958
1.6161748873467492	0.005311564	0.765074661852
1.6179202165987434	0.005684171	0.765515527525
1.6196655458507379	0.0103816	0.770176265848
1.6214108751027323	0.01118752	0.76964769373
1.6231562043547265	0.01166402	0.767685074766
1.624901533606721	0.01417216	0.768447906245
1.6266468628587152	0.0143945	0.767001792386
1.6283921921107094	0.01395166	0.763105041983
1.630137521362704	0.01637974	0.761450087655
1.6318828506146983	0.01486918	0.757759392248
1.6336281798666925	0.008156542	0.751883182033
1.6353735091186867	0.007212059	0.755475889525
1.637118838370681	0.01331697	0.769922899351
1.6388641676226756	0.01402084	0.780230085643
1.6406094968746698	0.01018008	0.783555272128
1.642354826126664	0.01272443	0.788299434525
1.6441001553786583	0.01866337	0.790076081881
1.6458454846306525	0.01794904	0.779090652504
1.6475908138826472	0.01455712	0.763072912065
1.6493361431346414	0.01346329	0.752819857188
1.6510814723866356	0.01121149	0.748852253414
1.6528268016386303	0.009103665	0.75267859837
1.6545721308906243	0.01209429	0.767307755873
1.6563174601426187	0.01298818	0.782443131454
1.6580627893946132	0.008773877	0.790100693009
1.6598081186466074	0.01070414	0.796325279687
1.6615534478986018	0.019472	0.800931474274
1.6632987771505963	0.01926616	0.791256472802
1.6650441064025905	0.01166311	0.771980857392
1.6667894356545847	0.01126298	0.760583528429
1.668534764906579	0.01524399	0.758039342678
1.6702800941585736	0.0126916	0.754935408584
1.6720254234105678	0.009622415	0.75629809901
1.673770752662562	0.01120225	0.766913600341
1.6755160819145563	0.01235973	0.780028744372
1.6772614111665505	0.01394048	0.791481955709
1.6790067404185451	0.01984525	0.802428638553
1.6807520696705394	0.02096959	0.804681912487
1.6824973989225336	0.01504854	0.795115114102
1.684242728174528	0.0142442	0.784496691798
1.6859880574265222	0.01949914	0.777508217385
1.6877333866785167	0.01684673	0.76554577349
1.6894787159305111	0.009356481	0.753843265454
1.6912240451825054	0.01070424	0.756880336914
1.6929693744344996	0.0179392	0.771665587788
1.6947147036864938	0.01906213	0.782821068017
1.6964600329384885	0.01773323	0.790068678492
1.6982053621904827	0.01981641	0.797679253603
1.6999506914424773	0.0211016	0.800475282113
1.7016960206944716	0.01898183	0.795067452227
1.7034413499464653	0.0183684	0.788464914124
1.70518667919846	0.01639171	0.781265354801
1.7069320084504542	0.01100245	0.772371314528
1.708677337702449	0.01083389	0.768830059862
1.7104226669544431	0.01847446	0.77285789043
1.7121679962064373	0.01980597	0.771611891655
1.7139133254584316	0.01443278	0.764912736587
1.7156586547104258	0.01716809	0.766912386944
1.7174039839624204	0.02577205	0.777120316282
1.7191493132144147	0.02351753	0.780850361693
1.7208946424664089	0.01564721	0.781866557343
1.7226399717184033	0.01497108	0.789968429574
1.7243853009703975	0.01680757	0.798355971711
1.726130630222392	0.01493885	0.797409220932
1.7278759594743864	0.01634257	0.791938583229
1.7296212887263807	0.01873793	0.782363396463
1.7313666179783749	0.01718558	0.767240270571
1.733111947230369	0.01931619	0.755842866845
1.7348572764823638	0.02724266	0.755261711196
1.736602605734358	0.02577027	0.756312809789
1.7383479349863522	0.0163181	0.759735658424
1.7400932642383464	0.01535391	0.776643922539
1.7418385934903406	0.02106632	0.800875001949
1.7435839227423353	0.01827401	0.811773954728
1.7453292519943295	0.01262177	0.809028877591
1.7470745812463238	0.01531445	0.802324378085
1.7488199104983184	0.02126906	0.789436982284
1.7505652397503124	0.02179017	0.766439313061
1.7523105690023069	0.02142571	0.745341045458
1.7540558982543013	0.02154263	0.734852428495
1.7558012275062955	0.0190441	0.734770732938
1.75754655675829	0.01648268	0.745880008549
1.7592918860102844	0.0180324	0.767865635115
1.7610372152622786	0.01629386	0.78684611789
1.7627825445142729	0.01074351	0.795648594342
1.764527873766267	0.01270017	0.800363761106
1.7662732030182617	0.02234781	0.800121756936
1.768018532270256	0.02310185	0.782624914475
1.7697638615222502	0.01695386	0.755811874479
1.7715091907742444	0.01892027	0.73933790764
1.7732545200262386	0.02510393	0.735468431217
1.7749998492782333	0.0210503	0.734945112943
1.7767451785302275	0.0143017	0.743612003497
1.7784905077822217	0.01386614	0.764248343081
1.780235837034216	0.01449757	0.785819728622
1.7819811662862104	0.01438761	0.799424700183
1.7837264955382048	0.01923954	0.805194234679
1.785471824790199	0.02126058	0.796571184836
1.7872171540421935	0.01755899	0.775511213067
1.7889624832941877	0.01888214	0.757610858672
1.790707812546182	0.02509777	0.750858482015
1.7924531417981766	0.02095411	0.747296622481
1.7941984710501708	0.01119713	0.750561567663
1.7959438003021653	0.01023999	0.768144295487
1.7976891295541597	0.0147385	0.790056262867
1.7994344588061535	0.01283521	0.797887614818
1.8011797880581482	0.01002251	0.79275244162
1.8029251173101424	0.0129242	0.782335551248
1.804670446562137	0.01743823	0.768170066205
1.8064157758141313	0.01765694	0.751617672464
1.8081611050661255	0.01709007	0.742569488561
1.8099064343181197	0.0163001	0.743683808524
1.811651763570114	0.01381202	0.751838437912
1.8133970928221086	0.01141573	0.764666557499
1.8151424220741028	0.01271515	0.779496889878
1.816887751326097	0.01159763	0.784865957632
1.8186330805780915	0.007741005	0.779033364588
1.8203784098300857	0.01052972	0.771481767945
1.8221237390820801	0.01999699	0.764964248972
1.8238690683340746	0.02059316	0.750695787262
1.8256143975860688	0.01482608	0.73609704331
1.827359726838063	0.01658445	0.735395616611
1.8291050560900572	0.02172968	0.746603362491
1.830850385342052	0.01710825	0.758166180667
1.8325957145940461	0.01102932	0.773057468079
1.8343410438460404	0.01097573	0.791174791169
1.8360863730980346	0.01176043	0.803059230632
1.8378317023500288	0.01221372	0.803443214655
1.8395770316020235	0.0170251	0.795658295237
1.8413223608540177	0.01805319	0.776776168794
1.843067690106012	0.01402044	0.752761077526
1.8448130193580066	0.01438342	0.739071581536
1.8465583486100006	0.01834421	0.741529081873
1.848303677861995	0.01377597	0.750377328218
1.8500490071139892	0.006103559	0.765715249817
1.8517943363659837	0.005802174	0.789223113844
1.8535396656179781	0.009832789	0.809353674956
1.8552849948699723	0.008898165	0.810127995377
1.8570303241219668	0.007238464	0.795122755068
1.858775653373961	0.009845476	0.77414216146
1.8605209826259552	0.0140297	0.75236012854
1.8622663118779499	0.01343474	0.732983854173
1.864011641129944	0.01131844	0.725303746921
1.8657569703819383	0.01025721	0.729960242846
1.8675022996339325	0.008879195	0.741638079923
1.8692476288859268	0.006387717	0.7555846295
1.8709929581379214	0.007134098	0.768668559759
1.8727382873899157	0.006993196	0.770817118667
1.8744836166419099	0.004962753	0.76293049129
1.876228945893904	0.008289376	0.755945652396
1.8779742751458985	0.0170416	0.753165613007
1.879719604397893	0.01691285	0.745828788377
1.8814649336498872	0.01098399	0.73974762013
1.8832102629018816	0.01168938	0.744068620388
1.8849555921538759	0.01495681	0.753571892304
1.88670092140587	0.009595338	0.757772776929
1.8884462506578648	0.00413229	0.761445551846
1.890191579909859	0.004224343	0.766117182106
1.8919369091618534	0.0053016	0.76843933151
1.8936822384138474	0.006477189	0.769201977372
1.8954275676658416	0.01126482	0.772291256436
1.8971728969178363	0.01238857	0.772025858684
1.8989182261698305	0.009880861	0.770488076044
1.9006635554218252	0.01036895	0.774873449494
1.9024088846738194	0.01269904	0.783755228397
1.9041542139258136	0.008558451	0.786570732767
1.9058995431778079	0.003021746	0.785396918017
1.907644872429802	0.002090422	0.784095996161
1.9093902016817967	0.004015193	0.77955774246
1.911135530933791	0.00318214	0.766681242916
1.9128808601857852	0.002681702	0.752814148703
1.9146261894377794	0.004996334	0.74483950056
1.9163715186897738	0.008938774	0.745132916259
1.9181168479417683	0.009148214	0.751655975746
1.9198621771937625	0.007867576	0.765143959591
1.921607506445757	0.007540717	0.780051906746
1.9233528356977512	0.007399108	0.789969548219
1.9250981649497454	0.004756183	0.790241415338
1.92684349420174	0.003541552	0.781329111609
1.9285888234537343	0.002562581	0.7612062552
1.9303341527057285	0.001134975	0.736863580261
1.9320794819577227	0.002234545	0.720171717086
1.933824811209717	0.007060901	0.717333572745
1.9355701404617116	0.006918434	0.722779337799
1.9373154697137058	0.003917406	0.738270226431
1.9390607989657	0.005396478	0.764536701776
1.9408061282176947	0.009058488	0.791789948175
1.9425514574696887	0.006102685	0.805496593836
1.9442967867216832	0.002285851	0.806053648949
1.9460421159736774	0.002351872	0.795605566355
1.9477874452256718	0.003443283	0.775636088376
1.9495327744776663	0.002486783	0.751084160453
1.9512781037296605	0.003421995	0.733002948806
1.953023432981655	0.003743316	0.723731609092
1.9547687622336491	0.003002564	0.726242860521
1.9565140914856434	0.003595002	0.742813979697
1.958259420737638	0.006223428	0.768329122634
1.9600047499896323	0.004728032	0.787190448986
1.9617500792416265	0.001843843	0.795703194351
1.9634954084936207	0.002333504	0.796063341796
1.965240737745615	0.005198754	0.786368326627
1.9669860669976096	0.003728536	0.762441946553
1.9687313962496038	0.001605594	0.73597436771
1.970476725501598	0.002627042	0.718492584453
1.9722220547535922	0.004986838	0.712326649196
1.9739673840055865	0.003707279	0.714165754358
1.9757127132575811	0.002657345	0.725993110949
1.9774580425095754	0.002648732	0.741776147181
1.9792033717615696	0.002635075	0.754651453
1.980948701013564	0.002192059	0.761757009803
1.9826940302655582	0.003912279	0.763128070992
1.9844393595175527	0.003472746	0.752767604095
1.9861846887695471	0.001826632	0.736490479015
1.9879300180215416	0.002905258	0.725640838827
1.9896753472735356	0.006356312	0.723065979899
1.9914206765255298	0.004663925	0.721524814384
1.9931660057775245	0.00162114	0.726257786231
1.9949113350295187	0.002273534	0.741235632154
1.9966566642815133	0.004611931	0.758851251033
1.9984019935335076	0.002834204	0.767391279451
2.0001473227855016	0.001582996	0.76901078554
2.0018926520374962	0.002475383	0.764546388255
2.0036379812894904	0.003902829	0.754097036446
2.0053833105414847	0.004070271	0.740980487507
2.0071286397934793	0.005619941	0.733451906164
2.0088739690454736	0.005487344	0.730954617647
2.0106192982974678	0.004302253	0.735454464821
2.012364627549462	0.004305903	0.748721147126
2.0141099568014567	0.006164568	0.766102849452
2.015855286053451	0.004247676	0.774125297215
2.017600615305445	0.001526515	0.772817104001
2.0193459445574393	0.002241892	0.767566920707
2.0210912738094335	0.005386316	0.758252680997
2.022836603061428	0.004144636	0.740028856787
2.0245819323134224	0.00232078	0.722998947059
2.0263272615654166	0.003882671	0.716665845887
2.028072590817411	0.006995925	0.719872959517
2.029817920069405	0.005774394	0.724891589432
2.0315632493213998	0.004408231	0.734302941449
2.033308578573394	0.004998416	0.746663155196
2.035053907825388	0.006083955	0.756131562064
2.036799237077383	0.005108385	0.757568401866
2.0385445663293766	0.00559711	0.753877067728
2.0402898955813713	0.005307563	0.742972195187
2.0420352248333655	0.004254829	0.728103770567
2.0437805540853597	0.005043061	0.717107123156
2.0455258833373544	0.008809098	0.714477163455
2.0472712125893486	0.007714349	0.712700338613
2.049016541841343	0.004738215	0.715103346634
2.050761871093337	0.007231677	0.72795401484
2.0525072003453313	0.01291318	0.744177118532
2.054252529597326	0.01081819	0.747059451608
2.05599785884932	0.007049578	0.741792587208
2.0577431881013144	0.009434662	0.738530060753
2.0594885173533086	0.01352738	0.734538011258
2.0612338466053033	0.01084858	0.723033260759
2.0629791758572975	0.008303458	0.715068332939
2.0647245051092917	0.008860521	0.716085076125
2.0664698343612864	0.009426142	0.721251198416
2.0682151636132806	0.008426737	0.726046071315
2.069960492865275	0.009981266	0.733082963225
2.0717058221172695	0.009530643	0.735575159489
2.0734511513692637	0.007730548	0.732903017074
2.075196480621258	0.009698869	0.731445833762
2.076941809873252	0.01495516	0.731904223954
2.0786871391252464	0.0130925	0.723475005799
2.080432468377241	0.008886585	0.713331103568
2.0821777976292353	0.01141969	0.714122744407
2.08392312688123	0.01687551	0.721870793362
2.0856684561332237	0.01315786	0.722119185273
2.087413785385218	0.007918728	0.722869951487
2.0891591146372126	0.01030473	0.732888798028
2.090904443889207	0.01520123	0.743323499865
2.0926497731412015	0.01285123	0.741032392051
2.0943951023931957	0.01097923	0.734235589621
2.0961404316451895	0.01401929	0.728970303247
2.097885760897184	0.01758974	0.722690849519
2.0996310901491784	0.01755851	0.713978553226
2.101376419401173	0.018915	0.710935907902
2.1031217486531673	0.01902888	0.711963203622
2.1048670779051615	0.01738095	0.715941534208
2.1066124071571557	0.01738526	0.724524145159
2.10835773640915	0.02014079	0.736236713809
2.1101030656611446	0.01685596	0.739026090826
2.111848394913139	0.01179942	0.735696885596
2.113593724165133	0.01382262	0.735349862951
2.1153390534171272	0.01976419	0.735244462211
2.1170843826691215	0.01663192	0.722706623246
2.118829711921116	0.01187947	0.708000010931
2.1205750411731104	0.01641473	0.705384761953
2.1223203704251046	0.02414317	0.709673239846
2.124065699677099	0.02121576	0.706120932727
2.1258110289290935	0.01687171	0.704337323911
2.1275563581810877	0.02073153	0.713429901862
2.129301687433082	0.02598965	0.723840477411
2.1310470166850766	0.02264725	0.722804256187
2.132792345937071	0.0197613	0.719314820178
2.134537675189065	0.02102136	0.717612269162
2.1362830044410597	0.02193212	0.713539451646
2.138028333693054	0.02103709	0.70638790171
2.139773662945048	0.0234729	0.702929807036
2.141518992197043	0.02301234	0.69762014765
2.143264321449037	0.02055082	0.69179718453
2.1450096507010312	0.02412443	0.694236447513
2.1467549799530254	0.03183279	0.703575603357
2.1485003092050197	0.02877596	0.704189883793
2.1502456384570143	0.02256315	0.70370807032
2.1519909677090086	0.02707646	0.71599754267
2.1537362969610028	0.03474779	0.731437179504
2.155481626212997	0.02846574	0.729674608807
2.157226955464991	0.0203774	0.722422673901
2.158972284716986	0.02399107	0.723989654554
2.16071761396898	0.03009239	0.725128790159
2.1624629432209743	0.0252103	0.712997789751
2.1642082724729685	0.02105055	0.702458552839
2.1659536017249628	0.02507504	0.70322794583
2.1676989309769574	0.02997084	0.708415148684
2.1694442602289516	0.02900994	0.711066341571
2.171189589480946	0.02970445	0.718081097851
2.17293491873294	0.03123007	0.726328663222
2.1746802479849343	0.03116144	0.731359514849
2.176425577236929	0.03131252	0.73351386824
2.178170906488923	0.03402898	0.733832795835
2.179916235740918	0.03074307	0.723154169763
2.1816615649929116	0.02536766	0.70740292083
2.183406894244906	0.02763358	0.69915300466
2.1851522234969005	0.03412399	0.697596718832
2.1868975527488947	0.02961333	0.689518366573
2.1886428820008894	0.02329945	0.685435721503
2.1903882112528836	0.02944704	0.698646433992
2.192133540504878	0.03928948	0.718087356637
2.193878869756872	0.03445281	0.722386351482
2.1956241990088667	0.02785106	0.721848268719
2.197369528260861	0.0339246	0.729141867646
2.199114857512855	0.04172675	0.733352751643
2.20086018676485	0.03598878	0.719999718293
2.202605516016844	0.03036862	0.704649838616
2.2043508452688383	0.0338287	0.698677658797
2.206096174520833	0.03752049	0.695311874032
2.207841503772827	0.03444388	0.688570073182
2.2095868330248214	0.03390324	0.689187554775
2.2113321622768156	0.03479518	0.696385380652
2.21307749152881	0.03427454	0.705577050565
2.2148228207808045	0.03541443	0.716838084895
2.2165681500327987	0.03992202	0.729165192431
2.218313479284793	0.03702933	0.728567666846
2.220058808536787	0.03186582	0.718672712615
2.2218041377887814	0.03584889	0.712200917935
2.223549467040776	0.04345094	0.706550826296
2.2252947962927703	0.0376802	0.688069452453
2.2270401255447645	0.03004782	0.673088305836
2.2287854547967587	0.03616774	0.680247714006
2.230530784048753	0.04544597	0.698250009287
2.2322761133007476	0.03878856	0.705133221382
2.234021442552742	0.03115801	0.712519163371
2.235766771804736	0.03770883	0.730840429067
2.2375121010567303	0.04599852	0.744677246573
2.239257430308725	0.04008784	0.737851697417
2.241002759560719	0.03491923	0.725773766974
2.2427480888127134	0.03979434	0.718660576512
2.2444934180647076	0.04458245	0.710356898741
2.246238747316702	0.04151262	0.696886318699
2.2479840765686965	0.04073772	0.689795118147
2.2497294058206907	0.04166678	0.689100890025
2.251474735072685	0.04089263	0.69225517007
2.253220064324679	0.0408146	0.700138489074
2.254965393576674	0.04370407	0.712499316478
2.256710722828668	0.03978136	0.717173148313
2.2584560520806622	0.03411342	0.716855807319
2.260201381332657	0.03708512	0.719908668349
2.261946710584651	0.04347031	0.721869358519
2.2636920398366454	0.03739838	0.708917024366
2.26543736908864	0.03023101	0.694457521657
2.2671826983406342	0.03663952	0.694916628464
2.2689280275926285	0.04613876	0.701828911151
2.2706733568446227	0.03977716	0.696754112027
2.272418686096617	0.03273799	0.693747333995
2.2741640153486116	0.04085402	0.706472879514
2.2759093446006062	0.05079266	0.720540989581
2.2776546738526	0.04450692	0.717381102216
2.2794000031045942	0.03862727	0.71292576863
2.2811453323565885	0.04540314	0.718709240096
2.2828906616085836	0.0520832	0.723126959919
2.284635990860578	0.04708117	0.715716979019
2.286381320112572	0.04398281	0.70997118417
2.288126649364566	0.04613304	0.708789630143
2.28987197861656	0.04664239	0.706388513104
2.291617307868555	0.04453306	0.702463183696
2.2933626371205493	0.04567619	0.702444106683
2.2951079663725436	0.04297244	0.69843143514
2.2968532956245378	0.03881629	0.693144779885
2.2985986248765315	0.0418216	0.695161108468
2.3003439541285267	0.04834863	0.70068309983
2.302089283380521	0.04311349	0.694923388417
2.303834612632515	0.03671711	0.689919120779
2.3055799418845093	0.04335645	0.70020671871
2.3073252711365035	0.05214878	0.715199263237
2.309070600388498	0.0440269	0.715843282675
2.3108159296404924	0.03517032	0.716254404767
2.3125612588924866	0.04176304	0.728735463698
2.314306588144481	0.04975025	0.738411350339
2.316051917396475	0.04092035	0.727955853537
2.3177972466484698	0.03348883	0.714838886436
2.319542575900464	0.04114907	0.712541026324
2.321287905152458	0.04993081	0.711373705847
2.3230332344044524	0.04564604	0.700863175813
2.324778563656447	0.0434605	0.696002347816
2.3265238929084413	0.05013892	0.702603437896
2.3282692221604355	0.05530443	0.711296625931
2.33001455141243	0.05186793	0.714411374613
2.3317598806644244	0.04967835	0.719367935475
2.3335052099164186	0.0483087	0.723632643406
2.3352505391684133	0.04511609	0.724026335332
2.3369958684204075	0.04234958	0.721880007365
2.3387411976724017	0.04313521	0.719567476952
2.340486526924396	0.03872288	0.708543617987
2.34223185617639	0.03429581	0.695667161352
2.343977185428385	0.04000145	0.6926933433
2.345722514680379	0.04965486	0.695723975972
2.3474678439323733	0.04566604	0.689431653203
2.3492131731843675	0.04081519	0.687174335452
2.3509585024363617	0.05089241	0.702924612893
2.3527038316883564	0.0617003	0.721559181436
2.3544491609403506	0.05225049	0.721089868698
2.356194490192345	0.04225635	0.718095640398
2.357939819444339	0.04903487	0.726651675823
2.3596851486963333	0.05578023	0.731107621174
2.361430477948328	0.04482399	0.716025098083
2.363175807200322	0.0367824	0.701846420931
2.3649211364523164	0.04388418	0.70053939029
2.3666664657043106	0.0512228	0.700831348268
2.368411794956305	0.04659824	0.693710862982
2.3701571242083	0.04485695	0.693067191498
2.371902453460294	0.05044754	0.701253513268
2.373647782712288	0.05431181	0.710577580451
2.375393111964282	0.05159641	0.716499354258
2.3771384412162764	0.05077877	0.723895266237
2.3788837704682715	0.04960075	0.727487597276
2.3806290997202657	0.04702906	0.727448533134
2.38237442897226	0.0464779	0.727615273885
2.384119758224254	0.04898502	0.728192994729
2.3858650874762484	0.04440449	0.719932492728
2.387610416728243	0.0396097	0.711296771601
2.3893557459802373	0.04497827	0.71209934714
2.3911010752322315	0.0526642	0.715440481586
2.3928464044842257	0.04580671	0.706279151309
2.39459173373622	0.03901597	0.698337524643
2.3963370629882146	0.04727385	0.704643221087
2.398082392240209	0.05628658	0.71255355842
2.3998277214922035	0.04692812	0.704084250999
2.4015730507441977	0.03903033	0.696706489737
2.403318379996192	0.04857598	0.704153924472
2.4050637092481866	0.0583248	0.711180997399
2.406809038500181	0.04964734	0.701401415835
2.408554367752175	0.04326557	0.694925115755
2.4102996970041692	0.05267484	0.704052698966
2.4120450262561635	0.06075483	0.714159656176
2.413790355508158	0.05260191	0.712046590119
2.4155356847601523	0.04701435	0.71292646142
2.4172810140121466	0.05195009	0.720400348295
2.419026343264141	0.0549202	0.723566716295
2.420771672516135	0.04946111	0.717752912469
2.4225170017681297	0.04805242	0.713283119291
2.424262331020124	0.04925103	0.708046349162
2.426007660272118	0.04940915	0.702481769917
2.4277529895241123	0.05128263	0.701214360922
2.4294983187761066	0.05604291	0.70406746207
2.4312436480281012	0.05303552	0.699955495488
2.4329889772800954	0.0491338	0.696807575685
2.4347343065320897	0.05367235	0.703440280216
2.436479635784084	0.05865096	0.711698460714
2.438224965036078	0.0495802	0.707551372919
2.4399702942880728	0.04126695	0.705095350034
2.441715623540067	0.0464836	0.714763184538
2.443460952792061	0.05250868	0.723500171717
2.4452062820440554	0.04271838	0.715255881018
2.4469516112960497	0.03562211	0.707196940025
2.4486969405480443	0.04595927	0.71252100837
2.4504422698000385	0.05712471	0.718495180151
2.4521875990520328	0.04973125	0.710234412714
2.4539329283040274	0.04489961	0.707214944262
2.4556782575560216	0.05771307	0.721059152053
2.457423586808016	0.06841273	0.734360619574
2.4591689160600105	0.05882202	0.729974236407
2.4609142453120048	0.0515916	0.725189443466
2.462659574563999	0.05851054	0.728192447839
2.464404903815993	0.06230221	0.725732467173
2.466150233067988	0.05203388	0.709865967108
2.467895562319982	0.046027	0.697264053885
2.4696408915719763	0.04835818	0.691241916694
2.4713862208239705	0.04940474	0.685368449152
2.4731315500759647	0.04615649	0.678248149159
2.47487687932796	0.04705144	0.676708852363
2.476622208579954	0.04792103	0.675593718584
2.4783675378319483	0.04843916	0.677618552404
2.480112867083942	0.05205395	0.688176395096
2.4818581963359363	0.05764274	0.703940653403
2.4836035255879314	0.05473496	0.711756175934
2.4853488548399256	0.05166296	0.719826675651
2.48709418409192	0.05781408	0.735442163888
2.488839513343914	0.06422723	0.746904737964
2.490584842595908	0.05541781	0.739205374726
2.492330171847903	0.04781416	0.730254381202
2.494075501099897	0.05560109	0.73376150145
2.4958208303518914	0.0628682	0.736484267109
2.4975661596038856	0.05108813	0.723115106584
2.49931148885588	0.04258133	0.71320400146
2.5010568181078745	0.05262073	0.717981822207
2.5028021473598687	0.06092612	0.720704846873
2.504547476611863	0.04920972	0.70667479513
2.506292805863857	0.04158336	0.697070790103
2.5080381351158514	0.05154841	0.703321057422
2.509783464367846	0.05910418	0.710014653788
2.5115287936198403	0.04861634	0.703330594476
2.5132741228718345	0.0425451	0.700697402159
2.5150194521238287	0.05146696	0.708867424511
2.516764781375823	0.05822274	0.713961015573
2.5185101106278176	0.05062869	0.706643702141
2.520255439879812	0.04740394	0.703439287388
2.522000769131806	0.05455547	0.708595225045
2.5237460983838007	0.05929621	0.713083603692
2.525491427635795	0.05488733	0.71178805329
2.527236756887789	0.05405113	0.712780787088
2.528982086139784	0.05602435	0.711960404312
2.530727415391778	0.05595945	0.708370891786
2.5324727446437723	0.05509632	0.706145263426
2.5342180738957665	0.05699332	0.707076059585
2.535963403147761	0.05328401	0.702316985155
2.5377087323997554	0.04985219	0.700628531395
2.5394540616517496	0.05495815	0.709735929385
2.541199390903744	0.06105051	0.719356461193
2.542944720155738	0.05368155	0.714709507183
2.5446900494077327	0.04832168	0.712163065693
2.546435378659727	0.05690006	0.722816236057
2.548180707911721	0.06364175	0.732149116466
2.5499260371637154	0.0519704	0.725225143079
2.5516713664157096	0.04353383	0.721071077447
2.5534166956677042	0.05159929	0.729090681543
2.5551620249196985	0.05717786	0.732423016368
2.5569073541716927	0.04399398	0.717609115345
2.558652683423687	0.03608425	0.706608642533
2.560398012675681	0.04679937	0.711343989932
2.5621433419276762	0.05592443	0.716666686649
2.56388867117967	0.04665034	0.708477320842
2.5656340004316642	0.04292839	0.705657497541
2.5673793296836585	0.05709576	0.716083698118
2.5691246589356527	0.06759626	0.722130712988
2.570869988187648	0.05797923	0.710848199624
2.572615317439642	0.05230256	0.703153604568
2.5743606466916362	0.06113868	0.70768321235
2.57610597594363	0.06490601	0.710530845006
2.5778513051956247	0.05227539	0.702805878166
2.5795966344476193	0.04499059	0.699867140071
2.5813419636996136	0.04844576	0.702416463133
2.5830872929516078	0.04960616	0.701838220998
2.584832622203602	0.04425349	0.69707198813
2.586577951455596	0.04475868	0.697667791942
2.588323280707591	0.04824492	0.70018069978
2.590068609959585	0.0511567	0.706439347454
2.5918139392115793	0.0547196	0.719032641733
2.593559268463574	0.05969427	0.733609744814
2.595304597715568	0.05780694	0.738217123304
2.5970499269675624	0.05547423	0.740721596469
2.598795256219557	0.05830559	0.746551534166
2.6005405854715513	0.06002743	0.747359345346
2.6022859147235455	0.05047991	0.733633595184
2.6040312439755398	0.04341368	0.721818383152
2.6057765732275344	0.04779221	0.720793621298
2.6075219024795286	0.05179996	0.719163682848
2.609267231731523	0.04181881	0.705028269293
2.611012560983517	0.03642934	0.696016562941
2.6127578902355113	0.04694752	0.701251605892
2.614503219487506	0.05526713	0.705939162342
2.6162485487395	0.04471748	0.696605619071
2.6179938779914944	0.03911712	0.694244356287
2.6197392072434886	0.05148334	0.709309797332
2.621484536495483	0.05956029	0.723098765216
2.6232298657474775	0.04665512	0.719619947843
2.6249751949994717	0.04006997	0.720190237628
2.626720524251466	0.05275764	0.733295992177
2.62846585350346	0.06109635	0.738364042389
2.6302111827554544	0.04914729	0.722336292401
2.631956512007449	0.04400756	0.710075299059
2.6337018412594433	0.05664537	0.711768959432
2.6354471705114375	0.06375428	0.71171830986
2.6371924997634317	0.05145601	0.701193658167
2.638937829015426	0.04500613	0.699221136705
2.6406831582674206	0.05216426	0.707457919298
2.642428487519415	0.05405155	0.712314165161
2.644173816771409	0.04272889	0.708754248033
2.6459191460234033	0.0379754	0.709669132028
2.647664475275398	0.04175235	0.714858019451
2.649409804527392	0.04367489	0.722070408332
2.6511551337793864	0.0412401	0.730638221129
2.652900463031381	0.04339293	0.74186494787
2.6546457922833753	0.04664198	0.747665619596
2.6563911215353695	0.04944912	0.748709620173
2.658136450787364	0.05128221	0.745036584699
2.6598817800393584	0.05336477	0.736603448195
2.6616271092913526	0.05137728	0.72120016744
2.663372438543347	0.04912191	0.708849873357
2.665117767795341	0.04782858	0.703395779217
2.6668630970473357	0.04661862	0.700722944453
2.6686084262993304	0.03958238	0.691645782717
2.670353755551324	0.03470233	0.684966962729
2.6720990848033184	0.03843691	0.68720921306
2.6738444140553126	0.04391359	0.691631140865
2.6755897433073077	0.03809867	0.688290079424
2.677335072559302	0.03708216	0.695551193797
2.679080401811296	0.05219881	0.722123975737
2.6808257310632904	0.06370248	0.746111862859
2.682571060315284	0.05340994	0.747043453735
2.6843163895672792	0.04808517	0.746304892125
2.6860617188192735	0.06040604	0.753952201343
2.6878070480712677	0.06441468	0.750159498789
2.689552377323262	0.04574446	0.726187282713
2.691297706575256	0.03494624	0.711658403258
2.693043035827251	0.04204436	0.71483295029
2.694788365079245	0.04384584	0.714942181656
2.6965336943312392	0.02907607	0.700693023653
2.6982790235832335	0.02335007	0.692560221568
2.7000243528352277	0.03467104	0.696501289709
2.7017696820872223	0.04269987	0.700363776139
2.7035150113392166	0.03450905	0.697612556722
2.705260340591211	0.03351003	0.705851631132
2.707005669843205	0.04839973	0.72700174191
2.7087509990951992	0.05737532	0.74308162902
2.710496328347194	0.04697251	0.740816762833
2.712241657599188	0.04264196	0.735806872243
2.7139869868511823	0.05226546	0.733809438242
2.7157323161031766	0.05494076	0.725966080977
2.7174776453551712	0.04173879	0.70953810773
2.7192229746071654	0.03580091	0.702482899085
2.7209683038591597	0.04068121	0.705754444808
2.7227136331111543	0.04165028	0.708967725429
2.7244589623631486	0.03410018	0.70742965717
2.7262042916151428	0.03263815	0.709832141039
2.7279496208671374	0.03647536	0.713392023274
2.7296949501191317	0.0387041	0.717545072544
2.731440279371126	0.03728377	0.723053939312
2.73318560862312	0.03905342	0.729836002116
2.7349309378751143	0.04051782	0.729131186139
2.736676267127109	0.04154503	0.725732847132
2.738421596379103	0.04303498	0.723022833801
2.7401669256310974	0.04537356	0.717129420741
2.7419122548830916	0.04202601	0.702804569877
2.743657584135086	0.04001664	0.6954582215
2.7454029133870805	0.04346595	0.700668799549
2.7471482426390748	0.04554114	0.707206091702
2.748893571891069	0.03744941	0.704903222201
2.750638901143063	0.03318635	0.708333981105
2.7523842303950574	0.03821761	0.721165092641
2.7541295596470525	0.04031436	0.730913269277
2.7558748888990463	0.03034336	0.728876161074
2.7576202181510405	0.0261142	0.731049633842
2.7593655474030347	0.0335018	0.740512672793
2.761110876655029	0.03766742	0.742076579687
2.762856205907024	0.02817011	0.725347361746
2.7646015351590183	0.0253564	0.710933857814
2.766346864411012	0.03730525	0.708891552667
2.7680921936630063	0.04498709	0.705260197234
2.7698375229150005	0.0346551	0.689809848688
2.7715828521669956	0.03213884	0.686789949795
2.77332818141899	0.04791766	0.703436508753
2.775073510670984	0.0559852	0.715685741055
2.7768188399229783	0.04127173	0.709808446615
2.7785641691749725	0.03558983	0.712521710709
2.780309498426967	0.04872868	0.73009444294
2.7820548276789614	0.05198379	0.739293329908
2.7838001569309556	0.03381898	0.730182634358
2.78554548618295	0.02595594	0.725926339388
2.7872908154349445	0.03474387	0.728551008839
2.7890361446869387	0.03604008	0.721997799394
2.790781473938933	0.02180722	0.702918325213
2.7925268031909276	0.01724146	0.691502881196
2.794272132442922	0.02645963	0.690917539511
2.796017461694916	0.03108918	0.691615126861
2.7977627909469107	0.02275304	0.687737198174
2.799508120198905	0.02251976	0.691881821473
2.801253449450899	0.03562069	0.705675384772
2.8029987787028934	0.0439319	0.719620957554
2.8047441079548876	0.03688058	0.726395385881
2.8064894372068823	0.03677369	0.738799455514
2.8082347664588765	0.04893366	0.756092447657
2.8099800957108707	0.05308013	0.763661333835
2.811725424962865	0.04088406	0.753355137648
2.813470754214859	0.0355574	0.739062367192
2.815216083466854	0.03939056	0.72279742425
2.816961412718848	0.0371863	0.702962308498
2.8187067419708423	0.02698617	0.684357196723
2.8204520712228365	0.02394173	0.676643787605
2.8221974004748307	0.02470768	0.673804694029
2.8239427297268254	0.02474938	0.6762113746
2.8256880589788196	0.02488983	0.683722756252
2.827433388230814	0.02787068	0.691340934711
2.829178717482808	0.02859546	0.69279710267
2.8309240467348022	0.03114137	0.701091724342
2.832669375986797	0.03505121	0.719001721339
2.834414705238791	0.03815657	0.736410543927
2.8361600344907854	0.03720953	0.744166254486
2.8379053637427796	0.03736532	0.750409951931
2.839650692994774	0.0375063	0.753149170353
2.8413960222467685	0.03670071	0.745723640611
2.8431413514987627	0.03126918	0.726927987836
2.844886680750757	0.0275954	0.713177360219
2.8466320100027516	0.02842897	0.710042395054
2.848377339254746	0.0293796	0.709905902505
2.8501226685067405	0.02236069	0.70307054572
2.8518679977587347	0.02051606	0.701779824525
2.853613327010729	0.02946987	0.709191603237
2.855358656262723	0.03478167	0.711205119688
2.8571039855147173	0.02591933	0.699444922605
2.858849314766712	0.0245306	0.697627392319
2.8605946440187062	0.03629513	0.71212186438
2.8623399732707004	0.04084082	0.720990382466
2.8640853025226947	0.02897648	0.711793014129
2.865830631774689	0.02585482	0.708825596075
2.867575961026684	0.03663517	0.717202674414
2.869321290278678	0.03984078	0.716684684
2.8710666195306724	0.02624376	0.701828551321
2.872811948782666	0.02231224	0.701514325377
2.8745572780346604	0.03417197	0.720006987526
2.8763026072866555	0.03797208	0.734043310479
2.8780479365386498	0.02337332	0.73270552365
2.879793265790644	0.0194796	0.73712675646
2.881538595042638	0.03204877	0.747982720905
2.8832839242946324	0.03503483	0.745963880587
2.885029253546627	0.01965245	0.725793360254
2.8867745827986213	0.01556772	0.712171269263
2.8885199120506155	0.02722633	0.710306278067
2.8902652413026098	0.03047333	0.704840958276
2.892010570554604	0.01717959	0.689505664938
2.8937558998065986	0.01506961	0.686743143515
2.895501229058593	0.02971415	0.700531805034
2.897246558310587	0.03646705	0.711095062018
2.8989918875625813	0.02408946	0.708192907255
2.9007372168145755	0.02338828	0.715592381185
2.90248254606657	0.04181104	0.736458837392
2.9042278753185644	0.04833998	0.747069111981
2.9059732045705586	0.03143056	0.738832259875
2.907718533822553	0.02720093	0.737794000386
2.909463863074547	0.0405522	0.745208840613
2.9112091923265417	0.04073881	0.741823007076
2.912954521578536	0.02272704	0.725399245864
2.91469985083053	0.0176745	0.716591330515
2.916445180082525	0.02530146	0.713912499664
2.918190509334519	0.02529734	0.70844522763
2.9199358385865133	0.01478381	0.699540104177
2.921681167838508	0.01307925	0.697754842394
2.923426497090502	0.02092961	0.701820790919
2.9251718263424964	0.02473333	0.707716137795
2.9269171555944906	0.0170086	0.710495055315
2.9286624848464853	0.01743403	0.718753754955
2.9304078140984795	0.03138208	0.732814506259
2.9321531433504737	0.03802085	0.742634628056
2.933898472602468	0.02715334	0.740220571774
2.935643801854462	0.02654229	0.739974408749
2.937389131106457	0.0395036	0.743363774186
2.939134460358451	0.04156253	0.741112617753
2.9408797896104453	0.02926378	0.733011927568
2.9426251188624395	0.02756956	0.73338351379
2.9443704481144337	0.03324627	0.737664392485
2.946115777366429	0.03259982	0.740818885741
2.9478611066184226	0.02643049	0.742640012507
2.949606435870417	0.02506127	0.743267211852
2.951351765122411	0.02436437	0.735740908264
2.9530970943744053	0.0228175	0.728075647526
2.9548424236264004	0.01883292	0.722231939505
2.9565877528783946	0.01725141	0.712818589694
2.9583330821303884	0.01823182	0.6967183121
2.9600784113823826	0.01959949	0.686077696658
2.961823740634377	0.0167005	0.681744239516
2.963569069886372	0.01813376	0.681999624036
2.965314399138366	0.02371226	0.687841611938
2.9670597283903604	0.02750289	0.707959364167
2.968805057642354	0.02708957	0.738155694129
2.970550386894349	0.03054273	0.77043032094
2.9722957161463435	0.03383215	0.794523620168
2.9740410453983377	0.03511575	0.812245245491
2.975786374650332	0.03472126	0.821845459199
2.977531703902326	0.03414625	0.819371114939
2.9792770331543204	0.02874952	0.801532811387
2.981022362406315	0.02495126	0.783306001157
2.9827676916583092	0.02440463	0.768399277726
2.9845130209103035	0.02289513	0.744309368619
2.986258350162298	0.01556418	0.703909843676
2.9880036794142923	0.01385532	0.671400175251
2.9897490086662866	0.01944582	0.656746609591
2.9914943379182812	0.02231436	0.647077269995
2.9932396671702755	0.01655574	0.639756603012
2.9949849964222697	0.01834558	0.660696420854
2.996730325674264	0.02863144	0.705774996799
2.9984756549262586	0.03297032	0.744402178179
3.000220984178253	0.02673905	0.765441759804
3.001966313430247	0.0273052	0.790991974803
3.0037116426822412	0.03342659	0.820759170066
3.0054569719342354	0.03288589	0.838660011424
3.00720230118623	0.02329695	0.841481310244
3.0089476304382243	0.01977865	0.84585329145
3.0106929596902186	0.02301666	0.846862639487
3.0124382889422128	0.02283307	0.825994605457
3.014183618194207	0.0131652	0.778861221957
3.0159289474462017	0.0121265	0.735891741468
3.017674276698196	0.02457224	0.712751705417
3.01941960595019	0.03016924	0.695544755838
3.0211649352021843	0.01848776	0.677263838738
3.0229102644541785	0.01976239	0.686979532612
3.024655593706173	0.03845462	0.7213966106
3.0264009229581674	0.04241445	0.738716196794
3.0281462522101616	0.02488652	0.727761536
3.029891581462156	0.02233386	0.730545118644
3.03163691071415	0.03471919	0.753266010875
3.0333822399661448	0.03279843	0.765975173752
3.035127569218139	0.01502446	0.766243964298
3.036872898470133	0.01140131	0.786266260575
3.0386182277221274	0.02120384	0.819301962095
3.040363556974122	0.02199341	0.833686148382
3.0421088862261163	0.008722219	0.82408977663
3.0438542154781105	0.008563875	0.820296903523
3.045599544730105	0.02511823	0.825130983983
3.0473448739820994	0.03081483	0.815812854572
3.0490902032340936	0.01620405	0.787274641446
3.0508355324860883	0.0177537	0.772567109907
3.0525808617380825	0.0397892	0.776545512012
3.0543261909900767	0.0438465	0.768194743877
3.056071520242071	0.02215698	0.738981601337
3.057816849494065	0.01931186	0.729442512527
3.05956217874606	0.03794355	0.744339515099
3.0613075079980545	0.03748849	0.744745618647
3.0630528372500487	0.01303083	0.726116590751
3.0647981665020425	0.01023123	0.740004083613
3.0665434957540367	0.03111841	0.789035703639
3.068288825006032	0.0332874	0.822416477884
3.070034154258026	0.01015145	0.82545151934
3.0717794835100203	0.009183225	0.837303900419
3.0735248127620145	0.03241181	0.852725479787
3.0752701420140083	0.03514339	0.835890881885
3.0770154712660034	0.01293083	0.799151546454
3.0787608005179976	0.0137759	0.79709821787
3.080506129769992	0.0365579	0.830927622277
3.082251459021986	0.03849493	0.859152310825
3.0839967882739803	0.01585277	0.859999015954
3.085742117525975	0.01314333	0.851092027204
3.087487446777969	0.03302345	0.833258369897
3.0892327760299634	0.03441405	0.791770248641
3.0909781052819576	0.008685569	0.745946950555
3.092723434533952	0.00883616	0.765180774392
3.0944687637859465	0.04299876	0.858724435571
3.0962140930379407	0.04990187	0.944308700964
3.097959422289935	0.01570873	0.965958988581
3.099704751541929	0.01473887	0.960885215431
3.1014500807939234	0.05243578	0.932992327282
3.103195410045918	0.0524902	0.843767662004
3.1049407392979123	0.01303939	0.741585892953
3.1066860685499065	0.01290038	0.739123782989
3.1084313978019007	0.04567972	0.82948066874
3.1101767270538954	0.04504018	0.912180322035
3.1119220563058896	0.01378075	0.940401707574
3.113667385557884	0.01058079	0.937465358348
3.1154127148098785	0.03408809	0.916250633074
3.1171580440618727	0.03387699	0.900869092281
3.118903373313867	0.001877698	0.953083292112
3.1206487025658616	0.002760465	1.12931541896
3.122394031817856	0.05072879	1.37815152793
3.12413936106985	0.06111929	1.53488470207
3.1258846903218442	0.009779529	1.47293740296
3.1276300195738385	0.008334043	1.24784206339
3.129375348825833	0.07656326	0.991462640922
3.1311206780778273	0.08007869	0.801369813353
3.1328660073298216	0.00737779	0.864679054425
3.134611336581816	0.0161899	1.45205471169
3.13635666583381	0.1249545	2.54155166652
3.1381019950858047	0.1508097	3.65343151697
3.139847324337799	0.07770187	4.37509778771
3.141592653589793	0.2727947	4.86932962815