# 13C(3P)-CO2, ground-state PES; differential cross sections (mgacesa, Sep 1 2021)
# theta(rad)                 elastic CS                total CS (both in units of 1E-16 cm^2)
0.	4.750827e6	4.85170077538868e6
0.0017453292519943296	3.438636e6	3.5006183806e6
0.003490658503988659	1.295496e6	1.30750172695e6
0.005235987755982989	302540.1	306812.316401
0.006981317007977318	111291.1	118240.350616
0.008726646259971648	77182.57	82418.3671897
0.010471975511965978	58838.7	61567.522274
0.012217304763960306	30235.7	32323.0753791
0.013962634015954637	14240.51	18441.4350055
0.015707963267948967	12576.25	17698.8434174
0.017453292519943295	10505.67	14411.7630167
0.019198621771937624	7995.751	10428.9231883
0.020943951023931956	4401.267	6809.80874019
0.022689280275926284	2527.498	6555.74934429
0.024434609527920613	3252.09	8064.67866471
0.02617993877991494	2747.538	6558.23716909
0.027925268031909273	1759.435	4427.30718038
0.029670597283903602	1233.642	3656.77574727
0.031415926535897934	1435.14	4421.46680683
0.03316125578789226	2398.85	5766.03750931
0.03490658503988659	2322.6	5214.35573644
0.03665191429188092	1457.583	3755.26531255
0.03839724354387525	1187.289	3384.90446559
0.04014257279586957	1404.848	3766.13832033
0.04188790204786391	1900.338	4302.05623975
0.043633231299858244	1956.252	4064.32552584
0.04537856055185257	1275.949	3074.81231348
0.0471238898038469	873.1663	2705.67656126
0.048869219055841226	1015.485	2991.33862009
0.05061454830783556	1249.14	3175.21799848
0.05235987755982988	1293.553	2978.2720375
0.054105206811824215	906.3639	2366.36906079
0.05585053606381855	460.8088	1936.07056393
0.05759586531581287	432.7336	2031.05750356
0.059341194567807204	599.9747	2136.10961279
0.061086523819801536	663.8797	1961.52275246
0.06283185307179587	520.0742	1612.24143092
0.0645771823237902	235.0963	1313.67203153
0.06632251157578452	100.436	1301.18122097
0.06806784082777885	170.8824	1376.1796059
0.06981317007977318	246.585	1243.20259101
0.0715584993317675	229.418	979.491388153
0.07330382858376185	120.9352	773.353803143
0.07504915783575618	21.057	750.233874691
0.0767944870877505	23.16229	845.416449903
0.07853981633974483	64.26634	821.007058738
0.08028514559173915	74.72443	636.000154985
0.08203047484373349	50.2855	446.415469774
0.08377580409572782	10.45292	369.370299714
0.08552113334772216	3.090024	422.950191364
0.08726646259971649	22.16545	480.856248402
0.0890117918517108	23.96171	424.21963556
0.09075712110370514	13.60349	306.96117567
0.09250245035569946	3.185768	221.574058047
0.0942477796076938	1.390344	205.494088902
0.09599310885968813	16.42561	239.897953507
0.09773843811168245	21.42023	245.42834906
0.09948376736367678	8.341958	199.413254553
0.10122909661567112	0.5596789	155.092253661
0.10297442586766545	1.166577	134.921953439
0.10471975511965977	9.551903	135.028540951
0.10646508437165408	20.37556	138.911793733
0.10821041362364843	14.66581	118.512741148
0.10995574287564278	2.049283	91.3015752328
0.1117010721276371	0.6736696	86.5215597154
0.11344640137963143	5.317477	92.5035805109
0.11519173063162574	12.49912	95.1107241493
0.11693705988362009	16.66427	87.1433119847
0.11868238913561441	8.560613	65.094795059
0.12042771838760875	0.5003799	51.2292392143
0.12217304763960307	2.573823	57.6058098722
0.12391837689159739	7.083279	66.6305193934
0.12566370614359174	11.11187	67.9605660636
0.12740903539558604	12.13408	60.5782408112
0.1291543646475804	5.84441	46.0135971361
0.13089969389957473	1.203343	38.8443665832
0.13264502315156904	3.578574	43.8113072575
0.1343903524035634	6.423393	48.4722388883
0.1361356816555577	7.998318	48.3734551766
0.13788101090755206	8.229191	45.2143619456
0.13962634015954636	4.565443	38.7410010552
0.1413716694115407	1.99696	35.2659035648
0.143116998663535	3.721761	36.9568590578
0.14486232791552936	5.191884	37.2541017368
0.1466076571675237	5.640872	35.9212798588
0.148352986419518	6.182905	35.7264671596
0.15009831567151236	4.460287	34.2916886157
0.15184364492350666	2.728923	33.0223575374
0.153588974175501	3.60442	33.434922085
0.15533430342749535	4.185964	32.1591515764
0.15707963267948966	4.062145	30.3195787442
0.158824961931484	4.838557	30.8975021425
0.1605702911834783	4.265256	30.937447668
0.16231562043547265	2.95606	30.0206315567
0.16406094968746698	3.280046	29.8119830225
0.16580627893946132	3.416472	28.3660832397
0.16755160819145565	2.785648	26.5061320866
0.16929693744344995	3.086509	26.9037241707
0.1710422666954443	2.806896	27.2058153189
0.17278759594743864	1.880315	26.7011277551
0.17453292519943298	2.094512	26.8826746747
0.17627825445142728	2.277101	26.2726828559
0.1780235837034216	1.771515	25.0917946178
0.17976891295541597	1.883545	25.3055187078
0.18151424220741028	1.633637	25.1569058465
0.1832595714594046	0.9096128	24.3533539998
0.1850049007113989	1.014968	24.4362384306
0.18675022996339327	1.193614	24.2397749552
0.1884955592153876	0.9748984	23.593863284
0.1902408884673819	1.211033	23.7933212742
0.19198621771937627	1.055056	23.3580059336
0.19373154697137057	0.502366	22.2768462407
0.1954768762233649	0.5516574	22.0754111332
0.19722220547535924	0.652258	21.8794485189
0.19896753472735357	0.6069012	21.4743863931
0.20071286397934793	1.008753	21.7957752716
0.20245819323134223	0.9510318	21.4932657
0.20420352248333656	0.5154256	20.6163255611
0.2059488517353309	0.5724407	20.5201998968
0.20769418098732523	0.6215055	20.4398435039
0.20943951023931953	0.6650584	20.2231235287
0.2111848394913139	1.242289	20.6927032032
0.21293016874330817	1.31523	20.5330301397
0.21467549799530256	0.9399799	19.7579328867
0.21642082724729686	1.019675	19.6855456016
0.2181661564992912	1.024958	19.5640810139
0.21991148575128555	0.9458466	19.1175875896
0.22165681500327983	1.46148	19.2391203451
0.2234021442552742	1.618492	18.8773564622
0.22514747350726852	1.376173	18.0079659594
0.22689280275926285	1.645673	17.9398201236
0.22863813201125716	1.812222	17.9915069219
0.2303834612632515	1.626859	17.674246877
0.23212879051524585	1.881105	17.8457478956
0.23387411976724018	1.866783	17.6541362709
0.23561944901923448	1.51	16.9367844312
0.23736477827122882	1.843762	16.9583033103
0.23911010752322315	2.291405	17.1779903666
0.2408554367752175	2.203288	16.9280032226
0.24260076602721184	2.304633	17.056710086
0.24434609527920614	2.154382	16.9805232065
0.24609142453120048	1.556118	16.3704252632
0.24783675378319478	1.591951	16.3672128322
0.24958208303518917	1.979964	16.5929824018
0.25132741228718347	1.853341	16.1826394233
0.2530727415391778	1.817432	15.9345703274
0.2548180707911721	1.760879	15.691544475
0.2565634000431664	1.282331	15.0608144398
0.2583087292951608	1.127499	14.9278467414
0.26005405854715513	1.307108	15.1484933606
0.26179938779914946	1.084488	14.8825178993
0.26354471705114374	0.9399883	14.7371336181
0.26529004630313807	0.9968764	14.7327766043
0.26703537555513246	0.8039977	14.4248619333
0.2687807048071268	0.7075359	14.3969235088
0.27052603405912107	0.8060553	14.6239684891
0.2722713633111154	0.56061	14.3896657173
0.27401669256310973	0.3337297	14.1783357815
0.2757620218151041	0.3602926	14.1305439992
0.2775073510670984	0.3088567	13.8650569096
0.2792526803190927	0.3139319	13.8026829183
0.28099800957108706	0.4514251	13.9798130019
0.2827433388230814	0.3102878	13.7559423565
0.2844886680750758	0.122778	13.4857934639
0.28623399732707	0.09976418	13.3527644712
0.2879793265790644	0.05663145	13.0264818733
0.2897246558310587	0.08871117	12.8153036774
0.29146998508305305	0.2466817	12.8326700516
0.2932153143350474	0.235094	12.5980403912
0.29496064358704166	0.2056609	12.41833019
0.296705972839036	0.2109769	12.4445705562
0.2984513020910304	0.1331512	12.3572921011
0.3001966313430247	0.1921005	12.3981772753
0.30194196059501904	0.416267	12.6260136514
0.3036872898470133	0.480779	12.5132899916
0.30543261909900765	0.5594926	12.3295398386
0.307177948351002	0.6491517	12.2810208989
0.3089232776029963	0.5522023	12.0687909762
0.3106686068549907	0.5712375	11.9605788688
0.312413936106985	0.7864122	12.1093569826
0.3141592653589793	0.7653743	11.9563593901
0.31590459461097364	0.7485253	11.7324778593
0.317649923862968	0.9165628	11.7624678008
0.3193952531149623	0.9434339	11.6723657134
0.3211405823669566	0.9778276	11.5477235844
0.32288591161895097	1.182976	11.6213965562
0.3246312408709453	1.07483	11.3836516174
0.32637657012293964	0.8515473	10.9984737033
0.32812189937493397	0.9512643	10.9479629201
0.32986722862692824	1.056411	10.9183710761
0.33161255787892263	1.067017	10.8325240908
0.33335788713091696	1.236651	10.9996227431
0.3351032163829113	1.174042	11.0023130978
0.3368485456349056	0.8849393	10.8248134695
0.3385938748868999	0.8690235	10.9343144884
0.3403392041388943	0.9299574	11.0470161126
0.3420845333908886	0.7853169	10.879241062
0.3438298626428829	0.7613287	10.7825542411
0.3455751918948773	0.7434212	10.588945046
0.34732052114687156	0.5764629	10.2190093072
0.34906585039886595	0.5700861	10.1070038193
0.3508111796508603	0.6473113	10.1351056152
0.35255650890285456	0.4866374	9.96548583977
0.3543018381548489	0.3480686	9.8895763768
0.3560471674068432	0.3113045	9.87140765759
0.35779249665883756	0.2211782	9.7276710369
0.35953782591083194	0.2169061	9.7029262687
0.3612831551628262	0.308108	9.75431315868
0.36302848441482055	0.254476	9.58776282396
0.3647738136668149	0.1964747	9.44528769964
0.3665191429188092	0.2007694	9.38082868041
0.3682644721708036	0.1522145	9.24985726185
0.3700098014227978	0.1458603	9.2528175408
0.3717551306747922	0.2185894	9.39110109181
0.37350045992678654	0.1821041	9.35669089673
0.3752457891787809	0.1408155	9.31130291851
0.3769911184307752	0.1590204	9.32657158416
0.3787364476827695	0.1333878	9.22401978509
0.3804817769347638	0.1257398	9.12986417666
0.38222710618675815	0.1827818	9.10937297491
0.38397243543875254	0.1445957	8.91346761753
0.38571776469074687	0.09878459	8.70421206724
0.38746309394274114	0.1163158	8.63718716493
0.3892084231947355	0.1030568	8.55839032454
0.3909537524467298	0.101365	8.52427578916
0.39269908169872414	0.1634101	8.61416171483
0.39444441095071847	0.1443412	8.58415252347
0.3961897402027128	0.1234193	8.51816359308
0.39793506945470714	0.1697465	8.55767610609
0.3996803987067014	0.1836744	8.54502989392
0.40142572795869585	0.2160892	8.50883810275
0.4031710572106902	0.3232157	8.5688474639
0.40491638646268446	0.3079148	8.49871040562
0.4066617157146788	0.2480287	8.37155873505
0.4084070449666731	0.2966014	8.40552682969
0.41015237421866746	0.3310346	8.43657076698
0.4118977034706618	0.3429486	8.39200915552
0.41364303272265607	0.4518112	8.42594791443
0.41538836197465046	0.4671989	8.34688824619
0.41713369122664473	0.4037131	8.15092341412
0.41887902047863906	0.4766467	8.09562736445
0.4206243497306334	0.5571745	8.06174548242
0.4223696789826278	0.5045017	7.89045344551
0.4241150082346221	0.5009328	7.79578152707
0.42586033748661634	0.4861891	7.72432664166
0.4276056667386108	0.4047386	7.60422421664
0.4293509959906051	0.4592676	7.64749946508
0.4310963252425994	0.5893017	7.78597999938
0.4328416544945937	0.5605031	7.77390543257
0.43458698374658805	0.5235382	7.77383991036
0.4363323129985824	0.5328356	7.81298567615
0.4380776422505767	0.4660512	7.75613389542
0.4398229715025711	0.4284653	7.74043764671
0.44156830075456543	0.4684911	7.79375938764
0.44331363000655966	0.3905517	7.69157424444
0.445058959258554	0.2936048	7.5740097865
0.4468042885105484	0.3107399	7.57439180505
0.4485496177625427	0.3109355	7.54402537148
0.45029494701453704	0.2623731	7.49717707925
0.45204027626653137	0.2569943	7.50882516573
0.4537856055185257	0.1958248	7.40360938378
0.45553093477052004	0.1076189	7.24307599398
0.4572762640225143	0.1037546	7.17888774501
0.45902159327450864	0.1153701	7.11006422132
0.460766922526503	0.08461444	7.0086543213
0.4625122517784973	0.08731361	6.98757902286
0.4642575810304917	0.07054029	6.94188845298
0.466002910282486	0.03433448	6.8809483517
0.46774823953448036	0.04692757	6.9195074085
0.46949356878647464	0.07207884	6.96547803053
0.47123889803846897	0.07813245	6.95025597329
0.47298422729046335	0.1228778	6.97419666479
0.47472955654245763	0.1309995	6.95127956062
0.47647488579445196	0.09832762	6.87446296025
0.4782202150464463	0.1179229	6.88767721069
0.4799655442984406	0.1472635	6.92505757437
0.481710873550435	0.1202426	6.86739735982
0.48345620280242924	0.1292137	6.82998429295
0.4852015320544237	0.1444986	6.78385646545
0.48694686130641796	0.1280859	6.66937845066
0.4886921905584123	0.1618528	6.60283251724
0.4904375198104066	0.2149658	6.5676164518
0.49218284906240095	0.1719275	6.42674898304
0.4939281783143953	0.1252708	6.30055359963
0.49567350756638956	0.116919	6.24273637089
0.4974188368183839	0.09322187	6.17097149724
0.49916416607037833	0.1017278	6.14178473541
0.5009094953223726	0.1592306	6.17693271961
0.5026548245743669	0.1546924	6.13582968087
0.5044001538263613	0.136838	6.0877894148
0.5061454830783556	0.1567982	6.10901146495
0.5078908123303499	0.1507991	6.10959041369
0.5096361415823442	0.1374374	6.10462330176
0.5113814708343386	0.1695042	6.15521694929
0.5131268000863328	0.158653	6.14037922201
0.5148721293383272	0.1380928	6.09948772094
0.5166174585903216	0.1839757	6.14313539134
0.5183627878423159	0.2215661	6.17665673304
0.5201081170943103	0.2124883	6.1436936444
0.5218534463463045	0.2273468	6.13374100731
0.5235987755982989	0.2064628	6.07265887807
0.5253441048502933	0.1577511	5.95681230862
0.5270894341022875	0.1844805	5.91258204143
0.5288347633542818	0.2367896	5.88816639755
0.5305800926062761	0.2253118	5.78776938035
0.5323254218582705	0.2290002	5.72091589698
0.5340707511102649	0.2343308	5.68083349343
0.5358160803622593	0.1978338	5.61305923294
0.5375614096142536	0.1946443	5.60016580148
0.5393067388662478	0.2229573	5.62534172029
0.5410520681182421	0.1846891	5.56452033708
0.5427973973702365	0.154923	5.50550169637
0.5445427266222308	0.1783404	5.49779625351
0.5462880558742251	0.1834368	5.46712747417
0.5480333851262195	0.1812445	5.45211416206
0.5497787143782138	0.2029219	5.4873066523
0.5515240436302082	0.1653449	5.46026084122
0.5532693728822025	0.1090733	5.42271435191
0.5550147021341968	0.1109437	5.45917818726
0.5567600313861911	0.1163952	5.48460742396
0.5585053606381855	0.09429305	5.46650652819
0.5602506898901798	0.1006838	5.47124767681
0.5619960191421741	0.09206793	5.4319142828
0.5637413483941685	0.0644593	5.35698189382
0.5654866776461628	0.07395379	5.33659913165
0.5672320068981571	0.08985764	5.32221600825
0.5689773361501516	0.06774106	5.25541783768
0.5707226654021459	0.06380488	5.21573311993
0.57246799465414	0.06341104	5.18043207942
0.5742133239061344	0.04889204	5.12320945427
0.5759586531581288	0.06443429	5.11088306767
0.5777039824101231	0.09510275	5.1179699606
0.5794493116621174	0.08530729	5.06399020732
0.5811946409141118	0.08486514	5.01998934443
0.5829399701661061	0.09699999	4.99849170198
0.5846852994181004	0.09068007	4.95491685672
0.5864306286700948	0.101781	4.9396526208
0.5881759579220891	0.1327353	4.96046313664
0.5899212871740833	0.1134067	4.92588608686
0.5916666164260777	0.09057253	4.89459250459
0.593411945678072	0.1055359	4.92111220711
0.5951572749300664	0.1111195	4.93690251777
0.5969026041820608	0.1066828	4.93633789513
0.598647933434055	0.1252227	4.959871043
0.6003932626860494	0.1111953	4.93518149462
0.6021385919380438	0.0828534	4.88446186264
0.6038839211900381	0.09655435	4.88361198555
0.6056292504420324	0.1118051	4.8823816643
0.6073745796940266	0.09336858	4.84206010099
0.609119908946021	0.09283058	4.83252833365
0.6108652381980153	0.08868138	4.82601876232
0.6126105674500096	0.06884117	4.80660976251
0.614355896702004	0.07818974	4.83263079019
0.6161012259539983	0.09822658	4.86855709032
0.6178465552059926	0.07864767	4.83920927892
0.6195918844579871	0.06908176	4.80431169637
0.6213372137099814	0.07604045	4.77068813911
0.6230825429619757	0.07034258	4.70251245901
0.62482787221397	0.07848183	4.64910244807
0.6265732014659643	0.1022179	4.62343207075
0.6283185307179586	0.0843323	4.55718306683
0.630063859969953	0.06325818	4.50756823323
0.6318091892219473	0.07129106	4.52041313546
0.6335545184739416	0.07197437	4.5337755653
0.635299847725936	0.06888642	4.53717025917
0.6370451769779303	0.08916614	4.5583923031
0.6387905062299246	0.08501179	4.53223726858
0.6405358354819191	0.07201078	4.47726878751
0.6422811647339132	0.09347655	4.4600188111
0.6440264939859075	0.1111511	4.44189515264
0.6457718232379019	0.09760687	4.39538917696
0.6475171524898963	0.0991881	4.38702375519
0.6492624817418906	0.09570717	4.39626185078
0.6510078109938849	0.08101439	4.40698248655
0.6527531402458793	0.1014606	4.46694258954
0.6544984694978736	0.1346102	4.54006057327
0.6562437987498679	0.1238138	4.55001119576
0.6579891280018623	0.1162236	4.54738547049
0.6597344572538565	0.1251993	4.54439131478
0.6614797865058508	0.1170314	4.5018221964
0.6632251157578453	0.1138743	4.45547901534
0.6649704450098396	0.1290875	4.42639037236
0.6667157742618339	0.110006	4.35756421101
0.6684611035138281	0.08778866	4.29731561727
0.6702064327658226	0.1027997	4.2983962296
0.6719517620178169	0.1119177	4.30560325606
0.6736970912698113	0.09505602	4.29490897863
0.6754424205218056	0.09089044	4.30195673558
0.6771877497737998	0.07717109	4.28255247542
0.6789330790257941	0.05504069	4.23615633817
0.6806784082777886	0.06191524	4.21380635739
0.6824237375297829	0.07706558	4.18768340556
0.6841690667817772	0.06447044	4.12265503123
0.6859143960337715	0.06031489	4.07839722371
0.6876597252857658	0.06245116	4.05662707439
0.6894050545377601	0.05225788	4.03680813
0.6911503837897546	0.05197055	4.05126684472
0.6928957130417489	0.06245175	4.08668246688
0.6946410422937431	0.04875724	4.08208979193
0.6963863715457375	0.04111978	4.07301096397
0.6981317007977319	0.05398813	4.07734922841
0.6998770300497262	0.0599171	4.05644058566
0.7016223593017206	0.06198449	4.02363613678
0.7033676885537148	0.07316975	4.00506197371
0.7051130178057091	0.05996651	3.96053915829
0.7068583470577035	0.0415404	3.92048303072
0.7086036763096978	0.04886251	3.93129809978
0.7103490055616921	0.05651561	3.9504922511
0.7120943348136864	0.04878309	3.94753240844
0.7138396640656808	0.05422127	3.9575939025
0.7155849933176751	0.05366446	3.95378488389
0.7173303225696696	0.0437346	3.92590062836
0.7190756518216639	0.05285916	3.91458608175
0.7208209810736581	0.06608429	3.9054384022
0.7225663103256524	0.05407962	3.8636918751
0.7243116395776468	0.05181707	3.84160428152
0.7260569688296411	0.06126746	3.85103703995
0.7278022980816354	0.06239079	3.86275850997
0.7295476273336298	0.07282272	3.89249366853
0.7312929565856241	0.09191951	3.93526580318
0.7330382858376184	0.07883481	3.93234995283
0.7347836150896128	0.06361786	3.90957880787
0.7365289443416072	0.07538807	3.89855448046
0.7382742735936013	0.08358177	3.86253972162
0.7400196028455956	0.08121656	3.80025318427
0.7417649320975901	0.09413971	3.75466338367
0.7435102613495844	0.09364234	3.70308548698
0.7452555906015788	0.08167597	3.65640985498
0.7470009198535731	0.09192669	3.65836321151
0.7487462491055674	0.1000295	3.6732548362
0.7504915783575618	0.07266533	3.65160147214
0.7522369076095561	0.05275934	3.63300796961
0.7539822368615504	0.05042882	3.61787631506
0.7557275661135446	0.04398726	3.57841225512
0.757472895365539	0.04653157	3.53971305253
0.7592182246175333	0.06133953	3.51261862483
0.7609635538695276	0.05324348	3.46412203555
0.7627088831215221	0.04239208	3.43187432564
0.7644542123735163	0.04912118	3.44487114738
0.7661995416255106	0.04890977	3.46710481573
0.7679448708775051	0.03805364	3.48857001602
0.7696902001294994	0.04074517	3.52758064073
0.7714355293814937	0.03811998	3.54862540961
0.773180858633488	0.03453512	3.55579002883
0.7749261878854823	0.05298766	3.58176681901
0.7766715171374766	0.0720062	3.59926404558
0.778416846389471	0.06634067	3.58106831595
0.7801621756414654	0.06450809	3.56714957462
0.7819075048934596	0.06551456	3.55390752674
0.783652834145454	0.05769448	3.52463077471
0.7853981633974483	0.05982334	3.50515375424
0.7871434926494427	0.07074334	3.49052871138
0.7888888219014369	0.05895498	3.44137439902
0.7906341511534312	0.04798436	3.39537797864
0.7923794804054256	0.05600329	3.38044512726
0.7941248096574199	0.05675348	3.36276246014
0.7958701389094143	0.04340851	3.3358834011
0.7976154681614087	0.03850291	3.32207248852
0.7993607974134028	0.02954585	3.29408413455
0.8011061266653973	0.01977592	3.25512331738
0.8028514559173917	0.02617007	3.23239010999
0.8045967851693859	0.03472231	3.20647236061
0.8063421144213804	0.02784716	3.16061690707
0.8080874436733746	0.02539995	3.13369450091
0.8098327729253689	0.02398818	3.12689861565
0.8115781021773633	0.0175276	3.12963357898
0.8133234314293576	0.02048404	3.15908632337
0.815068760681352	0.03176771	3.20220434012
0.8168140899333463	0.03223877	3.21832111162
0.8185594191853405	0.03949091	3.22675500404
0.8203047484373349	0.05639707	3.23580270876
0.8220500776893291	0.06509095	3.21970433308
0.8237954069413236	0.06955142	3.18778937722
0.8255407361933178	0.07644031	3.16322825307
0.8272860654453121	0.06352036	3.12636317085
0.8290313946973066	0.04921999	3.09918550587
0.8307767239493009	0.05956313	3.11489388811
0.8325220532012952	0.07257657	3.14109806976
0.8342673824532895	0.07011667	3.14603965486
0.8360127117052839	0.076616	3.1568595047
0.8377580409572781	0.08350546	3.16368706089
0.8395033702092726	0.07851281	3.14758248052
0.8412486994612668	0.07870174	3.13027650069
0.8429940287132611	0.08058376	3.11445776926
0.8447393579652556	0.06002945	3.07671550948
0.8464846872172498	0.04506251	3.05327745352
0.8482300164692442	0.05333153	3.06770694708
0.8499753457212387	0.0598254	3.09088652388
0.8517206749732327	0.05785005	3.1143687597
0.8534660042252271	0.06273614	3.15062561896
0.8552113334772216	0.05712787	3.17028964322
0.8569566627292158	0.04461981	3.17249220119
0.8587019919812102	0.0461985	3.17899464054
0.8604473212332044	0.04940652	3.16946411436
0.8621926504851988	0.03782004	3.12588778456
0.8639379797371932	0.0362837	3.08566384573
0.8656833089891874	0.04507083	3.0552213007
0.8674286382411819	0.04796764	3.02274375035
0.8691739674931761	0.05058946	3.00427306603
0.8709192967451703	0.05374514	2.99705962047
0.8726646259971648	0.03870741	2.96808778203
0.8744099552491592	0.02337723	2.93592176484
0.8761552845011534	0.02335874	2.91614592404
0.8779006137531478	0.02365242	2.88044809926
0.8796459430051422	0.01945066	2.82358050406
0.8813912722571364	0.0245109	2.77422998164
0.8831366015091309	0.02582781	2.72659795781
0.8848819307611251	0.02217678	2.68857462388
0.8866272600131193	0.02524224	2.68531269436
0.8883725892651138	0.02594308	2.70325093778
0.890117918517108	0.01396798	2.71829121258
0.8918632477691024	0.009829416	2.74904311256
0.8936085770210968	0.01344159	2.78857044439
0.895353906273091	0.0166666	2.81325542315
0.8970992355250854	0.02806266	2.82997128311
0.8988445647770799	0.04291474	2.84199721084
0.9005898940290741	0.03897594	2.83076954224
0.9023352232810685	0.03366193	2.8244720157
0.9040805525330627	0.04090051	2.84910361139
0.905825881785057	0.04382999	2.88370546564
0.9075712110370514	0.04124353	2.91804697753
0.9093165402890457	0.05011313	2.96632297489
0.9110618695410401	0.05527707	3.00330607472
0.9128071987930344	0.05701514	3.01626367293
0.9145525280450286	0.07261432	3.0200683009
0.9162978572970231	0.08362776	2.9980546264
0.9180431865490173	0.06678135	2.92983690044
0.9197885158010117	0.05258886	2.85898064864
0.921533845053006	0.05374043	2.81157351856
0.9232791743050003	0.05151986	2.77316374914
0.9250245035569946	0.05093535	2.7513914643
0.9267698328089891	0.06227735	2.75833116579
0.9285151620609834	0.06313102	2.76495987456
0.9302604913129776	0.06003384	2.76892817973
0.932005820564972	0.07054642	2.78065962382
0.9337511498169663	0.07256989	2.77152861823
0.9354964790689607	0.05056218	2.72438877586
0.9372418083209549	0.03558146	2.67492099504
0.9389871375729493	0.03281986	2.63387490047
0.9407324668249436	0.02991563	2.5988054829
0.9424777960769379	0.0369482	2.59082215879
0.9442231253289324	0.05294921	2.61080023238
0.9459684545809267	0.05305351	2.63035589732
0.9477137838329208	0.05064083	2.66058601519
0.9494591130849153	0.06012905	2.70609474844
0.9512044423369097	0.05963254	2.73161959874
0.9529497715889039	0.04167839	2.72419717836
0.9546951008408984	0.03171272	2.70558252246
0.9564404300928926	0.02766626	2.67078922848
0.9581857593448869	0.02396742	2.62663132117
0.9599310885968813	0.03139195	2.59999130693
0.9616764178488756	0.04220892	2.58506964355
0.96342174710087	0.03653401	2.56298579287
0.9651670763528643	0.03043215	2.55699309244
0.9669124056048585	0.03280349	2.57055282783
0.9686577348568529	0.02821885	2.57521663774
0.9704030641088474	0.01616146	2.56570066732
0.9721483933608416	0.01160068	2.55166529756
0.9738937226128359	0.008084384	2.52057572083
0.9756390518648302	0.006011585	2.48345191999
0.9773843811168246	0.01154611	2.46088487704
0.979129710368819	0.01602942	2.44529411949
0.9808750396208132	0.0114237	2.43132146616
0.9826203688728075	0.009409165	2.43951518876
0.9843656981248019	0.008418676	2.46420974139
0.9861110273767961	0.006594276	2.49253563001
0.9878563566287906	0.01254177	2.52809561927
0.9896016858807848	0.02342841	2.56013475553
0.9913470151327791	0.02583239	2.56668932046
0.9930923443847736	0.0308429	2.56485521575
0.9948376736367678	0.04225593	2.56705811313
0.9965830028887622	0.04642574	2.55977806414
0.9983283321407567	0.04350666	2.54739786214
1.0000736613927508	0.04404588	2.54883104673
1.0018189906447452	0.03914051	2.55355526339
1.0035643198967397	0.03567636	2.56352293091
1.0053096491487339	0.04863341	2.59111321271
1.0070549784007283	0.06323533	2.61349035656
1.0088003076527225	0.06147431	2.60457799438
1.0105456369047168	0.06290734	2.58596690037
1.0122909661567112	0.07204805	2.56469441389
1.0140362954087054	0.07065938	2.52265402084
1.0157816246606999	0.0606594	2.46787794779
1.017526953912694	0.05453527	2.42055052773
1.0192722831646883	0.04336462	2.37449122247
1.0210176124166828	0.03401803	2.34072573915
1.0227629416686772	0.03963051	2.33498249368
1.0245082709206714	0.046081	2.33864622291
1.0262536001726656	0.03947548	2.33370139516
1.02799892942466	0.03710861	2.33619384817
1.0297442586766543	0.04046261	2.34274595331
1.0314895879286488	0.03679029	2.33868006964
1.0332349171806432	0.03044219	2.33166838349
1.0349802464326374	0.02820149	2.3274549206
1.0367255756846319	0.02086429	2.3155270576
1.038470904936626	0.01671033	2.31157758201
1.0402162341886205	0.02422023	2.3276669203
1.041961563440615	0.03037646	2.34580148154
1.043706892692609	0.0273749	2.35705618719
1.0454522219446034	0.02767207	2.37403064867
1.0471975511965979	0.02820405	2.3873246343
1.048942880448592	0.0244193	2.39153992009
1.0506882097005865	0.02385816	2.39819160101
1.0524335389525807	0.02548945	2.40106323586
1.054178868204575	0.01943034	2.38595133742
1.0559241974565694	0.01743882	2.37332327548
1.0576695267085636	0.02503906	2.37231853338
1.059414855960558	0.02905946	2.36254953509
1.0611601852125523	0.02574553	2.33951750628
1.0629055144645467	0.02493279	2.31668365115
1.064650843716541	0.02177617	2.28614736816
1.0663961729685354	0.01627174	2.24908407818
1.0681415022205298	0.01581944	2.21947496072
1.069886831472524	0.0163894	2.19224675724
1.0716321607245185	0.01096434	2.15910707828
1.0733774899765127	0.01025773	2.13929222327
1.0751228192285072	0.01492465	2.13637992576
1.0768681484805014	0.01674856	2.13511768828
1.0786134777324956	0.01753298	2.13483176405
1.08035880698449	0.02006441	2.13903921058
1.0821041362364843	0.0162434	2.13537934312
1.0838494654884787	0.0133358	2.13047865672
1.085594794740473	0.01908383	2.13589906589
1.0873401239924672	0.02384097	2.14172182685
1.0890854532444616	0.02245722	2.14340273687
1.0908307824964558	0.02651711	2.15856283842
1.0925761117484503	0.03253346	2.18471661033
1.0943214410004447	0.03519671	2.21242580112
1.096066770252439	0.0410165	2.24633914547
1.0978120995044334	0.04677901	2.27967361081
1.0995574287564276	0.04048187	2.29395328912
1.101302758008422	0.03629032	2.30266216966
1.1030480872604165	0.04441061	2.31717251086
1.1047934165124107	0.04859779	2.31848546639
1.106538745764405	0.04249594	2.3011680636
1.1082840750163994	0.04271613	2.28773405731
1.1100294042683936	0.04677892	2.27713724628
1.111774733520388	0.04614568	2.26080786864
1.1135200627723822	0.0465435	2.24671664969
1.1152653920243765	0.04715907	2.23186372305
1.117010721276371	0.03746824	2.2013405778
1.1187560505283651	0.0292239	2.16906858379
1.1205013797803596	0.03104948	2.1450650875
1.1222467090323538	0.02961716	2.11196480176
1.1239920382843482	0.02031348	2.06556646322
1.1257373675363425	0.0172787	2.02533978286
1.127482696788337	0.01825081	1.99013390894
1.1292280260403311	0.01665415	1.95444518947
1.1309733552923256	0.01654308	1.92616071502
1.13271868454432	0.01710346	1.9039093607
1.1344640137963142	0.0111988	1.87822162832
1.1362093430483085	0.00723617	1.86072853942
1.1379546723003031	0.008941493	1.85621416888
1.1397000015522971	0.008894233	1.85287717068
1.1414453308042918	0.007528442	1.85049159004
1.143190660056286	0.01077547	1.85757357185
1.14493598930828	0.01217891	1.86641082427
1.1466813185602747	0.01368548	1.87877340492
1.1484266478122689	0.02165865	1.90309953325
1.1501719770642633	0.0272675	1.92816695584
1.1519173063162575	0.02258089	1.94283088957
1.1536626355682518	0.02117367	1.9626979233
1.1554079648202462	0.02584316	1.99016987969
1.1571532940722404	0.02685937	2.01091395786
1.1588986233242349	0.02679386	2.02698038283
1.160643952576229	0.03123867	2.04613807628
1.1623892818282235	0.0316455	2.05917851014
1.1641346110802178	0.03236706	2.07186114345
1.1658799403322122	0.04168488	2.09537686385
1.1676252695842066	0.04695699	2.11500155247
1.1693705988362009	0.03849999	2.11808930381
1.171115928088195	0.03369346	2.12315340808
1.1728612573401895	0.03686391	2.1325459078
1.1746065865921838	0.03452973	2.12730627911
1.1763519158441782	0.02802897	2.10768416971
1.1780972450961724	0.02698891	2.08527853568
1.1798425743481666	0.02501673	2.05458766392
1.181587903600161	0.02282575	2.02060136901
1.1833332328521553	0.0269182	1.9958492013
1.18507856210415	0.02882364	1.97351602869
1.186823891356144	0.02089929	1.9465095837
1.1885692206081382	0.01621805	1.93041743398
1.1903145498601329	0.01755237	1.92598586427
1.192059879112127	0.01512965	1.91752446938
1.1938052083641215	0.01078543	1.903711434
1.1955505376161157	0.01103719	1.88949012588
1.19729586686811	0.009990802	1.86720321967
1.1990411961201044	0.009748494	1.84179220116
1.2007865253720988	0.01534507	1.82343489493
1.2025318546240933	0.01878386	1.80646792241
1.2042771838760875	0.01478308	1.78836092685
1.2060225131280817	0.0140291	1.78426415144
1.2077678423800762	0.01671472	1.79407009861
1.2095131716320704	0.01678014	1.80769585924
1.2112585008840648	0.01837636	1.82637553504
1.213003830136059	0.02299248	1.84783938727
1.2147491593880533	0.02256859	1.85945241859
1.2164944886400477	0.02415504	1.86820174327
1.218239817892042	0.03428854	1.88224273658
1.2199851471440364	0.03990887	1.88797042877
1.2217304763960306	0.0345601	1.88065601988
1.2234758056480248	0.03332217	1.87998003408
1.2252211349000193	0.03728415	1.88798496889
1.2269664641520137	0.03654313	1.89359168311
1.228711793404008	0.03476282	1.90053769067
1.2304571226560024	0.03660638	1.91134217956
1.2322024519079966	0.0344461	1.91480724732
1.233947781159991	0.03327326	1.91659829265
1.2356931104119853	0.04011942	1.92458106626
1.23743843966398	0.04293129	1.92406753132
1.2391837689159741	0.03419061	1.90772566682
1.2409290981679681	0.02949892	1.89505628352
1.2426744274199628	0.03188047	1.88953221916
1.244419756671957	0.02876326	1.87771044484
1.2461650859239515	0.02104345	1.86199929054
1.2479104151759457	0.01805667	1.85098049574
1.24965574442794	0.01574109	1.83823317518
1.2514010736799344	0.01295261	1.82514439018
1.2531464029319286	0.01374193	1.8179676362
1.254891732183923	0.01378488	1.80928106953
1.2566370614359172	0.008464327	1.79417708076
1.2583823906879115	0.005566212	1.78521981854
1.260127719939906	0.006249176	1.78400546319
1.2618730491919004	0.00452274	1.78186018147
1.2636183784438946	0.001515173	1.78055407927
1.265363707695889	0.001370614	1.78394943984
1.2671090369478832	0.0008894162	1.78574041553
1.2688543661998777	0.001318444	1.78810016116
1.270599695451872	0.00475361	1.79480542837
1.2723450247038663	0.007321796	1.79833849131
1.2740903539558606	0.007285178	1.79558109165
1.2758356832078548	0.009171343	1.7962193401
1.2775810124598492	0.01085144	1.79957788731
1.2793263417118435	0.01166301	1.80161298812
1.2810716709638381	0.01592117	1.80727265843
1.2828170002158321	0.02054933	1.81596266891
1.2845623294678263	0.01943605	1.81999660702
1.286307658719821	0.02194018	1.82791531552
1.288052987971815	0.03265808	1.84522220553
1.2897983172238097	0.03928001	1.85698493773
1.2915436464758039	0.03814015	1.85680975594
1.293288975727798	0.04123881	1.85858519065
1.2950343049797925	0.0470702	1.86085619825
1.296779634231787	0.04818054	1.85250677155
1.2985249634837812	0.04891591	1.83795024665
1.3002702927357757	0.05069107	1.82242453244
1.3020156219877699	0.04647481	1.80044765468
1.3037609512397643	0.04434567	1.78134164616
1.3055062804917585	0.05180656	1.7757724959
1.307251609743753	0.0554441	1.77191728818
1.3089969389957472	0.0486095	1.76260645369
1.3107422682477414	0.04813226	1.7642407391
1.3124875974997359	0.05611116	1.77647767071
1.31423292675173	0.05688868	1.77928413016
1.3159782560037245	0.05065347	1.76999786198
1.3177235852557188	0.04821132	1.75809945178
1.319468914507713	0.04545632	1.73887968701
1.3212142437597074	0.04007899	1.71266455012
1.3229595730117016	0.03805592	1.68991706451
1.324704902263696	0.03587709	1.67036114386
1.3264502315156905	0.02777248	1.65166270585
1.3281955607676847	0.02396897	1.64764184409
1.3299408900196792	0.02809606	1.66148772497
1.3316862192716734	0.0280399	1.67796487618
1.3334315485236679	0.02140248	1.69163296833
1.335176877775662	0.01904864	1.70807186253
1.3369222070276563	0.0196884	1.72022849592
1.338667536279651	0.01662673	1.72114005875
1.3404128655316452	0.01236423	1.71453229087
1.3421581947836396	0.009880635	1.70143483847
1.3439035240356338	0.006229133	1.68090156563
1.345648853287628	0.003822643	1.66350375964
1.3473941825396225	0.004657252	1.65517203481
1.3491395117916167	0.004677446	1.6508188272
1.3508848410436112	0.002536424	1.65072190166
1.3526301702956054	0.002431777	1.65997142164
1.3543754995475996	0.003091955	1.67300522753
1.356120828799594	0.002503482	1.68500031442
1.3578661580515883	0.002350199	1.6962295404
1.3596114873035827	0.002648165	1.70050988513
1.3613568165555772	0.001375747	1.69179624324
1.3631021458075714	0.001687435	1.67809936966
1.3648474750595658	0.004375462	1.66329101345
1.36659280431156	0.005986783	1.64142964656
1.3683381335635545	0.006409514	1.61589385455
1.3700834628155487	0.008060326	1.5977945225
1.371828792067543	0.008551068	1.58690641125
1.3735741213195374	0.008556275	1.58243561458
1.3753194505715316	0.01104393	1.58841301888
1.3770647798235263	0.01260912	1.59936463209
1.3788101090755203	0.01004453	1.60654812491
1.3805554383275145	0.01061458	1.61579510982
1.3823007675795091	0.01632374	1.6279857859
1.3840460968315031	0.01898117	1.62957682798
1.3857914260834978	0.01744567	1.61873920609
1.387536755335492	0.01887843	1.60935997838
1.3892820845874863	0.02136895	1.60297311595
1.3910274138394807	0.02101922	1.59519522996
1.392772743091475	0.02094125	1.59231766186
1.3945180723434694	0.02117873	1.59782056782
1.3962634015954638	0.0178304	1.60602356349
1.398008730847458	0.01670674	1.62034686903
1.3997540600994525	0.02153981	1.64300283518
1.4014993893514467	0.02355695	1.66118152192
1.4032447186034411	0.01972476	1.66880353661
1.4049900478554354	0.02014514	1.67740843642
1.4067353771074296	0.0247965	1.68778744128
1.408480706359424	0.02461976	1.68982025623
1.4102260356114182	0.02093472	1.68661614604
1.4119713648634127	0.01965554	1.68721351677
1.413716694115407	0.01782632	1.68868971148
1.4154620233674011	0.0153485	1.69002560216
1.4172073526193956	0.01607146	1.69474638815
1.4189526818713898	0.01625083	1.6973282555
1.4206980111233842	0.01237189	1.69237205887
1.4224433403753785	0.01176846	1.68746292395
1.424188669627373	0.01575989	1.68406445243
1.4259339988793673	0.01585489	1.67339639664
1.4276793281313616	0.01185259	1.65678804243
1.429424657383356	0.01087607	1.6433009339
1.4311699866353502	0.01105958	1.63155074384
1.4329153158873444	0.009477067	1.61944891285
1.434660645139339	0.009273671	1.6106838386
1.436405974391333	0.009800279	1.60286146805
1.4381513036433278	0.007703508	1.59120289025
1.439896632895322	0.007763272	1.58115141642
1.4416419621473162	0.01177908	1.57396745679
1.4433872913993107	0.01269403	1.56103723885
1.4451326206513049	0.009618201	1.54218511585
1.4468779499032993	0.009394446	1.52564773543
1.4486232791552935	0.01074424	1.51020065916
1.4503686084072878	0.01006171	1.49361327954
1.4521139376592822	0.01040194	1.48083418264
1.4538592669112764	0.01201735	1.47126025411
1.4556045961632709	0.01120688	1.46082535384
1.457349925415265	0.01253142	1.45699165997
1.4590952546672595	0.01871176	1.46303122867
1.460840583919254	0.02130388	1.46714682809
1.4625859131712482	0.01785113	1.46598796255
1.4643312424232426	0.01781619	1.47046434034
1.4660765716752369	0.02117113	1.47866599679
1.467821900927231	0.01993011	1.47974810224
1.4695672301792255	0.01629988	1.47610160808
1.4713125594312197	0.01586982	1.47347089084
1.4730578886832144	0.01559821	1.46834511253
1.4748032179352084	0.0155435	1.46354185914
1.4765485471872026	0.01925032	1.46549435671
1.4782938764391973	0.02173114	1.46820292804
1.4800392056911913	0.01905896	1.46792577493
1.481784534943186	0.01930209	1.47627732665
1.4835298641951802	0.02401501	1.49428446856
1.4852751934471744	0.02315081	1.5067392002
1.4870205226991688	0.01657557	1.51161061656
1.488765851951163	0.01408326	1.51960452985
1.4905111812031575	0.01461761	1.52759794769
1.4922565104551517	0.01224161	1.52740516962
1.4940018397071462	0.009684268	1.52311922728
1.4957471689591406	0.009513655	1.51886068395
1.4974924982111348	0.008573636	1.51215467525
1.4992378274631293	0.00815854	1.50710165653
1.5009831567151235	0.01015368	1.50790764438
1.5027284859671177	0.009910125	1.50882163183
1.5044738152191122	0.006098426	1.50820222482
1.5062191444711064	0.0045281	1.51384343615
1.5079644737231008	0.005170679	1.52469967021
1.509709802975095	0.003555552	1.53248450169
1.5114551322270893	0.001259163	1.53761552873
1.5132004614790837	0.001145359	1.54358820734
1.514945790731078	0.001158934	1.54715399788
1.5166911199830724	0.001327864	1.54754778318
1.5184364492350666	0.003108973	1.54771786644
1.520181778487061	0.003769239	1.54629238776
1.5219271077390553	0.002156095	1.54318525658
1.5236724369910497	0.002035874	1.54443005097
1.5254177662430441	0.003269291	1.55112530094
1.5271630954950384	0.003069689	1.55943468463
1.5289084247470326	0.003162405	1.57034146063
1.5306537539990273	0.004749608	1.5847508156
1.5323990832510213	0.005467078	1.59828633767
1.534144412503016	0.007355277	1.61079546313
1.5358897417550101	0.01252791	1.62387771131
1.5376350710070041	0.01523909	1.63145198919
1.5393804002589988	0.01321472	1.63117110198
1.541125729510993	0.01405644	1.63249633781
1.5428710587629875	0.01849923	1.63781719453
1.5446163880149817	0.0184139	1.63865064561
1.546361717266976	0.01487145	1.63646754898
1.5481070465189704	0.01536525	1.64038451599
1.5498523757709646	0.01800733	1.64789890011
1.551597705022959	0.01889071	1.65299199351
1.5533430342749532	0.02089364	1.6581652963
1.5550883635269477	0.0235422	1.66294151878
1.556833692778942	0.02318929	1.66258225866
1.5585790220309363	0.02410483	1.66146803544
1.5603243512829308	0.02879058	1.66293650878
1.562069680534925	0.02907899	1.65794721146
1.5638150097869192	0.02354464	1.64492126769
1.5655603390389137	0.02265323	1.63666732747
1.567305668290908	0.02680634	1.63422689084
1.5690509975429023	0.02604405	1.62572237029
1.5707963267948966	0.02176291	1.61287927791
1.5725416560468908	0.02215746	1.60596678239
1.5742869852988854	0.02458098	1.60172819952
1.5760323145508797	0.02385458	1.59338863726
1.5777776438028739	0.02273574	1.58415826781
1.579522973054868	0.02202917	1.57506347648
1.5812683023068623	0.01898402	1.56269939203
1.583013631558857	0.0168194	1.55134555287
1.5847589608108512	0.01797768	1.54470294005
1.5865042900628454	0.01675888	1.53645494251
1.5882496193148399	0.01228201	1.5262295065
1.589994948566834	0.01202389	1.52367411416
1.5917402778188285	0.0156835	1.5281849197
1.593485607070823	0.01561903	1.52987783493
1.5952309363228174	0.01282908	1.52919417003
1.5969762655748114	0.01284539	1.53132468798
1.5987215948268056	0.01357389	1.53251701333
1.6004669240788003	0.01193343	1.52946457222
1.6022122533307945	0.01045057	1.52580953937
1.6039575825827892	0.009399315	1.52186693407
1.6057029118347834	0.007001035	1.51702908617
1.6074482410867772	0.006258774	1.5177849526
1.6091935703387719	0.008648035	1.52700764134
1.610938899590766	0.009121909	1.53824163202
1.6126842288427607	0.007060467	1.55083063187
1.614429558094755	0.007912422	1.57052801826
1.6161748873467492	0.01089594	1.59396657617
1.6179202165987434	0.01066464	1.61290566871
1.6196655458507379	0.008745265	1.62770504802
1.6214108751027323	0.008587986	1.63996342098
1.6231562043547265	0.008412773	1.64647241036
1.624901533606721	0.007674181	1.64834680095
1.6266468628587152	0.008664959	1.64929463486
1.6283921921107094	0.009190967	1.64624096803
1.630137521362704	0.007565623	1.63905071776
1.6318828506146983	0.008251045	1.63647510723
1.6336281798666925	0.01191053	1.64026725589
1.6353735091186867	0.0120842	1.64232622054
1.637118838370681	0.008904989	1.64353815247
1.6388641676226756	0.008692904	1.65150155499
1.6406094968746698	0.01043199	1.66321795776
1.642354826126664	0.009043809	1.6709439405
1.6441001553786583	0.00668705	1.6756264396
1.6458454846306525	0.006458619	1.67839130424
1.6475908138826472	0.006408021	1.67528494583
1.6493361431346414	0.006181912	1.66639322496
1.6510814723866356	0.007523658	1.65428599031
1.6528268016386303	0.007868897	1.63608109679
1.6545721308906243	0.005997831	1.61246388226
1.6563174601426187	0.005769321	1.59154900409
1.6580627893946132	0.007372902	1.57538495163
1.6598081186466074	0.0061065	1.55856949169
1.6615534478986018	0.002939527	1.54279946832
1.6632987771505963	0.002102957	1.53337751951
1.6650441064025905	0.002504066	1.52736441846
1.6667894356545847	0.001533662	1.51935959736
1.668534764906579	0.0008011547	1.51007393053
1.6702800941585736	0.0009165493	1.49961973221
1.6720254234105678	0.0006343929	1.48602395904
1.673770752662562	0.0006262675	1.4707737573
1.6755160819145563	0.001466834	1.45594040346
1.6772614111665505	0.001260607	1.43998064768
1.6790067404185451	0.0003711913	1.42418256846
1.6807520696705394	0.0005038438	1.41229526772
1.6824973989225336	0.0009970614	1.40382352835
1.684242728174528	0.00124754	1.39646861103
1.6859880574265222	0.002617573	1.39134442708
1.6877333866785167	0.003786657	1.38759734042
1.6894787159305111	0.003547171	1.38289051154
1.6912240451825054	0.004745332	1.37912170464
1.6929693744344996	0.008082314	1.37754848925
1.6947147036864938	0.008703875	1.3732618257
1.6964600329384885	0.006730183	1.36629346399
1.6982053621904827	0.007589821	1.36382546329
1.6999506914424773	0.01073412	1.36630405002
1.7016960206944716	0.01110478	1.36733138702
1.7034413499464653	0.01051788	1.36897966502
1.70518667919846	0.01268634	1.37701143082
1.7069320084504542	0.01569623	1.38857987759
1.708677337702449	0.01781447	1.39891286988
1.7104226669544431	0.0210321	1.4094177765
1.7121679962064373	0.02362571	1.41841602541
1.7139133254584316	0.02366522	1.42203931341
1.7156586547104258	0.02513151	1.42335052596
1.7174039839624204	0.02928648	1.42464053355
1.7191493132144147	0.02918064	1.41902646799
1.7208946424664089	0.02479841	1.40734523231
1.7226399717184033	0.02509524	1.40217172065
1.7243853009703975	0.02984746	1.40505033862
1.726130630222392	0.02941098	1.40451238955
1.7278759594743864	0.02568133	1.4026990362
1.7296212887263807	0.02807623	1.41122382544
1.7313666179783749	0.03420424	1.42560428547
1.733111947230369	0.03559824	1.43268220182
1.7348572764823638	0.03506717	1.43446332354
1.736602605734358	0.03775824	1.43718704678
1.7383479349863522	0.04043937	1.43635236206
1.7400932642383464	0.0405178	1.42858283398
1.7418385934903406	0.04096251	1.41890262168
1.7435839227423353	0.04031222	1.40745316703
1.7453292519943295	0.0367443	1.39289172268
1.7470745812463238	0.03529661	1.38161654914
1.7488199104983184	0.0374671	1.37551616372
1.7505652397503124	0.03539093	1.36456563607
1.7523105690023069	0.02944899	1.34809701582
1.7540558982543013	0.02924791	1.3367910408
1.7558012275062955	0.03352062	1.32867972075
1.75754655675829	0.03165101	1.31109924463
1.7592918860102844	0.02604946	1.28785011613
1.7610372152622786	0.02602965	1.27185088418
1.7627825445142729	0.0286742	1.26125062375
1.764527873766267	0.02607164	1.2477080729
1.7662732030182617	0.02164102	1.23607919766
1.768018532270256	0.02047219	1.23259301867
1.7697638615222502	0.01992867	1.23282782298
1.7715091907742444	0.01757906	1.23167688259
1.7732545200262386	0.01591729	1.22991609027
1.7749998492782333	0.01452331	1.22514431165
1.7767451785302275	0.01217667	1.21430066321
1.7784905077822217	0.01102995	1.19940361234
1.780235837034216	0.01170594	1.18203304959
1.7819811662862104	0.01026553	1.15953474207
1.7837264955382048	0.007159074	1.13520835592
1.785471824790199	0.006525635	1.11704355217
1.7872171540421935	0.007669337	1.10697761087
1.7889624832941877	0.006126385	1.10182627924
1.790707812546182	0.003308285	1.10389579528
1.7924531417981766	0.002874131	1.11626182359
1.7941984710501708	0.003736794	1.13519935306
1.7959438003021653	0.002642781	1.15399788213
1.7976891295541597	0.0009644913	1.17055745236
1.7994344588061535	0.0008373115	1.18364850492
1.8011797880581482	0.001488756	1.19042626355
1.8029251173101424	0.001021154	1.18870768192
1.804670446562137	0.0002532935	1.18037459018
1.8064157758141313	0.0003402573	1.16900912929
1.8081611050661255	0.00111943	1.15793154068
1.8099064343181197	0.001067265	1.1485964891
1.811651763570114	0.0005136655	1.14365154208
1.8133970928221086	0.0009815471	1.1465589184
1.8151424220741028	0.002655116	1.157507583
1.816887751326097	0.003059823	1.1715536278
1.8186330805780915	0.002508994	1.18688034006
1.8203784098300857	0.00379894	1.20515592618
1.8221237390820801	0.00671492	1.22370026478
1.8238690683340746	0.007465243	1.23566386261
1.8256143975860688	0.006979196	1.24171515765
1.827359726838063	0.008646359	1.2467736898
1.8291050560900572	0.01137735	1.25013394513
1.830850385342052	0.0118489	1.24870158442
1.8325957145940461	0.01188805	1.24632127273
1.8343410438460404	0.01310321	1.24653996368
1.8360863730980346	0.01404652	1.24826493565
1.8378317023500288	0.01483076	1.25157642678
1.8395770316020235	0.01722017	1.25812270732
1.8413223608540177	0.018294	1.26352228333
1.843067690106012	0.01736309	1.26533469241
1.8448130193580066	0.01936599	1.26779296827
1.8465583486100006	0.02435526	1.27001437884
1.848303677861995	0.02464726	1.26273647203
1.8500490071139892	0.02152219	1.24812957579
1.8517943363659837	0.02335723	1.23814259031
1.8535396656179781	0.02819977	1.23295157728
1.8552849948699723	0.0269971	1.22365571198
1.8570303241219668	0.02309624	1.21582731233
1.858775653373961	0.02450222	1.22039404868
1.8605209826259552	0.02816831	1.23270200289
1.8622663118779499	0.02758544	1.24168273222
1.864011641129944	0.02632775	1.24885157265
1.8657569703819383	0.02805425	1.25671289641
1.8675022996339325	0.02994245	1.25904436576
1.8692476288859268	0.03031024	1.25177504124
1.8709929581379214	0.03139401	1.23839507338
1.8727382873899157	0.03143913	1.21891567558
1.8744836166419099	0.02938542	1.19398244815
1.876228945893904	0.02897444	1.17084468134
1.8779742751458985	0.03086709	1.15294221542
1.879719604397893	0.02899459	1.13414003798
1.8814649336498872	0.02453197	1.11653046245
1.8832102629018816	0.02522045	1.11010248034
1.8849555921538759	0.02981978	1.1123447667
1.88670092140587	0.0292823	1.11052211145
1.8884462506578648	0.02625727	1.1068658687
1.890191579909859	0.02953647	1.11114502352
1.8919369091618534	0.03583037	1.11793759657
1.8936822384138474	0.03582291	1.11532166258
1.8954275676658416	0.03321068	1.1075791381
1.8971728969178363	0.03483253	1.10265299688
1.8989182261698305	0.03699931	1.09649157337
1.9006635554218252	0.03470575	1.0842741204
1.9024088846738194	0.03205044	1.0714752873
1.9041542139258136	0.03086545	1.06070540487
1.9058995431778079	0.02891925	1.04999387205
1.907644872429802	0.02779939	1.04125632228
1.9093902016817967	0.02938868	1.03615013232
1.911135530933791	0.02855572	1.02857478545
1.9128808601857852	0.02532003	1.01814360415
1.9146261894377794	0.02639407	1.01189070042
1.9163715186897738	0.0302946	1.00844915039
1.9181168479417683	0.02800472	0.998682019126
1.9198621771937625	0.02247749	0.986541296637
1.921607506445757	0.02223915	0.98220871317
1.9233528356977512	0.02419995	0.982847111463
1.9250981649497454	0.02063423	0.979524758459
1.92684349420174	0.01582807	0.97613825574
1.9285888234537343	0.01570027	0.978540718694
1.9303341527057285	0.01711987	0.981843923151
1.9320794819577227	0.01590415	0.979687963396
1.933824811209717	0.01499614	0.97495727916
1.9355701404617116	0.01579039	0.969776823274
1.9373154697137058	0.01641635	0.962396179802
1.9390607989657	0.01637953	0.953094232726
1.9408061282176947	0.01685169	0.944679676603
1.9425514574696887	0.01605451	0.93617360006
1.9442967867216832	0.01399583	0.928080796257
1.9460421159736774	0.0130975	0.923550847553
1.9477874452256718	0.01342727	0.922275133616
1.9495327744776663	0.01133345	0.919241684676
1.9512781037296605	0.008164572	0.915396863682
1.953023432981655	0.008104079	0.914752028659
1.9547687622336491	0.01017078	0.915408909254
1.9565140914856434	0.009266415	0.911880493059
1.958259420737638	0.007356911	0.906655623997
1.9600047499896323	0.00895449	0.904310154171
1.9617500792416265	0.01200799	0.903294163834
1.9634954084936207	0.01142413	0.900000025649
1.965240737745615	0.009669984	0.897415478056
1.9669860669976096	0.01016097	0.898210606021
1.9687313962496038	0.0108971	0.900648337537
1.970476725501598	0.009201578	0.90237235698
1.9722220547535922	0.007456511	0.904033419115
1.9739673840055865	0.00652444	0.904136009363
1.9757127132575811	0.005443943	0.900727323585
1.9774580425095754	0.004436037	0.893168702135
1.9792033717615696	0.004423793	0.881492714489
1.980948701013564	0.003561322	0.864448929476
1.9826940302655582	0.002235003	0.84423611649
1.9844393595175527	0.002281544	0.824455231416
1.9861846887695471	0.003216291	0.807264769396
1.9879300180215416	0.002360502	0.793265665362
1.9896753472735356	0.001079381	0.785280392271
1.9914206765255298	0.001258199	0.784395916477
1.9931660057775245	0.00205344	0.789320650397
1.9949113350295187	0.001339393	0.797528552528
1.9966566642815133	0.000466723	0.807391350609
1.9984019935335076	0.0006235406	0.815718877421
2.0001473227855016	0.001239677	0.820474463124
2.0018926520374962	0.0007966649	0.820773975808
2.0036379812894904	0.0002921401	0.816510743509
2.0053833105414847	0.0004191423	0.806961428911
2.0071286397934793	0.0008562861	0.794175583872
2.0088739690454736	0.0005406341	0.780720919443
2.0106192982974678	0.0003246229	0.768304397973
2.012364627549462	0.0003431927	0.757390386044
2.0141099568014567	0.0004402023	0.750281100877
2.015855286053451	0.000302894	0.748100653461
2.017600615305445	0.0005195514	0.750636781368
2.0193459445574393	0.0003598511	0.756613868504
2.0210912738094335	0.0001110498	0.765400595902
2.022836603061428	0.0001411582	0.774256344837
2.0245819323134224	0.000485483	0.7811316477
2.0263272615654166	0.0001778431	0.785136501702
2.028072590817411	0.0000444021	0.785511527246
2.029817920069405	0.00008755774	0.77970205582
2.0315632493213998	0.0001427064	0.769487223875
2.033308578573394	0.0002526933	0.759327985089
2.035053907825388	0.0009866841	0.75070258797
2.036799237077383	0.0009329242	0.741474245
2.0385445663293766	0.0004900638	0.734716063551
2.0402898955813713	0.0008627002	0.734423542114
2.0420352248333655	0.001732056	0.738397622372
2.0437805540853597	0.001123226	0.741247261006
2.0455258833373544	0.0003550283	0.744246692062
2.0472712125893486	0.0004911091	0.749276538927
2.049016541841343	0.0008647489	0.753793357484
2.050761871093337	0.0005755448	0.754940792275
2.0525072003453313	0.0007742575	0.755212278121
2.054252529597326	0.0008989536	0.755743937471
2.05599785884932	0.0008436299	0.755804950358
2.0577431881013144	0.00106008	0.755411108197
2.0594885173533086	0.001679618	0.755968868837
2.0612338466053033	0.001229764	0.756342854942
2.0629791758572975	0.0006149282	0.757343394218
2.0647245051092917	0.0005802218	0.761188013173
2.0664698343612864	0.0008013423	0.767989814202
2.0682151636132806	0.0003310538	0.774608636489
2.069960492865275	0.00009719722	0.781806852702
2.0717058221172695	0.0000525866	0.791251349857
2.0734511513692637	0.0001994659	0.800530577485
2.075196480621258	0.00006304944	0.804645494305
2.076941809873252	0.00001607287	0.805049548907
2.0786871391252464	0.00006413733	0.805243328601
2.080432468377241	0.0006106603	0.804452346038
2.0821777976292353	0.000530785	0.799629738714
2.08392312688123	0.0002540802	0.794364081126
2.0856684561332237	0.000730541	0.792645442235
2.087413785385218	0.001772932	0.792502091578
2.0891591146372126	0.001310233	0.789610793682
2.090904443889207	0.0005224496	0.785930069941
2.0926497731412015	0.0007041567	0.783341854655
2.0943951023931957	0.001131851	0.780178784004
2.0961404316451895	0.0004136568	0.775005161349
2.097885760897184	0.00003108852	0.770857423829
2.0996310901491784	0.00006237351	0.768813207868
2.101376419401173	0.0001278418	0.768476323415
2.1031217486531673	0.000211857	0.769637836864
2.1048670779051615	0.0007558324	0.772203569981
2.1066124071571557	0.0005548216	0.773487923377
2.10835773640915	0.0002843833	0.773540771054
2.1101030656611446	0.0003488565	0.773843267557
2.111848394913139	0.0005051186	0.774608744198
2.113593724165133	0.0002628621	0.774573521919
2.1153390534171272	0.0005952008	0.776295480238
2.1170843826691215	0.0005868655	0.781636867733
2.118829711921116	0.0003917674	0.789248173409
2.1205750411731104	0.0008758417	0.795902318376
2.1223203704251046	0.001879594	0.801411568891
2.124065699677099	0.001368224	0.805153643496
2.1258110289290935	0.0006188035	0.805668097294
2.1275563581810877	0.0007796054	0.801414521188
2.129301687433082	0.001112539	0.794257251108
2.1310470166850766	0.0005418431	0.785997472151
2.132792345937071	0.00051236	0.777406804271
2.134537675189065	0.0006398916	0.767776192715
2.1362830044410597	0.0007124801	0.758531909699
2.138028333693054	0.001147271	0.75041196532
2.139773662945048	0.002134046	0.743234109233
2.141518992197043	0.001906503	0.736165114563
2.143264321449037	0.001409661	0.730940598898
2.1450096507010312	0.001702855	0.728356269372
2.1467549799530254	0.002249272	0.728477978636
2.1485003092050197	0.001522134	0.730329110054
2.1502456384570143	0.0008471544	0.733525523611
2.1519909677090086	0.0008525438	0.735975331444
2.1537362969610028	0.001204082	0.73645362023
2.155481626212997	0.0007074329	0.733907625267
2.157226955464991	0.0002705989	0.72864441735
2.158972284716986	0.0006655208	0.721174200397
2.16071761396898	0.001817666	0.713864280592
2.1624629432209743	0.001715674	0.707959240087
2.1642082724729685	0.001380792	0.70496941198
2.1659536017249628	0.002666791	0.70547910219
2.1676989309769574	0.004707041	0.709317341278
2.1694442602289516	0.00424596	0.714033106776
2.171189589480946	0.003214546	0.71928438595
2.17293491873294	0.004088427	0.72508900038
2.1746802479849343	0.005216887	0.730657151766
2.176425577236929	0.003814798	0.734079866577
2.178170906488923	0.002482437	0.736568774647
2.179916235740918	0.002684227	0.738606498577
2.1816615649929116	0.003078952	0.738981571926
2.183406894244906	0.00261312	0.735629690152
2.1851522234969005	0.00286168	0.729536864062
2.1868975527488947	0.00318015	0.721426157077
2.1886428820008894	0.003380742	0.712298561161
2.1903882112528836	0.00389892	0.70319424408
2.192133540504878	0.004833433	0.696910772152
2.193878869756872	0.004458441	0.694525858116
2.1956241990088667	0.003797246	0.696166011215
2.197369528260861	0.00397598	0.700095983754
2.199114857512855	0.004499921	0.704783373286
2.20086018676485	0.003450649	0.707441022062
2.202605516016844	0.002309746	0.706806036223
2.2043508452688383	0.00261061	0.702541607581
2.206096174520833	0.0036866	0.696047015879
2.207841503772827	0.0029744	0.688058416317
2.2095868330248214	0.002170153	0.681304759461
2.2113321622768156	0.003539097	0.678026595635
2.21307749152881	0.00572178	0.678440772275
2.2148228207808045	0.005128231	0.679811364955
2.2165681500327987	0.004092445	0.682182383976
2.218313479284793	0.005386375	0.685848280528
2.220058808536787	0.006915131	0.689287430455
2.2218041377887814	0.005275614	0.690104079544
2.223549467040776	0.003484014	0.690904163703
2.2252947962927703	0.003693975	0.69402331383
2.2270401255447645	0.004037764	0.698509253298
2.2287854547967587	0.002656913	0.701654687106
2.230530784048753	0.001898791	0.704443180868
2.2322761133007476	0.002051379	0.706885969976
2.234021442552742	0.002305522	0.707340949763
2.235766771804736	0.00240209	0.704333689254
2.2375121010567303	0.003109246	0.700518162136
2.239257430308725	0.00320639	0.697960564861
2.241002759560719	0.003193872	0.697332166764
2.2427480888127134	0.003732269	0.697744199664
2.2444934180647076	0.004555316	0.699648685569
2.246238747316702	0.003938654	0.70160186928
2.2479840765686965	0.003151665	0.701444786956
2.2497294058206907	0.003304387	0.696951046108
2.251474735072685	0.003841283	0.689014778539
2.253220064324679	0.002760513	0.678777630648
2.254965393576674	0.001682196	0.668633967013
2.256710722828668	0.002231493	0.660847892095
2.2584560520806622	0.003462598	0.658046592441
2.260201381332657	0.002722803	0.660153372392
2.261946710584651	0.001993315	0.666919718669
2.2636920398366454	0.003202834	0.676714857896
2.26543736908864	0.004744423	0.687348388089
2.2671826983406342	0.003767488	0.695546285066
2.2689280275926285	0.002702209	0.701148650306
2.2706733568446227	0.003212725	0.704427552302
2.272418686096617	0.003720815	0.705519560282
2.2741640153486116	0.002390573	0.703751476894
2.2759093446006062	0.001442514	0.700875390187
2.2776546738526	0.001367235	0.697509017778
2.2794000031045942	0.001357722	0.693406001727
2.2811453323565885	0.0009244313	0.687684095593
2.2828906616085836	0.001127234	0.68210279913
2.284635990860578	0.001021442	0.67788939432
2.286381320112572	0.000929036	0.676217577166
2.288126649364566	0.001415046	0.677205515887
2.28987197861656	0.002384017	0.682092469532
2.291617307868555	0.002055479	0.690194235573
2.2933626371205493	0.001679277	0.699817749547
2.2951079663725436	0.002390996	0.707782755043
2.2968532956245378	0.003392209	0.712738672985
2.2985986248765315	0.002544235	0.713241545199
2.3003439541285267	0.001657295	0.708928871242
2.302089283380521	0.002149242	0.699618951593
2.303834612632515	0.002924303	0.687865323505
2.3055799418845093	0.001813156	0.675845302407
2.3073252711365035	0.0009076454	0.66547862676
2.309070600388498	0.001529442	0.657166354398
2.3108159296404924	0.002454084	0.652679958236
2.3125612588924866	0.001783039	0.652482629745
2.314306588144481	0.001439485	0.656211500222
2.316051917396475	0.002115319	0.66207437659
2.3177972466484698	0.002839427	0.670282036318
2.319542575900464	0.002400295	0.680093939099
2.321287905152458	0.002240656	0.689939158431
2.3230332344044524	0.002319921	0.697121282454
2.324778563656447	0.00238048	0.701639949251
2.3265238929084413	0.002035346	0.703152524513
2.3282692221604355	0.002073187	0.701245055986
2.33001455141243	0.001768991	0.695365641717
2.3317598806644244	0.001552216	0.688164505407
2.3335052099164186	0.001712896	0.681692847249
2.3352505391684133	0.002364734	0.677169694357
2.3369958684204075	0.002006787	0.674391207788
2.3387411976724017	0.001710383	0.674840972047
2.340486526924396	0.002569273	0.678348657885
2.34223185617639	0.003924973	0.683660444639
2.343977185428385	0.003336713	0.688467470953
2.345722514680379	0.002684229	0.69295262624
2.3474678439323733	0.0038722	0.696626534826
2.3492131731843675	0.005309186	0.698870350738
2.3509585024363617	0.003972149	0.698612043347
2.3527038316883564	0.002674754	0.697036480148
2.3544491609403506	0.003619892	0.694148746061
2.356194490192345	0.004711405	0.690146072635
2.357939819444339	0.003267034	0.684988233255
2.3596851486963333	0.002316022	0.680012407981
2.361430477948328	0.003354127	0.675131967089
2.363175807200322	0.004516619	0.671590716883
2.3649211364523164	0.003938503	0.670213257102
2.3666664657043106	0.003829135	0.671257166419
2.368411794956305	0.004665087	0.673002309703
2.3701571242083	0.005442132	0.675996957131
2.371902453460294	0.005030557	0.680087832621
2.373647782712288	0.004832126	0.683857789268
2.375393111964282	0.0049059	0.684946461407
2.3771384412162764	0.004984553	0.684806479202
2.3788837704682715	0.004381101	0.684491829461
2.3806290997202657	0.004112852	0.683551324032
2.38237442897226	0.003795406	0.680589591694
2.384119758224254	0.003557953	0.677998130495
2.3858650874762484	0.003531287	0.677357179335
2.387610416728243	0.004189452	0.677951038285
2.3893557459802373	0.003894317	0.677740063404
2.3911010752322315	0.003665399	0.678986045242
2.3928464044842257	0.005089722	0.6830990814
2.39459173373622	0.007122849	0.688151619301
2.3963370629882146	0.006428472	0.690790679195
2.398082392240209	0.005615125	0.692792545305
2.3998277214922035	0.007409109	0.694999313886
2.4015730507441977	0.009102008	0.694993210803
2.403318379996192	0.006900366	0.690358416068
2.4050637092481866	0.004847255	0.684548736902
2.406809038500181	0.005692698	0.679816768306
2.408554367752175	0.006399442	0.675803932265
2.4102996970041692	0.004089613	0.671961014053
2.4120450262561635	0.0025735	0.670936523487
2.413790355508158	0.003501139	0.67267568327
2.4155356847601523	0.004563883	0.675659403511
2.4172810140121466	0.0036087	0.678135368099
2.419026343264141	0.003259493	0.680435567108
2.420771672516135	0.004624681	0.681736034821
2.4225170017681297	0.006163688	0.68240233772
2.424262331020124	0.005657166	0.682659792004
2.426007660272118	0.005392616	0.683650810156
2.4277529895241123	0.006780659	0.685009222212
2.4294983187761066	0.008125955	0.687158902355
2.4312436480281012	0.007025563	0.689419814679
2.4329889772800954	0.006163414	0.691350948143
2.4347343065320897	0.006710577	0.69135972002
2.436479635784084	0.006948627	0.690297573162
2.438224965036078	0.005637171	0.689180303858
2.4399702942880728	0.005119444	0.68852520565
2.441715623540067	0.004983557	0.687090155056
2.443460952792061	0.00479091	0.686940985911
2.4452062820440554	0.005181223	0.689329929787
2.4469516112960497	0.006339054	0.692118481402
2.4486969405480443	0.005777499	0.69145249082
2.4504422698000385	0.00518921	0.689358249338
2.4521875990520328	0.006494626	0.687570828359
2.4539329283040274	0.007776246	0.684117226577
2.4556782575560216	0.005976062	0.676911175139
2.457423586808016	0.004455249	0.670561777437
2.4591689160600105	0.005315736	0.667836310458
2.4609142453120048	0.006039723	0.666695756136
2.462659574563999	0.003992543	0.664515844822
2.464404903815993	0.002604315	0.664048001399
2.466150233067988	0.003580895	0.665947826607
2.467895562319982	0.004652767	0.667711349667
2.4696408915719763	0.003225145	0.667094883732
2.4713862208239705	0.002386549	0.666920763843
2.4731315500759647	0.003998053	0.668386160186
2.47487687932796	0.0057134	0.6701848528
2.476622208579954	0.00446627	0.670582375006
2.4783675378319483	0.003666663	0.671771177089
2.480112867083942	0.005498485	0.674205793598
2.4818581963359363	0.007059753	0.67665697354
2.4836035255879314	0.00526661	0.677934757429
2.4853488548399256	0.004007933	0.680225240016
2.48709418409192	0.005123687	0.6837318103
2.488839513343914	0.005830393	0.687836070786
2.490584842595908	0.004008936	0.691556427219
2.492330171847903	0.003006312	0.695058801814
2.494075501099897	0.003531214	0.696308572225
2.4958208303518914	0.003861352	0.694833409229
2.4975661596038856	0.00294637	0.690524940453
2.49931148885588	0.002698347	0.68353037526
2.5010568181078745	0.002833986	0.673106558519
2.5028021473598687	0.002963066	0.662237292708
2.504547476611863	0.00269575	0.653332286615
2.506292805863857	0.002819335	0.646597165291
2.5080381351158514	0.00261759	0.640729957259
2.509783464367846	0.002568867	0.638279632599
2.5115287936198403	0.00268805	0.640237539184
2.5132741228718345	0.003147313	0.644657158017
2.5150194521238287	0.002770051	0.648867960779
2.516764781375823	0.002630325	0.655216683625
2.5185101106278176	0.003331186	0.664615307265
2.520255439879812	0.004298221	0.674525260316
2.522000769131806	0.003640064	0.681677556357
2.5237460983838007	0.003266167	0.688054675935
2.525491427635795	0.004340056	0.69397127563
2.527236756887789	0.005337911	0.69648093337
2.528982086139784	0.003988997	0.693037588255
2.530727415391778	0.003033292	0.687205756994
2.5324727446437723	0.003775929	0.681161000724
2.5342180738957665	0.004269186	0.674315060491
2.535963403147761	0.002502182	0.66622903466
2.5377087323997554	0.001409178	0.66076166732
2.5394540616517496	0.002017304	0.659021304176
2.541199390903744	0.002580395	0.659425964707
2.542944720155738	0.001330963	0.659992121626
2.5446900494077327	0.0007988986	0.661941680782
2.546435378659727	0.001823405	0.664529046
2.548180707911721	0.002851763	0.66622728406
2.5499260371637154	0.0019662	0.665588023988
2.5516713664157096	0.001595447	0.6640298711
2.5534166956677042	0.002733163	0.66160009703
2.5551620249196985	0.00367922	0.658433702502
2.5569073541716927	0.00244106	0.654456369321
2.558652683423687	0.001730366	0.651471614516
2.560398012675681	0.002480566	0.649662468561
2.5621433419276762	0.00294593	0.649768789064
2.56388867117967	0.001599523	0.651841489347
2.5656340004316642	0.0009815949	0.656273141206
2.5673793296836585	0.001363362	0.661527240053
2.5691246589356527	0.001624629	0.667840503855
2.570869988187648	0.001046305	0.674807088278
2.572615317439642	0.001160998	0.681338889694
2.5743606466916362	0.001402406	0.685260268551
2.57610597594363	0.001739298	0.688049642879
2.5778513051956247	0.001981587	0.690291133534
2.5795966344476193	0.002511187	0.690651423882
2.5813419636996136	0.002382697	0.687116981457
2.5830872929516078	0.002397779	0.682113078106
2.584832622203602	0.002489019	0.676703358647
2.586577951455596	0.002576725	0.669783435058
2.588323280707591	0.001826398	0.660351978583
2.590068609959585	0.001355151	0.652275950625
2.5918139392115793	0.001128881	0.647597187104
2.593559268463574	0.001081859	0.645506063659
2.595304597715568	0.000374744	0.644423267435
2.5970499269675624	0.0001085403	0.646554237574
2.598795256219557	0.0003103701	0.651587647996
2.6005405854715513	0.0007359431	0.656465606989
2.6022859147235455	0.0002419844	0.658163885521
2.6040312439755398	0.0001190717	0.658737312438
2.6057765732275344	0.0006635578	0.659090613984
2.6075219024795286	0.001275494	0.658339521203
2.609267231731523	0.0005539552	0.655813087771
2.611012560983517	0.0002763201	0.655137930361
2.6127578902355113	0.0009937121	0.657422612095
2.614503219487506	0.001655098	0.660872942077
2.6162485487395	0.0007231732	0.66320565263
2.6179938779914944	0.0003460293	0.665979000501
2.6197392072434886	0.001050768	0.668750769923
2.621484536495483	0.001567748	0.669876255221
2.6232298657474775	0.0005658096	0.668313876656
2.6249751949994717	0.0002213233	0.666482281208
2.626720524251466	0.0007173959	0.664670172643
2.62846585350346	0.001071026	0.662544256216
2.6302111827554544	0.0004559269	0.659541508136
2.631956512007449	0.0004526967	0.656651625583
2.6337018412594433	0.0006220142	0.652950558713
2.6354471705114375	0.0007636593	0.648909349346
2.6371924997634317	0.0005665793	0.645022184389
2.638937829015426	0.0006945276	0.64224377583
2.6406831582674206	0.0003781139	0.640166883511
2.642428487519415	0.000288124	0.64066426723
2.644173816771409	0.0002477742	0.644121277068
2.6459191460234033	0.0003785734	0.649367462259
2.647664475275398	0.00002981923	0.653957335516
2.649409804527392	0.00005687373	0.658663498521
2.6511551337793864	0.00004855159	0.662958777596
2.652900463031381	0.0002131301	0.665082880706
2.6546457922833753	1.176548e-6	0.663211879492
2.6563911215353695	0.000050409	0.659931921234
2.658136450787364	0.0001028276	0.656530736154
2.6598817800393584	0.0004521265	0.652128900985
2.6616271092913526	0.0001211088	0.645457221948
2.663372438543347	0.00009066477	0.640158391179
2.665117767795341	0.0007572073	0.638097577998
2.6668630970473357	0.001571001	0.637667088415
2.6686084262993304	0.0008268392	0.636964948894
2.670353755551324	0.000569629	0.639686343454
2.6720990848033184	0.001556707	0.646727058237
2.6738444140553126	0.002169973	0.654413946715
2.6755897433073077	0.0008422184	0.659425158727
2.677335072559302	0.000304045	0.664562741739
2.679080401811296	0.0007858241	0.669919564248
2.6808257310632904	0.0009100934	0.672492903885
2.682571060315284	0.00009927744	0.670816593417
2.6843163895672792	0.00009368742	0.668736196641
2.6860617188192735	0.0001051665	0.667124844129
2.6878070480712677	0.0001711967	0.664476755241
2.689552377323262	0.0002312995	0.659597553457
2.691297706575256	0.0004901821	0.654841794863
2.693043035827251	0.0001628591	0.65040818413
2.694788365079245	0.0002647768	0.645543894329
2.6965336943312392	0.0002266483	0.639838188818
2.6982790235832335	0.0002976571	0.636696335308
2.7000243528352277	0.0005879817	0.637617195718
2.7017696820872223	0.001213425	0.641887388412
2.7035150113392166	0.0007818313	0.64763877389
2.705260340591211	0.0007762391	0.655857798599
2.707005669843205	0.001472138	0.664747872205
2.7087509990951992	0.001896892	0.670994319228
2.710496328347194	0.001229165	0.672330388938
2.712241657599188	0.00130463	0.670682560875
2.7139869868511823	0.001369894	0.666598207296
2.7157323161031766	0.001405106	0.661436720876
2.7174776453551712	0.001941575	0.656911380485
2.7192229746071654	0.00283532	0.655005314836
2.7209683038591597	0.002070237	0.654705502064
2.7227136331111543	0.001797953	0.656253423039
2.7244589623631486	0.002954541	0.658581285605
2.7262042916151428	0.003483024	0.659918885053
2.7279496208671374	0.001788267	0.658445096811
2.7296949501191317	0.001086816	0.656359618966
2.731440279371126	0.001537425	0.654689551134
2.73318560862312	0.001523077	0.653724931233
2.7349309378751143	0.0005268165	0.653180198034
2.736676267127109	0.000373028	0.654712465685
2.738421596379103	0.000417908	0.657389789653
2.7401669256310974	0.0005452806	0.659336619679
2.7419122548830916	0.0001566499	0.65824662986
2.743657584135086	0.00008891697	0.65553847956
2.7454029133870805	0.0006099425	0.652303215404
2.7471482426390748	0.001523529	0.648674759959
2.748893571891069	0.0009192117	0.644190739759
2.750638901143063	0.00101273	0.642984408891
2.7523842303950574	0.003250442	0.64672007667
2.7541295596470525	0.004970871	0.652114884979
2.7558748888990463	0.003311893	0.655324651675
2.7576202181510405	0.002753108	0.65924757259
2.7593655474030347	0.004772915	0.664041222546
2.761110876655029	0.005337319	0.665303238927
2.762856205907024	0.002603915	0.66089973412
2.7646015351590183	0.001486245	0.656443817254
2.766346864411012	0.00238971	0.653802511775
2.7680921936630063	0.002443005	0.650224024293
2.7698375229150005	0.000912584	0.644519332068
2.7715828521669956	0.0006748771	0.641300811973
2.77332818141899	0.001337778	0.641321471437
2.775073510670984	0.001841324	0.641677183362
2.7768188399229783	0.001335066	0.64057770736
2.7785641691749725	0.001461254	0.641858815102
2.780309498426967	0.002450519	0.646262544224
2.7820548276789614	0.003359449	0.650597749552
2.7838001569309556	0.002482187	0.652417825507
2.78554548618295	0.002295982	0.655656452343
2.7872908154349445	0.003641159	0.6611755913
2.7890361446869387	0.00427777	0.665428703819
2.790781473938933	0.002429003	0.666318715605
2.7925268031909276	0.001694657	0.668332628683
2.794272132442922	0.002531569	0.671852879595
2.796017461694916	0.002565973	0.672860355291
2.7977627909469107	0.0009972952	0.669146294077
2.799508120198905	0.0006863147	0.664346685267
2.801253449450899	0.001069278	0.658759975794
2.8029987787028934	0.001277336	0.650844524995
2.8047441079548876	0.001229066	0.641148523265
2.8064894372068823	0.001863739	0.63440526332
2.8082347664588765	0.002153935	0.631895961535
2.8099800957108707	0.00279924	0.632890598287
2.811725424962865	0.003681637	0.636089409372
2.813470754214859	0.004572017	0.642133037074
2.815216083466854	0.004524015	0.64891850766
2.816961412718848	0.004761867	0.65419969209
2.8187067419708423	0.005119129	0.656532152022
2.8204520712228365	0.005234121	0.657739400728
2.8221974004748307	0.004183526	0.658355933549
2.8239427297268254	0.003581767	0.659300593939
2.8256880589788196	0.003686998	0.660743534612
2.827433388230814	0.00371405	0.66343300515
2.829178717482808	0.002366868	0.665578376686
2.8309240467348022	0.001933836	0.666235200289
2.832669375986797	0.002828971	0.664121805615
2.834414705238791	0.003383603	0.659436514682
2.8361600344907854	0.002222951	0.652321654201
2.8379053637427796	0.002224672	0.645642777436
2.839650692994774	0.003650577	0.641126794126
2.8413960222467685	0.004584953	0.639837330694
2.8431413514987627	0.003796697	0.640904339828
2.844886680750757	0.004039289	0.644660492739
2.8466320100027516	0.005492773	0.649321650026
2.848377339254746	0.006254127	0.652686738235
2.8501226685067405	0.00477267	0.652729401996
2.8518679977587347	0.004173229	0.651842287526
2.853613327010729	0.005431012	0.65176287651
2.855358656262723	0.005933042	0.652658500356
2.8571039855147173	0.0034971	0.653890893831
2.858849314766712	0.00279432	0.658638666123
2.8605946440187062	0.005368549	0.666575203149
2.8623399732707004	0.006630842	0.673060767992
2.8640853025226947	0.003918097	0.674267211475
2.865830631774689	0.003369813	0.673597935423
2.867575961026684	0.006273361	0.672203168621
2.869321290278678	0.007050961	0.66779192494
2.8710666195306724	0.003683972	0.660437675882
2.872811948782666	0.002691875	0.656807936553
2.8745572780346604	0.004944894	0.658380724684
2.8763026072866555	0.005471384	0.660750111373
2.8780479365386498	0.002635945	0.660674504594
2.879793265790644	0.002088876	0.661454309139
2.881538595042638	0.004579355	0.662574487582
2.8832839242946324	0.005585608	0.659617256237
2.885029253546627	0.003046498	0.651354828729
2.8867745827986213	0.002646255	0.64483738146
2.8885199120506155	0.005689363	0.642935267058
2.8902652413026098	0.006993662	0.642217879276
2.892010570554604	0.004092394	0.640833702027
2.8937558998065986	0.003691464	0.644424651523
2.895501229058593	0.007101172	0.652852414799
2.897246558310587	0.008149574	0.659210022898
2.8989918875625813	0.004684266	0.660244478665
2.9007372168145755	0.003818663	0.662157173989
2.90248254606657	0.006357871	0.666180860024
2.9042278753185644	0.006626602	0.667805750121
2.9059732045705586	0.00318435	0.666406577655
2.907718533822553	0.002286994	0.669398694342
2.909463863074547	0.004433486	0.67795507915
2.9112091923265417	0.004964313	0.686626793906
2.912954521578536	0.00229241	0.692445826314
2.91469985083053	0.001919797	0.6998517092
2.916445180082525	0.004676407	0.707800534996
2.918190509334519	0.005865097	0.709593772354
2.9199358385865133	0.003414604	0.702519040652
2.921681167838508	0.003436326	0.693460707547
2.923426497090502	0.006975283	0.684884840265
2.9251718263424964	0.0084314	0.67349350118
2.9269171555944906	0.005845539	0.659672003281
2.9286624848464853	0.005812868	0.651755342666
2.9304078140984795	0.008771597	0.650849633303
2.9321531433504737	0.009376042	0.650700912866
2.933898472602468	0.006550995	0.648175612523
2.935643801854462	0.005929481	0.647894312951
2.937389131106457	0.007371269	0.649332265924
2.939134460358451	0.007267442	0.648187387229
2.9408797896104453	0.004924085	0.644738194384
2.9426251188624395	0.004360738	0.646616615404
2.9443704481144337	0.005574076	0.655717591638
2.946115777366429	0.005963052	0.667856542594
2.9478611066184226	0.004265792	0.679688022178
2.949606435870417	0.004263927	0.693314921178
2.951351765122411	0.006440779	0.705601582064
2.9530970943744053	0.007522205	0.709391281948
2.9548424236264004	0.005895606	0.702423355169
2.9565877528783946	0.006167765	0.69213943699
2.9583330821303884	0.008581211	0.682376331029
2.9600784113823826	0.009317878	0.672272652315
2.961823740634377	0.007445025	0.663187993824
2.963569069886372	0.007314923	0.661183340623
2.965314399138366	0.008383003	0.664612332276
2.9670597283903604	0.008205254	0.666626587407
2.968805057642354	0.006678925	0.663737956494
2.970550386894349	0.006280348	0.659551480018
2.9722957161463435	0.006144203	0.655126538366
2.9740410453983377	0.005801331	0.650629234368
2.975786374650332	0.004985078	0.648778880658
2.977531703902326	0.004745075	0.655697096544
2.9792770331543204	0.004688565	0.671184199943
2.981022362406315	0.004804446	0.689927829878
2.9827676916583092	0.004232757	0.706278850175
2.9845130209103035	0.004308418	0.719139060078
2.986258350162298	0.004887019	0.725351111538
2.9880036794142923	0.00525438	0.721977526235
2.9897490086662866	0.004700254	0.71038827414
2.9914943379182812	0.004953212	0.697932613924
2.9932396671702755	0.00530718	0.687933229274
2.9949849964222697	0.005478338	0.680453578986
2.996730325674264	0.00558789	0.674979907961
2.9984756549262586	0.006097672	0.672361617297
3.000220984178253	0.005636256	0.669516651588
3.001966313430247	0.005854128	0.664158744752
3.0037116426822412	0.007184477	0.656448570749
3.0054569719342354	0.008021897	0.649911837697
3.00720230118623	0.007061499	0.646714858707
3.0089476304382243	0.007546678	0.649491990276
3.0106929596902186	0.009510534	0.658547341217
3.0124382889422128	0.01043351	0.672919549451
3.014183618194207	0.009392781	0.688721779634
3.0159289474462017	0.009794848	0.702932865008
3.017674276698196	0.01139475	0.712264350581
3.01941960595019	0.01176925	0.715891005042
3.0211649352021843	0.009958274	0.713743105099
3.0229102644541785	0.009416017	0.708463910622
3.024655593706173	0.01027801	0.701553237173
3.0264009229581674	0.009864055	0.694049657188
3.0281462522101616	0.007004668	0.685240597421
3.029891581462156	0.006006014	0.676144856377
3.03163691071415	0.007208844	0.666331371563
3.0333822399661448	0.006984963	0.655800034975
3.035127569218139	0.004167654	0.645332918675
3.036872898470133	0.003767748	0.639070232252
3.0386182277221274	0.005865211	0.638656603902
3.040363556974122	0.006354626	0.643973194134
3.0421088862261163	0.00419388	0.653759283941
3.0438542154781105	0.004560388	0.668706142691
3.045599544730105	0.007588956	0.686693098912
3.0473448739820994	0.008813608	0.704852344266
3.0490902032340936	0.006704715	0.721259130362
3.0508355324860883	0.00716421	0.738052965846
3.0525808617380825	0.01085475	0.754426909602
3.0543261909900767	0.01172646	0.766536008497
3.056071520242071	0.007759134	0.770545537873
3.057816849494065	0.007099188	0.767589093408
3.05956217874606	0.01072471	0.756275447405
3.0613075079980545	0.0105208	0.733925118524
3.0630528372500487	0.004951417	0.702758518852
3.0647981665020425	0.003897108	0.67320059681
3.0665434957540367	0.0076125	0.651144902926
3.068288825006032	0.007384431	0.636821144971
3.070034154258026	0.002470381	0.630641257384
3.0717794835100203	0.002148297	0.63607944522
3.0735248127620145	0.006099556	0.64932690716
3.0752701420140083	0.00675756	0.662784180238
3.0770154712660034	0.003326	0.674073870624
3.0787608005179976	0.004146966	0.689760235861
3.080506129769992	0.009529649	0.712570901829
3.082251459021986	0.01164863	0.739553052755
3.0839967882739803	0.008505734	0.767960287084
3.085742117525975	0.009777036	0.798835774349
3.087487446777969	0.01645253	0.824326823713
3.0892327760299634	0.01788318	0.830155416805
3.0909781052819576	0.01181148	0.81112463878
3.092723434533952	0.01113599	0.77873600099
3.0944687637859465	0.01673813	0.743288498595
3.0962140930379407	0.01590354	0.710107001329
3.097959422289935	0.007568598	0.688983201147
3.099704751541929	0.006025037	0.692929546451
3.1014500807939234	0.01148812	0.716185525674
3.103195410045918	0.01100413	0.737135247142
3.1049407392979123	0.00340488	0.740807119885
3.1066860685499065	0.002964495	0.730418602877
3.1084313978019007	0.0107334	0.712173944354
3.1101767270538954	0.01197979	0.694731673632
3.1119220563058896	0.003688308	0.700951870519
3.113667385557884	0.004164849	0.762183961834
3.1154127148098785	0.01611138	0.881920061463
3.1171580440618727	0.01796913	1.02693751881
3.118903373313867	0.006025595	1.1548404102
3.1206487025658616	0.005955139	1.23250935878
3.122394031817856	0.0189014	1.22417034085
3.12413936106985	0.01783927	1.11003914818
3.1258846903218442	0.003723343	0.925743352345
3.1276300195738385	0.002695737	0.75673334403
3.129375348825833	0.01025503	0.689039880521
3.1311206780778273	0.007637296	0.788602692266
3.1328660073298216	0.003473814	1.09459075065
3.134611336581816	0.005658172	1.587917299
3.13635666583381	0.003810164	2.17998822918
3.1381019950858047	0.003990681	2.74502954118
3.139847324337799	0.03128921	3.16766347948
3.141592653589793	0.1143225	3.39536293768