# 13C(3P)-CO2, ground-state PES; differential cross sections (mgacesa, Sep 1 2021)
# theta(rad)                 elastic CS                total CS (both in units of 1E-16 cm^2)
0.	5.326516e6	5.353604868257573e6
0.0017453292519943296	3.281714e6	3.29479217007e6
0.003490658503988659	675384.2	689954.56551
0.005235987755982989	147901.8	163853.846297
0.006981317007977318	102904.8	106440.826241
0.008726646259971648	42790.67	56352.2007154
0.010471975511965978	42758.41	58641.9953027
0.012217304763960306	24485.08	32510.737716
0.013962634015954637	18967.21	25713.4018932
0.015707963267948967	12049.33	20972.8693942
0.017453292519943295	14255.87	22690.3534459
0.019198621771937624	10240.6	15215.4360148
0.020943951023931956	5644.158	10862.0548538
0.022689280275926284	8942.349	15222.9937853
0.024434609527920613	7706.77	12471.053261
0.02617993877991494	5411.377	9212.95503446
0.027925268031909273	4075.192	8342.44220604
0.029670597283903602	3854.162	8587.19923047
0.031415926535897934	3793.433	7454.83272172
0.03316125578789226	1415.231	3978.25243161
0.03490658503988659	871.378	3793.41532628
0.03665191429188092	1542.105	4467.70595775
0.03839724354387525	1235.781	3463.59864529
0.04014257279586957	698.789	2482.13403474
0.04188790204786391	274.1986	1983.65049953
0.043633231299858244	526.4135	2197.31185718
0.04537856055185257	593.3063	1866.65779857
0.0471238898038469	102.1981	1101.93682561
0.048869219055841226	13.68535	1062.08124311
0.05061454830783556	78.09101	934.70746568
0.05235987755982988	100.1243	648.529027045
0.054105206811824215	78.19813	549.139842362
0.05585053606381855	5.402523	564.026871206
0.05759586531581287	87.36691	647.242682333
0.059341194567807204	93.48914	437.686674192
0.061086523819801536	8.63006	204.377117031
0.06283185307179587	26.78702	281.910889751
0.0645771823237902	27.88975	316.319750651
0.06632251157578452	18.29589	239.650940666
0.06806784082777885	21.31087	167.061811789
0.06981317007977318	15.06127	142.720861111
0.0715584993317675	41.71605	196.817397413
0.07330382858376185	37.4249	185.125260991
0.07504915783575618	1.665765	118.454476031
0.0767944870877505	5.422075	115.392706697
0.07853981633974483	14.99994	117.485410054
0.08028514559173915	13.22698	105.417258528
0.08203047484373349	12.81961	106.649357
0.08377580409572782	5.252616	101.323482738
0.08552113334772216	8.722841	104.143625467
0.08726646259971649	12.75874	97.4146989443
0.0890117918517108	1.590204	71.2865854874
0.09075712110370514	0.7789392	72.9569114392
0.09250245035569946	6.230862	84.2614841125
0.0942477796076938	4.413436	77.2802397047
0.09599310885968813	7.981214	78.1685363152
0.09773843811168245	6.998448	75.7457034268
0.09948376736367678	5.489402	70.633420514
0.10122909661567112	9.33749	72.3493587718
0.10297442586766545	3.572776	61.2707023085
0.10471975511965977	1.760175	56.1759661102
0.10646508437165408	9.382514	65.8937779205
0.10821041362364843	9.250285	63.9606771127
0.10995574287564278	13.20046	64.4745248844
0.1117010721276371	13.42793	62.9439966368
0.11344640137963143	3.908244	50.9345814466
0.11519173063162574	5.68127	51.5338592661
0.11693705988362009	8.842897	53.5071903868
0.11868238913561441	7.250257	50.3742647452
0.12042771838760875	14.40645	57.8243994186
0.12217304763960307	12.53344	54.9640872921
0.12391837689159739	5.151102	46.2122313091
0.12566370614359174	6.510538	47.2496835356
0.12740903539558604	4.351042	44.2339639722
0.1291543646475804	3.686573	43.9837458417
0.13089969389957473	9.28557	49.6351890136
0.13264502315156904	6.550893	45.1661472264
0.1343903524035634	4.324214	42.7329144715
0.1361356816555577	4.718994	42.6266695007
0.13788101090755206	1.153376	38.3998570595
0.13962634015954636	1.464951	39.9414654557
0.1413716694115407	3.392476	41.4298913348
0.143116998663535	1.794913	38.7939539403
0.14486232791552936	3.053162	40.3179285577
0.1466076571675237	2.40252	38.2257708945
0.148352986419518	0.5021374	35.8664884277
0.15009831567151236	1.011762	37.3964369069
0.15184364492350666	0.3074976	35.5970070641
0.153588974175501	0.1714262	34.924908078
0.15533430342749535	1.546915	36.3610882702
0.15707963267948966	0.7319085	33.8124689119
0.158824961931484	1.618526	34.2352622287
0.1605702911834783	1.836492	34.3315174736
0.16231562043547265	0.8625277	31.7442144282
0.16406094968746698	1.816683	32.1603084208
0.16580627893946132	1.49907	31.4325041607
0.16755160819145565	1.138426	29.9114097313
0.16929693744344995	3.656967	32.3017102512
0.1710422666954443	3.340108	31.5078876265
0.17278759594743864	3.400666	30.5347570439
0.17453292519943298	4.397763	31.0637263885
0.17627825445142728	2.235592	28.2922821658
0.1780235837034216	2.047709	27.8057202428
0.17976891295541597	4.042816	29.9549460471
0.18151424220741028	3.096059	28.7084279116
0.1832595714594046	4.065874	29.4424270393
0.1850049007113989	4.387744	29.3054493056
0.18675022996339327	1.721796	26.0729766589
0.1884955592153876	1.682948	26.1357304699
0.1902408884673819	2.336141	26.7401029812
0.19198621771937627	1.481093	25.6667288667
0.19373154697137057	3.036701	27.1312263052
0.1954768762233649	2.865339	26.1619246899
0.19722220547535924	1.120244	23.8338808463
0.19896753472735357	1.259383	23.9069113777
0.20071286397934793	0.8883194	23.2743181273
0.20245819323134223	0.5967826	23.2978878854
0.20420352248333656	2.076695	25.1273971312
0.2059488517353309	1.677036	24.2705672245
0.20769418098732523	1.091628	23.4545985686
0.20943951023931953	1.057902	22.8374328454
0.2111848394913139	0.226714	21.1355434738
0.21293016874330817	0.2430679	21.4385998457
0.21467549799530256	0.9161914	22.5919944929
0.21642082724729686	0.5332763	22.4437869293
0.2181661564992912	0.758941	23.2185730993
0.21991148575128555	0.5203596	22.4067653607
0.22165681500327983	0.07434217	20.7302866268
0.2234021442552742	0.2622287	20.4843174452
0.22514747350726852	0.1204634	19.9597635133
0.22689280275926285	0.1367654	19.8978385875
0.22863813201125716	0.8191337	21.1211673204
0.2303834612632515	0.5791705	20.6564668363
0.23212879051524585	0.9297306	20.4165947185
0.23387411976724018	1.103539	20.2694304465
0.23561944901923448	0.4211872	18.9748496171
0.23736477827122882	0.8113082	18.8865456335
0.23911010752322315	1.456207	19.3437963368
0.2408554367752175	1.223083	18.7256553323
0.24260076602721184	2.032756	19.3773309596
0.24434609527920614	1.857358	19.1973402433
0.24609142453120048	0.8527042	18.0379593757
0.24783675378319478	1.220314	18.174125833
0.24958208303518917	1.425987	17.8742071432
0.25132741228718347	1.215085	17.1449330646
0.2530727415391778	2.081403	17.8369714445
0.2548180707911721	1.60572	17.2252931288
0.2565634000431664	0.7092633	16.3415006362
0.2583087292951608	0.8831183	16.4427239729
0.26005405854715513	0.6752899	15.7345171306
0.26179938779914946	0.6067997	15.3359194021
0.26354471705114374	1.325781	16.022180759
0.26529004630313807	0.8583335	15.5724427127
0.26703537555513246	0.4612271	15.5244063901
0.2687807048071268	0.5011645	15.7002587912
0.27052603405912107	0.1514932	14.9962438267
0.2722713633111154	0.2620435	14.8727292245
0.27401669256310973	0.6898446	15.1467640357
0.2757620218151041	0.3911855	14.8788815901
0.2775073510670984	0.4953049	15.5092311762
0.2792526803190927	0.4212666	15.698914991
0.28099800957108706	0.1321901	15.2482407594
0.2827433388230814	0.3196235	15.1898552689
0.2844886680750758	0.3952801	14.7406258377
0.28623399732707	0.261279	14.2587916813
0.2879793265790644	0.6045404	14.7545228478
0.2897246558310587	0.4058164	14.5307433602
0.29146998508305305	0.2565588	14.1998658316
0.2932153143350474	0.3862978	14.0372707492
0.29496064358704166	0.1930005	13.1680214236
0.296705972839036	0.1940327	12.6866044263
0.2984513020910304	0.5288053	12.9843863953
0.3001966313430247	0.2913919	12.7142134722
0.30194196059501904	0.356175	12.8420513822
0.3036872898470133	0.3904352	12.795909784
0.30543261909900765	0.1177109	12.0441152046
0.307177948351002	0.2511923	11.8175892856
0.3089232776029963	0.4503869	11.9819183042
0.3106686068549907	0.2873009	12.0323237286
0.312413936106985	0.590842	12.8633121854
0.3141592653589793	0.5405306	13.1453549255
0.31590459461097364	0.3252261	12.7954420602
0.317649923862968	0.5564177	12.6966304286
0.3193952531149623	0.579251	12.3673109045
0.3211405823669566	0.4791075	12.2445305517
0.32288591161895097	0.8521679	13.0710486848
0.3246312408709453	0.6441003	13.2558962355
0.32637657012293964	0.4505385	13.1344823609
0.32812189937493397	0.6594599	13.010041892
0.32986722862692824	0.5454107	12.1890653174
0.33161255787892263	0.4839552	11.6059959476
0.33335788713091696	0.7626188	11.7987161568
0.3351032163829113	0.4244943	11.5237430949
0.3368485456349056	0.2559458	11.4578196322
0.3385938748868999	0.3538574	11.3820656157
0.3403392041388943	0.1921337	10.6590633243
0.3420845333908886	0.2125391	10.1828718147
0.3438298626428829	0.397469	10.10990554
0.3455751918948773	0.1387045	9.79553986508
0.34732052114687156	0.1712631	10.0010275899
0.34906585039886595	0.2227534	10.0770301667
0.3508111796508603	0.1022841	9.74667306904
0.35255650890285456	0.2084873	9.70279638301
0.3543018381548489	0.2839232	9.73369831148
0.3560471674068432	0.13362	9.76506093894
0.35779249665883756	0.3458134	10.3985149546
0.35953782591083194	0.3610926	10.6237588873
0.3612831551628262	0.2949986	10.5208375194
0.36302848441482055	0.4407083	10.5567710334
0.3647738136668149	0.4038742	10.355573106
0.3665191429188092	0.2551127	10.3026634763
0.3682644721708036	0.4137816	10.8653227292
0.3700098014227978	0.2978167	10.9977990935
0.3717551306747922	0.2316669	10.9604019542
0.37350045992678654	0.3315466	10.8483144056
0.3752457891787809	0.2453916	10.2586869844
0.3769911184307752	0.1525101	9.7961161081
0.3787364476827695	0.2346245	9.8296580591
0.3804817769347638	0.08838492	9.69733019224
0.38222710618675815	0.1190136	9.7732885281
0.38397243543875254	0.1528471	9.68125639082
0.38571776469074687	0.03863018	9.07782044395
0.38746309394274114	0.06399686	8.55431771964
0.3892084231947355	0.1418076	8.25954702007
0.3909537524467298	0.08119365	8.03830001268
0.39269908169872414	0.3082505	8.40235388995
0.39444441095071847	0.3361708	8.60072815564
0.3961897402027128	0.2083918	8.40416377247
0.39793506945470714	0.3273147	8.26808926825
0.3996803987067014	0.3831801	8.0034429125
0.40142572795869585	0.2969631	7.77339406
0.4031710572106902	0.5296074	8.2466266115
0.40491638646268446	0.4862498	8.62032925396
0.4066617157146788	0.3290961	8.83134780082
0.4084070449666731	0.4795377	9.13437456164
0.41015237421866746	0.5298064	9.02627055493
0.4118977034706618	0.3907618	8.69693983867
0.41364303272265607	0.477921	8.83955487032
0.41538836197465046	0.3171076	8.92369638161
0.41713369122664473	0.1345	9.13829626215
0.41887902047863906	0.2191085	9.53975006189
0.4206243497306334	0.2520234	9.5193496333
0.4223696789826278	0.1747166	9.15940899205
0.4241150082346221	0.2204692	8.90133027475
0.42586033748661634	0.08198642	8.51401760216
0.4276056667386108	0.01642611	8.45906740259
0.4293509959906051	0.04442487	8.64896181702
0.4310963252425994	0.01778105	8.63103466244
0.4328416544945937	0.03921785	8.48210861121
0.43458698374658805	0.1171942	8.21883293668
0.4363323129985824	0.04082605	7.68500114966
0.4380776422505767	0.1322861	7.50282118652
0.4398229715025711	0.169186	7.49340937204
0.44156830075456543	0.1086031	7.46694372476
0.44331363000655966	0.2183064	7.62982577843
0.445058959258554	0.3233564	7.66108916769
0.4468042885105484	0.2106945	7.31280701414
0.4485496177625427	0.2883827	7.21893838255
0.45029494701453704	0.275764	7.17335027321
0.45204027626653137	0.1794845	7.19272752533
0.4537856055185257	0.3238222	7.57681400952
0.45553093477052004	0.4554578	7.86179606687
0.4572762640225143	0.3223998	7.70578559899
0.45902159327450864	0.3187985	7.6173123732
0.460766922526503	0.2235445	7.42889895166
0.4625122517784973	0.08636765	7.34322778289
0.4642575810304917	0.1686775	7.68508278197
0.466002910282486	0.2673695	8.04422838477
0.46774823953448036	0.1872185	8.08827247126
0.46949356878647464	0.1942391	8.0369884241
0.47123889803846897	0.1011126	7.65242564118
0.47298422729046335	0.008333836	7.26745104854
0.47472955654245763	0.03298452	7.20661618085
0.47647488579445196	0.05503097	7.29167749447
0.4782202150464463	0.0439206	7.432688383
0.4799655442984406	0.1142556	7.59826036284
0.481710873550435	0.04971567	7.34699094007
0.48345620280242924	0.0323049	6.97299701829
0.4852015320544237	0.05570357	6.66199438149
0.48694686130641796	0.03131717	6.39243278971
0.4886921905584123	0.08863437	6.4078619538
0.4904375198104066	0.2270986	6.66241337305
0.49218284906240095	0.1608604	6.64164092727
0.4939281783143953	0.1518856	6.58661189949
0.49567350756638956	0.1567537	6.47943224963
0.4974188368183839	0.0867017	6.23705216622
0.49916416607037833	0.1604498	6.21681693438
0.5009094953223726	0.3348331	6.4275234103
0.5026548245743669	0.2758344	6.44599282034
0.5044001538263613	0.2605953	6.55258263137
0.5061454830783556	0.2423784	6.64855137823
0.5078908123303499	0.1273733	6.58091311232
0.5096361415823442	0.1416841	6.63493427303
0.5113814708343386	0.266012	6.80482706137
0.5131268000863328	0.2084091	6.78108085264
0.5148721293383272	0.2115501	6.86004620465
0.5166174585903216	0.2073563	6.92682496907
0.5183627878423159	0.1094808	6.86514728271
0.5201081170943103	0.08504673	6.87934884621
0.5218534463463045	0.1318505	6.92277961717
0.5235987755982989	0.06601383	6.80099450241
0.5253441048502933	0.08791432	6.78317647971
0.5270894341022875	0.08931798	6.71987445269
0.5288347633542818	0.03327131	6.58991126326
0.5305800926062761	0.02953065	6.55797063969
0.5323254218582705	0.04890915	6.51327650835
0.5340707511102649	0.009857017	6.33957699942
0.5358160803622593	0.07336584	6.25607184958
0.5375614096142536	0.06803335	6.05510112224
0.5393067388662478	0.02574018	5.82835097237
0.5410520681182421	0.04659983	5.77897685852
0.5427973973702365	0.05441349	5.76489751871
0.5445427266222308	0.03527474	5.71443058416
0.5462880558742251	0.1403422	5.78300954921
0.5480333851262195	0.1408583	5.65572432053
0.5497787143782138	0.110569	5.43736643418
0.5515240436302082	0.1626587	5.35839554775
0.5532693728822025	0.165956	5.29840308235
0.5550147021341968	0.1164448	5.27047453756
0.5567600313861911	0.1894717	5.47101202066
0.5585053606381855	0.1612991	5.56383906838
0.5602506898901798	0.124944	5.58522959499
0.5619960191421741	0.2064559	5.66467304087
0.5637413483941685	0.2414852	5.62306597485
0.5654866776461628	0.1793036	5.48446802055
0.5672320068981571	0.196036	5.52336603551
0.5689773361501516	0.1213567	5.55498125833
0.5707226654021459	0.05133692	5.66785038691
0.57246799465414	0.1036426	5.91863150195
0.5742133239061344	0.1482597	6.06162888265
0.5759586531581288	0.1124428	6.01834018591
0.5777039824101231	0.124885	5.96160244237
0.5794493116621174	0.06022047	5.78929110635
0.5811946409141118	0.0046763	5.70407757781
0.5829399701661061	0.01636372	5.80622374377
0.5846852994181004	0.02966613	5.94641654364
0.5864306286700948	0.02569366	6.06088144959
0.5881759579220891	0.06461459	6.14925341577
0.5899212871740833	0.02401369	6.00917416428
0.5916666164260777	0.0114792	5.84109061286
0.593411945678072	0.02314681	5.74283630687
0.5951572749300664	0.01723849	5.67931949705
0.5969026041820608	0.05617443	5.74264665286
0.598647933434055	0.1414544	5.90408358626
0.6003932626860494	0.0963898	5.86921043683
0.6021385919380438	0.07892703	5.79901833891
0.6038839211900381	0.09298269	5.73274506286
0.6056292504420324	0.07149799	5.60136929759
0.6073745796940266	0.1183519	5.56616631499
0.609119908946021	0.2331945	5.65974015257
0.6108652381980153	0.1803683	5.59269409201
0.6126105674500096	0.1344248	5.53646870074
0.614355896702004	0.1521698	5.53608110985
0.6161012259539983	0.1254458	5.4545819561
0.6178465552059926	0.1247811	5.39759073397
0.6195918844579871	0.2037536	5.44095513071
0.6213372137099814	0.1449202	5.34141433015
0.6230825429619757	0.08570096	5.25055971216
0.62482787221397	0.1076981	5.22555845869
0.6265732014659643	0.1005194	5.13006888013
0.6283185307179586	0.0683091	5.01245715779
0.630063859969953	0.09828555	4.97507410595
0.6318091892219473	0.0527976	4.86405151384
0.6335545184739416	0.01509994	4.79828687877
0.635299847725936	0.02590488	4.78650665875
0.6370451769779303	0.02708684	4.71758724549
0.6387905062299246	0.01042879	4.606863278
0.6405358354819191	0.03308679	4.51193805328
0.6422811647339132	0.01296422	4.34227101595
0.6440264939859075	0.01712716	4.24604152512
0.6457718232379019	0.01860745	4.21246675584
0.6475171524898963	0.006832401	4.18615652058
0.6492624817418906	0.02615877	4.21041439969
0.6510078109938849	0.07634643	4.24776603182
0.6527531402458793	0.0589982	4.14906467576
0.6544984694978736	0.07574618	4.0775233512
0.6562437987498679	0.07919271	4.0259403779
0.6579891280018623	0.05045466	3.97090421893
0.6597344572538565	0.08065793	4.03427637833
0.6614797865058508	0.1507044	4.17904440243
0.6632251157578453	0.1142178	4.19696922655
0.6649704450098396	0.10883	4.24502628751
0.6667157742618339	0.1253882	4.3176578612
0.6684611035138281	0.09925837	4.33111080964
0.6702064327658226	0.1062971	4.39586614543
0.6719517620178169	0.1605341	4.53123351893
0.6736970912698113	0.1054352	4.54606891036
0.6754424205218056	0.07294416	4.60428066487
0.6771877497737998	0.09738432	4.7434123429
0.6789330790257941	0.09137026	4.84252326117
0.6806784082777886	0.07816102	4.93635346576
0.6824237375297829	0.1073531	5.06480421593
0.6841690667817772	0.05769082	5.06709208051
0.6859143960337715	0.0229926	5.07416398842
0.6876597252857658	0.03954737	5.14646466897
0.6894050545377601	0.04331935	5.2048681807
0.6911503837897546	0.03067748	5.26166267818
0.6928957130417489	0.05141659	5.35786543939
0.6946410422937431	0.02108875	5.35930294771
0.6963863715457375	0.006486288	5.34483940588
0.6981317007977319	0.01485569	5.33468973119
0.6998770300497262	0.01469256	5.29275848515
0.7016223593017206	0.01672899	5.26380741194
0.7033676885537148	0.04592739	5.28928323307
0.7051130178057091	0.02267088	5.25906261153
0.7068583470577035	0.02008821	5.24695100236
0.7086036763096978	0.02894572	5.22668885242
0.7103490055616921	0.0231191	5.1455829956
0.7120943348136864	0.03688779	5.06445813019
0.7138396640656808	0.07923466	5.01780381955
0.7155849933176751	0.04965349	4.9039511403
0.7173303225696696	0.04057643	4.85006801702
0.7190756518216639	0.05738128	4.8560818297
0.7208209810736581	0.05309102	4.8297961863
0.7225663103256524	0.06381624	4.80150619095
0.7243116395776468	0.1096106	4.7833490993
0.7260569688296411	0.07199705	4.63730130926
0.7278022980816354	0.04770974	4.51588616036
0.7295476273336298	0.07353982	4.49587539991
0.7312929565856241	0.07942373	4.48755264359
0.7330382858376184	0.07631223	4.49944772157
0.7347836150896128	0.1128124	4.56168786507
0.7365289443416072	0.07513119	4.50376161298
0.7382742735936013	0.0398185	4.42028396105
0.7400196028455956	0.06725285	4.40990311226
0.7417649320975901	0.08376301	4.39390560444
0.7435102613495844	0.06505273	4.36626966798
0.7452555906015788	0.08458179	4.41828210925
0.7470009198535731	0.0566166	4.42234506127
0.7487462491055674	0.02347607	4.41180666541
0.7504915783575618	0.04318148	4.45508966655
0.7522369076095561	0.06268068	4.47910540245
0.7539822368615504	0.03760504	4.44853188644
0.7557275661135446	0.04402609	4.47223993875
0.757472895365539	0.02795495	4.48123802658
0.7592182246175333	0.007384156	4.48899175508
0.7609635538695276	0.01674619	4.5333054323
0.7627088831215221	0.03104984	4.56477496063
0.7644542123735163	0.01482575	4.54799735083
0.7661995416255106	0.02441742	4.56932440959
0.7679448708775051	0.01286273	4.57756006049
0.7696902001294994	0.001406145	4.59693126294
0.7714355293814937	0.01051787	4.64914077885
0.773180858633488	0.02216952	4.68173535998
0.7749261878854823	0.01954363	4.66307748745
0.7766715171374766	0.04452444	4.65972970059
0.778416846389471	0.0299376	4.6125192662
0.7801621756414654	0.01244664	4.58372768784
0.7819075048934596	0.03214036	4.63723402625
0.783652834145454	0.05135393	4.70429755652
0.7853981633974483	0.04539128	4.72227686147
0.7871434926494427	0.07627763	4.74662086206
0.7888888219014369	0.06795511	4.68547270522
0.7906341511534312	0.04399457	4.58299565599
0.7923794804054256	0.07200013	4.55812824166
0.7941248096574199	0.1003151	4.57193131819
0.7958701389094143	0.06516981	4.5514946495
0.7976154681614087	0.06941738	4.59545941236
0.7993607974134028	0.07622753	4.62204846017
0.8011061266653973	0.0632654	4.5787053493
0.8028514559173917	0.08819697	4.53968448637
0.8045967851693859	0.1228083	4.49018845391
0.8063421144213804	0.07106616	4.35582751991
0.8080874436733746	0.04005349	4.29102968246
0.8098327729253689	0.04976555	4.31046999237
0.8115781021773633	0.04676222	4.32744592237
0.8133234314293576	0.04727288	4.34132485847
0.815068760681352	0.07330495	4.34051601243
0.8168140899333463	0.04268374	4.22287773647
0.8185594191853405	0.01561971	4.09796287496
0.8203047484373349	0.02354779	4.03330534335
0.8220500776893291	0.02494524	3.99271585769
0.8237954069413236	0.007315922	3.97499520217
0.8255407361933178	0.01593185	3.99947839276
0.8272860654453121	0.00615684	3.96628905439
0.8290313946973066	0.0009988835	3.90355331329
0.8307767239493009	0.005166739	3.83593848813
0.8325220532012952	0.006688108	3.7537551722
0.8342673824532895	0.00257756	3.6843794848
0.8360127117052839	0.01847362	3.67745981134
0.8377580409572781	0.01336291	3.66374847279
0.8395033702092726	0.01909239	3.66206889169
0.8412486994612668	0.03069432	3.6607976429
0.8429940287132611	0.03201179	3.61576646704
0.8447393579652556	0.03464429	3.54311403063
0.8464846872172498	0.05695826	3.50188998042
0.8482300164692442	0.03709519	3.44291758952
0.8499753457212387	0.03093128	3.4290542473
0.8517206749732327	0.0665384	3.48796231642
0.8534660042252271	0.09261459	3.53605848728
0.8552113334772216	0.09141833	3.52903681209
0.8569566627292158	0.1089453	3.51902882419
0.8587019919812102	0.08198492	3.44782112344
0.8604473212332044	0.0479922	3.37325097734
0.8621926504851988	0.07120325	3.38553565993
0.8639379797371932	0.1026176	3.43482900346
0.8656833089891874	0.08443412	3.45073414937
0.8674286382411819	0.09514143	3.50180155417
0.8691739674931761	0.1034572	3.52943461095
0.8709192967451703	0.08505188	3.50522047237
0.8726646259971648	0.0829009	3.49100954541
0.8744099552491592	0.09098754	3.48302025888
0.8761552845011534	0.04650763	3.42382632226
0.8779006137531478	0.02912913	3.41564895304
0.8796459430051422	0.05113741	3.459306463
0.8813912722571364	0.06189258	3.48981859646
0.8831366015091309	0.05825389	3.51016590691
0.8848819307611251	0.0650107	3.52721044134
0.8866272600131193	0.03395319	3.47306536731
0.8883725892651138	0.008848883	3.42122494421
0.890117918517108	0.01216414	3.40692681412
0.8918632477691024	0.01802843	3.39065095195
0.8936085770210968	0.01234787	3.36850800584
0.895353906273091	0.02338051	3.36989248817
0.8970992355250854	0.01408562	3.33259131215
0.8988445647770799	0.004498938	3.29221078211
0.9005898940290741	0.004689513	3.27639817927
0.9023352232810685	0.005793991	3.25234962524
0.9040805525330627	0.002341845	3.20741415801
0.905825881785057	0.0168797	3.18115485878
0.9075712110370514	0.009739523	3.12181537494
0.9093165402890457	0.003205252	3.05332169644
0.9110618695410401	0.01066678	3.01094817154
0.9128071987930344	0.01431692	2.9703563419
0.9145525280450286	0.004878273	2.91283599941
0.9162978572970231	0.01754861	2.89283784118
0.9180431865490173	0.01388272	2.86628976926
0.9197885158010117	0.009506275	2.8280296471
0.921533845053006	0.02779098	2.80065044457
0.9232791743050003	0.04071343	2.75547667745
0.9250245035569946	0.01794543	2.65902824091
0.9267698328089891	0.01520273	2.59080189474
0.9285151620609834	0.01396854	2.54867727251
0.9302604913129776	0.009861581	2.52425388631
0.932005820564972	0.0273002	2.53745101303
0.9337511498169663	0.0501837	2.56156406053
0.9354964790689607	0.02924257	2.52534423112
0.9372418083209549	0.02043645	2.48123192232
0.9389871375729493	0.02547533	2.43673234141
0.9407324668249436	0.02114573	2.37865518379
0.9424777960769379	0.02389464	2.34346045959
0.9442231253289324	0.04397126	2.3543771624
0.9459684545809267	0.02871079	2.35025962512
0.9477137838329208	0.02214067	2.36791421487
0.9494591130849153	0.0407419	2.40874254231
0.9512044423369097	0.0468909	2.41545207329
0.9529497715889039	0.03867981	2.38686973423
0.9546951008408984	0.0506053	2.37195074132
0.9564404300928926	0.03601207	2.33132396322
0.9581857593448869	0.02427199	2.3132027916
0.9599310885968813	0.0506305	2.36250966063
0.9616764178488756	0.07237822	2.41712602572
0.96342174710087	0.05814359	2.42836122412
0.9651670763528643	0.06545284	2.45279409929
0.9669124056048585	0.06520953	2.45225990649
0.9686577348568529	0.05229059	2.42870959668
0.9704030641088474	0.06694516	2.44341399209
0.9721483933608416	0.08746751	2.47318643724
0.9738937226128359	0.05882468	2.45383420948
0.9756390518648302	0.05298404	2.46664852171
0.9773843811168246	0.07917431	2.51291889787
0.979129710368819	0.0884224	2.53015522568
0.9808750396208132	0.08821123	2.53444530319
0.9826203688728075	0.0998915	2.54981285416
0.9843656981248019	0.06928588	2.5130249859
0.9861110273767961	0.04250716	2.48671004863
0.9878563566287906	0.06229551	2.52062681809
0.9896016858807848	0.07944442	2.54590715876
0.9913470151327791	0.06300951	2.52848133185
0.9930923443847736	0.06987584	2.53350065365
0.9948376736367678	0.07375755	2.52376869807
0.9965830028887622	0.06095036	2.49427979388
0.9983283321407567	0.05867951	2.48968908072
1.0000736613927508	0.05985696	2.48748588577
1.0018189906447452	0.02759991	2.43880376164
1.0035643198967397	0.01599101	2.41526056638
1.0053096491487339	0.03293488	2.42049190942
1.0070549784007283	0.0427853	2.40915199277
1.0088003076527225	0.03673852	2.38579530483
1.0105456369047168	0.03757812	2.36936272593
1.0122909661567112	0.02229535	2.31943318291
1.0140362954087054	0.008718853	2.27291708402
1.0157816246606999	0.007290198	2.25075748059
1.017526953912694	0.009966151	2.22414008461
1.0192722831646883	0.003725151	2.18151195215
1.0210176124166828	0.007402954	2.15708066088
1.0227629416686772	0.006895542	2.12480208201
1.0245082709206714	0.006108689	2.09129047813
1.0262536001726656	0.002276537	2.06662374112
1.02799892942466	0.001405372	2.03551550801
1.0297442586766543	0.001920058	1.98126683703
1.0314895879286488	0.01045814	1.93608781004
1.0332349171806432	0.004876102	1.88577787666
1.0349802464326374	0.001950255	1.84023668165
1.0367255756846319	0.007274096	1.81740415001
1.038470904936626	0.01022522	1.80441325546
1.0402162341886205	0.003191015	1.76943086906
1.041961563440615	0.0108615	1.74091957734
1.043706892692609	0.01263068	1.70416656351
1.0454522219446034	0.01390742	1.6497187358
1.0471975511965979	0.02981366	1.60025657563
1.048942880448592	0.04287794	1.56649842564
1.0506882097005865	0.02114624	1.51787980521
1.0524335389525807	0.01125872	1.49568672007
1.054178868204575	0.02206217	1.50586068606
1.0559241974565694	0.02785349	1.49993962663
1.0576695267085636	0.02950152	1.46039037056
1.059414855960558	0.04511148	1.42075609375
1.0611601852125523	0.03865058	1.35965348124
1.0629055144645467	0.0302113	1.30420992102
1.064650843716541	0.04604743	1.29485422116
1.0663961729685354	0.05551512	1.30409831748
1.0681415022205298	0.03051987	1.28635606511
1.069886831472524	0.02507895	1.28413762109
1.0716321607245185	0.03718864	1.2858874142
1.0733774899765127	0.04012331	1.25567971172
1.0751228192285072	0.04290961	1.21032477279
1.0768681484805014	0.05441797	1.17841937417
1.0786134777324956	0.0378285	1.13373124388
1.08035880698449	0.02587235	1.11661204167
1.0821041362364843	0.0426726	1.14964287081
1.0838494654884787	0.05135579	1.1799142746
1.085594794740473	0.03009466	1.16961025885
1.0873401239924672	0.02666424	1.16026524006
1.0890854532444616	0.03102228	1.13798977281
1.0908307824964558	0.02799204	1.09721203933
1.0925761117484503	0.03272944	1.07097335712
1.0943214410004447	0.04366526	1.06709233381
1.096066770252439	0.02648925	1.05363450611
1.0978120995044334	0.0172005	1.06797946833
1.0995574287564276	0.03086903	1.11129975437
1.101302758008422	0.03442277	1.13230151842
1.1030480872604165	0.01753808	1.11332665791
1.1047934165124107	0.01690181	1.09033465404
1.106538745764405	0.01634462	1.05265973928
1.1082840750163994	0.01374143	1.02003835787
1.1100294042683936	0.02344994	1.02325344386
1.111774733520388	0.03325116	1.04780794881
1.1135200627723822	0.01606739	1.05776982342
1.1152653920243765	0.008054814	1.07874883175
1.117010721276371	0.01536041	1.09863031481
1.1187560505283651	0.01584142	1.08770478063
1.1205013797803596	0.008659444	1.05309418419
1.1222467090323538	0.01382936	1.02598521715
1.1239920382843482	0.01071344	0.99784472514
1.1257373675363425	0.00830249	0.993369279544
1.127482696788337	0.01730869	1.02324070402
1.1292280260403311	0.02236789	1.05546941119
1.1309733552923256	0.007111899	1.0577570771
1.13271868454432	0.002682705	1.05345274652
1.1344640137963142	0.007093903	1.03695954494
1.1362093430483085	0.008431504	1.00571439259
1.1379546723003031	0.008455857	0.978203262805
1.1397000015522971	0.01466034	0.972028035154
1.1414453308042918	0.008661031	0.969866617715
1.143190660056286	0.005174489	0.985121140219
1.14493598930828	0.01118095	1.01346637945
1.1466813185602747	0.01427758	1.02614938207
1.1484266478122689	0.003566411	1.0053480348
1.1501719770642633	0.002476214	0.980204584292
1.1519173063162575	0.006469554	0.954489006972
1.1536626355682518	0.008320782	0.933578629834
1.1554079648202462	0.008070882	0.928156696226
1.1571532940722404	0.0119625	0.943590010298
1.1588986233242349	0.006325185	0.956447068099
1.160643952576229	0.003502604	0.971349796912
1.1623892818282235	0.00876244	0.983833337676
1.1641346110802178	0.01290137	0.977546630519
1.1658799403322122	0.003794711	0.944495403576
1.1676252695842066	0.002408435	0.917996827542
1.1693705988362009	0.007598335	0.906352967431
1.171115928088195	0.009777439	0.907821095917
1.1728612573401895	0.006498399	0.920495430108
1.1746065865921838	0.009423505	0.945891330712
1.1763519158441782	0.006849607	0.959350956664
1.1780972450961724	0.005508462	0.961684397007
1.1798425743481666	0.01145365	0.956620463637
1.181587903600161	0.01664041	0.940501283292
1.1833332328521553	0.006146201	0.909372438067
1.18507856210415	0.002892281	0.896591395147
1.186823891356144	0.009946946	0.908099399383
1.1885692206081382	0.0131112	0.927749339255
1.1903145498601329	0.007963502	0.942597065855
1.192059879112127	0.01159032	0.95871876426
1.1938052083641215	0.01330221	0.958801230825
1.1955505376161157	0.01362109	0.945573130706
1.19729586686811	0.01821444	0.931166446818
1.1990411961201044	0.02201597	0.919511104013
1.2007865253720988	0.009890041	0.902488777328
1.2025318546240933	0.004848823	0.905462371388
1.2042771838760875	0.01374228	0.930198543807
1.2060225131280817	0.0197717	0.951601249653
1.2077678423800762	0.01410612	0.952676963599
1.2095131716320704	0.0179693	0.950595398897
1.2112585008840648	0.02397537	0.93912016118
1.213003830136059	0.02396791	0.919200074321
1.2147491593880533	0.0220142	0.905013429777
1.2164944886400477	0.0223518	0.905723216685
1.218239817892042	0.0110468	0.906558302339
1.2199851471440364	0.006516758	0.921430966407
1.2217304763960306	0.01907638	0.949599027442
1.2234758056480248	0.02908983	0.962121055468
1.2252211349000193	0.02057757	0.941802751664
1.2269664641520137	0.02097157	0.920839169562
1.228711793404008	0.0289784	0.906479601553
1.2304571226560024	0.02689057	0.894816316006
1.2322024519079966	0.01823325	0.895508219756
1.233947781159991	0.01797328	0.916872391366
1.2356931104119853	0.01108085	0.933233843081
1.23743843966398	0.009005859	0.946794786249
1.2391837689159741	0.02430461	0.960865751441
1.2409290981679681	0.03514529	0.954458347441
1.2426744274199628	0.02153874	0.917996776535
1.244419756671957	0.01742039	0.895410123494
1.2461650859239515	0.02651932	0.897853374479
1.2479104151759457	0.02451588	0.907308480541
1.24965574442794	0.01393702	0.921137543998
1.2514010736799344	0.01567013	0.946630329835
1.2531464029319286	0.01402701	0.957733574585
1.254891732183923	0.0139216	0.955357617837
1.2566370614359172	0.02742534	0.951650138147
1.2583823906879115	0.03573629	0.936441542602
1.260127719939906	0.01989663	0.902245274585
1.2618730491919004	0.01372147	0.889807439294
1.2636183784438946	0.02350928	0.906818840759
1.265363707695889	0.02389994	0.925392420705
1.2671090369478832	0.01387282	0.935225139893
1.2688543661998777	0.01668422	0.948816307114
1.270599695451872	0.01992972	0.947928018716
1.2723450247038663	0.02054093	0.931962618795
1.2740903539558606	0.02732981	0.916877509436
1.2758356832078548	0.03159331	0.902630050606
1.2775810124598492	0.01755149	0.880176283044
1.2793263417118435	0.0115849	0.879074440619
1.2810716709638381	0.02200025	0.903027136018
1.2828170002158321	0.02557627	0.920199065029
1.2845623294678263	0.01533518	0.916582823345
1.286307658719821	0.01675501	0.913998352981
1.288052987971815	0.0234326	0.906008737678
1.2897983172238097	0.02335084	0.888586476903
1.2915436464758039	0.02209966	0.875917664702
1.293288975727798	0.02359826	0.873824360009
1.2950343049797925	0.01421507	0.868039889154
1.296779634231787	0.01000967	0.874963130368
1.2985249634837812	0.02051713	0.897871373494
1.3002702927357757	0.025704	0.908585909142
1.3020156219877699	0.01412739	0.893919751087
1.3037609512397643	0.01306356	0.883144199854
1.3055062804917585	0.02155062	0.877861556619
1.307251609743753	0.0212795	0.868379344482
1.3089969389957472	0.0150229	0.864312957942
1.3107422682477414	0.01572809	0.875552337709
1.3124875974997359	0.01153951	0.884471333383
1.31423292675173	0.009054802	0.895502156899
1.3159782560037245	0.0173869	0.911138181526
1.3177235852557188	0.02217809	0.91017708079
1.319468914507713	0.01089295	0.883363981086
1.3212142437597074	0.008679158	0.865281101255
1.3229595730117016	0.01795125	0.864594170684
1.324704902263696	0.01854106	0.867289348372
1.3264502315156905	0.009835605	0.87442894916
1.3281955607676847	0.009842984	0.89450918767
1.3299408900196792	0.009983037	0.907375798044
1.3316862192716734	0.008654999	0.909188388762
1.3334315485236679	0.01319935	0.905981565444
1.335176877775662	0.01726086	0.889911404128
1.3369222070276563	0.008646271	0.856974100317
1.338667536279651	0.006628102	0.839673428922
1.3404128655316452	0.01580933	0.846971644188
1.3421581947836396	0.01715872	0.859593313645
1.3439035240356338	0.00684772	0.870937262561
1.345648853287628	0.005805146	0.890750159723
1.3473941825396225	0.009061903	0.901798381715
1.3491395117916167	0.008638257	0.895185774815
1.3508848410436112	0.01005738	0.878514146841
1.3526301702956054	0.01392815	0.854118466396
1.3543754995475996	0.008561158	0.821233702234
1.356120828799594	0.007034575	0.808481742689
1.3578661580515883	0.01487933	0.825285928206
1.3596114873035827	0.01589862	0.85015172766
1.3613568165555772	0.005045433	0.869253699592
1.3631021458075714	0.003327935	0.889870043743
1.3648474750595658	0.008057726	0.897011002668
1.36659280431156	0.008616021	0.880752305131
1.3683381335635545	0.008548093	0.852891191923
1.3700834628155487	0.01207756	0.826703848592
1.371828792067543	0.009243849	0.804319582131
1.3735741213195374	0.007773453	0.805326431956
1.3753194505715316	0.01238666	0.83345756107
1.3770647798235263	0.01232206	0.865529009473
1.3788101090755203	0.003105646	0.884114975125
1.3805554383275145	0.001657646	0.896661403585
1.3823007675795091	0.006798589	0.895231419835
1.3840460968315031	0.008422608	0.872327942459
1.3857914260834978	0.006946916	0.84030883589
1.387536755335492	0.009079245	0.818205667766
1.3892820845874863	0.008526608	0.808829153803
1.3910274138394807	0.007076133	0.82108901841
1.392772743091475	0.00795678	0.853704556259
1.3945180723434694	0.007752365	0.885565016635
1.3962634015954638	0.001750619	0.896818408842
1.398008730847458	0.0008688655	0.894239624678
1.3997540600994525	0.006258635	0.879333495649
1.4014993893514467	0.008469321	0.850705181118
1.4032447186034411	0.00459825	0.822129926445
1.4049900478554354	0.005291504	0.815861237801
1.4067353771074296	0.007623426	0.828935690012
1.408480706359424	0.006742898	0.851887756987
1.4102260356114182	0.005312084	0.876000127399
1.4119713648634127	0.005915095	0.888090321167
1.413716694115407	0.002272699	0.877201816144
1.4154620233674011	0.001520873	0.859669513239
1.4172073526193956	0.007351795	0.8482313221
1.4189526818713898	0.009548889	0.838993038423
1.4206980111233842	0.003471476	0.832316896768
1.4224433403753785	0.003458104	0.840809067325
1.424188669627373	0.007940674	0.855169496602
1.4259339988793673	0.007722036	0.861412834372
1.4276793281313616	0.005695538	0.860612165834
1.429424657383356	0.0070955	0.857363106084
1.4311699866353502	0.004699873	0.847386869477
1.4329153158873444	0.003668866	0.841403596871
1.434660645139339	0.008493425	0.845544693725
1.436405974391333	0.009641184	0.847850915109
1.4381513036433278	0.002838161	0.842152940682
1.439896632895322	0.002737707	0.843413008055
1.4416419621473162	0.008436612	0.849490134936
1.4433872913993107	0.009365993	0.847765714035
1.4451326206513049	0.006905974	0.840626224763
1.4468779499032993	0.007900316	0.837885819847
1.4486232791552935	0.00674569	0.835110777278
1.4503686084072878	0.004877782	0.835731813852
1.4521139376592822	0.00642166	0.844983874414
1.4538592669112764	0.006811154	0.853511566456
1.4556045961632709	0.001675249	0.851234550334
1.457349925415265	0.002031111	0.849282025922
1.4590952546672595	0.008981632	0.849015632367
1.460840583919254	0.01107811	0.839612398035
1.4625859131712482	0.006304309	0.826688713806
1.4643312424232426	0.00606634	0.829847044142
1.4660765716752369	0.007859061	0.84578864175
1.467821900927231	0.005665819	0.863411927328
1.4695672301792255	0.003507692	0.878971869578
1.4713125594312197	0.004175208	0.88409699404
1.4730578886832144	0.001369423	0.868563270248
1.4748032179352084	0.001981887	0.848067683524
1.4765485471872026	0.01059099	0.837814047415
1.4782938764391973	0.01383893	0.83265324104
1.4800392056911913	0.006385813	0.833807036835
1.481784534943186	0.005496787	0.856421096162
1.4835298641951802	0.01056463	0.887793873054
1.4852751934471744	0.007970082	0.902423399755
1.4870205226991688	0.002648326	0.897359698019
1.488765851951163	0.003700758	0.879379939505
1.4905111812031575	0.003113321	0.848457953038
1.4922565104551517	0.004338497	0.8227020422
1.4940018397071462	0.01369955	0.81931673126
1.4957471689591406	0.01727111	0.828604388696
1.4974924982111348	0.008500794	0.841203489329
1.4992378274631293	0.006722086	0.866217142081
1.5009831567151235	0.01243482	0.891402761357
1.5027284859671177	0.009471718	0.891995587691
1.5044738152191122	0.002568357	0.870457674421
1.5062191444711064	0.003854306	0.844105359275
1.5079644737231008	0.006043181	0.816499884794
1.509709802975095	0.007777029	0.79775558922
1.5114551322270893	0.014134	0.800339764816
1.5132004614790837	0.01657166	0.816357747236
1.514945790731078	0.009553704	0.833880936306
1.5166911199830724	0.007158192	0.857291457561
1.5184364492350666	0.01135933	0.878653276417
1.520181778487061	0.009178654	0.877852514214
1.5219271077390553	0.002203361	0.856317071037
1.5236724369910497	0.003106503	0.833415079437
1.5254177662430441	0.008426772	0.814598785735
1.5271630954950384	0.01024385	0.801449061371
1.5289084247470326	0.01080793	0.802964407872
1.5306537539990273	0.0121576	0.820076589051
1.5323990832510213	0.01007227	0.842069097724
1.534144412503016	0.007765279	0.864963463511
1.5358897417550101	0.009230255	0.883481907334
1.5376350710070041	0.008381021	0.883952984815
1.5393804002589988	0.002473576	0.864756505216
1.541125729510993	0.002698248	0.843761434112
1.5428710587629875	0.01020867	0.829504516334
1.5446163880149817	0.01179437	0.817934364082
1.546361717266976	0.006950819	0.813940414589
1.5481070465189704	0.007487181	0.825628686226
1.5498523757709646	0.01042655	0.844375768213
1.551597705022959	0.008452355	0.859220377812
1.5533430342749532	0.006777703	0.868895428823
1.5550883635269477	0.007069523	0.869813580018
1.556833692778942	0.003844709	0.85826534589
1.5585790220309363	0.003629081	0.844188616623
1.5603243512829308	0.01040108	0.834307765182
1.562069680534925	0.01135665	0.821564194704
1.5638150097869192	0.004291369	0.807827458864
1.5655603390389137	0.004080806	0.806907394902
1.567305668290908	0.009570696	0.817498078978
1.5690509975429023	0.008292248	0.827765762187
1.5707963267948966	0.004360928	0.837360142372
1.5725416560468908	0.005349641	0.847631694782
1.5742869852988854	0.006144851	0.850590616958
1.5760323145508797	0.005888957	0.844182291921
1.5777776438028739	0.008780776	0.83333400624
1.579522973054868	0.008978425	0.816840554425
1.5812683023068623	0.003652276	0.797623309035
1.583013631558857	0.002660479	0.789687452112
1.5847589608108512	0.007383739	0.796915392387
1.5865042900628454	0.007050317	0.808122234448
1.5882496193148399	0.00257811	0.820085694031
1.589994948566834	0.003696033	0.836217667268
1.5917402778188285	0.008102496	0.848596780353
1.593485607070823	0.007825294	0.847063382427
1.5952309363228174	0.005602993	0.835090936058
1.5969762655748114	0.005152802	0.818254232665
1.5987215948268056	0.003692589	0.798978384153
1.6004669240788003	0.002116651	0.785953825327
1.6022122533307945	0.004273534	0.78666950331
1.6039575825827892	0.004892898	0.79466791857
1.6057029118347834	0.001382417	0.805710020722
1.6074482410867772	0.002231766	0.823844664406
1.6091935703387719	0.008255844	0.842516011318
1.610938899590766	0.007882188	0.8463348158
1.6126842288427607	0.002508692	0.835711869084
1.614429558094755	0.001977834	0.81907407716
1.6161748873467492	0.003552234	0.79829240183
1.6179202165987434	0.001891266	0.778739304843
1.6196655458507379	0.002223473	0.771708491571
1.6214108751027323	0.003392128	0.776382217931
1.6231562043547265	0.001224226	0.788643382416
1.624901533606721	0.001812363	0.810194957837
1.6266468628587152	0.007109261	0.833085354968
1.6283921921107094	0.006375677	0.839214278061
1.630137521362704	0.001007802	0.827424128511
1.6318828506146983	0.0005461164	0.807548558648
1.6336281798666925	0.002469247	0.783862860972
1.6353735091186867	0.001343369	0.762489078943
1.637118838370681	0.001793633	0.755160588126
1.6388641676226756	0.002877457	0.760993448011
1.6406094968746698	0.001421032	0.774270520382
1.642354826126664	0.001528993	0.794093238673
1.6441001553786583	0.004564067	0.813422044639
1.6458454846306525	0.003480167	0.8176326092
1.6475908138826472	0.0001483988	0.807046744782
1.6493361431346414	0.00004295768	0.790409829446
1.6510814723866356	0.001500594	0.771143970742
1.6528268016386303	0.001209632	0.752830150775
1.6545721308906243	0.001795423	0.745266942509
1.6563174601426187	0.002218152	0.749688665456
1.6580627893946132	0.001298093	0.762909721542
1.6598081186466074	0.0009620126	0.783283855731
1.6615534478986018	0.002532075	0.804275883466
1.6632987771505963	0.002000114	0.811355375687
1.6650441064025905	0.00001963624	0.802239124577
1.6667894356545847	0.0001322818	0.78580497529
1.668534764906579	0.002497746	0.768858195523
1.6702800941585736	0.002318022	0.754192480659
1.6720254234105678	0.0009968723	0.750849669469
1.673770752662562	0.001236256	0.761728688149
1.6755160819145563	0.002019976	0.779471663998
1.6772614111665505	0.00143076	0.795224274295
1.6790067404185451	0.002626741	0.805358630207
1.6807520696705394	0.003070473	0.803020211148
1.6824973989225336	0.0009865249	0.789694905021
1.684242728174528	0.001380519	0.777273137375
1.6859880574265222	0.006056986	0.772237700795
1.6877333866785167	0.005500335	0.767131942592
1.6894787159305111	0.001118587	0.763167603537
1.6912240451825054	0.001379526	0.766371854951
1.6929693744344996	0.004548338	0.772770026146
1.6947147036864938	0.003944368	0.773750159292
1.6964600329384885	0.00436814	0.773354088723
1.6982053621904827	0.006153812	0.773052618552
1.6999506914424773	0.00587698	0.769612884697
1.7016960206944716	0.006263146	0.764390263709
1.7034413499464653	0.0100787	0.761677768756
1.70518667919846	0.008643336	0.755261326978
1.7069320084504542	0.002822008	0.746570245053
1.708677337702449	0.002308847	0.746235867724
1.7104226669544431	0.007348792	0.754362981326
1.7121679962064373	0.007421551	0.756011297754
1.7139133254584316	0.005194602	0.751846147773
1.7156586547104258	0.008010387	0.751953885518
1.7174039839624204	0.01331374	0.755173691392
1.7191493132144147	0.01288151	0.753772374784
1.7208946424664089	0.01070205	0.754656477491
1.7226399717184033	0.009500552	0.760107377896
1.7243853009703975	0.006871603	0.763198961413
1.726130630222392	0.004902644	0.762913227643
1.7278759594743864	0.009471282	0.763789590491
1.7296212887263807	0.01090639	0.756154976732
1.7313666179783749	0.006700079	0.742388835484
1.733111947230369	0.0106184	0.742215288322
1.7348572764823638	0.02260203	0.757544644673
1.736602605734358	0.02156599	0.765915902833
1.7383479349863522	0.01217172	0.768271885899
1.7400932642383464	0.01164107	0.775938221267
1.7418385934903406	0.0146035	0.779732362403
1.7435839227423353	0.01090348	0.768706093338
1.7453292519943295	0.01119123	0.755353389152
1.7470745812463238	0.01396368	0.743158572001
1.7488199104983184	0.0123126	0.730630091859
1.7505652397503124	0.01559746	0.729260261862
1.7523105690023069	0.02687211	0.743569248925
1.7540558982543013	0.02530679	0.752628715886
1.7558012275062955	0.01361659	0.754504504368
1.75754655675829	0.01269784	0.763950849483
1.7592918860102844	0.01932095	0.773978012125
1.7610372152622786	0.01517905	0.763412665657
1.7627825445142729	0.009136027	0.741989291677
1.764527873766267	0.01221626	0.726855935189
1.7662732030182617	0.01788005	0.718179586054
1.768018532270256	0.01900606	0.713207122065
1.7697638615222502	0.02150915	0.721117879111
1.7715091907742444	0.02199958	0.737312446163
1.7732545200262386	0.01768379	0.752583834908
1.7749998492782333	0.01604377	0.766659200234
1.7767451785302275	0.02129964	0.778056016051
1.7784905077822217	0.01915891	0.770166986913
1.780235837034216	0.01091744	0.746860676148
1.7819811662862104	0.01388811	0.730691297114
1.7837264955382048	0.02650291	0.726968381066
1.785471824790199	0.02616083	0.719744766629
1.7872171540421935	0.01872771	0.717299296241
1.7889624832941877	0.02150522	0.734142415827
1.790707812546182	0.0278315	0.759372414316
1.7924531417981766	0.02456018	0.773325796934
1.7941984710501708	0.02261994	0.780001621513
1.7959438003021653	0.02352075	0.778580602918
1.7976891295541597	0.02079622	0.763920599072
1.7994344588061535	0.02189056	0.745417132618
1.8011797880581482	0.03189424	0.735243432152
1.8029251173101424	0.03067043	0.722573441091
1.804670446562137	0.01968396	0.712008112822
1.8064157758141313	0.02137859	0.723937303798
1.8081611050661255	0.0325631	0.752633712563
1.8099064343181197	0.02874214	0.767256502048
1.811651763570114	0.01966496	0.769805664195
1.8133970928221086	0.02334755	0.774835481571
1.8151424220741028	0.03141261	0.773768705434
1.816887751326097	0.03010534	0.754327419244
1.8186330805780915	0.02902606	0.73282118835
1.8203784098300857	0.02917909	0.718272287518
1.8221237390820801	0.02513759	0.709216904508
1.8238690683340746	0.02316801	0.71223786935
1.8256143975860688	0.02962924	0.731962709427
1.827359726838063	0.0278798	0.746812284835
1.8291050560900572	0.01892361	0.751994942385
1.830850385342052	0.02368417	0.763410413952
1.8325957145940461	0.0391767	0.775990289943
1.8343410438460404	0.03718312	0.763426185288
1.8360863730980346	0.02591424	0.737715810638
1.8378317023500288	0.02755414	0.724248529112
1.8395770316020235	0.03348762	0.719594584003
1.8413223608540177	0.02682781	0.711252376753
1.843067690106012	0.02169515	0.71331538871
1.8448130193580066	0.02278017	0.728404510575
1.8465583486100006	0.02225149	0.745972019764
1.848303677861995	0.02546066	0.764608883644
1.8500490071139892	0.03784387	0.784511874788
1.8517943363659837	0.03840584	0.784730016754
1.8535396656179781	0.02803572	0.766007093144
1.8552849948699723	0.02926262	0.750525537892
1.8570303241219668	0.03842359	0.741641599765
1.858775653373961	0.03007344	0.722374156835
1.8605209826259552	0.01653638	0.707423937195
1.8622663118779499	0.01902712	0.717676025946
1.864011641129944	0.0292944	0.743738169701
1.8657569703819383	0.03063283	0.762503813188
1.8675022996339325	0.03262007	0.77689595705
1.8692476288859268	0.03856281	0.787443816736
1.8709929581379214	0.04103792	0.784615124521
1.8727382873899157	0.03914509	0.766452081309
1.8744836166419099	0.03976958	0.745463437196
1.876228945893904	0.03345087	0.720327625361
1.8779742751458985	0.02168881	0.697473326176
1.879719604397893	0.02162935	0.695951672031
1.8814649336498872	0.03468028	0.718160182571
1.8832102629018816	0.03556068	0.736448113913
1.8849555921538759	0.0291509	0.749461189095
1.88670092140587	0.03824327	0.772306187805
1.8884462506578648	0.05370999	0.791678408494
1.890191579909859	0.04796818	0.779403925622
1.8919369091618534	0.03516185	0.751463411385
1.8936822384138474	0.03294442	0.730394451041
1.8954275676658416	0.03201697	0.714442907945
1.8971728969178363	0.02700247	0.702732323381
1.8989182261698305	0.03135049	0.710758146039
1.9006635554218252	0.03444165	0.728837119274
1.9024088846738194	0.03106143	0.747168921264
1.9041542139258136	0.03865483	0.773088930677
1.9058995431778079	0.0554989	0.799821163064
1.907644872429802	0.05027053	0.795827763556
1.9093902016817967	0.03310294	0.769811897976
1.911135530933791	0.03309279	0.751868989882
1.9128808601857852	0.04124444	0.740956852793
1.9146261894377794	0.03298296	0.71931807759
1.9163715186897738	0.02465763	0.70586824639
1.9181168479417683	0.03019219	0.715456334607
1.9198621771937625	0.03831437	0.734866753898
1.921607506445757	0.03983093	0.748658776888
1.9233528356977512	0.04348491	0.761413079486
1.9250981649497454	0.04320781	0.765938519574
1.92684349420174	0.03657482	0.758421623707
1.9285888234537343	0.03435996	0.748307487739
1.9303341527057285	0.0399802	0.742159407296
1.9320794819577227	0.03434579	0.726004787043
1.933824811209717	0.02317082	0.707805164035
1.9355701404617116	0.02812805	0.708551492951
1.9373154697137058	0.04371195	0.724899140761
1.9390607989657	0.04129521	0.730597834864
1.9408061282176947	0.03189225	0.733547504078
1.9425514574696887	0.03789898	0.750529559935
1.9442967867216832	0.04865761	0.769524502416
1.9460421159736774	0.0435035	0.768461110574
1.9477874452256718	0.03791289	0.760828142639
1.9495327744776663	0.04012629	0.757152350213
1.9512781037296605	0.04108936	0.751892808565
1.953023432981655	0.04136041	0.744686424878
1.9547687622336491	0.04932459	0.746085074255
1.9565140914856434	0.04809773	0.744322383097
1.958259420737638	0.03838435	0.738393595632
1.9600047499896323	0.04239107	0.744728766639
1.9617500792416265	0.05678563	0.761440234868
1.9634954084936207	0.05063947	0.75995883906
1.965240737745615	0.0369063	0.749688686458
1.9669860669976096	0.04310993	0.754912278908
1.9687313962496038	0.05657777	0.764504492376
1.970476725501598	0.05008708	0.751794495371
1.9722220547535922	0.04048727	0.73407082785
1.9739673840055865	0.04231143	0.728546372788
1.9757127132575811	0.04434325	0.726327946602
1.9774580425095754	0.03971485	0.719979213163
1.9792033717615696	0.04077866	0.722515494939
1.980948701013564	0.03991063	0.727556140781
1.9826940302655582	0.03449107	0.730675448412
1.9844393595175527	0.03844527	0.741365809038
1.9861846887695471	0.05161982	0.758946574755
1.9879300180215416	0.04740518	0.758715556682
1.9896753472735356	0.0345142	0.747881778046
1.9914206765255298	0.03872825	0.748691811517
1.9931660057775245	0.05091159	0.754762058984
1.9949113350295187	0.04233747	0.742407519239
1.9966566642815133	0.02988391	0.728463865713
1.9984019935335076	0.03535761	0.73286906798
2.0001473227855016	0.04634811	0.745633770527
2.0018926520374962	0.04421802	0.748614321341
2.0036379812894904	0.04316953	0.752936017629
2.0053833105414847	0.04747015	0.761591725899
2.0071286397934793	0.04883393	0.766223237583
2.0088739690454736	0.04779302	0.763701488158
2.0106192982974678	0.05193672	0.761286738204
2.012364627549462	0.04730396	0.749397400895
2.0141099568014567	0.03664823	0.731079206836
2.015855286053451	0.03934968	0.722683983254
2.017600615305445	0.05235614	0.726538548311
2.0193459445574393	0.04690814	0.721304888676
2.0210912738094335	0.03511391	0.71703126652
2.022836603061428	0.04303372	0.733778776652
2.0245819323134224	0.05821762	0.758457398423
2.0263272615654166	0.05180693	0.760145932803
2.028072590817411	0.04176373	0.751879591531
2.029817920069405	0.04644488	0.751394831149
2.0315632493213998	0.05278306	0.749833711474
2.033308578573394	0.0475854	0.736745761459
2.035053907825388	0.04552379	0.730138565671
2.036799237077383	0.04496383	0.731757418842
2.0385445663293766	0.04072461	0.73520126356
2.0402898955813713	0.04156245	0.743976877711
2.0420352248333655	0.0512464	0.760405626608
2.0437805540853597	0.04740678	0.763117575164
2.0455258833373544	0.03698371	0.756932237765
2.0472712125893486	0.0441804	0.762014017733
2.049016541841343	0.05969235	0.771099439209
2.050761871093337	0.05145076	0.75678931097
2.0525072003453313	0.03663199	0.735947069231
2.054252529597326	0.04056036	0.731716020844
2.05599785884932	0.04884167	0.734207706002
2.0577431881013144	0.03903671	0.725095841551
2.0594885173533086	0.03057877	0.721027925041
2.0612338466053033	0.03399573	0.728799819073
2.0629791758572975	0.03875016	0.737795611687
2.0647245051092917	0.03990258	0.740818432844
2.0664698343612864	0.04630375	0.745263179308
2.0682151636132806	0.04771667	0.743760581769
2.069960492865275	0.04356786	0.737378019913
2.0717058221172695	0.04530358	0.735154244264
2.0734511513692637	0.05206264	0.738334470234
2.075196480621258	0.04305441	0.730347458245
2.076941809873252	0.02944245	0.720412372871
2.0786871391252464	0.03350629	0.726140873558
2.080432468377241	0.04747817	0.742403806063
2.0821777976292353	0.04376189	0.745302357104
2.08392312688123	0.03716851	0.7460583127
2.0856684561332237	0.04877074	0.76012576211
2.087413785385218	0.06364295	0.77404093204
2.0891591146372126	0.05711413	0.765391427619
2.090904443889207	0.04746546	0.751143613892
2.0926497731412015	0.04695379	0.744149497881
2.0943951023931957	0.04523117	0.738405213301
2.0961404316451895	0.03888836	0.730994064443
2.097885760897184	0.04080798	0.734051476317
2.0996310901491784	0.03975882	0.737424444131
2.101376419401173	0.03509989	0.73844299411
2.1031217486531673	0.04245686	0.747405174522
2.1048670779051615	0.05705385	0.760843971093
2.1066124071571557	0.05012113	0.754069396925
2.10835773640915	0.03608747	0.740244575565
2.1101030656611446	0.04011062	0.741848410007
2.111848394913139	0.04939241	0.74920706537
2.113593724165133	0.0380419	0.739108772359
2.1153390534171272	0.02629882	0.729617948621
2.1170843826691215	0.03228411	0.73542364329
2.118829711921116	0.04245238	0.744407136675
2.1205750411731104	0.03904333	0.741518428498
2.1223203704251046	0.03661155	0.740266704821
2.124065699677099	0.04046457	0.743528455107
2.1258110289290935	0.04272048	0.746170566706
2.1275563581810877	0.04008836	0.74661170439
2.129301687433082	0.04185972	0.751202724302
2.1310470166850766	0.03919845	0.749494162139
2.132792345937071	0.033516	0.743412997341
2.134537675189065	0.03803949	0.742748713093
2.1362830044410597	0.05039994	0.745740659238
2.138028333693054	0.04503693	0.733179081411
2.139773662945048	0.0341223	0.718046834111
2.141518992197043	0.04084354	0.720215896955
2.143264321449037	0.05246222	0.732364843579
2.1450096507010312	0.04171602	0.731874570556
2.1467549799530254	0.02971538	0.733746076565
2.1485003092050197	0.03631264	0.750503387555
2.1502456384570143	0.04690627	0.766776698286
2.1519909677090086	0.04315427	0.762602726135
2.1537362969610028	0.04122269	0.752367107537
2.155481626212997	0.04626714	0.74352723457
2.157226955464991	0.04912312	0.732986939783
2.158972284716986	0.0452183	0.72172350053
2.16071761396898	0.0438753	0.722054040615
2.1624629432209743	0.03817416	0.725747771382
2.1642082724729685	0.03009974	0.732050556047
2.1659536017249628	0.03145299	0.747841834941
2.1676989309769574	0.04196022	0.767403514655
2.1694442602289516	0.0384869	0.76558407798
2.171189589480946	0.03159592	0.753724157922
2.17293491873294	0.04291398	0.752524672331
2.1746802479849343	0.05876169	0.752162253622
2.176425577236929	0.04861117	0.729605305445
2.178170906488923	0.03382904	0.707214817344
2.179916235740918	0.03699226	0.704730132955
2.1816615649929116	0.04212551	0.71139136308
2.183406894244906	0.03067062	0.71272588344
2.1851522234969005	0.02383359	0.723769649397
2.1868975527488947	0.02869349	0.743618169317
2.1886428820008894	0.03498133	0.759645664215
2.1903882112528836	0.03786712	0.763771350809
2.192133540504878	0.04467712	0.760585946266
2.193878869756872	0.04631332	0.743704722506
2.1956241990088667	0.04368458	0.721245755184
2.197369528260861	0.04399679	0.706561509236
2.199114857512855	0.04697251	0.703924821005
2.20086018676485	0.03735194	0.699331018707
2.202605516016844	0.02598289	0.701097139773
2.2043508452688383	0.02966963	0.720089374443
2.206096174520833	0.04161054	0.745494792193
2.207841503772827	0.03702659	0.751171210378
2.2095868330248214	0.03115423	0.750143858027
2.2113321622768156	0.04434386	0.759192713445
2.21307749152881	0.06048136	0.764850106554
2.2148228207808045	0.05220749	0.74522938574
2.2165681500327987	0.04117264	0.722895029089
2.218313479284793	0.04438001	0.7150264537
2.220058808536787	0.04683307	0.713857709922
2.2218041377887814	0.03627758	0.712234811705
2.223549467040776	0.03130165	0.724956093763
2.2252947962927703	0.03123883	0.744499552369
2.2270401255447645	0.03048279	0.76135802133
2.2287854547967587	0.03358136	0.775088783476
2.230530784048753	0.04269802	0.783449163369
2.2322761133007476	0.03966713	0.768584468613
2.234021442552742	0.03305796	0.744413035013
2.235766771804736	0.03849184	0.731685142471
2.2375121010567303	0.04697735	0.725695737036
2.239257430308725	0.03619018	0.706725570335
2.241002759560719	0.02407204	0.692703102545
2.2427480888127134	0.02882995	0.698640739027
2.2444934180647076	0.03788008	0.711154497167
2.246238747316702	0.02940639	0.709607643115
2.2479840765686965	0.02224001	0.710990182028
2.2497294058206907	0.03172982	0.725866431898
2.251474735072685	0.04410863	0.740811183204
2.253220064324679	0.04006645	0.738012805619
2.254965393576674	0.03679945	0.731148481098
2.256710722828668	0.04298571	0.726318601296
2.2584560520806622	0.04763664	0.719450251668
2.260201381332657	0.04239886	0.709434797221
2.261946710584651	0.04046864	0.710350154669
2.2636920398366454	0.03804666	0.717300582288
2.26543736908864	0.0336856	0.72900551868
2.2671826983406342	0.034719	0.748665705271
2.2689280275926285	0.0420286	0.770993114543
2.2706733568446227	0.03629566	0.772964486369
2.272418686096617	0.02852763	0.765378061143
2.2741640153486116	0.0362981	0.766443671652
2.2759093446006062	0.04758084	0.766587480506
2.2776546738526	0.03722913	0.743250356018
2.2794000031045942	0.0259882	0.719177172572
2.2811453323565885	0.03268927	0.71390227729
2.2828906616085836	0.04126084	0.713732335176
2.284635990860578	0.03046779	0.700463713222
2.286381320112572	0.02154762	0.695512056081
2.288126649364566	0.02720867	0.707495079926
2.28987197861656	0.03401823	0.721656752659
2.291617307868555	0.02782804	0.723493386792
2.2933626371205493	0.02479654	0.723968102329
2.2951079663725436	0.02885137	0.722239541382
2.2968532956245378	0.03258202	0.71685094971
2.2985986248765315	0.03179474	0.710746341175
2.3003439541285267	0.03512676	0.712304307201
2.302089283380521	0.03504116	0.712555089859
2.303834612632515	0.03302927	0.715098081254
2.3055799418845093	0.03630962	0.725237533583
2.3073252711365035	0.04295931	0.737225106706
2.309070600388498	0.03531599	0.732741736766
2.3108159296404924	0.02605841	0.726105252942
2.3125612588924866	0.03050087	0.733122961609
2.314306588144481	0.03823882	0.744339311244
2.316051917396475	0.02821126	0.737959738677
2.3177972466484698	0.01972569	0.731404040894
2.319542575900464	0.02860149	0.73854500098
2.321287905152458	0.04003666	0.744810706354
2.3230332344044524	0.03286774	0.730960702666
2.324778563656447	0.02658825	0.718771747954
2.3265238929084413	0.03383277	0.720585563165
2.3282692221604355	0.04034511	0.724037623267
2.33001455141243	0.03049845	0.716347711952
2.3317598806644244	0.02294889	0.713479646471
2.3335052099164186	0.02360386	0.716217781322
2.3352505391684133	0.02384953	0.719237553939
2.3369958684204075	0.02009522	0.722414948148
2.3387411976724017	0.02275099	0.731673902398
2.340486526924396	0.02333977	0.734149897755
2.34223185617639	0.02333488	0.733610417148
2.343977185428385	0.02998881	0.737387148262
2.345722514680379	0.03913777	0.739026419324
2.3474678439323733	0.03296915	0.721446770343
2.3492131731843675	0.02522435	0.702658927405
2.3509585024363617	0.02826955	0.698200838505
2.3527038316883564	0.03204982	0.7000263487
2.3544491609403506	0.02048693	0.692134421891
2.356194490192345	0.01155091	0.692036691771
2.357939819444339	0.016829	0.708671052559
2.3596851486963333	0.02568144	0.727832975151
2.361430477948328	0.02065605	0.729729087301
2.363175807200322	0.01781483	0.729580575435
2.3649211364523164	0.02838413	0.736715943861
2.3666664657043106	0.03928471	0.740614429576
2.368411794956305	0.03225525	0.728184193284
2.3701571242083	0.02583314	0.718290229462
2.371902453460294	0.0289595	0.717749904811
2.373647782712288	0.03018823	0.719670332564
2.375393111964282	0.0218061	0.7193682918
2.3771384412162764	0.01894729	0.727339538044
2.3788837704682715	0.01801126	0.735012814159
2.3806290997202657	0.01676593	0.74078995816
2.38237442897226	0.01901291	0.747498603639
2.384119758224254	0.02497604	0.751643220878
2.3858650874762484	0.02035573	0.73711813677
2.387610416728243	0.01561214	0.718735657799
2.3893557459802373	0.01976525	0.710647713422
2.3911010752322315	0.02491689	0.706227580275
2.3928464044842257	0.0167592	0.690761226464
2.39459173373622	0.01053684	0.682577479355
2.3963370629882146	0.01509457	0.690688561922
2.398082392240209	0.02137227	0.702297353511
2.3998277214922035	0.01420368	0.700680210603
2.4015730507441977	0.00904538	0.702019826985
2.403318379996192	0.01603329	0.713954197489
2.4050637092481866	0.02425433	0.725811300597
2.406809038500181	0.01750244	0.723558966828
2.408554367752175	0.01348711	0.722616744936
2.4102996970041692	0.02058592	0.728185512874
2.4120450262561635	0.02714704	0.732741584359
2.413790355508158	0.02206767	0.728465757733
2.4155356847601523	0.02020614	0.728140077778
2.4172810140121466	0.02211152	0.730286752724
2.419026343264141	0.02232475	0.731611321561
2.420771672516135	0.01787372	0.730054867606
2.4225170017681297	0.0160763	0.73079870805
2.424262331020124	0.01186758	0.726208029571
2.426007660272118	0.008488022	0.722552644817
2.4277529895241123	0.008006851	0.725105841899
2.4294983187761066	0.0108651	0.730668806974
2.4312436480281012	0.007224786	0.724374287483
2.4329889772800954	0.005176806	0.717575169583
2.4347343065320897	0.01069275	0.718704343394
2.436479635784084	0.01844923	0.719662813114
2.438224965036078	0.01374651	0.705978894612
2.4399702942880728	0.01008046	0.696199735754
2.441715623540067	0.01629767	0.699830152479
2.443460952792061	0.02185569	0.705560984074
2.4452062820440554	0.01238602	0.699603899457
2.4469516112960497	0.00574527	0.698932086566
2.4486969405480443	0.009212086	0.708165811821
2.4504422698000385	0.01323455	0.71839042171
2.4521875990520328	0.008015756	0.719918541198
2.4539329283040274	0.007209178	0.723898069255
2.4556782575560216	0.0123841	0.729319228139
2.457423586808016	0.01747249	0.731953141542
2.4591689160600105	0.01452313	0.726555633332
2.4609142453120048	0.01288591	0.722415872848
2.462659574563999	0.01337285	0.718899109057
2.464404903815993	0.01361068	0.717558136046
2.466150233067988	0.008419224	0.716569921788
2.467895562319982	0.006248379	0.720424824859
2.4696408915719763	0.004682919	0.721855141753
2.4713862208239705	0.003880751	0.724363247521
2.4731315500759647	0.003919516	0.729726410295
2.47487687932796	0.007591057	0.735544205455
2.476622208579954	0.005310749	0.728699650624
2.4783675378319483	0.004066011	0.720147838335
2.480112867083942	0.008742884	0.717403309451
2.4818581963359363	0.01410415	0.714355335025
2.4836035255879314	0.008298878	0.699611244073
2.4853488548399256	0.004593378	0.690810786027
2.48709418409192	0.00778778	0.694186243594
2.488839513343914	0.01075173	0.700082158709
2.490584842595908	0.004344644	0.697154105422
2.492330171847903	0.001246805	0.69889905048
2.494075501099897	0.003840252	0.706725954048
2.4958208303518914	0.007159701	0.714838377254
2.4975661596038856	0.003136119	0.715772577591
2.49931148885588	0.001995999	0.718877786909
2.5010568181078745	0.005387868	0.722475518197
2.5028021473598687	0.009318619	0.724184588194
2.504547476611863	0.006063241	0.719422758802
2.506292805863857	0.005218303	0.716806217096
2.5080381351158514	0.007011385	0.715234490784
2.509783464367846	0.008583849	0.716407891851
2.5115287936198403	0.005080879	0.717431882199
2.5132741228718345	0.004203395	0.721331323667
2.5150194521238287	0.003104478	0.721021202527
2.516764781375823	0.002721922	0.720521740094
2.5185101106278176	0.001620152	0.721077042686
2.520255439879812	0.003015323	0.723190343223
2.522000769131806	0.0009557553	0.717871500813
2.5237460983838007	0.0004509638	0.71370092305
2.525491427635795	0.001964463	0.713248574757
2.527236756887789	0.004919993	0.711879259699
2.528982086139784	0.002036354	0.70017243651
2.530727415391778	0.0012519	0.692629154379
2.5324727446437723	0.003620319	0.694323526209
2.5342180738957665	0.006527287	0.699604003533
2.535963403147761	0.002670712	0.698539979951
2.5377087323997554	0.001081712	0.701770138283
2.5394540616517496	0.002427796	0.708408272441
2.541199390903744	0.004367496	0.713348504971
2.542944720155738	0.0008638863	0.710916849068
2.5446900494077327	0.0003249655	0.711600008931
2.546435378659727	0.002136854	0.714335135033
2.548180707911721	0.004690821	0.718368282173
2.5499260371637154	0.002457724	0.719160646276
2.5516713664157096	0.002315023	0.722159098152
2.5534166956677042	0.002710571	0.723681759008
2.5551620249196985	0.003648798	0.726087754087
2.5569073541716927	0.001162907	0.726899244677
2.558652683423687	0.001033482	0.729132682519
2.560398012675681	0.000457081	0.726802198197
2.5621433419276762	0.001086573	0.723740728135
2.56388867117967	0.0001299951	0.719147632412
2.5656340004316642	0.001152565	0.714663298281
2.5673793296836585	0.00006406931	0.704465370819
2.5691246589356527	0.0004948802	0.697390776936
2.570869988187648	0.0004613384	0.695554391621
2.572615317439642	0.001973518	0.697168032229
2.5743606466916362	0.0003630397	0.693547211865
2.57610597594363	0.000440322	0.694918861299
2.5778513051956247	0.0009421579	0.703009225701
2.5795966344476193	0.002792727	0.712566422304
2.5813419636996136	0.0004147474	0.713806677602
2.5830872929516078	0.00004529563	0.717377867517
2.584832622203602	0.001085182	0.723406660953
2.586577951455596	0.002916724	0.727287390837
2.588323280707591	0.0002612958	0.723265413204
2.590068609959585	0.0002228102	0.722297247249
2.5918139392115793	0.000479159	0.72261416555
2.593559268463574	0.001355816	0.722975203312
2.595304597715568	0.0004433951	0.719867256721
2.5970499269675624	0.001905666	0.71882366903
2.598795256219557	0.0006742332	0.715674684978
2.6005405854715513	0.0009895738	0.714671561702
2.6022859147235455	0.001366758	0.714197850352
2.6040312439755398	0.002629318	0.715998526084
2.6057765732275344	0.00076104	0.714264205468
2.6075219024795286	0.001129767	0.713270198095
2.609267231731523	0.0003767047	0.710971155117
2.611012560983517	0.000951588	0.710186562495
2.6127578902355113	0.00004821596	0.706707066966
2.614503219487506	0.0006730228	0.707136501216
2.6162485487395	0.0005105913	0.711165299177
2.6179938779914944	0.00260283	0.716308036062
2.6197392072434886	0.0007188766	0.711657751981
2.621484536495483	0.0003190026	0.707544570618
2.6232298657474775	0.002685385	0.709327133111
2.6249751949994717	0.005695786	0.713166852597
2.626720524251466	0.00138009	0.70993488988
2.62846585350346	0.0001413206	0.713833195302
2.6302111827554544	0.001797929	0.724272759494
2.631956512007449	0.002916832	0.730372556753
2.6337018412594433	0.00003733935	0.723456186105
2.6354471705114375	0.0007899191	0.717022166046
2.6371924997634317	0.0005367081	0.712018031331
2.638937829015426	0.001653346	0.708524948052
2.6406831582674206	0.002554071	0.7036587262
2.642428487519415	0.004712357	0.70473466062
2.644173816771409	0.003871608	0.708191112417
2.6459191460234033	0.004848353	0.713646146276
2.647664475275398	0.003793758	0.715943146543
2.649409804527392	0.003644932	0.721956145022
2.6511551337793864	0.002182111	0.729340166279
2.652900463031381	0.00206119	0.736734344476
2.6546457922833753	0.0008041148	0.737519454608
2.6563911215353695	0.002279195	0.735066974773
2.658136450787364	0.0003439245	0.723498437451
2.6598817800393584	0.00007863817	0.708264182086
2.6616271092913526	0.002981485	0.693732665484
2.663372438543347	0.006768277	0.684297857519
2.665117767795341	0.002402334	0.67355199226
2.6668630970473357	0.00124978	0.672585460372
2.6686084262993304	0.005047272	0.683593628205
2.670353755551324	0.007827825	0.699224014869
2.6720990848033184	0.00241561	0.707904923555
2.6738444140553126	0.0008342993	0.722609819941
2.6755897433073077	0.003343088	0.743735389152
2.677335072559302	0.005810229	0.759747698845
2.679080401811296	0.001430474	0.757741972688
2.6808257310632904	0.0007620911	0.751664692449
2.682571060315284	0.004850605	0.744984315554
2.6843163895672792	0.008749363	0.73249094451
2.6860617188192735	0.00407605	0.709328254078
2.6878070480712677	0.00294849	0.695296494674
2.689552377323262	0.006324829	0.694265666444
2.691297706575256	0.008402093	0.696711092358
2.693043035827251	0.003204958	0.691292757783
2.694788365079245	0.002208376	0.691173260281
2.6965336943312392	0.003708011	0.697050288274
2.6982790235832335	0.005182879	0.701886554825
2.7000243528352277	0.002642163	0.69861477182
2.7017696820872223	0.003222036	0.702074217034
2.7035150113392166	0.004269057	0.712168041121
2.705260340591211	0.006222618	0.720851515975
2.707005669843205	0.004895333	0.720091447232
2.7087509990951992	0.005894668	0.721923801955
2.710496328347194	0.006009638	0.724740240615
2.712241657599188	0.006679839	0.72646587456
2.7139869868511823	0.00613134	0.724908185549
2.7157323161031766	0.007893727	0.72645063333
2.7174776453551712	0.005206125	0.723334488067
2.7192229746071654	0.004479639	0.718786985434
2.7209683038591597	0.007644524	0.713621863461
2.7227136331111543	0.01113874	0.708641878787
2.7244589623631486	0.005637043	0.698331244166
2.7262042916151428	0.004057634	0.695831835412
2.7279496208671374	0.008517371	0.702866478909
2.7296949501191317	0.0113865	0.713491348056
2.731440279371126	0.004742894	0.71702812554
2.73318560862312	0.002872132	0.722423040152
2.7349309378751143	0.00704367	0.728237331461
2.736676267127109	0.01018913	0.727613684114
2.738421596379103	0.003771773	0.711409387875
2.7401669256310974	0.002127485	0.696504928653
2.7419122548830916	0.00865405	0.690284406464
2.743657584135086	0.01383183	0.684964649017
2.7454029133870805	0.006218842	0.669916284066
2.7471482426390748	0.004249499	0.668953523781
2.748893571891069	0.01273239	0.68990922694
2.750638901143063	0.01750336	0.714602754859
2.7523842303950574	0.007609637	0.726720209379
2.7541295596470525	0.004549733	0.747361641276
2.7558748888990463	0.01139955	0.775538804783
2.7576202181510405	0.01442796	0.788254223402
2.7593655474030347	0.005509537	0.772738975675
2.761110876655029	0.003425647	0.753077554094
2.762856205907024	0.008912007	0.734701292416
2.7646015351590183	0.01209075	0.708812825249
2.766346864411012	0.006083299	0.672029965556
2.7680921936630063	0.005728906	0.648668495599
2.7698375229150005	0.01090314	0.644232230271
2.7715828521669956	0.01448448	0.64910084009
2.77332818141899	0.009903939	0.653678745895
2.775073510670984	0.00983559	0.67468991361
2.7768188399229783	0.01353937	0.710319537331
2.7785641691749725	0.01566619	0.743275396254
2.780309498426967	0.01076854	0.759094646662
2.7820548276789614	0.009904463	0.771636100382
2.7838001569309556	0.01099242	0.778283063022
2.78554548618295	0.01141908	0.770354533417
2.7872908154349445	0.008321063	0.746686940522
2.7890361446869387	0.009022037	0.725467883011
2.790781473938933	0.00810721	0.706852697095
2.7925268031909276	0.008568523	0.693849103863
2.794272132442922	0.0111215	0.688086892729
2.796017461694916	0.01526984	0.692230833683
2.7977627909469107	0.01202425	0.696085647164
2.799508120198905	0.01235417	0.705124136287
2.801253449450899	0.01823637	0.71711336173
2.8029987787028934	0.02171503	0.726212700443
2.8047441079548876	0.01425857	0.724267276876
2.8064894372068823	0.01169175	0.723134693605
2.8082347664588765	0.01510409	0.722562794215
2.8099800957108707	0.01601929	0.718487644079
2.811725424962865	0.007369154	0.705125405194
2.813470754214859	0.004712145	0.697848992432
2.815216083466854	0.01025043	0.701719025103
2.816961412718848	0.01463004	0.710886361528
2.8187067419708423	0.006789609	0.712927945573
2.8204520712228365	0.005886272	0.724368882441
2.8221974004748307	0.01817835	0.74760201651
2.8239427297268254	0.02598932	0.760381922992
2.8256880589788196	0.0145708	0.745384684531
2.827433388230814	0.01210876	0.734165395744
2.829178717482808	0.02507492	0.737354127236
2.8309240467348022	0.02908727	0.732143834732
2.832669375986797	0.01293157	0.707135410698
2.834414705238791	0.00768377	0.695407779613
2.8361600344907854	0.01656304	0.700293126334
2.8379053637427796	0.01908441	0.699261278639
2.839650692994774	0.00712198	0.685159233178
2.8413960222467685	0.005384031	0.689272386074
2.8431413514987627	0.01585493	0.715021376402
2.844886680750757	0.02150326	0.738445031322
2.8466320100027516	0.01126458	0.740509010093
2.848377339254746	0.009479916	0.743701910353
2.8501226685067405	0.02156137	0.752712294247
2.8518679977587347	0.02701847	0.746311868835
2.853613327010729	0.01325384	0.715924591457
2.855358656262723	0.009943567	0.702303756725
2.8571039855147173	0.02164689	0.714418019
2.858849314766712	0.02510758	0.721154899936
2.8605946440187062	0.01162643	0.707320681958
2.8623399732707004	0.00973715	0.707110730717
2.8640853025226947	0.01953367	0.723607991646
2.865830631774689	0.02344269	0.734168052194
2.867575961026684	0.01586732	0.732224574684
2.869321290278678	0.01608621	0.742007177456
2.8710666195306724	0.02167208	0.756788149712
2.872811948782666	0.02320364	0.757309949901
2.8745572780346604	0.01582808	0.737203858628
2.8763026072866555	0.01390138	0.719566249403
2.8780479365386498	0.016595	0.710067705543
2.879793265790644	0.01783995	0.702592421971
2.881538595042638	0.01200398	0.690043588609
2.8832839242946324	0.01219773	0.689459898399
2.885029253546627	0.01704234	0.700471904336
2.8867745827986213	0.02054223	0.711434495761
2.8885199120506155	0.01800911	0.716752813887
2.8902652413026098	0.02035611	0.73589021252
2.892010570554604	0.02305631	0.76233321019
2.8937558998065986	0.02396929	0.778934043769
2.895501229058593	0.02219357	0.776579807418
2.897246558310587	0.02242793	0.765074042516
2.8989918875625813	0.01738193	0.741675991168
2.9007372168145755	0.01500968	0.718814585769
2.90248254606657	0.01770726	0.706871277946
2.9042278753185644	0.02000604	0.705781681262
2.9059732045705586	0.01303894	0.702186807335
2.907718533822553	0.01312177	0.704362402917
2.909463863074547	0.0213991	0.709625955365
2.9112091923265417	0.02617888	0.711810916842
2.912954521578536	0.02010021	0.710953709043
2.91469985083053	0.02099356	0.725838826653
2.916445180082525	0.0278465	0.750731221152
2.918190509334519	0.02949505	0.77002014393
2.9199358385865133	0.01908559	0.767969408849
2.921681167838508	0.01496799	0.754480619594
2.923426497090502	0.01994664	0.736418992935
2.9251718263424964	0.02171611	0.716308709076
2.9269171555944906	0.009532127	0.692358265717
2.9286624848464853	0.00782099	0.690426034965
2.9304078140984795	0.02251678	0.713550864706
2.9321531433504737	0.0297748	0.731189209234
2.933898472602468	0.01562317	0.722781757821
2.935643801854462	0.01557579	0.72586183867
2.937389131106457	0.03518445	0.750437421922
2.939134460358451	0.04171144	0.764641952583
2.9408797896104453	0.02369472	0.754873550283
2.9426251188624395	0.02005848	0.756600898632
2.9443704481144337	0.03294689	0.765619397363
2.946115777366429	0.03259872	0.75033449972
2.9478611066184226	0.01211029	0.709227109131
2.949606435870417	0.007132651	0.687109372776
2.951351765122411	0.02000723	0.693119147717
2.9530970943744053	0.02429668	0.702689101574
2.9548424236264004	0.008980496	0.699602445088
2.9565877528783946	0.008158756	0.712505009163
2.9583330821303884	0.02759817	0.743573680547
2.9600784113823826	0.03523544	0.757456026932
2.961823740634377	0.01642746	0.73920089877
2.963569069886372	0.01557292	0.740352075249
2.965314399138366	0.04009887	0.770502685139
2.9670597283903604	0.0466393	0.778813410112
2.968805057642354	0.02161245	0.747397474266
2.970550386894349	0.01663894	0.733521282274
2.9722957161463435	0.0355521	0.743068370379
2.9740410453983377	0.03617637	0.731896231051
2.975786374650332	0.012053	0.69779073546
2.977531703902326	0.008943166	0.695859423949
2.9792770331543204	0.02602206	0.726133965052
2.981022362406315	0.02977913	0.748122482501
2.9827676916583092	0.01266759	0.747195708806
2.9845130209103035	0.0111822	0.756354641279
2.986258350162298	0.02826653	0.773383945209
2.9880036794142923	0.03335955	0.762781836346
2.9897490086662866	0.01393949	0.715594752635
2.9914943379182812	0.01251931	0.690111116986
2.9932396671702755	0.03630958	0.704855394081
2.9949849964222697	0.04279913	0.714232258377
2.996730325674264	0.01802672	0.698582031436
2.9984756549262586	0.0152684	0.713224636115
3.000220984178253	0.03824184	0.757226813055
3.001966313430247	0.04052873	0.77285205274
3.0037116426822412	0.01595096	0.755766478112
3.0054569719342354	0.01377065	0.769314083764
3.00720230118623	0.03097092	0.809408281326
3.0089476304382243	0.03278777	0.825257466188
3.0106929596902186	0.01584386	0.803031554964
3.0124382889422128	0.0148417	0.777974917869
3.014183618194207	0.02810838	0.750952913882
3.0159289474462017	0.03095909	0.704570942082
3.017674276698196	0.01512813	0.644919589294
3.01941960595019	0.01389447	0.621734038058
3.0211649352021843	0.0315892	0.643395445449
3.0229102644541785	0.0366061	0.666508306515
3.024655593706173	0.01652343	0.668833427459
3.0264009229581674	0.01548066	0.701806230862
3.0281462522101616	0.03742224	0.772219417527
3.029891581462156	0.04085035	0.824940662115
3.03163691071415	0.01790238	0.843033504575
3.0333822399661448	0.01661862	0.87546112647
3.035127569218139	0.03441316	0.906318795408
3.036872898470133	0.03547793	0.882476110258
3.0386182277221274	0.0190535	0.809930535919
3.040363556974122	0.01951003	0.747382751101
3.0421088862261163	0.02953923	0.703204091298
3.0438542154781105	0.03044742	0.663732144977
3.045599544730105	0.02097365	0.628654724622
3.0473448739820994	0.0205374	0.618287539653
3.0490902032340936	0.02771529	0.628471691174
3.0508355324860883	0.0302021	0.640944050401
3.0525808617380825	0.01803981	0.648073091112
3.0543261909900767	0.01752281	0.691780345063
3.056071520242071	0.03532975	0.7801356416
3.057816849494065	0.04083806	0.859662613375
3.05956217874606	0.02058415	0.897774993321
3.0613075079980545	0.02033332	0.936596883854
3.0630528372500487	0.04040071	0.965084910668
3.0647981665020425	0.04002038	0.9288900266
3.0665434957540367	0.02062372	0.839905005667
3.068288825006032	0.02088257	0.766804590092
3.070034154258026	0.02692644	0.714797521673
3.0717794835100203	0.02559232	0.674378442731
3.0735248127620145	0.02508425	0.655310636722
3.0752701420140083	0.02759695	0.660013423747
3.0770154712660034	0.02468549	0.666592530992
3.0787608005179976	0.02779366	0.670910408458
3.080506129769992	0.02738729	0.668694719078
3.082251459021986	0.02795324	0.689064935209
3.0839967882739803	0.04188227	0.760061012969
3.085742117525975	0.04930493	0.8543185176
3.087487446777969	0.02855414	0.926519135167
3.0892327760299634	0.02620163	0.998228006917
3.0909781052819576	0.04661229	1.04893286384
3.092723434533952	0.04111568	1.01298757405
3.0944687637859465	0.0152738	0.915150753898
3.0962140930379407	0.01439466	0.855748462632
3.097959422289935	0.01706675	0.838332844111
3.099704751541929	0.0152815	0.826269485419
3.1014500807939234	0.02608246	0.810853926327
3.103195410045918	0.03423052	0.776434216932
3.1049407392979123	0.02699779	0.712635637392
3.1066860685499065	0.03737328	0.681219905916
3.1084313978019007	0.05250583	0.720134219211
3.1101767270538954	0.05699726	0.821729743483
3.1119220563058896	0.06862187	0.958353907169
3.113667385557884	0.07275186	1.05735657673
3.1154127148098785	0.04215708	1.04430531716
3.1171580440618727	0.02971507	0.994990735891
3.118903373313867	0.04603119	1.02048809526
3.1206487025658616	0.03508627	1.1276315267
3.122394031817856	0.006398747	1.30888089512
3.12413936106985	0.008881752	1.55566546807
3.1258846903218442	0.01457002	1.68170262083
3.1276300195738385	0.01380754	1.48988859607
3.129375348825833	0.03283107	1.0705773135
3.1311206780778273	0.05247224	0.723408264281
3.1328660073298216	0.06740738	0.759014793375
3.134611336581816	0.1181015	1.46574684947
3.13635666583381	0.198771	2.88718069914
3.1381019950858047	0.2640277	4.53320485287
3.139847324337799	0.3846583	5.80194544859
3.141592653589793	0.8837746	6.72561885986